/*--------------------------------*- C++ -*----------------------------------*\
| =========                 |                                                 |
| \\      /  F ield         | OpenFOAM: The Open Source CFD Toolbox           |
|  \\    /   O peration     | Version:  2106                                  |
|   \\  /    A nd           | Website:  www.openfoam.com                      |
|    \\/     M anipulation  |                                                 |
\*---------------------------------------------------------------------------*/
FoamFile
{
    version     2.0;
    format      ascii;
    arch        "LSB;label=32;scalar=64";
    class       volScalarField;
    location    "0.21";
    object      p;
}
// * * * * * * * * * * * * * * * * * * * * * * * * * * * * * * * * * * * * * //

dimensions      [0 2 -2 0 0 0 0];

internalField   nonuniform List<scalar> 
10000
(
122.096
121.548
121.2
120.946
120.814
120.814
120.946
121.2
121.548
122.096
113.513
112.714
112.184
111.809
111.616
111.616
111.809
112.184
112.714
113.513
106.388
105.469
104.865
104.444
104.228
104.228
104.444
104.865
105.469
106.388
101.467
100.523
99.9117
99.4925
99.2777
99.2777
99.4925
99.9118
100.523
101.467
97.7805
96.847
96.2458
95.8421
95.6353
95.6353
95.8421
96.2458
96.847
97.7805
94.8098
93.9061
93.3242
92.9431
92.7484
92.7484
92.9431
93.3242
93.9061
94.8098
92.3768
91.5231
90.9698
90.6175
90.4383
90.4383
90.6175
90.9698
91.5231
92.3768
90.3789
89.5967
89.0835
88.7649
88.6036
88.6036
88.7649
89.0835
89.5967
90.3789
88.7342
88.0398
87.5791
87.2986
87.1568
87.1568
87.2986
87.5791
88.0398
88.7342
87.4441
86.7732
86.3748
86.133
86.0106
86.0106
86.133
86.3748
86.7732
87.4441
87.2955
87.4553
87.6281
87.7455
87.8062
87.8062
87.7455
87.6281
87.4553
87.2955
87.5975
87.6806
87.793
87.8659
87.9031
87.9031
87.8659
87.793
87.6806
87.5975
87.466
87.4554
87.4962
87.5181
87.5289
87.5289
87.5181
87.4962
87.4554
87.466
86.9955
86.9001
86.8764
86.8545
86.8426
86.8426
86.8545
86.8764
86.9001
86.9955
86.3746
86.2108
86.1335
86.077
86.0474
86.0474
86.0771
86.1335
86.2108
86.3746
85.6991
85.4848
85.365
85.2834
85.2409
85.2409
85.2834
85.365
85.4848
85.6991
85.0169
84.7712
84.6216
84.5241
84.4738
84.4738
84.5241
84.6216
84.7712
85.0169
84.3548
84.0996
83.935
83.8308
83.7772
83.7772
83.8308
83.935
84.0996
84.3548
83.7378
83.4905
83.3242
83.221
83.1677
83.1677
83.221
83.3242
83.4905
83.7378
83.2419
82.9467
82.7848
82.6851
82.6333
82.6333
82.6851
82.7848
82.9467
83.2419
81.8104
81.792
81.7879
81.7813
81.7781
81.7781
81.7813
81.7879
81.792
81.8104
82.1203
82.097
82.0898
82.0801
82.075
82.075
82.0801
82.0898
82.097
82.1203
82.3578
82.315
82.2949
82.2749
82.2642
82.2642
82.2749
82.2949
82.315
82.3578
82.344
82.2693
82.2274
82.1918
82.173
82.173
82.1918
82.2274
82.2693
82.344
82.1604
82.0526
81.9875
81.9369
81.9102
81.9102
81.9369
81.9875
82.0526
82.1604
81.8904
81.7543
81.6684
81.6057
81.5727
81.5727
81.6057
81.6684
81.7543
81.8904
81.5777
81.421
81.3186
81.2473
81.2101
81.2101
81.2473
81.3186
81.421
81.5777
81.2463
81.08
80.9675
80.892
80.8528
80.8528
80.892
80.9675
81.08
81.2463
80.9205
80.7536
80.637
80.561
80.5215
80.5215
80.561
80.637
80.7536
80.9205
80.6504
80.4489
80.3311
80.2558
80.2167
80.2167
80.2558
80.3311
80.4489
80.6504
75.8679
75.8848
75.9064
75.9207
75.9282
75.9282
75.9207
75.9064
75.8848
75.8679
76.0151
76.0333
76.0567
76.0719
76.0799
76.0799
76.0719
76.0567
76.0333
76.0151
76.1253
76.1394
76.1605
76.1738
76.1808
76.1808
76.1738
76.1605
76.1394
76.1253
76.1572
76.1603
76.1738
76.1813
76.1853
76.1853
76.1813
76.1738
76.1603
76.1572
76.1294
76.1183
76.1212
76.1214
76.1214
76.1214
76.1214
76.1212
76.1183
76.1294
76.0614
76.0359
76.0275
76.0202
76.0163
76.0163
76.0202
76.0275
76.0359
76.0614
75.9651
75.9271
75.9083
75.8945
75.8873
75.8873
75.8945
75.9083
75.9271
75.9651
75.8491
75.8027
75.7759
75.7573
75.7476
75.7476
75.7573
75.7759
75.8027
75.8491
75.7256
75.6745
75.6415
75.6195
75.6078
75.6078
75.6195
75.6415
75.6745
75.7256
75.6244
75.5484
75.5084
75.4823
75.4686
75.4686
75.4823
75.5084
75.5484
75.6244
71.3127
71.3111
71.3111
71.3103
71.3099
71.3099
71.3103
71.3111
71.3111
71.3127
71.3774
71.3779
71.3797
71.3801
71.3803
71.3803
71.3801
71.3797
71.3779
71.3774
71.4405
71.4411
71.4433
71.4437
71.4439
71.4439
71.4437
71.4433
71.4411
71.4405
71.4773
71.475
71.4754
71.4743
71.4736
71.4736
71.4743
71.4754
71.475
71.4773
71.4892
71.4823
71.4794
71.4758
71.4737
71.4737
71.4758
71.4794
71.4823
71.4892
71.4819
71.4695
71.4625
71.4561
71.4526
71.4526
71.4561
71.4625
71.4695
71.4819
71.4596
71.4418
71.4307
71.4218
71.4169
71.4169
71.4218
71.4307
71.4418
71.4596
71.426
71.4043
71.3896
71.3787
71.3727
71.3727
71.3787
71.3896
71.4043
71.426
71.3873
71.3626
71.3449
71.3322
71.3254
71.3254
71.3322
71.3449
71.3626
71.3873
71.3559
71.3193
71.2977
71.283
71.2753
71.2753
71.283
71.2977
71.3193
71.3559
66.611
66.6132
66.6161
66.6179
66.6189
66.6189
66.6179
66.6161
66.6132
66.611
66.6356
66.6387
66.6424
66.6448
66.6461
66.6461
66.6448
66.6424
66.6387
66.6356
66.6582
66.6616
66.6658
66.6684
66.6698
66.6698
66.6684
66.6658
66.6616
66.6582
66.6721
66.6747
66.6785
66.6807
66.6819
66.6819
66.6807
66.6785
66.6747
66.6721
66.6776
66.6785
66.681
66.6824
66.6831
66.6831
66.6824
66.681
66.6785
66.6776
66.6756
66.6742
66.6751
66.6752
66.6753
66.6753
66.6752
66.6751
66.6742
66.6756
66.667
66.6633
66.6622
66.6611
66.6605
66.6605
66.6611
66.6622
66.6633
66.667
66.6529
66.6472
66.6444
66.6421
66.6408
66.6408
66.6421
66.6444
66.6472
66.6529
66.6359
66.6284
66.6237
66.6203
66.6184
66.6184
66.6203
66.6237
66.6284
66.6359
66.622
66.6083
66.601
66.5959
66.5933
66.5933
66.5959
66.601
66.6083
66.622
62.0408
62.0407
62.0408
62.0408
62.0407
62.0407
62.0408
62.0408
62.0407
62.0408
62.0508
62.0512
62.0517
62.0519
62.052
62.052
62.0519
62.0517
62.0512
62.0508
62.0619
62.0625
62.0633
62.0637
62.0639
62.0639
62.0637
62.0633
62.0625
62.0619
62.0704
62.071
62.0718
62.0721
62.0723
62.0723
62.0721
62.0718
62.071
62.0704
62.0761
62.0763
62.0768
62.0769
62.0769
62.0769
62.0769
62.0768
62.0763
62.0761
62.0792
62.0787
62.0787
62.0784
62.0782
62.0782
62.0784
62.0787
62.0787
62.0792
62.0798
62.0785
62.0779
62.0771
62.0767
62.0767
62.0771
62.0779
62.0785
62.0798
62.0782
62.0763
62.075
62.0739
62.0732
62.0732
62.0739
62.075
62.0763
62.0782
62.0756
62.0729
62.0709
62.0693
62.0684
62.0684
62.0693
62.0709
62.0729
62.0756
62.0741
62.0688
62.0657
62.0634
62.0622
62.0622
62.0634
62.0657
62.0688
62.0741
57.4364
57.4368
57.4373
57.4376
57.4377
57.4377
57.4376
57.4373
57.4368
57.4364
57.4401
57.4407
57.4413
57.4418
57.442
57.442
57.4418
57.4413
57.4407
57.4401
57.444
57.4447
57.4454
57.4459
57.4462
57.4462
57.4459
57.4454
57.4447
57.444
57.4469
57.4476
57.4484
57.4489
57.4492
57.4492
57.4489
57.4484
57.4476
57.4469
57.4489
57.4494
57.4502
57.4506
57.4508
57.4508
57.4506
57.4502
57.4495
57.4489
57.4499
57.4502
57.4507
57.4509
57.4511
57.4511
57.4509
57.4507
57.4502
57.4499
57.4498
57.4497
57.45
57.4501
57.4501
57.4501
57.4501
57.45
57.4497
57.4498
57.4487
57.4484
57.4483
57.4482
57.4481
57.4481
57.4482
57.4483
57.4484
57.4487
57.4471
57.4464
57.446
57.4456
57.4454
57.4454
57.4456
57.446
57.4464
57.4471
57.446
57.444
57.443
57.4422
57.4418
57.4418
57.4422
57.443
57.444
57.446
52.8477
52.8477
52.8478
52.8478
52.8478
52.8478
52.8478
52.8478
52.8477
52.8477
52.8492
52.8493
52.8494
52.8495
52.8495
52.8495
52.8495
52.8494
52.8493
52.8492
52.851
52.8512
52.8514
52.8515
52.8515
52.8515
52.8515
52.8514
52.8512
52.851
52.8527
52.8529
52.8531
52.8532
52.8533
52.8533
52.8532
52.8531
52.8529
52.8527
52.8541
52.8543
52.8545
52.8546
52.8546
52.8546
52.8546
52.8545
52.8543
52.8541
52.8552
52.8553
52.8555
52.8556
52.8556
52.8556
52.8556
52.8555
52.8553
52.8552
52.8559
52.856
52.8561
52.8561
52.8561
52.8561
52.8561
52.8561
52.856
52.8559
52.8564
52.8564
52.8564
52.8564
52.8563
52.8563
52.8564
52.8564
52.8564
52.8564
52.8567
52.8566
52.8565
52.8563
52.8562
52.8562
52.8563
52.8565
52.8566
52.8567
52.8572
52.8566
52.8562
52.856
52.8558
52.8558
52.856
52.8562
52.8566
52.8572
48.2517
48.2518
48.2518
48.2519
48.2519
48.2519
48.2519
48.2518
48.2518
48.2517
48.2522
48.2523
48.2525
48.2525
48.2526
48.2526
48.2525
48.2525
48.2523
48.2522
48.2529
48.253
48.2531
48.2532
48.2533
48.2533
48.2532
48.2531
48.253
48.2529
48.2534
48.2536
48.2537
48.2538
48.2539
48.2539
48.2538
48.2537
48.2536
48.2534
48.2539
48.254
48.2542
48.2543
48.2544
48.2544
48.2543
48.2542
48.254
48.2539
48.2543
48.2544
48.2545
48.2546
48.2547
48.2547
48.2546
48.2545
48.2544
48.2543
48.2545
48.2546
48.2547
48.2548
48.2548
48.2548
48.2548
48.2547
48.2546
48.2545
48.2546
48.2546
48.2547
48.2547
48.2548
48.2548
48.2547
48.2547
48.2546
48.2546
48.2545
48.2546
48.2546
48.2546
48.2546
48.2546
48.2546
48.2546
48.2546
48.2545
48.2546
48.2544
48.2543
48.2542
48.2542
48.2542
48.2542
48.2543
48.2544
48.2546
43.6577
43.6577
43.6577
43.6577
43.6577
43.6577
43.6577
43.6577
43.6577
43.6577
43.6579
43.658
43.658
43.658
43.658
43.658
43.658
43.658
43.658
43.6579
43.6582
43.6583
43.6583
43.6583
43.6583
43.6583
43.6583
43.6583
43.6583
43.6582
43.6585
43.6586
43.6586
43.6587
43.6587
43.6587
43.6587
43.6586
43.6586
43.6585
43.6588
43.6589
43.659
43.659
43.659
43.659
43.659
43.659
43.6589
43.6588
43.6591
43.6592
43.6592
43.6593
43.6593
43.6593
43.6593
43.6592
43.6592
43.6591
43.6594
43.6594
43.6595
43.6595
43.6595
43.6595
43.6595
43.6595
43.6594
43.6594
43.6596
43.6596
43.6597
43.6597
43.6597
43.6597
43.6597
43.6597
43.6596
43.6596
43.6598
43.6598
43.6598
43.6598
43.6598
43.6598
43.6598
43.6598
43.6598
43.6598
43.66
43.66
43.6599
43.6599
43.6599
43.6599
43.6599
43.6599
43.66
43.66
39.0622
39.0622
39.0622
39.0622
39.0622
39.0622
39.0622
39.0622
39.0622
39.0622
39.0623
39.0623
39.0623
39.0623
39.0623
39.0623
39.0623
39.0623
39.0623
39.0623
39.0624
39.0624
39.0624
39.0625
39.0625
39.0625
39.0625
39.0624
39.0624
39.0624
39.0625
39.0625
39.0625
39.0626
39.0626
39.0626
39.0626
39.0625
39.0625
39.0625
39.0626
39.0626
39.0627
39.0627
39.0627
39.0627
39.0627
39.0627
39.0626
39.0626
39.0627
39.0627
39.0628
39.0628
39.0628
39.0628
39.0628
39.0628
39.0627
39.0627
39.0628
39.0628
39.0628
39.0629
39.0629
39.0629
39.0629
39.0628
39.0628
39.0628
39.0628
39.0629
39.0629
39.0629
39.0629
39.0629
39.0629
39.0629
39.0629
39.0628
39.0629
39.0629
39.0629
39.0629
39.0629
39.0629
39.0629
39.0629
39.0629
39.0629
39.0629
39.0629
39.0629
39.0629
39.0629
39.0629
39.0629
39.0629
39.0629
39.0629
34.467
34.467
34.467
34.467
34.467
34.467
34.467
34.467
34.467
34.467
34.467
34.467
34.467
34.467
34.467
34.467
34.467
34.467
34.467
34.467
34.467
34.467
34.467
34.4671
34.4671
34.4671
34.4671
34.467
34.467
34.467
34.4671
34.4671
34.4671
34.4671
34.4671
34.4671
34.4671
34.4671
34.4671
34.4671
34.4671
34.4672
34.4672
34.4672
34.4672
34.4672
34.4672
34.4672
34.4672
34.4671
34.4672
34.4672
34.4672
34.4673
34.4673
34.4673
34.4673
34.4672
34.4672
34.4672
34.4673
34.4673
34.4673
34.4673
34.4673
34.4673
34.4673
34.4673
34.4673
34.4673
34.4673
34.4674
34.4674
34.4674
34.4674
34.4674
34.4674
34.4674
34.4674
34.4673
34.4674
34.4674
34.4674
34.4674
34.4674
34.4674
34.4674
34.4674
34.4674
34.4674
34.4675
34.4675
34.4675
34.4675
34.4675
34.4675
34.4675
34.4675
34.4675
34.4675
29.8714
29.8714
29.8714
29.8714
29.8714
29.8714
29.8714
29.8714
29.8714
29.8714
29.8714
29.8714
29.8714
29.8714
29.8714
29.8714
29.8714
29.8714
29.8714
29.8714
29.8714
29.8714
29.8714
29.8714
29.8714
29.8714
29.8714
29.8714
29.8714
29.8714
29.8714
29.8714
29.8714
29.8714
29.8714
29.8714
29.8714
29.8714
29.8714
29.8714
29.8714
29.8715
29.8715
29.8715
29.8715
29.8715
29.8715
29.8715
29.8715
29.8714
29.8715
29.8715
29.8715
29.8715
29.8715
29.8715
29.8715
29.8715
29.8715
29.8715
29.8715
29.8715
29.8715
29.8715
29.8715
29.8715
29.8715
29.8715
29.8715
29.8715
29.8715
29.8715
29.8715
29.8715
29.8715
29.8715
29.8715
29.8715
29.8715
29.8715
29.8715
29.8715
29.8715
29.8716
29.8716
29.8716
29.8716
29.8715
29.8715
29.8715
29.8716
29.8716
29.8716
29.8716
29.8716
29.8716
29.8716
29.8716
29.8716
29.8716
25.2758
25.2758
25.2758
25.2758
25.2758
25.2758
25.2758
25.2758
25.2758
25.2758
25.2758
25.2758
25.2758
25.2758
25.2758
25.2758
25.2758
25.2758
25.2758
25.2758
25.2759
25.2759
25.2759
25.2759
25.2759
25.2759
25.2759
25.2759
25.2759
25.2759
25.2759
25.2759
25.2759
25.2759
25.2759
25.2759
25.2759
25.2759
25.2759
25.2759
25.2759
25.2759
25.2759
25.2759
25.2759
25.2759
25.2759
25.2759
25.2759
25.2759
25.2759
25.2759
25.2759
25.2759
25.2759
25.2759
25.2759
25.2759
25.2759
25.2759
25.2759
25.2759
25.2759
25.2759
25.2759
25.2759
25.2759
25.2759
25.2759
25.2759
25.2759
25.2759
25.2759
25.2759
25.2759
25.2759
25.2759
25.2759
25.2759
25.2759
25.2759
25.2759
25.2759
25.2759
25.2759
25.2759
25.2759
25.2759
25.2759
25.2759
25.2759
25.276
25.276
25.276
25.276
25.276
25.276
25.276
25.276
25.2759
20.6802
20.6802
20.6802
20.6802
20.6802
20.6802
20.6802
20.6802
20.6802
20.6802
20.6802
20.6802
20.6802
20.6802
20.6802
20.6802
20.6802
20.6802
20.6802
20.6802
20.6802
20.6802
20.6802
20.6802
20.6802
20.6802
20.6802
20.6802
20.6802
20.6802
20.6802
20.6802
20.6802
20.6802
20.6802
20.6802
20.6802
20.6802
20.6802
20.6802
20.6802
20.6802
20.6802
20.6802
20.6802
20.6802
20.6802
20.6802
20.6802
20.6802
20.6802
20.6803
20.6803
20.6803
20.6803
20.6803
20.6803
20.6803
20.6803
20.6802
20.6803
20.6803
20.6803
20.6803
20.6803
20.6803
20.6803
20.6803
20.6803
20.6803
20.6803
20.6803
20.6803
20.6803
20.6803
20.6803
20.6803
20.6803
20.6803
20.6803
20.6803
20.6803
20.6803
20.6803
20.6803
20.6803
20.6803
20.6803
20.6803
20.6803
20.6803
20.6803
20.6803
20.6803
20.6803
20.6803
20.6803
20.6803
20.6803
20.6803
16.0846
16.0846
16.0846
16.0846
16.0846
16.0846
16.0846
16.0846
16.0846
16.0846
16.0846
16.0846
16.0846
16.0846
16.0846
16.0846
16.0846
16.0846
16.0846
16.0846
16.0846
16.0846
16.0846
16.0846
16.0846
16.0846
16.0846
16.0846
16.0846
16.0846
16.0846
16.0846
16.0846
16.0846
16.0846
16.0846
16.0846
16.0846
16.0846
16.0846
16.0846
16.0846
16.0846
16.0846
16.0846
16.0846
16.0846
16.0846
16.0846
16.0846
16.0846
16.0846
16.0846
16.0846
16.0846
16.0846
16.0846
16.0846
16.0846
16.0846
16.0846
16.0846
16.0846
16.0846
16.0846
16.0846
16.0846
16.0846
16.0846
16.0846
16.0846
16.0846
16.0846
16.0846
16.0846
16.0846
16.0846
16.0846
16.0846
16.0846
16.0846
16.0846
16.0846
16.0846
16.0846
16.0846
16.0846
16.0846
16.0846
16.0846
16.0846
16.0846
16.0846
16.0847
16.0847
16.0847
16.0847
16.0846
16.0846
16.0846
11.489
11.489
11.489
11.489
11.489
11.489
11.489
11.489
11.489
11.489
11.489
11.489
11.489
11.489
11.489
11.489
11.489
11.489
11.489
11.489
11.489
11.489
11.489
11.489
11.489
11.489
11.489
11.489
11.489
11.489
11.489
11.489
11.489
11.489
11.489
11.489
11.489
11.489
11.489
11.489
11.489
11.489
11.489
11.489
11.489
11.489
11.489
11.489
11.489
11.489
11.489
11.489
11.489
11.489
11.489
11.489
11.489
11.489
11.489
11.489
11.489
11.489
11.489
11.489
11.489
11.489
11.489
11.489
11.489
11.489
11.489
11.489
11.489
11.489
11.489
11.489
11.489
11.489
11.489
11.489
11.489
11.489
11.489
11.489
11.489
11.489
11.489
11.489
11.489
11.489
11.489
11.489
11.489
11.489
11.489
11.489
11.489
11.489
11.489
11.489
6.89337
6.89337
6.89337
6.89337
6.89337
6.89337
6.89337
6.89337
6.89337
6.89337
6.89335
6.89335
6.89335
6.89335
6.89335
6.89335
6.89335
6.89335
6.89335
6.89335
6.89335
6.89335
6.89335
6.89335
6.89335
6.89335
6.89335
6.89335
6.89335
6.89335
6.89336
6.89336
6.89336
6.89336
6.89337
6.89337
6.89336
6.89336
6.89336
6.89336
6.89337
6.89337
6.89337
6.89338
6.89338
6.89338
6.89338
6.89337
6.89337
6.89337
6.89338
6.89338
6.89338
6.89338
6.89338
6.89338
6.89338
6.89338
6.89338
6.89338
6.89338
6.89339
6.89339
6.89339
6.89339
6.89339
6.89339
6.89339
6.89339
6.89338
6.89339
6.89339
6.89339
6.89339
6.89339
6.89339
6.89339
6.89339
6.89339
6.89339
6.89339
6.89339
6.89339
6.89339
6.89339
6.89339
6.89339
6.89339
6.89339
6.89339
6.89339
6.8934
6.8934
6.8934
6.8934
6.8934
6.8934
6.8934
6.89339
6.89339
2.29778
2.29778
2.29778
2.29778
2.29778
2.29778
2.29778
2.29778
2.29778
2.29778
2.29775
2.29776
2.29776
2.29776
2.29776
2.29776
2.29776
2.29776
2.29776
2.29775
2.29776
2.29776
2.29776
2.29776
2.29776
2.29776
2.29776
2.29776
2.29776
2.29776
2.29776
2.29776
2.29777
2.29777
2.29777
2.29777
2.29777
2.29777
2.29776
2.29776
2.29777
2.29777
2.29777
2.29777
2.29777
2.29777
2.29777
2.29777
2.29777
2.29777
2.29777
2.29777
2.29777
2.29777
2.29777
2.29777
2.29777
2.29777
2.29777
2.29777
2.29777
2.29777
2.29777
2.29777
2.29777
2.29777
2.29777
2.29777
2.29777
2.29777
2.29777
2.29777
2.29777
2.29777
2.29777
2.29777
2.29777
2.29777
2.29777
2.29777
2.29777
2.29777
2.29777
2.29777
2.29777
2.29777
2.29777
2.29777
2.29777
2.29777
2.29777
2.29777
2.29777
2.29777
2.29777
2.29777
2.29777
2.29777
2.29777
2.29776
122.096
121.548
121.2
120.946
120.814
120.814
120.946
121.2
121.548
122.096
113.513
112.714
112.184
111.809
111.616
111.616
111.809
112.184
112.714
113.513
106.388
105.469
104.865
104.444
104.228
104.228
104.444
104.865
105.469
106.388
101.467
100.523
99.9118
99.4926
99.2777
99.2777
99.4926
99.9118
100.523
101.467
97.7805
96.847
96.2459
95.8421
95.6354
95.6354
95.8421
96.2459
96.847
97.7805
94.8098
93.9061
93.3242
92.9431
92.7484
92.7484
92.9431
93.3242
93.9061
94.8098
92.3768
91.5231
90.9698
90.6176
90.4383
90.4383
90.6176
90.9699
91.5231
92.3768
90.3789
89.5967
89.0835
88.7649
88.6036
88.6036
88.7649
89.0835
89.5967
90.379
88.7342
88.0398
87.5792
87.2986
87.1568
87.1568
87.2986
87.5792
88.0398
88.7342
87.4441
86.7733
86.3748
86.133
86.0106
86.0106
86.133
86.3748
86.7733
87.4441
87.2955
87.4553
87.6281
87.7455
87.8062
87.8062
87.7455
87.6281
87.4554
87.2955
87.5975
87.6806
87.793
87.8659
87.9031
87.9031
87.8659
87.793
87.6807
87.5975
87.466
87.4554
87.4962
87.5181
87.5289
87.5289
87.5181
87.4962
87.4554
87.466
86.9955
86.9001
86.8764
86.8545
86.8426
86.8426
86.8545
86.8764
86.9001
86.9956
86.3746
86.2108
86.1335
86.0771
86.0474
86.0474
86.0771
86.1335
86.2108
86.3746
85.6991
85.4848
85.365
85.2834
85.2409
85.2409
85.2834
85.365
85.4848
85.6991
85.0169
84.7712
84.6216
84.5241
84.4738
84.4738
84.5241
84.6216
84.7712
85.0169
84.3548
84.0996
83.935
83.8308
83.7773
83.7773
83.8308
83.935
84.0996
84.3548
83.7378
83.4905
83.3242
83.221
83.1677
83.1677
83.221
83.3242
83.4905
83.7379
83.2419
82.9467
82.7848
82.6852
82.6333
82.6333
82.6852
82.7848
82.9468
83.2419
81.8104
81.792
81.7879
81.7814
81.7782
81.7782
81.7814
81.7879
81.792
81.8105
82.1203
82.097
82.0898
82.0801
82.075
82.0751
82.0801
82.0898
82.097
82.1203
82.3578
82.3151
82.2949
82.2749
82.2642
82.2642
82.2749
82.2949
82.3151
82.3578
82.344
82.2693
82.2274
82.1918
82.173
82.173
82.1918
82.2274
82.2693
82.3441
82.1604
82.0526
81.9875
81.9369
81.9102
81.9102
81.937
81.9875
82.0526
82.1604
81.8904
81.7543
81.6684
81.6057
81.5727
81.5727
81.6057
81.6684
81.7543
81.8904
81.5777
81.421
81.3186
81.2474
81.2101
81.2101
81.2474
81.3186
81.4211
81.5777
81.2463
81.08
80.9675
80.892
80.8528
80.8528
80.892
80.9675
81.08
81.2463
80.9205
80.7536
80.637
80.561
80.5215
80.5215
80.561
80.637
80.7536
80.9205
80.6504
80.4489
80.3311
80.2558
80.2167
80.2167
80.2558
80.3311
80.4489
80.6504
75.8679
75.8848
75.9064
75.9207
75.9282
75.9282
75.9207
75.9064
75.8848
75.8679
76.0151
76.0333
76.0567
76.0719
76.0799
76.0799
76.0719
76.0567
76.0333
76.0151
76.1253
76.1394
76.1605
76.1738
76.1808
76.1808
76.1738
76.1606
76.1394
76.1253
76.1572
76.1603
76.1738
76.1814
76.1853
76.1853
76.1814
76.1738
76.1603
76.1572
76.1294
76.1183
76.1212
76.1214
76.1214
76.1214
76.1214
76.1212
76.1183
76.1294
76.0614
76.0359
76.0275
76.0202
76.0164
76.0164
76.0202
76.0275
76.0359
76.0614
75.9651
75.9271
75.9083
75.8946
75.8873
75.8873
75.8946
75.9083
75.9271
75.9651
75.8491
75.8027
75.7759
75.7574
75.7476
75.7476
75.7574
75.7759
75.8027
75.8491
75.7256
75.6745
75.6415
75.6195
75.6078
75.6078
75.6195
75.6415
75.6745
75.7256
75.6244
75.5485
75.5084
75.4823
75.4686
75.4686
75.4823
75.5084
75.5485
75.6244
71.3127
71.3111
71.3111
71.3103
71.3099
71.3099
71.3103
71.3111
71.3111
71.3127
71.3774
71.3779
71.3797
71.3801
71.3803
71.3803
71.3801
71.3797
71.3779
71.3774
71.4405
71.4411
71.4433
71.4437
71.4439
71.4439
71.4437
71.4434
71.4411
71.4405
71.4773
71.475
71.4754
71.4743
71.4736
71.4736
71.4743
71.4754
71.475
71.4773
71.4892
71.4823
71.4794
71.4758
71.4738
71.4738
71.4758
71.4794
71.4823
71.4893
71.4819
71.4695
71.4625
71.4561
71.4526
71.4526
71.4561
71.4625
71.4695
71.4819
71.4596
71.4418
71.4307
71.4218
71.4169
71.4169
71.4218
71.4307
71.4418
71.4596
71.426
71.4043
71.3897
71.3787
71.3728
71.3728
71.3787
71.3897
71.4043
71.426
71.3873
71.3626
71.3449
71.3322
71.3254
71.3254
71.3322
71.3449
71.3627
71.3874
71.3559
71.3193
71.2977
71.283
71.2753
71.2753
71.283
71.2977
71.3193
71.3559
66.611
66.6132
66.6161
66.6179
66.6189
66.6189
66.6179
66.6161
66.6132
66.611
66.6356
66.6387
66.6424
66.6448
66.6461
66.6461
66.6448
66.6424
66.6387
66.6356
66.6582
66.6616
66.6658
66.6684
66.6698
66.6698
66.6684
66.6658
66.6616
66.6582
66.6721
66.6747
66.6785
66.6807
66.6819
66.6819
66.6807
66.6785
66.6747
66.6722
66.6776
66.6785
66.681
66.6824
66.6831
66.6831
66.6824
66.681
66.6785
66.6776
66.6756
66.6742
66.6751
66.6752
66.6753
66.6753
66.6752
66.6751
66.6742
66.6756
66.667
66.6633
66.6622
66.6611
66.6605
66.6605
66.6611
66.6622
66.6633
66.667
66.6529
66.6472
66.6444
66.6421
66.6408
66.6408
66.6421
66.6444
66.6472
66.6529
66.6359
66.6284
66.6237
66.6203
66.6184
66.6184
66.6203
66.6238
66.6285
66.6359
66.622
66.6083
66.601
66.5959
66.5933
66.5933
66.5959
66.601
66.6083
66.622
62.0408
62.0407
62.0408
62.0408
62.0407
62.0407
62.0408
62.0408
62.0408
62.0408
62.0508
62.0512
62.0517
62.0519
62.052
62.052
62.0519
62.0517
62.0512
62.0508
62.0619
62.0625
62.0633
62.0637
62.0639
62.0639
62.0637
62.0633
62.0625
62.0619
62.0704
62.071
62.0718
62.0721
62.0723
62.0723
62.0721
62.0718
62.071
62.0704
62.0761
62.0763
62.0768
62.0769
62.0769
62.0769
62.0769
62.0768
62.0763
62.0761
62.0792
62.0787
62.0787
62.0784
62.0782
62.0782
62.0784
62.0787
62.0787
62.0792
62.0798
62.0785
62.0779
62.0772
62.0767
62.0767
62.0772
62.0779
62.0785
62.0798
62.0782
62.0763
62.075
62.0739
62.0732
62.0732
62.0739
62.075
62.0763
62.0782
62.0756
62.0729
62.0709
62.0693
62.0684
62.0684
62.0693
62.0709
62.0729
62.0756
62.0741
62.0688
62.0657
62.0634
62.0622
62.0622
62.0634
62.0657
62.0688
62.0741
57.4364
57.4368
57.4373
57.4376
57.4377
57.4377
57.4376
57.4373
57.4368
57.4364
57.4401
57.4407
57.4414
57.4418
57.442
57.442
57.4418
57.4414
57.4407
57.4401
57.444
57.4447
57.4454
57.4459
57.4462
57.4462
57.4459
57.4454
57.4447
57.444
57.4469
57.4476
57.4484
57.4489
57.4492
57.4492
57.4489
57.4484
57.4476
57.4469
57.4489
57.4495
57.4502
57.4506
57.4508
57.4508
57.4506
57.4502
57.4495
57.4489
57.4499
57.4502
57.4507
57.4509
57.4511
57.4511
57.4509
57.4507
57.4502
57.4499
57.4498
57.4497
57.45
57.4501
57.4501
57.4501
57.4501
57.45
57.4498
57.4498
57.4487
57.4484
57.4483
57.4482
57.4481
57.4481
57.4482
57.4483
57.4484
57.4487
57.4471
57.4464
57.446
57.4456
57.4454
57.4454
57.4456
57.446
57.4464
57.4471
57.446
57.444
57.443
57.4422
57.4418
57.4418
57.4422
57.443
57.444
57.446
52.8477
52.8477
52.8478
52.8478
52.8478
52.8478
52.8478
52.8478
52.8477
52.8477
52.8492
52.8493
52.8494
52.8495
52.8495
52.8495
52.8495
52.8494
52.8493
52.8492
52.8511
52.8512
52.8514
52.8515
52.8515
52.8515
52.8515
52.8514
52.8512
52.8511
52.8527
52.8529
52.8531
52.8532
52.8533
52.8533
52.8532
52.8531
52.8529
52.8527
52.8541
52.8543
52.8545
52.8546
52.8547
52.8547
52.8546
52.8545
52.8543
52.8541
52.8552
52.8553
52.8555
52.8556
52.8556
52.8556
52.8556
52.8555
52.8553
52.8552
52.8559
52.856
52.8561
52.8561
52.8561
52.8561
52.8561
52.8561
52.856
52.8559
52.8564
52.8564
52.8564
52.8564
52.8563
52.8563
52.8564
52.8564
52.8564
52.8564
52.8567
52.8566
52.8565
52.8563
52.8562
52.8562
52.8563
52.8565
52.8566
52.8567
52.8572
52.8566
52.8562
52.856
52.8558
52.8558
52.856
52.8562
52.8566
52.8572
48.2517
48.2518
48.2518
48.2519
48.2519
48.2519
48.2519
48.2518
48.2518
48.2517
48.2522
48.2523
48.2525
48.2525
48.2526
48.2526
48.2525
48.2525
48.2523
48.2522
48.2529
48.253
48.2531
48.2532
48.2533
48.2533
48.2532
48.2531
48.253
48.2529
48.2534
48.2536
48.2537
48.2538
48.2539
48.2539
48.2538
48.2537
48.2536
48.2534
48.2539
48.254
48.2542
48.2543
48.2544
48.2544
48.2543
48.2542
48.254
48.2539
48.2543
48.2544
48.2545
48.2546
48.2547
48.2547
48.2546
48.2545
48.2544
48.2543
48.2545
48.2546
48.2547
48.2548
48.2548
48.2548
48.2548
48.2547
48.2546
48.2545
48.2546
48.2546
48.2547
48.2547
48.2548
48.2548
48.2547
48.2547
48.2546
48.2546
48.2545
48.2546
48.2546
48.2546
48.2546
48.2546
48.2546
48.2546
48.2546
48.2545
48.2546
48.2544
48.2543
48.2542
48.2542
48.2542
48.2542
48.2543
48.2544
48.2546
43.6577
43.6577
43.6577
43.6577
43.6577
43.6577
43.6577
43.6577
43.6577
43.6577
43.6579
43.658
43.658
43.658
43.658
43.658
43.658
43.658
43.658
43.6579
43.6582
43.6583
43.6583
43.6583
43.6583
43.6583
43.6583
43.6583
43.6583
43.6582
43.6585
43.6586
43.6586
43.6587
43.6587
43.6587
43.6587
43.6586
43.6586
43.6585
43.6588
43.6589
43.659
43.659
43.659
43.659
43.659
43.659
43.6589
43.6588
43.6591
43.6592
43.6592
43.6593
43.6593
43.6593
43.6593
43.6592
43.6592
43.6591
43.6594
43.6594
43.6595
43.6595
43.6595
43.6595
43.6595
43.6595
43.6594
43.6594
43.6596
43.6596
43.6597
43.6597
43.6597
43.6597
43.6597
43.6597
43.6596
43.6596
43.6598
43.6598
43.6598
43.6598
43.6598
43.6598
43.6598
43.6598
43.6598
43.6598
43.66
43.66
43.6599
43.6599
43.6599
43.6599
43.6599
43.6599
43.66
43.66
39.0622
39.0622
39.0622
39.0622
39.0622
39.0622
39.0622
39.0622
39.0622
39.0622
39.0623
39.0623
39.0623
39.0623
39.0623
39.0623
39.0623
39.0623
39.0623
39.0623
39.0624
39.0624
39.0624
39.0625
39.0625
39.0625
39.0625
39.0624
39.0624
39.0624
39.0625
39.0625
39.0625
39.0626
39.0626
39.0626
39.0626
39.0625
39.0625
39.0625
39.0626
39.0626
39.0627
39.0627
39.0627
39.0627
39.0627
39.0627
39.0626
39.0626
39.0627
39.0627
39.0628
39.0628
39.0628
39.0628
39.0628
39.0628
39.0627
39.0627
39.0628
39.0628
39.0628
39.0629
39.0629
39.0629
39.0629
39.0628
39.0628
39.0628
39.0628
39.0629
39.0629
39.0629
39.0629
39.0629
39.0629
39.0629
39.0629
39.0628
39.0629
39.0629
39.0629
39.0629
39.0629
39.0629
39.0629
39.0629
39.0629
39.0629
39.0629
39.0629
39.0629
39.0629
39.0629
39.0629
39.0629
39.0629
39.0629
39.0629
34.467
34.467
34.467
34.467
34.467
34.467
34.467
34.467
34.467
34.467
34.467
34.467
34.467
34.467
34.467
34.467
34.467
34.467
34.467
34.467
34.467
34.467
34.467
34.4671
34.4671
34.4671
34.4671
34.467
34.467
34.467
34.4671
34.4671
34.4671
34.4671
34.4671
34.4671
34.4671
34.4671
34.4671
34.4671
34.4671
34.4672
34.4672
34.4672
34.4672
34.4672
34.4672
34.4672
34.4672
34.4672
34.4672
34.4672
34.4672
34.4673
34.4673
34.4673
34.4673
34.4672
34.4672
34.4672
34.4673
34.4673
34.4673
34.4673
34.4673
34.4673
34.4673
34.4673
34.4673
34.4673
34.4673
34.4674
34.4674
34.4674
34.4674
34.4674
34.4674
34.4674
34.4674
34.4673
34.4674
34.4674
34.4674
34.4674
34.4674
34.4674
34.4674
34.4674
34.4674
34.4674
34.4675
34.4675
34.4675
34.4675
34.4675
34.4675
34.4675
34.4675
34.4675
34.4675
29.8714
29.8714
29.8714
29.8714
29.8714
29.8714
29.8714
29.8714
29.8714
29.8714
29.8714
29.8714
29.8714
29.8714
29.8714
29.8714
29.8714
29.8714
29.8714
29.8714
29.8714
29.8714
29.8714
29.8714
29.8714
29.8714
29.8714
29.8714
29.8714
29.8714
29.8714
29.8714
29.8714
29.8714
29.8714
29.8714
29.8714
29.8714
29.8714
29.8714
29.8714
29.8715
29.8715
29.8715
29.8715
29.8715
29.8715
29.8715
29.8715
29.8714
29.8715
29.8715
29.8715
29.8715
29.8715
29.8715
29.8715
29.8715
29.8715
29.8715
29.8715
29.8715
29.8715
29.8715
29.8715
29.8715
29.8715
29.8715
29.8715
29.8715
29.8715
29.8715
29.8715
29.8715
29.8715
29.8715
29.8715
29.8715
29.8715
29.8715
29.8715
29.8715
29.8715
29.8716
29.8716
29.8716
29.8716
29.8715
29.8715
29.8715
29.8716
29.8716
29.8716
29.8716
29.8716
29.8716
29.8716
29.8716
29.8716
29.8716
25.2758
25.2758
25.2758
25.2758
25.2758
25.2758
25.2758
25.2758
25.2758
25.2758
25.2758
25.2758
25.2758
25.2758
25.2758
25.2758
25.2758
25.2758
25.2758
25.2758
25.2759
25.2759
25.2759
25.2759
25.2759
25.2759
25.2759
25.2759
25.2759
25.2759
25.2759
25.2759
25.2759
25.2759
25.2759
25.2759
25.2759
25.2759
25.2759
25.2759
25.2759
25.2759
25.2759
25.2759
25.2759
25.2759
25.2759
25.2759
25.2759
25.2759
25.2759
25.2759
25.2759
25.2759
25.2759
25.2759
25.2759
25.2759
25.2759
25.2759
25.2759
25.2759
25.2759
25.2759
25.2759
25.2759
25.2759
25.2759
25.2759
25.2759
25.2759
25.2759
25.2759
25.2759
25.2759
25.2759
25.2759
25.2759
25.2759
25.2759
25.2759
25.2759
25.2759
25.2759
25.2759
25.2759
25.2759
25.2759
25.2759
25.2759
25.2759
25.276
25.276
25.276
25.276
25.276
25.276
25.276
25.276
25.2759
20.6802
20.6802
20.6802
20.6802
20.6802
20.6802
20.6802
20.6802
20.6802
20.6802
20.6802
20.6802
20.6802
20.6802
20.6802
20.6802
20.6802
20.6802
20.6802
20.6802
20.6802
20.6802
20.6802
20.6802
20.6802
20.6802
20.6802
20.6802
20.6802
20.6802
20.6802
20.6802
20.6802
20.6802
20.6802
20.6802
20.6802
20.6802
20.6802
20.6802
20.6802
20.6802
20.6802
20.6802
20.6802
20.6802
20.6802
20.6802
20.6802
20.6802
20.6802
20.6803
20.6803
20.6803
20.6803
20.6803
20.6803
20.6803
20.6803
20.6802
20.6803
20.6803
20.6803
20.6803
20.6803
20.6803
20.6803
20.6803
20.6803
20.6803
20.6803
20.6803
20.6803
20.6803
20.6803
20.6803
20.6803
20.6803
20.6803
20.6803
20.6803
20.6803
20.6803
20.6803
20.6803
20.6803
20.6803
20.6803
20.6803
20.6803
20.6803
20.6803
20.6803
20.6803
20.6803
20.6803
20.6803
20.6803
20.6803
20.6803
16.0846
16.0846
16.0846
16.0846
16.0846
16.0846
16.0846
16.0846
16.0846
16.0846
16.0846
16.0846
16.0846
16.0846
16.0846
16.0846
16.0846
16.0846
16.0846
16.0846
16.0846
16.0846
16.0846
16.0846
16.0846
16.0846
16.0846
16.0846
16.0846
16.0846
16.0846
16.0846
16.0846
16.0846
16.0846
16.0846
16.0846
16.0846
16.0846
16.0846
16.0846
16.0846
16.0846
16.0846
16.0846
16.0846
16.0846
16.0846
16.0846
16.0846
16.0846
16.0846
16.0846
16.0846
16.0846
16.0846
16.0846
16.0846
16.0846
16.0846
16.0846
16.0846
16.0846
16.0846
16.0846
16.0846
16.0846
16.0846
16.0846
16.0846
16.0846
16.0846
16.0846
16.0846
16.0846
16.0846
16.0846
16.0846
16.0846
16.0846
16.0846
16.0846
16.0846
16.0846
16.0846
16.0846
16.0846
16.0846
16.0846
16.0846
16.0846
16.0846
16.0846
16.0846
16.0847
16.0847
16.0846
16.0846
16.0846
16.0846
11.489
11.489
11.489
11.489
11.489
11.489
11.489
11.489
11.489
11.489
11.489
11.489
11.489
11.489
11.489
11.489
11.489
11.489
11.489
11.489
11.489
11.489
11.489
11.489
11.489
11.489
11.489
11.489
11.489
11.489
11.489
11.489
11.489
11.489
11.489
11.489
11.489
11.489
11.489
11.489
11.489
11.489
11.489
11.489
11.489
11.489
11.489
11.489
11.489
11.489
11.489
11.489
11.489
11.489
11.489
11.489
11.489
11.489
11.489
11.489
11.489
11.489
11.489
11.489
11.489
11.489
11.489
11.489
11.489
11.489
11.489
11.489
11.489
11.489
11.489
11.489
11.489
11.489
11.489
11.489
11.489
11.489
11.489
11.489
11.489
11.489
11.489
11.489
11.489
11.489
11.489
11.489
11.489
11.489
11.489
11.489
11.489
11.489
11.489
11.489
6.89337
6.89337
6.89337
6.89337
6.89337
6.89337
6.89337
6.89337
6.89337
6.89337
6.89335
6.89335
6.89335
6.89335
6.89335
6.89335
6.89335
6.89335
6.89335
6.89334
6.89335
6.89335
6.89335
6.89335
6.89335
6.89335
6.89335
6.89335
6.89335
6.89335
6.89336
6.89336
6.89336
6.89336
6.89336
6.89336
6.89336
6.89336
6.89336
6.89336
6.89337
6.89337
6.89337
6.89338
6.89338
6.89338
6.89338
6.89337
6.89337
6.89337
6.89338
6.89338
6.89338
6.89338
6.89338
6.89338
6.89338
6.89338
6.89338
6.89338
6.89338
6.89339
6.89339
6.89339
6.89339
6.89339
6.89339
6.89339
6.89338
6.89338
6.89339
6.89339
6.89339
6.89339
6.89339
6.89339
6.89339
6.89339
6.89339
6.89339
6.89339
6.89339
6.89339
6.89339
6.89339
6.89339
6.89339
6.89339
6.89339
6.89339
6.89339
6.89339
6.8934
6.8934
6.8934
6.8934
6.89339
6.89339
6.89339
6.89339
2.29778
2.29778
2.29778
2.29778
2.29778
2.29778
2.29778
2.29778
2.29778
2.29778
2.29775
2.29776
2.29776
2.29776
2.29776
2.29776
2.29776
2.29776
2.29776
2.29775
2.29776
2.29776
2.29776
2.29776
2.29776
2.29776
2.29776
2.29776
2.29776
2.29776
2.29776
2.29776
2.29776
2.29777
2.29777
2.29777
2.29777
2.29776
2.29776
2.29776
2.29777
2.29777
2.29777
2.29777
2.29777
2.29777
2.29777
2.29777
2.29777
2.29777
2.29777
2.29777
2.29777
2.29777
2.29777
2.29777
2.29777
2.29777
2.29777
2.29777
2.29777
2.29777
2.29777
2.29777
2.29777
2.29777
2.29777
2.29777
2.29777
2.29777
2.29777
2.29777
2.29777
2.29777
2.29777
2.29777
2.29777
2.29777
2.29777
2.29777
2.29777
2.29777
2.29777
2.29777
2.29777
2.29777
2.29777
2.29777
2.29777
2.29777
2.29776
2.29777
2.29777
2.29777
2.29777
2.29777
2.29777
2.29776
2.29776
2.29776
122.096
121.548
121.2
120.946
120.814
120.814
120.946
121.2
121.548
122.096
113.513
112.714
112.184
111.809
111.616
111.616
111.809
112.184
112.714
113.513
106.388
105.469
104.865
104.444
104.228
104.228
104.444
104.865
105.469
106.388
101.467
100.523
99.9118
99.4926
99.2777
99.2777
99.4926
99.9118
100.523
101.467
97.7805
96.847
96.2459
95.8421
95.6354
95.6354
95.8421
96.2459
96.847
97.7805
94.8098
93.9061
93.3242
92.9431
92.7484
92.7484
92.9431
93.3242
93.9061
94.8098
92.3768
91.5231
90.9699
90.6176
90.4383
90.4383
90.6176
90.9698
91.5231
92.3768
90.379
89.5967
89.0835
88.7649
88.6036
88.6036
88.7649
89.0835
89.5967
90.3789
88.7342
88.0398
87.5792
87.2986
87.1568
87.1568
87.2986
87.5792
88.0398
88.7342
87.4441
86.7733
86.3748
86.133
86.0106
86.0106
86.133
86.3748
86.7733
87.4441
87.2955
87.4554
87.6281
87.7455
87.8062
87.8062
87.7455
87.6281
87.4553
87.2955
87.5975
87.6807
87.793
87.8659
87.9031
87.9031
87.8659
87.793
87.6806
87.5975
87.466
87.4554
87.4962
87.5181
87.5289
87.5289
87.5181
87.4962
87.4554
87.466
86.9956
86.9001
86.8764
86.8545
86.8426
86.8426
86.8545
86.8764
86.9001
86.9955
86.3746
86.2108
86.1335
86.0771
86.0474
86.0474
86.0771
86.1335
86.2108
86.3746
85.6991
85.4848
85.365
85.2834
85.2409
85.2409
85.2834
85.365
85.4848
85.6991
85.0169
84.7712
84.6216
84.5241
84.4738
84.4738
84.5241
84.6216
84.7712
85.0169
84.3548
84.0996
83.935
83.8308
83.7773
83.7773
83.8308
83.935
84.0996
84.3548
83.7379
83.4905
83.3242
83.221
83.1677
83.1677
83.221
83.3242
83.4905
83.7379
83.2419
82.9468
82.7848
82.6852
82.6333
82.6333
82.6852
82.7848
82.9467
83.2419
81.8105
81.792
81.7879
81.7814
81.7782
81.7782
81.7814
81.7879
81.792
81.8104
82.1203
82.097
82.0898
82.0801
82.0751
82.075
82.0801
82.0898
82.097
82.1203
82.3578
82.3151
82.2949
82.2749
82.2642
82.2642
82.2749
82.2949
82.3151
82.3578
82.3441
82.2693
82.2274
82.1918
82.173
82.173
82.1918
82.2274
82.2693
82.344
82.1604
82.0526
81.9875
81.937
81.9102
81.9102
81.9369
81.9875
82.0526
82.1604
81.8904
81.7543
81.6684
81.6057
81.5727
81.5727
81.6057
81.6684
81.7543
81.8904
81.5777
81.4211
81.3186
81.2474
81.2101
81.2101
81.2474
81.3186
81.421
81.5777
81.2463
81.08
80.9675
80.892
80.8528
80.8528
80.892
80.9675
81.08
81.2463
80.9205
80.7536
80.637
80.561
80.5215
80.5215
80.561
80.637
80.7536
80.9205
80.6504
80.4489
80.3311
80.2558
80.2167
80.2167
80.2558
80.3311
80.4489
80.6504
75.8679
75.8848
75.9064
75.9207
75.9282
75.9282
75.9207
75.9064
75.8848
75.8679
76.0151
76.0333
76.0567
76.0719
76.0799
76.0799
76.0719
76.0567
76.0333
76.0151
76.1253
76.1394
76.1606
76.1738
76.1808
76.1808
76.1738
76.1605
76.1394
76.1253
76.1572
76.1603
76.1738
76.1814
76.1853
76.1853
76.1814
76.1738
76.1603
76.1572
76.1294
76.1183
76.1212
76.1214
76.1214
76.1214
76.1214
76.1212
76.1183
76.1294
76.0614
76.0359
76.0275
76.0202
76.0164
76.0164
76.0202
76.0275
76.0359
76.0614
75.9651
75.9271
75.9083
75.8946
75.8873
75.8873
75.8946
75.9083
75.9271
75.9651
75.8491
75.8027
75.7759
75.7574
75.7476
75.7476
75.7574
75.7759
75.8027
75.8491
75.7256
75.6745
75.6415
75.6195
75.6078
75.6078
75.6195
75.6415
75.6745
75.7256
75.6244
75.5485
75.5084
75.4823
75.4686
75.4686
75.4823
75.5084
75.5485
75.6244
71.3127
71.3111
71.3111
71.3103
71.3099
71.3099
71.3103
71.3111
71.3111
71.3127
71.3774
71.3779
71.3797
71.3801
71.3803
71.3803
71.3801
71.3797
71.3779
71.3774
71.4405
71.4411
71.4434
71.4437
71.4439
71.4439
71.4437
71.4433
71.4411
71.4405
71.4773
71.475
71.4754
71.4743
71.4736
71.4736
71.4743
71.4754
71.475
71.4773
71.4893
71.4823
71.4794
71.4758
71.4738
71.4738
71.4758
71.4794
71.4823
71.4892
71.4819
71.4695
71.4625
71.4561
71.4526
71.4526
71.4561
71.4625
71.4695
71.4819
71.4596
71.4418
71.4307
71.4218
71.4169
71.4169
71.4218
71.4307
71.4418
71.4596
71.426
71.4043
71.3897
71.3787
71.3728
71.3728
71.3787
71.3897
71.4043
71.426
71.3874
71.3627
71.3449
71.3322
71.3254
71.3254
71.3322
71.3449
71.3626
71.3873
71.3559
71.3193
71.2977
71.283
71.2753
71.2753
71.283
71.2977
71.3193
71.3559
66.611
66.6132
66.6161
66.6179
66.6189
66.6189
66.6179
66.6161
66.6132
66.611
66.6356
66.6387
66.6424
66.6448
66.6461
66.6461
66.6448
66.6424
66.6387
66.6356
66.6582
66.6616
66.6658
66.6684
66.6698
66.6698
66.6684
66.6658
66.6616
66.6582
66.6722
66.6747
66.6785
66.6807
66.6819
66.6819
66.6807
66.6785
66.6747
66.6721
66.6776
66.6785
66.681
66.6824
66.6831
66.6831
66.6824
66.681
66.6785
66.6776
66.6756
66.6742
66.6751
66.6752
66.6753
66.6753
66.6752
66.6751
66.6742
66.6756
66.667
66.6633
66.6622
66.6611
66.6605
66.6605
66.6611
66.6622
66.6633
66.667
66.6529
66.6472
66.6444
66.6421
66.6408
66.6408
66.6421
66.6444
66.6472
66.6529
66.6359
66.6285
66.6238
66.6203
66.6184
66.6184
66.6203
66.6237
66.6284
66.6359
66.622
66.6083
66.601
66.5959
66.5933
66.5933
66.5959
66.601
66.6083
66.622
62.0408
62.0408
62.0408
62.0408
62.0407
62.0407
62.0408
62.0408
62.0407
62.0408
62.0508
62.0512
62.0517
62.0519
62.052
62.052
62.0519
62.0517
62.0512
62.0508
62.0619
62.0625
62.0633
62.0637
62.0639
62.0639
62.0637
62.0633
62.0625
62.0619
62.0704
62.071
62.0718
62.0721
62.0723
62.0723
62.0721
62.0718
62.071
62.0704
62.0761
62.0763
62.0768
62.0769
62.0769
62.0769
62.0769
62.0768
62.0763
62.0761
62.0792
62.0787
62.0787
62.0784
62.0782
62.0782
62.0784
62.0787
62.0787
62.0792
62.0798
62.0785
62.0779
62.0772
62.0767
62.0767
62.0772
62.0779
62.0785
62.0798
62.0782
62.0763
62.075
62.0739
62.0732
62.0732
62.0739
62.075
62.0763
62.0782
62.0756
62.0729
62.0709
62.0693
62.0684
62.0684
62.0693
62.0709
62.0729
62.0756
62.0741
62.0688
62.0657
62.0634
62.0622
62.0622
62.0634
62.0657
62.0688
62.0741
57.4364
57.4368
57.4373
57.4376
57.4377
57.4377
57.4376
57.4373
57.4368
57.4364
57.4401
57.4407
57.4414
57.4418
57.442
57.442
57.4418
57.4414
57.4407
57.4401
57.444
57.4447
57.4454
57.4459
57.4462
57.4462
57.4459
57.4454
57.4447
57.444
57.4469
57.4476
57.4484
57.4489
57.4492
57.4492
57.4489
57.4484
57.4476
57.4469
57.4489
57.4495
57.4502
57.4506
57.4508
57.4508
57.4506
57.4502
57.4495
57.4489
57.4499
57.4502
57.4507
57.4509
57.4511
57.4511
57.4509
57.4507
57.4502
57.4499
57.4498
57.4498
57.45
57.4501
57.4501
57.4501
57.4501
57.45
57.4497
57.4498
57.4487
57.4484
57.4483
57.4482
57.4481
57.4481
57.4482
57.4483
57.4484
57.4487
57.4471
57.4464
57.446
57.4456
57.4454
57.4454
57.4456
57.446
57.4464
57.4471
57.446
57.444
57.443
57.4422
57.4418
57.4418
57.4422
57.443
57.444
57.446
52.8477
52.8477
52.8478
52.8478
52.8478
52.8478
52.8478
52.8478
52.8477
52.8477
52.8492
52.8493
52.8494
52.8495
52.8495
52.8495
52.8495
52.8494
52.8493
52.8492
52.8511
52.8512
52.8514
52.8515
52.8515
52.8515
52.8515
52.8514
52.8512
52.8511
52.8527
52.8529
52.8531
52.8532
52.8533
52.8533
52.8532
52.8531
52.8529
52.8527
52.8541
52.8543
52.8545
52.8546
52.8547
52.8547
52.8546
52.8545
52.8543
52.8541
52.8552
52.8553
52.8555
52.8556
52.8556
52.8556
52.8556
52.8555
52.8553
52.8552
52.8559
52.856
52.8561
52.8561
52.8561
52.8561
52.8561
52.8561
52.856
52.8559
52.8564
52.8564
52.8564
52.8564
52.8563
52.8563
52.8564
52.8564
52.8564
52.8564
52.8567
52.8566
52.8565
52.8563
52.8562
52.8562
52.8563
52.8565
52.8566
52.8567
52.8572
52.8566
52.8562
52.856
52.8558
52.8558
52.856
52.8562
52.8566
52.8572
48.2517
48.2518
48.2518
48.2519
48.2519
48.2519
48.2519
48.2518
48.2518
48.2517
48.2522
48.2523
48.2525
48.2525
48.2526
48.2526
48.2525
48.2525
48.2523
48.2522
48.2529
48.253
48.2531
48.2532
48.2533
48.2533
48.2532
48.2531
48.253
48.2529
48.2534
48.2536
48.2537
48.2538
48.2539
48.2539
48.2538
48.2537
48.2536
48.2534
48.2539
48.254
48.2542
48.2543
48.2544
48.2544
48.2543
48.2542
48.254
48.2539
48.2543
48.2544
48.2545
48.2546
48.2547
48.2547
48.2546
48.2545
48.2544
48.2543
48.2545
48.2546
48.2547
48.2548
48.2548
48.2548
48.2548
48.2547
48.2546
48.2545
48.2546
48.2546
48.2547
48.2547
48.2548
48.2548
48.2547
48.2547
48.2546
48.2546
48.2545
48.2546
48.2546
48.2546
48.2546
48.2546
48.2546
48.2546
48.2546
48.2545
48.2546
48.2544
48.2543
48.2542
48.2542
48.2542
48.2542
48.2543
48.2544
48.2546
43.6577
43.6577
43.6577
43.6577
43.6577
43.6577
43.6577
43.6577
43.6577
43.6577
43.6579
43.658
43.658
43.658
43.658
43.658
43.658
43.658
43.658
43.6579
43.6582
43.6583
43.6583
43.6583
43.6583
43.6583
43.6583
43.6583
43.6583
43.6582
43.6585
43.6586
43.6586
43.6587
43.6587
43.6587
43.6587
43.6586
43.6586
43.6585
43.6588
43.6589
43.659
43.659
43.659
43.659
43.659
43.659
43.6589
43.6588
43.6591
43.6592
43.6592
43.6593
43.6593
43.6593
43.6593
43.6592
43.6592
43.6591
43.6594
43.6594
43.6595
43.6595
43.6595
43.6595
43.6595
43.6595
43.6594
43.6594
43.6596
43.6596
43.6597
43.6597
43.6597
43.6597
43.6597
43.6597
43.6596
43.6596
43.6598
43.6598
43.6598
43.6598
43.6598
43.6598
43.6598
43.6598
43.6598
43.6598
43.66
43.66
43.6599
43.6599
43.6599
43.6599
43.6599
43.6599
43.66
43.66
39.0622
39.0622
39.0622
39.0622
39.0622
39.0622
39.0622
39.0622
39.0622
39.0622
39.0623
39.0623
39.0623
39.0623
39.0623
39.0623
39.0623
39.0623
39.0623
39.0623
39.0624
39.0624
39.0624
39.0625
39.0625
39.0625
39.0625
39.0624
39.0624
39.0624
39.0625
39.0625
39.0625
39.0626
39.0626
39.0626
39.0626
39.0625
39.0625
39.0625
39.0626
39.0626
39.0627
39.0627
39.0627
39.0627
39.0627
39.0627
39.0626
39.0626
39.0627
39.0627
39.0628
39.0628
39.0628
39.0628
39.0628
39.0628
39.0627
39.0627
39.0628
39.0628
39.0628
39.0629
39.0629
39.0629
39.0629
39.0628
39.0628
39.0628
39.0628
39.0629
39.0629
39.0629
39.0629
39.0629
39.0629
39.0629
39.0629
39.0628
39.0629
39.0629
39.0629
39.0629
39.0629
39.0629
39.0629
39.0629
39.0629
39.0629
39.0629
39.0629
39.0629
39.0629
39.0629
39.0629
39.0629
39.0629
39.0629
39.0629
34.467
34.467
34.467
34.467
34.467
34.467
34.467
34.467
34.467
34.467
34.467
34.467
34.467
34.467
34.467
34.467
34.467
34.467
34.467
34.467
34.467
34.467
34.467
34.4671
34.4671
34.4671
34.4671
34.467
34.467
34.467
34.4671
34.4671
34.4671
34.4671
34.4671
34.4671
34.4671
34.4671
34.4671
34.4671
34.4672
34.4672
34.4672
34.4672
34.4672
34.4672
34.4672
34.4672
34.4672
34.4671
34.4672
34.4672
34.4672
34.4673
34.4673
34.4673
34.4673
34.4672
34.4672
34.4672
34.4673
34.4673
34.4673
34.4673
34.4673
34.4673
34.4673
34.4673
34.4673
34.4673
34.4673
34.4674
34.4674
34.4674
34.4674
34.4674
34.4674
34.4674
34.4674
34.4673
34.4674
34.4674
34.4674
34.4674
34.4674
34.4674
34.4674
34.4674
34.4674
34.4674
34.4675
34.4675
34.4675
34.4675
34.4675
34.4675
34.4675
34.4675
34.4675
34.4675
29.8714
29.8714
29.8714
29.8714
29.8714
29.8714
29.8714
29.8714
29.8714
29.8714
29.8714
29.8714
29.8714
29.8714
29.8714
29.8714
29.8714
29.8714
29.8714
29.8714
29.8714
29.8714
29.8714
29.8714
29.8714
29.8714
29.8714
29.8714
29.8714
29.8714
29.8714
29.8714
29.8714
29.8714
29.8714
29.8714
29.8714
29.8714
29.8714
29.8714
29.8714
29.8715
29.8715
29.8715
29.8715
29.8715
29.8715
29.8715
29.8715
29.8714
29.8715
29.8715
29.8715
29.8715
29.8715
29.8715
29.8715
29.8715
29.8715
29.8715
29.8715
29.8715
29.8715
29.8715
29.8715
29.8715
29.8715
29.8715
29.8715
29.8715
29.8715
29.8715
29.8715
29.8715
29.8715
29.8715
29.8715
29.8715
29.8715
29.8715
29.8715
29.8715
29.8715
29.8716
29.8716
29.8716
29.8716
29.8715
29.8715
29.8715
29.8716
29.8716
29.8716
29.8716
29.8716
29.8716
29.8716
29.8716
29.8716
29.8716
25.2758
25.2758
25.2758
25.2758
25.2758
25.2758
25.2758
25.2758
25.2758
25.2758
25.2758
25.2758
25.2758
25.2758
25.2758
25.2758
25.2758
25.2758
25.2758
25.2758
25.2759
25.2759
25.2759
25.2759
25.2759
25.2759
25.2759
25.2759
25.2759
25.2759
25.2759
25.2759
25.2759
25.2759
25.2759
25.2759
25.2759
25.2759
25.2759
25.2759
25.2759
25.2759
25.2759
25.2759
25.2759
25.2759
25.2759
25.2759
25.2759
25.2759
25.2759
25.2759
25.2759
25.2759
25.2759
25.2759
25.2759
25.2759
25.2759
25.2759
25.2759
25.2759
25.2759
25.2759
25.2759
25.2759
25.2759
25.2759
25.2759
25.2759
25.2759
25.2759
25.2759
25.2759
25.2759
25.2759
25.2759
25.2759
25.2759
25.2759
25.2759
25.2759
25.2759
25.2759
25.2759
25.2759
25.2759
25.2759
25.2759
25.2759
25.2759
25.276
25.276
25.276
25.276
25.276
25.276
25.276
25.276
25.2759
20.6802
20.6802
20.6802
20.6802
20.6802
20.6802
20.6802
20.6802
20.6802
20.6802
20.6802
20.6802
20.6802
20.6802
20.6802
20.6802
20.6802
20.6802
20.6802
20.6802
20.6802
20.6802
20.6802
20.6802
20.6802
20.6802
20.6802
20.6802
20.6802
20.6802
20.6802
20.6802
20.6802
20.6802
20.6802
20.6802
20.6802
20.6802
20.6802
20.6802
20.6802
20.6802
20.6802
20.6802
20.6802
20.6802
20.6802
20.6802
20.6802
20.6802
20.6802
20.6803
20.6803
20.6803
20.6803
20.6803
20.6803
20.6803
20.6803
20.6802
20.6803
20.6803
20.6803
20.6803
20.6803
20.6803
20.6803
20.6803
20.6803
20.6803
20.6803
20.6803
20.6803
20.6803
20.6803
20.6803
20.6803
20.6803
20.6803
20.6803
20.6803
20.6803
20.6803
20.6803
20.6803
20.6803
20.6803
20.6803
20.6803
20.6803
20.6803
20.6803
20.6803
20.6803
20.6803
20.6803
20.6803
20.6803
20.6803
20.6803
16.0846
16.0846
16.0846
16.0846
16.0846
16.0846
16.0846
16.0846
16.0846
16.0846
16.0846
16.0846
16.0846
16.0846
16.0846
16.0846
16.0846
16.0846
16.0846
16.0846
16.0846
16.0846
16.0846
16.0846
16.0846
16.0846
16.0846
16.0846
16.0846
16.0846
16.0846
16.0846
16.0846
16.0846
16.0846
16.0846
16.0846
16.0846
16.0846
16.0846
16.0846
16.0846
16.0846
16.0846
16.0846
16.0846
16.0846
16.0846
16.0846
16.0846
16.0846
16.0846
16.0846
16.0846
16.0846
16.0846
16.0846
16.0846
16.0846
16.0846
16.0846
16.0846
16.0846
16.0846
16.0846
16.0846
16.0846
16.0846
16.0846
16.0846
16.0846
16.0846
16.0846
16.0846
16.0846
16.0846
16.0846
16.0846
16.0846
16.0846
16.0846
16.0846
16.0846
16.0846
16.0846
16.0846
16.0846
16.0846
16.0846
16.0846
16.0846
16.0846
16.0846
16.0846
16.0847
16.0847
16.0846
16.0846
16.0846
16.0846
11.489
11.489
11.489
11.489
11.489
11.489
11.489
11.489
11.489
11.489
11.489
11.489
11.489
11.489
11.489
11.489
11.489
11.489
11.489
11.489
11.489
11.489
11.489
11.489
11.489
11.489
11.489
11.489
11.489
11.489
11.489
11.489
11.489
11.489
11.489
11.489
11.489
11.489
11.489
11.489
11.489
11.489
11.489
11.489
11.489
11.489
11.489
11.489
11.489
11.489
11.489
11.489
11.489
11.489
11.489
11.489
11.489
11.489
11.489
11.489
11.489
11.489
11.489
11.489
11.489
11.489
11.489
11.489
11.489
11.489
11.489
11.489
11.489
11.489
11.489
11.489
11.489
11.489
11.489
11.489
11.489
11.489
11.489
11.489
11.489
11.489
11.489
11.489
11.489
11.489
11.489
11.489
11.489
11.489
11.489
11.489
11.489
11.489
11.489
11.489
6.89337
6.89337
6.89337
6.89337
6.89337
6.89337
6.89337
6.89337
6.89337
6.89337
6.89334
6.89335
6.89335
6.89335
6.89335
6.89335
6.89335
6.89335
6.89335
6.89335
6.89335
6.89335
6.89335
6.89335
6.89335
6.89335
6.89335
6.89335
6.89335
6.89335
6.89336
6.89336
6.89336
6.89336
6.89336
6.89336
6.89336
6.89336
6.89336
6.89336
6.89337
6.89337
6.89337
6.89338
6.89338
6.89338
6.89338
6.89337
6.89337
6.89337
6.89338
6.89338
6.89338
6.89338
6.89338
6.89338
6.89338
6.89338
6.89338
6.89338
6.89338
6.89338
6.89339
6.89339
6.89339
6.89339
6.89339
6.89339
6.89339
6.89338
6.89339
6.89339
6.89339
6.89339
6.89339
6.89339
6.89339
6.89339
6.89339
6.89339
6.89339
6.89339
6.89339
6.89339
6.89339
6.89339
6.89339
6.89339
6.89339
6.89339
6.89339
6.89339
6.89339
6.89339
6.8934
6.8934
6.8934
6.8934
6.89339
6.89339
2.29778
2.29778
2.29778
2.29778
2.29778
2.29778
2.29778
2.29778
2.29778
2.29778
2.29775
2.29776
2.29776
2.29776
2.29776
2.29776
2.29776
2.29776
2.29776
2.29775
2.29776
2.29776
2.29776
2.29776
2.29776
2.29776
2.29776
2.29776
2.29776
2.29776
2.29776
2.29776
2.29776
2.29777
2.29777
2.29777
2.29777
2.29776
2.29776
2.29776
2.29777
2.29777
2.29777
2.29777
2.29777
2.29777
2.29777
2.29777
2.29777
2.29777
2.29777
2.29777
2.29777
2.29777
2.29777
2.29777
2.29777
2.29777
2.29777
2.29777
2.29777
2.29777
2.29777
2.29777
2.29777
2.29777
2.29777
2.29777
2.29777
2.29777
2.29777
2.29777
2.29777
2.29777
2.29777
2.29777
2.29777
2.29777
2.29777
2.29777
2.29777
2.29777
2.29777
2.29777
2.29777
2.29777
2.29777
2.29777
2.29777
2.29777
2.29776
2.29776
2.29776
2.29777
2.29777
2.29777
2.29777
2.29777
2.29777
2.29776
122.096
121.548
121.2
120.946
120.814
120.814
120.946
121.2
121.548
122.096
113.513
112.714
112.184
111.809
111.616
111.616
111.809
112.184
112.714
113.513
106.388
105.469
104.865
104.444
104.228
104.228
104.444
104.865
105.469
106.388
101.467
100.523
99.9118
99.4925
99.2777
99.2777
99.4925
99.9117
100.523
101.467
97.7805
96.847
96.2458
95.8421
95.6353
95.6353
95.8421
96.2458
96.847
97.7805
94.8098
93.9061
93.3242
92.9431
92.7484
92.7484
92.9431
93.3242
93.9061
94.8098
92.3768
91.5231
90.9698
90.6175
90.4383
90.4383
90.6175
90.9698
91.5231
92.3768
90.3789
89.5967
89.0835
88.7649
88.6036
88.6036
88.7649
89.0835
89.5967
90.3789
88.7342
88.0398
87.5791
87.2986
87.1568
87.1568
87.2986
87.5791
88.0398
88.7342
87.4441
86.7732
86.3748
86.133
86.0106
86.0106
86.133
86.3748
86.7732
87.4441
87.2955
87.4553
87.6281
87.7455
87.8062
87.8062
87.7455
87.6281
87.4553
87.2955
87.5975
87.6806
87.793
87.8659
87.9031
87.9031
87.8659
87.793
87.6806
87.5975
87.466
87.4554
87.4962
87.5181
87.5289
87.5289
87.5181
87.4962
87.4554
87.466
86.9955
86.9001
86.8764
86.8545
86.8426
86.8426
86.8545
86.8764
86.9001
86.9955
86.3746
86.2108
86.1335
86.0771
86.0474
86.0474
86.077
86.1335
86.2108
86.3746
85.6991
85.4848
85.365
85.2834
85.2409
85.2409
85.2834
85.365
85.4848
85.6991
85.0169
84.7712
84.6216
84.5241
84.4738
84.4738
84.5241
84.6216
84.7712
85.0169
84.3548
84.0996
83.935
83.8308
83.7772
83.7772
83.8308
83.935
84.0996
84.3548
83.7378
83.4905
83.3242
83.221
83.1677
83.1677
83.221
83.3242
83.4905
83.7378
83.2419
82.9467
82.7848
82.6851
82.6333
82.6333
82.6851
82.7848
82.9467
83.2419
81.8104
81.792
81.7879
81.7813
81.7781
81.7781
81.7813
81.7879
81.792
81.8104
82.1203
82.097
82.0898
82.0801
82.075
82.075
82.0801
82.0898
82.097
82.1203
82.3578
82.315
82.2949
82.2749
82.2642
82.2642
82.2749
82.2949
82.315
82.3578
82.344
82.2693
82.2274
82.1918
82.173
82.173
82.1918
82.2274
82.2693
82.344
82.1604
82.0526
81.9875
81.9369
81.9102
81.9102
81.9369
81.9875
82.0526
82.1604
81.8904
81.7543
81.6684
81.6057
81.5727
81.5727
81.6057
81.6684
81.7543
81.8904
81.5777
81.421
81.3186
81.2474
81.2101
81.2101
81.2473
81.3186
81.421
81.5777
81.2463
81.08
80.9675
80.892
80.8528
80.8528
80.892
80.9675
81.08
81.2463
80.9205
80.7536
80.637
80.561
80.5215
80.5215
80.561
80.637
80.7536
80.9205
80.6504
80.4489
80.3311
80.2558
80.2167
80.2167
80.2558
80.3311
80.4489
80.6504
75.8679
75.8848
75.9064
75.9207
75.9282
75.9282
75.9207
75.9064
75.8848
75.8679
76.0151
76.0333
76.0567
76.0719
76.0799
76.0799
76.0719
76.0567
76.0333
76.0151
76.1253
76.1394
76.1605
76.1738
76.1808
76.1808
76.1738
76.1605
76.1394
76.1253
76.1572
76.1603
76.1738
76.1813
76.1853
76.1853
76.1813
76.1738
76.1603
76.1572
76.1294
76.1183
76.1212
76.1214
76.1214
76.1214
76.1214
76.1212
76.1183
76.1294
76.0614
76.0359
76.0275
76.0202
76.0163
76.0163
76.0202
76.0275
76.0359
76.0614
75.9651
75.9271
75.9083
75.8946
75.8873
75.8873
75.8945
75.9083
75.9271
75.9651
75.8491
75.8027
75.7759
75.7573
75.7476
75.7476
75.7573
75.7759
75.8027
75.8491
75.7256
75.6745
75.6415
75.6195
75.6078
75.6078
75.6195
75.6415
75.6745
75.7256
75.6244
75.5484
75.5084
75.4823
75.4686
75.4686
75.4823
75.5084
75.5484
75.6244
71.3127
71.3111
71.3111
71.3103
71.3099
71.3099
71.3103
71.3111
71.3111
71.3127
71.3774
71.3779
71.3797
71.3801
71.3803
71.3803
71.3801
71.3797
71.3779
71.3774
71.4405
71.4411
71.4433
71.4437
71.4439
71.4439
71.4437
71.4433
71.4411
71.4405
71.4773
71.475
71.4754
71.4743
71.4736
71.4736
71.4743
71.4754
71.475
71.4773
71.4892
71.4823
71.4794
71.4758
71.4737
71.4737
71.4758
71.4794
71.4823
71.4892
71.4819
71.4695
71.4625
71.4561
71.4526
71.4526
71.4561
71.4625
71.4695
71.4819
71.4596
71.4418
71.4307
71.4218
71.4169
71.4169
71.4218
71.4307
71.4418
71.4596
71.426
71.4043
71.3896
71.3787
71.3727
71.3727
71.3787
71.3896
71.4043
71.426
71.3873
71.3626
71.3449
71.3322
71.3254
71.3254
71.3322
71.3449
71.3626
71.3873
71.3559
71.3193
71.2977
71.283
71.2753
71.2753
71.283
71.2977
71.3193
71.3559
66.611
66.6132
66.6161
66.6179
66.6189
66.6189
66.6179
66.6161
66.6132
66.611
66.6356
66.6387
66.6424
66.6448
66.6461
66.6461
66.6448
66.6424
66.6387
66.6356
66.6582
66.6616
66.6658
66.6684
66.6698
66.6698
66.6684
66.6658
66.6616
66.6582
66.6721
66.6747
66.6785
66.6807
66.6819
66.6819
66.6807
66.6785
66.6747
66.6721
66.6776
66.6785
66.681
66.6824
66.6831
66.6831
66.6824
66.681
66.6785
66.6776
66.6756
66.6742
66.6751
66.6752
66.6753
66.6753
66.6752
66.6751
66.6742
66.6756
66.667
66.6633
66.6622
66.6611
66.6605
66.6605
66.6611
66.6622
66.6633
66.667
66.6529
66.6472
66.6444
66.6421
66.6408
66.6408
66.6421
66.6444
66.6472
66.6529
66.6359
66.6284
66.6237
66.6203
66.6184
66.6184
66.6203
66.6237
66.6284
66.6359
66.622
66.6083
66.601
66.5959
66.5933
66.5933
66.5959
66.601
66.6083
66.622
62.0408
62.0407
62.0408
62.0408
62.0407
62.0407
62.0408
62.0408
62.0407
62.0408
62.0508
62.0512
62.0517
62.0519
62.052
62.052
62.0519
62.0517
62.0512
62.0508
62.0619
62.0625
62.0633
62.0637
62.0639
62.0639
62.0637
62.0633
62.0625
62.0619
62.0704
62.071
62.0718
62.0721
62.0723
62.0723
62.0721
62.0718
62.071
62.0704
62.0761
62.0763
62.0768
62.0769
62.0769
62.0769
62.0769
62.0768
62.0763
62.0761
62.0792
62.0787
62.0787
62.0784
62.0782
62.0782
62.0784
62.0787
62.0787
62.0792
62.0798
62.0785
62.0779
62.0771
62.0767
62.0767
62.0771
62.0779
62.0785
62.0798
62.0782
62.0763
62.075
62.0739
62.0732
62.0732
62.0739
62.075
62.0763
62.0782
62.0756
62.0729
62.0709
62.0693
62.0684
62.0684
62.0693
62.0709
62.0729
62.0756
62.0741
62.0688
62.0657
62.0634
62.0622
62.0622
62.0634
62.0657
62.0688
62.0741
57.4364
57.4368
57.4373
57.4376
57.4377
57.4377
57.4376
57.4373
57.4368
57.4364
57.4401
57.4407
57.4413
57.4418
57.442
57.442
57.4418
57.4413
57.4407
57.4401
57.444
57.4447
57.4454
57.4459
57.4462
57.4462
57.4459
57.4454
57.4447
57.444
57.4469
57.4476
57.4484
57.4489
57.4492
57.4492
57.4489
57.4484
57.4476
57.4469
57.4489
57.4495
57.4502
57.4506
57.4508
57.4508
57.4506
57.4502
57.4494
57.4489
57.4499
57.4502
57.4507
57.4509
57.4511
57.4511
57.4509
57.4507
57.4502
57.4499
57.4498
57.4497
57.45
57.4501
57.4501
57.4501
57.4501
57.45
57.4497
57.4498
57.4487
57.4484
57.4483
57.4482
57.4481
57.4481
57.4482
57.4483
57.4484
57.4487
57.4471
57.4464
57.446
57.4456
57.4454
57.4454
57.4456
57.446
57.4464
57.4471
57.446
57.444
57.443
57.4422
57.4418
57.4418
57.4422
57.443
57.444
57.446
52.8477
52.8477
52.8478
52.8478
52.8478
52.8478
52.8478
52.8478
52.8477
52.8477
52.8492
52.8493
52.8494
52.8495
52.8495
52.8495
52.8495
52.8494
52.8493
52.8492
52.851
52.8512
52.8514
52.8515
52.8515
52.8515
52.8515
52.8514
52.8512
52.851
52.8527
52.8529
52.8531
52.8532
52.8533
52.8533
52.8532
52.8531
52.8529
52.8527
52.8541
52.8543
52.8545
52.8546
52.8546
52.8546
52.8546
52.8545
52.8543
52.8541
52.8552
52.8553
52.8555
52.8556
52.8556
52.8556
52.8556
52.8555
52.8553
52.8552
52.8559
52.856
52.8561
52.8561
52.8561
52.8561
52.8561
52.8561
52.856
52.8559
52.8564
52.8564
52.8564
52.8564
52.8563
52.8563
52.8564
52.8564
52.8564
52.8564
52.8567
52.8566
52.8565
52.8563
52.8562
52.8562
52.8563
52.8565
52.8566
52.8567
52.8572
52.8566
52.8562
52.856
52.8558
52.8558
52.856
52.8562
52.8566
52.8572
48.2517
48.2518
48.2518
48.2519
48.2519
48.2519
48.2519
48.2518
48.2518
48.2517
48.2522
48.2523
48.2525
48.2525
48.2526
48.2526
48.2525
48.2525
48.2523
48.2522
48.2529
48.253
48.2531
48.2532
48.2533
48.2533
48.2532
48.2531
48.253
48.2529
48.2534
48.2536
48.2537
48.2538
48.2539
48.2539
48.2538
48.2537
48.2536
48.2534
48.2539
48.254
48.2542
48.2543
48.2544
48.2544
48.2543
48.2542
48.254
48.2539
48.2543
48.2544
48.2545
48.2546
48.2547
48.2547
48.2546
48.2545
48.2544
48.2543
48.2545
48.2546
48.2547
48.2548
48.2548
48.2548
48.2548
48.2547
48.2546
48.2545
48.2546
48.2546
48.2547
48.2547
48.2548
48.2548
48.2547
48.2547
48.2546
48.2546
48.2545
48.2546
48.2546
48.2546
48.2546
48.2546
48.2546
48.2546
48.2546
48.2545
48.2546
48.2544
48.2543
48.2542
48.2542
48.2542
48.2542
48.2543
48.2544
48.2546
43.6577
43.6577
43.6577
43.6577
43.6577
43.6577
43.6577
43.6577
43.6577
43.6577
43.6579
43.658
43.658
43.658
43.658
43.658
43.658
43.658
43.658
43.6579
43.6582
43.6583
43.6583
43.6583
43.6583
43.6583
43.6583
43.6583
43.6583
43.6582
43.6585
43.6586
43.6586
43.6587
43.6587
43.6587
43.6587
43.6586
43.6586
43.6585
43.6588
43.6589
43.659
43.659
43.659
43.659
43.659
43.659
43.6589
43.6588
43.6591
43.6592
43.6592
43.6593
43.6593
43.6593
43.6593
43.6592
43.6592
43.6591
43.6594
43.6594
43.6595
43.6595
43.6595
43.6595
43.6595
43.6595
43.6594
43.6594
43.6596
43.6596
43.6597
43.6597
43.6597
43.6597
43.6597
43.6597
43.6596
43.6596
43.6598
43.6598
43.6598
43.6598
43.6598
43.6598
43.6598
43.6598
43.6598
43.6598
43.66
43.66
43.6599
43.6599
43.6599
43.6599
43.6599
43.6599
43.66
43.66
39.0622
39.0622
39.0622
39.0622
39.0622
39.0622
39.0622
39.0622
39.0622
39.0622
39.0623
39.0623
39.0623
39.0623
39.0623
39.0623
39.0623
39.0623
39.0623
39.0623
39.0624
39.0624
39.0624
39.0625
39.0625
39.0625
39.0625
39.0624
39.0624
39.0624
39.0625
39.0625
39.0625
39.0626
39.0626
39.0626
39.0626
39.0625
39.0625
39.0625
39.0626
39.0626
39.0627
39.0627
39.0627
39.0627
39.0627
39.0627
39.0626
39.0626
39.0627
39.0627
39.0628
39.0628
39.0628
39.0628
39.0628
39.0628
39.0627
39.0627
39.0628
39.0628
39.0628
39.0629
39.0629
39.0629
39.0629
39.0628
39.0628
39.0628
39.0628
39.0629
39.0629
39.0629
39.0629
39.0629
39.0629
39.0629
39.0629
39.0628
39.0629
39.0629
39.0629
39.0629
39.0629
39.0629
39.0629
39.0629
39.0629
39.0629
39.0629
39.0629
39.0629
39.0629
39.0629
39.0629
39.0629
39.0629
39.0629
39.0629
34.467
34.467
34.467
34.467
34.467
34.467
34.467
34.467
34.467
34.467
34.467
34.467
34.467
34.467
34.467
34.467
34.467
34.467
34.467
34.467
34.467
34.467
34.467
34.4671
34.4671
34.4671
34.4671
34.467
34.467
34.467
34.4671
34.4671
34.4671
34.4671
34.4671
34.4671
34.4671
34.4671
34.4671
34.4671
34.4671
34.4672
34.4672
34.4672
34.4672
34.4672
34.4672
34.4672
34.4672
34.4671
34.4672
34.4672
34.4672
34.4673
34.4673
34.4673
34.4673
34.4672
34.4672
34.4672
34.4673
34.4673
34.4673
34.4673
34.4673
34.4673
34.4673
34.4673
34.4673
34.4673
34.4673
34.4674
34.4674
34.4674
34.4674
34.4674
34.4674
34.4674
34.4674
34.4673
34.4674
34.4674
34.4674
34.4674
34.4674
34.4674
34.4674
34.4674
34.4674
34.4674
34.4675
34.4675
34.4675
34.4675
34.4675
34.4675
34.4675
34.4675
34.4675
34.4675
29.8714
29.8714
29.8714
29.8714
29.8714
29.8714
29.8714
29.8714
29.8714
29.8714
29.8714
29.8714
29.8714
29.8714
29.8714
29.8714
29.8714
29.8714
29.8714
29.8714
29.8714
29.8714
29.8714
29.8714
29.8714
29.8714
29.8714
29.8714
29.8714
29.8714
29.8714
29.8714
29.8714
29.8714
29.8714
29.8714
29.8714
29.8714
29.8714
29.8714
29.8714
29.8715
29.8715
29.8715
29.8715
29.8715
29.8715
29.8715
29.8715
29.8714
29.8715
29.8715
29.8715
29.8715
29.8715
29.8715
29.8715
29.8715
29.8715
29.8715
29.8715
29.8715
29.8715
29.8715
29.8715
29.8715
29.8715
29.8715
29.8715
29.8715
29.8715
29.8715
29.8715
29.8715
29.8715
29.8715
29.8715
29.8715
29.8715
29.8715
29.8715
29.8715
29.8715
29.8716
29.8716
29.8716
29.8716
29.8715
29.8715
29.8715
29.8716
29.8716
29.8716
29.8716
29.8716
29.8716
29.8716
29.8716
29.8716
29.8716
25.2758
25.2758
25.2758
25.2758
25.2758
25.2758
25.2758
25.2758
25.2758
25.2758
25.2758
25.2758
25.2758
25.2758
25.2758
25.2758
25.2758
25.2758
25.2758
25.2758
25.2759
25.2759
25.2759
25.2759
25.2759
25.2759
25.2759
25.2759
25.2759
25.2759
25.2759
25.2759
25.2759
25.2759
25.2759
25.2759
25.2759
25.2759
25.2759
25.2759
25.2759
25.2759
25.2759
25.2759
25.2759
25.2759
25.2759
25.2759
25.2759
25.2759
25.2759
25.2759
25.2759
25.2759
25.2759
25.2759
25.2759
25.2759
25.2759
25.2759
25.2759
25.2759
25.2759
25.2759
25.2759
25.2759
25.2759
25.2759
25.2759
25.2759
25.2759
25.2759
25.2759
25.2759
25.2759
25.2759
25.2759
25.2759
25.2759
25.2759
25.2759
25.2759
25.2759
25.2759
25.2759
25.2759
25.2759
25.2759
25.2759
25.2759
25.2759
25.276
25.276
25.276
25.276
25.276
25.276
25.276
25.276
25.2759
20.6802
20.6802
20.6802
20.6802
20.6802
20.6802
20.6802
20.6802
20.6802
20.6802
20.6802
20.6802
20.6802
20.6802
20.6802
20.6802
20.6802
20.6802
20.6802
20.6802
20.6802
20.6802
20.6802
20.6802
20.6802
20.6802
20.6802
20.6802
20.6802
20.6802
20.6802
20.6802
20.6802
20.6802
20.6802
20.6802
20.6802
20.6802
20.6802
20.6802
20.6802
20.6802
20.6802
20.6802
20.6802
20.6802
20.6802
20.6802
20.6802
20.6802
20.6802
20.6803
20.6803
20.6803
20.6803
20.6803
20.6803
20.6803
20.6803
20.6802
20.6803
20.6803
20.6803
20.6803
20.6803
20.6803
20.6803
20.6803
20.6803
20.6803
20.6803
20.6803
20.6803
20.6803
20.6803
20.6803
20.6803
20.6803
20.6803
20.6803
20.6803
20.6803
20.6803
20.6803
20.6803
20.6803
20.6803
20.6803
20.6803
20.6803
20.6803
20.6803
20.6803
20.6803
20.6803
20.6803
20.6803
20.6803
20.6803
20.6803
16.0846
16.0846
16.0846
16.0846
16.0846
16.0846
16.0846
16.0846
16.0846
16.0846
16.0846
16.0846
16.0846
16.0846
16.0846
16.0846
16.0846
16.0846
16.0846
16.0846
16.0846
16.0846
16.0846
16.0846
16.0846
16.0846
16.0846
16.0846
16.0846
16.0846
16.0846
16.0846
16.0846
16.0846
16.0846
16.0846
16.0846
16.0846
16.0846
16.0846
16.0846
16.0846
16.0846
16.0846
16.0846
16.0846
16.0846
16.0846
16.0846
16.0846
16.0846
16.0846
16.0846
16.0846
16.0846
16.0846
16.0846
16.0846
16.0846
16.0846
16.0846
16.0846
16.0846
16.0846
16.0846
16.0846
16.0846
16.0846
16.0846
16.0846
16.0846
16.0846
16.0846
16.0846
16.0846
16.0846
16.0846
16.0846
16.0846
16.0846
16.0846
16.0846
16.0846
16.0846
16.0846
16.0846
16.0846
16.0846
16.0846
16.0846
16.0846
16.0846
16.0846
16.0847
16.0847
16.0847
16.0847
16.0846
16.0846
16.0846
11.489
11.489
11.489
11.489
11.489
11.489
11.489
11.489
11.489
11.489
11.489
11.489
11.489
11.489
11.489
11.489
11.489
11.489
11.489
11.489
11.489
11.489
11.489
11.489
11.489
11.489
11.489
11.489
11.489
11.489
11.489
11.489
11.489
11.489
11.489
11.489
11.489
11.489
11.489
11.489
11.489
11.489
11.489
11.489
11.489
11.489
11.489
11.489
11.489
11.489
11.489
11.489
11.489
11.489
11.489
11.489
11.489
11.489
11.489
11.489
11.489
11.489
11.489
11.489
11.489
11.489
11.489
11.489
11.489
11.489
11.489
11.489
11.489
11.489
11.489
11.489
11.489
11.489
11.489
11.489
11.489
11.489
11.489
11.489
11.489
11.489
11.489
11.489
11.489
11.489
11.489
11.489
11.489
11.489
11.489
11.489
11.489
11.489
11.489
11.489
6.89337
6.89337
6.89337
6.89337
6.89337
6.89337
6.89337
6.89337
6.89337
6.89337
6.89335
6.89335
6.89335
6.89335
6.89335
6.89335
6.89335
6.89335
6.89335
6.89335
6.89335
6.89335
6.89335
6.89335
6.89335
6.89335
6.89335
6.89335
6.89335
6.89335
6.89336
6.89336
6.89336
6.89336
6.89337
6.89337
6.89336
6.89336
6.89336
6.89336
6.89337
6.89337
6.89337
6.89338
6.89338
6.89338
6.89338
6.89337
6.89337
6.89337
6.89338
6.89338
6.89338
6.89338
6.89338
6.89338
6.89338
6.89338
6.89338
6.89338
6.89338
6.89339
6.89339
6.89339
6.89339
6.89339
6.89339
6.89339
6.89339
6.89338
6.89339
6.89339
6.89339
6.89339
6.89339
6.89339
6.89339
6.89339
6.89339
6.89339
6.89339
6.89339
6.89339
6.89339
6.89339
6.89339
6.89339
6.89339
6.89339
6.89339
6.89339
6.89339
6.8934
6.8934
6.8934
6.8934
6.8934
6.8934
6.8934
6.89339
2.29778
2.29778
2.29778
2.29778
2.29778
2.29778
2.29778
2.29778
2.29778
2.29778
2.29775
2.29776
2.29776
2.29776
2.29776
2.29776
2.29776
2.29776
2.29776
2.29775
2.29776
2.29776
2.29776
2.29776
2.29776
2.29776
2.29776
2.29776
2.29776
2.29776
2.29776
2.29776
2.29777
2.29777
2.29777
2.29777
2.29777
2.29777
2.29776
2.29776
2.29777
2.29777
2.29777
2.29777
2.29777
2.29777
2.29777
2.29777
2.29777
2.29777
2.29777
2.29777
2.29777
2.29777
2.29777
2.29777
2.29777
2.29777
2.29777
2.29777
2.29777
2.29777
2.29777
2.29777
2.29777
2.29777
2.29777
2.29777
2.29777
2.29777
2.29777
2.29777
2.29777
2.29777
2.29777
2.29777
2.29777
2.29777
2.29777
2.29777
2.29777
2.29777
2.29777
2.29777
2.29777
2.29777
2.29777
2.29777
2.29777
2.29777
2.29776
2.29777
2.29777
2.29777
2.29777
2.29777
2.29777
2.29777
2.29777
2.29777
86.5703
85.9586
85.5704
85.324
85.202
85.202
85.3241
85.5704
85.9586
86.5703
85.9586
85.4318
85.0403
84.7808
84.6523
84.6523
84.7808
85.0403
85.4318
85.9586
85.5704
85.0403
84.6344
84.3655
84.233
84.233
84.3655
84.6344
85.0403
85.5704
85.324
84.7808
84.3655
84.0923
83.9581
83.9581
84.0923
84.3655
84.7808
85.3241
85.202
84.6523
84.233
83.9581
83.8232
83.8232
83.9581
84.233
84.6523
85.2021
85.202
84.6523
84.233
83.9581
83.8232
83.8232
83.9581
84.233
84.6523
85.2021
85.3241
84.7808
84.3655
84.0923
83.9581
83.9581
84.0923
84.3655
84.7808
85.3241
85.5704
85.0403
84.6344
84.3655
84.233
84.233
84.3655
84.6344
85.0404
85.5704
85.9586
85.4318
85.0403
84.7808
84.6523
84.6523
84.7808
85.0404
85.4318
85.9586
86.5703
85.9586
85.5704
85.3241
85.2021
85.2021
85.3241
85.5704
85.9586
86.5703
82.8124
82.5532
82.3942
82.2899
82.237
82.237
82.2899
82.3942
82.5532
82.8124
82.5532
82.3327
82.1558
82.0342
81.9733
81.9733
82.0342
82.1558
82.3327
82.5532
82.3942
82.1558
81.9596
81.8263
81.7602
81.7602
81.8263
81.9596
82.1558
82.3942
82.2899
82.0342
81.8263
81.6865
81.6174
81.6174
81.6865
81.8263
82.0342
82.29
82.237
81.9733
81.7602
81.6174
81.5468
81.5468
81.6174
81.7602
81.9734
82.237
82.237
81.9733
81.7602
81.6174
81.5468
81.5468
81.6174
81.7602
81.9734
82.237
82.2899
82.0342
81.8263
81.6865
81.6174
81.6174
81.6865
81.8263
82.0343
82.29
82.3942
82.1558
81.9596
81.8263
81.7602
81.7602
81.8263
81.9596
82.1558
82.3943
82.5532
82.3327
82.1558
82.0342
81.9734
81.9734
82.0343
82.1558
82.3327
82.5532
82.8124
82.5532
82.3942
82.29
82.237
82.237
82.29
82.3943
82.5532
82.8124
80.3388
80.1836
80.0834
80.015
79.9799
79.9799
80.015
80.0834
80.1836
80.3388
80.1836
80.047
79.9319
79.8507
79.8096
79.8096
79.8507
79.9319
80.047
80.1836
80.0834
79.9319
79.8013
79.711
79.6659
79.6659
79.711
79.8013
79.9319
80.0834
80.015
79.8507
79.711
79.6159
79.5685
79.5685
79.6159
79.711
79.8507
80.015
79.9799
79.8096
79.6659
79.5685
79.52
79.52
79.5685
79.6659
79.8096
79.9799
79.9799
79.8096
79.6659
79.5685
79.52
79.52
79.5685
79.6659
79.8096
79.9799
80.015
79.8507
79.711
79.6159
79.5685
79.5685
79.6159
79.7111
79.8507
80.015
80.0834
79.9319
79.8013
79.711
79.6659
79.6659
79.7111
79.8013
79.9319
80.0834
80.1836
80.047
79.9319
79.8507
79.8096
79.8096
79.8507
79.9319
80.047
80.1836
80.3388
80.1836
80.0834
80.015
79.9799
79.9799
80.015
80.0834
80.1836
80.3388
75.4731
75.4229
75.391
75.3679
75.3559
75.3559
75.3679
75.391
75.4229
75.4731
75.4229
75.375
75.331
75.2988
75.2825
75.2825
75.2989
75.331
75.375
75.4229
75.391
75.331
75.277
75.2391
75.2202
75.2202
75.2391
75.277
75.331
75.391
75.3679
75.2988
75.2391
75.1981
75.1776
75.1776
75.1981
75.2392
75.2989
75.3679
75.3559
75.2825
75.2202
75.1776
75.1563
75.1563
75.1776
75.2202
75.2825
75.3559
75.3559
75.2825
75.2202
75.1776
75.1563
75.1563
75.1776
75.2202
75.2825
75.3559
75.3679
75.2989
75.2391
75.1981
75.1776
75.1776
75.1981
75.2392
75.2989
75.3679
75.391
75.331
75.277
75.2392
75.2202
75.2202
75.2392
75.277
75.331
75.391
75.4229
75.375
75.331
75.2989
75.2825
75.2825
75.2989
75.331
75.375
75.4229
75.4731
75.4229
75.391
75.3679
75.3559
75.3559
75.3679
75.391
75.4229
75.4732
71.2821
71.2622
71.2485
71.2379
71.2323
71.2323
71.2379
71.2485
71.2622
71.2821
71.2622
71.243
71.2235
71.2088
71.2012
71.2012
71.2088
71.2235
71.243
71.2622
71.2485
71.2235
71.1991
71.1815
71.1726
71.1726
71.1815
71.1991
71.2235
71.2485
71.2379
71.2088
71.1815
71.1624
71.1527
71.1527
71.1624
71.1815
71.2088
71.2379
71.2323
71.2012
71.1726
71.1527
71.1427
71.1427
71.1527
71.1726
71.2012
71.2323
71.2323
71.2012
71.1726
71.1527
71.1427
71.1427
71.1527
71.1726
71.2012
71.2323
71.2379
71.2088
71.1815
71.1624
71.1527
71.1527
71.1624
71.1815
71.2088
71.2379
71.2485
71.2235
71.1991
71.1815
71.1726
71.1726
71.1815
71.1991
71.2236
71.2485
71.2622
71.243
71.2235
71.2088
71.2012
71.2012
71.2088
71.2236
71.243
71.2622
71.2821
71.2622
71.2485
71.2379
71.2323
71.2323
71.2379
71.2485
71.2622
71.2821
66.5869
66.5807
66.5765
66.573
66.5711
66.5711
66.573
66.5765
66.5807
66.5869
66.5807
66.5736
66.5659
66.56
66.5569
66.5569
66.56
66.5659
66.5736
66.5807
66.5765
66.5659
66.5556
66.5482
66.5444
66.5444
66.5482
66.5556
66.5659
66.5765
66.573
66.56
66.5482
66.5399
66.5358
66.5358
66.5399
66.5482
66.56
66.573
66.5711
66.5569
66.5444
66.5358
66.5314
66.5314
66.5358
66.5445
66.5569
66.5711
66.5711
66.5569
66.5444
66.5358
66.5314
66.5314
66.5358
66.5445
66.5569
66.5711
66.573
66.56
66.5482
66.5399
66.5358
66.5358
66.5399
66.5482
66.56
66.573
66.5765
66.5659
66.5556
66.5482
66.5445
66.5445
66.5482
66.5556
66.5659
66.5765
66.5807
66.5736
66.5659
66.56
66.5569
66.5569
66.56
66.5659
66.5736
66.5807
66.5869
66.5807
66.5765
66.573
66.5711
66.5711
66.573
66.5765
66.5807
66.5869
62.0604
62.059
62.0579
62.0569
62.0562
62.0562
62.0569
62.0579
62.059
62.0604
62.059
62.0574
62.055
62.0531
62.052
62.052
62.0531
62.055
62.0574
62.059
62.0579
62.055
62.0516
62.0491
62.0477
62.0477
62.0491
62.0516
62.055
62.0579
62.0569
62.0531
62.0491
62.0462
62.0447
62.0447
62.0462
62.0491
62.0531
62.0569
62.0562
62.052
62.0477
62.0447
62.0431
62.0431
62.0447
62.0477
62.052
62.0562
62.0562
62.052
62.0477
62.0447
62.0431
62.0431
62.0447
62.0477
62.052
62.0563
62.0569
62.0531
62.0491
62.0462
62.0447
62.0447
62.0462
62.0491
62.0531
62.0569
62.0579
62.055
62.0516
62.0491
62.0477
62.0477
62.0491
62.0516
62.055
62.0579
62.059
62.0574
62.055
62.0531
62.052
62.052
62.0531
62.055
62.0574
62.059
62.0604
62.059
62.0579
62.0569
62.0563
62.0563
62.0569
62.0579
62.0591
62.0604
57.4396
57.4392
57.4389
57.4386
57.4384
57.4384
57.4386
57.4389
57.4392
57.4396
57.4392
57.4385
57.4376
57.4367
57.4363
57.4363
57.4367
57.4376
57.4385
57.4392
57.4389
57.4376
57.4361
57.4349
57.4344
57.4344
57.4349
57.4361
57.4376
57.4389
57.4386
57.4367
57.4349
57.4337
57.433
57.433
57.4337
57.4349
57.4367
57.4386
57.4384
57.4363
57.4344
57.433
57.4323
57.4323
57.433
57.4344
57.4363
57.4384
57.4384
57.4363
57.4344
57.433
57.4323
57.4323
57.433
57.4344
57.4363
57.4384
57.4386
57.4367
57.4349
57.4337
57.433
57.433
57.4337
57.4349
57.4367
57.4386
57.4389
57.4376
57.4361
57.4349
57.4344
57.4344
57.4349
57.4361
57.4376
57.4389
57.4392
57.4385
57.4376
57.4367
57.4363
57.4363
57.4367
57.4376
57.4385
57.4392
57.4396
57.4392
57.4389
57.4386
57.4384
57.4384
57.4386
57.4389
57.4392
57.4396
52.8551
52.8552
52.8553
52.8553
52.8553
52.8553
52.8553
52.8553
52.8553
52.8551
52.8552
52.8553
52.8552
52.855
52.8549
52.8549
52.855
52.8552
52.8553
52.8553
52.8553
52.8552
52.8549
52.8546
52.8545
52.8545
52.8546
52.8549
52.8552
52.8553
52.8553
52.855
52.8546
52.8543
52.8542
52.8542
52.8543
52.8546
52.855
52.8553
52.8553
52.8549
52.8545
52.8542
52.854
52.854
52.8542
52.8545
52.8549
52.8553
52.8553
52.8549
52.8545
52.8542
52.854
52.854
52.8542
52.8545
52.8549
52.8553
52.8553
52.855
52.8546
52.8543
52.8542
52.8542
52.8543
52.8546
52.855
52.8553
52.8553
52.8552
52.8549
52.8546
52.8545
52.8545
52.8546
52.8549
52.8552
52.8553
52.8553
52.8553
52.8552
52.855
52.8549
52.8549
52.855
52.8552
52.8554
52.8553
52.8551
52.8553
52.8553
52.8553
52.8553
52.8553
52.8553
52.8553
52.8553
52.8551
48.2537
48.2537
48.2538
48.2538
48.2538
48.2538
48.2538
48.2538
48.2537
48.2537
48.2537
48.2538
48.2537
48.2536
48.2536
48.2536
48.2536
48.2537
48.2538
48.2537
48.2538
48.2537
48.2535
48.2534
48.2534
48.2534
48.2534
48.2535
48.2537
48.2538
48.2538
48.2536
48.2534
48.2533
48.2532
48.2532
48.2533
48.2534
48.2536
48.2538
48.2538
48.2536
48.2534
48.2532
48.2531
48.2531
48.2532
48.2534
48.2536
48.2538
48.2538
48.2536
48.2534
48.2532
48.2531
48.2531
48.2532
48.2534
48.2536
48.2538
48.2538
48.2536
48.2534
48.2533
48.2532
48.2532
48.2533
48.2534
48.2536
48.2538
48.2538
48.2537
48.2535
48.2534
48.2534
48.2534
48.2534
48.2535
48.2537
48.2538
48.2537
48.2538
48.2537
48.2536
48.2536
48.2536
48.2536
48.2537
48.2538
48.2537
48.2537
48.2537
48.2538
48.2538
48.2538
48.2538
48.2538
48.2538
48.2537
48.2537
43.6597
43.6598
43.6599
43.6599
43.6599
43.6599
43.6599
43.6599
43.6598
43.6597
43.6598
43.6599
43.66
43.66
43.66
43.66
43.66
43.66
43.6599
43.6598
43.6599
43.66
43.66
43.66
43.66
43.66
43.66
43.66
43.66
43.6599
43.6599
43.66
43.66
43.66
43.66
43.66
43.66
43.66
43.66
43.6599
43.6599
43.66
43.66
43.66
43.66
43.66
43.66
43.66
43.66
43.6599
43.6599
43.66
43.66
43.66
43.66
43.66
43.66
43.66
43.66
43.6599
43.6599
43.66
43.66
43.66
43.66
43.66
43.66
43.66
43.66
43.6599
43.6599
43.66
43.66
43.66
43.66
43.66
43.66
43.66
43.66
43.6599
43.6598
43.6599
43.66
43.66
43.66
43.66
43.66
43.66
43.6599
43.6598
43.6597
43.6598
43.6599
43.6599
43.6599
43.6599
43.6599
43.6599
43.6598
43.6597
39.0628
39.0629
39.0629
39.0629
39.0629
39.0629
39.0629
39.0629
39.0629
39.0628
39.0629
39.0629
39.0629
39.0629
39.0629
39.0629
39.0629
39.0629
39.0629
39.0629
39.0629
39.0629
39.0629
39.0629
39.0629
39.0629
39.0629
39.0629
39.0629
39.0629
39.0629
39.0629
39.0629
39.0629
39.0629
39.0629
39.0629
39.0629
39.0629
39.0629
39.0629
39.0629
39.0629
39.0629
39.0629
39.0629
39.0629
39.0629
39.0629
39.0629
39.0629
39.0629
39.0629
39.0629
39.0629
39.0629
39.0629
39.0629
39.0629
39.0629
39.0629
39.0629
39.0629
39.0629
39.0629
39.0629
39.0629
39.0629
39.0629
39.0629
39.0629
39.0629
39.0629
39.0629
39.0629
39.0629
39.0629
39.0629
39.0629
39.0629
39.0629
39.0629
39.0629
39.0629
39.0629
39.0629
39.0629
39.0629
39.0629
39.0629
39.0628
39.0629
39.0629
39.0629
39.0629
39.0629
39.0629
39.0629
39.0629
39.0628
34.4674
34.4675
34.4675
34.4675
34.4675
34.4675
34.4675
34.4675
34.4675
34.4674
34.4675
34.4675
34.4675
34.4675
34.4675
34.4675
34.4675
34.4675
34.4675
34.4675
34.4675
34.4675
34.4675
34.4675
34.4676
34.4676
34.4675
34.4675
34.4675
34.4675
34.4675
34.4675
34.4675
34.4676
34.4676
34.4676
34.4676
34.4675
34.4675
34.4675
34.4675
34.4675
34.4676
34.4676
34.4676
34.4676
34.4676
34.4676
34.4675
34.4675
34.4675
34.4675
34.4676
34.4676
34.4676
34.4676
34.4676
34.4676
34.4675
34.4675
34.4675
34.4675
34.4675
34.4676
34.4676
34.4676
34.4676
34.4675
34.4675
34.4675
34.4675
34.4675
34.4675
34.4675
34.4676
34.4676
34.4675
34.4675
34.4675
34.4675
34.4675
34.4675
34.4675
34.4675
34.4675
34.4675
34.4675
34.4675
34.4675
34.4675
34.4674
34.4675
34.4675
34.4675
34.4675
34.4675
34.4675
34.4675
34.4675
34.4674
29.8715
29.8716
29.8716
29.8716
29.8716
29.8716
29.8716
29.8716
29.8716
29.8715
29.8716
29.8716
29.8716
29.8716
29.8716
29.8716
29.8716
29.8716
29.8716
29.8716
29.8716
29.8716
29.8716
29.8716
29.8716
29.8716
29.8716
29.8716
29.8716
29.8716
29.8716
29.8716
29.8716
29.8716
29.8716
29.8716
29.8716
29.8716
29.8716
29.8716
29.8716
29.8716
29.8716
29.8716
29.8716
29.8716
29.8716
29.8716
29.8716
29.8716
29.8716
29.8716
29.8716
29.8716
29.8716
29.8716
29.8716
29.8716
29.8716
29.8716
29.8716
29.8716
29.8716
29.8716
29.8716
29.8716
29.8716
29.8716
29.8716
29.8716
29.8716
29.8716
29.8716
29.8716
29.8716
29.8716
29.8716
29.8716
29.8716
29.8716
29.8716
29.8716
29.8716
29.8716
29.8716
29.8716
29.8716
29.8716
29.8716
29.8716
29.8715
29.8716
29.8716
29.8716
29.8716
29.8716
29.8716
29.8716
29.8716
29.8715
25.2759
25.276
25.276
25.276
25.276
25.276
25.276
25.276
25.276
25.2759
25.276
25.276
25.276
25.276
25.276
25.276
25.276
25.276
25.276
25.276
25.276
25.276
25.276
25.276
25.276
25.276
25.276
25.276
25.276
25.276
25.276
25.276
25.276
25.276
25.276
25.276
25.276
25.276
25.276
25.276
25.276
25.276
25.276
25.276
25.276
25.276
25.276
25.276
25.276
25.276
25.276
25.276
25.276
25.276
25.276
25.276
25.276
25.276
25.276
25.276
25.276
25.276
25.276
25.276
25.276
25.276
25.276
25.276
25.276
25.276
25.276
25.276
25.276
25.276
25.276
25.276
25.276
25.276
25.276
25.276
25.276
25.276
25.276
25.276
25.276
25.276
25.276
25.276
25.276
25.276
25.2759
25.276
25.276
25.276
25.276
25.276
25.276
25.276
25.276
25.2759
20.6803
20.6803
20.6803
20.6803
20.6803
20.6803
20.6803
20.6803
20.6803
20.6803
20.6803
20.6803
20.6803
20.6803
20.6803
20.6803
20.6803
20.6803
20.6803
20.6803
20.6803
20.6803
20.6803
20.6803
20.6803
20.6803
20.6803
20.6803
20.6803
20.6803
20.6803
20.6803
20.6803
20.6803
20.6803
20.6803
20.6803
20.6803
20.6803
20.6803
20.6803
20.6803
20.6803
20.6803
20.6803
20.6803
20.6803
20.6803
20.6803
20.6803
20.6803
20.6803
20.6803
20.6803
20.6803
20.6803
20.6803
20.6803
20.6803
20.6803
20.6803
20.6803
20.6803
20.6803
20.6803
20.6803
20.6803
20.6803
20.6803
20.6803
20.6803
20.6803
20.6803
20.6803
20.6803
20.6803
20.6803
20.6803
20.6803
20.6803
20.6803
20.6803
20.6803
20.6803
20.6803
20.6803
20.6803
20.6803
20.6803
20.6803
20.6803
20.6803
20.6803
20.6803
20.6803
20.6803
20.6803
20.6803
20.6803
20.6803
16.0846
16.0847
16.0847
16.0847
16.0847
16.0847
16.0847
16.0847
16.0847
16.0846
16.0847
16.0847
16.0847
16.0847
16.0847
16.0847
16.0847
16.0847
16.0847
16.0846
16.0847
16.0847
16.0847
16.0847
16.0847
16.0847
16.0847
16.0847
16.0847
16.0847
16.0847
16.0847
16.0847
16.0847
16.0847
16.0847
16.0847
16.0847
16.0847
16.0847
16.0847
16.0847
16.0847
16.0847
16.0847
16.0847
16.0847
16.0847
16.0847
16.0847
16.0847
16.0847
16.0847
16.0847
16.0847
16.0847
16.0847
16.0847
16.0847
16.0847
16.0847
16.0847
16.0847
16.0847
16.0847
16.0847
16.0847
16.0847
16.0847
16.0847
16.0847
16.0847
16.0847
16.0847
16.0847
16.0847
16.0847
16.0847
16.0847
16.0847
16.0847
16.0847
16.0847
16.0847
16.0847
16.0847
16.0847
16.0847
16.0847
16.0846
16.0846
16.0847
16.0847
16.0847
16.0847
16.0847
16.0847
16.0847
16.0846
16.0846
11.489
11.489
11.489
11.489
11.489
11.489
11.489
11.489
11.489
11.489
11.489
11.489
11.489
11.489
11.489
11.489
11.489
11.489
11.489
11.489
11.489
11.489
11.489
11.489
11.489
11.489
11.489
11.489
11.489
11.489
11.489
11.489
11.489
11.489
11.489
11.489
11.489
11.489
11.489
11.489
11.489
11.489
11.489
11.489
11.489
11.489
11.489
11.489
11.489
11.489
11.489
11.489
11.489
11.489
11.489
11.489
11.489
11.489
11.489
11.489
11.489
11.489
11.489
11.489
11.489
11.489
11.489
11.489
11.489
11.489
11.489
11.489
11.489
11.489
11.489
11.489
11.489
11.489
11.489
11.489
11.489
11.489
11.489
11.489
11.489
11.489
11.489
11.489
11.489
11.489
11.489
11.489
11.489
11.489
11.489
11.489
11.489
11.489
11.489
11.489
6.89339
6.8934
6.8934
6.8934
6.8934
6.8934
6.8934
6.8934
6.8934
6.89339
6.8934
6.8934
6.8934
6.8934
6.8934
6.8934
6.8934
6.8934
6.8934
6.89339
6.8934
6.8934
6.8934
6.8934
6.8934
6.8934
6.8934
6.8934
6.8934
6.8934
6.8934
6.8934
6.8934
6.8934
6.8934
6.8934
6.8934
6.8934
6.8934
6.8934
6.8934
6.8934
6.8934
6.8934
6.8934
6.8934
6.8934
6.8934
6.8934
6.8934
6.8934
6.8934
6.8934
6.8934
6.8934
6.8934
6.8934
6.8934
6.8934
6.8934
6.8934
6.8934
6.8934
6.8934
6.8934
6.8934
6.8934
6.8934
6.8934
6.8934
6.8934
6.8934
6.8934
6.8934
6.8934
6.8934
6.8934
6.8934
6.8934
6.89339
6.8934
6.8934
6.8934
6.8934
6.8934
6.8934
6.8934
6.8934
6.89339
6.89339
6.89339
6.89339
6.8934
6.8934
6.8934
6.8934
6.8934
6.89339
6.89339
6.89339
2.29776
2.29776
2.29776
2.29776
2.29776
2.29776
2.29776
2.29776
2.29776
2.29776
2.29776
2.29776
2.29776
2.29776
2.29776
2.29776
2.29776
2.29776
2.29776
2.29776
2.29776
2.29776
2.29776
2.29776
2.29776
2.29776
2.29776
2.29776
2.29776
2.29776
2.29776
2.29776
2.29776
2.29776
2.29776
2.29776
2.29776
2.29776
2.29776
2.29776
2.29776
2.29776
2.29776
2.29776
2.29776
2.29776
2.29776
2.29776
2.29776
2.29776
2.29776
2.29776
2.29776
2.29776
2.29776
2.29776
2.29776
2.29776
2.29776
2.29776
2.29776
2.29776
2.29776
2.29776
2.29776
2.29776
2.29776
2.29776
2.29776
2.29776
2.29776
2.29776
2.29776
2.29776
2.29776
2.29776
2.29776
2.29776
2.29776
2.29776
2.29776
2.29776
2.29776
2.29776
2.29776
2.29776
2.29776
2.29776
2.29776
2.29776
2.29776
2.29776
2.29776
2.29776
2.29776
2.29776
2.29776
2.29776
2.29776
2.29776
)
;

boundaryField
{
    fixedWalls
    {
        type            zeroGradient;
    }
    inlet
    {
        type            fixedGradient;
        gradient        uniform 0;
    }
    outlet
    {
        type            fixedValue;
        value           uniform 0;
    }
}


// ************************************************************************* //
