/*--------------------------------*- C++ -*----------------------------------*\
| =========                 |                                                 |
| \\      /  F ield         | OpenFOAM: The Open Source CFD Toolbox           |
|  \\    /   O peration     | Version:  2106                                  |
|   \\  /    A nd           | Website:  www.openfoam.com                      |
|    \\/     M anipulation  |                                                 |
\*---------------------------------------------------------------------------*/
FoamFile
{
    version     2.0;
    format      ascii;
    arch        "LSB;label=32;scalar=64";
    class       volScalarField;
    location    "0.26";
    object      p;
}
// * * * * * * * * * * * * * * * * * * * * * * * * * * * * * * * * * * * * * //

dimensions      [0 2 -2 0 0 0 0];

internalField   nonuniform List<scalar> 
10000
(
100.341
99.7602
99.3954
99.1288
98.9906
98.9906
99.1288
99.3954
99.7602
100.341
91.2167
90.3684
89.8095
89.4144
89.2108
89.2108
89.4144
89.8095
90.3684
91.2167
83.6386
82.6622
82.0245
81.5804
81.3525
81.3525
81.5804
82.0245
82.6622
83.6386
78.4053
77.4023
76.7556
76.3119
76.0846
76.0846
76.3119
76.7556
77.4023
78.4053
74.4798
73.4847
72.8464
72.4172
72.1975
72.1975
72.4172
72.8464
73.4847
74.4798
71.3035
70.3367
69.7152
69.3077
69.0994
69.0994
69.3077
69.7152
70.3367
71.3035
68.6881
67.7707
67.176
66.7965
66.6035
66.6035
66.7966
67.176
67.7707
68.6881
66.527
65.6825
65.127
64.7813
64.6061
64.6061
64.7813
65.127
65.6825
66.527
64.739
63.9838
63.4805
63.1734
63.0179
63.0179
63.1734
63.4805
63.9838
64.739
63.3406
62.5904
62.1485
61.8803
61.7444
61.7444
61.8803
62.1485
62.5905
63.3406
64.4765
64.6484
64.8353
64.9614
65.0266
65.0266
64.9614
64.8353
64.6484
64.4765
64.884
64.9774
65.1025
65.1829
65.224
65.224
65.1829
65.1025
64.9774
64.884
64.845
64.8405
64.8913
64.9185
64.932
64.932
64.9185
64.8913
64.8405
64.845
64.4225
64.3279
64.3105
64.2911
64.2805
64.2805
64.2911
64.3105
64.3279
64.4225
63.819
63.6507
63.5756
63.5189
63.489
63.489
63.5189
63.5756
63.6507
63.819
63.1429
62.9194
62.7978
62.7133
62.6693
62.6693
62.7133
62.7978
62.9194
63.1429
62.4488
62.1904
62.0355
61.9331
61.8801
61.8801
61.9331
62.0355
62.1904
62.4489
61.768
61.4984
61.3256
61.215
61.158
61.158
61.215
61.3256
61.4984
61.7681
61.1342
60.8697
60.6916
60.5804
60.5227
60.5227
60.5804
60.6916
60.8697
61.1342
60.6447
60.3053
60.1252
60.0149
59.9574
59.9574
60.0149
60.1252
60.3053
60.6447
59.8662
59.8511
59.852
59.848
59.8462
59.8462
59.848
59.852
59.8511
59.8662
60.26
60.242
60.2417
60.2357
60.2326
60.2326
60.2357
60.2417
60.242
60.26
60.5816
60.5447
60.5323
60.5164
60.5079
60.5079
60.5164
60.5323
60.5447
60.5816
60.62
60.5497
60.515
60.483
60.466
60.466
60.483
60.515
60.5497
60.62
60.4648
60.3593
60.3002
60.2522
60.2268
60.2268
60.2522
60.3002
60.3593
60.4648
60.2092
60.0734
59.992
59.9307
59.8985
59.8985
59.9307
59.992
60.0734
60.2093
59.9014
59.7434
59.6439
59.5734
59.5365
59.5365
59.5734
59.6439
59.7434
59.9014
59.5677
59.3995
59.2887
59.2134
59.1741
59.1741
59.2134
59.2887
59.3995
59.5677
59.2389
59.0686
58.9514
58.8742
58.8339
58.8339
58.8742
58.9514
59.0686
59.2389
58.9841
58.7567
58.6318
58.5524
58.511
58.511
58.5524
58.6318
58.7567
58.9841
55.1072
55.1263
55.1504
55.166
55.1742
55.1742
55.166
55.1504
55.1263
55.1072
55.3028
55.3251
55.3527
55.3703
55.3795
55.3795
55.3703
55.3527
55.3251
55.3028
55.4653
55.4848
55.5116
55.528
55.5367
55.5367
55.528
55.5116
55.4848
55.4653
55.5382
55.547
55.5667
55.5776
55.5833
55.5833
55.5776
55.5667
55.547
55.5382
55.5419
55.5363
55.5455
55.5488
55.5505
55.5505
55.5488
55.5455
55.5363
55.5419
55.4992
55.4788
55.4764
55.4721
55.4697
55.4697
55.4721
55.4764
55.4788
55.4992
55.4234
55.3903
55.3772
55.3662
55.3603
55.3603
55.3662
55.3772
55.3903
55.4234
55.3242
55.2828
55.2614
55.2454
55.2368
55.2368
55.2454
55.2614
55.2828
55.3242
55.2177
55.1708
55.1418
55.1215
55.1106
55.1106
55.1215
55.1418
55.1708
55.2177
55.1441
55.0592
55.0186
54.9921
54.9781
54.9781
54.9921
55.0186
55.0592
55.1441
51.8057
51.8053
51.8067
51.8065
51.8065
51.8065
51.8065
51.8067
51.8053
51.8057
51.8939
51.8966
51.9009
51.9026
51.9035
51.9035
51.9026
51.9009
51.8966
51.8939
51.9829
51.9868
51.9923
51.9945
51.9957
51.9957
51.9945
51.9923
51.9868
51.983
52.0416
52.0431
52.0473
52.0483
52.0487
52.0487
52.0483
52.0473
52.0431
52.0416
52.0716
52.0686
52.0698
52.0685
52.0676
52.0676
52.0685
52.0698
52.0686
52.0716
52.0795
52.0711
52.0683
52.0643
52.062
52.062
52.0643
52.0683
52.0711
52.0795
52.07
52.0563
52.0494
52.0428
52.0391
52.0391
52.0428
52.0494
52.0563
52.07
52.0471
52.0296
52.0193
52.0105
52.0057
52.0057
52.0105
52.0193
52.0296
52.0471
52.019
51.9983
51.984
51.9731
51.9672
51.9672
51.9731
51.984
51.9983
52.019
52.004
51.9642
51.9435
51.9292
51.9217
51.9217
51.9292
51.9435
51.9642
52.004
48.3881
48.3908
48.3942
48.3962
48.3972
48.3972
48.3962
48.3942
48.3908
48.3881
48.4229
48.4271
48.4318
48.4347
48.4362
48.4362
48.4347
48.4318
48.4271
48.4229
48.4577
48.4627
48.4684
48.4719
48.4737
48.4737
48.4719
48.4684
48.4627
48.4577
48.483
48.4877
48.4933
48.4967
48.4984
48.4984
48.4967
48.4933
48.4877
48.483
48.4989
48.5022
48.507
48.5097
48.511
48.511
48.5097
48.507
48.5022
48.4989
48.5066
48.508
48.5114
48.5129
48.5137
48.5137
48.5129
48.5114
48.508
48.5067
48.5071
48.5064
48.508
48.5084
48.5085
48.5085
48.5084
48.508
48.5064
48.5071
48.5015
48.499
48.499
48.4982
48.4977
48.4977
48.4982
48.499
48.499
48.5015
48.4931
48.4889
48.4867
48.4846
48.4834
48.4834
48.4846
48.4867
48.4889
48.4931
48.4907
48.477
48.4709
48.4666
48.4643
48.4643
48.4666
48.4709
48.477
48.4907
45.0881
45.0883
45.0887
45.0887
45.0888
45.0888
45.0887
45.0887
45.0883
45.0881
45.102
45.103
45.104
45.1045
45.1047
45.1047
45.1045
45.104
45.103
45.102
45.1179
45.1194
45.121
45.1218
45.1222
45.1222
45.1218
45.121
45.1194
45.1179
45.1313
45.133
45.1348
45.1357
45.1362
45.1362
45.1357
45.1348
45.133
45.1313
45.1418
45.1434
45.1451
45.1458
45.1462
45.1462
45.1458
45.1451
45.1434
45.1418
45.1496
45.1506
45.152
45.1525
45.1527
45.1527
45.1525
45.152
45.1506
45.1496
45.1546
45.1551
45.156
45.1561
45.1562
45.1562
45.1561
45.156
45.1551
45.1546
45.1574
45.1573
45.1576
45.1574
45.1572
45.1572
45.1574
45.1576
45.1573
45.1574
45.1591
45.1583
45.1578
45.1571
45.1566
45.1566
45.1571
45.1578
45.1583
45.1591
45.1632
45.1584
45.1562
45.1545
45.1536
45.1536
45.1545
45.1562
45.1584
45.1632
41.7507
41.7512
41.7518
41.7521
41.7523
41.7523
41.7521
41.7518
41.7512
41.7507
41.7558
41.7566
41.7574
41.7579
41.7582
41.7582
41.7579
41.7574
41.7566
41.7558
41.7615
41.7626
41.7636
41.7643
41.7646
41.7646
41.7643
41.7636
41.7626
41.7615
41.7667
41.7678
41.7691
41.7698
41.7702
41.7702
41.7698
41.7691
41.7678
41.7667
41.771
41.7722
41.7734
41.7742
41.7746
41.7746
41.7742
41.7734
41.7722
41.771
41.7744
41.7755
41.7766
41.7773
41.7777
41.7777
41.7773
41.7766
41.7755
41.7744
41.7768
41.7777
41.7787
41.7793
41.7795
41.7795
41.7793
41.7787
41.7777
41.7768
41.7783
41.779
41.7798
41.7802
41.7803
41.7803
41.7802
41.7798
41.779
41.7783
41.7793
41.7797
41.7801
41.7802
41.7803
41.7803
41.7802
41.7801
41.7797
41.7793
41.7813
41.7799
41.7795
41.7791
41.7789
41.7789
41.7791
41.7795
41.7799
41.7813
38.4214
38.4214
38.4215
38.4215
38.4215
38.4215
38.4215
38.4215
38.4214
38.4214
38.4232
38.4234
38.4236
38.4237
38.4238
38.4238
38.4237
38.4236
38.4234
38.4232
38.4256
38.426
38.4263
38.4265
38.4265
38.4265
38.4265
38.4263
38.426
38.4256
38.4281
38.4285
38.4289
38.4292
38.4293
38.4293
38.4292
38.4289
38.4285
38.4281
38.4304
38.4309
38.4314
38.4316
38.4318
38.4318
38.4316
38.4314
38.4309
38.4304
38.4325
38.433
38.4335
38.4338
38.4339
38.4339
38.4338
38.4335
38.433
38.4325
38.4344
38.4349
38.4354
38.4356
38.4357
38.4357
38.4356
38.4354
38.4349
38.4344
38.4359
38.4365
38.4369
38.4371
38.4372
38.4372
38.4371
38.4369
38.4365
38.4359
38.4374
38.4379
38.4382
38.4383
38.4384
38.4384
38.4383
38.4382
38.4379
38.4374
38.4393
38.4391
38.4391
38.439
38.439
38.439
38.439
38.4391
38.4391
38.4393
35.0826
35.0827
35.0828
35.0829
35.0829
35.0829
35.0829
35.0828
35.0827
35.0826
35.0832
35.0834
35.0835
35.0836
35.0836
35.0836
35.0836
35.0835
35.0834
35.0832
35.084
35.0842
35.0844
35.0845
35.0846
35.0846
35.0845
35.0844
35.0842
35.084
35.0849
35.0852
35.0854
35.0855
35.0856
35.0856
35.0855
35.0854
35.0852
35.0849
35.0858
35.0861
35.0863
35.0865
35.0866
35.0866
35.0865
35.0863
35.0861
35.0858
35.0866
35.0869
35.0872
35.0874
35.0875
35.0875
35.0874
35.0872
35.0869
35.0866
35.0874
35.0877
35.088
35.0882
35.0883
35.0883
35.0882
35.088
35.0877
35.0874
35.0881
35.0884
35.0887
35.0888
35.0889
35.0889
35.0888
35.0887
35.0884
35.0881
35.0887
35.089
35.0892
35.0894
35.0894
35.0894
35.0894
35.0892
35.089
35.0887
35.0895
35.0895
35.0896
35.0896
35.0897
35.0897
35.0896
35.0896
35.0895
35.0895
31.7438
31.7438
31.7439
31.7439
31.7439
31.7439
31.7439
31.7439
31.7438
31.7438
31.744
31.7441
31.7441
31.7441
31.7441
31.7441
31.7441
31.7441
31.7441
31.744
31.7443
31.7444
31.7445
31.7445
31.7445
31.7445
31.7445
31.7445
31.7444
31.7443
31.7447
31.7448
31.7449
31.7449
31.745
31.745
31.7449
31.7449
31.7448
31.7447
31.7452
31.7453
31.7454
31.7454
31.7455
31.7455
31.7454
31.7454
31.7453
31.7452
31.7456
31.7458
31.7459
31.746
31.746
31.746
31.746
31.7459
31.7458
31.7456
31.7461
31.7462
31.7464
31.7465
31.7465
31.7465
31.7465
31.7464
31.7462
31.7461
31.7465
31.7467
31.7468
31.7469
31.747
31.747
31.7469
31.7468
31.7467
31.7465
31.747
31.7472
31.7473
31.7474
31.7474
31.7474
31.7474
31.7473
31.7472
31.747
31.7475
31.7476
31.7477
31.7477
31.7477
31.7477
31.7477
31.7477
31.7476
31.7475
28.403
28.403
28.403
28.403
28.403
28.403
28.403
28.403
28.403
28.403
28.403
28.403
28.4031
28.4031
28.4031
28.4031
28.4031
28.4031
28.403
28.403
28.4031
28.4031
28.4032
28.4032
28.4032
28.4032
28.4032
28.4032
28.4031
28.4031
28.4032
28.4033
28.4033
28.4033
28.4034
28.4034
28.4033
28.4033
28.4033
28.4032
28.4034
28.4034
28.4035
28.4035
28.4035
28.4035
28.4035
28.4035
28.4034
28.4034
28.4036
28.4036
28.4037
28.4037
28.4038
28.4038
28.4037
28.4037
28.4036
28.4036
28.4037
28.4038
28.4039
28.4039
28.404
28.404
28.4039
28.4039
28.4038
28.4037
28.4039
28.404
28.4041
28.4041
28.4042
28.4042
28.4041
28.4041
28.404
28.4039
28.4041
28.4042
28.4043
28.4043
28.4043
28.4043
28.4043
28.4043
28.4042
28.4041
28.4043
28.4044
28.4044
28.4044
28.4045
28.4045
28.4044
28.4044
28.4044
28.4043
25.0619
25.0619
25.0619
25.0619
25.0619
25.0619
25.0619
25.0619
25.0619
25.0619
25.0619
25.0619
25.0619
25.0619
25.0619
25.0619
25.0619
25.0619
25.0619
25.0619
25.062
25.062
25.062
25.062
25.062
25.062
25.062
25.062
25.062
25.062
25.062
25.062
25.062
25.0621
25.0621
25.0621
25.0621
25.062
25.062
25.062
25.0621
25.0621
25.0621
25.0621
25.0621
25.0621
25.0621
25.0621
25.0621
25.0621
25.0622
25.0622
25.0622
25.0622
25.0623
25.0623
25.0622
25.0622
25.0622
25.0622
25.0623
25.0623
25.0623
25.0624
25.0624
25.0624
25.0624
25.0623
25.0623
25.0623
25.0624
25.0624
25.0625
25.0625
25.0625
25.0625
25.0625
25.0625
25.0624
25.0624
25.0625
25.0625
25.0626
25.0626
25.0626
25.0626
25.0626
25.0626
25.0625
25.0625
25.0626
25.0626
25.0627
25.0627
25.0627
25.0627
25.0627
25.0627
25.0626
25.0626
21.7204
21.7204
21.7204
21.7204
21.7205
21.7205
21.7204
21.7204
21.7204
21.7204
21.7204
21.7204
21.7204
21.7205
21.7205
21.7205
21.7205
21.7204
21.7204
21.7204
21.7204
21.7205
21.7205
21.7205
21.7205
21.7205
21.7205
21.7205
21.7205
21.7204
21.7205
21.7205
21.7205
21.7205
21.7205
21.7205
21.7205
21.7205
21.7205
21.7205
21.7205
21.7205
21.7205
21.7205
21.7205
21.7205
21.7205
21.7205
21.7205
21.7205
21.7205
21.7205
21.7205
21.7206
21.7206
21.7206
21.7206
21.7205
21.7205
21.7205
21.7206
21.7206
21.7206
21.7206
21.7206
21.7206
21.7206
21.7206
21.7206
21.7206
21.7206
21.7206
21.7206
21.7206
21.7207
21.7207
21.7206
21.7206
21.7206
21.7206
21.7206
21.7207
21.7207
21.7207
21.7207
21.7207
21.7207
21.7207
21.7207
21.7206
21.7207
21.7207
21.7207
21.7207
21.7207
21.7207
21.7207
21.7207
21.7207
21.7207
18.3789
18.3789
18.3789
18.3789
18.3789
18.3789
18.3789
18.3789
18.3789
18.3789
18.3789
18.3789
18.3789
18.3789
18.3789
18.3789
18.3789
18.3789
18.3789
18.3789
18.3789
18.3789
18.3789
18.3789
18.3789
18.3789
18.3789
18.3789
18.3789
18.3789
18.3789
18.3789
18.3789
18.3789
18.3789
18.3789
18.3789
18.3789
18.3789
18.3789
18.3789
18.3789
18.3789
18.379
18.379
18.379
18.379
18.3789
18.3789
18.3789
18.379
18.379
18.379
18.379
18.379
18.379
18.379
18.379
18.379
18.379
18.379
18.379
18.379
18.379
18.379
18.379
18.379
18.379
18.379
18.379
18.379
18.379
18.379
18.379
18.379
18.379
18.379
18.379
18.379
18.379
18.379
18.379
18.379
18.379
18.379
18.379
18.379
18.379
18.379
18.379
18.379
18.3791
18.3791
18.3791
18.3791
18.3791
18.3791
18.3791
18.3791
18.379
15.0373
15.0373
15.0373
15.0373
15.0373
15.0373
15.0373
15.0373
15.0373
15.0373
15.0373
15.0373
15.0373
15.0373
15.0373
15.0373
15.0373
15.0373
15.0373
15.0373
15.0373
15.0373
15.0373
15.0373
15.0373
15.0373
15.0373
15.0373
15.0373
15.0373
15.0373
15.0373
15.0373
15.0373
15.0373
15.0373
15.0373
15.0373
15.0373
15.0373
15.0373
15.0373
15.0373
15.0373
15.0373
15.0373
15.0373
15.0373
15.0373
15.0373
15.0373
15.0373
15.0373
15.0373
15.0373
15.0373
15.0373
15.0373
15.0373
15.0373
15.0373
15.0373
15.0373
15.0373
15.0373
15.0373
15.0373
15.0373
15.0373
15.0373
15.0373
15.0373
15.0374
15.0374
15.0374
15.0374
15.0374
15.0374
15.0373
15.0373
15.0374
15.0374
15.0374
15.0374
15.0374
15.0374
15.0374
15.0374
15.0374
15.0374
15.0374
15.0374
15.0374
15.0374
15.0374
15.0374
15.0374
15.0374
15.0374
15.0374
11.6957
11.6957
11.6957
11.6957
11.6957
11.6957
11.6957
11.6957
11.6957
11.6957
11.6957
11.6957
11.6957
11.6957
11.6957
11.6957
11.6957
11.6957
11.6957
11.6957
11.6957
11.6957
11.6957
11.6957
11.6957
11.6957
11.6957
11.6957
11.6957
11.6957
11.6957
11.6957
11.6957
11.6957
11.6957
11.6957
11.6957
11.6957
11.6957
11.6957
11.6957
11.6957
11.6957
11.6957
11.6957
11.6957
11.6957
11.6957
11.6957
11.6957
11.6957
11.6957
11.6957
11.6957
11.6957
11.6957
11.6957
11.6957
11.6957
11.6957
11.6957
11.6957
11.6957
11.6957
11.6957
11.6957
11.6957
11.6957
11.6957
11.6957
11.6957
11.6957
11.6957
11.6957
11.6957
11.6957
11.6957
11.6957
11.6957
11.6957
11.6957
11.6957
11.6957
11.6957
11.6957
11.6957
11.6957
11.6957
11.6957
11.6957
11.6957
11.6957
11.6957
11.6957
11.6957
11.6957
11.6957
11.6957
11.6957
11.6957
8.35408
8.35408
8.35408
8.35408
8.35408
8.35408
8.35408
8.35408
8.35408
8.35408
8.35408
8.35408
8.35408
8.35408
8.35408
8.35408
8.35408
8.35408
8.35408
8.35408
8.35408
8.35408
8.35408
8.35408
8.35408
8.35408
8.35408
8.35408
8.35408
8.35408
8.35408
8.35408
8.35408
8.35408
8.35408
8.35408
8.35408
8.35408
8.35408
8.35408
8.35408
8.35408
8.35408
8.35408
8.35408
8.35408
8.35408
8.35408
8.35408
8.35408
8.35408
8.35408
8.35408
8.35408
8.35408
8.35408
8.35408
8.35408
8.35408
8.35408
8.35408
8.35408
8.35408
8.35408
8.35408
8.35408
8.35408
8.35408
8.35408
8.35408
8.35408
8.35408
8.35408
8.35408
8.35408
8.35408
8.35408
8.35408
8.35408
8.35408
8.35408
8.35408
8.35408
8.35408
8.35408
8.35408
8.35408
8.35408
8.35408
8.35408
8.35408
8.35408
8.35408
8.35408
8.35408
8.35408
8.35408
8.35408
8.35408
8.35408
5.01245
5.01245
5.01245
5.01245
5.01245
5.01245
5.01245
5.01245
5.01245
5.01245
5.01244
5.01244
5.01244
5.01244
5.01244
5.01244
5.01244
5.01244
5.01244
5.01244
5.01244
5.01244
5.01244
5.01244
5.01244
5.01244
5.01244
5.01244
5.01244
5.01244
5.01244
5.01244
5.01244
5.01244
5.01244
5.01244
5.01244
5.01244
5.01244
5.01244
5.01244
5.01244
5.01244
5.01245
5.01245
5.01245
5.01244
5.01244
5.01244
5.01244
5.01245
5.01245
5.01245
5.01245
5.01245
5.01245
5.01245
5.01245
5.01245
5.01244
5.01245
5.01245
5.01245
5.01245
5.01245
5.01245
5.01245
5.01245
5.01245
5.01245
5.01245
5.01245
5.01245
5.01245
5.01245
5.01245
5.01245
5.01245
5.01245
5.01245
5.01245
5.01245
5.01245
5.01245
5.01245
5.01245
5.01245
5.01245
5.01245
5.01245
5.01245
5.01245
5.01245
5.01245
5.01245
5.01245
5.01245
5.01245
5.01245
5.01245
1.67082
1.67082
1.67082
1.67082
1.67082
1.67082
1.67082
1.67082
1.67082
1.67082
1.67081
1.67081
1.67081
1.67081
1.67081
1.67081
1.67081
1.67081
1.67081
1.67081
1.67081
1.67081
1.67081
1.67081
1.67081
1.67081
1.67081
1.67081
1.67081
1.67081
1.67081
1.67081
1.67081
1.67081
1.67081
1.67081
1.67081
1.67081
1.67081
1.67081
1.67081
1.67081
1.67081
1.67081
1.67081
1.67081
1.67081
1.67081
1.67081
1.67081
1.67081
1.67081
1.67081
1.67081
1.67081
1.67081
1.67081
1.67081
1.67081
1.67081
1.67081
1.67081
1.67081
1.67081
1.67081
1.67081
1.67081
1.67081
1.67081
1.67081
1.67081
1.67081
1.67081
1.67081
1.67081
1.67081
1.67081
1.67081
1.67081
1.67081
1.67081
1.67081
1.67081
1.67081
1.67081
1.67081
1.67081
1.67081
1.67081
1.67081
1.67081
1.6708
1.6708
1.6708
1.6708
1.6708
1.6708
1.6708
1.6708
1.67081
100.341
99.7602
99.3954
99.1289
98.9907
98.9907
99.1289
99.3954
99.7602
100.341
91.2167
90.3685
89.8095
89.4144
89.2109
89.2109
89.4144
89.8095
90.3685
91.2167
83.6386
82.6622
82.0245
81.5804
81.3525
81.3525
81.5804
82.0245
82.6622
83.6387
78.4053
77.4023
76.7556
76.3119
76.0846
76.0846
76.3119
76.7556
77.4023
78.4053
74.4798
73.4847
72.8464
72.4172
72.1975
72.1975
72.4172
72.8464
73.4847
74.4798
71.3035
70.3367
69.7152
69.3077
69.0995
69.0995
69.3077
69.7152
70.3367
71.3036
68.6881
67.7707
67.176
66.7966
66.6035
66.6035
66.7966
67.176
67.7707
68.6881
66.527
65.6825
65.127
64.7813
64.6061
64.6061
64.7813
65.1271
65.6825
66.527
64.739
63.9838
63.4806
63.1734
63.0179
63.0179
63.1734
63.4806
63.9838
64.739
63.3406
62.5905
62.1485
61.8803
61.7445
61.7445
61.8803
62.1485
62.5905
63.3406
64.4765
64.6484
64.8353
64.9614
65.0267
65.0267
64.9614
64.8353
64.6484
64.4765
64.884
64.9774
65.1025
65.1829
65.224
65.224
65.1829
65.1025
64.9774
64.884
64.845
64.8405
64.8913
64.9185
64.932
64.932
64.9185
64.8913
64.8405
64.845
64.4225
64.3279
64.3105
64.2911
64.2805
64.2805
64.2911
64.3106
64.3279
64.4225
63.819
63.6507
63.5756
63.5189
63.489
63.489
63.5189
63.5756
63.6507
63.819
63.1429
62.9194
62.7978
62.7133
62.6693
62.6693
62.7133
62.7978
62.9194
63.1429
62.4489
62.1904
62.0355
61.9331
61.8801
61.8801
61.9331
62.0355
62.1904
62.4489
61.7681
61.4984
61.3256
61.2151
61.158
61.158
61.2151
61.3256
61.4984
61.7681
61.1342
60.8697
60.6916
60.5804
60.5227
60.5227
60.5804
60.6916
60.8697
61.1342
60.6447
60.3053
60.1252
60.0149
59.9574
59.9574
60.0149
60.1252
60.3053
60.6447
59.8662
59.8511
59.852
59.848
59.8463
59.8463
59.8481
59.852
59.8512
59.8662
60.26
60.242
60.2417
60.2357
60.2326
60.2326
60.2357
60.2417
60.242
60.26
60.5816
60.5447
60.5323
60.5164
60.5079
60.5079
60.5164
60.5323
60.5447
60.5816
60.62
60.5497
60.515
60.483
60.466
60.466
60.483
60.515
60.5497
60.62
60.4648
60.3593
60.3002
60.2522
60.2268
60.2268
60.2522
60.3002
60.3593
60.4648
60.2093
60.0734
59.992
59.9308
59.8985
59.8985
59.9308
59.992
60.0734
60.2093
59.9014
59.7434
59.6439
59.5734
59.5365
59.5365
59.5734
59.6439
59.7434
59.9014
59.5677
59.3995
59.2888
59.2134
59.1741
59.1741
59.2134
59.2888
59.3995
59.5677
59.2389
59.0686
58.9514
58.8742
58.8339
58.8339
58.8742
58.9514
59.0686
59.2389
58.9841
58.7567
58.6319
58.5524
58.511
58.5111
58.5524
58.6319
58.7567
58.9841
55.1072
55.1263
55.1504
55.166
55.1742
55.1742
55.166
55.1505
55.1263
55.1073
55.3028
55.3251
55.3527
55.3703
55.3795
55.3795
55.3703
55.3527
55.3251
55.3028
55.4653
55.4848
55.5116
55.528
55.5367
55.5367
55.528
55.5116
55.4848
55.4653
55.5382
55.547
55.5667
55.5776
55.5833
55.5833
55.5776
55.5667
55.547
55.5382
55.5419
55.5363
55.5455
55.5488
55.5505
55.5505
55.5489
55.5455
55.5363
55.5419
55.4992
55.4788
55.4764
55.4721
55.4697
55.4698
55.4721
55.4764
55.4788
55.4992
55.4234
55.3903
55.3772
55.3662
55.3603
55.3603
55.3662
55.3772
55.3903
55.4235
55.3242
55.2829
55.2614
55.2454
55.2368
55.2368
55.2454
55.2614
55.2829
55.3242
55.2177
55.1708
55.1418
55.1215
55.1106
55.1106
55.1215
55.1418
55.1708
55.2177
55.1441
55.0592
55.0186
54.9921
54.9781
54.9781
54.9921
55.0186
55.0592
55.1441
51.8057
51.8053
51.8067
51.8065
51.8065
51.8065
51.8065
51.8067
51.8053
51.8057
51.8939
51.8967
51.9009
51.9026
51.9035
51.9035
51.9026
51.9009
51.8967
51.8939
51.983
51.9868
51.9923
51.9946
51.9957
51.9957
51.9946
51.9923
51.9868
51.983
52.0416
52.0431
52.0473
52.0483
52.0487
52.0487
52.0483
52.0473
52.0431
52.0416
52.0716
52.0686
52.0698
52.0685
52.0676
52.0676
52.0685
52.0698
52.0686
52.0716
52.0795
52.0711
52.0683
52.0643
52.062
52.062
52.0643
52.0683
52.0711
52.0795
52.07
52.0563
52.0495
52.0428
52.0391
52.0391
52.0428
52.0495
52.0563
52.07
52.0471
52.0296
52.0193
52.0105
52.0057
52.0057
52.0105
52.0193
52.0296
52.0471
52.019
51.9983
51.9841
51.9731
51.9672
51.9672
51.9731
51.9841
51.9983
52.0191
52.004
51.9642
51.9435
51.9292
51.9217
51.9217
51.9292
51.9435
51.9642
52.004
48.3881
48.3908
48.3942
48.3962
48.3972
48.3972
48.3962
48.3942
48.3908
48.3881
48.4229
48.4271
48.4318
48.4347
48.4362
48.4362
48.4347
48.4318
48.4271
48.4229
48.4577
48.4627
48.4684
48.4719
48.4737
48.4737
48.4719
48.4684
48.4627
48.4577
48.483
48.4877
48.4933
48.4967
48.4984
48.4984
48.4967
48.4933
48.4877
48.483
48.4989
48.5022
48.507
48.5097
48.511
48.511
48.5097
48.507
48.5022
48.4989
48.5067
48.508
48.5114
48.5129
48.5137
48.5137
48.5129
48.5114
48.508
48.5067
48.5071
48.5064
48.508
48.5084
48.5085
48.5085
48.5084
48.508
48.5064
48.5071
48.5015
48.499
48.499
48.4982
48.4977
48.4977
48.4982
48.499
48.499
48.5015
48.4931
48.4889
48.4867
48.4847
48.4834
48.4834
48.4847
48.4867
48.4889
48.4931
48.4907
48.477
48.4709
48.4666
48.4643
48.4643
48.4666
48.471
48.477
48.4907
45.0881
45.0883
45.0887
45.0887
45.0888
45.0888
45.0887
45.0887
45.0883
45.0881
45.102
45.103
45.104
45.1045
45.1047
45.1047
45.1045
45.104
45.103
45.102
45.1179
45.1194
45.121
45.1218
45.1222
45.1222
45.1218
45.121
45.1194
45.1179
45.1313
45.133
45.1348
45.1357
45.1362
45.1362
45.1357
45.1348
45.133
45.1313
45.1418
45.1434
45.1451
45.1458
45.1462
45.1462
45.1458
45.1451
45.1434
45.1418
45.1496
45.1506
45.152
45.1525
45.1527
45.1527
45.1525
45.152
45.1506
45.1496
45.1546
45.1551
45.156
45.1561
45.1562
45.1562
45.1561
45.156
45.1551
45.1546
45.1574
45.1573
45.1576
45.1574
45.1572
45.1572
45.1574
45.1576
45.1573
45.1574
45.1591
45.1583
45.1579
45.1571
45.1566
45.1566
45.1571
45.1579
45.1583
45.1591
45.1632
45.1584
45.1562
45.1545
45.1536
45.1536
45.1545
45.1562
45.1584
45.1632
41.7507
41.7512
41.7518
41.7521
41.7523
41.7523
41.7521
41.7518
41.7512
41.7508
41.7558
41.7566
41.7574
41.7579
41.7582
41.7582
41.7579
41.7574
41.7566
41.7558
41.7615
41.7626
41.7636
41.7643
41.7646
41.7646
41.7643
41.7636
41.7626
41.7615
41.7667
41.7678
41.7691
41.7698
41.7702
41.7702
41.7698
41.7691
41.7678
41.7667
41.771
41.7722
41.7734
41.7742
41.7746
41.7746
41.7742
41.7734
41.7722
41.771
41.7744
41.7755
41.7766
41.7773
41.7777
41.7777
41.7773
41.7766
41.7755
41.7744
41.7768
41.7777
41.7787
41.7793
41.7795
41.7795
41.7793
41.7787
41.7777
41.7768
41.7783
41.779
41.7798
41.7802
41.7803
41.7803
41.7802
41.7798
41.779
41.7783
41.7793
41.7797
41.7801
41.7802
41.7803
41.7803
41.7802
41.7801
41.7797
41.7793
41.7813
41.7799
41.7795
41.7791
41.7789
41.7789
41.7791
41.7795
41.7799
41.7813
38.4214
38.4214
38.4215
38.4215
38.4215
38.4215
38.4215
38.4215
38.4214
38.4214
38.4232
38.4234
38.4236
38.4237
38.4238
38.4238
38.4237
38.4236
38.4234
38.4232
38.4256
38.426
38.4263
38.4265
38.4265
38.4265
38.4265
38.4263
38.426
38.4256
38.4281
38.4285
38.4289
38.4292
38.4293
38.4293
38.4292
38.4289
38.4285
38.4281
38.4304
38.4309
38.4314
38.4316
38.4318
38.4318
38.4316
38.4314
38.4309
38.4304
38.4325
38.433
38.4335
38.4338
38.4339
38.4339
38.4338
38.4335
38.433
38.4325
38.4344
38.4349
38.4354
38.4356
38.4357
38.4357
38.4356
38.4354
38.4349
38.4344
38.4359
38.4365
38.4369
38.4371
38.4372
38.4372
38.4371
38.4369
38.4365
38.4359
38.4374
38.4379
38.4382
38.4383
38.4384
38.4384
38.4383
38.4382
38.4379
38.4374
38.4393
38.4391
38.4391
38.439
38.439
38.439
38.439
38.4391
38.4391
38.4393
35.0826
35.0827
35.0828
35.0829
35.0829
35.0829
35.0829
35.0828
35.0827
35.0826
35.0832
35.0834
35.0835
35.0836
35.0836
35.0836
35.0836
35.0835
35.0834
35.0832
35.084
35.0842
35.0844
35.0845
35.0846
35.0846
35.0845
35.0844
35.0842
35.084
35.0849
35.0852
35.0854
35.0855
35.0856
35.0856
35.0855
35.0854
35.0852
35.0849
35.0858
35.0861
35.0863
35.0865
35.0866
35.0866
35.0865
35.0863
35.0861
35.0858
35.0866
35.0869
35.0872
35.0874
35.0875
35.0875
35.0874
35.0872
35.0869
35.0866
35.0874
35.0877
35.088
35.0882
35.0883
35.0883
35.0882
35.088
35.0877
35.0874
35.0881
35.0884
35.0887
35.0888
35.0889
35.0889
35.0888
35.0887
35.0884
35.0881
35.0887
35.089
35.0892
35.0894
35.0894
35.0894
35.0894
35.0892
35.089
35.0887
35.0895
35.0895
35.0896
35.0896
35.0897
35.0897
35.0896
35.0896
35.0895
35.0895
31.7438
31.7438
31.7439
31.7439
31.7439
31.7439
31.7439
31.7439
31.7438
31.7438
31.744
31.7441
31.7441
31.7441
31.7441
31.7441
31.7441
31.7441
31.7441
31.744
31.7443
31.7444
31.7445
31.7445
31.7445
31.7445
31.7445
31.7445
31.7444
31.7443
31.7447
31.7448
31.7449
31.7449
31.745
31.745
31.7449
31.7449
31.7448
31.7447
31.7452
31.7453
31.7454
31.7454
31.7455
31.7455
31.7454
31.7454
31.7453
31.7452
31.7456
31.7458
31.7459
31.746
31.746
31.746
31.746
31.7459
31.7458
31.7456
31.7461
31.7462
31.7464
31.7465
31.7465
31.7465
31.7465
31.7464
31.7462
31.7461
31.7465
31.7467
31.7468
31.7469
31.747
31.747
31.7469
31.7468
31.7467
31.7465
31.747
31.7472
31.7473
31.7474
31.7474
31.7474
31.7474
31.7473
31.7472
31.747
31.7475
31.7476
31.7477
31.7477
31.7477
31.7477
31.7477
31.7477
31.7476
31.7475
28.403
28.403
28.403
28.403
28.403
28.403
28.403
28.403
28.403
28.403
28.403
28.403
28.4031
28.4031
28.4031
28.4031
28.4031
28.4031
28.403
28.403
28.4031
28.4031
28.4032
28.4032
28.4032
28.4032
28.4032
28.4032
28.4031
28.4031
28.4032
28.4033
28.4033
28.4033
28.4034
28.4034
28.4033
28.4033
28.4033
28.4032
28.4034
28.4034
28.4035
28.4035
28.4035
28.4035
28.4035
28.4035
28.4034
28.4034
28.4036
28.4036
28.4037
28.4037
28.4038
28.4038
28.4037
28.4037
28.4036
28.4036
28.4037
28.4038
28.4039
28.4039
28.404
28.404
28.4039
28.4039
28.4038
28.4037
28.4039
28.404
28.4041
28.4041
28.4042
28.4042
28.4041
28.4041
28.404
28.4039
28.4041
28.4042
28.4043
28.4043
28.4043
28.4043
28.4043
28.4043
28.4042
28.4041
28.4043
28.4044
28.4044
28.4044
28.4045
28.4045
28.4044
28.4044
28.4044
28.4043
25.0619
25.0619
25.0619
25.0619
25.0619
25.0619
25.0619
25.0619
25.0619
25.0619
25.0619
25.0619
25.0619
25.0619
25.0619
25.0619
25.0619
25.0619
25.0619
25.0619
25.062
25.062
25.062
25.062
25.062
25.062
25.062
25.062
25.062
25.062
25.062
25.062
25.062
25.0621
25.0621
25.0621
25.0621
25.062
25.062
25.062
25.0621
25.0621
25.0621
25.0621
25.0621
25.0621
25.0621
25.0621
25.0621
25.0621
25.0622
25.0622
25.0622
25.0622
25.0623
25.0623
25.0622
25.0622
25.0622
25.0622
25.0623
25.0623
25.0623
25.0624
25.0624
25.0624
25.0624
25.0623
25.0623
25.0623
25.0624
25.0624
25.0625
25.0625
25.0625
25.0625
25.0625
25.0625
25.0624
25.0624
25.0625
25.0625
25.0626
25.0626
25.0626
25.0626
25.0626
25.0626
25.0625
25.0625
25.0626
25.0626
25.0627
25.0627
25.0627
25.0627
25.0627
25.0627
25.0626
25.0626
21.7204
21.7204
21.7204
21.7204
21.7205
21.7205
21.7204
21.7204
21.7204
21.7204
21.7204
21.7204
21.7204
21.7205
21.7205
21.7205
21.7205
21.7204
21.7204
21.7204
21.7204
21.7205
21.7205
21.7205
21.7205
21.7205
21.7205
21.7205
21.7205
21.7204
21.7205
21.7205
21.7205
21.7205
21.7205
21.7205
21.7205
21.7205
21.7205
21.7205
21.7205
21.7205
21.7205
21.7205
21.7205
21.7205
21.7205
21.7205
21.7205
21.7205
21.7205
21.7205
21.7205
21.7206
21.7206
21.7206
21.7206
21.7205
21.7205
21.7205
21.7206
21.7206
21.7206
21.7206
21.7206
21.7206
21.7206
21.7206
21.7206
21.7206
21.7206
21.7206
21.7206
21.7206
21.7207
21.7207
21.7206
21.7206
21.7206
21.7206
21.7206
21.7207
21.7207
21.7207
21.7207
21.7207
21.7207
21.7207
21.7207
21.7206
21.7207
21.7207
21.7207
21.7207
21.7207
21.7207
21.7207
21.7207
21.7207
21.7207
18.3789
18.3789
18.3789
18.3789
18.3789
18.3789
18.3789
18.3789
18.3789
18.3789
18.3789
18.3789
18.3789
18.3789
18.3789
18.3789
18.3789
18.3789
18.3789
18.3789
18.3789
18.3789
18.3789
18.3789
18.3789
18.3789
18.3789
18.3789
18.3789
18.3789
18.3789
18.3789
18.3789
18.3789
18.3789
18.3789
18.3789
18.3789
18.3789
18.3789
18.3789
18.3789
18.3789
18.379
18.379
18.379
18.379
18.3789
18.3789
18.3789
18.379
18.379
18.379
18.379
18.379
18.379
18.379
18.379
18.379
18.379
18.379
18.379
18.379
18.379
18.379
18.379
18.379
18.379
18.379
18.379
18.379
18.379
18.379
18.379
18.379
18.379
18.379
18.379
18.379
18.379
18.379
18.379
18.379
18.379
18.379
18.379
18.379
18.379
18.379
18.379
18.379
18.3791
18.3791
18.3791
18.3791
18.3791
18.3791
18.3791
18.3791
18.379
15.0373
15.0373
15.0373
15.0373
15.0373
15.0373
15.0373
15.0373
15.0373
15.0373
15.0373
15.0373
15.0373
15.0373
15.0373
15.0373
15.0373
15.0373
15.0373
15.0373
15.0373
15.0373
15.0373
15.0373
15.0373
15.0373
15.0373
15.0373
15.0373
15.0373
15.0373
15.0373
15.0373
15.0373
15.0373
15.0373
15.0373
15.0373
15.0373
15.0373
15.0373
15.0373
15.0373
15.0373
15.0373
15.0373
15.0373
15.0373
15.0373
15.0373
15.0373
15.0373
15.0373
15.0373
15.0373
15.0373
15.0373
15.0373
15.0373
15.0373
15.0373
15.0373
15.0373
15.0373
15.0373
15.0373
15.0373
15.0373
15.0373
15.0373
15.0373
15.0373
15.0373
15.0374
15.0374
15.0374
15.0374
15.0373
15.0373
15.0373
15.0374
15.0374
15.0374
15.0374
15.0374
15.0374
15.0374
15.0374
15.0374
15.0374
15.0374
15.0374
15.0374
15.0374
15.0374
15.0374
15.0374
15.0374
15.0374
15.0374
11.6957
11.6957
11.6957
11.6957
11.6957
11.6957
11.6957
11.6957
11.6957
11.6957
11.6957
11.6957
11.6957
11.6957
11.6957
11.6957
11.6957
11.6957
11.6957
11.6957
11.6957
11.6957
11.6957
11.6957
11.6957
11.6957
11.6957
11.6957
11.6957
11.6957
11.6957
11.6957
11.6957
11.6957
11.6957
11.6957
11.6957
11.6957
11.6957
11.6957
11.6957
11.6957
11.6957
11.6957
11.6957
11.6957
11.6957
11.6957
11.6957
11.6957
11.6957
11.6957
11.6957
11.6957
11.6957
11.6957
11.6957
11.6957
11.6957
11.6957
11.6957
11.6957
11.6957
11.6957
11.6957
11.6957
11.6957
11.6957
11.6957
11.6957
11.6957
11.6957
11.6957
11.6957
11.6957
11.6957
11.6957
11.6957
11.6957
11.6957
11.6957
11.6957
11.6957
11.6957
11.6957
11.6957
11.6957
11.6957
11.6957
11.6957
11.6957
11.6957
11.6957
11.6957
11.6957
11.6957
11.6957
11.6957
11.6957
11.6957
8.35408
8.35408
8.35408
8.35408
8.35408
8.35408
8.35408
8.35408
8.35408
8.35408
8.35408
8.35408
8.35408
8.35408
8.35408
8.35408
8.35408
8.35408
8.35408
8.35408
8.35408
8.35408
8.35408
8.35408
8.35408
8.35408
8.35408
8.35408
8.35408
8.35408
8.35408
8.35408
8.35408
8.35408
8.35408
8.35408
8.35408
8.35408
8.35408
8.35408
8.35408
8.35408
8.35408
8.35408
8.35408
8.35408
8.35408
8.35408
8.35408
8.35408
8.35408
8.35408
8.35408
8.35408
8.35408
8.35408
8.35408
8.35408
8.35408
8.35408
8.35408
8.35408
8.35408
8.35408
8.35408
8.35408
8.35408
8.35408
8.35408
8.35408
8.35408
8.35408
8.35408
8.35408
8.35408
8.35408
8.35408
8.35408
8.35408
8.35408
8.35408
8.35408
8.35408
8.35408
8.35408
8.35408
8.35408
8.35408
8.35408
8.35408
8.35408
8.35408
8.35408
8.35408
8.35408
8.35408
8.35408
8.35408
8.35408
8.35408
5.01245
5.01245
5.01245
5.01245
5.01245
5.01245
5.01245
5.01245
5.01245
5.01245
5.01244
5.01244
5.01244
5.01244
5.01244
5.01244
5.01244
5.01244
5.01244
5.01244
5.01244
5.01244
5.01244
5.01244
5.01244
5.01244
5.01244
5.01244
5.01244
5.01244
5.01244
5.01244
5.01244
5.01244
5.01244
5.01244
5.01244
5.01244
5.01244
5.01244
5.01244
5.01244
5.01244
5.01244
5.01244
5.01244
5.01244
5.01244
5.01244
5.01244
5.01244
5.01244
5.01245
5.01245
5.01245
5.01245
5.01244
5.01244
5.01244
5.01244
5.01245
5.01245
5.01245
5.01245
5.01245
5.01245
5.01245
5.01245
5.01244
5.01244
5.01245
5.01245
5.01245
5.01245
5.01245
5.01245
5.01245
5.01245
5.01245
5.01244
5.01245
5.01245
5.01245
5.01245
5.01245
5.01245
5.01245
5.01245
5.01244
5.01244
5.01245
5.01245
5.01245
5.01245
5.01245
5.01245
5.01244
5.01244
5.01244
5.01244
1.67082
1.67082
1.67082
1.67082
1.67082
1.67082
1.67082
1.67082
1.67082
1.67082
1.67081
1.67081
1.67081
1.67081
1.67081
1.67081
1.67081
1.67081
1.67081
1.67081
1.67081
1.67081
1.67081
1.67081
1.67081
1.67081
1.67081
1.67081
1.67081
1.67081
1.67081
1.67081
1.67081
1.67081
1.67081
1.67081
1.67081
1.67081
1.67081
1.67081
1.67081
1.67081
1.67081
1.67081
1.67081
1.67081
1.67081
1.67081
1.67081
1.67081
1.67081
1.67081
1.67081
1.67081
1.67081
1.67081
1.67081
1.67081
1.67081
1.67081
1.67081
1.67081
1.67081
1.67081
1.67081
1.67081
1.67081
1.67081
1.67081
1.67081
1.67081
1.67081
1.67081
1.67081
1.67081
1.67081
1.67081
1.67081
1.67081
1.67081
1.67081
1.67081
1.67081
1.67081
1.67081
1.67081
1.67081
1.67081
1.67081
1.67081
1.67081
1.6708
1.6708
1.6708
1.6708
1.6708
1.6708
1.6708
1.6708
1.67081
100.341
99.7602
99.3954
99.1289
98.9907
98.9907
99.1289
99.3954
99.7602
100.341
91.2167
90.3685
89.8095
89.4144
89.2109
89.2109
89.4144
89.8095
90.3685
91.2167
83.6387
82.6622
82.0245
81.5804
81.3525
81.3525
81.5804
82.0245
82.6622
83.6386
78.4053
77.4023
76.7556
76.3119
76.0846
76.0846
76.3119
76.7556
77.4023
78.4053
74.4798
73.4847
72.8464
72.4172
72.1975
72.1975
72.4172
72.8464
73.4847
74.4798
71.3036
70.3367
69.7152
69.3077
69.0995
69.0995
69.3077
69.7152
70.3367
71.3035
68.6881
67.7707
67.176
66.7966
66.6035
66.6035
66.7966
67.176
67.7707
68.6881
66.527
65.6825
65.1271
64.7813
64.6061
64.6061
64.7813
65.127
65.6825
66.527
64.739
63.9838
63.4806
63.1734
63.0179
63.0179
63.1734
63.4806
63.9838
64.739
63.3406
62.5905
62.1485
61.8803
61.7445
61.7445
61.8803
62.1485
62.5905
63.3406
64.4765
64.6484
64.8353
64.9614
65.0267
65.0267
64.9614
64.8353
64.6484
64.4765
64.884
64.9774
65.1025
65.1829
65.224
65.224
65.1829
65.1025
64.9774
64.884
64.845
64.8405
64.8913
64.9185
64.932
64.932
64.9185
64.8913
64.8405
64.845
64.4225
64.3279
64.3106
64.2911
64.2805
64.2805
64.2911
64.3105
64.3279
64.4225
63.819
63.6507
63.5756
63.5189
63.489
63.489
63.5189
63.5756
63.6507
63.819
63.1429
62.9194
62.7978
62.7133
62.6693
62.6693
62.7133
62.7978
62.9194
63.1429
62.4489
62.1904
62.0355
61.9331
61.8801
61.8801
61.9331
62.0355
62.1904
62.4489
61.7681
61.4984
61.3256
61.2151
61.158
61.158
61.2151
61.3256
61.4984
61.7681
61.1342
60.8697
60.6916
60.5804
60.5227
60.5227
60.5804
60.6916
60.8697
61.1342
60.6447
60.3053
60.1252
60.0149
59.9574
59.9574
60.0149
60.1252
60.3053
60.6447
59.8662
59.8512
59.852
59.8481
59.8463
59.8463
59.848
59.852
59.8511
59.8662
60.26
60.242
60.2417
60.2357
60.2326
60.2326
60.2357
60.2417
60.242
60.26
60.5816
60.5447
60.5323
60.5164
60.5079
60.5079
60.5164
60.5323
60.5447
60.5816
60.62
60.5497
60.515
60.483
60.466
60.466
60.483
60.515
60.5497
60.62
60.4648
60.3593
60.3002
60.2522
60.2268
60.2268
60.2522
60.3002
60.3593
60.4648
60.2093
60.0734
59.992
59.9308
59.8985
59.8985
59.9308
59.992
60.0734
60.2093
59.9014
59.7434
59.6439
59.5734
59.5365
59.5365
59.5734
59.6439
59.7434
59.9014
59.5677
59.3995
59.2888
59.2134
59.1741
59.1741
59.2134
59.2888
59.3995
59.5677
59.2389
59.0686
58.9514
58.8742
58.8339
58.8339
58.8742
58.9514
59.0686
59.2389
58.9841
58.7567
58.6319
58.5524
58.5111
58.511
58.5524
58.6319
58.7567
58.9841
55.1073
55.1263
55.1505
55.166
55.1742
55.1742
55.166
55.1504
55.1263
55.1072
55.3028
55.3251
55.3527
55.3703
55.3795
55.3795
55.3703
55.3527
55.3251
55.3028
55.4653
55.4848
55.5116
55.5281
55.5367
55.5367
55.528
55.5116
55.4848
55.4653
55.5382
55.547
55.5667
55.5776
55.5833
55.5833
55.5776
55.5667
55.547
55.5382
55.5419
55.5363
55.5455
55.5489
55.5505
55.5505
55.5488
55.5455
55.5363
55.5419
55.4992
55.4788
55.4764
55.4721
55.4698
55.4697
55.4721
55.4764
55.4788
55.4992
55.4235
55.3903
55.3772
55.3662
55.3603
55.3603
55.3662
55.3772
55.3903
55.4234
55.3242
55.2829
55.2614
55.2454
55.2368
55.2368
55.2454
55.2614
55.2829
55.3242
55.2177
55.1708
55.1418
55.1215
55.1106
55.1106
55.1215
55.1418
55.1708
55.2177
55.1441
55.0592
55.0186
54.9921
54.9781
54.9781
54.9921
55.0186
55.0592
55.1441
51.8057
51.8053
51.8067
51.8065
51.8065
51.8065
51.8065
51.8067
51.8053
51.8057
51.8939
51.8967
51.9009
51.9026
51.9035
51.9035
51.9026
51.9009
51.8967
51.8939
51.983
51.9868
51.9923
51.9946
51.9957
51.9957
51.9946
51.9923
51.9868
51.983
52.0416
52.0431
52.0473
52.0483
52.0487
52.0487
52.0483
52.0473
52.0431
52.0416
52.0716
52.0686
52.0698
52.0685
52.0676
52.0676
52.0685
52.0698
52.0686
52.0716
52.0795
52.0711
52.0683
52.0643
52.062
52.062
52.0643
52.0683
52.0711
52.0795
52.07
52.0563
52.0495
52.0428
52.0391
52.0391
52.0428
52.0495
52.0563
52.07
52.0471
52.0296
52.0193
52.0105
52.0057
52.0057
52.0105
52.0193
52.0296
52.0471
52.0191
51.9983
51.9841
51.9731
51.9672
51.9672
51.9731
51.9841
51.9983
52.019
52.004
51.9642
51.9435
51.9292
51.9217
51.9217
51.9292
51.9435
51.9642
52.004
48.3881
48.3908
48.3942
48.3962
48.3972
48.3972
48.3962
48.3942
48.3908
48.3881
48.4229
48.4271
48.4318
48.4347
48.4362
48.4362
48.4347
48.4318
48.4271
48.4229
48.4577
48.4627
48.4684
48.4719
48.4737
48.4737
48.4719
48.4684
48.4627
48.4577
48.483
48.4877
48.4933
48.4967
48.4984
48.4984
48.4967
48.4933
48.4877
48.483
48.4989
48.5022
48.507
48.5097
48.511
48.511
48.5097
48.507
48.5022
48.4989
48.5067
48.508
48.5114
48.5129
48.5137
48.5137
48.5129
48.5114
48.508
48.5067
48.5071
48.5064
48.508
48.5084
48.5085
48.5085
48.5084
48.508
48.5064
48.5071
48.5015
48.499
48.499
48.4982
48.4977
48.4977
48.4982
48.499
48.499
48.5015
48.4931
48.4889
48.4867
48.4847
48.4834
48.4834
48.4847
48.4867
48.4889
48.4931
48.4907
48.477
48.471
48.4666
48.4643
48.4643
48.4666
48.4709
48.477
48.4907
45.0881
45.0883
45.0887
45.0887
45.0888
45.0888
45.0887
45.0887
45.0883
45.0881
45.102
45.103
45.104
45.1045
45.1047
45.1047
45.1045
45.104
45.103
45.102
45.1179
45.1194
45.121
45.1218
45.1222
45.1222
45.1218
45.121
45.1194
45.1179
45.1313
45.133
45.1348
45.1357
45.1362
45.1362
45.1357
45.1348
45.133
45.1313
45.1418
45.1434
45.1451
45.1458
45.1462
45.1462
45.1458
45.1451
45.1434
45.1418
45.1496
45.1506
45.152
45.1525
45.1527
45.1527
45.1525
45.152
45.1506
45.1496
45.1546
45.1551
45.156
45.1561
45.1562
45.1562
45.1561
45.156
45.1551
45.1546
45.1574
45.1573
45.1576
45.1574
45.1572
45.1572
45.1574
45.1576
45.1573
45.1574
45.1591
45.1583
45.1579
45.1571
45.1566
45.1566
45.1571
45.1579
45.1583
45.1591
45.1632
45.1584
45.1562
45.1545
45.1536
45.1536
45.1545
45.1562
45.1584
45.1632
41.7508
41.7512
41.7518
41.7521
41.7523
41.7523
41.7521
41.7518
41.7512
41.7507
41.7558
41.7566
41.7574
41.7579
41.7582
41.7582
41.7579
41.7574
41.7566
41.7558
41.7615
41.7626
41.7636
41.7643
41.7646
41.7646
41.7643
41.7636
41.7626
41.7615
41.7667
41.7678
41.7691
41.7698
41.7702
41.7702
41.7698
41.7691
41.7678
41.7667
41.771
41.7722
41.7734
41.7742
41.7746
41.7746
41.7742
41.7734
41.7722
41.771
41.7744
41.7755
41.7766
41.7773
41.7777
41.7777
41.7773
41.7766
41.7755
41.7744
41.7768
41.7777
41.7787
41.7793
41.7795
41.7795
41.7793
41.7787
41.7777
41.7768
41.7783
41.779
41.7798
41.7802
41.7803
41.7803
41.7802
41.7798
41.779
41.7783
41.7793
41.7797
41.7801
41.7802
41.7803
41.7803
41.7802
41.7801
41.7797
41.7793
41.7813
41.7799
41.7795
41.7791
41.7789
41.7789
41.7791
41.7795
41.7799
41.7813
38.4214
38.4214
38.4215
38.4215
38.4215
38.4215
38.4215
38.4215
38.4214
38.4214
38.4232
38.4234
38.4236
38.4237
38.4238
38.4238
38.4237
38.4236
38.4234
38.4232
38.4256
38.426
38.4263
38.4265
38.4265
38.4265
38.4265
38.4263
38.426
38.4256
38.4281
38.4285
38.4289
38.4292
38.4293
38.4293
38.4292
38.4289
38.4285
38.4281
38.4304
38.4309
38.4314
38.4316
38.4318
38.4318
38.4316
38.4314
38.4309
38.4304
38.4325
38.433
38.4335
38.4338
38.4339
38.4339
38.4338
38.4335
38.433
38.4325
38.4344
38.4349
38.4354
38.4356
38.4357
38.4357
38.4356
38.4354
38.4349
38.4344
38.4359
38.4365
38.4369
38.4371
38.4372
38.4372
38.4371
38.4369
38.4365
38.4359
38.4374
38.4379
38.4382
38.4383
38.4384
38.4384
38.4383
38.4382
38.4379
38.4374
38.4393
38.4391
38.4391
38.439
38.439
38.439
38.439
38.4391
38.4391
38.4393
35.0826
35.0827
35.0828
35.0829
35.0829
35.0829
35.0829
35.0828
35.0827
35.0826
35.0832
35.0834
35.0835
35.0836
35.0836
35.0836
35.0836
35.0835
35.0834
35.0832
35.084
35.0842
35.0844
35.0845
35.0846
35.0846
35.0845
35.0844
35.0842
35.084
35.0849
35.0852
35.0854
35.0855
35.0856
35.0856
35.0855
35.0854
35.0852
35.0849
35.0858
35.0861
35.0863
35.0865
35.0866
35.0866
35.0865
35.0863
35.0861
35.0858
35.0866
35.0869
35.0872
35.0874
35.0875
35.0875
35.0874
35.0872
35.0869
35.0866
35.0874
35.0877
35.088
35.0882
35.0883
35.0883
35.0882
35.088
35.0877
35.0874
35.0881
35.0884
35.0887
35.0888
35.0889
35.0889
35.0888
35.0887
35.0884
35.0881
35.0887
35.089
35.0892
35.0894
35.0894
35.0894
35.0894
35.0892
35.089
35.0887
35.0895
35.0895
35.0896
35.0896
35.0897
35.0897
35.0896
35.0896
35.0895
35.0895
31.7438
31.7438
31.7439
31.7439
31.7439
31.7439
31.7439
31.7439
31.7438
31.7438
31.744
31.7441
31.7441
31.7441
31.7441
31.7441
31.7441
31.7441
31.7441
31.744
31.7443
31.7444
31.7445
31.7445
31.7445
31.7445
31.7445
31.7445
31.7444
31.7443
31.7447
31.7448
31.7449
31.7449
31.745
31.745
31.7449
31.7449
31.7448
31.7447
31.7452
31.7453
31.7454
31.7454
31.7455
31.7455
31.7454
31.7454
31.7453
31.7452
31.7456
31.7458
31.7459
31.746
31.746
31.746
31.746
31.7459
31.7458
31.7456
31.7461
31.7462
31.7464
31.7465
31.7465
31.7465
31.7465
31.7464
31.7462
31.7461
31.7465
31.7467
31.7468
31.7469
31.747
31.747
31.7469
31.7468
31.7467
31.7465
31.747
31.7472
31.7473
31.7474
31.7474
31.7474
31.7474
31.7473
31.7472
31.747
31.7475
31.7476
31.7477
31.7477
31.7477
31.7477
31.7477
31.7477
31.7476
31.7475
28.403
28.403
28.403
28.403
28.403
28.403
28.403
28.403
28.403
28.403
28.403
28.403
28.4031
28.4031
28.4031
28.4031
28.4031
28.4031
28.403
28.403
28.4031
28.4031
28.4032
28.4032
28.4032
28.4032
28.4032
28.4032
28.4031
28.4031
28.4032
28.4033
28.4033
28.4033
28.4034
28.4034
28.4033
28.4033
28.4033
28.4032
28.4034
28.4034
28.4035
28.4035
28.4035
28.4035
28.4035
28.4035
28.4034
28.4034
28.4036
28.4036
28.4037
28.4037
28.4038
28.4038
28.4037
28.4037
28.4036
28.4036
28.4037
28.4038
28.4039
28.4039
28.404
28.404
28.4039
28.4039
28.4038
28.4037
28.4039
28.404
28.4041
28.4041
28.4042
28.4042
28.4041
28.4041
28.404
28.4039
28.4041
28.4042
28.4043
28.4043
28.4043
28.4043
28.4043
28.4043
28.4042
28.4041
28.4043
28.4044
28.4044
28.4044
28.4045
28.4045
28.4044
28.4044
28.4044
28.4043
25.0619
25.0619
25.0619
25.0619
25.0619
25.0619
25.0619
25.0619
25.0619
25.0619
25.0619
25.0619
25.0619
25.0619
25.0619
25.0619
25.0619
25.0619
25.0619
25.0619
25.062
25.062
25.062
25.062
25.062
25.062
25.062
25.062
25.062
25.062
25.062
25.062
25.062
25.0621
25.0621
25.0621
25.0621
25.062
25.062
25.062
25.0621
25.0621
25.0621
25.0621
25.0621
25.0621
25.0621
25.0621
25.0621
25.0621
25.0622
25.0622
25.0622
25.0622
25.0623
25.0623
25.0622
25.0622
25.0622
25.0622
25.0623
25.0623
25.0623
25.0624
25.0624
25.0624
25.0624
25.0623
25.0623
25.0623
25.0624
25.0624
25.0625
25.0625
25.0625
25.0625
25.0625
25.0625
25.0624
25.0624
25.0625
25.0625
25.0626
25.0626
25.0626
25.0626
25.0626
25.0626
25.0625
25.0625
25.0626
25.0626
25.0627
25.0627
25.0627
25.0627
25.0627
25.0627
25.0626
25.0626
21.7204
21.7204
21.7204
21.7204
21.7205
21.7205
21.7204
21.7204
21.7204
21.7204
21.7204
21.7204
21.7204
21.7205
21.7205
21.7205
21.7205
21.7204
21.7204
21.7204
21.7204
21.7205
21.7205
21.7205
21.7205
21.7205
21.7205
21.7205
21.7205
21.7204
21.7205
21.7205
21.7205
21.7205
21.7205
21.7205
21.7205
21.7205
21.7205
21.7205
21.7205
21.7205
21.7205
21.7205
21.7205
21.7205
21.7205
21.7205
21.7205
21.7205
21.7205
21.7205
21.7205
21.7206
21.7206
21.7206
21.7206
21.7205
21.7205
21.7205
21.7206
21.7206
21.7206
21.7206
21.7206
21.7206
21.7206
21.7206
21.7206
21.7206
21.7206
21.7206
21.7206
21.7206
21.7207
21.7207
21.7206
21.7206
21.7206
21.7206
21.7206
21.7207
21.7207
21.7207
21.7207
21.7207
21.7207
21.7207
21.7207
21.7206
21.7207
21.7207
21.7207
21.7207
21.7207
21.7207
21.7207
21.7207
21.7207
21.7207
18.3789
18.3789
18.3789
18.3789
18.3789
18.3789
18.3789
18.3789
18.3789
18.3789
18.3789
18.3789
18.3789
18.3789
18.3789
18.3789
18.3789
18.3789
18.3789
18.3789
18.3789
18.3789
18.3789
18.3789
18.3789
18.3789
18.3789
18.3789
18.3789
18.3789
18.3789
18.3789
18.3789
18.3789
18.3789
18.3789
18.3789
18.3789
18.3789
18.3789
18.3789
18.3789
18.3789
18.379
18.379
18.379
18.379
18.3789
18.3789
18.3789
18.379
18.379
18.379
18.379
18.379
18.379
18.379
18.379
18.379
18.379
18.379
18.379
18.379
18.379
18.379
18.379
18.379
18.379
18.379
18.379
18.379
18.379
18.379
18.379
18.379
18.379
18.379
18.379
18.379
18.379
18.379
18.379
18.379
18.379
18.379
18.379
18.379
18.379
18.379
18.379
18.379
18.3791
18.3791
18.3791
18.3791
18.3791
18.3791
18.3791
18.3791
18.379
15.0373
15.0373
15.0373
15.0373
15.0373
15.0373
15.0373
15.0373
15.0373
15.0373
15.0373
15.0373
15.0373
15.0373
15.0373
15.0373
15.0373
15.0373
15.0373
15.0373
15.0373
15.0373
15.0373
15.0373
15.0373
15.0373
15.0373
15.0373
15.0373
15.0373
15.0373
15.0373
15.0373
15.0373
15.0373
15.0373
15.0373
15.0373
15.0373
15.0373
15.0373
15.0373
15.0373
15.0373
15.0373
15.0373
15.0373
15.0373
15.0373
15.0373
15.0373
15.0373
15.0373
15.0373
15.0373
15.0373
15.0373
15.0373
15.0373
15.0373
15.0373
15.0373
15.0373
15.0373
15.0373
15.0373
15.0373
15.0373
15.0373
15.0373
15.0373
15.0373
15.0373
15.0374
15.0374
15.0374
15.0374
15.0373
15.0373
15.0373
15.0374
15.0374
15.0374
15.0374
15.0374
15.0374
15.0374
15.0374
15.0374
15.0374
15.0374
15.0374
15.0374
15.0374
15.0374
15.0374
15.0374
15.0374
15.0374
15.0374
11.6957
11.6957
11.6957
11.6957
11.6957
11.6957
11.6957
11.6957
11.6957
11.6957
11.6957
11.6957
11.6957
11.6957
11.6957
11.6957
11.6957
11.6957
11.6957
11.6957
11.6957
11.6957
11.6957
11.6957
11.6957
11.6957
11.6957
11.6957
11.6957
11.6957
11.6957
11.6957
11.6957
11.6957
11.6957
11.6957
11.6957
11.6957
11.6957
11.6957
11.6957
11.6957
11.6957
11.6957
11.6957
11.6957
11.6957
11.6957
11.6957
11.6957
11.6957
11.6957
11.6957
11.6957
11.6957
11.6957
11.6957
11.6957
11.6957
11.6957
11.6957
11.6957
11.6957
11.6957
11.6957
11.6957
11.6957
11.6957
11.6957
11.6957
11.6957
11.6957
11.6957
11.6957
11.6957
11.6957
11.6957
11.6957
11.6957
11.6957
11.6957
11.6957
11.6957
11.6957
11.6957
11.6957
11.6957
11.6957
11.6957
11.6957
11.6957
11.6957
11.6957
11.6957
11.6957
11.6957
11.6957
11.6957
11.6957
11.6957
8.35408
8.35408
8.35408
8.35408
8.35408
8.35408
8.35408
8.35408
8.35408
8.35408
8.35408
8.35408
8.35408
8.35408
8.35408
8.35408
8.35408
8.35408
8.35408
8.35408
8.35408
8.35408
8.35408
8.35408
8.35408
8.35408
8.35408
8.35408
8.35408
8.35408
8.35408
8.35408
8.35408
8.35408
8.35408
8.35408
8.35408
8.35408
8.35408
8.35408
8.35408
8.35408
8.35408
8.35408
8.35408
8.35408
8.35408
8.35408
8.35408
8.35408
8.35408
8.35408
8.35408
8.35408
8.35408
8.35408
8.35408
8.35408
8.35408
8.35408
8.35408
8.35408
8.35408
8.35408
8.35408
8.35408
8.35408
8.35408
8.35408
8.35408
8.35408
8.35408
8.35408
8.35408
8.35408
8.35408
8.35408
8.35408
8.35408
8.35408
8.35408
8.35408
8.35408
8.35408
8.35408
8.35408
8.35408
8.35408
8.35408
8.35408
8.35408
8.35408
8.35408
8.35408
8.35408
8.35408
8.35408
8.35408
8.35408
8.35408
5.01245
5.01245
5.01245
5.01245
5.01245
5.01245
5.01245
5.01245
5.01245
5.01245
5.01244
5.01244
5.01244
5.01244
5.01244
5.01244
5.01244
5.01244
5.01244
5.01244
5.01244
5.01244
5.01244
5.01244
5.01244
5.01244
5.01244
5.01244
5.01244
5.01244
5.01244
5.01244
5.01244
5.01244
5.01244
5.01244
5.01244
5.01244
5.01244
5.01244
5.01244
5.01244
5.01244
5.01244
5.01244
5.01244
5.01244
5.01244
5.01244
5.01244
5.01244
5.01244
5.01244
5.01244
5.01245
5.01245
5.01245
5.01244
5.01244
5.01244
5.01244
5.01244
5.01245
5.01245
5.01245
5.01245
5.01245
5.01245
5.01245
5.01245
5.01244
5.01245
5.01245
5.01245
5.01245
5.01245
5.01245
5.01245
5.01245
5.01245
5.01244
5.01244
5.01245
5.01245
5.01245
5.01245
5.01245
5.01245
5.01245
5.01245
5.01244
5.01244
5.01244
5.01244
5.01245
5.01245
5.01245
5.01245
5.01245
5.01245
1.67082
1.67082
1.67082
1.67082
1.67082
1.67082
1.67082
1.67082
1.67082
1.67082
1.67081
1.67081
1.67081
1.67081
1.67081
1.67081
1.67081
1.67081
1.67081
1.67081
1.67081
1.67081
1.67081
1.67081
1.67081
1.67081
1.67081
1.67081
1.67081
1.67081
1.67081
1.67081
1.67081
1.67081
1.67081
1.67081
1.67081
1.67081
1.67081
1.67081
1.67081
1.67081
1.67081
1.67081
1.67081
1.67081
1.67081
1.67081
1.67081
1.67081
1.67081
1.67081
1.67081
1.67081
1.67081
1.67081
1.67081
1.67081
1.67081
1.67081
1.67081
1.67081
1.67081
1.67081
1.67081
1.67081
1.67081
1.67081
1.67081
1.67081
1.67081
1.67081
1.67081
1.67081
1.67081
1.67081
1.67081
1.67081
1.67081
1.67081
1.67081
1.67081
1.67081
1.67081
1.67081
1.67081
1.67081
1.67081
1.67081
1.67081
1.67081
1.6708
1.6708
1.6708
1.6708
1.6708
1.6708
1.6708
1.6708
1.67081
100.341
99.7602
99.3954
99.1288
98.9906
98.9906
99.1288
99.3954
99.7602
100.341
91.2167
90.3684
89.8095
89.4144
89.2108
89.2108
89.4144
89.8095
90.3684
91.2167
83.6386
82.6622
82.0245
81.5804
81.3525
81.3525
81.5804
82.0245
82.6622
83.6386
78.4053
77.4023
76.7556
76.3119
76.0846
76.0846
76.3119
76.7556
77.4023
78.4053
74.4798
73.4847
72.8464
72.4172
72.1975
72.1975
72.4172
72.8464
73.4847
74.4798
71.3035
70.3367
69.7152
69.3077
69.0994
69.0994
69.3077
69.7152
70.3367
71.3035
68.6881
67.7707
67.176
66.7966
66.6035
66.6035
66.7965
67.176
67.7707
68.6881
66.527
65.6825
65.127
64.7813
64.6061
64.6061
64.7813
65.127
65.6825
66.527
64.739
63.9838
63.4805
63.1734
63.0179
63.0179
63.1734
63.4805
63.9838
64.739
63.3406
62.5905
62.1485
61.8803
61.7444
61.7444
61.8803
62.1485
62.5904
63.3406
64.4765
64.6484
64.8353
64.9614
65.0266
65.0266
64.9614
64.8353
64.6484
64.4765
64.884
64.9774
65.1025
65.1829
65.224
65.224
65.1829
65.1025
64.9774
64.884
64.845
64.8405
64.8913
64.9185
64.932
64.932
64.9185
64.8913
64.8405
64.845
64.4225
64.3279
64.3105
64.2911
64.2805
64.2805
64.2911
64.3105
64.3279
64.4225
63.819
63.6507
63.5756
63.5189
63.489
63.489
63.5189
63.5756
63.6507
63.819
63.1429
62.9194
62.7978
62.7133
62.6693
62.6693
62.7133
62.7978
62.9194
63.1429
62.4489
62.1904
62.0355
61.9331
61.8801
61.8801
61.9331
62.0355
62.1904
62.4489
61.7681
61.4984
61.3256
61.215
61.158
61.158
61.215
61.3256
61.4984
61.768
61.1342
60.8697
60.6916
60.5804
60.5227
60.5227
60.5804
60.6916
60.8697
61.1342
60.6447
60.3053
60.1252
60.0149
59.9574
59.9574
60.0149
60.1252
60.3053
60.6447
59.8662
59.8511
59.852
59.848
59.8462
59.8462
59.848
59.852
59.8511
59.8662
60.26
60.242
60.2417
60.2357
60.2326
60.2326
60.2357
60.2417
60.242
60.26
60.5816
60.5447
60.5323
60.5164
60.5079
60.5079
60.5164
60.5323
60.5447
60.5816
60.62
60.5497
60.515
60.483
60.466
60.466
60.483
60.515
60.5497
60.62
60.4648
60.3593
60.3002
60.2522
60.2268
60.2268
60.2522
60.3002
60.3593
60.4648
60.2093
60.0734
59.992
59.9307
59.8985
59.8985
59.9307
59.992
60.0734
60.2092
59.9014
59.7434
59.6439
59.5734
59.5365
59.5365
59.5734
59.6439
59.7434
59.9014
59.5677
59.3995
59.2887
59.2134
59.1741
59.1741
59.2134
59.2887
59.3995
59.5677
59.2389
59.0686
58.9514
58.8742
58.8339
58.8339
58.8742
58.9514
59.0686
59.2389
58.9841
58.7567
58.6318
58.5524
58.511
58.511
58.5524
58.6318
58.7567
58.9841
55.1072
55.1263
55.1504
55.166
55.1742
55.1742
55.166
55.1504
55.1263
55.1072
55.3028
55.3251
55.3527
55.3703
55.3795
55.3795
55.3703
55.3527
55.3251
55.3028
55.4653
55.4848
55.5116
55.528
55.5367
55.5367
55.528
55.5116
55.4848
55.4653
55.5382
55.547
55.5667
55.5776
55.5833
55.5833
55.5776
55.5667
55.547
55.5382
55.5419
55.5363
55.5455
55.5488
55.5505
55.5505
55.5488
55.5455
55.5363
55.5419
55.4992
55.4788
55.4764
55.4721
55.4697
55.4697
55.4721
55.4764
55.4788
55.4992
55.4234
55.3903
55.3772
55.3662
55.3603
55.3603
55.3662
55.3772
55.3903
55.4234
55.3242
55.2829
55.2614
55.2454
55.2368
55.2368
55.2454
55.2614
55.2828
55.3242
55.2177
55.1708
55.1418
55.1215
55.1106
55.1106
55.1215
55.1418
55.1708
55.2177
55.1441
55.0592
55.0186
54.9921
54.9781
54.9781
54.9921
55.0186
55.0592
55.1441
51.8057
51.8053
51.8067
51.8065
51.8065
51.8065
51.8065
51.8067
51.8053
51.8057
51.8939
51.8966
51.9009
51.9026
51.9035
51.9035
51.9026
51.9009
51.8966
51.8939
51.983
51.9868
51.9923
51.9945
51.9957
51.9957
51.9945
51.9923
51.9868
51.9829
52.0416
52.0431
52.0473
52.0483
52.0487
52.0487
52.0483
52.0473
52.0431
52.0416
52.0716
52.0686
52.0698
52.0685
52.0676
52.0676
52.0685
52.0698
52.0686
52.0716
52.0795
52.0711
52.0683
52.0643
52.062
52.062
52.0643
52.0683
52.0711
52.0795
52.07
52.0563
52.0494
52.0428
52.0391
52.0391
52.0428
52.0494
52.0563
52.07
52.0471
52.0296
52.0193
52.0105
52.0057
52.0057
52.0105
52.0193
52.0296
52.0471
52.019
51.9983
51.984
51.9731
51.9672
51.9672
51.9731
51.984
51.9983
52.019
52.004
51.9642
51.9435
51.9292
51.9217
51.9217
51.9292
51.9435
51.9642
52.004
48.3881
48.3908
48.3942
48.3962
48.3972
48.3972
48.3962
48.3942
48.3908
48.3881
48.4229
48.4271
48.4318
48.4347
48.4362
48.4362
48.4347
48.4318
48.4271
48.4229
48.4577
48.4627
48.4684
48.4719
48.4737
48.4737
48.4719
48.4684
48.4627
48.4577
48.483
48.4877
48.4933
48.4967
48.4984
48.4984
48.4967
48.4933
48.4877
48.483
48.4989
48.5022
48.507
48.5097
48.511
48.511
48.5097
48.507
48.5022
48.4989
48.5067
48.508
48.5114
48.5129
48.5137
48.5137
48.5129
48.5114
48.508
48.5066
48.5071
48.5064
48.508
48.5084
48.5085
48.5085
48.5084
48.508
48.5064
48.5071
48.5015
48.499
48.499
48.4982
48.4977
48.4977
48.4982
48.499
48.499
48.5015
48.4931
48.4889
48.4867
48.4846
48.4834
48.4834
48.4846
48.4867
48.4889
48.4931
48.4907
48.477
48.4709
48.4666
48.4643
48.4643
48.4666
48.4709
48.477
48.4907
45.0881
45.0883
45.0887
45.0887
45.0888
45.0888
45.0887
45.0887
45.0883
45.0881
45.102
45.103
45.104
45.1045
45.1047
45.1047
45.1045
45.104
45.103
45.102
45.1179
45.1194
45.121
45.1218
45.1222
45.1222
45.1218
45.121
45.1194
45.1179
45.1313
45.133
45.1348
45.1357
45.1362
45.1362
45.1357
45.1348
45.133
45.1313
45.1418
45.1434
45.1451
45.1458
45.1462
45.1462
45.1458
45.1451
45.1434
45.1418
45.1496
45.1506
45.152
45.1525
45.1527
45.1527
45.1525
45.152
45.1506
45.1496
45.1546
45.1551
45.156
45.1561
45.1562
45.1562
45.1561
45.156
45.1551
45.1546
45.1574
45.1573
45.1576
45.1574
45.1572
45.1572
45.1574
45.1576
45.1573
45.1574
45.1591
45.1583
45.1578
45.1571
45.1566
45.1566
45.1571
45.1578
45.1583
45.1591
45.1632
45.1584
45.1562
45.1545
45.1536
45.1536
45.1545
45.1562
45.1584
45.1632
41.7507
41.7512
41.7518
41.7521
41.7523
41.7523
41.7521
41.7518
41.7512
41.7507
41.7558
41.7566
41.7574
41.7579
41.7582
41.7582
41.7579
41.7574
41.7566
41.7558
41.7615
41.7626
41.7636
41.7643
41.7646
41.7646
41.7643
41.7636
41.7626
41.7615
41.7667
41.7678
41.7691
41.7698
41.7702
41.7702
41.7698
41.7691
41.7678
41.7667
41.771
41.7722
41.7734
41.7742
41.7746
41.7746
41.7742
41.7734
41.7722
41.771
41.7744
41.7755
41.7766
41.7773
41.7777
41.7777
41.7773
41.7766
41.7755
41.7744
41.7768
41.7777
41.7787
41.7793
41.7795
41.7795
41.7793
41.7787
41.7777
41.7768
41.7783
41.779
41.7798
41.7802
41.7803
41.7803
41.7802
41.7798
41.779
41.7783
41.7793
41.7797
41.7801
41.7802
41.7803
41.7803
41.7802
41.7801
41.7797
41.7793
41.7813
41.7799
41.7795
41.7791
41.7789
41.7789
41.7791
41.7795
41.7799
41.7813
38.4214
38.4214
38.4215
38.4215
38.4215
38.4215
38.4215
38.4215
38.4214
38.4214
38.4232
38.4234
38.4236
38.4237
38.4238
38.4238
38.4237
38.4236
38.4234
38.4232
38.4256
38.426
38.4263
38.4265
38.4265
38.4265
38.4265
38.4263
38.426
38.4256
38.4281
38.4285
38.4289
38.4292
38.4293
38.4293
38.4292
38.4289
38.4285
38.4281
38.4304
38.4309
38.4314
38.4316
38.4318
38.4318
38.4316
38.4314
38.4309
38.4304
38.4325
38.433
38.4335
38.4338
38.4339
38.4339
38.4338
38.4335
38.433
38.4325
38.4344
38.4349
38.4354
38.4356
38.4357
38.4357
38.4356
38.4354
38.4349
38.4344
38.4359
38.4365
38.4369
38.4371
38.4372
38.4372
38.4371
38.4369
38.4365
38.4359
38.4374
38.4379
38.4382
38.4383
38.4384
38.4384
38.4383
38.4382
38.4379
38.4374
38.4393
38.4391
38.4391
38.439
38.439
38.439
38.439
38.4391
38.4391
38.4393
35.0826
35.0827
35.0828
35.0829
35.0829
35.0829
35.0829
35.0828
35.0827
35.0826
35.0832
35.0834
35.0835
35.0836
35.0836
35.0836
35.0836
35.0835
35.0834
35.0832
35.084
35.0842
35.0844
35.0845
35.0846
35.0846
35.0845
35.0844
35.0842
35.084
35.0849
35.0852
35.0854
35.0855
35.0856
35.0856
35.0855
35.0854
35.0852
35.0849
35.0858
35.0861
35.0863
35.0865
35.0866
35.0866
35.0865
35.0863
35.0861
35.0858
35.0866
35.0869
35.0872
35.0874
35.0875
35.0875
35.0874
35.0872
35.0869
35.0866
35.0874
35.0877
35.088
35.0882
35.0883
35.0883
35.0882
35.088
35.0877
35.0874
35.0881
35.0884
35.0887
35.0888
35.0889
35.0889
35.0888
35.0887
35.0884
35.0881
35.0887
35.089
35.0892
35.0894
35.0894
35.0894
35.0894
35.0892
35.089
35.0887
35.0895
35.0895
35.0896
35.0896
35.0897
35.0897
35.0896
35.0896
35.0895
35.0895
31.7438
31.7438
31.7439
31.7439
31.7439
31.7439
31.7439
31.7439
31.7438
31.7438
31.744
31.7441
31.7441
31.7441
31.7441
31.7441
31.7441
31.7441
31.7441
31.744
31.7443
31.7444
31.7445
31.7445
31.7445
31.7445
31.7445
31.7445
31.7444
31.7443
31.7447
31.7448
31.7449
31.7449
31.745
31.745
31.7449
31.7449
31.7448
31.7447
31.7452
31.7453
31.7454
31.7454
31.7455
31.7455
31.7454
31.7454
31.7453
31.7452
31.7456
31.7458
31.7459
31.746
31.746
31.746
31.746
31.7459
31.7458
31.7456
31.7461
31.7462
31.7464
31.7465
31.7465
31.7465
31.7465
31.7464
31.7462
31.7461
31.7465
31.7467
31.7468
31.7469
31.747
31.747
31.7469
31.7468
31.7467
31.7465
31.747
31.7472
31.7473
31.7474
31.7474
31.7474
31.7474
31.7473
31.7472
31.747
31.7475
31.7476
31.7477
31.7477
31.7477
31.7477
31.7477
31.7477
31.7476
31.7475
28.403
28.403
28.403
28.403
28.403
28.403
28.403
28.403
28.403
28.403
28.403
28.403
28.4031
28.4031
28.4031
28.4031
28.4031
28.4031
28.403
28.403
28.4031
28.4031
28.4032
28.4032
28.4032
28.4032
28.4032
28.4032
28.4031
28.4031
28.4032
28.4033
28.4033
28.4033
28.4034
28.4034
28.4033
28.4033
28.4033
28.4032
28.4034
28.4034
28.4035
28.4035
28.4035
28.4035
28.4035
28.4035
28.4034
28.4034
28.4036
28.4036
28.4037
28.4037
28.4038
28.4038
28.4037
28.4037
28.4036
28.4036
28.4037
28.4038
28.4039
28.4039
28.404
28.404
28.4039
28.4039
28.4038
28.4037
28.4039
28.404
28.4041
28.4041
28.4042
28.4042
28.4041
28.4041
28.404
28.4039
28.4041
28.4042
28.4043
28.4043
28.4043
28.4043
28.4043
28.4043
28.4042
28.4041
28.4043
28.4044
28.4044
28.4044
28.4045
28.4045
28.4044
28.4044
28.4044
28.4043
25.0619
25.0619
25.0619
25.0619
25.0619
25.0619
25.0619
25.0619
25.0619
25.0619
25.0619
25.0619
25.0619
25.0619
25.0619
25.0619
25.0619
25.0619
25.0619
25.0619
25.062
25.062
25.062
25.062
25.062
25.062
25.062
25.062
25.062
25.062
25.062
25.062
25.062
25.0621
25.0621
25.0621
25.0621
25.062
25.062
25.062
25.0621
25.0621
25.0621
25.0621
25.0621
25.0621
25.0621
25.0621
25.0621
25.0621
25.0622
25.0622
25.0622
25.0622
25.0623
25.0623
25.0622
25.0622
25.0622
25.0622
25.0623
25.0623
25.0623
25.0624
25.0624
25.0624
25.0624
25.0623
25.0623
25.0623
25.0624
25.0624
25.0625
25.0625
25.0625
25.0625
25.0625
25.0625
25.0624
25.0624
25.0625
25.0625
25.0626
25.0626
25.0626
25.0626
25.0626
25.0626
25.0625
25.0625
25.0626
25.0626
25.0627
25.0627
25.0627
25.0627
25.0627
25.0627
25.0626
25.0626
21.7204
21.7204
21.7204
21.7204
21.7205
21.7205
21.7204
21.7204
21.7204
21.7204
21.7204
21.7204
21.7204
21.7205
21.7205
21.7205
21.7205
21.7204
21.7204
21.7204
21.7204
21.7205
21.7205
21.7205
21.7205
21.7205
21.7205
21.7205
21.7205
21.7204
21.7205
21.7205
21.7205
21.7205
21.7205
21.7205
21.7205
21.7205
21.7205
21.7205
21.7205
21.7205
21.7205
21.7205
21.7205
21.7205
21.7205
21.7205
21.7205
21.7205
21.7205
21.7205
21.7205
21.7206
21.7206
21.7206
21.7206
21.7205
21.7205
21.7205
21.7206
21.7206
21.7206
21.7206
21.7206
21.7206
21.7206
21.7206
21.7206
21.7206
21.7206
21.7206
21.7206
21.7206
21.7207
21.7207
21.7206
21.7206
21.7206
21.7206
21.7206
21.7207
21.7207
21.7207
21.7207
21.7207
21.7207
21.7207
21.7207
21.7206
21.7207
21.7207
21.7207
21.7207
21.7207
21.7207
21.7207
21.7207
21.7207
21.7207
18.3789
18.3789
18.3789
18.3789
18.3789
18.3789
18.3789
18.3789
18.3789
18.3789
18.3789
18.3789
18.3789
18.3789
18.3789
18.3789
18.3789
18.3789
18.3789
18.3789
18.3789
18.3789
18.3789
18.3789
18.3789
18.3789
18.3789
18.3789
18.3789
18.3789
18.3789
18.3789
18.3789
18.3789
18.3789
18.3789
18.3789
18.3789
18.3789
18.3789
18.3789
18.3789
18.3789
18.379
18.379
18.379
18.379
18.3789
18.3789
18.3789
18.379
18.379
18.379
18.379
18.379
18.379
18.379
18.379
18.379
18.379
18.379
18.379
18.379
18.379
18.379
18.379
18.379
18.379
18.379
18.379
18.379
18.379
18.379
18.379
18.379
18.379
18.379
18.379
18.379
18.379
18.379
18.379
18.379
18.379
18.379
18.379
18.379
18.379
18.379
18.379
18.379
18.3791
18.3791
18.3791
18.3791
18.3791
18.3791
18.3791
18.3791
18.379
15.0373
15.0373
15.0373
15.0373
15.0373
15.0373
15.0373
15.0373
15.0373
15.0373
15.0373
15.0373
15.0373
15.0373
15.0373
15.0373
15.0373
15.0373
15.0373
15.0373
15.0373
15.0373
15.0373
15.0373
15.0373
15.0373
15.0373
15.0373
15.0373
15.0373
15.0373
15.0373
15.0373
15.0373
15.0373
15.0373
15.0373
15.0373
15.0373
15.0373
15.0373
15.0373
15.0373
15.0373
15.0373
15.0373
15.0373
15.0373
15.0373
15.0373
15.0373
15.0373
15.0373
15.0373
15.0373
15.0373
15.0373
15.0373
15.0373
15.0373
15.0373
15.0373
15.0373
15.0373
15.0373
15.0373
15.0373
15.0373
15.0373
15.0373
15.0373
15.0373
15.0374
15.0374
15.0374
15.0374
15.0374
15.0374
15.0373
15.0373
15.0374
15.0374
15.0374
15.0374
15.0374
15.0374
15.0374
15.0374
15.0374
15.0374
15.0374
15.0374
15.0374
15.0374
15.0374
15.0374
15.0374
15.0374
15.0374
15.0374
11.6957
11.6957
11.6957
11.6957
11.6957
11.6957
11.6957
11.6957
11.6957
11.6957
11.6957
11.6957
11.6957
11.6957
11.6957
11.6957
11.6957
11.6957
11.6957
11.6957
11.6957
11.6957
11.6957
11.6957
11.6957
11.6957
11.6957
11.6957
11.6957
11.6957
11.6957
11.6957
11.6957
11.6957
11.6957
11.6957
11.6957
11.6957
11.6957
11.6957
11.6957
11.6957
11.6957
11.6957
11.6957
11.6957
11.6957
11.6957
11.6957
11.6957
11.6957
11.6957
11.6957
11.6957
11.6957
11.6957
11.6957
11.6957
11.6957
11.6957
11.6957
11.6957
11.6957
11.6957
11.6957
11.6957
11.6957
11.6957
11.6957
11.6957
11.6957
11.6957
11.6957
11.6957
11.6957
11.6957
11.6957
11.6957
11.6957
11.6957
11.6957
11.6957
11.6957
11.6957
11.6957
11.6957
11.6957
11.6957
11.6957
11.6957
11.6957
11.6957
11.6957
11.6957
11.6957
11.6957
11.6957
11.6957
11.6957
11.6957
8.35408
8.35408
8.35408
8.35408
8.35408
8.35408
8.35408
8.35408
8.35408
8.35408
8.35408
8.35408
8.35408
8.35408
8.35408
8.35408
8.35408
8.35408
8.35408
8.35408
8.35408
8.35408
8.35408
8.35408
8.35408
8.35408
8.35408
8.35408
8.35408
8.35408
8.35408
8.35408
8.35408
8.35408
8.35408
8.35408
8.35408
8.35408
8.35408
8.35408
8.35408
8.35408
8.35408
8.35408
8.35408
8.35408
8.35408
8.35408
8.35408
8.35408
8.35408
8.35408
8.35408
8.35408
8.35408
8.35408
8.35408
8.35408
8.35408
8.35408
8.35408
8.35408
8.35408
8.35408
8.35408
8.35408
8.35408
8.35408
8.35408
8.35408
8.35408
8.35408
8.35408
8.35408
8.35408
8.35408
8.35408
8.35408
8.35408
8.35408
8.35408
8.35408
8.35408
8.35408
8.35408
8.35408
8.35408
8.35408
8.35408
8.35408
8.35408
8.35408
8.35408
8.35408
8.35408
8.35408
8.35408
8.35408
8.35408
8.35408
5.01245
5.01245
5.01245
5.01245
5.01245
5.01245
5.01245
5.01245
5.01245
5.01245
5.01244
5.01244
5.01244
5.01244
5.01244
5.01244
5.01244
5.01244
5.01244
5.01244
5.01244
5.01244
5.01244
5.01244
5.01244
5.01244
5.01244
5.01244
5.01244
5.01244
5.01244
5.01244
5.01244
5.01244
5.01244
5.01244
5.01244
5.01244
5.01244
5.01244
5.01244
5.01244
5.01244
5.01244
5.01244
5.01245
5.01245
5.01244
5.01244
5.01244
5.01244
5.01245
5.01245
5.01245
5.01245
5.01245
5.01245
5.01245
5.01245
5.01245
5.01245
5.01245
5.01245
5.01245
5.01245
5.01245
5.01245
5.01245
5.01245
5.01245
5.01245
5.01245
5.01245
5.01245
5.01245
5.01245
5.01245
5.01245
5.01245
5.01245
5.01245
5.01245
5.01245
5.01245
5.01245
5.01245
5.01245
5.01245
5.01245
5.01245
5.01244
5.01245
5.01245
5.01245
5.01245
5.01245
5.01245
5.01245
5.01245
5.01245
1.67082
1.67082
1.67082
1.67082
1.67082
1.67082
1.67082
1.67082
1.67082
1.67082
1.67081
1.67081
1.67081
1.67081
1.67081
1.67081
1.67081
1.67081
1.67081
1.67081
1.67081
1.67081
1.67081
1.67081
1.67081
1.67081
1.67081
1.67081
1.67081
1.67081
1.67081
1.67081
1.67081
1.67081
1.67081
1.67081
1.67081
1.67081
1.67081
1.67081
1.67081
1.67081
1.67081
1.67081
1.67081
1.67081
1.67081
1.67081
1.67081
1.67081
1.67081
1.67081
1.67081
1.67081
1.67081
1.67081
1.67081
1.67081
1.67081
1.67081
1.67081
1.67081
1.67081
1.67081
1.67081
1.67081
1.67081
1.67081
1.67081
1.67081
1.67081
1.67081
1.67081
1.67081
1.67081
1.67081
1.67081
1.67081
1.67081
1.67081
1.67081
1.67081
1.67081
1.67081
1.67081
1.67081
1.67081
1.67081
1.67081
1.67081
1.67081
1.6708
1.6708
1.6708
1.6708
1.6708
1.6708
1.6708
1.6708
1.67081
62.357
61.6782
61.2493
60.977
60.842
60.842
60.977
61.2493
61.6782
62.357
61.6782
61.1001
60.6662
60.3773
60.2341
60.2341
60.3773
60.6662
61.1001
61.6782
61.2493
60.6662
60.2148
59.9145
59.7665
59.7665
59.9145
60.2148
60.6662
61.2493
60.977
60.3773
59.9145
59.6089
59.4587
59.4587
59.6089
59.9145
60.3773
60.977
60.842
60.2341
59.7665
59.4587
59.3075
59.3075
59.4587
59.7665
60.2341
60.842
60.842
60.2341
59.7665
59.4587
59.3075
59.3075
59.4587
59.7665
60.2341
60.842
60.977
60.3773
59.9145
59.6089
59.4587
59.4587
59.6089
59.9145
60.3773
60.977
61.2493
60.6662
60.2148
59.9145
59.7665
59.7665
59.9145
60.2148
60.6662
61.2493
61.6782
61.1001
60.6662
60.3773
60.2341
60.2341
60.3773
60.6662
61.1001
61.6782
62.357
61.6782
61.2493
60.977
60.842
60.842
60.977
61.2493
61.6782
62.357
60.1509
59.8719
59.7057
59.5967
59.5414
59.5414
59.5967
59.7057
59.8719
60.151
59.8719
59.649
59.4629
59.3339
59.2693
59.2693
59.3339
59.4629
59.649
59.8719
59.7057
59.4629
59.2547
59.1124
59.042
59.042
59.1124
59.2547
59.4629
59.7057
59.5967
59.3339
59.1124
58.9629
58.8893
58.8893
58.9629
59.1124
59.3339
59.5967
59.5414
59.2693
59.042
58.8893
58.8141
58.8141
58.8893
59.042
59.2693
59.5414
59.5414
59.2693
59.042
58.8893
58.8141
58.8141
58.8893
59.042
59.2693
59.5414
59.5967
59.3339
59.1124
58.9629
58.8893
58.8893
58.9629
59.1124
59.3339
59.5967
59.7057
59.4629
59.2547
59.1124
59.042
59.042
59.1124
59.2548
59.4629
59.7057
59.8719
59.649
59.4629
59.3339
59.2693
59.2693
59.3339
59.4629
59.649
59.8719
60.151
59.8719
59.7057
59.5967
59.5414
59.5414
59.5967
59.7057
59.8719
60.151
58.6177
58.4607
58.3633
58.2961
58.2616
58.2616
58.2961
58.3633
58.4607
58.6177
58.4607
58.3328
58.2169
58.1338
58.0919
58.0919
58.1338
58.2169
58.3328
58.4607
58.3633
58.2169
58.083
57.9895
57.9431
57.9431
57.9895
58.083
58.2169
58.3633
58.2961
58.1338
57.9895
57.8908
57.8419
57.8419
57.8908
57.9895
58.1338
58.2961
58.2616
58.0919
57.9431
57.8419
57.7918
57.7918
57.8419
57.9431
58.0919
58.2616
58.2616
58.0919
57.9431
57.8419
57.7918
57.7918
57.8419
57.9431
58.0919
58.2616
58.2961
58.1338
57.9895
57.8908
57.8419
57.8419
57.8908
57.9896
58.1338
58.2961
58.3633
58.2169
58.083
57.9895
57.9431
57.9431
57.9896
58.083
58.2169
58.3633
58.4607
58.3328
58.2169
58.1338
58.0919
58.0919
58.1338
58.2169
58.3328
58.4607
58.6177
58.4607
58.3633
58.2961
58.2616
58.2616
58.2961
58.3633
58.4607
58.6177
54.9647
54.9236
54.8999
54.8816
54.8719
54.8719
54.8816
54.8999
54.9236
54.9648
54.9236
54.8903
54.8524
54.8233
54.8085
54.8085
54.8233
54.8524
54.8904
54.9236
54.8999
54.8524
54.8029
54.7675
54.7499
54.7499
54.7675
54.803
54.8524
54.8999
54.8816
54.8233
54.7675
54.7288
54.7097
54.7097
54.7288
54.7675
54.8233
54.8816
54.8719
54.8085
54.7499
54.7097
54.6898
54.6898
54.7097
54.7499
54.8085
54.8719
54.8719
54.8085
54.7499
54.7097
54.6898
54.6898
54.7097
54.7499
54.8085
54.8719
54.8816
54.8233
54.7675
54.7288
54.7097
54.7097
54.7288
54.7675
54.8233
54.8816
54.8999
54.8524
54.803
54.7675
54.7499
54.7499
54.7675
54.803
54.8524
54.8999
54.9236
54.8904
54.8524
54.8233
54.8085
54.8085
54.8233
54.8524
54.8904
54.9236
54.9648
54.9236
54.8999
54.8816
54.8719
54.8719
54.8816
54.8999
54.9236
54.9648
51.9131
51.901
51.8932
51.8862
51.8824
51.8824
51.8862
51.8932
51.901
51.9131
51.901
51.8914
51.8764
51.864
51.8576
51.8576
51.864
51.8764
51.8914
51.901
51.8932
51.8764
51.8555
51.8399
51.8321
51.8321
51.8399
51.8555
51.8764
51.8932
51.8862
51.864
51.8399
51.8227
51.8142
51.8142
51.8227
51.8399
51.864
51.8862
51.8824
51.8576
51.8321
51.8142
51.8053
51.8053
51.8142
51.8321
51.8576
51.8824
51.8824
51.8576
51.8321
51.8142
51.8053
51.8053
51.8142
51.8321
51.8576
51.8824
51.8862
51.864
51.8399
51.8227
51.8142
51.8142
51.8227
51.8399
51.864
51.8862
51.8932
51.8764
51.8555
51.8399
51.8321
51.8321
51.8399
51.8555
51.8764
51.8932
51.901
51.8914
51.8764
51.864
51.8576
51.8576
51.864
51.8764
51.8914
51.901
51.9131
51.901
51.8932
51.8862
51.8824
51.8824
51.8862
51.8932
51.901
51.9131
48.4489
48.4485
48.4485
48.4476
48.447
48.447
48.4476
48.4485
48.4485
48.4489
48.4485
48.4479
48.4438
48.44
48.438
48.438
48.44
48.4438
48.4479
48.4485
48.4485
48.4438
48.4367
48.4313
48.4286
48.4286
48.4313
48.4367
48.4438
48.4485
48.4476
48.44
48.4313
48.4251
48.422
48.422
48.4251
48.4313
48.44
48.4476
48.447
48.438
48.4286
48.422
48.4187
48.4187
48.422
48.4286
48.438
48.447
48.447
48.438
48.4286
48.422
48.4187
48.4187
48.422
48.4286
48.438
48.447
48.4476
48.44
48.4313
48.4251
48.422
48.422
48.4251
48.4313
48.44
48.4476
48.4485
48.4438
48.4367
48.4313
48.4286
48.4286
48.4313
48.4367
48.4438
48.4485
48.4485
48.4479
48.4438
48.44
48.438
48.438
48.44
48.4438
48.4479
48.4485
48.4489
48.4485
48.4485
48.4476
48.447
48.447
48.4476
48.4485
48.4485
48.4489
45.1466
45.1484
45.1496
45.1499
45.15
45.15
45.1499
45.1496
45.1484
45.1466
45.1484
45.1502
45.1497
45.1489
45.1485
45.1485
45.1489
45.1497
45.1502
45.1484
45.1496
45.1497
45.1481
45.1466
45.1459
45.1459
45.1466
45.1481
45.1497
45.1496
45.1499
45.1489
45.1466
45.1449
45.144
45.144
45.1449
45.1466
45.1489
45.1499
45.15
45.1485
45.1459
45.144
45.1431
45.1431
45.144
45.1459
45.1485
45.15
45.15
45.1485
45.1459
45.144
45.1431
45.1431
45.144
45.1459
45.1485
45.15
45.1499
45.1489
45.1466
45.1449
45.144
45.144
45.1449
45.1466
45.1489
45.1499
45.1496
45.1497
45.1481
45.1466
45.1459
45.1459
45.1466
45.1481
45.1497
45.1496
45.1484
45.1502
45.1497
45.1489
45.1485
45.1485
45.1489
45.1497
45.1502
45.1484
45.1466
45.1484
45.1496
45.1499
45.15
45.15
45.1499
45.1496
45.1484
45.1466
41.7743
41.7757
41.7766
41.7771
41.7773
41.7773
41.7771
41.7766
41.7757
41.7743
41.7757
41.7769
41.777
41.7769
41.7769
41.7769
41.7769
41.777
41.7769
41.7757
41.7766
41.777
41.7766
41.7763
41.7761
41.7761
41.7763
41.7766
41.777
41.7766
41.7771
41.7769
41.7763
41.7757
41.7755
41.7755
41.7757
41.7763
41.7769
41.7771
41.7773
41.7769
41.7761
41.7755
41.7752
41.7752
41.7755
41.7761
41.7769
41.7773
41.7773
41.7769
41.7761
41.7755
41.7752
41.7752
41.7755
41.7761
41.7769
41.7773
41.7771
41.7769
41.7763
41.7757
41.7755
41.7755
41.7757
41.7763
41.7769
41.7771
41.7766
41.777
41.7766
41.7763
41.7761
41.7761
41.7763
41.7766
41.777
41.7766
41.7757
41.7769
41.777
41.7769
41.7769
41.7769
41.7769
41.777
41.7769
41.7757
41.7743
41.7757
41.7766
41.7771
41.7773
41.7773
41.7771
41.7766
41.7757
41.7743
38.4371
38.4381
38.4387
38.4391
38.4393
38.4393
38.4391
38.4387
38.4381
38.4371
38.4381
38.439
38.4394
38.4396
38.4397
38.4397
38.4396
38.4394
38.439
38.4381
38.4387
38.4394
38.4397
38.4398
38.4398
38.4398
38.4398
38.4397
38.4394
38.4387
38.4391
38.4396
38.4398
38.4398
38.4399
38.4399
38.4398
38.4398
38.4396
38.4391
38.4393
38.4397
38.4398
38.4399
38.4399
38.4399
38.4399
38.4398
38.4397
38.4393
38.4393
38.4397
38.4398
38.4399
38.4399
38.4399
38.4399
38.4398
38.4397
38.4393
38.4391
38.4396
38.4398
38.4398
38.4399
38.4399
38.4398
38.4398
38.4396
38.4391
38.4387
38.4394
38.4397
38.4398
38.4398
38.4398
38.4398
38.4397
38.4394
38.4387
38.4381
38.439
38.4394
38.4396
38.4397
38.4397
38.4396
38.4394
38.439
38.4381
38.4371
38.4381
38.4387
38.4391
38.4393
38.4393
38.4391
38.4387
38.4381
38.4371
35.0887
35.0891
35.0895
35.0897
35.0898
35.0898
35.0897
35.0895
35.0891
35.0887
35.0891
35.0896
35.0898
35.0899
35.09
35.09
35.0899
35.0898
35.0896
35.0891
35.0895
35.0898
35.0899
35.09
35.0901
35.0901
35.09
35.0899
35.0898
35.0895
35.0897
35.0899
35.09
35.0901
35.0901
35.0901
35.0901
35.09
35.0899
35.0897
35.0898
35.09
35.0901
35.0901
35.0902
35.0902
35.0901
35.0901
35.09
35.0898
35.0898
35.09
35.0901
35.0901
35.0902
35.0902
35.0901
35.0901
35.09
35.0898
35.0897
35.0899
35.09
35.0901
35.0901
35.0901
35.0901
35.09
35.0899
35.0897
35.0895
35.0898
35.0899
35.09
35.0901
35.0901
35.09
35.0899
35.0898
35.0895
35.0891
35.0896
35.0898
35.0899
35.09
35.09
35.0899
35.0898
35.0896
35.0891
35.0887
35.0891
35.0895
35.0897
35.0898
35.0898
35.0897
35.0895
35.0891
35.0887
31.7473
31.7476
31.7478
31.7479
31.748
31.748
31.7479
31.7478
31.7476
31.7473
31.7476
31.7479
31.748
31.7481
31.7482
31.7482
31.7481
31.748
31.7479
31.7476
31.7478
31.748
31.7482
31.7483
31.7483
31.7483
31.7483
31.7482
31.748
31.7478
31.7479
31.7481
31.7483
31.7484
31.7484
31.7484
31.7484
31.7483
31.7481
31.7479
31.748
31.7482
31.7483
31.7484
31.7485
31.7485
31.7484
31.7483
31.7482
31.748
31.748
31.7482
31.7483
31.7484
31.7485
31.7485
31.7484
31.7483
31.7482
31.748
31.7479
31.7481
31.7483
31.7484
31.7484
31.7484
31.7484
31.7483
31.7481
31.7479
31.7478
31.748
31.7482
31.7483
31.7483
31.7483
31.7483
31.7482
31.748
31.7478
31.7476
31.7479
31.748
31.7481
31.7482
31.7482
31.7481
31.748
31.7479
31.7476
31.7473
31.7476
31.7478
31.7479
31.748
31.748
31.7479
31.7478
31.7476
31.7473
28.4043
28.4044
28.4045
28.4045
28.4046
28.4046
28.4045
28.4045
28.4044
28.4043
28.4044
28.4045
28.4046
28.4046
28.4047
28.4047
28.4046
28.4046
28.4045
28.4044
28.4045
28.4046
28.4047
28.4047
28.4047
28.4047
28.4047
28.4047
28.4046
28.4045
28.4045
28.4046
28.4047
28.4047
28.4048
28.4048
28.4047
28.4047
28.4046
28.4045
28.4046
28.4047
28.4047
28.4048
28.4048
28.4048
28.4048
28.4047
28.4047
28.4046
28.4046
28.4047
28.4047
28.4048
28.4048
28.4048
28.4048
28.4047
28.4047
28.4046
28.4045
28.4046
28.4047
28.4047
28.4048
28.4048
28.4047
28.4047
28.4046
28.4045
28.4045
28.4046
28.4047
28.4047
28.4047
28.4047
28.4047
28.4047
28.4046
28.4045
28.4044
28.4045
28.4046
28.4046
28.4047
28.4047
28.4046
28.4046
28.4045
28.4044
28.4043
28.4044
28.4045
28.4045
28.4046
28.4046
28.4045
28.4045
28.4044
28.4043
25.0626
25.0627
25.0627
25.0628
25.0628
25.0628
25.0628
25.0627
25.0627
25.0626
25.0627
25.0628
25.0628
25.0628
25.0628
25.0628
25.0628
25.0628
25.0628
25.0627
25.0627
25.0628
25.0628
25.0629
25.0629
25.0629
25.0629
25.0628
25.0628
25.0627
25.0628
25.0628
25.0629
25.0629
25.0629
25.0629
25.0629
25.0629
25.0628
25.0628
25.0628
25.0628
25.0629
25.0629
25.0629
25.0629
25.0629
25.0629
25.0628
25.0628
25.0628
25.0628
25.0629
25.0629
25.0629
25.0629
25.0629
25.0629
25.0628
25.0628
25.0628
25.0628
25.0629
25.0629
25.0629
25.0629
25.0629
25.0629
25.0628
25.0628
25.0627
25.0628
25.0628
25.0629
25.0629
25.0629
25.0629
25.0628
25.0628
25.0627
25.0627
25.0628
25.0628
25.0628
25.0628
25.0628
25.0628
25.0628
25.0628
25.0627
25.0626
25.0627
25.0627
25.0628
25.0628
25.0628
25.0628
25.0627
25.0627
25.0626
21.7207
21.7207
21.7207
21.7208
21.7208
21.7208
21.7208
21.7207
21.7207
21.7207
21.7207
21.7208
21.7208
21.7208
21.7208
21.7208
21.7208
21.7208
21.7208
21.7207
21.7207
21.7208
21.7208
21.7208
21.7208
21.7208
21.7208
21.7208
21.7208
21.7207
21.7208
21.7208
21.7208
21.7208
21.7208
21.7208
21.7208
21.7208
21.7208
21.7208
21.7208
21.7208
21.7208
21.7208
21.7208
21.7208
21.7208
21.7208
21.7208
21.7208
21.7208
21.7208
21.7208
21.7208
21.7208
21.7208
21.7208
21.7208
21.7208
21.7208
21.7208
21.7208
21.7208
21.7208
21.7208
21.7208
21.7208
21.7208
21.7208
21.7208
21.7207
21.7208
21.7208
21.7208
21.7208
21.7208
21.7208
21.7208
21.7208
21.7207
21.7207
21.7208
21.7208
21.7208
21.7208
21.7208
21.7208
21.7208
21.7208
21.7207
21.7207
21.7207
21.7207
21.7208
21.7208
21.7208
21.7208
21.7207
21.7207
21.7207
18.3791
18.3791
18.3791
18.3791
18.3791
18.3791
18.3791
18.3791
18.3791
18.3791
18.3791
18.3791
18.3791
18.3791
18.3791
18.3791
18.3791
18.3791
18.3791
18.3791
18.3791
18.3791
18.3791
18.3791
18.3791
18.3791
18.3791
18.3791
18.3791
18.3791
18.3791
18.3791
18.3791
18.3791
18.3791
18.3791
18.3791
18.3791
18.3791
18.3791
18.3791
18.3791
18.3791
18.3791
18.3791
18.3791
18.3791
18.3791
18.3791
18.3791
18.3791
18.3791
18.3791
18.3791
18.3791
18.3791
18.3791
18.3791
18.3791
18.3791
18.3791
18.3791
18.3791
18.3791
18.3791
18.3791
18.3791
18.3791
18.3791
18.3791
18.3791
18.3791
18.3791
18.3791
18.3791
18.3791
18.3791
18.3791
18.3791
18.3791
18.3791
18.3791
18.3791
18.3791
18.3791
18.3791
18.3791
18.3791
18.3791
18.3791
18.3791
18.3791
18.3791
18.3791
18.3791
18.3791
18.3791
18.3791
18.3791
18.3791
15.0374
15.0374
15.0374
15.0374
15.0374
15.0374
15.0374
15.0374
15.0374
15.0374
15.0374
15.0374
15.0374
15.0374
15.0374
15.0374
15.0374
15.0374
15.0374
15.0374
15.0374
15.0374
15.0374
15.0374
15.0374
15.0374
15.0374
15.0374
15.0374
15.0374
15.0374
15.0374
15.0374
15.0374
15.0374
15.0374
15.0374
15.0374
15.0374
15.0374
15.0374
15.0374
15.0374
15.0374
15.0374
15.0374
15.0374
15.0374
15.0374
15.0374
15.0374
15.0374
15.0374
15.0374
15.0374
15.0374
15.0374
15.0374
15.0374
15.0374
15.0374
15.0374
15.0374
15.0374
15.0374
15.0374
15.0374
15.0374
15.0374
15.0374
15.0374
15.0374
15.0374
15.0374
15.0374
15.0374
15.0374
15.0374
15.0374
15.0374
15.0374
15.0374
15.0374
15.0374
15.0374
15.0374
15.0374
15.0374
15.0374
15.0374
15.0374
15.0374
15.0374
15.0374
15.0374
15.0374
15.0374
15.0374
15.0374
15.0374
11.6957
11.6957
11.6957
11.6957
11.6957
11.6957
11.6957
11.6957
11.6957
11.6957
11.6957
11.6957
11.6957
11.6957
11.6957
11.6957
11.6957
11.6957
11.6957
11.6957
11.6957
11.6957
11.6957
11.6957
11.6957
11.6957
11.6957
11.6957
11.6957
11.6957
11.6957
11.6957
11.6957
11.6957
11.6957
11.6957
11.6957
11.6957
11.6957
11.6957
11.6957
11.6957
11.6957
11.6957
11.6957
11.6957
11.6957
11.6957
11.6957
11.6957
11.6957
11.6957
11.6957
11.6957
11.6957
11.6957
11.6957
11.6957
11.6957
11.6957
11.6957
11.6957
11.6957
11.6957
11.6957
11.6957
11.6957
11.6957
11.6957
11.6957
11.6957
11.6957
11.6957
11.6957
11.6957
11.6957
11.6957
11.6957
11.6957
11.6957
11.6957
11.6957
11.6957
11.6957
11.6957
11.6957
11.6957
11.6957
11.6957
11.6957
11.6957
11.6957
11.6957
11.6957
11.6957
11.6957
11.6957
11.6957
11.6957
11.6957
8.35408
8.35408
8.35408
8.35408
8.35408
8.35408
8.35408
8.35408
8.35408
8.35408
8.35408
8.35408
8.35408
8.35408
8.35408
8.35408
8.35408
8.35408
8.35408
8.35408
8.35408
8.35408
8.35408
8.35408
8.35408
8.35408
8.35408
8.35408
8.35408
8.35408
8.35408
8.35408
8.35408
8.35408
8.35408
8.35408
8.35408
8.35408
8.35408
8.35408
8.35408
8.35408
8.35408
8.35408
8.35408
8.35408
8.35408
8.35408
8.35408
8.35408
8.35408
8.35408
8.35408
8.35408
8.35408
8.35408
8.35408
8.35408
8.35408
8.35408
8.35408
8.35408
8.35408
8.35408
8.35408
8.35408
8.35408
8.35408
8.35408
8.35408
8.35408
8.35408
8.35408
8.35408
8.35408
8.35408
8.35408
8.35408
8.35408
8.35408
8.35408
8.35408
8.35408
8.35408
8.35408
8.35408
8.35408
8.35408
8.35408
8.35408
8.35408
8.35408
8.35408
8.35408
8.35408
8.35408
8.35408
8.35408
8.35408
8.35408
5.01245
5.01245
5.01245
5.01245
5.01245
5.01245
5.01245
5.01245
5.01245
5.01245
5.01245
5.01245
5.01245
5.01245
5.01245
5.01245
5.01245
5.01245
5.01244
5.01245
5.01245
5.01245
5.01245
5.01245
5.01245
5.01245
5.01244
5.01244
5.01244
5.01244
5.01245
5.01245
5.01245
5.01245
5.01244
5.01244
5.01244
5.01244
5.01244
5.01244
5.01245
5.01245
5.01245
5.01244
5.01244
5.01244
5.01244
5.01244
5.01244
5.01244
5.01245
5.01245
5.01245
5.01244
5.01244
5.01244
5.01244
5.01244
5.01244
5.01244
5.01245
5.01245
5.01244
5.01244
5.01244
5.01244
5.01244
5.01244
5.01244
5.01244
5.01245
5.01245
5.01244
5.01244
5.01244
5.01244
5.01244
5.01244
5.01244
5.01244
5.01245
5.01244
5.01244
5.01244
5.01244
5.01244
5.01244
5.01244
5.01244
5.01244
5.01245
5.01245
5.01244
5.01244
5.01244
5.01244
5.01244
5.01244
5.01244
5.01244
1.6708
1.6708
1.6708
1.6708
1.6708
1.6708
1.6708
1.6708
1.6708
1.6708
1.6708
1.6708
1.6708
1.6708
1.6708
1.6708
1.6708
1.6708
1.6708
1.6708
1.6708
1.6708
1.6708
1.6708
1.6708
1.6708
1.6708
1.6708
1.6708
1.6708
1.6708
1.6708
1.6708
1.6708
1.6708
1.6708
1.6708
1.6708
1.6708
1.6708
1.6708
1.6708
1.6708
1.6708
1.6708
1.6708
1.6708
1.6708
1.6708
1.6708
1.6708
1.6708
1.6708
1.6708
1.6708
1.6708
1.6708
1.6708
1.6708
1.6708
1.6708
1.6708
1.6708
1.6708
1.6708
1.6708
1.6708
1.6708
1.6708
1.6708
1.6708
1.6708
1.6708
1.6708
1.6708
1.6708
1.6708
1.6708
1.6708
1.6708
1.6708
1.6708
1.6708
1.6708
1.6708
1.6708
1.6708
1.6708
1.6708
1.6708
1.6708
1.6708
1.6708
1.6708
1.6708
1.6708
1.6708
1.6708
1.6708
1.6708
)
;

boundaryField
{
    fixedWalls
    {
        type            zeroGradient;
    }
    inlet
    {
        type            fixedGradient;
        gradient        uniform 0;
    }
    outlet
    {
        type            fixedValue;
        value           uniform 0;
    }
}


// ************************************************************************* //
