/*--------------------------------*- C++ -*----------------------------------*\
| =========                 |                                                 |
| \\      /  F ield         | OpenFOAM: The Open Source CFD Toolbox           |
|  \\    /   O peration     | Version:  2106                                  |
|   \\  /    A nd           | Website:  www.openfoam.com                      |
|    \\/     M anipulation  |                                                 |
\*---------------------------------------------------------------------------*/
FoamFile
{
    version     2.0;
    format      ascii;
    arch        "LSB;label=32;scalar=64";
    class       volScalarField;
    location    "0.12";
    object      p;
}
// * * * * * * * * * * * * * * * * * * * * * * * * * * * * * * * * * * * * * //

dimensions      [0 2 -2 0 0 0 0];

internalField   nonuniform List<scalar> 
10000
(
159.274
158.805
158.498
158.275
158.158
158.158
158.275
158.498
158.805
159.274
152.008
151.328
150.869
150.544
150.377
150.377
150.544
150.869
151.328
152.008
145.994
145.213
144.692
144.33
144.143
144.143
144.33
144.692
145.213
145.994
141.838
141.038
140.513
140.154
139.969
139.969
140.154
140.513
141.038
141.838
138.73
137.94
137.428
137.083
136.907
136.907
137.083
137.428
137.94
138.73
136.237
135.475
134.982
134.66
134.495
134.495
134.66
134.982
135.475
136.237
134.208
133.49
133.025
132.728
132.577
132.577
132.728
133.025
133.49
134.208
132.552
131.896
131.466
131.199
131.064
131.064
131.199
131.466
131.896
132.552
131.193
130.613
130.23
129.996
129.878
129.878
129.996
130.23
130.613
131.193
130.115
129.58
129.252
129.052
128.951
128.951
129.052
129.252
129.58
130.115
127.14
127.274
127.418
127.516
127.568
127.568
127.516
127.418
127.274
127.14
127.275
127.34
127.429
127.488
127.518
127.518
127.488
127.429
127.34
127.275
127.017
127
127.026
127.041
127.048
127.048
127.041
127.026
127
127.017
126.504
126.415
126.386
126.363
126.351
126.351
126.363
126.386
126.415
126.504
125.893
125.747
125.673
125.622
125.595
125.595
125.622
125.673
125.747
125.893
125.255
125.067
124.959
124.887
124.85
124.85
124.887
124.959
125.067
125.255
124.624
124.41
124.279
124.194
124.15
124.15
124.194
124.279
124.41
124.624
124.019
123.798
123.655
123.565
123.52
123.52
123.565
123.655
123.798
124.019
123.453
123.241
123.1
123.013
122.968
122.968
123.013
123.1
123.241
123.453
122.975
122.748
122.616
122.533
122.49
122.49
122.533
122.616
122.748
122.975
120.004
119.981
119.969
119.959
119.954
119.954
119.959
119.969
119.981
120.004
120.191
120.162
120.146
120.131
120.123
120.123
120.131
120.146
120.162
120.191
120.313
120.265
120.236
120.211
120.198
120.198
120.211
120.236
120.265
120.313
120.241
120.165
120.116
120.078
120.058
120.058
120.078
120.116
120.165
120.241
120.04
119.936
119.868
119.817
119.79
119.79
119.817
119.868
119.936
120.04
119.776
119.648
119.563
119.502
119.47
119.47
119.502
119.563
119.648
119.776
119.484
119.339
119.24
119.172
119.136
119.136
119.172
119.24
119.339
119.484
119.183
119.03
118.923
118.852
118.815
118.815
118.852
118.923
119.03
119.183
118.89
118.737
118.629
118.559
118.523
118.523
118.559
118.629
118.737
118.89
118.632
118.47
118.366
118.299
118.264
118.264
118.299
118.366
118.47
118.632
111.948
111.962
111.98
111.992
111.999
111.999
111.992
111.98
111.962
111.948
112.033
112.046
112.064
112.076
112.083
112.083
112.076
112.064
112.046
112.033
112.078
112.086
112.1
112.11
112.115
112.115
112.11
112.1
112.086
112.078
112.062
112.059
112.065
112.069
112.071
112.071
112.069
112.065
112.059
112.062
111.999
111.983
111.979
111.976
111.975
111.975
111.976
111.979
111.983
111.999
111.906
111.876
111.862
111.853
111.847
111.847
111.853
111.862
111.876
111.906
111.79
111.749
111.726
111.711
111.702
111.702
111.711
111.726
111.749
111.79
111.66
111.611
111.581
111.562
111.551
111.551
111.562
111.581
111.611
111.66
111.524
111.472
111.437
111.415
111.403
111.403
111.415
111.437
111.472
111.524
111.401
111.337
111.299
111.274
111.262
111.262
111.274
111.299
111.337
111.401
105.2
105.197
105.196
105.194
105.193
105.193
105.194
105.196
105.197
105.2
105.239
105.237
105.236
105.235
105.234
105.234
105.235
105.236
105.237
105.239
105.273
105.27
105.269
105.267
105.267
105.267
105.267
105.269
105.27
105.273
105.287
105.281
105.277
105.274
105.272
105.272
105.274
105.277
105.281
105.287
105.281
105.27
105.263
105.257
105.254
105.254
105.257
105.263
105.27
105.281
105.26
105.244
105.233
105.224
105.22
105.22
105.224
105.233
105.244
105.26
105.227
105.206
105.191
105.18
105.175
105.175
105.18
105.191
105.206
105.227
105.186
105.161
105.143
105.131
105.124
105.124
105.131
105.143
105.161
105.186
105.141
105.114
105.094
105.08
105.073
105.073
105.08
105.094
105.114
105.141
105.099
105.067
105.045
105.031
105.023
105.023
105.031
105.045
105.067
105.099
98.2783
98.2801
98.2825
98.2842
98.2851
98.2851
98.2842
98.2825
98.2801
98.2783
98.2925
98.2946
98.2974
98.2993
98.3004
98.3004
98.2993
98.2974
98.2946
98.2925
98.3027
98.3044
98.3071
98.3089
98.3099
98.3099
98.3089
98.3071
98.3044
98.3027
98.3048
98.3052
98.3071
98.3082
98.3089
98.3089
98.3082
98.3071
98.3052
98.3048
98.2993
98.2977
98.2981
98.2982
98.2983
98.2983
98.2982
98.2981
98.2977
98.2993
98.2873
98.2832
98.2817
98.2805
98.2799
98.2799
98.2805
98.2817
98.2832
98.2873
98.2695
98.2629
98.2594
98.2569
98.2556
98.2556
98.2569
98.2594
98.2629
98.2695
98.2471
98.2384
98.2331
98.2294
98.2275
98.2275
98.2294
98.2331
98.2384
98.2471
98.2218
98.2116
98.2047
98.2001
98.1977
98.1977
98.2001
98.2047
98.2116
98.2218
98.1978
98.1841
98.1757
98.1701
98.1671
98.1671
98.1701
98.1757
98.1841
98.1978
91.5105
91.5101
91.5099
91.5096
91.5095
91.5095
91.5096
91.5099
91.5101
91.5105
91.5167
91.5166
91.5166
91.5165
91.5164
91.5164
91.5165
91.5166
91.5166
91.5167
91.5231
91.5229
91.523
91.5229
91.5228
91.5228
91.5229
91.523
91.5229
91.5231
91.5269
91.5264
91.5262
91.5259
91.5258
91.5258
91.5259
91.5262
91.5264
91.5269
91.528
91.5268
91.5262
91.5255
91.5252
91.5252
91.5255
91.5262
91.5268
91.528
91.5265
91.5246
91.5233
91.5222
91.5216
91.5216
91.5222
91.5233
91.5246
91.5265
91.523
91.5201
91.5181
91.5166
91.5157
91.5157
91.5166
91.5181
91.5201
91.523
91.5177
91.514
91.5114
91.5094
91.5083
91.5083
91.5094
91.5114
91.514
91.5177
91.5114
91.5071
91.5038
91.5014
91.5002
91.5002
91.5014
91.5038
91.5071
91.5114
91.5053
91.4997
91.4958
91.4932
91.4917
91.4917
91.4932
91.4958
91.4997
91.5053
84.7126
84.7129
84.7133
84.7136
84.7138
84.7138
84.7136
84.7133
84.7129
84.7126
84.715
84.7154
84.7159
84.7162
84.7164
84.7164
84.7162
84.7159
84.7154
84.715
84.717
84.7173
84.7178
84.7182
84.7183
84.7183
84.7182
84.7178
84.7173
84.717
84.7177
84.7179
84.7183
84.7186
84.7187
84.7187
84.7186
84.7183
84.7179
84.7177
84.7173
84.7172
84.7174
84.7175
84.7176
84.7176
84.7175
84.7174
84.7172
84.7173
84.7158
84.7153
84.7151
84.715
84.715
84.715
84.715
84.7151
84.7153
84.7158
84.7132
84.7122
84.7117
84.7113
84.7112
84.7112
84.7113
84.7117
84.7122
84.7132
84.7096
84.7082
84.7073
84.7067
84.7064
84.7064
84.7067
84.7073
84.7082
84.7096
84.7053
84.7036
84.7024
84.7015
84.7011
84.7011
84.7015
84.7024
84.7036
84.7053
84.7012
84.6986
84.697
84.696
84.6954
84.6954
84.696
84.6971
84.6987
84.7012
77.9376
77.9375
77.9375
77.9375
77.9375
77.9375
77.9375
77.9375
77.9375
77.9376
77.9387
77.9387
77.9387
77.9387
77.9387
77.9387
77.9387
77.9387
77.9387
77.9387
77.9398
77.9399
77.9399
77.9399
77.9399
77.9399
77.9399
77.9399
77.9399
77.9398
77.9407
77.9407
77.9407
77.9407
77.9406
77.9406
77.9407
77.9407
77.9407
77.9407
77.9411
77.941
77.9409
77.9409
77.9408
77.9408
77.9409
77.9409
77.941
77.9411
77.9411
77.9409
77.9408
77.9406
77.9405
77.9405
77.9406
77.9408
77.9409
77.9411
77.9408
77.9404
77.9402
77.9399
77.9398
77.9398
77.9399
77.9402
77.9404
77.9408
77.9402
77.9396
77.9393
77.939
77.9388
77.9388
77.939
77.9393
77.9396
77.9402
77.9393
77.9387
77.9382
77.9378
77.9376
77.9376
77.9378
77.9382
77.9387
77.9393
77.9385
77.9376
77.937
77.9365
77.9363
77.9363
77.9365
77.937
77.9376
77.9385
71.1576
71.1577
71.1577
71.1578
71.1578
71.1578
71.1578
71.1577
71.1577
71.1576
71.1581
71.1581
71.1582
71.1583
71.1583
71.1583
71.1583
71.1582
71.1581
71.1581
71.1584
71.1585
71.1586
71.1587
71.1587
71.1587
71.1587
71.1586
71.1585
71.1584
71.1586
71.1587
71.1588
71.1588
71.1589
71.1589
71.1588
71.1588
71.1587
71.1586
71.1587
71.1587
71.1587
71.1587
71.1588
71.1588
71.1587
71.1587
71.1587
71.1587
71.1585
71.1584
71.1584
71.1584
71.1584
71.1584
71.1584
71.1584
71.1584
71.1585
71.1581
71.158
71.1579
71.1579
71.1579
71.1579
71.1579
71.1579
71.158
71.1581
71.1576
71.1574
71.1573
71.1572
71.1571
71.1571
71.1572
71.1573
71.1574
71.1576
71.1569
71.1567
71.1565
71.1563
71.1563
71.1563
71.1563
71.1565
71.1567
71.1569
71.1563
71.1559
71.1556
71.1554
71.1553
71.1553
71.1554
71.1556
71.1559
71.1563
64.3811
64.3811
64.3811
64.3811
64.3811
64.3811
64.3811
64.3811
64.3811
64.3811
64.3813
64.3813
64.3813
64.3813
64.3813
64.3813
64.3813
64.3813
64.3813
64.3813
64.3815
64.3815
64.3815
64.3815
64.3815
64.3815
64.3815
64.3815
64.3815
64.3815
64.3816
64.3817
64.3817
64.3817
64.3817
64.3817
64.3817
64.3817
64.3817
64.3816
64.3818
64.3818
64.3818
64.3818
64.3818
64.3818
64.3818
64.3818
64.3818
64.3818
64.3818
64.3818
64.3818
64.3818
64.3818
64.3818
64.3818
64.3818
64.3818
64.3818
64.3818
64.3818
64.3817
64.3817
64.3817
64.3817
64.3817
64.3817
64.3818
64.3818
64.3817
64.3817
64.3816
64.3816
64.3816
64.3816
64.3816
64.3816
64.3817
64.3817
64.3816
64.3816
64.3815
64.3814
64.3814
64.3814
64.3814
64.3815
64.3816
64.3816
64.3816
64.3814
64.3813
64.3812
64.3812
64.3812
64.3812
64.3813
64.3814
64.3816
57.6037
57.6037
57.6038
57.6038
57.6038
57.6038
57.6038
57.6038
57.6037
57.6037
57.6038
57.6038
57.6038
57.6039
57.6039
57.6039
57.6039
57.6038
57.6038
57.6038
57.6039
57.6039
57.6039
57.6039
57.6039
57.6039
57.6039
57.6039
57.6039
57.6039
57.6039
57.604
57.604
57.604
57.604
57.604
57.604
57.604
57.604
57.6039
57.604
57.604
57.604
57.604
57.604
57.604
57.604
57.604
57.604
57.604
57.604
57.604
57.604
57.604
57.604
57.604
57.604
57.604
57.604
57.604
57.6039
57.6039
57.6039
57.6039
57.6039
57.6039
57.6039
57.6039
57.6039
57.6039
57.6039
57.6038
57.6038
57.6038
57.6038
57.6038
57.6038
57.6038
57.6038
57.6039
57.6038
57.6037
57.6037
57.6037
57.6037
57.6037
57.6037
57.6037
57.6037
57.6038
57.6037
57.6036
57.6036
57.6035
57.6035
57.6035
57.6035
57.6036
57.6036
57.6037
50.8269
50.8269
50.8269
50.8269
50.8269
50.8269
50.8269
50.8269
50.8269
50.8269
50.8269
50.8269
50.8269
50.8269
50.8269
50.8269
50.8269
50.8269
50.8269
50.8269
50.827
50.827
50.827
50.827
50.827
50.827
50.827
50.827
50.827
50.827
50.827
50.827
50.827
50.827
50.827
50.827
50.827
50.827
50.827
50.827
50.827
50.827
50.827
50.827
50.827
50.827
50.827
50.827
50.827
50.827
50.827
50.827
50.827
50.827
50.827
50.827
50.827
50.827
50.827
50.827
50.827
50.827
50.827
50.827
50.827
50.827
50.827
50.827
50.827
50.827
50.827
50.827
50.827
50.827
50.827
50.827
50.827
50.827
50.827
50.827
50.827
50.827
50.827
50.827
50.827
50.827
50.827
50.827
50.827
50.827
50.827
50.827
50.827
50.827
50.827
50.827
50.827
50.827
50.827
50.827
44.0499
44.0499
44.0499
44.0499
44.0499
44.0499
44.0499
44.0499
44.0499
44.0499
44.0499
44.0499
44.0499
44.0499
44.0499
44.0499
44.0499
44.0499
44.0499
44.0499
44.0499
44.0499
44.0499
44.0499
44.0499
44.0499
44.0499
44.0499
44.0499
44.0499
44.05
44.05
44.05
44.05
44.05
44.05
44.05
44.05
44.05
44.05
44.05
44.05
44.05
44.05
44.05
44.05
44.05
44.05
44.05
44.05
44.05
44.05
44.05
44.05
44.05
44.05
44.05
44.05
44.05
44.05
44.05
44.05
44.05
44.05
44.05
44.05
44.05
44.05
44.05
44.05
44.05
44.05
44.05
44.05
44.05
44.05
44.05
44.05
44.05
44.05
44.05
44.0499
44.0499
44.0499
44.0499
44.0499
44.0499
44.0499
44.0499
44.05
44.0499
44.0499
44.0499
44.0499
44.0499
44.0499
44.0499
44.0499
44.0499
44.0499
37.273
37.273
37.273
37.273
37.273
37.273
37.273
37.273
37.273
37.273
37.273
37.273
37.273
37.273
37.273
37.273
37.273
37.273
37.273
37.273
37.273
37.273
37.273
37.273
37.273
37.273
37.273
37.273
37.273
37.273
37.273
37.273
37.273
37.273
37.273
37.273
37.273
37.273
37.273
37.273
37.273
37.273
37.273
37.273
37.273
37.273
37.273
37.273
37.273
37.273
37.273
37.273
37.273
37.273
37.273
37.273
37.273
37.273
37.273
37.273
37.273
37.273
37.273
37.273
37.273
37.273
37.273
37.273
37.273
37.273
37.273
37.273
37.273
37.273
37.273
37.273
37.273
37.273
37.273
37.273
37.273
37.273
37.273
37.273
37.273
37.273
37.273
37.273
37.273
37.273
37.273
37.273
37.273
37.273
37.273
37.273
37.273
37.273
37.273
37.273
30.4961
30.4961
30.4961
30.4961
30.4961
30.4961
30.4961
30.4961
30.4961
30.4961
30.4961
30.4961
30.4961
30.4961
30.4961
30.4961
30.4961
30.4961
30.4961
30.4961
30.4961
30.4961
30.4961
30.4961
30.4961
30.4961
30.4961
30.4961
30.4961
30.4961
30.4961
30.4961
30.4961
30.4961
30.4961
30.4961
30.4961
30.4961
30.4961
30.4961
30.4961
30.4961
30.4961
30.4961
30.4961
30.4961
30.4961
30.4961
30.4961
30.4961
30.4961
30.4961
30.4961
30.4961
30.4961
30.4961
30.4961
30.4961
30.4961
30.4961
30.4961
30.4961
30.4961
30.4961
30.4961
30.4961
30.4961
30.4961
30.4961
30.4961
30.4961
30.4961
30.4961
30.4961
30.4961
30.4961
30.4961
30.4961
30.4961
30.4961
30.4961
30.4961
30.4961
30.4961
30.4961
30.4961
30.4961
30.4961
30.4961
30.4961
30.4961
30.4961
30.4961
30.4961
30.4961
30.4961
30.4961
30.4961
30.4961
30.4961
23.7191
23.7191
23.7191
23.7191
23.7191
23.7191
23.7191
23.7191
23.7191
23.7191
23.7191
23.7191
23.7191
23.7191
23.7191
23.7191
23.7191
23.7191
23.7191
23.7191
23.7191
23.7191
23.7191
23.7191
23.7191
23.7191
23.7191
23.7191
23.7191
23.7191
23.7191
23.7191
23.7191
23.7191
23.7191
23.7191
23.7191
23.7191
23.7191
23.7191
23.7191
23.7191
23.7191
23.7191
23.7191
23.7191
23.7191
23.7191
23.7191
23.7191
23.7191
23.7191
23.7191
23.7191
23.7191
23.7191
23.7191
23.7191
23.7191
23.7191
23.7191
23.7191
23.7191
23.7191
23.7191
23.7191
23.7191
23.7191
23.7191
23.7191
23.7191
23.7191
23.7191
23.7191
23.7191
23.7191
23.7191
23.7191
23.7191
23.7191
23.7191
23.7191
23.7191
23.7191
23.7191
23.7191
23.7191
23.7191
23.7191
23.7191
23.7191
23.7191
23.7191
23.7191
23.7191
23.7191
23.7191
23.7191
23.7191
23.7191
16.9422
16.9422
16.9422
16.9422
16.9422
16.9422
16.9422
16.9422
16.9422
16.9422
16.9422
16.9422
16.9422
16.9422
16.9422
16.9422
16.9422
16.9422
16.9422
16.9422
16.9422
16.9422
16.9422
16.9422
16.9422
16.9422
16.9422
16.9422
16.9422
16.9422
16.9422
16.9422
16.9422
16.9422
16.9422
16.9422
16.9422
16.9422
16.9422
16.9422
16.9422
16.9422
16.9422
16.9422
16.9422
16.9422
16.9422
16.9422
16.9422
16.9422
16.9422
16.9422
16.9422
16.9422
16.9422
16.9422
16.9422
16.9422
16.9422
16.9422
16.9422
16.9422
16.9422
16.9422
16.9422
16.9422
16.9422
16.9422
16.9422
16.9422
16.9422
16.9422
16.9422
16.9422
16.9422
16.9422
16.9422
16.9422
16.9422
16.9422
16.9422
16.9422
16.9422
16.9422
16.9422
16.9422
16.9422
16.9422
16.9422
16.9422
16.9422
16.9422
16.9422
16.9422
16.9422
16.9422
16.9422
16.9422
16.9422
16.9422
10.1652
10.1652
10.1652
10.1652
10.1652
10.1652
10.1652
10.1652
10.1652
10.1652
10.1651
10.1651
10.1651
10.1651
10.1651
10.1651
10.1651
10.1651
10.1651
10.1651
10.1651
10.1651
10.1651
10.1651
10.1651
10.1651
10.1651
10.1651
10.1651
10.1651
10.1652
10.1652
10.1652
10.1652
10.1652
10.1652
10.1652
10.1652
10.1652
10.1652
10.1652
10.1652
10.1652
10.1652
10.1652
10.1652
10.1652
10.1652
10.1652
10.1652
10.1652
10.1652
10.1652
10.1652
10.1652
10.1652
10.1652
10.1652
10.1652
10.1652
10.1652
10.1653
10.1653
10.1653
10.1653
10.1653
10.1653
10.1653
10.1653
10.1652
10.1653
10.1653
10.1653
10.1653
10.1653
10.1653
10.1653
10.1653
10.1653
10.1653
10.1653
10.1653
10.1653
10.1653
10.1653
10.1653
10.1653
10.1653
10.1653
10.1653
10.1653
10.1653
10.1653
10.1653
10.1653
10.1653
10.1653
10.1653
10.1653
10.1653
3.38831
3.38832
3.38832
3.38832
3.38832
3.38832
3.38832
3.38832
3.38832
3.38831
3.38827
3.38827
3.38827
3.38827
3.38828
3.38828
3.38827
3.38827
3.38827
3.38826
3.38828
3.38828
3.38829
3.38829
3.38829
3.38829
3.38829
3.38829
3.38828
3.38828
3.38831
3.38831
3.38831
3.38832
3.38832
3.38832
3.38832
3.38831
3.38831
3.38831
3.38833
3.38834
3.38834
3.38834
3.38834
3.38834
3.38834
3.38834
3.38834
3.38833
3.38834
3.38835
3.38835
3.38836
3.38836
3.38836
3.38836
3.38835
3.38835
3.38834
3.38836
3.38836
3.38837
3.38837
3.38837
3.38837
3.38837
3.38837
3.38836
3.38836
3.38837
3.38837
3.38838
3.38838
3.38838
3.38838
3.38838
3.38838
3.38837
3.38837
3.38838
3.38838
3.38839
3.38839
3.38839
3.38839
3.38839
3.38839
3.38838
3.38838
3.38839
3.3884
3.3884
3.3884
3.3884
3.3884
3.3884
3.3884
3.3884
3.38839
159.274
158.805
158.498
158.275
158.158
158.158
158.275
158.498
158.805
159.274
152.008
151.328
150.869
150.544
150.377
150.377
150.544
150.869
151.328
152.008
145.994
145.213
144.692
144.33
144.144
144.144
144.33
144.692
145.213
145.994
141.838
141.038
140.513
140.154
139.969
139.969
140.154
140.513
141.038
141.838
138.73
137.94
137.428
137.083
136.907
136.907
137.083
137.428
137.94
138.73
136.237
135.475
134.982
134.66
134.495
134.495
134.66
134.982
135.475
136.237
134.208
133.49
133.025
132.728
132.577
132.577
132.728
133.025
133.49
134.208
132.552
131.896
131.466
131.199
131.064
131.064
131.199
131.466
131.896
132.552
131.193
130.613
130.23
129.997
129.878
129.878
129.997
130.23
130.613
131.193
130.115
129.58
129.252
129.052
128.951
128.951
129.052
129.252
129.58
130.115
127.14
127.274
127.418
127.516
127.568
127.568
127.516
127.418
127.274
127.14
127.275
127.34
127.429
127.488
127.518
127.518
127.488
127.429
127.34
127.275
127.017
127
127.026
127.041
127.048
127.048
127.041
127.026
127
127.017
126.504
126.415
126.386
126.363
126.351
126.351
126.363
126.386
126.415
126.504
125.893
125.747
125.673
125.622
125.595
125.595
125.622
125.673
125.747
125.893
125.255
125.067
124.959
124.887
124.85
124.85
124.887
124.959
125.067
125.255
124.624
124.41
124.279
124.194
124.15
124.15
124.194
124.279
124.41
124.624
124.019
123.798
123.655
123.565
123.52
123.52
123.565
123.655
123.798
124.019
123.453
123.241
123.1
123.013
122.968
122.968
123.013
123.1
123.241
123.453
122.975
122.748
122.616
122.533
122.49
122.49
122.533
122.616
122.748
122.975
120.004
119.981
119.969
119.959
119.954
119.954
119.959
119.969
119.981
120.004
120.191
120.162
120.146
120.131
120.123
120.123
120.131
120.146
120.162
120.191
120.313
120.265
120.236
120.211
120.198
120.198
120.211
120.236
120.265
120.313
120.241
120.165
120.116
120.078
120.058
120.058
120.078
120.116
120.165
120.241
120.04
119.936
119.868
119.817
119.79
119.79
119.817
119.868
119.936
120.04
119.776
119.648
119.563
119.502
119.47
119.47
119.502
119.563
119.648
119.776
119.484
119.339
119.24
119.172
119.136
119.136
119.172
119.24
119.339
119.484
119.183
119.03
118.923
118.852
118.815
118.815
118.852
118.923
119.03
119.183
118.89
118.737
118.629
118.559
118.523
118.523
118.559
118.629
118.737
118.89
118.632
118.47
118.366
118.299
118.264
118.264
118.299
118.366
118.47
118.632
111.948
111.962
111.98
111.992
111.999
111.999
111.992
111.98
111.962
111.948
112.033
112.046
112.064
112.076
112.083
112.083
112.076
112.064
112.046
112.033
112.078
112.086
112.1
112.11
112.115
112.115
112.11
112.1
112.086
112.078
112.062
112.059
112.065
112.069
112.071
112.071
112.069
112.065
112.059
112.062
111.999
111.983
111.979
111.976
111.975
111.975
111.976
111.979
111.983
111.999
111.906
111.876
111.862
111.853
111.847
111.847
111.853
111.862
111.876
111.906
111.79
111.749
111.726
111.711
111.702
111.702
111.711
111.726
111.749
111.79
111.66
111.611
111.581
111.562
111.551
111.551
111.562
111.581
111.611
111.66
111.524
111.472
111.437
111.415
111.403
111.403
111.415
111.437
111.472
111.524
111.401
111.337
111.299
111.274
111.262
111.262
111.274
111.299
111.337
111.401
105.2
105.197
105.196
105.194
105.193
105.193
105.194
105.196
105.197
105.2
105.239
105.237
105.236
105.235
105.234
105.234
105.235
105.236
105.237
105.239
105.273
105.27
105.269
105.267
105.267
105.267
105.267
105.269
105.27
105.273
105.287
105.281
105.277
105.274
105.272
105.272
105.274
105.277
105.281
105.287
105.281
105.27
105.263
105.257
105.254
105.254
105.257
105.263
105.27
105.281
105.26
105.244
105.233
105.224
105.22
105.22
105.224
105.233
105.244
105.26
105.227
105.206
105.191
105.18
105.175
105.175
105.18
105.191
105.206
105.227
105.186
105.161
105.143
105.131
105.124
105.124
105.131
105.143
105.161
105.186
105.141
105.114
105.094
105.08
105.073
105.073
105.08
105.094
105.114
105.141
105.099
105.067
105.045
105.031
105.023
105.023
105.031
105.045
105.067
105.099
98.2783
98.2801
98.2825
98.2842
98.2851
98.2851
98.2842
98.2825
98.2801
98.2783
98.2925
98.2946
98.2974
98.2993
98.3004
98.3004
98.2993
98.2974
98.2946
98.2925
98.3027
98.3044
98.3071
98.3089
98.3099
98.3099
98.3089
98.3071
98.3044
98.3027
98.3048
98.3052
98.3071
98.3082
98.3089
98.3089
98.3082
98.3071
98.3052
98.3048
98.2993
98.2977
98.2981
98.2982
98.2983
98.2983
98.2982
98.2981
98.2978
98.2993
98.2873
98.2832
98.2817
98.2805
98.2799
98.2799
98.2805
98.2817
98.2832
98.2873
98.2695
98.2629
98.2594
98.2569
98.2556
98.2556
98.2569
98.2594
98.2629
98.2695
98.2471
98.2384
98.2331
98.2294
98.2275
98.2275
98.2294
98.2331
98.2384
98.2471
98.2218
98.2116
98.2047
98.2001
98.1977
98.1977
98.2001
98.2047
98.2116
98.2218
98.1978
98.1841
98.1757
98.1701
98.1671
98.1671
98.1701
98.1757
98.1841
98.1978
91.5105
91.5101
91.5099
91.5096
91.5095
91.5095
91.5096
91.5099
91.5101
91.5105
91.5167
91.5166
91.5166
91.5165
91.5164
91.5164
91.5165
91.5166
91.5166
91.5167
91.5231
91.5229
91.523
91.5229
91.5228
91.5228
91.5229
91.523
91.5229
91.5231
91.5269
91.5264
91.5262
91.5259
91.5258
91.5258
91.5259
91.5262
91.5264
91.5269
91.528
91.5268
91.5262
91.5255
91.5252
91.5252
91.5255
91.5262
91.5268
91.528
91.5265
91.5246
91.5233
91.5222
91.5216
91.5216
91.5222
91.5233
91.5246
91.5265
91.523
91.5201
91.5181
91.5166
91.5157
91.5157
91.5166
91.5181
91.5201
91.523
91.5177
91.514
91.5114
91.5094
91.5083
91.5083
91.5094
91.5114
91.514
91.5177
91.5114
91.5071
91.5038
91.5014
91.5002
91.5002
91.5014
91.5038
91.5071
91.5114
91.5053
91.4997
91.4958
91.4932
91.4917
91.4917
91.4932
91.4958
91.4997
91.5053
84.7126
84.7129
84.7133
84.7136
84.7138
84.7138
84.7136
84.7133
84.7129
84.7126
84.715
84.7154
84.7159
84.7162
84.7164
84.7164
84.7162
84.7159
84.7154
84.715
84.717
84.7173
84.7178
84.7182
84.7183
84.7183
84.7182
84.7178
84.7173
84.717
84.7177
84.7179
84.7183
84.7186
84.7187
84.7187
84.7186
84.7183
84.7179
84.7177
84.7173
84.7172
84.7174
84.7175
84.7176
84.7176
84.7175
84.7174
84.7172
84.7173
84.7158
84.7153
84.7151
84.715
84.715
84.715
84.715
84.7151
84.7153
84.7158
84.7132
84.7122
84.7117
84.7113
84.7112
84.7112
84.7113
84.7117
84.7122
84.7132
84.7096
84.7082
84.7073
84.7067
84.7064
84.7064
84.7067
84.7073
84.7082
84.7096
84.7053
84.7036
84.7024
84.7015
84.7011
84.7011
84.7015
84.7024
84.7036
84.7053
84.7012
84.6986
84.697
84.696
84.6954
84.6954
84.696
84.6971
84.6987
84.7012
77.9376
77.9375
77.9375
77.9375
77.9375
77.9375
77.9375
77.9375
77.9375
77.9376
77.9387
77.9387
77.9387
77.9387
77.9387
77.9387
77.9387
77.9387
77.9387
77.9387
77.9398
77.9399
77.9399
77.9399
77.9399
77.9399
77.9399
77.9399
77.9399
77.9398
77.9407
77.9407
77.9407
77.9407
77.9407
77.9407
77.9407
77.9407
77.9407
77.9407
77.9411
77.941
77.9409
77.9409
77.9408
77.9408
77.9409
77.9409
77.941
77.9411
77.9411
77.9409
77.9408
77.9406
77.9405
77.9405
77.9406
77.9408
77.9409
77.9411
77.9408
77.9404
77.9402
77.9399
77.9398
77.9398
77.9399
77.9402
77.9404
77.9408
77.9402
77.9396
77.9393
77.939
77.9388
77.9388
77.939
77.9393
77.9396
77.9402
77.9393
77.9387
77.9382
77.9378
77.9376
77.9376
77.9378
77.9382
77.9387
77.9393
77.9385
77.9376
77.937
77.9365
77.9363
77.9363
77.9365
77.937
77.9376
77.9385
71.1576
71.1577
71.1577
71.1578
71.1578
71.1578
71.1578
71.1577
71.1577
71.1576
71.1581
71.1581
71.1582
71.1583
71.1583
71.1583
71.1583
71.1582
71.1581
71.1581
71.1584
71.1585
71.1586
71.1587
71.1587
71.1587
71.1587
71.1586
71.1585
71.1584
71.1586
71.1587
71.1588
71.1588
71.1589
71.1589
71.1588
71.1588
71.1587
71.1586
71.1587
71.1587
71.1587
71.1587
71.1588
71.1588
71.1587
71.1587
71.1587
71.1587
71.1585
71.1584
71.1584
71.1584
71.1584
71.1584
71.1584
71.1584
71.1584
71.1585
71.1581
71.158
71.1579
71.1579
71.1579
71.1579
71.1579
71.1579
71.158
71.1581
71.1576
71.1574
71.1573
71.1572
71.1571
71.1571
71.1572
71.1573
71.1574
71.1576
71.1569
71.1567
71.1565
71.1563
71.1563
71.1563
71.1563
71.1565
71.1567
71.1569
71.1563
71.1559
71.1556
71.1554
71.1553
71.1553
71.1554
71.1556
71.1559
71.1563
64.3811
64.3811
64.3811
64.3811
64.3811
64.3811
64.3811
64.3811
64.3811
64.3811
64.3813
64.3813
64.3813
64.3813
64.3813
64.3813
64.3813
64.3813
64.3813
64.3813
64.3815
64.3815
64.3815
64.3815
64.3815
64.3815
64.3815
64.3815
64.3815
64.3815
64.3816
64.3817
64.3817
64.3817
64.3817
64.3817
64.3817
64.3817
64.3817
64.3816
64.3818
64.3818
64.3818
64.3818
64.3818
64.3818
64.3818
64.3818
64.3818
64.3818
64.3818
64.3818
64.3818
64.3818
64.3818
64.3818
64.3818
64.3818
64.3818
64.3818
64.3818
64.3818
64.3817
64.3817
64.3817
64.3817
64.3817
64.3817
64.3818
64.3818
64.3817
64.3817
64.3816
64.3816
64.3816
64.3816
64.3816
64.3816
64.3817
64.3817
64.3816
64.3816
64.3815
64.3814
64.3814
64.3814
64.3814
64.3815
64.3816
64.3816
64.3816
64.3814
64.3813
64.3812
64.3812
64.3812
64.3812
64.3813
64.3814
64.3816
57.6037
57.6037
57.6038
57.6038
57.6038
57.6038
57.6038
57.6038
57.6037
57.6037
57.6038
57.6038
57.6038
57.6039
57.6039
57.6039
57.6039
57.6038
57.6038
57.6038
57.6039
57.6039
57.6039
57.6039
57.6039
57.6039
57.6039
57.6039
57.6039
57.6039
57.6039
57.604
57.604
57.604
57.604
57.604
57.604
57.604
57.604
57.6039
57.604
57.604
57.604
57.604
57.604
57.604
57.604
57.604
57.604
57.604
57.604
57.604
57.604
57.604
57.604
57.604
57.604
57.604
57.604
57.604
57.6039
57.6039
57.6039
57.6039
57.6039
57.6039
57.6039
57.6039
57.6039
57.6039
57.6039
57.6038
57.6038
57.6038
57.6038
57.6038
57.6038
57.6038
57.6038
57.6039
57.6038
57.6037
57.6037
57.6037
57.6037
57.6037
57.6037
57.6037
57.6037
57.6038
57.6037
57.6036
57.6036
57.6035
57.6035
57.6035
57.6035
57.6036
57.6036
57.6037
50.8269
50.8269
50.8269
50.8269
50.8269
50.8269
50.8269
50.8269
50.8269
50.8269
50.8269
50.8269
50.8269
50.8269
50.8269
50.8269
50.8269
50.8269
50.8269
50.8269
50.827
50.827
50.827
50.827
50.827
50.827
50.827
50.827
50.827
50.827
50.827
50.827
50.827
50.827
50.827
50.827
50.827
50.827
50.827
50.827
50.827
50.827
50.827
50.827
50.827
50.827
50.827
50.827
50.827
50.827
50.827
50.827
50.827
50.827
50.827
50.827
50.827
50.827
50.827
50.827
50.827
50.827
50.827
50.827
50.827
50.827
50.827
50.827
50.827
50.827
50.827
50.827
50.827
50.827
50.827
50.827
50.827
50.827
50.827
50.827
50.827
50.827
50.827
50.827
50.827
50.827
50.827
50.827
50.827
50.827
50.827
50.827
50.827
50.827
50.827
50.827
50.827
50.827
50.827
50.827
44.0499
44.0499
44.0499
44.0499
44.0499
44.0499
44.0499
44.0499
44.0499
44.0499
44.0499
44.0499
44.0499
44.0499
44.0499
44.0499
44.0499
44.0499
44.0499
44.0499
44.0499
44.0499
44.0499
44.0499
44.0499
44.0499
44.0499
44.0499
44.0499
44.0499
44.05
44.05
44.05
44.05
44.05
44.05
44.05
44.05
44.05
44.05
44.05
44.05
44.05
44.05
44.05
44.05
44.05
44.05
44.05
44.05
44.05
44.05
44.05
44.05
44.05
44.05
44.05
44.05
44.05
44.05
44.05
44.05
44.05
44.05
44.05
44.05
44.05
44.05
44.05
44.05
44.05
44.05
44.05
44.05
44.05
44.05
44.05
44.05
44.05
44.05
44.05
44.0499
44.0499
44.0499
44.0499
44.0499
44.0499
44.0499
44.0499
44.05
44.0499
44.0499
44.0499
44.0499
44.0499
44.0499
44.0499
44.0499
44.0499
44.0499
37.273
37.273
37.273
37.273
37.273
37.273
37.273
37.273
37.273
37.273
37.273
37.273
37.273
37.273
37.273
37.273
37.273
37.273
37.273
37.273
37.273
37.273
37.273
37.273
37.273
37.273
37.273
37.273
37.273
37.273
37.273
37.273
37.273
37.273
37.273
37.273
37.273
37.273
37.273
37.273
37.273
37.273
37.273
37.273
37.273
37.273
37.273
37.273
37.273
37.273
37.273
37.273
37.273
37.273
37.273
37.273
37.273
37.273
37.273
37.273
37.273
37.273
37.273
37.273
37.273
37.273
37.273
37.273
37.273
37.273
37.273
37.273
37.273
37.273
37.273
37.273
37.273
37.273
37.273
37.273
37.273
37.273
37.273
37.273
37.273
37.273
37.273
37.273
37.273
37.273
37.273
37.273
37.273
37.273
37.273
37.273
37.273
37.273
37.273
37.273
30.4961
30.4961
30.4961
30.4961
30.4961
30.4961
30.4961
30.4961
30.4961
30.4961
30.4961
30.4961
30.4961
30.4961
30.4961
30.4961
30.4961
30.4961
30.4961
30.4961
30.4961
30.4961
30.4961
30.4961
30.4961
30.4961
30.4961
30.4961
30.4961
30.4961
30.4961
30.4961
30.4961
30.4961
30.4961
30.4961
30.4961
30.4961
30.4961
30.4961
30.4961
30.4961
30.4961
30.4961
30.4961
30.4961
30.4961
30.4961
30.4961
30.4961
30.4961
30.4961
30.4961
30.4961
30.4961
30.4961
30.4961
30.4961
30.4961
30.4961
30.4961
30.4961
30.4961
30.4961
30.4961
30.4961
30.4961
30.4961
30.4961
30.4961
30.4961
30.4961
30.4961
30.4961
30.4961
30.4961
30.4961
30.4961
30.4961
30.4961
30.4961
30.4961
30.4961
30.4961
30.4961
30.4961
30.4961
30.4961
30.4961
30.4961
30.4961
30.4961
30.4961
30.4961
30.4961
30.4961
30.4961
30.4961
30.4961
30.4961
23.7191
23.7191
23.7191
23.7191
23.7191
23.7191
23.7191
23.7191
23.7191
23.7191
23.7191
23.7191
23.7191
23.7191
23.7191
23.7191
23.7191
23.7191
23.7191
23.7191
23.7191
23.7191
23.7191
23.7191
23.7191
23.7191
23.7191
23.7191
23.7191
23.7191
23.7191
23.7191
23.7191
23.7191
23.7191
23.7191
23.7191
23.7191
23.7191
23.7191
23.7191
23.7191
23.7191
23.7191
23.7191
23.7191
23.7191
23.7191
23.7191
23.7191
23.7191
23.7191
23.7191
23.7191
23.7191
23.7191
23.7191
23.7191
23.7191
23.7191
23.7191
23.7191
23.7191
23.7191
23.7191
23.7191
23.7191
23.7191
23.7191
23.7191
23.7191
23.7191
23.7191
23.7191
23.7191
23.7191
23.7191
23.7191
23.7191
23.7191
23.7191
23.7191
23.7191
23.7191
23.7191
23.7191
23.7191
23.7191
23.7191
23.7191
23.7191
23.7191
23.7191
23.7191
23.7191
23.7191
23.7191
23.7191
23.7191
23.7191
16.9422
16.9422
16.9422
16.9422
16.9422
16.9422
16.9422
16.9422
16.9422
16.9422
16.9422
16.9422
16.9422
16.9422
16.9422
16.9422
16.9422
16.9422
16.9422
16.9422
16.9422
16.9422
16.9422
16.9422
16.9422
16.9422
16.9422
16.9422
16.9422
16.9422
16.9422
16.9422
16.9422
16.9422
16.9422
16.9422
16.9422
16.9422
16.9422
16.9422
16.9422
16.9422
16.9422
16.9422
16.9422
16.9422
16.9422
16.9422
16.9422
16.9422
16.9422
16.9422
16.9422
16.9422
16.9422
16.9422
16.9422
16.9422
16.9422
16.9422
16.9422
16.9422
16.9422
16.9422
16.9422
16.9422
16.9422
16.9422
16.9422
16.9422
16.9422
16.9422
16.9422
16.9422
16.9422
16.9422
16.9422
16.9422
16.9422
16.9422
16.9422
16.9422
16.9422
16.9422
16.9422
16.9422
16.9422
16.9422
16.9422
16.9422
16.9422
16.9422
16.9422
16.9422
16.9422
16.9422
16.9422
16.9422
16.9422
16.9422
10.1652
10.1652
10.1652
10.1652
10.1652
10.1652
10.1652
10.1652
10.1652
10.1652
10.1651
10.1651
10.1651
10.1651
10.1651
10.1651
10.1651
10.1651
10.1651
10.1651
10.1651
10.1651
10.1651
10.1651
10.1651
10.1651
10.1651
10.1651
10.1651
10.1651
10.1652
10.1652
10.1652
10.1652
10.1652
10.1652
10.1652
10.1652
10.1652
10.1652
10.1652
10.1652
10.1652
10.1652
10.1652
10.1652
10.1652
10.1652
10.1652
10.1652
10.1652
10.1652
10.1652
10.1652
10.1652
10.1652
10.1652
10.1652
10.1652
10.1652
10.1652
10.1653
10.1653
10.1653
10.1653
10.1653
10.1653
10.1653
10.1653
10.1652
10.1653
10.1653
10.1653
10.1653
10.1653
10.1653
10.1653
10.1653
10.1653
10.1653
10.1653
10.1653
10.1653
10.1653
10.1653
10.1653
10.1653
10.1653
10.1653
10.1653
10.1653
10.1653
10.1653
10.1653
10.1653
10.1653
10.1653
10.1653
10.1653
10.1653
3.38831
3.38832
3.38832
3.38832
3.38832
3.38832
3.38832
3.38832
3.38832
3.38831
3.38826
3.38827
3.38827
3.38827
3.38828
3.38828
3.38827
3.38827
3.38827
3.38826
3.38828
3.38828
3.38829
3.38829
3.38829
3.38829
3.38829
3.38829
3.38828
3.38828
3.38831
3.38831
3.38831
3.38832
3.38832
3.38832
3.38832
3.38831
3.38831
3.3883
3.38833
3.38834
3.38834
3.38834
3.38834
3.38834
3.38834
3.38834
3.38834
3.38833
3.38834
3.38835
3.38835
3.38836
3.38836
3.38836
3.38835
3.38835
3.38835
3.38834
3.38836
3.38836
3.38837
3.38837
3.38837
3.38837
3.38837
3.38837
3.38836
3.38836
3.38837
3.38837
3.38838
3.38838
3.38838
3.38838
3.38838
3.38838
3.38837
3.38837
3.38838
3.38838
3.38839
3.38839
3.38839
3.38839
3.38839
3.38839
3.38838
3.38838
3.38839
3.3884
3.3884
3.3884
3.3884
3.3884
3.3884
3.3884
3.38839
3.38839
159.274
158.805
158.498
158.275
158.158
158.158
158.275
158.498
158.805
159.274
152.008
151.328
150.869
150.544
150.377
150.377
150.544
150.869
151.328
152.008
145.994
145.213
144.692
144.33
144.144
144.144
144.33
144.692
145.213
145.994
141.838
141.038
140.513
140.154
139.969
139.969
140.154
140.513
141.038
141.838
138.73
137.94
137.428
137.083
136.907
136.907
137.083
137.428
137.94
138.73
136.237
135.475
134.982
134.66
134.495
134.495
134.66
134.982
135.475
136.237
134.208
133.49
133.025
132.728
132.577
132.577
132.728
133.025
133.49
134.208
132.552
131.896
131.466
131.199
131.064
131.064
131.199
131.466
131.896
132.552
131.193
130.613
130.23
129.997
129.878
129.878
129.997
130.23
130.613
131.193
130.115
129.58
129.252
129.052
128.951
128.951
129.052
129.252
129.58
130.115
127.14
127.274
127.418
127.516
127.568
127.568
127.516
127.418
127.274
127.14
127.275
127.34
127.429
127.488
127.518
127.518
127.488
127.429
127.34
127.275
127.017
127
127.026
127.041
127.048
127.048
127.041
127.026
127
127.017
126.504
126.415
126.386
126.363
126.351
126.351
126.363
126.386
126.415
126.504
125.893
125.747
125.673
125.622
125.595
125.595
125.622
125.673
125.747
125.893
125.255
125.067
124.959
124.887
124.85
124.85
124.887
124.959
125.067
125.255
124.624
124.41
124.279
124.194
124.15
124.15
124.194
124.279
124.41
124.624
124.019
123.798
123.655
123.565
123.52
123.52
123.565
123.655
123.798
124.019
123.453
123.241
123.1
123.013
122.968
122.968
123.013
123.1
123.241
123.453
122.975
122.748
122.616
122.533
122.49
122.49
122.533
122.616
122.748
122.975
120.004
119.981
119.969
119.959
119.954
119.954
119.959
119.969
119.981
120.004
120.191
120.162
120.146
120.131
120.123
120.123
120.131
120.146
120.162
120.191
120.313
120.265
120.236
120.211
120.198
120.198
120.211
120.236
120.265
120.313
120.241
120.165
120.116
120.078
120.058
120.058
120.078
120.116
120.165
120.241
120.04
119.936
119.868
119.817
119.79
119.79
119.817
119.868
119.936
120.04
119.776
119.648
119.563
119.502
119.47
119.47
119.502
119.563
119.648
119.776
119.484
119.339
119.24
119.172
119.136
119.136
119.172
119.24
119.339
119.484
119.183
119.03
118.923
118.852
118.815
118.815
118.852
118.923
119.03
119.183
118.89
118.737
118.629
118.559
118.523
118.523
118.559
118.629
118.737
118.89
118.632
118.47
118.366
118.299
118.264
118.264
118.299
118.366
118.47
118.632
111.948
111.962
111.98
111.992
111.999
111.999
111.992
111.98
111.962
111.948
112.033
112.046
112.064
112.076
112.083
112.083
112.076
112.064
112.046
112.033
112.078
112.086
112.1
112.11
112.115
112.115
112.11
112.1
112.086
112.078
112.062
112.059
112.065
112.069
112.071
112.071
112.069
112.065
112.059
112.062
111.999
111.983
111.979
111.976
111.975
111.975
111.976
111.979
111.983
111.999
111.906
111.876
111.862
111.853
111.847
111.847
111.853
111.862
111.876
111.906
111.79
111.749
111.726
111.711
111.702
111.702
111.711
111.726
111.749
111.79
111.66
111.611
111.581
111.562
111.551
111.551
111.562
111.581
111.611
111.66
111.524
111.472
111.437
111.415
111.403
111.403
111.415
111.437
111.472
111.524
111.401
111.337
111.299
111.274
111.262
111.262
111.274
111.299
111.337
111.401
105.2
105.197
105.196
105.194
105.193
105.193
105.194
105.196
105.197
105.2
105.239
105.237
105.236
105.235
105.234
105.234
105.235
105.236
105.237
105.239
105.273
105.27
105.269
105.267
105.267
105.267
105.267
105.269
105.27
105.273
105.287
105.281
105.277
105.274
105.272
105.272
105.274
105.277
105.281
105.287
105.281
105.27
105.263
105.257
105.254
105.254
105.257
105.263
105.27
105.281
105.26
105.244
105.233
105.224
105.22
105.22
105.224
105.233
105.244
105.26
105.227
105.206
105.191
105.18
105.175
105.175
105.18
105.191
105.206
105.227
105.186
105.161
105.143
105.131
105.124
105.124
105.131
105.143
105.161
105.186
105.141
105.114
105.094
105.08
105.073
105.073
105.08
105.094
105.114
105.141
105.099
105.067
105.045
105.031
105.023
105.023
105.031
105.045
105.067
105.099
98.2783
98.2801
98.2825
98.2842
98.2851
98.2851
98.2842
98.2825
98.2801
98.2783
98.2925
98.2946
98.2974
98.2993
98.3004
98.3004
98.2993
98.2974
98.2946
98.2925
98.3027
98.3044
98.3071
98.3089
98.3099
98.3099
98.3089
98.3071
98.3044
98.3027
98.3048
98.3052
98.3071
98.3082
98.3089
98.3089
98.3082
98.3071
98.3052
98.3048
98.2993
98.2978
98.2981
98.2982
98.2983
98.2983
98.2982
98.2981
98.2977
98.2993
98.2873
98.2832
98.2817
98.2805
98.2799
98.2799
98.2805
98.2817
98.2832
98.2873
98.2695
98.2629
98.2594
98.2569
98.2556
98.2556
98.2569
98.2594
98.2629
98.2695
98.2471
98.2384
98.2331
98.2294
98.2275
98.2275
98.2294
98.2331
98.2384
98.2471
98.2218
98.2116
98.2047
98.2001
98.1977
98.1977
98.2001
98.2047
98.2116
98.2218
98.1978
98.1841
98.1757
98.1701
98.1671
98.1671
98.1701
98.1757
98.1841
98.1978
91.5105
91.5101
91.5099
91.5096
91.5095
91.5095
91.5096
91.5099
91.5101
91.5105
91.5167
91.5166
91.5166
91.5165
91.5164
91.5164
91.5165
91.5166
91.5166
91.5167
91.5231
91.5229
91.523
91.5229
91.5228
91.5228
91.5229
91.523
91.5229
91.5231
91.5269
91.5264
91.5262
91.5259
91.5258
91.5258
91.5259
91.5262
91.5264
91.5269
91.528
91.5268
91.5262
91.5255
91.5252
91.5252
91.5255
91.5262
91.5268
91.528
91.5265
91.5246
91.5233
91.5222
91.5216
91.5216
91.5222
91.5233
91.5246
91.5265
91.523
91.5201
91.5181
91.5166
91.5157
91.5157
91.5166
91.5181
91.5201
91.523
91.5177
91.514
91.5114
91.5094
91.5083
91.5083
91.5094
91.5114
91.514
91.5177
91.5114
91.5071
91.5038
91.5014
91.5002
91.5002
91.5014
91.5038
91.5071
91.5114
91.5053
91.4997
91.4958
91.4932
91.4917
91.4917
91.4932
91.4958
91.4997
91.5053
84.7126
84.7129
84.7133
84.7136
84.7138
84.7138
84.7136
84.7133
84.7129
84.7126
84.715
84.7154
84.7159
84.7162
84.7164
84.7164
84.7162
84.7159
84.7154
84.715
84.717
84.7173
84.7178
84.7182
84.7183
84.7183
84.7182
84.7178
84.7173
84.717
84.7177
84.7179
84.7183
84.7186
84.7187
84.7187
84.7186
84.7183
84.7179
84.7177
84.7173
84.7172
84.7174
84.7175
84.7176
84.7176
84.7175
84.7174
84.7172
84.7173
84.7158
84.7153
84.7151
84.715
84.715
84.715
84.715
84.7151
84.7153
84.7158
84.7132
84.7122
84.7117
84.7113
84.7112
84.7112
84.7113
84.7117
84.7122
84.7132
84.7096
84.7082
84.7073
84.7067
84.7064
84.7064
84.7067
84.7073
84.7082
84.7096
84.7053
84.7036
84.7024
84.7015
84.7011
84.7011
84.7015
84.7024
84.7036
84.7053
84.7012
84.6987
84.6971
84.696
84.6954
84.6954
84.696
84.6971
84.6986
84.7012
77.9376
77.9375
77.9375
77.9375
77.9375
77.9375
77.9375
77.9375
77.9375
77.9376
77.9387
77.9387
77.9387
77.9387
77.9387
77.9387
77.9387
77.9387
77.9387
77.9387
77.9398
77.9399
77.9399
77.9399
77.9399
77.9399
77.9399
77.9399
77.9399
77.9398
77.9407
77.9407
77.9407
77.9407
77.9407
77.9407
77.9407
77.9407
77.9407
77.9407
77.9411
77.941
77.9409
77.9409
77.9408
77.9408
77.9409
77.9409
77.941
77.9411
77.9411
77.9409
77.9408
77.9406
77.9405
77.9405
77.9406
77.9408
77.9409
77.9411
77.9408
77.9404
77.9402
77.9399
77.9398
77.9398
77.9399
77.9402
77.9404
77.9408
77.9402
77.9396
77.9393
77.939
77.9388
77.9388
77.939
77.9393
77.9396
77.9402
77.9393
77.9387
77.9382
77.9378
77.9376
77.9376
77.9378
77.9382
77.9387
77.9393
77.9385
77.9376
77.937
77.9365
77.9363
77.9363
77.9365
77.937
77.9376
77.9385
71.1576
71.1577
71.1577
71.1578
71.1578
71.1578
71.1578
71.1577
71.1577
71.1576
71.1581
71.1581
71.1582
71.1583
71.1583
71.1583
71.1583
71.1582
71.1581
71.1581
71.1584
71.1585
71.1586
71.1587
71.1587
71.1587
71.1587
71.1586
71.1585
71.1584
71.1586
71.1587
71.1588
71.1588
71.1589
71.1589
71.1588
71.1588
71.1587
71.1586
71.1587
71.1587
71.1587
71.1587
71.1588
71.1588
71.1587
71.1587
71.1587
71.1587
71.1585
71.1584
71.1584
71.1584
71.1584
71.1584
71.1584
71.1584
71.1584
71.1585
71.1581
71.158
71.1579
71.1579
71.1579
71.1579
71.1579
71.1579
71.158
71.1581
71.1576
71.1574
71.1573
71.1572
71.1571
71.1571
71.1572
71.1573
71.1574
71.1576
71.1569
71.1567
71.1565
71.1563
71.1563
71.1563
71.1563
71.1565
71.1567
71.1569
71.1563
71.1559
71.1556
71.1554
71.1553
71.1553
71.1554
71.1556
71.1559
71.1563
64.3811
64.3811
64.3811
64.3811
64.3811
64.3811
64.3811
64.3811
64.3811
64.3811
64.3813
64.3813
64.3813
64.3813
64.3813
64.3813
64.3813
64.3813
64.3813
64.3813
64.3815
64.3815
64.3815
64.3815
64.3815
64.3815
64.3815
64.3815
64.3815
64.3815
64.3816
64.3817
64.3817
64.3817
64.3817
64.3817
64.3817
64.3817
64.3817
64.3816
64.3818
64.3818
64.3818
64.3818
64.3818
64.3818
64.3818
64.3818
64.3818
64.3818
64.3818
64.3818
64.3818
64.3818
64.3818
64.3818
64.3818
64.3818
64.3818
64.3818
64.3818
64.3818
64.3817
64.3817
64.3817
64.3817
64.3817
64.3817
64.3818
64.3818
64.3817
64.3817
64.3816
64.3816
64.3816
64.3816
64.3816
64.3816
64.3817
64.3817
64.3816
64.3816
64.3815
64.3814
64.3814
64.3814
64.3814
64.3815
64.3816
64.3816
64.3816
64.3814
64.3813
64.3812
64.3812
64.3812
64.3812
64.3813
64.3814
64.3816
57.6037
57.6037
57.6038
57.6038
57.6038
57.6038
57.6038
57.6038
57.6037
57.6037
57.6038
57.6038
57.6038
57.6039
57.6039
57.6039
57.6039
57.6038
57.6038
57.6038
57.6039
57.6039
57.6039
57.6039
57.6039
57.6039
57.6039
57.6039
57.6039
57.6039
57.6039
57.604
57.604
57.604
57.604
57.604
57.604
57.604
57.604
57.6039
57.604
57.604
57.604
57.604
57.604
57.604
57.604
57.604
57.604
57.604
57.604
57.604
57.604
57.604
57.604
57.604
57.604
57.604
57.604
57.604
57.6039
57.6039
57.6039
57.6039
57.6039
57.6039
57.6039
57.6039
57.6039
57.6039
57.6039
57.6038
57.6038
57.6038
57.6038
57.6038
57.6038
57.6038
57.6038
57.6039
57.6038
57.6037
57.6037
57.6037
57.6037
57.6037
57.6037
57.6037
57.6037
57.6038
57.6037
57.6036
57.6036
57.6035
57.6035
57.6035
57.6035
57.6036
57.6036
57.6037
50.8269
50.8269
50.8269
50.8269
50.8269
50.8269
50.8269
50.8269
50.8269
50.8269
50.8269
50.8269
50.8269
50.8269
50.8269
50.8269
50.8269
50.8269
50.8269
50.8269
50.827
50.827
50.827
50.827
50.827
50.827
50.827
50.827
50.827
50.827
50.827
50.827
50.827
50.827
50.827
50.827
50.827
50.827
50.827
50.827
50.827
50.827
50.827
50.827
50.827
50.827
50.827
50.827
50.827
50.827
50.827
50.827
50.827
50.827
50.827
50.827
50.827
50.827
50.827
50.827
50.827
50.827
50.827
50.827
50.827
50.827
50.827
50.827
50.827
50.827
50.827
50.827
50.827
50.827
50.827
50.827
50.827
50.827
50.827
50.827
50.827
50.827
50.827
50.827
50.827
50.827
50.827
50.827
50.827
50.827
50.827
50.827
50.827
50.827
50.827
50.827
50.827
50.827
50.827
50.827
44.0499
44.0499
44.0499
44.0499
44.0499
44.0499
44.0499
44.0499
44.0499
44.0499
44.0499
44.0499
44.0499
44.0499
44.0499
44.0499
44.0499
44.0499
44.0499
44.0499
44.0499
44.0499
44.0499
44.0499
44.0499
44.0499
44.0499
44.0499
44.0499
44.0499
44.05
44.05
44.05
44.05
44.05
44.05
44.05
44.05
44.05
44.05
44.05
44.05
44.05
44.05
44.05
44.05
44.05
44.05
44.05
44.05
44.05
44.05
44.05
44.05
44.05
44.05
44.05
44.05
44.05
44.05
44.05
44.05
44.05
44.05
44.05
44.05
44.05
44.05
44.05
44.05
44.05
44.05
44.05
44.05
44.05
44.05
44.05
44.05
44.05
44.05
44.05
44.0499
44.0499
44.0499
44.0499
44.0499
44.0499
44.0499
44.0499
44.05
44.0499
44.0499
44.0499
44.0499
44.0499
44.0499
44.0499
44.0499
44.0499
44.0499
37.273
37.273
37.273
37.273
37.273
37.273
37.273
37.273
37.273
37.273
37.273
37.273
37.273
37.273
37.273
37.273
37.273
37.273
37.273
37.273
37.273
37.273
37.273
37.273
37.273
37.273
37.273
37.273
37.273
37.273
37.273
37.273
37.273
37.273
37.273
37.273
37.273
37.273
37.273
37.273
37.273
37.273
37.273
37.273
37.273
37.273
37.273
37.273
37.273
37.273
37.273
37.273
37.273
37.273
37.273
37.273
37.273
37.273
37.273
37.273
37.273
37.273
37.273
37.273
37.273
37.273
37.273
37.273
37.273
37.273
37.273
37.273
37.273
37.273
37.273
37.273
37.273
37.273
37.273
37.273
37.273
37.273
37.273
37.273
37.273
37.273
37.273
37.273
37.273
37.273
37.273
37.273
37.273
37.273
37.273
37.273
37.273
37.273
37.273
37.273
30.4961
30.4961
30.4961
30.4961
30.4961
30.4961
30.4961
30.4961
30.4961
30.4961
30.4961
30.4961
30.4961
30.4961
30.4961
30.4961
30.4961
30.4961
30.4961
30.4961
30.4961
30.4961
30.4961
30.4961
30.4961
30.4961
30.4961
30.4961
30.4961
30.4961
30.4961
30.4961
30.4961
30.4961
30.4961
30.4961
30.4961
30.4961
30.4961
30.4961
30.4961
30.4961
30.4961
30.4961
30.4961
30.4961
30.4961
30.4961
30.4961
30.4961
30.4961
30.4961
30.4961
30.4961
30.4961
30.4961
30.4961
30.4961
30.4961
30.4961
30.4961
30.4961
30.4961
30.4961
30.4961
30.4961
30.4961
30.4961
30.4961
30.4961
30.4961
30.4961
30.4961
30.4961
30.4961
30.4961
30.4961
30.4961
30.4961
30.4961
30.4961
30.4961
30.4961
30.4961
30.4961
30.4961
30.4961
30.4961
30.4961
30.4961
30.4961
30.4961
30.4961
30.4961
30.4961
30.4961
30.4961
30.4961
30.4961
30.4961
23.7191
23.7191
23.7191
23.7191
23.7191
23.7191
23.7191
23.7191
23.7191
23.7191
23.7191
23.7191
23.7191
23.7191
23.7191
23.7191
23.7191
23.7191
23.7191
23.7191
23.7191
23.7191
23.7191
23.7191
23.7191
23.7191
23.7191
23.7191
23.7191
23.7191
23.7191
23.7191
23.7191
23.7191
23.7191
23.7191
23.7191
23.7191
23.7191
23.7191
23.7191
23.7191
23.7191
23.7191
23.7191
23.7191
23.7191
23.7191
23.7191
23.7191
23.7191
23.7191
23.7191
23.7191
23.7191
23.7191
23.7191
23.7191
23.7191
23.7191
23.7191
23.7191
23.7191
23.7191
23.7191
23.7191
23.7191
23.7191
23.7191
23.7191
23.7191
23.7191
23.7191
23.7191
23.7191
23.7191
23.7191
23.7191
23.7191
23.7191
23.7191
23.7191
23.7191
23.7191
23.7191
23.7191
23.7191
23.7191
23.7191
23.7191
23.7191
23.7191
23.7191
23.7191
23.7191
23.7191
23.7191
23.7191
23.7191
23.7191
16.9422
16.9422
16.9422
16.9422
16.9422
16.9422
16.9422
16.9422
16.9422
16.9422
16.9422
16.9422
16.9422
16.9422
16.9422
16.9422
16.9422
16.9422
16.9422
16.9422
16.9422
16.9422
16.9422
16.9422
16.9422
16.9422
16.9422
16.9422
16.9422
16.9422
16.9422
16.9422
16.9422
16.9422
16.9422
16.9422
16.9422
16.9422
16.9422
16.9422
16.9422
16.9422
16.9422
16.9422
16.9422
16.9422
16.9422
16.9422
16.9422
16.9422
16.9422
16.9422
16.9422
16.9422
16.9422
16.9422
16.9422
16.9422
16.9422
16.9422
16.9422
16.9422
16.9422
16.9422
16.9422
16.9422
16.9422
16.9422
16.9422
16.9422
16.9422
16.9422
16.9422
16.9422
16.9422
16.9422
16.9422
16.9422
16.9422
16.9422
16.9422
16.9422
16.9422
16.9422
16.9422
16.9422
16.9422
16.9422
16.9422
16.9422
16.9422
16.9422
16.9422
16.9422
16.9422
16.9422
16.9422
16.9422
16.9422
16.9422
10.1652
10.1652
10.1652
10.1652
10.1652
10.1652
10.1652
10.1652
10.1652
10.1652
10.1651
10.1651
10.1651
10.1651
10.1651
10.1651
10.1651
10.1651
10.1651
10.1651
10.1651
10.1651
10.1651
10.1651
10.1651
10.1651
10.1651
10.1651
10.1651
10.1651
10.1652
10.1652
10.1652
10.1652
10.1652
10.1652
10.1652
10.1652
10.1652
10.1652
10.1652
10.1652
10.1652
10.1652
10.1652
10.1652
10.1652
10.1652
10.1652
10.1652
10.1652
10.1652
10.1652
10.1652
10.1652
10.1652
10.1652
10.1652
10.1652
10.1652
10.1652
10.1653
10.1653
10.1653
10.1653
10.1653
10.1653
10.1653
10.1653
10.1652
10.1653
10.1653
10.1653
10.1653
10.1653
10.1653
10.1653
10.1653
10.1653
10.1653
10.1653
10.1653
10.1653
10.1653
10.1653
10.1653
10.1653
10.1653
10.1653
10.1653
10.1653
10.1653
10.1653
10.1653
10.1653
10.1653
10.1653
10.1653
10.1653
10.1653
3.38831
3.38832
3.38832
3.38832
3.38832
3.38832
3.38832
3.38832
3.38832
3.38831
3.38826
3.38827
3.38827
3.38827
3.38828
3.38828
3.38827
3.38827
3.38827
3.38826
3.38828
3.38828
3.38829
3.38829
3.38829
3.38829
3.38829
3.38829
3.38828
3.38828
3.3883
3.38831
3.38831
3.38832
3.38832
3.38832
3.38832
3.38831
3.38831
3.38831
3.38833
3.38834
3.38834
3.38834
3.38834
3.38834
3.38834
3.38834
3.38834
3.38833
3.38834
3.38835
3.38835
3.38835
3.38836
3.38836
3.38836
3.38835
3.38835
3.38834
3.38836
3.38836
3.38837
3.38837
3.38837
3.38837
3.38837
3.38837
3.38836
3.38836
3.38837
3.38837
3.38838
3.38838
3.38838
3.38838
3.38838
3.38838
3.38837
3.38837
3.38838
3.38838
3.38839
3.38839
3.38839
3.38839
3.38839
3.38839
3.38838
3.38838
3.38839
3.38839
3.3884
3.3884
3.3884
3.3884
3.3884
3.3884
3.3884
3.38839
159.274
158.805
158.498
158.275
158.158
158.158
158.275
158.498
158.805
159.274
152.008
151.328
150.869
150.544
150.377
150.377
150.544
150.869
151.328
152.008
145.994
145.213
144.692
144.33
144.143
144.143
144.33
144.692
145.213
145.994
141.838
141.038
140.513
140.154
139.969
139.969
140.154
140.513
141.038
141.838
138.73
137.94
137.428
137.083
136.907
136.907
137.083
137.428
137.94
138.73
136.237
135.475
134.982
134.66
134.495
134.495
134.66
134.982
135.475
136.237
134.208
133.49
133.025
132.728
132.577
132.577
132.728
133.025
133.49
134.208
132.552
131.896
131.466
131.199
131.064
131.064
131.199
131.466
131.896
132.552
131.193
130.613
130.23
129.996
129.878
129.878
129.996
130.23
130.613
131.193
130.115
129.58
129.252
129.052
128.951
128.951
129.052
129.252
129.58
130.115
127.14
127.274
127.418
127.516
127.568
127.568
127.516
127.418
127.274
127.14
127.275
127.34
127.429
127.488
127.518
127.518
127.488
127.429
127.34
127.275
127.017
127
127.026
127.041
127.048
127.048
127.041
127.026
127
127.017
126.504
126.415
126.386
126.363
126.351
126.351
126.363
126.386
126.415
126.504
125.893
125.747
125.673
125.622
125.595
125.595
125.622
125.673
125.747
125.893
125.255
125.067
124.959
124.887
124.85
124.85
124.887
124.959
125.067
125.255
124.624
124.41
124.279
124.194
124.15
124.15
124.194
124.279
124.41
124.624
124.019
123.798
123.655
123.565
123.52
123.52
123.565
123.655
123.798
124.019
123.453
123.241
123.1
123.013
122.968
122.968
123.013
123.1
123.241
123.453
122.975
122.748
122.616
122.533
122.49
122.49
122.533
122.616
122.748
122.975
120.004
119.981
119.969
119.959
119.954
119.954
119.959
119.969
119.981
120.004
120.191
120.162
120.146
120.131
120.123
120.123
120.131
120.146
120.162
120.191
120.313
120.265
120.236
120.211
120.198
120.198
120.211
120.236
120.265
120.313
120.241
120.165
120.116
120.078
120.058
120.058
120.078
120.116
120.165
120.241
120.04
119.936
119.868
119.817
119.79
119.79
119.817
119.868
119.936
120.04
119.776
119.648
119.563
119.502
119.47
119.47
119.502
119.563
119.648
119.776
119.484
119.339
119.24
119.172
119.136
119.136
119.172
119.24
119.339
119.484
119.183
119.03
118.923
118.852
118.815
118.815
118.852
118.923
119.03
119.183
118.89
118.737
118.629
118.559
118.523
118.523
118.559
118.629
118.737
118.89
118.632
118.47
118.366
118.299
118.264
118.264
118.299
118.366
118.47
118.632
111.948
111.962
111.98
111.992
111.999
111.999
111.992
111.98
111.962
111.948
112.033
112.046
112.064
112.076
112.083
112.083
112.076
112.064
112.046
112.033
112.078
112.086
112.1
112.11
112.115
112.115
112.11
112.1
112.086
112.078
112.062
112.059
112.065
112.069
112.071
112.071
112.069
112.065
112.059
112.062
111.999
111.983
111.979
111.976
111.975
111.975
111.976
111.979
111.983
111.999
111.906
111.876
111.862
111.853
111.847
111.847
111.853
111.862
111.876
111.906
111.79
111.749
111.726
111.711
111.702
111.702
111.711
111.726
111.749
111.79
111.66
111.611
111.581
111.562
111.551
111.551
111.562
111.581
111.611
111.66
111.524
111.472
111.437
111.415
111.403
111.403
111.415
111.437
111.472
111.524
111.401
111.337
111.299
111.274
111.262
111.262
111.274
111.299
111.337
111.401
105.2
105.197
105.196
105.194
105.193
105.193
105.194
105.196
105.197
105.2
105.239
105.237
105.236
105.235
105.234
105.234
105.235
105.236
105.237
105.239
105.273
105.27
105.269
105.267
105.267
105.267
105.267
105.269
105.27
105.273
105.287
105.281
105.277
105.274
105.272
105.272
105.274
105.277
105.281
105.287
105.281
105.27
105.263
105.257
105.254
105.254
105.257
105.263
105.27
105.281
105.26
105.244
105.233
105.224
105.22
105.22
105.224
105.233
105.244
105.26
105.227
105.206
105.191
105.18
105.175
105.175
105.18
105.191
105.206
105.227
105.186
105.161
105.143
105.131
105.124
105.124
105.131
105.143
105.161
105.186
105.141
105.114
105.094
105.08
105.073
105.073
105.08
105.094
105.114
105.141
105.099
105.067
105.045
105.031
105.023
105.023
105.031
105.045
105.067
105.099
98.2783
98.2801
98.2825
98.2842
98.2851
98.2851
98.2842
98.2825
98.2801
98.2783
98.2925
98.2946
98.2974
98.2993
98.3004
98.3004
98.2993
98.2974
98.2946
98.2925
98.3027
98.3044
98.3071
98.3089
98.3099
98.3099
98.3089
98.3071
98.3044
98.3027
98.3048
98.3052
98.3071
98.3082
98.3089
98.3089
98.3082
98.3071
98.3052
98.3048
98.2993
98.2977
98.2981
98.2982
98.2983
98.2983
98.2982
98.2981
98.2977
98.2993
98.2873
98.2832
98.2817
98.2805
98.2799
98.2799
98.2805
98.2817
98.2832
98.2873
98.2695
98.2629
98.2594
98.2569
98.2556
98.2556
98.2569
98.2594
98.2629
98.2695
98.2471
98.2384
98.2331
98.2294
98.2275
98.2275
98.2294
98.2331
98.2384
98.2471
98.2218
98.2116
98.2047
98.2001
98.1977
98.1977
98.2001
98.2047
98.2116
98.2218
98.1978
98.1841
98.1757
98.1701
98.1671
98.1671
98.1701
98.1757
98.1841
98.1978
91.5105
91.5101
91.5099
91.5096
91.5095
91.5095
91.5096
91.5099
91.5101
91.5105
91.5167
91.5166
91.5166
91.5165
91.5164
91.5164
91.5165
91.5166
91.5166
91.5167
91.5231
91.5229
91.523
91.5229
91.5228
91.5228
91.5229
91.523
91.5229
91.5231
91.5269
91.5264
91.5262
91.5259
91.5258
91.5258
91.5259
91.5262
91.5264
91.5269
91.528
91.5268
91.5262
91.5255
91.5252
91.5252
91.5255
91.5262
91.5268
91.528
91.5265
91.5246
91.5233
91.5222
91.5216
91.5216
91.5222
91.5233
91.5246
91.5265
91.523
91.5201
91.5181
91.5166
91.5157
91.5157
91.5166
91.5181
91.5201
91.523
91.5177
91.514
91.5114
91.5094
91.5083
91.5083
91.5094
91.5114
91.514
91.5177
91.5114
91.5071
91.5038
91.5014
91.5002
91.5002
91.5014
91.5038
91.5071
91.5114
91.5053
91.4997
91.4958
91.4932
91.4917
91.4917
91.4932
91.4958
91.4997
91.5053
84.7126
84.7129
84.7133
84.7136
84.7138
84.7138
84.7136
84.7133
84.7129
84.7126
84.715
84.7154
84.7159
84.7162
84.7164
84.7164
84.7162
84.7159
84.7154
84.715
84.717
84.7173
84.7178
84.7182
84.7183
84.7183
84.7182
84.7178
84.7173
84.717
84.7177
84.7179
84.7183
84.7186
84.7187
84.7187
84.7186
84.7183
84.7179
84.7177
84.7173
84.7172
84.7174
84.7175
84.7176
84.7176
84.7175
84.7174
84.7172
84.7173
84.7158
84.7153
84.7151
84.715
84.715
84.715
84.715
84.7151
84.7153
84.7158
84.7132
84.7122
84.7117
84.7113
84.7112
84.7112
84.7113
84.7117
84.7122
84.7132
84.7096
84.7082
84.7073
84.7067
84.7064
84.7064
84.7067
84.7073
84.7082
84.7096
84.7053
84.7036
84.7024
84.7015
84.7011
84.7011
84.7015
84.7024
84.7036
84.7053
84.7012
84.6987
84.6971
84.696
84.6954
84.6954
84.696
84.697
84.6986
84.7012
77.9376
77.9375
77.9375
77.9375
77.9375
77.9375
77.9375
77.9375
77.9375
77.9376
77.9387
77.9387
77.9387
77.9387
77.9387
77.9387
77.9387
77.9387
77.9387
77.9387
77.9398
77.9399
77.9399
77.9399
77.9399
77.9399
77.9399
77.9399
77.9399
77.9398
77.9407
77.9407
77.9407
77.9407
77.9406
77.9406
77.9407
77.9407
77.9407
77.9407
77.9411
77.941
77.9409
77.9409
77.9408
77.9408
77.9409
77.9409
77.941
77.9411
77.9411
77.9409
77.9408
77.9406
77.9405
77.9405
77.9406
77.9408
77.9409
77.9411
77.9408
77.9404
77.9402
77.9399
77.9398
77.9398
77.9399
77.9402
77.9404
77.9408
77.9402
77.9396
77.9393
77.939
77.9388
77.9388
77.939
77.9393
77.9396
77.9402
77.9393
77.9387
77.9382
77.9378
77.9376
77.9376
77.9378
77.9382
77.9387
77.9393
77.9385
77.9376
77.937
77.9365
77.9363
77.9363
77.9365
77.937
77.9376
77.9385
71.1576
71.1577
71.1577
71.1578
71.1578
71.1578
71.1578
71.1577
71.1577
71.1576
71.1581
71.1581
71.1582
71.1583
71.1583
71.1583
71.1583
71.1582
71.1581
71.1581
71.1584
71.1585
71.1586
71.1587
71.1587
71.1587
71.1587
71.1586
71.1585
71.1584
71.1586
71.1587
71.1588
71.1588
71.1589
71.1589
71.1588
71.1588
71.1587
71.1586
71.1587
71.1587
71.1587
71.1587
71.1588
71.1588
71.1587
71.1587
71.1587
71.1587
71.1585
71.1584
71.1584
71.1584
71.1584
71.1584
71.1584
71.1584
71.1584
71.1585
71.1581
71.158
71.1579
71.1579
71.1579
71.1579
71.1579
71.1579
71.158
71.1581
71.1576
71.1574
71.1573
71.1572
71.1571
71.1571
71.1572
71.1573
71.1574
71.1576
71.1569
71.1567
71.1565
71.1563
71.1563
71.1563
71.1563
71.1565
71.1567
71.1569
71.1563
71.1559
71.1556
71.1554
71.1553
71.1553
71.1554
71.1556
71.1559
71.1563
64.3811
64.3811
64.3811
64.3811
64.3811
64.3811
64.3811
64.3811
64.3811
64.3811
64.3813
64.3813
64.3813
64.3813
64.3813
64.3813
64.3813
64.3813
64.3813
64.3813
64.3815
64.3815
64.3815
64.3815
64.3815
64.3815
64.3815
64.3815
64.3815
64.3815
64.3816
64.3817
64.3817
64.3817
64.3817
64.3817
64.3817
64.3817
64.3817
64.3816
64.3818
64.3818
64.3818
64.3818
64.3818
64.3818
64.3818
64.3818
64.3818
64.3818
64.3818
64.3818
64.3818
64.3818
64.3818
64.3818
64.3818
64.3818
64.3818
64.3818
64.3818
64.3818
64.3817
64.3817
64.3817
64.3817
64.3817
64.3817
64.3818
64.3818
64.3817
64.3817
64.3816
64.3816
64.3816
64.3816
64.3816
64.3816
64.3817
64.3817
64.3816
64.3816
64.3815
64.3814
64.3814
64.3814
64.3814
64.3815
64.3816
64.3816
64.3816
64.3814
64.3813
64.3812
64.3812
64.3812
64.3812
64.3813
64.3814
64.3816
57.6037
57.6037
57.6038
57.6038
57.6038
57.6038
57.6038
57.6038
57.6037
57.6037
57.6038
57.6038
57.6038
57.6039
57.6039
57.6039
57.6039
57.6038
57.6038
57.6038
57.6039
57.6039
57.6039
57.6039
57.6039
57.6039
57.6039
57.6039
57.6039
57.6039
57.6039
57.604
57.604
57.604
57.604
57.604
57.604
57.604
57.604
57.6039
57.604
57.604
57.604
57.604
57.604
57.604
57.604
57.604
57.604
57.604
57.604
57.604
57.604
57.604
57.604
57.604
57.604
57.604
57.604
57.604
57.6039
57.6039
57.6039
57.6039
57.6039
57.6039
57.6039
57.6039
57.6039
57.6039
57.6039
57.6038
57.6038
57.6038
57.6038
57.6038
57.6038
57.6038
57.6038
57.6039
57.6038
57.6037
57.6037
57.6037
57.6037
57.6037
57.6037
57.6037
57.6037
57.6038
57.6037
57.6036
57.6036
57.6035
57.6035
57.6035
57.6035
57.6036
57.6036
57.6037
50.8269
50.8269
50.8269
50.8269
50.8269
50.8269
50.8269
50.8269
50.8269
50.8269
50.8269
50.8269
50.8269
50.8269
50.8269
50.8269
50.8269
50.8269
50.8269
50.8269
50.827
50.827
50.827
50.827
50.827
50.827
50.827
50.827
50.827
50.827
50.827
50.827
50.827
50.827
50.827
50.827
50.827
50.827
50.827
50.827
50.827
50.827
50.827
50.827
50.827
50.827
50.827
50.827
50.827
50.827
50.827
50.827
50.827
50.827
50.827
50.827
50.827
50.827
50.827
50.827
50.827
50.827
50.827
50.827
50.827
50.827
50.827
50.827
50.827
50.827
50.827
50.827
50.827
50.827
50.827
50.827
50.827
50.827
50.827
50.827
50.827
50.827
50.827
50.827
50.827
50.827
50.827
50.827
50.827
50.827
50.827
50.827
50.827
50.827
50.827
50.827
50.827
50.827
50.827
50.827
44.0499
44.0499
44.0499
44.0499
44.0499
44.0499
44.0499
44.0499
44.0499
44.0499
44.0499
44.0499
44.0499
44.0499
44.0499
44.0499
44.0499
44.0499
44.0499
44.0499
44.0499
44.0499
44.0499
44.0499
44.0499
44.0499
44.0499
44.0499
44.0499
44.0499
44.05
44.05
44.05
44.05
44.05
44.05
44.05
44.05
44.05
44.05
44.05
44.05
44.05
44.05
44.05
44.05
44.05
44.05
44.05
44.05
44.05
44.05
44.05
44.05
44.05
44.05
44.05
44.05
44.05
44.05
44.05
44.05
44.05
44.05
44.05
44.05
44.05
44.05
44.05
44.05
44.05
44.05
44.05
44.05
44.05
44.05
44.05
44.05
44.05
44.05
44.05
44.0499
44.0499
44.0499
44.0499
44.0499
44.0499
44.0499
44.0499
44.05
44.0499
44.0499
44.0499
44.0499
44.0499
44.0499
44.0499
44.0499
44.0499
44.0499
37.273
37.273
37.273
37.273
37.273
37.273
37.273
37.273
37.273
37.273
37.273
37.273
37.273
37.273
37.273
37.273
37.273
37.273
37.273
37.273
37.273
37.273
37.273
37.273
37.273
37.273
37.273
37.273
37.273
37.273
37.273
37.273
37.273
37.273
37.273
37.273
37.273
37.273
37.273
37.273
37.273
37.273
37.273
37.273
37.273
37.273
37.273
37.273
37.273
37.273
37.273
37.273
37.273
37.273
37.273
37.273
37.273
37.273
37.273
37.273
37.273
37.273
37.273
37.273
37.273
37.273
37.273
37.273
37.273
37.273
37.273
37.273
37.273
37.273
37.273
37.273
37.273
37.273
37.273
37.273
37.273
37.273
37.273
37.273
37.273
37.273
37.273
37.273
37.273
37.273
37.273
37.273
37.273
37.273
37.273
37.273
37.273
37.273
37.273
37.273
30.4961
30.4961
30.4961
30.4961
30.4961
30.4961
30.4961
30.4961
30.4961
30.4961
30.4961
30.4961
30.4961
30.4961
30.4961
30.4961
30.4961
30.4961
30.4961
30.4961
30.4961
30.4961
30.4961
30.4961
30.4961
30.4961
30.4961
30.4961
30.4961
30.4961
30.4961
30.4961
30.4961
30.4961
30.4961
30.4961
30.4961
30.4961
30.4961
30.4961
30.4961
30.4961
30.4961
30.4961
30.4961
30.4961
30.4961
30.4961
30.4961
30.4961
30.4961
30.4961
30.4961
30.4961
30.4961
30.4961
30.4961
30.4961
30.4961
30.4961
30.4961
30.4961
30.4961
30.4961
30.4961
30.4961
30.4961
30.4961
30.4961
30.4961
30.4961
30.4961
30.4961
30.4961
30.4961
30.4961
30.4961
30.4961
30.4961
30.4961
30.4961
30.4961
30.4961
30.4961
30.4961
30.4961
30.4961
30.4961
30.4961
30.4961
30.4961
30.4961
30.4961
30.4961
30.4961
30.4961
30.4961
30.4961
30.4961
30.4961
23.7191
23.7191
23.7191
23.7191
23.7191
23.7191
23.7191
23.7191
23.7191
23.7191
23.7191
23.7191
23.7191
23.7191
23.7191
23.7191
23.7191
23.7191
23.7191
23.7191
23.7191
23.7191
23.7191
23.7191
23.7191
23.7191
23.7191
23.7191
23.7191
23.7191
23.7191
23.7191
23.7191
23.7191
23.7191
23.7191
23.7191
23.7191
23.7191
23.7191
23.7191
23.7191
23.7191
23.7191
23.7191
23.7191
23.7191
23.7191
23.7191
23.7191
23.7191
23.7191
23.7191
23.7191
23.7191
23.7191
23.7191
23.7191
23.7191
23.7191
23.7191
23.7191
23.7191
23.7191
23.7191
23.7191
23.7191
23.7191
23.7191
23.7191
23.7191
23.7191
23.7191
23.7191
23.7191
23.7191
23.7191
23.7191
23.7191
23.7191
23.7191
23.7191
23.7191
23.7191
23.7191
23.7191
23.7191
23.7191
23.7191
23.7191
23.7191
23.7191
23.7191
23.7191
23.7191
23.7191
23.7191
23.7191
23.7191
23.7191
16.9422
16.9422
16.9422
16.9422
16.9422
16.9422
16.9422
16.9422
16.9422
16.9422
16.9422
16.9422
16.9422
16.9422
16.9422
16.9422
16.9422
16.9422
16.9422
16.9422
16.9422
16.9422
16.9422
16.9422
16.9422
16.9422
16.9422
16.9422
16.9422
16.9422
16.9422
16.9422
16.9422
16.9422
16.9422
16.9422
16.9422
16.9422
16.9422
16.9422
16.9422
16.9422
16.9422
16.9422
16.9422
16.9422
16.9422
16.9422
16.9422
16.9422
16.9422
16.9422
16.9422
16.9422
16.9422
16.9422
16.9422
16.9422
16.9422
16.9422
16.9422
16.9422
16.9422
16.9422
16.9422
16.9422
16.9422
16.9422
16.9422
16.9422
16.9422
16.9422
16.9422
16.9422
16.9422
16.9422
16.9422
16.9422
16.9422
16.9422
16.9422
16.9422
16.9422
16.9422
16.9422
16.9422
16.9422
16.9422
16.9422
16.9422
16.9422
16.9422
16.9422
16.9422
16.9422
16.9422
16.9422
16.9422
16.9422
16.9422
10.1652
10.1652
10.1652
10.1652
10.1652
10.1652
10.1652
10.1652
10.1652
10.1652
10.1651
10.1651
10.1651
10.1651
10.1651
10.1651
10.1651
10.1651
10.1651
10.1651
10.1651
10.1651
10.1651
10.1651
10.1651
10.1651
10.1651
10.1651
10.1651
10.1651
10.1652
10.1652
10.1652
10.1652
10.1652
10.1652
10.1652
10.1652
10.1652
10.1652
10.1652
10.1652
10.1652
10.1652
10.1652
10.1652
10.1652
10.1652
10.1652
10.1652
10.1652
10.1652
10.1652
10.1652
10.1652
10.1652
10.1652
10.1652
10.1652
10.1652
10.1652
10.1653
10.1653
10.1653
10.1653
10.1653
10.1653
10.1653
10.1653
10.1652
10.1653
10.1653
10.1653
10.1653
10.1653
10.1653
10.1653
10.1653
10.1653
10.1653
10.1653
10.1653
10.1653
10.1653
10.1653
10.1653
10.1653
10.1653
10.1653
10.1653
10.1653
10.1653
10.1653
10.1653
10.1653
10.1653
10.1653
10.1653
10.1653
10.1653
3.38831
3.38832
3.38832
3.38832
3.38832
3.38832
3.38832
3.38832
3.38832
3.38831
3.38826
3.38827
3.38827
3.38827
3.38828
3.38828
3.38827
3.38827
3.38827
3.38827
3.38828
3.38828
3.38829
3.38829
3.38829
3.38829
3.38829
3.38829
3.38828
3.38828
3.38831
3.38831
3.38831
3.38832
3.38832
3.38832
3.38832
3.38831
3.38831
3.38831
3.38833
3.38834
3.38834
3.38834
3.38834
3.38834
3.38834
3.38834
3.38834
3.38833
3.38834
3.38835
3.38835
3.38836
3.38836
3.38836
3.38836
3.38835
3.38835
3.38834
3.38836
3.38836
3.38837
3.38837
3.38837
3.38837
3.38837
3.38837
3.38836
3.38836
3.38837
3.38837
3.38838
3.38838
3.38838
3.38838
3.38838
3.38838
3.38837
3.38837
3.38838
3.38838
3.38839
3.38839
3.38839
3.38839
3.38839
3.38839
3.38838
3.38838
3.38839
3.3884
3.3884
3.3884
3.3884
3.3884
3.3884
3.3884
3.3884
3.38839
129.403
128.915
128.598
128.395
128.295
128.295
128.395
128.598
128.915
129.403
128.915
128.478
128.156
127.943
127.838
127.838
127.943
128.156
128.478
128.915
128.598
128.156
127.822
127.601
127.492
127.492
127.601
127.822
128.156
128.598
128.395
127.943
127.601
127.376
127.266
127.266
127.376
127.601
127.943
128.395
128.295
127.838
127.492
127.266
127.155
127.155
127.266
127.492
127.838
128.295
128.295
127.838
127.492
127.266
127.155
127.155
127.266
127.492
127.838
128.295
128.395
127.943
127.601
127.376
127.266
127.266
127.376
127.601
127.943
128.395
128.598
128.156
127.822
127.601
127.492
127.492
127.601
127.822
128.156
128.598
128.915
128.478
128.156
127.943
127.838
127.838
127.943
128.156
128.478
128.915
129.403
128.915
128.598
128.395
128.295
128.295
128.395
128.598
128.915
129.403
122.62
122.407
122.268
122.176
122.129
122.129
122.176
122.268
122.407
122.62
122.407
122.205
122.048
121.941
121.887
121.887
121.941
122.048
122.205
122.407
122.268
122.048
121.875
121.759
121.7
121.7
121.759
121.875
122.048
122.268
122.176
121.941
121.759
121.636
121.575
121.575
121.636
121.759
121.941
122.176
122.129
121.887
121.7
121.575
121.513
121.513
121.575
121.7
121.887
122.129
122.129
121.887
121.7
121.575
121.513
121.513
121.575
121.7
121.887
122.129
122.176
121.941
121.759
121.636
121.575
121.575
121.636
121.759
121.941
122.176
122.268
122.048
121.875
121.759
121.7
121.7
121.759
121.875
122.048
122.268
122.407
122.205
122.048
121.941
121.887
121.887
121.941
122.048
122.205
122.407
122.62
122.407
122.268
122.176
122.129
122.129
122.176
122.268
122.407
122.62
118.388
118.252
118.159
118.095
118.063
118.063
118.095
118.159
118.252
118.388
118.252
118.121
118.017
117.944
117.908
117.908
117.944
118.017
118.121
118.252
118.159
118.017
117.901
117.821
117.781
117.781
117.821
117.901
118.017
118.159
118.095
117.944
117.821
117.738
117.696
117.696
117.738
117.821
117.944
118.095
118.063
117.908
117.781
117.696
117.653
117.653
117.696
117.781
117.908
118.063
118.063
117.908
117.781
117.696
117.653
117.653
117.696
117.781
117.908
118.063
118.095
117.944
117.821
117.738
117.696
117.696
117.738
117.821
117.944
118.095
118.159
118.017
117.901
117.821
117.781
117.781
117.821
117.901
118.017
118.159
118.252
118.121
118.017
117.944
117.908
117.908
117.944
118.017
118.121
118.252
118.388
118.252
118.159
118.095
118.063
118.063
118.095
118.159
118.252
118.388
111.276
111.222
111.186
111.16
111.146
111.146
111.16
111.186
111.222
111.276
111.222
111.165
111.118
111.084
111.068
111.068
111.084
111.118
111.165
111.222
111.186
111.118
111.063
111.024
111.005
111.005
111.024
111.063
111.118
111.186
111.16
111.084
111.024
110.984
110.963
110.963
110.984
111.024
111.084
111.16
111.146
111.068
111.005
110.963
110.942
110.942
110.963
111.005
111.068
111.146
111.146
111.068
111.005
110.963
110.942
110.942
110.963
111.005
111.068
111.146
111.16
111.084
111.024
110.984
110.963
110.963
110.984
111.024
111.084
111.16
111.186
111.118
111.063
111.024
111.005
111.005
111.024
111.063
111.118
111.186
111.222
111.165
111.118
111.084
111.068
111.068
111.084
111.118
111.165
111.222
111.276
111.222
111.186
111.16
111.146
111.146
111.16
111.186
111.222
111.276
105.042
105.018
105.001
104.988
104.981
104.981
104.988
105.001
105.018
105.042
105.018
104.993
104.972
104.956
104.948
104.948
104.956
104.972
104.993
105.018
105.001
104.972
104.946
104.929
104.92
104.92
104.929
104.946
104.972
105.001
104.988
104.956
104.929
104.91
104.9
104.9
104.91
104.929
104.956
104.988
104.981
104.948
104.92
104.9
104.89
104.89
104.9
104.92
104.948
104.981
104.981
104.948
104.92
104.9
104.89
104.89
104.9
104.92
104.948
104.981
104.988
104.956
104.929
104.91
104.9
104.9
104.91
104.929
104.956
104.988
105.001
104.972
104.946
104.929
104.92
104.92
104.929
104.946
104.972
105.001
105.018
104.993
104.972
104.956
104.948
104.948
104.956
104.972
104.993
105.018
105.042
105.018
105.001
104.988
104.981
104.981
104.988
105.001
105.018
105.042
98.1676
98.1569
98.1492
98.1437
98.1408
98.1408
98.1437
98.1492
98.1569
98.1676
98.1569
98.1445
98.134
98.1264
98.1225
98.1225
98.1264
98.134
98.1445
98.1569
98.1492
98.134
98.1213
98.1123
98.1078
98.1078
98.1123
98.1213
98.134
98.1492
98.1437
98.1264
98.1123
98.1026
98.0977
98.0977
98.1026
98.1123
98.1264
98.1437
98.1408
98.1225
98.1078
98.0977
98.0925
98.0925
98.0977
98.1078
98.1225
98.1408
98.1408
98.1225
98.1078
98.0977
98.0925
98.0925
98.0977
98.1078
98.1225
98.1408
98.1437
98.1264
98.1123
98.1026
98.0977
98.0977
98.1026
98.1123
98.1264
98.1437
98.1492
98.134
98.1213
98.1123
98.1078
98.1078
98.1123
98.1213
98.134
98.1492
98.1569
98.1445
98.134
98.1264
98.1225
98.1225
98.1264
98.134
98.1445
98.1569
98.1676
98.1569
98.1492
98.1437
98.1408
98.1408
98.1437
98.1492
98.1569
98.1676
91.4941
91.4904
91.4875
91.4854
91.4842
91.4842
91.4854
91.4875
91.4904
91.4941
91.4904
91.4862
91.4824
91.4796
91.4781
91.4781
91.4796
91.4824
91.4862
91.4904
91.4875
91.4824
91.4778
91.4745
91.4728
91.4728
91.4745
91.4778
91.4824
91.4875
91.4854
91.4796
91.4745
91.4708
91.469
91.469
91.4708
91.4745
91.4796
91.4854
91.4842
91.4781
91.4728
91.469
91.467
91.467
91.469
91.4728
91.4781
91.4842
91.4842
91.4781
91.4728
91.469
91.467
91.467
91.469
91.4728
91.4781
91.4842
91.4854
91.4796
91.4745
91.4708
91.469
91.469
91.4708
91.4745
91.4796
91.4854
91.4875
91.4824
91.4778
91.4745
91.4728
91.4728
91.4745
91.4778
91.4824
91.4875
91.4904
91.4862
91.4824
91.4796
91.4781
91.4781
91.4796
91.4824
91.4862
91.4904
91.4941
91.4904
91.4875
91.4854
91.4842
91.4842
91.4854
91.4875
91.4904
91.4941
84.6951
84.6932
84.6919
84.6908
84.6903
84.6903
84.6908
84.6919
84.6932
84.6951
84.6932
84.6909
84.6889
84.6875
84.6867
84.6867
84.6875
84.6889
84.6909
84.6932
84.6919
84.6889
84.6865
84.6847
84.6838
84.6838
84.6847
84.6865
84.6889
84.6919
84.6908
84.6875
84.6847
84.6828
84.6818
84.6818
84.6828
84.6847
84.6875
84.6908
84.6903
84.6867
84.6838
84.6818
84.6807
84.6807
84.6818
84.6838
84.6867
84.6903
84.6903
84.6867
84.6838
84.6818
84.6807
84.6807
84.6818
84.6838
84.6867
84.6903
84.6908
84.6875
84.6847
84.6828
84.6818
84.6818
84.6828
84.6847
84.6875
84.6908
84.6919
84.6889
84.6865
84.6847
84.6838
84.6838
84.6847
84.6865
84.6889
84.6919
84.6932
84.6909
84.6889
84.6875
84.6867
84.6867
84.6875
84.6889
84.6909
84.6932
84.6951
84.6932
84.6919
84.6908
84.6903
84.6903
84.6908
84.6919
84.6932
84.6951
77.9365
77.936
77.9356
77.9352
77.935
77.935
77.9352
77.9356
77.936
77.9365
77.936
77.9354
77.9347
77.9343
77.934
77.934
77.9343
77.9347
77.9354
77.936
77.9356
77.9347
77.934
77.9334
77.9331
77.9331
77.9334
77.934
77.9347
77.9356
77.9352
77.9343
77.9334
77.9328
77.9325
77.9325
77.9328
77.9334
77.9343
77.9352
77.935
77.934
77.9331
77.9325
77.9321
77.9321
77.9325
77.9331
77.934
77.935
77.935
77.934
77.9331
77.9325
77.9321
77.9321
77.9325
77.9331
77.934
77.935
77.9352
77.9343
77.9334
77.9328
77.9325
77.9325
77.9328
77.9334
77.9343
77.9352
77.9356
77.9347
77.934
77.9334
77.9331
77.9331
77.9334
77.934
77.9347
77.9356
77.936
77.9354
77.9347
77.9343
77.934
77.934
77.9343
77.9347
77.9354
77.936
77.9365
77.936
77.9356
77.9352
77.935
77.935
77.9352
77.9356
77.936
77.9365
71.1552
71.1549
71.1547
71.1545
71.1544
71.1544
71.1545
71.1547
71.1549
71.1552
71.1549
71.1545
71.1542
71.1539
71.1538
71.1538
71.1539
71.1542
71.1545
71.1549
71.1547
71.1542
71.1537
71.1534
71.1533
71.1533
71.1534
71.1537
71.1542
71.1547
71.1545
71.1539
71.1534
71.1531
71.1529
71.1529
71.1531
71.1534
71.1539
71.1545
71.1544
71.1538
71.1533
71.1529
71.1527
71.1527
71.1529
71.1533
71.1538
71.1544
71.1544
71.1538
71.1533
71.1529
71.1527
71.1527
71.1529
71.1533
71.1538
71.1544
71.1545
71.1539
71.1534
71.1531
71.1529
71.1529
71.1531
71.1534
71.1539
71.1545
71.1547
71.1542
71.1537
71.1534
71.1533
71.1533
71.1534
71.1537
71.1542
71.1547
71.1549
71.1545
71.1542
71.1539
71.1538
71.1538
71.1539
71.1542
71.1545
71.1549
71.1552
71.1549
71.1547
71.1545
71.1544
71.1544
71.1545
71.1547
71.1549
71.1552
64.3812
64.3811
64.3811
64.381
64.381
64.381
64.381
64.3811
64.3811
64.3812
64.3811
64.3811
64.381
64.3809
64.3809
64.3809
64.3809
64.381
64.3811
64.3811
64.3811
64.381
64.3809
64.3808
64.3807
64.3807
64.3808
64.3809
64.381
64.3811
64.381
64.3809
64.3808
64.3807
64.3806
64.3806
64.3807
64.3808
64.3809
64.381
64.381
64.3809
64.3807
64.3806
64.3806
64.3806
64.3806
64.3807
64.3809
64.381
64.381
64.3809
64.3807
64.3806
64.3806
64.3806
64.3806
64.3807
64.3809
64.381
64.381
64.3809
64.3808
64.3807
64.3806
64.3806
64.3807
64.3808
64.3809
64.381
64.3811
64.381
64.3809
64.3808
64.3807
64.3807
64.3808
64.3809
64.381
64.3811
64.3811
64.3811
64.381
64.3809
64.3809
64.3809
64.3809
64.381
64.3811
64.3811
64.3812
64.3811
64.3811
64.381
64.381
64.381
64.381
64.3811
64.3811
64.3812
57.6035
57.6035
57.6034
57.6034
57.6034
57.6034
57.6034
57.6034
57.6035
57.6035
57.6035
57.6034
57.6033
57.6033
57.6033
57.6033
57.6033
57.6033
57.6034
57.6035
57.6034
57.6033
57.6033
57.6032
57.6032
57.6032
57.6032
57.6033
57.6033
57.6034
57.6034
57.6033
57.6032
57.6032
57.6031
57.6031
57.6032
57.6032
57.6033
57.6034
57.6034
57.6033
57.6032
57.6031
57.6031
57.6031
57.6031
57.6032
57.6033
57.6034
57.6034
57.6033
57.6032
57.6031
57.6031
57.6031
57.6031
57.6032
57.6033
57.6034
57.6034
57.6033
57.6032
57.6032
57.6031
57.6031
57.6032
57.6032
57.6033
57.6034
57.6034
57.6033
57.6033
57.6032
57.6032
57.6032
57.6032
57.6033
57.6033
57.6034
57.6035
57.6034
57.6033
57.6033
57.6033
57.6033
57.6033
57.6033
57.6034
57.6035
57.6035
57.6035
57.6034
57.6034
57.6034
57.6034
57.6034
57.6034
57.6035
57.6035
50.827
50.827
50.827
50.827
50.827
50.827
50.827
50.827
50.827
50.827
50.827
50.827
50.8269
50.8269
50.8269
50.8269
50.8269
50.8269
50.827
50.827
50.827
50.8269
50.8269
50.8269
50.8269
50.8269
50.8269
50.8269
50.8269
50.827
50.827
50.8269
50.8269
50.8269
50.8269
50.8269
50.8269
50.8269
50.8269
50.827
50.827
50.8269
50.8269
50.8269
50.8269
50.8269
50.8269
50.8269
50.8269
50.827
50.827
50.8269
50.8269
50.8269
50.8269
50.8269
50.8269
50.8269
50.8269
50.827
50.827
50.8269
50.8269
50.8269
50.8269
50.8269
50.8269
50.8269
50.8269
50.827
50.827
50.8269
50.8269
50.8269
50.8269
50.8269
50.8269
50.8269
50.8269
50.827
50.827
50.827
50.8269
50.8269
50.8269
50.8269
50.8269
50.8269
50.827
50.827
50.827
50.827
50.827
50.827
50.827
50.827
50.827
50.827
50.827
50.827
44.0499
44.0499
44.0499
44.0499
44.0499
44.0499
44.0499
44.0499
44.0499
44.0499
44.0499
44.0499
44.0499
44.0499
44.0499
44.0499
44.0499
44.0499
44.0499
44.0499
44.0499
44.0499
44.0499
44.0499
44.0499
44.0499
44.0499
44.0499
44.0499
44.0499
44.0499
44.0499
44.0499
44.0499
44.0499
44.0499
44.0499
44.0499
44.0499
44.0499
44.0499
44.0499
44.0499
44.0499
44.0499
44.0499
44.0499
44.0499
44.0499
44.0499
44.0499
44.0499
44.0499
44.0499
44.0499
44.0499
44.0499
44.0499
44.0499
44.0499
44.0499
44.0499
44.0499
44.0499
44.0499
44.0499
44.0499
44.0499
44.0499
44.0499
44.0499
44.0499
44.0499
44.0499
44.0499
44.0499
44.0499
44.0499
44.0499
44.0499
44.0499
44.0499
44.0499
44.0499
44.0499
44.0499
44.0499
44.0499
44.0499
44.0499
44.0499
44.0499
44.0499
44.0499
44.0499
44.0499
44.0499
44.0499
44.0499
44.0499
37.273
37.273
37.273
37.273
37.273
37.273
37.273
37.273
37.273
37.273
37.273
37.273
37.273
37.273
37.273
37.273
37.273
37.273
37.273
37.273
37.273
37.273
37.273
37.273
37.273
37.273
37.273
37.273
37.273
37.273
37.273
37.273
37.273
37.273
37.273
37.273
37.273
37.273
37.273
37.273
37.273
37.273
37.273
37.273
37.273
37.273
37.273
37.273
37.273
37.273
37.273
37.273
37.273
37.273
37.273
37.273
37.273
37.273
37.273
37.273
37.273
37.273
37.273
37.273
37.273
37.273
37.273
37.273
37.273
37.273
37.273
37.273
37.273
37.273
37.273
37.273
37.273
37.273
37.273
37.273
37.273
37.273
37.273
37.273
37.273
37.273
37.273
37.273
37.273
37.273
37.273
37.273
37.273
37.273
37.273
37.273
37.273
37.273
37.273
37.273
30.4961
30.4961
30.4961
30.4961
30.4961
30.4961
30.4961
30.4961
30.4961
30.4961
30.4961
30.4961
30.4961
30.4961
30.4961
30.4961
30.4961
30.4961
30.4961
30.4961
30.4961
30.4961
30.4961
30.4961
30.4961
30.4961
30.4961
30.4961
30.4961
30.4961
30.4961
30.4961
30.4961
30.4961
30.4961
30.4961
30.4961
30.4961
30.4961
30.4961
30.4961
30.4961
30.4961
30.4961
30.4961
30.4961
30.4961
30.4961
30.4961
30.4961
30.4961
30.4961
30.4961
30.4961
30.4961
30.4961
30.4961
30.4961
30.4961
30.4961
30.4961
30.4961
30.4961
30.4961
30.4961
30.4961
30.4961
30.4961
30.4961
30.4961
30.4961
30.4961
30.4961
30.4961
30.4961
30.4961
30.4961
30.4961
30.4961
30.4961
30.4961
30.4961
30.4961
30.4961
30.4961
30.4961
30.4961
30.4961
30.4961
30.4961
30.4961
30.4961
30.4961
30.4961
30.4961
30.4961
30.4961
30.4961
30.4961
30.4961
23.7191
23.7191
23.7191
23.7191
23.7191
23.7191
23.7191
23.7191
23.7191
23.7191
23.7191
23.7191
23.7191
23.7191
23.7191
23.7191
23.7191
23.7191
23.7191
23.7191
23.7191
23.7191
23.7191
23.7191
23.7191
23.7191
23.7191
23.7191
23.7191
23.7191
23.7191
23.7191
23.7191
23.7191
23.7191
23.7191
23.7191
23.7191
23.7191
23.7191
23.7191
23.7191
23.7191
23.7191
23.7191
23.7191
23.7191
23.7191
23.7191
23.7191
23.7191
23.7191
23.7191
23.7191
23.7191
23.7191
23.7191
23.7191
23.7191
23.7191
23.7191
23.7191
23.7191
23.7191
23.7191
23.7191
23.7191
23.7191
23.7191
23.7191
23.7191
23.7191
23.7191
23.7191
23.7191
23.7191
23.7191
23.7191
23.7191
23.7191
23.7191
23.7191
23.7191
23.7191
23.7191
23.7191
23.7191
23.7191
23.7191
23.7191
23.7191
23.7191
23.7191
23.7191
23.7191
23.7191
23.7191
23.7191
23.7191
23.7191
16.9422
16.9422
16.9422
16.9422
16.9422
16.9422
16.9422
16.9422
16.9422
16.9422
16.9422
16.9422
16.9422
16.9422
16.9422
16.9422
16.9422
16.9422
16.9422
16.9422
16.9422
16.9422
16.9422
16.9422
16.9422
16.9422
16.9422
16.9422
16.9422
16.9422
16.9422
16.9422
16.9422
16.9422
16.9422
16.9422
16.9422
16.9422
16.9422
16.9422
16.9422
16.9422
16.9422
16.9422
16.9422
16.9422
16.9422
16.9422
16.9422
16.9422
16.9422
16.9422
16.9422
16.9422
16.9422
16.9422
16.9422
16.9422
16.9422
16.9422
16.9422
16.9422
16.9422
16.9422
16.9422
16.9422
16.9422
16.9422
16.9422
16.9422
16.9422
16.9422
16.9422
16.9422
16.9422
16.9422
16.9422
16.9422
16.9422
16.9422
16.9422
16.9422
16.9422
16.9422
16.9422
16.9422
16.9422
16.9422
16.9422
16.9422
16.9422
16.9422
16.9422
16.9422
16.9422
16.9422
16.9422
16.9422
16.9422
16.9422
10.1653
10.1653
10.1653
10.1653
10.1653
10.1653
10.1653
10.1653
10.1653
10.1653
10.1653
10.1653
10.1653
10.1653
10.1653
10.1653
10.1653
10.1653
10.1653
10.1653
10.1653
10.1653
10.1653
10.1653
10.1653
10.1653
10.1653
10.1653
10.1653
10.1653
10.1653
10.1653
10.1653
10.1653
10.1653
10.1653
10.1653
10.1653
10.1653
10.1653
10.1653
10.1653
10.1653
10.1653
10.1653
10.1653
10.1653
10.1653
10.1653
10.1653
10.1653
10.1653
10.1653
10.1653
10.1653
10.1653
10.1653
10.1653
10.1653
10.1653
10.1653
10.1653
10.1653
10.1653
10.1653
10.1653
10.1653
10.1653
10.1653
10.1653
10.1653
10.1653
10.1653
10.1653
10.1653
10.1653
10.1653
10.1653
10.1653
10.1653
10.1653
10.1653
10.1653
10.1653
10.1653
10.1653
10.1653
10.1653
10.1653
10.1653
10.1653
10.1653
10.1653
10.1653
10.1653
10.1653
10.1653
10.1653
10.1653
10.1653
3.3884
3.3884
3.38841
3.38841
3.38841
3.38841
3.38841
3.38841
3.3884
3.3884
3.3884
3.38841
3.38841
3.38842
3.38842
3.38842
3.38842
3.38841
3.38841
3.3884
3.38841
3.38841
3.38842
3.38842
3.38842
3.38842
3.38842
3.38842
3.38841
3.38841
3.38841
3.38842
3.38842
3.38842
3.38843
3.38843
3.38842
3.38842
3.38842
3.38841
3.38841
3.38842
3.38842
3.38843
3.38843
3.38843
3.38843
3.38842
3.38842
3.38841
3.38841
3.38842
3.38842
3.38843
3.38843
3.38843
3.38843
3.38842
3.38842
3.38841
3.38841
3.38842
3.38842
3.38842
3.38843
3.38843
3.38842
3.38842
3.38842
3.38841
3.38841
3.38841
3.38842
3.38842
3.38842
3.38842
3.38842
3.38842
3.38841
3.38841
3.3884
3.38841
3.38841
3.38842
3.38842
3.38842
3.38842
3.38841
3.38841
3.3884
3.3884
3.3884
3.38841
3.38841
3.38841
3.38841
3.38841
3.38841
3.3884
3.3884
)
;

boundaryField
{
    fixedWalls
    {
        type            zeroGradient;
    }
    inlet
    {
        type            fixedGradient;
        gradient        uniform 0;
    }
    outlet
    {
        type            fixedValue;
        value           uniform 0;
    }
}


// ************************************************************************* //
