/*--------------------------------*- C++ -*----------------------------------*\
| =========                 |                                                 |
| \\      /  F ield         | OpenFOAM: The Open Source CFD Toolbox           |
|  \\    /   O peration     | Version:  2106                                  |
|   \\  /    A nd           | Website:  www.openfoam.com                      |
|    \\/     M anipulation  |                                                 |
\*---------------------------------------------------------------------------*/
FoamFile
{
    version     2.0;
    format      ascii;
    arch        "LSB;label=32;scalar=64";
    class       volScalarField;
    location    "0.14";
    object      p;
}
// * * * * * * * * * * * * * * * * * * * * * * * * * * * * * * * * * * * * * //

dimensions      [0 2 -2 0 0 0 0];

internalField   nonuniform List<scalar> 
10000
(
106.327
105.747
105.381
105.115
104.976
104.976
105.115
105.381
105.747
106.327
97.1638
96.3136
95.7519
95.3553
95.151
95.151
95.3553
95.7519
96.3136
97.1638
89.5428
88.5635
87.922
87.4758
87.2469
87.2469
87.4758
87.922
88.5635
89.5428
84.2797
83.2749
82.6253
82.1804
81.9524
81.9524
82.1804
82.6253
83.2749
84.2797
80.3416
79.3481
78.7095
78.2812
78.0619
78.0619
78.2812
78.7095
79.3481
80.3416
77.1701
76.2098
75.5921
75.1883
74.9821
74.9821
75.1883
75.5921
76.2098
77.1701
74.5755
73.6702
73.0841
72.7117
72.5224
72.5224
72.7117
73.0841
73.6702
74.5755
72.4486
71.6216
71.0794
70.7438
70.5739
70.5739
70.7438
71.0794
71.6216
72.4486
70.7018
69.9697
69.4848
69.1905
69.0418
69.0418
69.1905
69.4848
69.9697
70.7018
69.338
68.6275
68.21
67.9578
67.8302
67.8302
67.9578
68.21
68.6275
69.338
70.5639
70.7338
70.9176
71.0422
71.1066
71.1066
71.0422
70.9176
70.7338
70.5639
70.9146
71.0036
71.1237
71.2012
71.2408
71.2408
71.2012
71.1237
71.0036
70.9146
70.8143
70.804
70.8482
70.8718
70.8834
70.8834
70.8718
70.8482
70.804
70.8143
70.3455
70.2452
70.2209
70.1978
70.1854
70.1854
70.1978
70.2209
70.2452
70.3455
69.7098
69.537
69.4557
69.3961
69.3647
69.3647
69.3961
69.4557
69.537
69.7098
69.0127
68.7867
68.6604
68.5741
68.5293
68.5293
68.5741
68.6604
68.7867
69.0127
68.3074
68.0487
67.8908
67.788
67.7349
67.7349
67.788
67.8908
68.0487
68.3074
67.6233
67.3551
67.1813
67.0717
67.0153
67.0153
67.0717
67.1813
67.3551
67.6233
66.9874
66.7278
66.5525
66.4442
66.3882
66.3882
66.4442
66.5525
66.7278
66.9874
66.4797
66.1683
65.9987
65.8949
65.8408
65.8408
65.8949
65.9987
66.1683
66.4797
65.8342
65.8171
65.8152
65.81
65.8075
65.8075
65.81
65.8152
65.8171
65.8342
66.1758
66.1537
66.1488
66.1404
66.136
66.136
66.1404
66.1488
66.1537
66.1758
66.4406
66.398
66.3795
66.3603
66.35
66.35
66.3603
66.3795
66.398
66.4406
66.4341
66.3576
66.3161
66.2804
66.2615
66.2615
66.2804
66.3161
66.3576
66.4341
66.2444
66.1328
66.0666
66.0151
65.9879
65.9879
66.0151
66.0666
66.1328
66.2444
65.9616
65.8201
65.7318
65.6674
65.6335
65.6335
65.6674
65.7318
65.8201
65.9616
65.6325
65.4694
65.3634
65.29
65.2517
65.2517
65.29
65.3634
65.4694
65.6325
65.2826
65.1093
64.9926
64.9148
64.8743
64.8743
64.9148
64.9927
65.1093
65.2827
64.9373
64.7635
64.6426
64.5642
64.5234
64.5234
64.5642
64.6427
64.7635
64.9374
64.6505
64.4392
64.3174
64.2397
64.1994
64.1994
64.2397
64.3174
64.4392
64.6505
60.7902
60.8078
60.8302
60.8449
60.8527
60.8527
60.8449
60.8302
60.8078
60.7903
60.951
60.9703
60.9949
61.0107
61.0191
61.0191
61.0107
60.9949
60.9703
60.951
61.0749
61.0902
61.1127
61.1267
61.134
61.134
61.1267
61.1127
61.0902
61.0749
61.1159
61.1198
61.1344
61.1425
61.1467
61.1467
61.1425
61.1344
61.1198
61.1159
61.0935
61.0828
61.0863
61.0868
61.0869
61.0869
61.0868
61.0863
61.0828
61.0935
61.0288
61.0032
60.995
60.9878
60.9839
60.9839
60.9878
60.995
61.0032
61.0288
60.9344
60.896
60.877
60.8631
60.8557
60.8557
60.8631
60.877
60.896
60.9344
60.8194
60.7724
60.7451
60.7263
60.7163
60.7163
60.7263
60.7451
60.7724
60.8194
60.6964
60.6446
60.611
60.5886
60.5767
60.5767
60.5886
60.611
60.6446
60.6964
60.5961
60.5183
60.4777
60.4513
60.4373
60.4373
60.4513
60.4777
60.5184
60.5961
57.1491
57.1478
57.1481
57.1475
57.1472
57.1472
57.1475
57.1481
57.1478
57.1491
57.2185
57.2194
57.2218
57.2225
57.2229
57.2229
57.2225
57.2218
57.2194
57.2185
57.2864
57.2875
57.2904
57.2911
57.2915
57.2915
57.2911
57.2904
57.2875
57.2864
57.3264
57.3246
57.3256
57.3249
57.3244
57.3244
57.3249
57.3256
57.3246
57.3264
57.3403
57.3337
57.3312
57.3279
57.3261
57.3261
57.3279
57.3312
57.3337
57.3403
57.3339
57.3215
57.3148
57.3087
57.3053
57.3053
57.3087
57.3148
57.3215
57.3339
57.3116
57.2937
57.2827
57.2738
57.269
57.269
57.2738
57.2827
57.2937
57.3116
57.2772
57.2552
57.2405
57.2295
57.2236
57.2236
57.2295
57.2405
57.2552
57.2772
57.2373
57.2121
57.1941
57.1813
57.1744
57.1744
57.1813
57.1941
57.2121
57.2373
57.2045
57.1667
57.1448
57.1299
57.1221
57.1221
57.1299
57.1448
57.1667
57.2045
53.3643
53.3666
53.3696
53.3714
53.3724
53.3724
53.3714
53.3696
53.3666
53.3643
53.3906
53.3939
53.3978
53.4003
53.4016
53.4016
53.4003
53.3978
53.3939
53.3907
53.4153
53.4189
53.4233
53.4261
53.4276
53.4276
53.4261
53.4233
53.4189
53.4153
53.4311
53.434
53.438
53.4404
53.4416
53.4416
53.4404
53.438
53.434
53.4311
53.4381
53.4394
53.4422
53.4437
53.4444
53.4444
53.4437
53.4422
53.4394
53.4381
53.4376
53.4365
53.4376
53.4379
53.4381
53.4381
53.4379
53.4376
53.4365
53.4376
53.4302
53.4269
53.426
53.4251
53.4245
53.4245
53.4251
53.426
53.4269
53.4303
53.4173
53.4119
53.4093
53.4071
53.4059
53.4059
53.4071
53.4093
53.4119
53.4173
53.4013
53.3942
53.3897
53.3863
53.3845
53.3845
53.3863
53.3897
53.3942
53.4013
53.3885
53.3748
53.3676
53.3627
53.3601
53.3601
53.3627
53.3676
53.3748
53.3885
49.71
49.71
49.7101
49.71
49.71
49.71
49.71
49.7101
49.71
49.71
49.7207
49.7211
49.7217
49.7219
49.7221
49.7221
49.7219
49.7217
49.7211
49.7207
49.7324
49.7332
49.7341
49.7346
49.7348
49.7348
49.7346
49.7341
49.7332
49.7324
49.7417
49.7424
49.7434
49.7438
49.744
49.744
49.7438
49.7434
49.7424
49.7417
49.748
49.7484
49.749
49.7492
49.7493
49.7493
49.7492
49.749
49.7484
49.748
49.7516
49.7513
49.7515
49.7513
49.7511
49.7511
49.7513
49.7515
49.7513
49.7516
49.7527
49.7516
49.7511
49.7504
49.7501
49.7501
49.7504
49.7511
49.7516
49.7527
49.7515
49.7497
49.7485
49.7475
49.7469
49.7469
49.7475
49.7485
49.7497
49.7515
49.7492
49.7466
49.7447
49.7431
49.7422
49.7422
49.7431
49.7447
49.7466
49.7492
49.7479
49.7426
49.7395
49.7373
49.7361
49.7361
49.7373
49.7395
49.7426
49.7479
46.0187
46.0192
46.0197
46.02
46.0202
46.0202
46.02
46.0197
46.0192
46.0187
46.0228
46.0234
46.0241
46.0245
46.0247
46.0247
46.0245
46.0241
46.0234
46.0228
46.0269
46.0277
46.0285
46.0291
46.0294
46.0294
46.0291
46.0285
46.0277
46.0269
46.0303
46.031
46.0319
46.0325
46.0328
46.0328
46.0325
46.0319
46.031
46.0303
46.0326
46.0333
46.0341
46.0345
46.0348
46.0348
46.0345
46.0341
46.0333
46.0326
46.0339
46.0343
46.035
46.0353
46.0355
46.0355
46.0353
46.035
46.0343
46.0339
46.0342
46.0343
46.0347
46.0348
46.0349
46.0349
46.0348
46.0347
46.0343
46.0342
46.0335
46.0333
46.0334
46.0333
46.0333
46.0333
46.0333
46.0334
46.0333
46.0335
46.0322
46.0317
46.0314
46.0311
46.0309
46.0309
46.0311
46.0314
46.0317
46.0322
46.0315
46.0296
46.0286
46.028
46.0276
46.0276
46.028
46.0286
46.0296
46.0315
42.3445
42.3446
42.3446
42.3446
42.3446
42.3446
42.3446
42.3446
42.3446
42.3445
42.3462
42.3463
42.3464
42.3465
42.3465
42.3465
42.3465
42.3464
42.3463
42.3462
42.3482
42.3484
42.3486
42.3487
42.3487
42.3487
42.3487
42.3486
42.3484
42.3482
42.35
42.3503
42.3505
42.3506
42.3507
42.3507
42.3506
42.3505
42.3503
42.35
42.3516
42.3519
42.3521
42.3522
42.3523
42.3523
42.3522
42.3521
42.3519
42.3516
42.3529
42.3531
42.3533
42.3534
42.3535
42.3535
42.3534
42.3533
42.3531
42.3529
42.3538
42.354
42.3541
42.3542
42.3542
42.3542
42.3542
42.3541
42.354
42.3538
42.3545
42.3546
42.3546
42.3546
42.3546
42.3546
42.3546
42.3546
42.3546
42.3545
42.355
42.3549
42.3549
42.3548
42.3547
42.3547
42.3548
42.3549
42.3549
42.355
42.3557
42.3551
42.3548
42.3546
42.3544
42.3544
42.3546
42.3548
42.3551
42.3557
38.6616
38.6617
38.6618
38.6619
38.6619
38.6619
38.6619
38.6618
38.6617
38.6616
38.6622
38.6624
38.6625
38.6626
38.6626
38.6626
38.6626
38.6625
38.6624
38.6622
38.6629
38.6631
38.6632
38.6633
38.6634
38.6634
38.6633
38.6632
38.6631
38.6629
38.6636
38.6637
38.6639
38.664
38.6641
38.6641
38.664
38.6639
38.6637
38.6636
38.6641
38.6643
38.6645
38.6646
38.6647
38.6647
38.6646
38.6645
38.6643
38.6641
38.6646
38.6647
38.6649
38.665
38.6651
38.6651
38.665
38.6649
38.6647
38.6646
38.6649
38.665
38.6652
38.6653
38.6653
38.6653
38.6653
38.6652
38.665
38.6649
38.665
38.6652
38.6653
38.6653
38.6654
38.6654
38.6653
38.6653
38.6652
38.665
38.6651
38.6652
38.6652
38.6653
38.6653
38.6653
38.6653
38.6652
38.6652
38.6651
38.6653
38.6651
38.665
38.665
38.665
38.665
38.665
38.665
38.6651
38.6653
34.9814
34.9814
34.9814
34.9814
34.9814
34.9814
34.9814
34.9814
34.9814
34.9814
34.9816
34.9816
34.9816
34.9817
34.9817
34.9817
34.9817
34.9816
34.9816
34.9816
34.982
34.982
34.982
34.9821
34.9821
34.9821
34.9821
34.982
34.982
34.982
34.9823
34.9824
34.9824
34.9825
34.9825
34.9825
34.9825
34.9824
34.9824
34.9823
34.9827
34.9827
34.9828
34.9828
34.9829
34.9829
34.9828
34.9828
34.9827
34.9827
34.983
34.9831
34.9832
34.9832
34.9832
34.9832
34.9832
34.9832
34.9831
34.983
34.9833
34.9834
34.9835
34.9835
34.9835
34.9835
34.9835
34.9835
34.9834
34.9833
34.9836
34.9837
34.9837
34.9838
34.9838
34.9838
34.9838
34.9837
34.9837
34.9836
34.9839
34.9839
34.984
34.984
34.984
34.984
34.984
34.984
34.9839
34.9839
34.9842
34.9841
34.9841
34.9841
34.9841
34.9841
34.9841
34.9841
34.9841
34.9842
31.2991
31.2991
31.2991
31.2991
31.2991
31.2991
31.2991
31.2991
31.2991
31.2991
31.2992
31.2992
31.2992
31.2993
31.2993
31.2993
31.2993
31.2992
31.2992
31.2992
31.2993
31.2993
31.2994
31.2994
31.2994
31.2994
31.2994
31.2994
31.2993
31.2993
31.2994
31.2995
31.2995
31.2995
31.2995
31.2995
31.2995
31.2995
31.2995
31.2994
31.2995
31.2996
31.2996
31.2997
31.2997
31.2997
31.2997
31.2996
31.2996
31.2995
31.2997
31.2997
31.2997
31.2998
31.2998
31.2998
31.2998
31.2997
31.2997
31.2997
31.2998
31.2998
31.2999
31.2999
31.2999
31.2999
31.2999
31.2999
31.2998
31.2998
31.2998
31.2999
31.2999
31.3
31.3
31.3
31.3
31.2999
31.2999
31.2998
31.2999
31.3
31.3
31.3
31.3
31.3
31.3
31.3
31.3
31.2999
31.3
31.3
31.3
31.3
31.3
31.3
31.3
31.3
31.3
31.3
27.6173
27.6173
27.6173
27.6173
27.6173
27.6173
27.6173
27.6173
27.6173
27.6173
27.6173
27.6173
27.6173
27.6173
27.6173
27.6173
27.6173
27.6173
27.6173
27.6173
27.6173
27.6174
27.6174
27.6174
27.6174
27.6174
27.6174
27.6174
27.6174
27.6173
27.6174
27.6174
27.6174
27.6174
27.6175
27.6175
27.6174
27.6174
27.6174
27.6174
27.6175
27.6175
27.6175
27.6175
27.6175
27.6175
27.6175
27.6175
27.6175
27.6175
27.6176
27.6176
27.6176
27.6176
27.6176
27.6176
27.6176
27.6176
27.6176
27.6176
27.6177
27.6177
27.6177
27.6177
27.6177
27.6177
27.6177
27.6177
27.6177
27.6177
27.6177
27.6178
27.6178
27.6178
27.6178
27.6178
27.6178
27.6178
27.6178
27.6177
27.6178
27.6178
27.6179
27.6179
27.6179
27.6179
27.6179
27.6179
27.6178
27.6178
27.6179
27.6179
27.6179
27.6179
27.6179
27.6179
27.6179
27.6179
27.6179
27.6179
23.935
23.935
23.935
23.935
23.935
23.935
23.935
23.935
23.935
23.935
23.935
23.935
23.935
23.935
23.935
23.935
23.935
23.935
23.935
23.935
23.935
23.935
23.935
23.935
23.935
23.935
23.935
23.935
23.935
23.935
23.935
23.935
23.935
23.9351
23.9351
23.9351
23.9351
23.935
23.935
23.935
23.9351
23.9351
23.9351
23.9351
23.9351
23.9351
23.9351
23.9351
23.9351
23.9351
23.9351
23.9351
23.9351
23.9351
23.9351
23.9351
23.9351
23.9351
23.9351
23.9351
23.9351
23.9351
23.9351
23.9351
23.9351
23.9351
23.9351
23.9351
23.9351
23.9351
23.9351
23.9352
23.9352
23.9352
23.9352
23.9352
23.9352
23.9352
23.9352
23.9351
23.9352
23.9352
23.9352
23.9352
23.9352
23.9352
23.9352
23.9352
23.9352
23.9352
23.9352
23.9352
23.9352
23.9352
23.9352
23.9352
23.9352
23.9352
23.9352
23.9352
20.2528
20.2528
20.2528
20.2528
20.2528
20.2528
20.2528
20.2528
20.2528
20.2528
20.2528
20.2528
20.2528
20.2528
20.2528
20.2528
20.2528
20.2528
20.2528
20.2528
20.2528
20.2528
20.2528
20.2528
20.2528
20.2528
20.2528
20.2528
20.2528
20.2528
20.2528
20.2528
20.2528
20.2528
20.2528
20.2528
20.2528
20.2528
20.2528
20.2528
20.2528
20.2528
20.2528
20.2528
20.2528
20.2528
20.2528
20.2528
20.2528
20.2528
20.2528
20.2528
20.2528
20.2528
20.2528
20.2528
20.2528
20.2528
20.2528
20.2528
20.2528
20.2528
20.2528
20.2529
20.2529
20.2529
20.2529
20.2528
20.2528
20.2528
20.2529
20.2529
20.2529
20.2529
20.2529
20.2529
20.2529
20.2529
20.2529
20.2529
20.2529
20.2529
20.2529
20.2529
20.2529
20.2529
20.2529
20.2529
20.2529
20.2529
20.2529
20.2529
20.2529
20.2529
20.2529
20.2529
20.2529
20.2529
20.2529
20.2529
16.5705
16.5705
16.5705
16.5705
16.5705
16.5705
16.5705
16.5705
16.5705
16.5705
16.5705
16.5705
16.5705
16.5705
16.5705
16.5705
16.5705
16.5705
16.5705
16.5705
16.5705
16.5705
16.5705
16.5705
16.5705
16.5705
16.5705
16.5705
16.5705
16.5705
16.5705
16.5705
16.5705
16.5705
16.5705
16.5705
16.5705
16.5705
16.5705
16.5705
16.5705
16.5705
16.5705
16.5705
16.5705
16.5705
16.5705
16.5705
16.5705
16.5705
16.5705
16.5705
16.5705
16.5705
16.5705
16.5705
16.5705
16.5705
16.5705
16.5705
16.5705
16.5705
16.5705
16.5705
16.5705
16.5705
16.5705
16.5705
16.5705
16.5705
16.5705
16.5705
16.5705
16.5705
16.5705
16.5705
16.5705
16.5705
16.5705
16.5705
16.5705
16.5705
16.5705
16.5705
16.5705
16.5705
16.5705
16.5705
16.5705
16.5705
16.5705
16.5705
16.5705
16.5705
16.5705
16.5705
16.5705
16.5705
16.5705
16.5705
12.8882
12.8882
12.8882
12.8882
12.8882
12.8882
12.8882
12.8882
12.8882
12.8882
12.8882
12.8882
12.8882
12.8882
12.8882
12.8882
12.8882
12.8882
12.8882
12.8882
12.8882
12.8882
12.8882
12.8882
12.8882
12.8882
12.8882
12.8882
12.8882
12.8882
12.8882
12.8882
12.8882
12.8882
12.8882
12.8882
12.8882
12.8882
12.8882
12.8882
12.8882
12.8882
12.8882
12.8882
12.8882
12.8882
12.8882
12.8882
12.8882
12.8882
12.8882
12.8882
12.8882
12.8882
12.8882
12.8882
12.8882
12.8882
12.8882
12.8882
12.8882
12.8882
12.8882
12.8882
12.8882
12.8882
12.8882
12.8882
12.8882
12.8882
12.8882
12.8882
12.8882
12.8882
12.8882
12.8882
12.8882
12.8882
12.8882
12.8882
12.8882
12.8882
12.8882
12.8882
12.8882
12.8882
12.8882
12.8882
12.8882
12.8882
12.8882
12.8882
12.8882
12.8882
12.8882
12.8882
12.8882
12.8882
12.8882
12.8882
9.20585
9.20585
9.20585
9.20585
9.20585
9.20585
9.20585
9.20585
9.20585
9.20585
9.20585
9.20585
9.20585
9.20584
9.20584
9.20584
9.20584
9.20585
9.20585
9.20585
9.20584
9.20584
9.20584
9.20584
9.20584
9.20584
9.20584
9.20584
9.20584
9.20584
9.20584
9.20584
9.20584
9.20584
9.20584
9.20584
9.20584
9.20584
9.20584
9.20584
9.20583
9.20583
9.20583
9.20583
9.20583
9.20583
9.20583
9.20583
9.20583
9.20583
9.20583
9.20583
9.20583
9.20583
9.20583
9.20583
9.20583
9.20583
9.20583
9.20583
9.20583
9.20583
9.20583
9.20583
9.20583
9.20583
9.20583
9.20583
9.20583
9.20583
9.20583
9.20583
9.20583
9.20583
9.20583
9.20583
9.20583
9.20583
9.20583
9.20583
9.20582
9.20582
9.20582
9.20582
9.20582
9.20582
9.20582
9.20582
9.20582
9.20582
9.20582
9.20582
9.20582
9.20582
9.20582
9.20582
9.20582
9.20582
9.20582
9.20582
5.52353
5.52353
5.52353
5.52353
5.52353
5.52353
5.52353
5.52353
5.52353
5.52353
5.52351
5.52351
5.52351
5.52351
5.52351
5.52351
5.52351
5.52351
5.52351
5.52351
5.52351
5.52351
5.5235
5.5235
5.5235
5.5235
5.5235
5.5235
5.52351
5.52351
5.5235
5.5235
5.5235
5.5235
5.5235
5.5235
5.5235
5.5235
5.5235
5.5235
5.5235
5.5235
5.5235
5.5235
5.5235
5.5235
5.5235
5.5235
5.5235
5.5235
5.5235
5.5235
5.5235
5.5235
5.5235
5.5235
5.5235
5.5235
5.5235
5.5235
5.5235
5.5235
5.5235
5.5235
5.5235
5.5235
5.5235
5.5235
5.5235
5.5235
5.5235
5.5235
5.5235
5.5235
5.5235
5.5235
5.5235
5.5235
5.5235
5.5235
5.5235
5.5235
5.5235
5.5235
5.5235
5.5235
5.5235
5.5235
5.5235
5.5235
5.5235
5.5235
5.5235
5.5235
5.5235
5.5235
5.5235
5.5235
5.5235
5.5235
1.84121
1.84121
1.8412
1.8412
1.8412
1.8412
1.8412
1.8412
1.84121
1.84121
1.84119
1.84119
1.84119
1.84119
1.84119
1.84119
1.84119
1.84119
1.84119
1.84119
1.84119
1.84118
1.84118
1.84118
1.84118
1.84118
1.84118
1.84118
1.84118
1.84119
1.84118
1.84118
1.84118
1.84117
1.84117
1.84117
1.84117
1.84118
1.84118
1.84118
1.84117
1.84117
1.84117
1.84117
1.84117
1.84116
1.84117
1.84117
1.84117
1.84117
1.84116
1.84116
1.84116
1.84115
1.84115
1.84115
1.84115
1.84116
1.84116
1.84116
1.84115
1.84115
1.84114
1.84114
1.84114
1.84114
1.84114
1.84114
1.84115
1.84115
1.84114
1.84113
1.84113
1.84113
1.84113
1.84113
1.84113
1.84113
1.84113
1.84114
1.84113
1.84112
1.84112
1.84112
1.84112
1.84112
1.84112
1.84112
1.84112
1.84113
1.84112
1.84111
1.84111
1.84111
1.84111
1.84111
1.84111
1.84111
1.84111
1.84112
106.327
105.747
105.381
105.115
104.976
104.976
105.115
105.381
105.747
106.327
97.1638
96.3136
95.7519
95.3554
95.151
95.151
95.3554
95.7519
96.3136
97.1639
89.5428
88.5635
87.922
87.4759
87.2469
87.2469
87.4759
87.922
88.5635
89.5429
84.2797
83.2749
82.6253
82.1804
81.9524
81.9524
82.1804
82.6253
83.2749
84.2797
80.3416
79.3481
78.7096
78.2812
78.0619
78.0619
78.2812
78.7096
79.3481
80.3416
77.1701
76.2098
75.5921
75.1883
74.9821
74.9821
75.1883
75.5921
76.2098
77.1701
74.5755
73.6703
73.0841
72.7117
72.5224
72.5224
72.7117
73.0842
73.6703
74.5755
72.4486
71.6216
71.0794
70.7438
70.5739
70.5739
70.7438
71.0795
71.6216
72.4487
70.7018
69.9697
69.4848
69.1905
69.0418
69.0418
69.1905
69.4848
69.9697
70.7018
69.338
68.6275
68.21
67.9579
67.8302
67.8302
67.9579
68.21
68.6275
69.338
70.5639
70.7338
70.9176
71.0422
71.1066
71.1066
71.0422
70.9176
70.7338
70.5639
70.9146
71.0037
71.1237
71.2012
71.2409
71.2409
71.2012
71.1237
71.0037
70.9147
70.8143
70.804
70.8482
70.8718
70.8834
70.8834
70.8718
70.8482
70.804
70.8143
70.3455
70.2452
70.2209
70.1979
70.1854
70.1854
70.1979
70.2209
70.2452
70.3455
69.7098
69.537
69.4557
69.3961
69.3648
69.3648
69.3961
69.4557
69.5371
69.7098
69.0127
68.7867
68.6604
68.5741
68.5293
68.5293
68.5741
68.6604
68.7868
69.0127
68.3074
68.0487
67.8908
67.788
67.7349
67.7349
67.788
67.8908
68.0487
68.3074
67.6233
67.3551
67.1813
67.0717
67.0154
67.0154
67.0717
67.1814
67.3551
67.6233
66.9874
66.7278
66.5525
66.4442
66.3882
66.3882
66.4442
66.5525
66.7278
66.9874
66.4797
66.1683
65.9987
65.8949
65.8408
65.8408
65.8949
65.9987
66.1683
66.4797
65.8342
65.8171
65.8152
65.81
65.8075
65.8075
65.81
65.8152
65.8171
65.8342
66.1758
66.1537
66.1488
66.1404
66.136
66.136
66.1404
66.1488
66.1537
66.1758
66.4406
66.398
66.3796
66.3603
66.3501
66.3501
66.3603
66.3796
66.398
66.4406
66.4341
66.3576
66.3161
66.2805
66.2616
66.2616
66.2805
66.3161
66.3576
66.4342
66.2444
66.1328
66.0667
66.0151
65.9879
65.9879
66.0151
66.0667
66.1328
66.2444
65.9616
65.8202
65.7318
65.6674
65.6335
65.6335
65.6674
65.7318
65.8202
65.9616
65.6325
65.4694
65.3634
65.29
65.2517
65.2517
65.29
65.3635
65.4694
65.6326
65.2827
65.1093
64.9927
64.9148
64.8743
64.8743
64.9148
64.9927
65.1093
65.2827
64.9374
64.7635
64.6427
64.5642
64.5234
64.5234
64.5642
64.6427
64.7635
64.9374
64.6505
64.4392
64.3174
64.2397
64.1994
64.1994
64.2397
64.3174
64.4392
64.6506
60.7903
60.8079
60.8302
60.8449
60.8527
60.8527
60.8449
60.8302
60.8079
60.7903
60.951
60.9703
60.9949
61.0107
61.0191
61.0191
61.0107
60.9949
60.9703
60.951
61.0749
61.0902
61.1127
61.1267
61.134
61.134
61.1267
61.1127
61.0902
61.0749
61.1159
61.1198
61.1344
61.1425
61.1467
61.1467
61.1425
61.1344
61.1199
61.1159
61.0935
61.0828
61.0863
61.0868
61.0869
61.0869
61.0868
61.0864
61.0828
61.0935
61.0288
61.0032
60.995
60.9878
60.9839
60.9839
60.9878
60.995
61.0032
61.0288
60.9345
60.896
60.877
60.8631
60.8557
60.8557
60.8631
60.877
60.896
60.9345
60.8194
60.7724
60.7451
60.7263
60.7163
60.7163
60.7263
60.7451
60.7725
60.8194
60.6964
60.6446
60.611
60.5886
60.5767
60.5767
60.5886
60.611
60.6446
60.6964
60.5961
60.5184
60.4777
60.4513
60.4373
60.4373
60.4513
60.4777
60.5184
60.5961
57.1491
57.1478
57.1481
57.1475
57.1472
57.1472
57.1475
57.1481
57.1478
57.1491
57.2185
57.2194
57.2218
57.2225
57.2229
57.2229
57.2225
57.2218
57.2194
57.2185
57.2864
57.2875
57.2904
57.2911
57.2915
57.2915
57.2911
57.2904
57.2875
57.2864
57.3264
57.3246
57.3257
57.3249
57.3244
57.3244
57.3249
57.3257
57.3246
57.3264
57.3403
57.3337
57.3312
57.3279
57.3261
57.3261
57.3279
57.3312
57.3337
57.3404
57.3339
57.3215
57.3149
57.3087
57.3053
57.3053
57.3087
57.3149
57.3215
57.3339
57.3116
57.2937
57.2827
57.2739
57.2691
57.2691
57.2739
57.2827
57.2937
57.3116
57.2772
57.2552
57.2405
57.2295
57.2236
57.2236
57.2295
57.2405
57.2552
57.2773
57.2373
57.2121
57.1941
57.1813
57.1744
57.1744
57.1813
57.1941
57.2121
57.2373
57.2045
57.1667
57.1448
57.1299
57.1221
57.1221
57.1299
57.1448
57.1667
57.2045
53.3643
53.3666
53.3696
53.3714
53.3724
53.3724
53.3714
53.3696
53.3666
53.3643
53.3907
53.3939
53.3978
53.4003
53.4016
53.4016
53.4003
53.3978
53.3939
53.3907
53.4153
53.4189
53.4233
53.4261
53.4276
53.4276
53.4261
53.4233
53.419
53.4153
53.4311
53.434
53.438
53.4404
53.4416
53.4416
53.4404
53.438
53.434
53.4311
53.4381
53.4394
53.4422
53.4437
53.4445
53.4445
53.4437
53.4422
53.4394
53.4381
53.4376
53.4365
53.4376
53.4379
53.4381
53.4381
53.4379
53.4376
53.4365
53.4376
53.4303
53.4269
53.4261
53.4251
53.4245
53.4245
53.4251
53.4261
53.4269
53.4303
53.4173
53.4119
53.4093
53.4071
53.4059
53.4059
53.4071
53.4093
53.4119
53.4173
53.4013
53.3942
53.3897
53.3863
53.3845
53.3845
53.3863
53.3897
53.3942
53.4013
53.3885
53.3748
53.3676
53.3627
53.3601
53.3601
53.3627
53.3676
53.3748
53.3885
49.71
49.71
49.7101
49.71
49.71
49.71
49.71
49.7101
49.71
49.71
49.7207
49.7211
49.7217
49.7219
49.7221
49.7221
49.7219
49.7217
49.7211
49.7207
49.7324
49.7332
49.7341
49.7346
49.7348
49.7348
49.7346
49.7341
49.7332
49.7324
49.7417
49.7425
49.7434
49.7438
49.744
49.744
49.7438
49.7434
49.7425
49.7417
49.748
49.7484
49.749
49.7492
49.7493
49.7493
49.7492
49.749
49.7484
49.748
49.7516
49.7513
49.7515
49.7513
49.7511
49.7511
49.7513
49.7515
49.7513
49.7516
49.7527
49.7516
49.7511
49.7505
49.7501
49.7501
49.7505
49.7511
49.7516
49.7527
49.7515
49.7497
49.7485
49.7475
49.7469
49.7469
49.7475
49.7486
49.7497
49.7515
49.7492
49.7466
49.7447
49.7431
49.7422
49.7422
49.7431
49.7447
49.7466
49.7492
49.7479
49.7426
49.7395
49.7373
49.7361
49.7361
49.7373
49.7395
49.7426
49.7479
46.0187
46.0192
46.0197
46.02
46.0202
46.0202
46.02
46.0197
46.0192
46.0188
46.0228
46.0234
46.0241
46.0245
46.0247
46.0247
46.0245
46.0241
46.0234
46.0228
46.0269
46.0277
46.0285
46.0291
46.0294
46.0294
46.0291
46.0285
46.0277
46.0269
46.0303
46.031
46.0319
46.0325
46.0328
46.0328
46.0325
46.0319
46.031
46.0303
46.0326
46.0333
46.0341
46.0345
46.0348
46.0348
46.0345
46.0341
46.0333
46.0326
46.0339
46.0343
46.035
46.0353
46.0355
46.0355
46.0353
46.035
46.0344
46.0339
46.0342
46.0343
46.0347
46.0348
46.0349
46.0349
46.0348
46.0347
46.0343
46.0342
46.0335
46.0333
46.0334
46.0333
46.0333
46.0333
46.0333
46.0334
46.0333
46.0335
46.0322
46.0317
46.0314
46.0311
46.0309
46.0309
46.0311
46.0314
46.0317
46.0322
46.0315
46.0296
46.0286
46.028
46.0276
46.0276
46.028
46.0286
46.0296
46.0315
42.3445
42.3446
42.3446
42.3446
42.3446
42.3446
42.3446
42.3446
42.3446
42.3446
42.3462
42.3463
42.3464
42.3465
42.3465
42.3465
42.3465
42.3464
42.3463
42.3462
42.3482
42.3484
42.3486
42.3487
42.3487
42.3487
42.3487
42.3486
42.3484
42.3482
42.35
42.3503
42.3505
42.3506
42.3507
42.3507
42.3506
42.3505
42.3503
42.35
42.3516
42.3519
42.3521
42.3522
42.3523
42.3523
42.3522
42.3521
42.3519
42.3516
42.3529
42.3531
42.3533
42.3534
42.3535
42.3535
42.3534
42.3533
42.3531
42.3529
42.3538
42.354
42.3541
42.3542
42.3542
42.3542
42.3542
42.3541
42.354
42.3539
42.3545
42.3546
42.3546
42.3546
42.3546
42.3546
42.3546
42.3546
42.3546
42.3545
42.355
42.3549
42.3549
42.3548
42.3547
42.3547
42.3548
42.3549
42.3549
42.355
42.3557
42.3551
42.3548
42.3546
42.3544
42.3544
42.3546
42.3548
42.3551
42.3557
38.6616
38.6617
38.6618
38.6619
38.6619
38.6619
38.6619
38.6618
38.6617
38.6616
38.6622
38.6624
38.6625
38.6626
38.6626
38.6626
38.6626
38.6625
38.6624
38.6622
38.6629
38.6631
38.6632
38.6633
38.6634
38.6634
38.6633
38.6632
38.6631
38.6629
38.6636
38.6637
38.6639
38.664
38.6641
38.6641
38.664
38.6639
38.6637
38.6636
38.6641
38.6643
38.6645
38.6646
38.6647
38.6647
38.6646
38.6645
38.6643
38.6641
38.6646
38.6647
38.6649
38.665
38.6651
38.6651
38.665
38.6649
38.6647
38.6646
38.6649
38.665
38.6652
38.6653
38.6653
38.6653
38.6653
38.6652
38.665
38.6649
38.665
38.6652
38.6653
38.6653
38.6654
38.6654
38.6653
38.6653
38.6652
38.665
38.6651
38.6652
38.6652
38.6653
38.6653
38.6653
38.6653
38.6652
38.6652
38.6651
38.6653
38.6651
38.665
38.665
38.665
38.665
38.665
38.665
38.6651
38.6653
34.9814
34.9814
34.9814
34.9814
34.9814
34.9814
34.9814
34.9814
34.9814
34.9814
34.9816
34.9816
34.9817
34.9817
34.9817
34.9817
34.9817
34.9817
34.9816
34.9816
34.982
34.982
34.982
34.9821
34.9821
34.9821
34.9821
34.982
34.982
34.982
34.9823
34.9824
34.9824
34.9825
34.9825
34.9825
34.9825
34.9824
34.9824
34.9823
34.9827
34.9827
34.9828
34.9828
34.9829
34.9829
34.9828
34.9828
34.9827
34.9827
34.983
34.9831
34.9832
34.9832
34.9832
34.9832
34.9832
34.9832
34.9831
34.983
34.9833
34.9834
34.9835
34.9835
34.9835
34.9835
34.9835
34.9835
34.9834
34.9833
34.9836
34.9837
34.9837
34.9838
34.9838
34.9838
34.9838
34.9837
34.9837
34.9836
34.9839
34.9839
34.984
34.984
34.984
34.984
34.984
34.984
34.9839
34.9839
34.9842
34.9841
34.9841
34.9841
34.9841
34.9841
34.9841
34.9841
34.9841
34.9842
31.2991
31.2991
31.2991
31.2991
31.2991
31.2991
31.2991
31.2991
31.2991
31.2991
31.2992
31.2992
31.2992
31.2993
31.2993
31.2993
31.2993
31.2992
31.2992
31.2992
31.2993
31.2993
31.2994
31.2994
31.2994
31.2994
31.2994
31.2994
31.2993
31.2993
31.2994
31.2995
31.2995
31.2995
31.2995
31.2995
31.2995
31.2995
31.2995
31.2994
31.2995
31.2996
31.2996
31.2997
31.2997
31.2997
31.2997
31.2996
31.2996
31.2995
31.2997
31.2997
31.2997
31.2998
31.2998
31.2998
31.2998
31.2997
31.2997
31.2997
31.2998
31.2998
31.2999
31.2999
31.2999
31.2999
31.2999
31.2999
31.2998
31.2998
31.2998
31.2999
31.2999
31.3
31.3
31.3
31.3
31.2999
31.2999
31.2998
31.2999
31.3
31.3
31.3
31.3
31.3
31.3
31.3
31.3
31.2999
31.3
31.3
31.3
31.3
31.3
31.3
31.3
31.3
31.3
31.3
27.6173
27.6173
27.6173
27.6173
27.6173
27.6173
27.6173
27.6173
27.6173
27.6173
27.6173
27.6173
27.6173
27.6173
27.6173
27.6173
27.6173
27.6173
27.6173
27.6173
27.6173
27.6174
27.6174
27.6174
27.6174
27.6174
27.6174
27.6174
27.6174
27.6173
27.6174
27.6174
27.6174
27.6174
27.6175
27.6175
27.6174
27.6174
27.6174
27.6174
27.6175
27.6175
27.6175
27.6175
27.6175
27.6175
27.6175
27.6175
27.6175
27.6175
27.6176
27.6176
27.6176
27.6176
27.6176
27.6176
27.6176
27.6176
27.6176
27.6176
27.6177
27.6177
27.6177
27.6177
27.6177
27.6177
27.6177
27.6177
27.6177
27.6177
27.6177
27.6178
27.6178
27.6178
27.6178
27.6178
27.6178
27.6178
27.6178
27.6177
27.6178
27.6178
27.6179
27.6179
27.6179
27.6179
27.6179
27.6179
27.6178
27.6178
27.6179
27.6179
27.6179
27.6179
27.6179
27.6179
27.6179
27.6179
27.6179
27.6179
23.935
23.935
23.935
23.935
23.935
23.935
23.935
23.935
23.935
23.935
23.935
23.935
23.935
23.935
23.935
23.935
23.935
23.935
23.935
23.935
23.935
23.935
23.935
23.935
23.935
23.935
23.935
23.935
23.935
23.935
23.935
23.935
23.935
23.9351
23.9351
23.9351
23.9351
23.935
23.935
23.935
23.9351
23.9351
23.9351
23.9351
23.9351
23.9351
23.9351
23.9351
23.9351
23.9351
23.9351
23.9351
23.9351
23.9351
23.9351
23.9351
23.9351
23.9351
23.9351
23.9351
23.9351
23.9351
23.9351
23.9351
23.9351
23.9351
23.9351
23.9351
23.9351
23.9351
23.9351
23.9352
23.9352
23.9352
23.9352
23.9352
23.9352
23.9352
23.9352
23.9351
23.9352
23.9352
23.9352
23.9352
23.9352
23.9352
23.9352
23.9352
23.9352
23.9352
23.9352
23.9352
23.9352
23.9352
23.9352
23.9352
23.9352
23.9352
23.9352
23.9352
20.2528
20.2528
20.2528
20.2528
20.2528
20.2528
20.2528
20.2528
20.2528
20.2528
20.2528
20.2528
20.2528
20.2528
20.2528
20.2528
20.2528
20.2528
20.2528
20.2528
20.2528
20.2528
20.2528
20.2528
20.2528
20.2528
20.2528
20.2528
20.2528
20.2528
20.2528
20.2528
20.2528
20.2528
20.2528
20.2528
20.2528
20.2528
20.2528
20.2528
20.2528
20.2528
20.2528
20.2528
20.2528
20.2528
20.2528
20.2528
20.2528
20.2528
20.2528
20.2528
20.2528
20.2528
20.2528
20.2528
20.2528
20.2528
20.2528
20.2528
20.2528
20.2528
20.2528
20.2529
20.2529
20.2529
20.2529
20.2528
20.2528
20.2528
20.2529
20.2529
20.2529
20.2529
20.2529
20.2529
20.2529
20.2529
20.2529
20.2529
20.2529
20.2529
20.2529
20.2529
20.2529
20.2529
20.2529
20.2529
20.2529
20.2529
20.2529
20.2529
20.2529
20.2529
20.2529
20.2529
20.2529
20.2529
20.2529
20.2529
16.5705
16.5705
16.5705
16.5705
16.5705
16.5705
16.5705
16.5705
16.5705
16.5705
16.5705
16.5705
16.5705
16.5705
16.5705
16.5705
16.5705
16.5705
16.5705
16.5705
16.5705
16.5705
16.5705
16.5705
16.5705
16.5705
16.5705
16.5705
16.5705
16.5705
16.5705
16.5705
16.5705
16.5705
16.5705
16.5705
16.5705
16.5705
16.5705
16.5705
16.5705
16.5705
16.5705
16.5705
16.5705
16.5705
16.5705
16.5705
16.5705
16.5705
16.5705
16.5705
16.5705
16.5705
16.5705
16.5705
16.5705
16.5705
16.5705
16.5705
16.5705
16.5705
16.5705
16.5705
16.5705
16.5705
16.5705
16.5705
16.5705
16.5705
16.5705
16.5705
16.5705
16.5705
16.5705
16.5705
16.5705
16.5705
16.5705
16.5705
16.5705
16.5705
16.5705
16.5705
16.5705
16.5705
16.5705
16.5705
16.5705
16.5705
16.5705
16.5705
16.5705
16.5705
16.5705
16.5705
16.5705
16.5705
16.5705
16.5705
12.8882
12.8882
12.8882
12.8882
12.8882
12.8882
12.8882
12.8882
12.8882
12.8882
12.8882
12.8882
12.8882
12.8882
12.8882
12.8882
12.8882
12.8882
12.8882
12.8882
12.8882
12.8882
12.8882
12.8882
12.8882
12.8882
12.8882
12.8882
12.8882
12.8882
12.8882
12.8882
12.8882
12.8882
12.8882
12.8882
12.8882
12.8882
12.8882
12.8882
12.8882
12.8882
12.8882
12.8882
12.8882
12.8882
12.8882
12.8882
12.8882
12.8882
12.8882
12.8882
12.8882
12.8882
12.8882
12.8882
12.8882
12.8882
12.8882
12.8882
12.8882
12.8882
12.8882
12.8882
12.8882
12.8882
12.8882
12.8882
12.8882
12.8882
12.8882
12.8882
12.8882
12.8882
12.8882
12.8882
12.8882
12.8882
12.8882
12.8882
12.8882
12.8882
12.8882
12.8882
12.8882
12.8882
12.8882
12.8882
12.8882
12.8882
12.8882
12.8882
12.8882
12.8882
12.8882
12.8882
12.8882
12.8882
12.8882
12.8882
9.20585
9.20585
9.20585
9.20585
9.20585
9.20585
9.20585
9.20585
9.20585
9.20585
9.20585
9.20585
9.20584
9.20584
9.20584
9.20584
9.20584
9.20584
9.20585
9.20585
9.20584
9.20584
9.20584
9.20584
9.20584
9.20584
9.20584
9.20584
9.20584
9.20584
9.20584
9.20584
9.20584
9.20584
9.20584
9.20584
9.20584
9.20584
9.20584
9.20584
9.20583
9.20583
9.20583
9.20583
9.20583
9.20583
9.20583
9.20583
9.20583
9.20583
9.20583
9.20583
9.20583
9.20583
9.20583
9.20583
9.20583
9.20583
9.20583
9.20583
9.20583
9.20583
9.20583
9.20583
9.20583
9.20583
9.20583
9.20583
9.20583
9.20583
9.20583
9.20583
9.20582
9.20582
9.20582
9.20582
9.20582
9.20582
9.20583
9.20583
9.20582
9.20582
9.20582
9.20582
9.20582
9.20582
9.20582
9.20582
9.20582
9.20582
9.20582
9.20582
9.20582
9.20582
9.20582
9.20582
9.20582
9.20582
9.20582
9.20582
5.52353
5.52353
5.52353
5.52353
5.52353
5.52353
5.52353
5.52353
5.52353
5.52353
5.52351
5.52351
5.52351
5.52351
5.52351
5.52351
5.52351
5.52351
5.52351
5.52351
5.52351
5.5235
5.5235
5.5235
5.5235
5.5235
5.5235
5.5235
5.5235
5.5235
5.5235
5.5235
5.5235
5.5235
5.5235
5.5235
5.5235
5.5235
5.5235
5.5235
5.5235
5.5235
5.5235
5.5235
5.5235
5.5235
5.5235
5.5235
5.5235
5.5235
5.5235
5.5235
5.5235
5.5235
5.5235
5.5235
5.5235
5.5235
5.5235
5.5235
5.5235
5.5235
5.5235
5.5235
5.5235
5.5235
5.5235
5.5235
5.5235
5.5235
5.5235
5.5235
5.5235
5.5235
5.5235
5.5235
5.5235
5.5235
5.5235
5.5235
5.5235
5.5235
5.5235
5.5235
5.5235
5.5235
5.5235
5.5235
5.5235
5.5235
5.5235
5.5235
5.5235
5.52349
5.52349
5.52349
5.52349
5.52349
5.52349
5.52349
1.84121
1.84121
1.8412
1.8412
1.8412
1.8412
1.8412
1.8412
1.84121
1.84121
1.84119
1.84119
1.84119
1.84119
1.84119
1.84119
1.84119
1.84119
1.84119
1.84119
1.84119
1.84118
1.84118
1.84118
1.84118
1.84118
1.84118
1.84118
1.84118
1.84118
1.84118
1.84118
1.84118
1.84117
1.84117
1.84117
1.84117
1.84118
1.84118
1.84118
1.84117
1.84117
1.84117
1.84117
1.84116
1.84116
1.84117
1.84117
1.84117
1.84117
1.84116
1.84116
1.84116
1.84115
1.84115
1.84115
1.84115
1.84116
1.84116
1.84116
1.84115
1.84115
1.84114
1.84114
1.84114
1.84114
1.84114
1.84114
1.84115
1.84115
1.84114
1.84113
1.84113
1.84113
1.84113
1.84113
1.84113
1.84113
1.84113
1.84114
1.84113
1.84112
1.84112
1.84112
1.84112
1.84112
1.84112
1.84112
1.84112
1.84113
1.84112
1.84111
1.84111
1.84111
1.84111
1.84111
1.84111
1.84111
1.84111
1.84111
106.327
105.747
105.381
105.115
104.976
104.976
105.115
105.381
105.747
106.327
97.1639
96.3137
95.7519
95.3554
95.151
95.151
95.3554
95.7519
96.3136
97.1638
89.5429
88.5635
87.922
87.4759
87.2469
87.2469
87.4759
87.922
88.5635
89.5428
84.2797
83.2749
82.6253
82.1804
81.9524
81.9524
82.1804
82.6253
83.2749
84.2797
80.3416
79.3481
78.7096
78.2812
78.0619
78.0619
78.2812
78.7096
79.3481
80.3416
77.1701
76.2098
75.5921
75.1883
74.9821
74.9821
75.1883
75.5921
76.2098
77.1701
74.5755
73.6703
73.0842
72.7117
72.5224
72.5224
72.7117
73.0841
73.6703
74.5755
72.4487
71.6216
71.0795
70.7438
70.5739
70.5739
70.7438
71.0794
71.6216
72.4486
70.7018
69.9697
69.4848
69.1906
69.0419
69.0418
69.1905
69.4848
69.9697
70.7018
69.338
68.6275
68.21
67.9579
67.8302
67.8302
67.9579
68.21
68.6275
69.338
70.5639
70.7338
70.9176
71.0422
71.1066
71.1066
71.0422
70.9176
70.7338
70.5639
70.9147
71.0037
71.1237
71.2012
71.2409
71.2409
71.2012
71.1237
71.0037
70.9147
70.8143
70.804
70.8482
70.8718
70.8834
70.8834
70.8718
70.8482
70.804
70.8143
70.3455
70.2452
70.2209
70.1979
70.1854
70.1854
70.1979
70.2209
70.2452
70.3455
69.7098
69.5371
69.4557
69.3961
69.3648
69.3648
69.3961
69.4557
69.537
69.7098
69.0127
68.7868
68.6604
68.5742
68.5293
68.5293
68.5741
68.6604
68.7867
69.0127
68.3074
68.0487
67.8908
67.788
67.7349
67.7349
67.788
67.8908
68.0487
68.3074
67.6233
67.3551
67.1814
67.0717
67.0154
67.0154
67.0717
67.1813
67.3551
67.6233
66.9874
66.7278
66.5525
66.4442
66.3882
66.3882
66.4442
66.5525
66.7278
66.9874
66.4797
66.1683
65.9987
65.8949
65.8408
65.8408
65.8949
65.9987
66.1683
66.4797
65.8342
65.8171
65.8152
65.81
65.8075
65.8075
65.81
65.8152
65.8171
65.8342
66.1758
66.1537
66.1488
66.1404
66.136
66.136
66.1404
66.1488
66.1537
66.1758
66.4406
66.398
66.3796
66.3603
66.3501
66.3501
66.3603
66.3796
66.398
66.4406
66.4342
66.3576
66.3161
66.2805
66.2616
66.2616
66.2805
66.3161
66.3576
66.4341
66.2444
66.1328
66.0667
66.0151
65.9879
65.9879
66.0151
66.0667
66.1328
66.2444
65.9616
65.8202
65.7318
65.6674
65.6335
65.6335
65.6674
65.7318
65.8202
65.9616
65.6326
65.4694
65.3635
65.29
65.2517
65.2517
65.29
65.3634
65.4694
65.6325
65.2827
65.1093
64.9927
64.9148
64.8743
64.8743
64.9148
64.9927
65.1093
65.2827
64.9374
64.7635
64.6427
64.5642
64.5234
64.5234
64.5642
64.6427
64.7635
64.9374
64.6506
64.4392
64.3174
64.2397
64.1994
64.1994
64.2397
64.3174
64.4392
64.6505
60.7903
60.8079
60.8302
60.8449
60.8527
60.8527
60.8449
60.8302
60.8079
60.7903
60.951
60.9703
60.9949
61.0107
61.0191
61.0191
61.0107
60.9949
60.9703
60.951
61.0749
61.0902
61.1127
61.1267
61.134
61.134
61.1267
61.1127
61.0902
61.0749
61.1159
61.1199
61.1344
61.1425
61.1467
61.1467
61.1425
61.1344
61.1198
61.1159
61.0935
61.0828
61.0864
61.0868
61.0869
61.0869
61.0868
61.0863
61.0828
61.0935
61.0288
61.0032
60.995
60.9878
60.9839
60.9839
60.9878
60.995
61.0032
61.0288
60.9345
60.896
60.877
60.8631
60.8557
60.8557
60.8631
60.877
60.896
60.9345
60.8194
60.7725
60.7451
60.7263
60.7163
60.7163
60.7263
60.7451
60.7724
60.8194
60.6964
60.6446
60.611
60.5886
60.5767
60.5767
60.5886
60.611
60.6446
60.6964
60.5961
60.5184
60.4777
60.4513
60.4373
60.4373
60.4513
60.4777
60.5184
60.5961
57.1491
57.1478
57.1481
57.1475
57.1472
57.1472
57.1475
57.1481
57.1478
57.1491
57.2185
57.2194
57.2218
57.2225
57.2229
57.2229
57.2225
57.2218
57.2194
57.2185
57.2864
57.2875
57.2904
57.2911
57.2915
57.2915
57.2911
57.2904
57.2875
57.2864
57.3264
57.3246
57.3257
57.3249
57.3244
57.3244
57.3249
57.3257
57.3246
57.3264
57.3404
57.3337
57.3312
57.3279
57.3261
57.3261
57.3279
57.3312
57.3337
57.3403
57.3339
57.3215
57.3149
57.3087
57.3053
57.3053
57.3087
57.3149
57.3215
57.3339
57.3116
57.2937
57.2827
57.2739
57.2691
57.2691
57.2739
57.2827
57.2937
57.3116
57.2773
57.2552
57.2405
57.2295
57.2236
57.2236
57.2295
57.2405
57.2552
57.2772
57.2373
57.2121
57.1941
57.1813
57.1744
57.1744
57.1813
57.1941
57.2121
57.2373
57.2045
57.1667
57.1448
57.1299
57.1221
57.1221
57.1299
57.1448
57.1667
57.2045
53.3643
53.3666
53.3696
53.3714
53.3724
53.3724
53.3714
53.3696
53.3666
53.3643
53.3907
53.3939
53.3978
53.4003
53.4016
53.4016
53.4003
53.3978
53.3939
53.3907
53.4153
53.419
53.4233
53.4261
53.4276
53.4276
53.4261
53.4233
53.4189
53.4153
53.4311
53.434
53.438
53.4404
53.4416
53.4416
53.4404
53.438
53.434
53.4311
53.4381
53.4394
53.4422
53.4437
53.4445
53.4445
53.4437
53.4422
53.4394
53.4381
53.4376
53.4365
53.4376
53.4379
53.4381
53.4381
53.4379
53.4376
53.4365
53.4376
53.4303
53.4269
53.4261
53.4251
53.4245
53.4245
53.4251
53.4261
53.4269
53.4303
53.4173
53.4119
53.4093
53.4071
53.4059
53.4059
53.4071
53.4093
53.4119
53.4173
53.4013
53.3942
53.3897
53.3863
53.3845
53.3845
53.3863
53.3897
53.3942
53.4013
53.3885
53.3748
53.3676
53.3627
53.3601
53.3601
53.3627
53.3676
53.3748
53.3885
49.71
49.71
49.7101
49.71
49.71
49.71
49.71
49.7101
49.71
49.71
49.7207
49.7211
49.7217
49.7219
49.7221
49.7221
49.7219
49.7217
49.7211
49.7207
49.7324
49.7332
49.7341
49.7346
49.7348
49.7348
49.7346
49.7341
49.7332
49.7324
49.7417
49.7425
49.7434
49.7438
49.744
49.744
49.7438
49.7434
49.7425
49.7417
49.748
49.7484
49.749
49.7492
49.7493
49.7493
49.7492
49.749
49.7484
49.748
49.7516
49.7513
49.7515
49.7513
49.7511
49.7511
49.7513
49.7515
49.7513
49.7516
49.7527
49.7516
49.7511
49.7505
49.7501
49.7501
49.7505
49.7511
49.7516
49.7527
49.7515
49.7497
49.7486
49.7475
49.7469
49.7469
49.7475
49.7485
49.7497
49.7515
49.7492
49.7466
49.7447
49.7431
49.7422
49.7422
49.7431
49.7447
49.7466
49.7492
49.7479
49.7426
49.7395
49.7373
49.7361
49.7361
49.7373
49.7395
49.7426
49.7479
46.0188
46.0192
46.0197
46.02
46.0202
46.0202
46.02
46.0197
46.0192
46.0187
46.0228
46.0234
46.0241
46.0245
46.0247
46.0247
46.0245
46.0241
46.0234
46.0228
46.0269
46.0277
46.0285
46.0291
46.0294
46.0294
46.0291
46.0285
46.0277
46.0269
46.0303
46.031
46.0319
46.0325
46.0328
46.0328
46.0325
46.0319
46.031
46.0303
46.0326
46.0333
46.0341
46.0345
46.0348
46.0348
46.0345
46.0341
46.0333
46.0326
46.0339
46.0344
46.035
46.0353
46.0355
46.0355
46.0353
46.035
46.0343
46.0339
46.0342
46.0343
46.0347
46.0348
46.0349
46.0349
46.0348
46.0347
46.0343
46.0342
46.0335
46.0333
46.0334
46.0333
46.0333
46.0333
46.0333
46.0334
46.0333
46.0335
46.0322
46.0317
46.0314
46.0311
46.0309
46.0309
46.0311
46.0314
46.0317
46.0322
46.0315
46.0296
46.0286
46.028
46.0276
46.0276
46.028
46.0286
46.0296
46.0315
42.3446
42.3446
42.3446
42.3446
42.3446
42.3446
42.3446
42.3446
42.3446
42.3445
42.3462
42.3463
42.3464
42.3465
42.3465
42.3465
42.3465
42.3464
42.3463
42.3462
42.3482
42.3484
42.3486
42.3487
42.3487
42.3487
42.3487
42.3486
42.3484
42.3482
42.35
42.3503
42.3505
42.3506
42.3507
42.3507
42.3506
42.3505
42.3503
42.35
42.3516
42.3519
42.3521
42.3522
42.3523
42.3523
42.3522
42.3521
42.3519
42.3516
42.3529
42.3531
42.3533
42.3534
42.3535
42.3535
42.3534
42.3533
42.3531
42.3529
42.3539
42.354
42.3541
42.3542
42.3542
42.3542
42.3542
42.3541
42.354
42.3538
42.3545
42.3546
42.3546
42.3546
42.3546
42.3546
42.3546
42.3546
42.3546
42.3545
42.355
42.3549
42.3549
42.3548
42.3547
42.3547
42.3548
42.3549
42.3549
42.355
42.3557
42.3551
42.3548
42.3546
42.3544
42.3544
42.3546
42.3548
42.3551
42.3557
38.6616
38.6617
38.6618
38.6619
38.6619
38.6619
38.6619
38.6618
38.6617
38.6616
38.6622
38.6624
38.6625
38.6626
38.6626
38.6626
38.6626
38.6625
38.6624
38.6622
38.6629
38.6631
38.6632
38.6633
38.6634
38.6634
38.6633
38.6632
38.6631
38.6629
38.6636
38.6637
38.6639
38.664
38.6641
38.6641
38.664
38.6639
38.6637
38.6636
38.6641
38.6643
38.6645
38.6646
38.6647
38.6647
38.6646
38.6645
38.6643
38.6641
38.6646
38.6647
38.6649
38.665
38.6651
38.6651
38.665
38.6649
38.6647
38.6646
38.6649
38.665
38.6652
38.6653
38.6653
38.6653
38.6653
38.6652
38.665
38.6649
38.665
38.6652
38.6653
38.6653
38.6654
38.6654
38.6653
38.6653
38.6652
38.665
38.6651
38.6652
38.6652
38.6653
38.6653
38.6653
38.6653
38.6652
38.6652
38.6651
38.6653
38.6651
38.665
38.665
38.665
38.665
38.665
38.665
38.6651
38.6653
34.9814
34.9814
34.9814
34.9814
34.9814
34.9814
34.9814
34.9814
34.9814
34.9814
34.9816
34.9816
34.9817
34.9817
34.9817
34.9817
34.9817
34.9817
34.9816
34.9816
34.982
34.982
34.982
34.9821
34.9821
34.9821
34.9821
34.982
34.982
34.982
34.9823
34.9824
34.9824
34.9825
34.9825
34.9825
34.9825
34.9824
34.9824
34.9823
34.9827
34.9827
34.9828
34.9828
34.9829
34.9829
34.9828
34.9828
34.9827
34.9827
34.983
34.9831
34.9832
34.9832
34.9832
34.9832
34.9832
34.9832
34.9831
34.983
34.9833
34.9834
34.9835
34.9835
34.9835
34.9835
34.9835
34.9835
34.9834
34.9833
34.9836
34.9837
34.9837
34.9838
34.9838
34.9838
34.9838
34.9837
34.9837
34.9836
34.9839
34.9839
34.984
34.984
34.984
34.984
34.984
34.984
34.9839
34.9839
34.9842
34.9841
34.9841
34.9841
34.9841
34.9841
34.9841
34.9841
34.9841
34.9842
31.2991
31.2991
31.2991
31.2991
31.2991
31.2991
31.2991
31.2991
31.2991
31.2991
31.2992
31.2992
31.2992
31.2993
31.2993
31.2993
31.2993
31.2992
31.2992
31.2992
31.2993
31.2993
31.2994
31.2994
31.2994
31.2994
31.2994
31.2994
31.2993
31.2993
31.2994
31.2995
31.2995
31.2995
31.2995
31.2995
31.2995
31.2995
31.2995
31.2994
31.2995
31.2996
31.2996
31.2997
31.2997
31.2997
31.2997
31.2996
31.2996
31.2995
31.2997
31.2997
31.2997
31.2998
31.2998
31.2998
31.2998
31.2997
31.2997
31.2997
31.2998
31.2998
31.2999
31.2999
31.2999
31.2999
31.2999
31.2999
31.2998
31.2998
31.2998
31.2999
31.2999
31.3
31.3
31.3
31.3
31.2999
31.2999
31.2998
31.2999
31.3
31.3
31.3
31.3
31.3
31.3
31.3
31.3
31.2999
31.3
31.3
31.3
31.3
31.3
31.3
31.3
31.3
31.3
31.3
27.6173
27.6173
27.6173
27.6173
27.6173
27.6173
27.6173
27.6173
27.6173
27.6173
27.6173
27.6173
27.6173
27.6173
27.6173
27.6173
27.6173
27.6173
27.6173
27.6173
27.6173
27.6174
27.6174
27.6174
27.6174
27.6174
27.6174
27.6174
27.6174
27.6173
27.6174
27.6174
27.6174
27.6174
27.6175
27.6175
27.6174
27.6174
27.6174
27.6174
27.6175
27.6175
27.6175
27.6175
27.6175
27.6175
27.6175
27.6175
27.6175
27.6175
27.6176
27.6176
27.6176
27.6176
27.6176
27.6176
27.6176
27.6176
27.6176
27.6176
27.6177
27.6177
27.6177
27.6177
27.6177
27.6177
27.6177
27.6177
27.6177
27.6177
27.6177
27.6178
27.6178
27.6178
27.6178
27.6178
27.6178
27.6178
27.6178
27.6177
27.6178
27.6178
27.6179
27.6179
27.6179
27.6179
27.6179
27.6179
27.6178
27.6178
27.6179
27.6179
27.6179
27.6179
27.6179
27.6179
27.6179
27.6179
27.6179
27.6179
23.935
23.935
23.935
23.935
23.935
23.935
23.935
23.935
23.935
23.935
23.935
23.935
23.935
23.935
23.935
23.935
23.935
23.935
23.935
23.935
23.935
23.935
23.935
23.935
23.935
23.935
23.935
23.935
23.935
23.935
23.935
23.935
23.935
23.9351
23.9351
23.9351
23.9351
23.935
23.935
23.935
23.9351
23.9351
23.9351
23.9351
23.9351
23.9351
23.9351
23.9351
23.9351
23.9351
23.9351
23.9351
23.9351
23.9351
23.9351
23.9351
23.9351
23.9351
23.9351
23.9351
23.9351
23.9351
23.9351
23.9351
23.9351
23.9351
23.9351
23.9351
23.9351
23.9351
23.9351
23.9352
23.9352
23.9352
23.9352
23.9352
23.9352
23.9352
23.9352
23.9351
23.9352
23.9352
23.9352
23.9352
23.9352
23.9352
23.9352
23.9352
23.9352
23.9352
23.9352
23.9352
23.9352
23.9352
23.9352
23.9352
23.9352
23.9352
23.9352
23.9352
20.2528
20.2528
20.2528
20.2528
20.2528
20.2528
20.2528
20.2528
20.2528
20.2528
20.2528
20.2528
20.2528
20.2528
20.2528
20.2528
20.2528
20.2528
20.2528
20.2528
20.2528
20.2528
20.2528
20.2528
20.2528
20.2528
20.2528
20.2528
20.2528
20.2528
20.2528
20.2528
20.2528
20.2528
20.2528
20.2528
20.2528
20.2528
20.2528
20.2528
20.2528
20.2528
20.2528
20.2528
20.2528
20.2528
20.2528
20.2528
20.2528
20.2528
20.2528
20.2528
20.2528
20.2528
20.2528
20.2528
20.2528
20.2528
20.2528
20.2528
20.2528
20.2528
20.2528
20.2529
20.2529
20.2529
20.2529
20.2528
20.2528
20.2528
20.2529
20.2529
20.2529
20.2529
20.2529
20.2529
20.2529
20.2529
20.2529
20.2529
20.2529
20.2529
20.2529
20.2529
20.2529
20.2529
20.2529
20.2529
20.2529
20.2529
20.2529
20.2529
20.2529
20.2529
20.2529
20.2529
20.2529
20.2529
20.2529
20.2529
16.5705
16.5705
16.5705
16.5705
16.5705
16.5705
16.5705
16.5705
16.5705
16.5705
16.5705
16.5705
16.5705
16.5705
16.5705
16.5705
16.5705
16.5705
16.5705
16.5705
16.5705
16.5705
16.5705
16.5705
16.5705
16.5705
16.5705
16.5705
16.5705
16.5705
16.5705
16.5705
16.5705
16.5705
16.5705
16.5705
16.5705
16.5705
16.5705
16.5705
16.5705
16.5705
16.5705
16.5705
16.5705
16.5705
16.5705
16.5705
16.5705
16.5705
16.5705
16.5705
16.5705
16.5705
16.5705
16.5705
16.5705
16.5705
16.5705
16.5705
16.5705
16.5705
16.5705
16.5705
16.5705
16.5705
16.5705
16.5705
16.5705
16.5705
16.5705
16.5705
16.5705
16.5705
16.5705
16.5705
16.5705
16.5705
16.5705
16.5705
16.5705
16.5705
16.5705
16.5705
16.5705
16.5705
16.5705
16.5705
16.5705
16.5705
16.5705
16.5705
16.5705
16.5705
16.5705
16.5705
16.5705
16.5705
16.5705
16.5705
12.8882
12.8882
12.8882
12.8882
12.8882
12.8882
12.8882
12.8882
12.8882
12.8882
12.8882
12.8882
12.8882
12.8882
12.8882
12.8882
12.8882
12.8882
12.8882
12.8882
12.8882
12.8882
12.8882
12.8882
12.8882
12.8882
12.8882
12.8882
12.8882
12.8882
12.8882
12.8882
12.8882
12.8882
12.8882
12.8882
12.8882
12.8882
12.8882
12.8882
12.8882
12.8882
12.8882
12.8882
12.8882
12.8882
12.8882
12.8882
12.8882
12.8882
12.8882
12.8882
12.8882
12.8882
12.8882
12.8882
12.8882
12.8882
12.8882
12.8882
12.8882
12.8882
12.8882
12.8882
12.8882
12.8882
12.8882
12.8882
12.8882
12.8882
12.8882
12.8882
12.8882
12.8882
12.8882
12.8882
12.8882
12.8882
12.8882
12.8882
12.8882
12.8882
12.8882
12.8882
12.8882
12.8882
12.8882
12.8882
12.8882
12.8882
12.8882
12.8882
12.8882
12.8882
12.8882
12.8882
12.8882
12.8882
12.8882
12.8882
9.20585
9.20585
9.20585
9.20585
9.20585
9.20585
9.20585
9.20585
9.20585
9.20585
9.20585
9.20585
9.20584
9.20584
9.20584
9.20584
9.20584
9.20584
9.20585
9.20585
9.20584
9.20584
9.20584
9.20584
9.20584
9.20584
9.20584
9.20584
9.20584
9.20584
9.20584
9.20584
9.20584
9.20584
9.20584
9.20584
9.20584
9.20584
9.20584
9.20584
9.20583
9.20583
9.20583
9.20583
9.20583
9.20583
9.20583
9.20583
9.20583
9.20583
9.20583
9.20583
9.20583
9.20583
9.20583
9.20583
9.20583
9.20583
9.20583
9.20583
9.20583
9.20583
9.20583
9.20583
9.20583
9.20583
9.20583
9.20583
9.20583
9.20583
9.20583
9.20582
9.20582
9.20582
9.20582
9.20582
9.20582
9.20582
9.20583
9.20583
9.20582
9.20582
9.20582
9.20582
9.20582
9.20582
9.20582
9.20582
9.20582
9.20582
9.20582
9.20582
9.20582
9.20582
9.20582
9.20582
9.20582
9.20582
9.20582
9.20582
5.52353
5.52353
5.52353
5.52353
5.52353
5.52353
5.52353
5.52353
5.52353
5.52353
5.52351
5.52351
5.52351
5.52351
5.52351
5.52351
5.52351
5.52351
5.52351
5.52351
5.5235
5.5235
5.5235
5.5235
5.5235
5.5235
5.5235
5.5235
5.5235
5.52351
5.5235
5.5235
5.5235
5.5235
5.5235
5.5235
5.5235
5.5235
5.5235
5.5235
5.5235
5.5235
5.5235
5.5235
5.5235
5.5235
5.5235
5.5235
5.5235
5.5235
5.5235
5.5235
5.5235
5.5235
5.5235
5.5235
5.5235
5.5235
5.5235
5.5235
5.5235
5.5235
5.5235
5.5235
5.5235
5.5235
5.5235
5.5235
5.5235
5.5235
5.5235
5.5235
5.5235
5.5235
5.5235
5.5235
5.5235
5.5235
5.5235
5.5235
5.5235
5.5235
5.5235
5.5235
5.5235
5.5235
5.5235
5.5235
5.5235
5.5235
5.52349
5.52349
5.52349
5.52349
5.52349
5.52349
5.52349
5.5235
5.5235
5.52349
1.84121
1.84121
1.8412
1.8412
1.8412
1.8412
1.8412
1.8412
1.84121
1.84121
1.84119
1.84119
1.84119
1.84119
1.84119
1.84119
1.84119
1.84119
1.84119
1.84119
1.84118
1.84118
1.84118
1.84118
1.84118
1.84118
1.84118
1.84118
1.84118
1.84119
1.84118
1.84118
1.84118
1.84117
1.84117
1.84117
1.84117
1.84118
1.84118
1.84118
1.84117
1.84117
1.84117
1.84117
1.84116
1.84116
1.84117
1.84117
1.84117
1.84117
1.84116
1.84116
1.84116
1.84115
1.84115
1.84115
1.84115
1.84116
1.84116
1.84116
1.84115
1.84115
1.84114
1.84114
1.84114
1.84114
1.84114
1.84114
1.84115
1.84115
1.84114
1.84113
1.84113
1.84113
1.84113
1.84113
1.84113
1.84113
1.84113
1.84114
1.84113
1.84112
1.84112
1.84112
1.84112
1.84112
1.84112
1.84112
1.84112
1.84113
1.84111
1.84111
1.84111
1.84111
1.84111
1.84111
1.84111
1.84111
1.84111
1.84112
106.327
105.747
105.381
105.115
104.976
104.976
105.115
105.381
105.747
106.327
97.1638
96.3136
95.7519
95.3553
95.151
95.151
95.3553
95.7519
96.3136
97.1638
89.5428
88.5635
87.922
87.4758
87.2469
87.2469
87.4758
87.922
88.5635
89.5428
84.2797
83.2749
82.6253
82.1804
81.9524
81.9524
82.1804
82.6253
83.2749
84.2797
80.3416
79.3481
78.7095
78.2812
78.0619
78.0619
78.2812
78.7095
79.3481
80.3416
77.1701
76.2098
75.5921
75.1883
74.9821
74.9821
75.1883
75.5921
76.2098
77.1701
74.5755
73.6702
73.0841
72.7117
72.5224
72.5224
72.7117
73.0841
73.6702
74.5755
72.4486
71.6216
71.0794
70.7438
70.5739
70.5739
70.7438
71.0794
71.6216
72.4486
70.7018
69.9697
69.4848
69.1905
69.0418
69.0418
69.1905
69.4848
69.9697
70.7018
69.338
68.6275
68.21
67.9578
67.8302
67.8302
67.9578
68.21
68.6275
69.338
70.5639
70.7338
70.9176
71.0422
71.1066
71.1066
71.0422
70.9176
70.7338
70.5639
70.9146
71.0037
71.1237
71.2012
71.2408
71.2408
71.2012
71.1237
71.0036
70.9146
70.8143
70.804
70.8482
70.8718
70.8834
70.8834
70.8718
70.8482
70.804
70.8143
70.3455
70.2452
70.2209
70.1978
70.1854
70.1854
70.1978
70.2209
70.2452
70.3455
69.7098
69.537
69.4557
69.3961
69.3648
69.3647
69.3961
69.4557
69.537
69.7098
69.0127
68.7867
68.6604
68.5741
68.5293
68.5293
68.5741
68.6604
68.7867
69.0127
68.3074
68.0487
67.8908
67.788
67.7349
67.7349
67.788
67.8908
68.0487
68.3074
67.6233
67.3551
67.1813
67.0717
67.0153
67.0153
67.0717
67.1813
67.3551
67.6233
66.9874
66.7278
66.5525
66.4442
66.3882
66.3882
66.4442
66.5525
66.7278
66.9874
66.4797
66.1683
65.9987
65.8949
65.8408
65.8408
65.8949
65.9987
66.1683
66.4797
65.8342
65.8171
65.8152
65.81
65.8075
65.8075
65.81
65.8152
65.8171
65.8342
66.1758
66.1537
66.1488
66.1404
66.136
66.136
66.1404
66.1488
66.1537
66.1758
66.4406
66.398
66.3795
66.3603
66.35
66.35
66.3603
66.3795
66.398
66.4406
66.4341
66.3576
66.3161
66.2804
66.2615
66.2615
66.2804
66.3161
66.3576
66.4341
66.2444
66.1328
66.0666
66.0151
65.9879
65.9879
66.0151
66.0666
66.1328
66.2444
65.9616
65.8202
65.7318
65.6674
65.6335
65.6335
65.6674
65.7318
65.8201
65.9616
65.6325
65.4694
65.3634
65.29
65.2517
65.2517
65.29
65.3634
65.4694
65.6325
65.2827
65.1093
64.9927
64.9148
64.8743
64.8743
64.9148
64.9926
65.1093
65.2826
64.9374
64.7635
64.6427
64.5642
64.5234
64.5234
64.5642
64.6426
64.7635
64.9373
64.6505
64.4392
64.3174
64.2397
64.1994
64.1994
64.2397
64.3174
64.4392
64.6505
60.7903
60.8078
60.8302
60.8449
60.8527
60.8527
60.8449
60.8302
60.8078
60.7902
60.951
60.9703
60.9949
61.0107
61.0191
61.0191
61.0107
60.9949
60.9703
60.951
61.0749
61.0902
61.1127
61.1267
61.134
61.134
61.1267
61.1127
61.0902
61.0749
61.1159
61.1198
61.1344
61.1425
61.1467
61.1467
61.1425
61.1344
61.1198
61.1159
61.0935
61.0828
61.0863
61.0868
61.0869
61.0869
61.0868
61.0863
61.0828
61.0935
61.0288
61.0032
60.995
60.9878
60.9839
60.9839
60.9878
60.995
61.0032
61.0288
60.9345
60.896
60.877
60.8631
60.8557
60.8557
60.8631
60.877
60.896
60.9344
60.8194
60.7724
60.7451
60.7263
60.7163
60.7163
60.7263
60.7451
60.7724
60.8194
60.6964
60.6446
60.611
60.5886
60.5767
60.5767
60.5886
60.611
60.6446
60.6964
60.5961
60.5184
60.4777
60.4513
60.4373
60.4373
60.4513
60.4777
60.5183
60.5961
57.1491
57.1478
57.1481
57.1475
57.1472
57.1472
57.1475
57.1481
57.1478
57.1491
57.2185
57.2194
57.2218
57.2225
57.2229
57.2229
57.2225
57.2218
57.2194
57.2185
57.2864
57.2875
57.2904
57.2911
57.2915
57.2915
57.2911
57.2904
57.2875
57.2864
57.3264
57.3246
57.3256
57.3249
57.3244
57.3244
57.3249
57.3256
57.3246
57.3264
57.3403
57.3337
57.3312
57.3279
57.3261
57.3261
57.3279
57.3312
57.3337
57.3403
57.3339
57.3215
57.3148
57.3087
57.3053
57.3053
57.3087
57.3148
57.3215
57.3339
57.3116
57.2937
57.2827
57.2738
57.269
57.269
57.2738
57.2827
57.2937
57.3116
57.2772
57.2552
57.2405
57.2295
57.2236
57.2236
57.2295
57.2405
57.2552
57.2772
57.2373
57.2121
57.1941
57.1813
57.1744
57.1744
57.1813
57.1941
57.2121
57.2373
57.2045
57.1667
57.1448
57.1299
57.1221
57.1221
57.1299
57.1448
57.1667
57.2045
53.3643
53.3666
53.3696
53.3714
53.3724
53.3724
53.3714
53.3696
53.3666
53.3643
53.3907
53.3939
53.3978
53.4003
53.4016
53.4016
53.4003
53.3978
53.3939
53.3906
53.4153
53.4189
53.4233
53.4261
53.4276
53.4276
53.4261
53.4233
53.4189
53.4153
53.4311
53.434
53.438
53.4404
53.4416
53.4416
53.4404
53.438
53.434
53.4311
53.4381
53.4394
53.4422
53.4437
53.4444
53.4444
53.4437
53.4422
53.4394
53.4381
53.4376
53.4365
53.4376
53.4379
53.4381
53.4381
53.4379
53.4376
53.4365
53.4376
53.4303
53.4269
53.426
53.4251
53.4245
53.4245
53.4251
53.426
53.4269
53.4302
53.4173
53.4119
53.4093
53.4071
53.4059
53.4059
53.4071
53.4093
53.4119
53.4173
53.4013
53.3942
53.3897
53.3863
53.3845
53.3845
53.3863
53.3897
53.3942
53.4013
53.3885
53.3748
53.3676
53.3627
53.3601
53.3601
53.3627
53.3676
53.3748
53.3885
49.71
49.71
49.7101
49.71
49.71
49.71
49.71
49.7101
49.71
49.71
49.7207
49.7211
49.7217
49.7219
49.7221
49.7221
49.7219
49.7217
49.7211
49.7207
49.7324
49.7332
49.7341
49.7346
49.7348
49.7348
49.7346
49.7341
49.7332
49.7324
49.7417
49.7424
49.7434
49.7438
49.744
49.744
49.7438
49.7434
49.7424
49.7417
49.748
49.7484
49.749
49.7492
49.7493
49.7493
49.7492
49.749
49.7484
49.748
49.7516
49.7513
49.7515
49.7513
49.7511
49.7511
49.7513
49.7515
49.7513
49.7516
49.7527
49.7516
49.7511
49.7504
49.7501
49.7501
49.7504
49.7511
49.7516
49.7527
49.7515
49.7497
49.7485
49.7475
49.7469
49.7469
49.7475
49.7485
49.7497
49.7515
49.7492
49.7466
49.7447
49.7431
49.7422
49.7422
49.7431
49.7447
49.7466
49.7492
49.7479
49.7426
49.7395
49.7373
49.7361
49.7361
49.7373
49.7395
49.7426
49.7479
46.0187
46.0192
46.0197
46.02
46.0202
46.0202
46.02
46.0197
46.0192
46.0187
46.0228
46.0234
46.0241
46.0245
46.0247
46.0247
46.0245
46.0241
46.0234
46.0228
46.0269
46.0277
46.0285
46.0291
46.0294
46.0294
46.0291
46.0285
46.0277
46.0269
46.0303
46.031
46.0319
46.0325
46.0328
46.0328
46.0325
46.0319
46.031
46.0303
46.0326
46.0333
46.0341
46.0345
46.0348
46.0348
46.0345
46.0341
46.0333
46.0326
46.0339
46.0343
46.035
46.0353
46.0355
46.0355
46.0353
46.035
46.0343
46.0339
46.0342
46.0343
46.0347
46.0348
46.0349
46.0349
46.0348
46.0347
46.0343
46.0342
46.0335
46.0333
46.0334
46.0333
46.0333
46.0333
46.0333
46.0334
46.0333
46.0335
46.0322
46.0317
46.0314
46.0311
46.0309
46.0309
46.0311
46.0314
46.0317
46.0322
46.0315
46.0296
46.0286
46.028
46.0276
46.0276
46.028
46.0286
46.0296
46.0315
42.3445
42.3446
42.3446
42.3446
42.3446
42.3446
42.3446
42.3446
42.3446
42.3445
42.3462
42.3463
42.3464
42.3465
42.3465
42.3465
42.3465
42.3464
42.3463
42.3462
42.3482
42.3484
42.3486
42.3487
42.3487
42.3487
42.3487
42.3486
42.3484
42.3482
42.35
42.3503
42.3505
42.3506
42.3507
42.3507
42.3506
42.3505
42.3503
42.35
42.3516
42.3519
42.3521
42.3522
42.3523
42.3523
42.3522
42.3521
42.3519
42.3516
42.3529
42.3531
42.3533
42.3534
42.3535
42.3535
42.3534
42.3533
42.3531
42.3529
42.3538
42.354
42.3541
42.3542
42.3542
42.3542
42.3542
42.3541
42.354
42.3538
42.3545
42.3546
42.3546
42.3546
42.3546
42.3546
42.3546
42.3546
42.3546
42.3545
42.355
42.3549
42.3549
42.3548
42.3547
42.3547
42.3548
42.3549
42.3549
42.355
42.3557
42.3551
42.3548
42.3546
42.3544
42.3544
42.3546
42.3548
42.3551
42.3557
38.6616
38.6617
38.6618
38.6619
38.6619
38.6619
38.6619
38.6618
38.6617
38.6616
38.6622
38.6624
38.6625
38.6626
38.6626
38.6626
38.6626
38.6625
38.6624
38.6622
38.6629
38.6631
38.6632
38.6633
38.6634
38.6634
38.6633
38.6632
38.6631
38.6629
38.6636
38.6637
38.6639
38.664
38.6641
38.6641
38.664
38.6639
38.6637
38.6636
38.6641
38.6643
38.6645
38.6646
38.6647
38.6647
38.6646
38.6645
38.6643
38.6641
38.6646
38.6647
38.6649
38.665
38.6651
38.6651
38.665
38.6649
38.6647
38.6646
38.6649
38.665
38.6652
38.6653
38.6653
38.6653
38.6653
38.6652
38.665
38.6649
38.665
38.6652
38.6653
38.6653
38.6654
38.6654
38.6653
38.6653
38.6652
38.665
38.6651
38.6652
38.6652
38.6653
38.6653
38.6653
38.6653
38.6652
38.6652
38.6651
38.6653
38.6651
38.665
38.665
38.665
38.665
38.665
38.665
38.6651
38.6653
34.9814
34.9814
34.9814
34.9814
34.9814
34.9814
34.9814
34.9814
34.9814
34.9814
34.9816
34.9816
34.9816
34.9817
34.9817
34.9817
34.9817
34.9816
34.9816
34.9816
34.982
34.982
34.982
34.9821
34.9821
34.9821
34.9821
34.982
34.982
34.982
34.9823
34.9824
34.9824
34.9825
34.9825
34.9825
34.9825
34.9824
34.9824
34.9823
34.9827
34.9827
34.9828
34.9828
34.9829
34.9829
34.9828
34.9828
34.9827
34.9827
34.983
34.9831
34.9832
34.9832
34.9832
34.9832
34.9832
34.9832
34.9831
34.983
34.9833
34.9834
34.9835
34.9835
34.9835
34.9835
34.9835
34.9835
34.9834
34.9833
34.9836
34.9837
34.9837
34.9838
34.9838
34.9838
34.9838
34.9837
34.9837
34.9836
34.9839
34.9839
34.984
34.984
34.984
34.984
34.984
34.984
34.9839
34.9839
34.9842
34.9841
34.9841
34.9841
34.9841
34.9841
34.9841
34.9841
34.9841
34.9842
31.2991
31.2991
31.2991
31.2991
31.2991
31.2991
31.2991
31.2991
31.2991
31.2991
31.2992
31.2992
31.2992
31.2993
31.2993
31.2993
31.2993
31.2992
31.2992
31.2992
31.2993
31.2993
31.2994
31.2994
31.2994
31.2994
31.2994
31.2994
31.2993
31.2993
31.2994
31.2995
31.2995
31.2995
31.2995
31.2995
31.2995
31.2995
31.2995
31.2994
31.2995
31.2996
31.2996
31.2997
31.2997
31.2997
31.2997
31.2996
31.2996
31.2995
31.2997
31.2997
31.2997
31.2998
31.2998
31.2998
31.2998
31.2997
31.2997
31.2997
31.2998
31.2998
31.2999
31.2999
31.2999
31.2999
31.2999
31.2999
31.2998
31.2998
31.2998
31.2999
31.2999
31.3
31.3
31.3
31.3
31.2999
31.2999
31.2998
31.2999
31.3
31.3
31.3
31.3
31.3
31.3
31.3
31.3
31.2999
31.3
31.3
31.3
31.3
31.3
31.3
31.3
31.3
31.3
31.3
27.6173
27.6173
27.6173
27.6173
27.6173
27.6173
27.6173
27.6173
27.6173
27.6173
27.6173
27.6173
27.6173
27.6173
27.6173
27.6173
27.6173
27.6173
27.6173
27.6173
27.6173
27.6174
27.6174
27.6174
27.6174
27.6174
27.6174
27.6174
27.6174
27.6173
27.6174
27.6174
27.6174
27.6174
27.6175
27.6175
27.6174
27.6174
27.6174
27.6174
27.6175
27.6175
27.6175
27.6175
27.6175
27.6175
27.6175
27.6175
27.6175
27.6175
27.6176
27.6176
27.6176
27.6176
27.6176
27.6176
27.6176
27.6176
27.6176
27.6176
27.6177
27.6177
27.6177
27.6177
27.6177
27.6177
27.6177
27.6177
27.6177
27.6177
27.6177
27.6178
27.6178
27.6178
27.6178
27.6178
27.6178
27.6178
27.6178
27.6177
27.6178
27.6178
27.6179
27.6179
27.6179
27.6179
27.6179
27.6179
27.6178
27.6178
27.6179
27.6179
27.6179
27.6179
27.6179
27.6179
27.6179
27.6179
27.6179
27.6179
23.935
23.935
23.935
23.935
23.935
23.935
23.935
23.935
23.935
23.935
23.935
23.935
23.935
23.935
23.935
23.935
23.935
23.935
23.935
23.935
23.935
23.935
23.935
23.935
23.935
23.935
23.935
23.935
23.935
23.935
23.935
23.935
23.935
23.9351
23.9351
23.9351
23.9351
23.935
23.935
23.935
23.9351
23.9351
23.9351
23.9351
23.9351
23.9351
23.9351
23.9351
23.9351
23.9351
23.9351
23.9351
23.9351
23.9351
23.9351
23.9351
23.9351
23.9351
23.9351
23.9351
23.9351
23.9351
23.9351
23.9351
23.9351
23.9351
23.9351
23.9351
23.9351
23.9351
23.9351
23.9352
23.9352
23.9352
23.9352
23.9352
23.9352
23.9352
23.9352
23.9351
23.9352
23.9352
23.9352
23.9352
23.9352
23.9352
23.9352
23.9352
23.9352
23.9352
23.9352
23.9352
23.9352
23.9352
23.9352
23.9352
23.9352
23.9352
23.9352
23.9352
20.2528
20.2528
20.2528
20.2528
20.2528
20.2528
20.2528
20.2528
20.2528
20.2528
20.2528
20.2528
20.2528
20.2528
20.2528
20.2528
20.2528
20.2528
20.2528
20.2528
20.2528
20.2528
20.2528
20.2528
20.2528
20.2528
20.2528
20.2528
20.2528
20.2528
20.2528
20.2528
20.2528
20.2528
20.2528
20.2528
20.2528
20.2528
20.2528
20.2528
20.2528
20.2528
20.2528
20.2528
20.2528
20.2528
20.2528
20.2528
20.2528
20.2528
20.2528
20.2528
20.2528
20.2528
20.2528
20.2528
20.2528
20.2528
20.2528
20.2528
20.2528
20.2528
20.2528
20.2529
20.2529
20.2529
20.2529
20.2528
20.2528
20.2528
20.2529
20.2529
20.2529
20.2529
20.2529
20.2529
20.2529
20.2529
20.2529
20.2529
20.2529
20.2529
20.2529
20.2529
20.2529
20.2529
20.2529
20.2529
20.2529
20.2529
20.2529
20.2529
20.2529
20.2529
20.2529
20.2529
20.2529
20.2529
20.2529
20.2529
16.5705
16.5705
16.5705
16.5705
16.5705
16.5705
16.5705
16.5705
16.5705
16.5705
16.5705
16.5705
16.5705
16.5705
16.5705
16.5705
16.5705
16.5705
16.5705
16.5705
16.5705
16.5705
16.5705
16.5705
16.5705
16.5705
16.5705
16.5705
16.5705
16.5705
16.5705
16.5705
16.5705
16.5705
16.5705
16.5705
16.5705
16.5705
16.5705
16.5705
16.5705
16.5705
16.5705
16.5705
16.5705
16.5705
16.5705
16.5705
16.5705
16.5705
16.5705
16.5705
16.5705
16.5705
16.5705
16.5705
16.5705
16.5705
16.5705
16.5705
16.5705
16.5705
16.5705
16.5705
16.5705
16.5705
16.5705
16.5705
16.5705
16.5705
16.5705
16.5705
16.5705
16.5705
16.5705
16.5705
16.5705
16.5705
16.5705
16.5705
16.5705
16.5705
16.5705
16.5705
16.5705
16.5705
16.5705
16.5705
16.5705
16.5705
16.5705
16.5705
16.5705
16.5705
16.5705
16.5705
16.5705
16.5705
16.5705
16.5705
12.8882
12.8882
12.8882
12.8882
12.8882
12.8882
12.8882
12.8882
12.8882
12.8882
12.8882
12.8882
12.8882
12.8882
12.8882
12.8882
12.8882
12.8882
12.8882
12.8882
12.8882
12.8882
12.8882
12.8882
12.8882
12.8882
12.8882
12.8882
12.8882
12.8882
12.8882
12.8882
12.8882
12.8882
12.8882
12.8882
12.8882
12.8882
12.8882
12.8882
12.8882
12.8882
12.8882
12.8882
12.8882
12.8882
12.8882
12.8882
12.8882
12.8882
12.8882
12.8882
12.8882
12.8882
12.8882
12.8882
12.8882
12.8882
12.8882
12.8882
12.8882
12.8882
12.8882
12.8882
12.8882
12.8882
12.8882
12.8882
12.8882
12.8882
12.8882
12.8882
12.8882
12.8882
12.8882
12.8882
12.8882
12.8882
12.8882
12.8882
12.8882
12.8882
12.8882
12.8882
12.8882
12.8882
12.8882
12.8882
12.8882
12.8882
12.8882
12.8882
12.8882
12.8882
12.8882
12.8882
12.8882
12.8882
12.8882
12.8882
9.20585
9.20585
9.20585
9.20585
9.20585
9.20585
9.20585
9.20585
9.20585
9.20585
9.20585
9.20585
9.20585
9.20584
9.20584
9.20584
9.20584
9.20585
9.20585
9.20585
9.20584
9.20584
9.20584
9.20584
9.20584
9.20584
9.20584
9.20584
9.20584
9.20584
9.20584
9.20584
9.20584
9.20584
9.20584
9.20584
9.20584
9.20584
9.20584
9.20584
9.20583
9.20583
9.20583
9.20583
9.20583
9.20583
9.20583
9.20583
9.20583
9.20583
9.20583
9.20583
9.20583
9.20583
9.20583
9.20583
9.20583
9.20583
9.20583
9.20583
9.20583
9.20583
9.20583
9.20583
9.20583
9.20583
9.20583
9.20583
9.20583
9.20583
9.20583
9.20583
9.20583
9.20583
9.20583
9.20583
9.20583
9.20583
9.20583
9.20583
9.20582
9.20582
9.20582
9.20582
9.20582
9.20582
9.20582
9.20582
9.20582
9.20582
9.20582
9.20582
9.20582
9.20582
9.20582
9.20582
9.20582
9.20582
9.20582
9.20582
5.52353
5.52353
5.52353
5.52353
5.52353
5.52353
5.52353
5.52353
5.52353
5.52353
5.52351
5.52351
5.52351
5.52351
5.52351
5.52351
5.52351
5.52351
5.52351
5.52351
5.52351
5.5235
5.5235
5.5235
5.5235
5.5235
5.5235
5.5235
5.52351
5.52351
5.5235
5.5235
5.5235
5.5235
5.5235
5.5235
5.5235
5.5235
5.5235
5.5235
5.5235
5.5235
5.5235
5.5235
5.5235
5.5235
5.5235
5.5235
5.5235
5.5235
5.5235
5.5235
5.5235
5.5235
5.5235
5.5235
5.5235
5.5235
5.5235
5.5235
5.5235
5.5235
5.5235
5.5235
5.5235
5.5235
5.5235
5.5235
5.5235
5.5235
5.5235
5.5235
5.5235
5.5235
5.5235
5.5235
5.5235
5.5235
5.5235
5.5235
5.5235
5.5235
5.5235
5.5235
5.5235
5.5235
5.5235
5.5235
5.5235
5.5235
5.52349
5.5235
5.5235
5.5235
5.5235
5.5235
5.5235
5.5235
5.5235
5.5235
1.84121
1.84121
1.8412
1.8412
1.8412
1.8412
1.8412
1.8412
1.84121
1.84121
1.84119
1.84119
1.84119
1.84119
1.84119
1.84119
1.84119
1.84119
1.84119
1.84119
1.84119
1.84118
1.84118
1.84118
1.84118
1.84118
1.84118
1.84118
1.84118
1.84119
1.84118
1.84118
1.84118
1.84117
1.84117
1.84117
1.84117
1.84118
1.84118
1.84118
1.84117
1.84117
1.84117
1.84117
1.84116
1.84117
1.84117
1.84117
1.84117
1.84117
1.84116
1.84116
1.84116
1.84115
1.84115
1.84115
1.84115
1.84116
1.84116
1.84116
1.84115
1.84115
1.84114
1.84114
1.84114
1.84114
1.84114
1.84114
1.84115
1.84115
1.84114
1.84113
1.84113
1.84113
1.84113
1.84113
1.84113
1.84113
1.84113
1.84114
1.84113
1.84112
1.84112
1.84112
1.84112
1.84112
1.84112
1.84112
1.84112
1.84113
1.84111
1.84111
1.84111
1.84111
1.84111
1.84111
1.84111
1.84111
1.84111
1.84112
68.4269
67.7754
67.3657
67.1071
66.9792
66.9792
67.1071
67.3657
67.7754
68.427
67.7754
67.2217
66.8111
66.5395
66.4052
66.4052
66.5395
66.8111
67.2217
67.7754
67.3657
66.8111
66.3867
66.106
65.9678
65.9678
66.106
66.3867
66.8111
67.3657
67.1071
66.5395
66.106
65.8212
65.6814
65.6814
65.8212
66.106
66.5395
67.1071
66.9792
66.4052
65.9678
65.6814
65.541
65.541
65.6814
65.9679
66.4052
66.9792
66.9792
66.4052
65.9678
65.6814
65.541
65.541
65.6815
65.9679
66.4052
66.9792
67.1071
66.5395
66.106
65.8212
65.6814
65.6815
65.8212
66.106
66.5395
67.1071
67.3657
66.8111
66.3867
66.106
65.9679
65.9679
66.106
66.3867
66.8111
67.3658
67.7754
67.2217
66.8111
66.5395
66.4052
66.4052
66.5395
66.8111
67.2217
67.7754
68.427
67.7754
67.3657
67.1071
66.9792
66.9792
67.1071
67.3658
67.7754
68.427
66.0436
65.7679
65.6013
65.4927
65.4377
65.4377
65.4928
65.6013
65.7679
66.0436
65.7679
65.5387
65.3554
65.2299
65.1671
65.1671
65.2299
65.3554
65.5387
65.7679
65.6013
65.3554
65.1527
65.0152
64.9471
64.9471
65.0152
65.1527
65.3554
65.6013
65.4927
65.2299
65.0152
64.8711
64.7999
64.7999
64.8711
65.0152
65.2299
65.4928
65.4377
65.1671
64.9471
64.7999
64.7272
64.7272
64.7999
64.9471
65.1671
65.4377
65.4377
65.1671
64.9471
64.7999
64.7272
64.7272
64.7999
64.9471
65.1671
65.4377
65.4928
65.2299
65.0152
64.8711
64.7999
64.7999
64.8711
65.0152
65.23
65.4928
65.6013
65.3554
65.1527
65.0152
64.9471
64.9471
65.0152
65.1527
65.3554
65.6013
65.7679
65.5387
65.3554
65.2299
65.1671
65.1671
65.23
65.3554
65.5387
65.7679
66.0436
65.7679
65.6013
65.4928
65.4377
65.4377
65.4928
65.6013
65.768
66.0437
64.3269
64.1616
64.0562
63.9844
63.9476
63.9476
63.9844
64.0562
64.1616
64.3269
64.1616
64.0173
63.8962
63.811
63.7679
63.7679
63.811
63.8962
64.0173
64.1617
64.0562
63.8962
63.7588
63.6641
63.6167
63.6167
63.6641
63.7588
63.8962
64.0562
63.9844
63.811
63.6641
63.564
63.5142
63.5142
63.564
63.6641
63.811
63.9845
63.9476
63.7679
63.6167
63.5142
63.4632
63.4632
63.5142
63.6167
63.768
63.9476
63.9476
63.7679
63.6167
63.5142
63.4632
63.4632
63.5142
63.6167
63.768
63.9476
63.9844
63.811
63.6641
63.564
63.5142
63.5142
63.564
63.6641
63.811
63.9845
64.0562
63.8962
63.7588
63.6641
63.6167
63.6167
63.6641
63.7589
63.8962
64.0562
64.1616
64.0173
63.8962
63.811
63.768
63.768
63.811
63.8962
64.0173
64.1617
64.3269
64.1617
64.0562
63.9845
63.9476
63.9476
63.9845
64.0562
64.1617
64.3269
60.4444
60.3926
60.3603
60.337
60.3248
60.3248
60.337
60.3604
60.3926
60.4444
60.3926
60.3444
60.2999
60.2674
60.2509
60.2509
60.2674
60.2999
60.3444
60.3926
60.3603
60.2999
60.2453
60.2069
60.1876
60.1876
60.2069
60.2453
60.2999
60.3604
60.337
60.2674
60.2069
60.1652
60.1443
60.1443
60.1652
60.2069
60.2674
60.337
60.3248
60.2509
60.1876
60.1443
60.1227
60.1227
60.1443
60.1876
60.2509
60.3248
60.3248
60.2509
60.1876
60.1443
60.1227
60.1227
60.1443
60.1876
60.2509
60.3248
60.337
60.2674
60.2069
60.1652
60.1443
60.1443
60.1652
60.2069
60.2674
60.337
60.3604
60.2999
60.2453
60.2069
60.1876
60.1876
60.2069
60.2453
60.2999
60.3604
60.3926
60.3444
60.2999
60.2674
60.2509
60.2509
60.2674
60.2999
60.3444
60.3926
60.4444
60.3926
60.3604
60.337
60.3248
60.3248
60.337
60.3604
60.3926
60.4444
57.1286
57.1078
57.0937
57.0828
57.077
57.077
57.0828
57.0937
57.1078
57.1286
57.1078
57.0877
57.0676
57.0523
57.0444
57.0444
57.0523
57.0676
57.0877
57.1078
57.0937
57.0676
57.0422
57.0239
57.0147
57.0147
57.0239
57.0422
57.0676
57.0937
57.0828
57.0523
57.0239
57.004
56.9939
56.9939
57.004
57.0239
57.0523
57.0828
57.077
57.0444
57.0147
56.9939
56.9834
56.9834
56.9939
57.0147
57.0444
57.077
57.077
57.0444
57.0147
56.9939
56.9834
56.9834
56.9939
57.0147
57.0444
57.077
57.0828
57.0523
57.0239
57.004
56.9939
56.9939
57.004
57.0239
57.0523
57.0828
57.0937
57.0676
57.0422
57.0239
57.0147
57.0147
57.0239
57.0422
57.0676
57.0937
57.1078
57.0877
57.0676
57.0523
57.0444
57.0444
57.0523
57.0676
57.0877
57.1078
57.1286
57.1078
57.0937
57.0828
57.077
57.077
57.0828
57.0937
57.1078
57.1286
53.3535
53.3476
53.3436
53.3403
53.3385
53.3385
53.3403
53.3436
53.3476
53.3535
53.3476
53.3409
53.3334
53.3277
53.3247
53.3247
53.3277
53.3335
53.3409
53.3476
53.3436
53.3334
53.3234
53.3161
53.3124
53.3124
53.3161
53.3234
53.3335
53.3436
53.3403
53.3277
53.3161
53.3079
53.3038
53.3038
53.3079
53.3161
53.3277
53.3403
53.3385
53.3247
53.3124
53.3038
53.2994
53.2994
53.3038
53.3124
53.3247
53.3385
53.3385
53.3247
53.3124
53.3038
53.2994
53.2994
53.3038
53.3124
53.3247
53.3385
53.3403
53.3277
53.3161
53.3079
53.3038
53.3038
53.3079
53.3161
53.3277
53.3403
53.3436
53.3335
53.3234
53.3161
53.3124
53.3124
53.3161
53.3234
53.3335
53.3436
53.3476
53.3409
53.3335
53.3277
53.3247
53.3247
53.3277
53.3335
53.3409
53.3476
53.3535
53.3476
53.3436
53.3403
53.3385
53.3385
53.3403
53.3436
53.3476
53.3535
49.734
49.7327
49.7317
49.7307
49.7301
49.7301
49.7307
49.7317
49.7327
49.734
49.7327
49.7312
49.7288
49.7268
49.7258
49.7258
49.7268
49.7288
49.7312
49.7327
49.7317
49.7288
49.7254
49.7228
49.7215
49.7215
49.7228
49.7254
49.7288
49.7317
49.7307
49.7268
49.7228
49.7199
49.7184
49.7184
49.7199
49.7228
49.7268
49.7307
49.7301
49.7258
49.7215
49.7184
49.7168
49.7168
49.7184
49.7215
49.7258
49.7301
49.7301
49.7258
49.7215
49.7184
49.7168
49.7168
49.7184
49.7215
49.7258
49.7301
49.7307
49.7268
49.7228
49.7199
49.7184
49.7184
49.7199
49.7228
49.7269
49.7307
49.7317
49.7288
49.7254
49.7228
49.7215
49.7215
49.7228
49.7254
49.7288
49.7317
49.7327
49.7312
49.7288
49.7268
49.7258
49.7258
49.7269
49.7288
49.7312
49.7327
49.734
49.7327
49.7317
49.7307
49.7301
49.7301
49.7307
49.7317
49.7327
49.734
46.0252
46.025
46.0248
46.0245
46.0244
46.0244
46.0245
46.0248
46.025
46.0252
46.025
46.0245
46.0236
46.0229
46.0225
46.0225
46.0229
46.0236
46.0245
46.025
46.0248
46.0236
46.0222
46.0212
46.0207
46.0207
46.0212
46.0222
46.0236
46.0248
46.0245
46.0229
46.0212
46.02
46.0194
46.0194
46.02
46.0212
46.0229
46.0245
46.0244
46.0225
46.0207
46.0194
46.0187
46.0187
46.0194
46.0207
46.0225
46.0244
46.0244
46.0225
46.0207
46.0194
46.0187
46.0187
46.0194
46.0207
46.0225
46.0244
46.0245
46.0229
46.0212
46.02
46.0194
46.0194
46.02
46.0212
46.0229
46.0245
46.0248
46.0236
46.0222
46.0212
46.0207
46.0207
46.0212
46.0222
46.0236
46.0248
46.025
46.0245
46.0236
46.0229
46.0225
46.0225
46.0229
46.0236
46.0245
46.025
46.0252
46.025
46.0248
46.0245
46.0244
46.0244
46.0245
46.0248
46.025
46.0252
42.3536
42.3538
42.354
42.354
42.354
42.354
42.354
42.354
42.3538
42.3536
42.3538
42.354
42.3539
42.3538
42.3537
42.3537
42.3538
42.3539
42.354
42.3538
42.354
42.3539
42.3537
42.3534
42.3533
42.3533
42.3534
42.3537
42.3539
42.354
42.354
42.3538
42.3534
42.3532
42.353
42.353
42.3532
42.3534
42.3538
42.354
42.354
42.3537
42.3533
42.353
42.3529
42.3529
42.353
42.3533
42.3537
42.354
42.354
42.3537
42.3533
42.353
42.3529
42.3529
42.353
42.3533
42.3537
42.354
42.354
42.3538
42.3534
42.3532
42.353
42.353
42.3532
42.3534
42.3538
42.354
42.354
42.3539
42.3537
42.3534
42.3533
42.3533
42.3534
42.3537
42.3539
42.354
42.3538
42.354
42.3539
42.3538
42.3537
42.3537
42.3538
42.3539
42.354
42.3538
42.3536
42.3538
42.354
42.354
42.354
42.354
42.354
42.354
42.3538
42.3536
38.6643
38.6645
38.6646
38.6646
38.6646
38.6646
38.6646
38.6646
38.6645
38.6643
38.6645
38.6646
38.6645
38.6645
38.6645
38.6645
38.6645
38.6645
38.6646
38.6645
38.6646
38.6645
38.6644
38.6643
38.6643
38.6643
38.6643
38.6644
38.6645
38.6646
38.6646
38.6645
38.6643
38.6642
38.6641
38.6641
38.6642
38.6643
38.6645
38.6646
38.6646
38.6645
38.6643
38.6641
38.6641
38.6641
38.6641
38.6643
38.6645
38.6646
38.6646
38.6645
38.6643
38.6641
38.6641
38.6641
38.6641
38.6643
38.6645
38.6646
38.6646
38.6645
38.6643
38.6642
38.6641
38.6641
38.6642
38.6643
38.6645
38.6646
38.6646
38.6645
38.6644
38.6643
38.6643
38.6643
38.6643
38.6644
38.6645
38.6646
38.6645
38.6646
38.6645
38.6645
38.6645
38.6645
38.6645
38.6645
38.6646
38.6645
38.6643
38.6645
38.6646
38.6646
38.6646
38.6646
38.6646
38.6646
38.6645
38.6643
34.9839
34.984
34.9841
34.9842
34.9842
34.9842
34.9842
34.9841
34.984
34.9839
34.984
34.9842
34.9842
34.9843
34.9843
34.9843
34.9843
34.9842
34.9842
34.984
34.9841
34.9842
34.9843
34.9843
34.9843
34.9843
34.9843
34.9843
34.9842
34.9841
34.9842
34.9843
34.9843
34.9843
34.9843
34.9843
34.9843
34.9843
34.9843
34.9842
34.9842
34.9843
34.9843
34.9843
34.9843
34.9843
34.9843
34.9843
34.9843
34.9842
34.9842
34.9843
34.9843
34.9843
34.9843
34.9843
34.9843
34.9843
34.9843
34.9842
34.9842
34.9843
34.9843
34.9843
34.9843
34.9843
34.9843
34.9843
34.9843
34.9842
34.9841
34.9842
34.9843
34.9843
34.9843
34.9843
34.9843
34.9843
34.9842
34.9841
34.984
34.9842
34.9842
34.9843
34.9843
34.9843
34.9843
34.9842
34.9842
34.984
34.9839
34.984
34.9841
34.9842
34.9842
34.9842
34.9842
34.9841
34.984
34.9839
31.2999
31.2999
31.3
31.3
31.3
31.3
31.3
31.3
31.2999
31.2999
31.2999
31.3
31.3
31.3
31.3
31.3
31.3
31.3
31.3
31.2999
31.3
31.3
31.3
31.3
31.3
31.3
31.3
31.3
31.3
31.3
31.3
31.3
31.3
31.3
31.3
31.3
31.3
31.3
31.3
31.3
31.3
31.3
31.3
31.3
31.3
31.3
31.3
31.3
31.3
31.3
31.3
31.3
31.3
31.3
31.3
31.3
31.3
31.3
31.3
31.3
31.3
31.3
31.3
31.3
31.3
31.3
31.3
31.3
31.3
31.3
31.3
31.3
31.3
31.3
31.3
31.3
31.3
31.3
31.3
31.3
31.2999
31.3
31.3
31.3
31.3
31.3
31.3
31.3
31.3
31.2999
31.2999
31.2999
31.3
31.3
31.3
31.3
31.3
31.3
31.2999
31.2999
27.6179
27.6179
27.618
27.618
27.618
27.618
27.618
27.618
27.6179
27.6179
27.6179
27.618
27.618
27.618
27.618
27.618
27.618
27.618
27.618
27.6179
27.618
27.618
27.618
27.618
27.618
27.618
27.618
27.618
27.618
27.618
27.618
27.618
27.618
27.6181
27.6181
27.6181
27.6181
27.618
27.618
27.618
27.618
27.618
27.618
27.6181
27.6181
27.6181
27.6181
27.618
27.618
27.618
27.618
27.618
27.618
27.6181
27.6181
27.6181
27.6181
27.618
27.618
27.618
27.618
27.618
27.618
27.6181
27.6181
27.6181
27.6181
27.618
27.618
27.618
27.618
27.618
27.618
27.618
27.618
27.618
27.618
27.618
27.618
27.618
27.6179
27.618
27.618
27.618
27.618
27.618
27.618
27.618
27.618
27.6179
27.6179
27.6179
27.618
27.618
27.618
27.618
27.618
27.618
27.6179
27.6179
23.9352
23.9352
23.9352
23.9352
23.9352
23.9352
23.9352
23.9352
23.9352
23.9352
23.9352
23.9352
23.9352
23.9352
23.9352
23.9352
23.9352
23.9352
23.9352
23.9352
23.9352
23.9352
23.9352
23.9352
23.9352
23.9352
23.9352
23.9352
23.9352
23.9352
23.9352
23.9352
23.9352
23.9352
23.9352
23.9352
23.9352
23.9352
23.9352
23.9352
23.9352
23.9352
23.9352
23.9352
23.9353
23.9353
23.9352
23.9352
23.9352
23.9352
23.9352
23.9352
23.9352
23.9352
23.9353
23.9353
23.9352
23.9352
23.9352
23.9352
23.9352
23.9352
23.9352
23.9352
23.9352
23.9352
23.9352
23.9352
23.9352
23.9352
23.9352
23.9352
23.9352
23.9352
23.9352
23.9352
23.9352
23.9352
23.9352
23.9352
23.9352
23.9352
23.9352
23.9352
23.9352
23.9352
23.9352
23.9352
23.9352
23.9352
23.9352
23.9352
23.9352
23.9352
23.9352
23.9352
23.9352
23.9352
23.9352
23.9352
20.2529
20.2529
20.2529
20.2529
20.2529
20.2529
20.2529
20.2529
20.2529
20.2529
20.2529
20.2529
20.2529
20.2529
20.2529
20.2529
20.2529
20.2529
20.2529
20.2529
20.2529
20.2529
20.2529
20.2529
20.2529
20.2529
20.2529
20.2529
20.2529
20.2529
20.2529
20.2529
20.2529
20.253
20.253
20.253
20.253
20.2529
20.2529
20.2529
20.2529
20.2529
20.2529
20.253
20.253
20.253
20.253
20.2529
20.2529
20.2529
20.2529
20.2529
20.2529
20.253
20.253
20.253
20.253
20.2529
20.2529
20.2529
20.2529
20.2529
20.2529
20.253
20.253
20.253
20.253
20.2529
20.2529
20.2529
20.2529
20.2529
20.2529
20.2529
20.2529
20.2529
20.2529
20.2529
20.2529
20.2529
20.2529
20.2529
20.2529
20.2529
20.2529
20.2529
20.2529
20.2529
20.2529
20.2529
20.2529
20.2529
20.2529
20.2529
20.2529
20.2529
20.2529
20.2529
20.2529
20.2529
16.5705
16.5705
16.5705
16.5705
16.5705
16.5705
16.5705
16.5705
16.5705
16.5705
16.5705
16.5705
16.5705
16.5705
16.5705
16.5705
16.5705
16.5705
16.5705
16.5705
16.5705
16.5705
16.5705
16.5705
16.5705
16.5705
16.5705
16.5705
16.5705
16.5705
16.5705
16.5705
16.5705
16.5705
16.5705
16.5705
16.5705
16.5705
16.5705
16.5705
16.5705
16.5705
16.5705
16.5705
16.5705
16.5705
16.5705
16.5705
16.5705
16.5705
16.5705
16.5705
16.5705
16.5705
16.5705
16.5705
16.5705
16.5705
16.5705
16.5705
16.5705
16.5705
16.5705
16.5705
16.5705
16.5705
16.5705
16.5705
16.5705
16.5705
16.5705
16.5705
16.5705
16.5705
16.5705
16.5705
16.5705
16.5705
16.5705
16.5705
16.5705
16.5705
16.5705
16.5705
16.5705
16.5705
16.5705
16.5705
16.5705
16.5705
16.5705
16.5705
16.5705
16.5705
16.5705
16.5705
16.5705
16.5705
16.5705
16.5705
12.8882
12.8882
12.8882
12.8882
12.8882
12.8882
12.8882
12.8882
12.8882
12.8882
12.8882
12.8882
12.8882
12.8882
12.8882
12.8882
12.8882
12.8882
12.8882
12.8882
12.8882
12.8882
12.8882
12.8882
12.8882
12.8882
12.8882
12.8882
12.8882
12.8882
12.8882
12.8882
12.8882
12.8882
12.8882
12.8882
12.8882
12.8882
12.8882
12.8882
12.8882
12.8882
12.8882
12.8882
12.8882
12.8882
12.8882
12.8882
12.8882
12.8882
12.8882
12.8882
12.8882
12.8882
12.8882
12.8882
12.8882
12.8882
12.8882
12.8882
12.8882
12.8882
12.8882
12.8882
12.8882
12.8882
12.8882
12.8882
12.8882
12.8882
12.8882
12.8882
12.8882
12.8882
12.8882
12.8882
12.8882
12.8882
12.8882
12.8882
12.8882
12.8882
12.8882
12.8882
12.8882
12.8882
12.8882
12.8882
12.8882
12.8882
12.8882
12.8882
12.8882
12.8882
12.8882
12.8882
12.8882
12.8882
12.8882
12.8882
9.20582
9.20582
9.20582
9.20582
9.20582
9.20582
9.20582
9.20582
9.20582
9.20582
9.20582
9.20582
9.20582
9.20582
9.20582
9.20582
9.20582
9.20582
9.20582
9.20582
9.20582
9.20582
9.20582
9.20582
9.20582
9.20582
9.20582
9.20582
9.20582
9.20582
9.20582
9.20582
9.20582
9.20582
9.20582
9.20582
9.20582
9.20582
9.20582
9.20582
9.20582
9.20582
9.20582
9.20582
9.20582
9.20582
9.20582
9.20582
9.20582
9.20582
9.20582
9.20582
9.20582
9.20582
9.20582
9.20582
9.20582
9.20582
9.20582
9.20582
9.20582
9.20582
9.20582
9.20582
9.20582
9.20582
9.20582
9.20582
9.20582
9.20582
9.20582
9.20582
9.20582
9.20582
9.20582
9.20582
9.20582
9.20582
9.20582
9.20582
9.20582
9.20582
9.20582
9.20582
9.20582
9.20582
9.20582
9.20582
9.20582
9.20582
9.20582
9.20582
9.20582
9.20582
9.20582
9.20582
9.20582
9.20582
9.20582
9.20582
5.52349
5.5235
5.5235
5.5235
5.5235
5.5235
5.5235
5.52349
5.52349
5.52349
5.5235
5.5235
5.5235
5.52349
5.52349
5.52349
5.52349
5.52349
5.52349
5.52349
5.5235
5.5235
5.52349
5.52349
5.52349
5.52349
5.52349
5.52349
5.52349
5.52349
5.5235
5.52349
5.52349
5.52349
5.52349
5.52349
5.52349
5.52349
5.52349
5.52349
5.5235
5.52349
5.52349
5.52349
5.52349
5.52349
5.52349
5.52349
5.52349
5.52349
5.5235
5.52349
5.52349
5.52349
5.52349
5.52349
5.52349
5.52349
5.52349
5.52349
5.5235
5.52349
5.52349
5.52349
5.52349
5.52349
5.52349
5.52349
5.52349
5.52349
5.52349
5.52349
5.52349
5.52349
5.52349
5.52349
5.52349
5.52349
5.52349
5.52349
5.52349
5.52349
5.52349
5.52349
5.52349
5.52349
5.52349
5.52349
5.52349
5.52349
5.52349
5.52349
5.52349
5.52349
5.52349
5.52349
5.52349
5.52349
5.52349
5.52349
1.84111
1.84111
1.8411
1.8411
1.8411
1.8411
1.8411
1.8411
1.84111
1.84111
1.84111
1.8411
1.8411
1.8411
1.8411
1.8411
1.8411
1.8411
1.8411
1.84111
1.8411
1.8411
1.8411
1.8411
1.84109
1.84109
1.8411
1.8411
1.8411
1.8411
1.8411
1.8411
1.8411
1.84109
1.84109
1.84109
1.84109
1.84109
1.8411
1.8411
1.8411
1.8411
1.84109
1.84109
1.84109
1.84109
1.84109
1.84109
1.8411
1.8411
1.8411
1.8411
1.84109
1.84109
1.84109
1.84109
1.84109
1.84109
1.8411
1.8411
1.8411
1.8411
1.8411
1.84109
1.84109
1.84109
1.84109
1.84109
1.8411
1.8411
1.8411
1.8411
1.8411
1.84109
1.84109
1.84109
1.84109
1.8411
1.8411
1.8411
1.84111
1.8411
1.8411
1.8411
1.8411
1.8411
1.8411
1.8411
1.8411
1.8411
1.84111
1.84111
1.8411
1.8411
1.8411
1.8411
1.8411
1.8411
1.8411
1.84111
)
;

boundaryField
{
    fixedWalls
    {
        type            zeroGradient;
    }
    inlet
    {
        type            fixedGradient;
        gradient        uniform 0;
    }
    outlet
    {
        type            fixedValue;
        value           uniform 0;
    }
}


// ************************************************************************* //
