/*--------------------------------*- C++ -*----------------------------------*\
| =========                 |                                                 |
| \\      /  F ield         | OpenFOAM: The Open Source CFD Toolbox           |
|  \\    /   O peration     | Version:  2106                                  |
|   \\  /    A nd           | Website:  www.openfoam.com                      |
|    \\/     M anipulation  |                                                 |
\*---------------------------------------------------------------------------*/
FoamFile
{
    version     2.0;
    format      ascii;
    arch        "LSB;label=32;scalar=64";
    class       volScalarField;
    location    "0.73";
    object      p;
}
// * * * * * * * * * * * * * * * * * * * * * * * * * * * * * * * * * * * * * //

dimensions      [0 2 -2 0 0 0 0];

internalField   nonuniform List<scalar> 
10000
(
99.1666
98.5814
98.2139
97.9453
97.806
97.806
97.9453
98.2139
98.5814
99.1666
89.9802
89.1258
88.5631
88.1652
87.9603
87.9603
88.1652
88.5631
89.1258
89.9802
82.3533
81.3701
80.7284
80.2814
80.052
80.052
80.2814
80.7284
81.3701
82.3533
77.0873
76.0773
75.4265
74.9799
74.751
74.751
74.9799
75.4265
76.0773
77.0873
73.136
72.1333
71.4905
71.058
70.8365
70.8365
71.058
71.4905
72.1333
73.136
69.9357
68.9603
68.3335
67.9221
67.7119
67.7119
67.9221
68.3335
68.9603
69.9357
67.2963
66.3691
65.768
65.384
65.1885
65.1885
65.384
65.768
66.3691
67.2963
65.1106
64.2552
63.6921
63.341
63.1629
63.1629
63.341
63.6921
64.2552
65.1106
63.298
62.5307
62.0184
61.7049
61.5462
61.5462
61.7049
62.0184
62.5307
63.298
61.8789
61.1118
60.6588
60.3832
60.2436
60.2436
60.3833
60.6588
61.1118
61.8789
62.9855
63.1593
63.3485
63.476
63.542
63.542
63.476
63.3485
63.1593
62.9855
63.4109
63.5062
63.6337
63.7154
63.7573
63.7573
63.7154
63.6337
63.5062
63.4109
63.3877
63.3849
63.4379
63.4664
63.4806
63.4806
63.4664
63.4379
63.3849
63.3877
62.975
62.8815
62.866
62.8475
62.8374
62.8374
62.8475
62.866
62.8815
62.975
62.3766
62.2086
62.1349
62.0786
62.049
62.049
62.0786
62.1349
62.2086
62.3766
61.7022
61.4781
61.3573
61.2728
61.2287
61.2287
61.2728
61.3573
61.4781
61.7022
61.0071
60.7472
60.5924
60.4895
60.4362
60.4362
60.4895
60.5924
60.7472
61.0071
60.323
60.0513
59.8779
59.7665
59.7089
59.7089
59.7665
59.8779
60.0513
60.323
59.6858
59.4184
59.2385
59.1256
59.067
59.067
59.1256
59.2385
59.4184
59.6858
59.1993
58.8495
58.6648
58.5512
58.4921
58.4921
58.5512
58.6648
58.8496
59.1994
58.3507
58.3363
58.338
58.3345
58.333
58.333
58.3345
58.338
58.3363
58.3507
58.7643
58.7476
58.7487
58.7436
58.7409
58.7409
58.7436
58.7487
58.7476
58.7643
59.1067
59.0714
59.061
59.0461
59.0381
59.0381
59.0461
59.061
59.0714
59.1067
59.1603
59.0915
59.0589
59.028
59.0114
59.0114
59.028
59.0589
59.0915
59.1603
59.0156
58.9115
58.8544
58.8073
58.7824
58.7824
58.8073
58.8544
58.9115
59.0156
58.7677
58.6329
58.5533
58.4928
58.461
58.461
58.4928
58.5533
58.6329
58.7677
58.4651
58.3078
58.2101
58.1401
58.1035
58.1035
58.1401
58.2101
58.3078
58.4651
58.1348
57.9673
57.8581
57.7832
57.7441
57.7441
57.7832
57.8581
57.9673
58.1348
57.8099
57.6398
57.5233
57.4461
57.4057
57.4057
57.4461
57.5233
57.6398
57.8099
57.5658
57.3313
57.2043
57.1233
57.0812
57.0812
57.1233
57.2043
57.3313
57.5658
53.6141
53.634
53.6591
53.6752
53.6837
53.6837
53.6752
53.6591
53.634
53.6141
53.8256
53.8493
53.8785
53.8969
53.9067
53.9067
53.8969
53.8785
53.8493
53.8256
54.0052
54.0266
54.0555
54.0731
54.0824
54.0824
54.0731
54.0555
54.0266
54.0052
54.0918
54.1028
54.1248
54.137
54.1433
54.1433
54.137
54.1248
54.1028
54.0918
54.1064
54.1029
54.1145
54.1192
54.1215
54.1215
54.1192
54.1145
54.1029
54.1064
54.0725
54.0542
54.0543
54.0512
54.0494
54.0494
54.0512
54.0543
54.0542
54.0725
54.004
53.9728
53.9621
53.9523
53.947
53.947
53.9523
53.9621
53.9728
54.004
53.9105
53.8713
53.8522
53.8374
53.8293
53.8293
53.8374
53.8522
53.8713
53.9105
53.8103
53.7652
53.738
53.7185
53.7079
53.7079
53.7185
53.738
53.7652
53.8103
53.7486
53.6596
53.6184
53.5914
53.5772
53.5772
53.5914
53.6184
53.6596
53.7486
50.3812
50.3813
50.3833
50.3834
50.3835
50.3835
50.3834
50.3833
50.3813
50.3812
50.4802
50.484
50.4892
50.4915
50.4926
50.4926
50.4915
50.4892
50.484
50.4802
50.5814
50.5866
50.5935
50.5965
50.5981
50.5981
50.5965
50.5935
50.5866
50.5814
50.6501
50.6533
50.6592
50.6611
50.662
50.662
50.6611
50.6592
50.6533
50.6501
50.6886
50.6874
50.6904
50.6901
50.6897
50.6897
50.6901
50.6904
50.6874
50.6887
50.7038
50.6972
50.6964
50.6933
50.6915
50.6915
50.6933
50.6964
50.6972
50.7038
50.7005
50.6887
50.6838
50.6782
50.675
50.675
50.6782
50.6838
50.6887
50.7005
50.6829
50.6675
50.6592
50.6514
50.6471
50.6471
50.6514
50.6592
50.6675
50.6829
50.6606
50.6417
50.6291
50.619
50.6134
50.6134
50.619
50.6291
50.6417
50.6606
50.6551
50.6132
50.5924
50.578
50.5704
50.5704
50.578
50.5924
50.6132
50.6551
47.0501
47.0531
47.0569
47.0591
47.0602
47.0602
47.0591
47.0569
47.0531
47.0501
47.0913
47.0962
47.1015
47.1048
47.1065
47.1065
47.1048
47.1015
47.0962
47.0913
47.1333
47.1393
47.1459
47.15
47.1521
47.1521
47.15
47.1459
47.1393
47.1333
47.165
47.1708
47.1776
47.1816
47.1837
47.1837
47.1816
47.1776
47.1708
47.165
47.1865
47.1911
47.1972
47.2005
47.2023
47.2023
47.2005
47.1972
47.1911
47.1865
47.1992
47.202
47.2067
47.209
47.2101
47.2101
47.209
47.2067
47.202
47.1993
47.2041
47.2048
47.2079
47.2091
47.2096
47.2096
47.2091
47.2079
47.2048
47.2041
47.2024
47.2015
47.203
47.2031
47.203
47.203
47.2031
47.203
47.2015
47.2024
47.1983
47.1955
47.1947
47.1933
47.1924
47.1924
47.1933
47.1947
47.1955
47.1983
47.2024
47.1878
47.182
47.1778
47.1755
47.1755
47.1778
47.182
47.1878
47.2024
43.8448
43.8452
43.8458
43.846
43.8461
43.8461
43.846
43.8458
43.8452
43.8448
43.8621
43.8634
43.8648
43.8655
43.8658
43.8658
43.8655
43.8648
43.8634
43.8621
43.8819
43.884
43.886
43.8871
43.8877
43.8877
43.8871
43.886
43.884
43.8819
43.8989
43.9013
43.9038
43.905
43.9057
43.9057
43.905
43.9038
43.9013
43.8989
43.9127
43.915
43.9175
43.9187
43.9193
43.9193
43.9187
43.9175
43.915
43.9127
43.9235
43.9254
43.9277
43.9286
43.9291
43.9291
43.9286
43.9277
43.9254
43.9235
43.9314
43.9328
43.9346
43.9353
43.9355
43.9355
43.9353
43.9346
43.9328
43.9314
43.9367
43.9376
43.939
43.9393
43.9393
43.9393
43.9393
43.939
43.9376
43.9367
43.9412
43.9414
43.9418
43.9415
43.9412
43.9412
43.9415
43.9418
43.9414
43.9412
43.9492
43.9442
43.9423
43.9407
43.9399
43.9399
43.9407
43.9423
43.9442
43.9492
40.6033
40.6039
40.6046
40.6049
40.6051
40.6051
40.6049
40.6046
40.6039
40.6033
40.6099
40.6109
40.6119
40.6125
40.6128
40.6128
40.6125
40.6119
40.6109
40.6099
40.6175
40.6188
40.6201
40.6209
40.6214
40.6214
40.6209
40.6201
40.6188
40.6175
40.6244
40.626
40.6275
40.6285
40.629
40.629
40.6285
40.6275
40.626
40.6244
40.6305
40.6321
40.6338
40.6348
40.6353
40.6353
40.6348
40.6338
40.6321
40.6305
40.6356
40.6372
40.6388
40.6398
40.6402
40.6402
40.6398
40.6388
40.6372
40.6356
40.6396
40.6411
40.6426
40.6435
40.6439
40.6439
40.6435
40.6426
40.6411
40.6396
40.6426
40.6439
40.6453
40.646
40.6463
40.6463
40.646
40.6453
40.6439
40.6426
40.6452
40.6463
40.6472
40.6476
40.6478
40.6478
40.6476
40.6472
40.6463
40.6452
40.6494
40.6481
40.648
40.6477
40.6476
40.6476
40.6477
40.648
40.6481
40.6494
37.3688
37.3689
37.369
37.3691
37.3691
37.3691
37.3691
37.369
37.3689
37.3688
37.3713
37.3716
37.3718
37.372
37.372
37.372
37.372
37.3718
37.3716
37.3713
37.3744
37.3749
37.3753
37.3756
37.3757
37.3757
37.3756
37.3753
37.3749
37.3744
37.3777
37.3783
37.3789
37.3792
37.3794
37.3794
37.3792
37.3789
37.3783
37.3777
37.3808
37.3816
37.3822
37.3826
37.3828
37.3828
37.3826
37.3822
37.3816
37.3808
37.3838
37.3846
37.3854
37.3858
37.386
37.386
37.3858
37.3854
37.3846
37.3838
37.3865
37.3874
37.3881
37.3885
37.3887
37.3887
37.3885
37.3881
37.3874
37.3865
37.3889
37.3898
37.3905
37.3909
37.3911
37.3911
37.3909
37.3905
37.3898
37.3889
37.3913
37.3921
37.3927
37.393
37.3931
37.3931
37.393
37.3927
37.3921
37.3913
37.3943
37.3942
37.3944
37.3944
37.3944
37.3944
37.3944
37.3944
37.3942
37.3943
34.1236
34.1237
34.1238
34.1238
34.1239
34.1239
34.1238
34.1238
34.1237
34.1236
34.1243
34.1245
34.1247
34.1248
34.1248
34.1248
34.1248
34.1247
34.1245
34.1243
34.1254
34.1256
34.1259
34.126
34.1261
34.1261
34.126
34.1259
34.1256
34.1254
34.1266
34.1269
34.1272
34.1274
34.1275
34.1275
34.1274
34.1272
34.1269
34.1266
34.1278
34.1282
34.1286
34.1288
34.1289
34.1289
34.1288
34.1286
34.1282
34.1278
34.1291
34.1295
34.1299
34.1302
34.1303
34.1303
34.1302
34.1299
34.1295
34.1291
34.1302
34.1307
34.1312
34.1314
34.1315
34.1315
34.1314
34.1312
34.1307
34.1302
34.1313
34.1318
34.1323
34.1325
34.1327
34.1327
34.1325
34.1323
34.1318
34.1313
34.1324
34.1329
34.1333
34.1335
34.1336
34.1336
34.1335
34.1333
34.1329
34.1324
34.1337
34.1339
34.1341
34.1342
34.1342
34.1342
34.1342
34.1341
34.1339
34.1337
30.8772
30.8772
30.8772
30.8772
30.8772
30.8772
30.8772
30.8772
30.8772
30.8772
30.8774
30.8774
30.8775
30.8775
30.8775
30.8775
30.8775
30.8775
30.8774
30.8774
30.8777
30.8778
30.8779
30.8779
30.878
30.878
30.8779
30.8779
30.8778
30.8777
30.8782
30.8784
30.8785
30.8785
30.8786
30.8786
30.8785
30.8785
30.8784
30.8782
30.8788
30.879
30.8791
30.8792
30.8792
30.8792
30.8792
30.8791
30.879
30.8788
30.8794
30.8796
30.8798
30.8799
30.88
30.88
30.8799
30.8798
30.8796
30.8794
30.8801
30.8803
30.8805
30.8806
30.8807
30.8807
30.8806
30.8805
30.8803
30.8801
30.8807
30.881
30.8812
30.8813
30.8814
30.8814
30.8813
30.8812
30.881
30.8807
30.8814
30.8816
30.8818
30.882
30.882
30.882
30.882
30.8818
30.8816
30.8814
30.8821
30.8823
30.8824
30.8825
30.8825
30.8825
30.8825
30.8824
30.8823
30.8821
27.6281
27.6281
27.6281
27.6281
27.6281
27.6281
27.6281
27.6281
27.6281
27.6281
27.6281
27.6281
27.6281
27.6281
27.6281
27.6281
27.6281
27.6281
27.6281
27.6281
27.6282
27.6282
27.6282
27.6282
27.6283
27.6283
27.6282
27.6282
27.6282
27.6282
27.6283
27.6284
27.6284
27.6284
27.6285
27.6285
27.6284
27.6284
27.6284
27.6283
27.6285
27.6286
27.6286
27.6287
27.6287
27.6287
27.6287
27.6286
27.6286
27.6285
27.6287
27.6288
27.6289
27.629
27.629
27.629
27.629
27.6289
27.6288
27.6287
27.629
27.6291
27.6292
27.6293
27.6293
27.6293
27.6293
27.6292
27.6291
27.629
27.6293
27.6294
27.6295
27.6295
27.6296
27.6296
27.6295
27.6295
27.6294
27.6293
27.6295
27.6297
27.6298
27.6298
27.6299
27.6299
27.6298
27.6298
27.6297
27.6295
27.6298
27.6299
27.63
27.6301
27.6301
27.6301
27.6301
27.63
27.6299
27.6298
24.3784
24.3784
24.3784
24.3784
24.3784
24.3784
24.3784
24.3784
24.3784
24.3784
24.3784
24.3784
24.3784
24.3784
24.3784
24.3784
24.3784
24.3784
24.3784
24.3784
24.3784
24.3784
24.3784
24.3784
24.3784
24.3784
24.3784
24.3784
24.3784
24.3784
24.3784
24.3785
24.3785
24.3785
24.3785
24.3785
24.3785
24.3785
24.3785
24.3784
24.3785
24.3786
24.3786
24.3786
24.3786
24.3786
24.3786
24.3786
24.3786
24.3785
24.3786
24.3787
24.3787
24.3787
24.3787
24.3787
24.3787
24.3787
24.3787
24.3786
24.3787
24.3788
24.3788
24.3789
24.3789
24.3789
24.3789
24.3788
24.3788
24.3787
24.3789
24.3789
24.379
24.379
24.379
24.379
24.379
24.379
24.3789
24.3789
24.379
24.3791
24.3791
24.3792
24.3792
24.3792
24.3792
24.3791
24.3791
24.379
24.3792
24.3792
24.3793
24.3793
24.3793
24.3793
24.3793
24.3793
24.3792
24.3792
21.1282
21.1282
21.1282
21.1282
21.1282
21.1282
21.1282
21.1282
21.1282
21.1282
21.1281
21.1281
21.1281
21.1281
21.1281
21.1281
21.1281
21.1281
21.1281
21.1281
21.1281
21.1281
21.1281
21.1281
21.1281
21.1281
21.1281
21.1281
21.1281
21.1281
21.1281
21.1281
21.1281
21.1282
21.1282
21.1282
21.1282
21.1281
21.1281
21.1281
21.1282
21.1282
21.1282
21.1282
21.1282
21.1282
21.1282
21.1282
21.1282
21.1282
21.1282
21.1282
21.1282
21.1282
21.1282
21.1282
21.1282
21.1282
21.1282
21.1282
21.1282
21.1283
21.1283
21.1283
21.1283
21.1283
21.1283
21.1283
21.1283
21.1282
21.1283
21.1283
21.1283
21.1283
21.1283
21.1283
21.1283
21.1283
21.1283
21.1283
21.1283
21.1284
21.1284
21.1284
21.1284
21.1284
21.1284
21.1284
21.1284
21.1283
21.1284
21.1284
21.1284
21.1285
21.1285
21.1285
21.1285
21.1284
21.1284
21.1284
17.8778
17.8778
17.8778
17.8778
17.8778
17.8778
17.8778
17.8778
17.8778
17.8778
17.8778
17.8778
17.8778
17.8778
17.8778
17.8778
17.8778
17.8778
17.8778
17.8778
17.8778
17.8778
17.8778
17.8778
17.8778
17.8778
17.8778
17.8778
17.8778
17.8778
17.8778
17.8778
17.8778
17.8778
17.8778
17.8778
17.8778
17.8778
17.8778
17.8778
17.8778
17.8778
17.8778
17.8778
17.8778
17.8778
17.8778
17.8778
17.8778
17.8778
17.8778
17.8778
17.8778
17.8778
17.8778
17.8778
17.8778
17.8778
17.8778
17.8778
17.8778
17.8778
17.8778
17.8778
17.8778
17.8778
17.8778
17.8778
17.8778
17.8778
17.8778
17.8778
17.8778
17.8779
17.8779
17.8779
17.8779
17.8778
17.8778
17.8778
17.8779
17.8779
17.8779
17.8779
17.8779
17.8779
17.8779
17.8779
17.8779
17.8779
17.8779
17.8779
17.8779
17.8779
17.8779
17.8779
17.8779
17.8779
17.8779
17.8779
14.6273
14.6273
14.6273
14.6273
14.6273
14.6273
14.6273
14.6273
14.6273
14.6273
14.6273
14.6273
14.6273
14.6273
14.6273
14.6273
14.6273
14.6273
14.6273
14.6273
14.6273
14.6273
14.6273
14.6273
14.6273
14.6273
14.6273
14.6273
14.6273
14.6273
14.6273
14.6273
14.6273
14.6273
14.6273
14.6273
14.6273
14.6273
14.6273
14.6273
14.6273
14.6273
14.6273
14.6273
14.6273
14.6273
14.6273
14.6273
14.6273
14.6273
14.6273
14.6273
14.6273
14.6273
14.6273
14.6273
14.6273
14.6273
14.6273
14.6273
14.6273
14.6273
14.6273
14.6273
14.6273
14.6273
14.6273
14.6273
14.6273
14.6273
14.6273
14.6273
14.6273
14.6273
14.6273
14.6273
14.6273
14.6273
14.6273
14.6273
14.6273
14.6273
14.6273
14.6273
14.6273
14.6273
14.6273
14.6273
14.6273
14.6273
14.6273
14.6273
14.6273
14.6273
14.6273
14.6273
14.6273
14.6273
14.6273
14.6273
11.3768
11.3768
11.3768
11.3768
11.3768
11.3768
11.3768
11.3768
11.3768
11.3768
11.3768
11.3768
11.3768
11.3768
11.3768
11.3768
11.3768
11.3768
11.3768
11.3768
11.3768
11.3768
11.3768
11.3768
11.3768
11.3768
11.3768
11.3768
11.3768
11.3768
11.3768
11.3768
11.3768
11.3768
11.3768
11.3768
11.3768
11.3768
11.3768
11.3768
11.3768
11.3768
11.3768
11.3768
11.3768
11.3768
11.3768
11.3768
11.3768
11.3768
11.3768
11.3768
11.3768
11.3768
11.3768
11.3768
11.3768
11.3768
11.3768
11.3768
11.3768
11.3768
11.3768
11.3768
11.3768
11.3768
11.3768
11.3768
11.3768
11.3768
11.3768
11.3768
11.3768
11.3768
11.3768
11.3768
11.3768
11.3768
11.3768
11.3768
11.3768
11.3768
11.3768
11.3768
11.3768
11.3768
11.3768
11.3768
11.3768
11.3768
11.3768
11.3768
11.3768
11.3768
11.3768
11.3768
11.3768
11.3768
11.3768
11.3768
8.1263
8.1263
8.1263
8.1263
8.1263
8.1263
8.1263
8.1263
8.1263
8.1263
8.12629
8.12629
8.12629
8.12629
8.12629
8.12629
8.12629
8.12629
8.12629
8.12629
8.12629
8.12629
8.12629
8.12629
8.12629
8.12629
8.12629
8.12629
8.12629
8.12629
8.12629
8.12629
8.12629
8.12629
8.12629
8.12629
8.12629
8.12629
8.12629
8.12629
8.12629
8.12629
8.12629
8.12629
8.12629
8.12629
8.12629
8.12629
8.12629
8.12629
8.12629
8.12629
8.12629
8.12629
8.12629
8.12629
8.12629
8.12629
8.12629
8.12629
8.12629
8.12629
8.12629
8.12629
8.12629
8.12629
8.12629
8.12629
8.12629
8.12629
8.12629
8.12629
8.12629
8.12629
8.12629
8.12629
8.12629
8.12629
8.12629
8.12629
8.12629
8.12629
8.12629
8.12629
8.12629
8.12629
8.12629
8.12629
8.12629
8.12629
8.12629
8.12629
8.12629
8.12629
8.12629
8.12629
8.12629
8.12629
8.12629
8.12629
4.87578
4.87578
4.87578
4.87578
4.87578
4.87578
4.87578
4.87578
4.87578
4.87578
4.87578
4.87578
4.87578
4.87578
4.87578
4.87578
4.87578
4.87578
4.87578
4.87578
4.87578
4.87578
4.87578
4.87578
4.87578
4.87578
4.87578
4.87578
4.87578
4.87578
4.87578
4.87578
4.87578
4.87578
4.87578
4.87578
4.87578
4.87578
4.87578
4.87578
4.87578
4.87578
4.87578
4.87578
4.87578
4.87578
4.87578
4.87578
4.87578
4.87578
4.87578
4.87578
4.87577
4.87577
4.87577
4.87577
4.87577
4.87577
4.87577
4.87577
4.87577
4.87577
4.87577
4.87577
4.87577
4.87577
4.87577
4.87577
4.87577
4.87577
4.87577
4.87577
4.87577
4.87577
4.87577
4.87577
4.87577
4.87577
4.87577
4.87577
4.87577
4.87577
4.87577
4.87577
4.87577
4.87577
4.87577
4.87577
4.87577
4.87577
4.87577
4.87577
4.87577
4.87577
4.87577
4.87577
4.87577
4.87577
4.87577
4.87577
1.62526
1.62526
1.62526
1.62526
1.62526
1.62526
1.62526
1.62526
1.62526
1.62526
1.62526
1.62526
1.62526
1.62526
1.62526
1.62526
1.62526
1.62526
1.62526
1.62526
1.62526
1.62526
1.62526
1.62526
1.62526
1.62526
1.62526
1.62526
1.62526
1.62526
1.62526
1.62526
1.62526
1.62526
1.62526
1.62526
1.62526
1.62526
1.62526
1.62526
1.62526
1.62526
1.62526
1.62526
1.62526
1.62526
1.62526
1.62526
1.62526
1.62526
1.62526
1.62526
1.62526
1.62526
1.62526
1.62526
1.62526
1.62526
1.62526
1.62526
1.62526
1.62526
1.62526
1.62526
1.62526
1.62526
1.62526
1.62526
1.62526
1.62526
1.62526
1.62526
1.62526
1.62526
1.62526
1.62526
1.62526
1.62526
1.62526
1.62526
1.62525
1.62525
1.62525
1.62525
1.62525
1.62525
1.62525
1.62525
1.62525
1.62525
1.62525
1.62525
1.62525
1.62525
1.62525
1.62525
1.62525
1.62525
1.62525
1.62525
99.1666
98.5814
98.2139
97.9453
97.806
97.806
97.9453
98.2139
98.5814
99.1666
89.9802
89.1258
88.5631
88.1652
87.9603
87.9603
88.1652
88.5631
89.1258
89.9802
82.3533
81.3701
80.7284
80.2814
80.052
80.052
80.2814
80.7284
81.3701
82.3533
77.0873
76.0773
75.4266
74.9799
74.751
74.751
74.9799
75.4266
76.0773
77.0873
73.136
72.1333
71.4905
71.058
70.8366
70.8366
71.058
71.4905
72.1333
73.136
69.9357
68.9603
68.3335
67.9221
67.7119
67.7119
67.9221
68.3335
68.9603
69.9357
67.2963
66.3691
65.768
65.384
65.1885
65.1885
65.384
65.768
66.3691
67.2963
65.1106
64.2552
63.6921
63.341
63.1629
63.1629
63.341
63.6921
64.2552
65.1106
63.298
62.5308
62.0184
61.705
61.5462
61.5462
61.705
62.0184
62.5308
63.298
61.8789
61.1119
60.6588
60.3833
60.2436
60.2436
60.3833
60.6588
61.1119
61.8789
62.9855
63.1593
63.3485
63.476
63.542
63.542
63.476
63.3485
63.1593
62.9855
63.4109
63.5062
63.6337
63.7154
63.7573
63.7573
63.7154
63.6337
63.5062
63.4109
63.3877
63.3849
63.4379
63.4664
63.4806
63.4806
63.4664
63.4379
63.3849
63.3878
62.975
62.8815
62.866
62.8475
62.8374
62.8374
62.8475
62.866
62.8815
62.975
62.3766
62.2086
62.1349
62.0786
62.049
62.049
62.0786
62.1349
62.2086
62.3766
61.7022
61.4781
61.3573
61.2728
61.2288
61.2288
61.2728
61.3573
61.4781
61.7022
61.0071
60.7472
60.5924
60.4895
60.4362
60.4362
60.4895
60.5924
60.7472
61.0071
60.323
60.0513
59.878
59.7665
59.7089
59.7089
59.7665
59.878
60.0513
60.323
59.6858
59.4184
59.2385
59.1256
59.067
59.067
59.1256
59.2385
59.4184
59.6858
59.1994
58.8496
58.6648
58.5513
58.4921
58.4921
58.5513
58.6648
58.8496
59.1994
58.3507
58.3363
58.338
58.3345
58.333
58.333
58.3345
58.338
58.3363
58.3507
58.7643
58.7476
58.7487
58.7436
58.7409
58.7409
58.7436
58.7487
58.7476
58.7643
59.1067
59.0714
59.061
59.0461
59.0381
59.0381
59.0461
59.061
59.0714
59.1067
59.1603
59.0915
59.0589
59.028
59.0115
59.0115
59.028
59.059
59.0916
59.1603
59.0156
58.9115
58.8544
58.8073
58.7824
58.7824
58.8073
58.8544
58.9115
59.0156
58.7677
58.6329
58.5533
58.4928
58.461
58.461
58.4928
58.5533
58.6329
58.7677
58.4651
58.3078
58.2101
58.1401
58.1035
58.1035
58.1401
58.2101
58.3078
58.4651
58.1348
57.9673
57.8582
57.7832
57.7441
57.7441
57.7832
57.8582
57.9673
58.1348
57.8099
57.6398
57.5233
57.4461
57.4057
57.4057
57.4461
57.5233
57.6398
57.8099
57.5658
57.3313
57.2043
57.1233
57.0812
57.0812
57.1233
57.2043
57.3313
57.5658
53.6141
53.634
53.6591
53.6752
53.6837
53.6837
53.6752
53.6591
53.634
53.6141
53.8256
53.8493
53.8785
53.8969
53.9067
53.9067
53.8969
53.8785
53.8493
53.8256
54.0052
54.0266
54.0555
54.0731
54.0824
54.0824
54.0731
54.0555
54.0266
54.0052
54.0918
54.1028
54.1248
54.137
54.1433
54.1433
54.137
54.1248
54.1028
54.0918
54.1064
54.103
54.1145
54.1192
54.1215
54.1215
54.1192
54.1145
54.103
54.1064
54.0725
54.0542
54.0543
54.0512
54.0494
54.0494
54.0512
54.0543
54.0542
54.0725
54.004
53.9728
53.9621
53.9523
53.947
53.947
53.9523
53.9621
53.9728
54.004
53.9105
53.8713
53.8522
53.8374
53.8293
53.8293
53.8374
53.8522
53.8713
53.9105
53.8103
53.7652
53.738
53.7185
53.7079
53.7079
53.7185
53.738
53.7652
53.8103
53.7486
53.6596
53.6184
53.5914
53.5772
53.5772
53.5914
53.6184
53.6596
53.7486
50.3812
50.3813
50.3833
50.3834
50.3835
50.3835
50.3834
50.3833
50.3813
50.3812
50.4802
50.484
50.4892
50.4915
50.4926
50.4926
50.4915
50.4892
50.484
50.4802
50.5814
50.5866
50.5935
50.5966
50.5981
50.5981
50.5966
50.5935
50.5866
50.5814
50.6501
50.6533
50.6592
50.6611
50.662
50.662
50.6611
50.6592
50.6533
50.6501
50.6887
50.6874
50.6904
50.6901
50.6897
50.6897
50.6901
50.6904
50.6874
50.6887
50.7038
50.6972
50.6964
50.6933
50.6915
50.6915
50.6933
50.6964
50.6972
50.7038
50.7005
50.6887
50.6838
50.6782
50.675
50.675
50.6782
50.6838
50.6887
50.7005
50.6829
50.6675
50.6592
50.6514
50.6471
50.6471
50.6514
50.6592
50.6675
50.6829
50.6606
50.6417
50.6291
50.619
50.6134
50.6134
50.619
50.6291
50.6417
50.6606
50.6551
50.6132
50.5924
50.5781
50.5704
50.5704
50.5781
50.5924
50.6132
50.6552
47.0501
47.0531
47.0569
47.0591
47.0602
47.0602
47.0591
47.0569
47.0531
47.0501
47.0913
47.0962
47.1015
47.1048
47.1065
47.1065
47.1048
47.1015
47.0962
47.0913
47.1333
47.1393
47.1459
47.15
47.1521
47.1521
47.15
47.1459
47.1393
47.1333
47.165
47.1708
47.1776
47.1816
47.1837
47.1837
47.1816
47.1776
47.1709
47.165
47.1865
47.1911
47.1972
47.2005
47.2023
47.2023
47.2005
47.1972
47.1911
47.1865
47.1993
47.202
47.2067
47.209
47.2101
47.2101
47.209
47.2067
47.202
47.1993
47.2041
47.2048
47.2079
47.2091
47.2096
47.2096
47.2091
47.2079
47.2048
47.2042
47.2024
47.2015
47.203
47.2031
47.203
47.203
47.2031
47.203
47.2015
47.2024
47.1983
47.1955
47.1947
47.1933
47.1924
47.1924
47.1933
47.1947
47.1955
47.1983
47.2024
47.1878
47.182
47.1778
47.1755
47.1755
47.1778
47.182
47.1878
47.2024
43.8448
43.8452
43.8458
43.846
43.8461
43.8461
43.846
43.8458
43.8452
43.8448
43.8621
43.8634
43.8648
43.8655
43.8658
43.8658
43.8655
43.8648
43.8634
43.8621
43.8819
43.884
43.886
43.8872
43.8877
43.8877
43.8872
43.886
43.884
43.8819
43.8989
43.9013
43.9038
43.905
43.9057
43.9057
43.905
43.9038
43.9013
43.8989
43.9127
43.915
43.9175
43.9187
43.9193
43.9193
43.9187
43.9175
43.915
43.9127
43.9235
43.9254
43.9277
43.9286
43.9291
43.9291
43.9286
43.9277
43.9254
43.9235
43.9314
43.9328
43.9346
43.9353
43.9355
43.9355
43.9353
43.9346
43.9328
43.9314
43.9367
43.9376
43.939
43.9393
43.9394
43.9394
43.9393
43.939
43.9376
43.9367
43.9412
43.9414
43.9418
43.9415
43.9412
43.9412
43.9415
43.9418
43.9414
43.9412
43.9492
43.9442
43.9423
43.9407
43.9399
43.9399
43.9407
43.9423
43.9442
43.9492
40.6033
40.6039
40.6046
40.6049
40.6051
40.6051
40.6049
40.6046
40.6039
40.6033
40.6099
40.6109
40.6119
40.6125
40.6128
40.6128
40.6125
40.6119
40.6109
40.6099
40.6175
40.6188
40.6201
40.621
40.6214
40.6214
40.621
40.6201
40.6188
40.6175
40.6244
40.626
40.6275
40.6285
40.629
40.629
40.6285
40.6275
40.626
40.6244
40.6305
40.6321
40.6338
40.6348
40.6353
40.6353
40.6348
40.6338
40.6321
40.6305
40.6356
40.6372
40.6388
40.6398
40.6402
40.6402
40.6398
40.6388
40.6372
40.6356
40.6396
40.6411
40.6426
40.6435
40.6439
40.6439
40.6435
40.6426
40.6411
40.6396
40.6426
40.6439
40.6453
40.646
40.6463
40.6463
40.646
40.6453
40.6439
40.6426
40.6452
40.6463
40.6472
40.6476
40.6478
40.6478
40.6476
40.6472
40.6463
40.6452
40.6494
40.6481
40.648
40.6477
40.6476
40.6476
40.6477
40.648
40.6481
40.6494
37.3688
37.3689
37.369
37.3691
37.3691
37.3691
37.3691
37.369
37.3689
37.3688
37.3713
37.3716
37.3718
37.372
37.372
37.372
37.372
37.3718
37.3716
37.3713
37.3744
37.3749
37.3753
37.3756
37.3757
37.3757
37.3756
37.3753
37.3749
37.3744
37.3777
37.3783
37.3789
37.3792
37.3794
37.3794
37.3792
37.3789
37.3783
37.3777
37.3808
37.3816
37.3822
37.3826
37.3828
37.3828
37.3826
37.3822
37.3816
37.3808
37.3838
37.3846
37.3854
37.3858
37.386
37.386
37.3858
37.3854
37.3846
37.3838
37.3865
37.3874
37.3881
37.3885
37.3887
37.3887
37.3885
37.3881
37.3874
37.3865
37.3889
37.3898
37.3905
37.3909
37.3911
37.3911
37.3909
37.3905
37.3898
37.3889
37.3913
37.3921
37.3927
37.393
37.3931
37.3931
37.393
37.3927
37.3921
37.3913
37.3943
37.3942
37.3944
37.3944
37.3944
37.3944
37.3944
37.3944
37.3942
37.3943
34.1236
34.1237
34.1238
34.1238
34.1239
34.1239
34.1238
34.1238
34.1237
34.1236
34.1243
34.1245
34.1247
34.1248
34.1248
34.1248
34.1248
34.1247
34.1245
34.1243
34.1254
34.1256
34.1259
34.126
34.1261
34.1261
34.126
34.1259
34.1256
34.1254
34.1266
34.1269
34.1272
34.1274
34.1275
34.1275
34.1274
34.1272
34.1269
34.1266
34.1278
34.1282
34.1286
34.1288
34.1289
34.1289
34.1288
34.1286
34.1282
34.1278
34.1291
34.1295
34.1299
34.1302
34.1303
34.1303
34.1302
34.1299
34.1295
34.1291
34.1302
34.1307
34.1312
34.1314
34.1315
34.1315
34.1314
34.1312
34.1307
34.1302
34.1313
34.1318
34.1323
34.1325
34.1327
34.1327
34.1325
34.1323
34.1318
34.1313
34.1324
34.1329
34.1333
34.1335
34.1336
34.1336
34.1335
34.1333
34.1329
34.1324
34.1337
34.1339
34.1341
34.1342
34.1342
34.1342
34.1342
34.1341
34.1339
34.1337
30.8772
30.8772
30.8772
30.8772
30.8772
30.8772
30.8772
30.8772
30.8772
30.8772
30.8774
30.8774
30.8775
30.8775
30.8775
30.8775
30.8775
30.8775
30.8774
30.8774
30.8777
30.8778
30.8779
30.8779
30.878
30.878
30.8779
30.8779
30.8778
30.8777
30.8782
30.8784
30.8785
30.8785
30.8786
30.8786
30.8785
30.8785
30.8784
30.8782
30.8788
30.879
30.8791
30.8792
30.8792
30.8792
30.8792
30.8791
30.879
30.8788
30.8794
30.8796
30.8798
30.8799
30.88
30.88
30.8799
30.8798
30.8796
30.8794
30.8801
30.8803
30.8805
30.8806
30.8807
30.8807
30.8806
30.8805
30.8803
30.8801
30.8807
30.881
30.8812
30.8813
30.8814
30.8814
30.8813
30.8812
30.881
30.8807
30.8814
30.8816
30.8818
30.882
30.882
30.882
30.882
30.8818
30.8816
30.8814
30.8821
30.8823
30.8824
30.8825
30.8825
30.8825
30.8825
30.8824
30.8823
30.8821
27.6281
27.6281
27.6281
27.6281
27.6281
27.6281
27.6281
27.6281
27.6281
27.6281
27.6281
27.6281
27.6281
27.6281
27.6281
27.6281
27.6281
27.6281
27.6281
27.6281
27.6282
27.6282
27.6282
27.6282
27.6283
27.6283
27.6282
27.6282
27.6282
27.6282
27.6283
27.6284
27.6284
27.6284
27.6285
27.6285
27.6284
27.6284
27.6284
27.6283
27.6285
27.6286
27.6286
27.6287
27.6287
27.6287
27.6287
27.6286
27.6286
27.6285
27.6287
27.6288
27.6289
27.629
27.629
27.629
27.629
27.6289
27.6288
27.6287
27.629
27.6291
27.6292
27.6293
27.6293
27.6293
27.6293
27.6292
27.6291
27.629
27.6293
27.6294
27.6295
27.6295
27.6296
27.6296
27.6295
27.6295
27.6294
27.6293
27.6295
27.6297
27.6298
27.6298
27.6299
27.6299
27.6298
27.6298
27.6297
27.6295
27.6298
27.6299
27.63
27.6301
27.6301
27.6301
27.6301
27.63
27.6299
27.6298
24.3784
24.3784
24.3784
24.3784
24.3784
24.3784
24.3784
24.3784
24.3784
24.3784
24.3784
24.3784
24.3784
24.3784
24.3784
24.3784
24.3784
24.3784
24.3784
24.3784
24.3784
24.3784
24.3784
24.3784
24.3784
24.3784
24.3784
24.3784
24.3784
24.3784
24.3784
24.3785
24.3785
24.3785
24.3785
24.3785
24.3785
24.3785
24.3785
24.3784
24.3785
24.3786
24.3786
24.3786
24.3786
24.3786
24.3786
24.3786
24.3786
24.3785
24.3786
24.3787
24.3787
24.3787
24.3787
24.3787
24.3787
24.3787
24.3787
24.3786
24.3787
24.3788
24.3788
24.3789
24.3789
24.3789
24.3789
24.3788
24.3788
24.3787
24.3789
24.3789
24.379
24.379
24.379
24.379
24.379
24.379
24.3789
24.3789
24.379
24.3791
24.3791
24.3792
24.3792
24.3792
24.3792
24.3791
24.3791
24.379
24.3792
24.3792
24.3793
24.3793
24.3793
24.3793
24.3793
24.3793
24.3792
24.3792
21.1282
21.1282
21.1282
21.1282
21.1282
21.1282
21.1282
21.1282
21.1282
21.1282
21.1281
21.1281
21.1281
21.1281
21.1281
21.1281
21.1281
21.1281
21.1281
21.1281
21.1281
21.1281
21.1281
21.1281
21.1281
21.1281
21.1281
21.1281
21.1281
21.1281
21.1281
21.1281
21.1281
21.1282
21.1282
21.1282
21.1282
21.1281
21.1281
21.1281
21.1282
21.1282
21.1282
21.1282
21.1282
21.1282
21.1282
21.1282
21.1282
21.1282
21.1282
21.1282
21.1282
21.1282
21.1282
21.1282
21.1282
21.1282
21.1282
21.1282
21.1282
21.1283
21.1283
21.1283
21.1283
21.1283
21.1283
21.1283
21.1283
21.1282
21.1283
21.1283
21.1283
21.1283
21.1283
21.1283
21.1283
21.1283
21.1283
21.1283
21.1283
21.1284
21.1284
21.1284
21.1284
21.1284
21.1284
21.1284
21.1284
21.1283
21.1284
21.1284
21.1284
21.1285
21.1285
21.1285
21.1285
21.1284
21.1284
21.1284
17.8778
17.8778
17.8778
17.8778
17.8778
17.8778
17.8778
17.8778
17.8778
17.8778
17.8778
17.8778
17.8778
17.8778
17.8778
17.8778
17.8778
17.8778
17.8778
17.8778
17.8778
17.8778
17.8778
17.8778
17.8778
17.8778
17.8778
17.8778
17.8778
17.8778
17.8778
17.8778
17.8778
17.8778
17.8778
17.8778
17.8778
17.8778
17.8778
17.8778
17.8778
17.8778
17.8778
17.8778
17.8778
17.8778
17.8778
17.8778
17.8778
17.8778
17.8778
17.8778
17.8778
17.8778
17.8778
17.8778
17.8778
17.8778
17.8778
17.8778
17.8778
17.8778
17.8778
17.8778
17.8778
17.8778
17.8778
17.8778
17.8778
17.8778
17.8778
17.8778
17.8778
17.8779
17.8779
17.8779
17.8779
17.8778
17.8778
17.8778
17.8779
17.8779
17.8779
17.8779
17.8779
17.8779
17.8779
17.8779
17.8779
17.8779
17.8779
17.8779
17.8779
17.8779
17.8779
17.8779
17.8779
17.8779
17.8779
17.8779
14.6273
14.6273
14.6273
14.6273
14.6273
14.6273
14.6273
14.6273
14.6273
14.6273
14.6273
14.6273
14.6273
14.6273
14.6273
14.6273
14.6273
14.6273
14.6273
14.6273
14.6273
14.6273
14.6273
14.6273
14.6273
14.6273
14.6273
14.6273
14.6273
14.6273
14.6273
14.6273
14.6273
14.6273
14.6273
14.6273
14.6273
14.6273
14.6273
14.6273
14.6273
14.6273
14.6273
14.6273
14.6273
14.6273
14.6273
14.6273
14.6273
14.6273
14.6273
14.6273
14.6273
14.6273
14.6273
14.6273
14.6273
14.6273
14.6273
14.6273
14.6273
14.6273
14.6273
14.6273
14.6273
14.6273
14.6273
14.6273
14.6273
14.6273
14.6273
14.6273
14.6273
14.6273
14.6273
14.6273
14.6273
14.6273
14.6273
14.6273
14.6273
14.6273
14.6273
14.6273
14.6273
14.6273
14.6273
14.6273
14.6273
14.6273
14.6273
14.6273
14.6273
14.6273
14.6273
14.6273
14.6273
14.6273
14.6273
14.6273
11.3768
11.3768
11.3768
11.3768
11.3768
11.3768
11.3768
11.3768
11.3768
11.3768
11.3768
11.3768
11.3768
11.3768
11.3768
11.3768
11.3768
11.3768
11.3768
11.3768
11.3768
11.3768
11.3768
11.3768
11.3768
11.3768
11.3768
11.3768
11.3768
11.3768
11.3768
11.3768
11.3768
11.3768
11.3768
11.3768
11.3768
11.3768
11.3768
11.3768
11.3768
11.3768
11.3768
11.3768
11.3768
11.3768
11.3768
11.3768
11.3768
11.3768
11.3768
11.3768
11.3768
11.3768
11.3768
11.3768
11.3768
11.3768
11.3768
11.3768
11.3768
11.3768
11.3768
11.3768
11.3768
11.3768
11.3768
11.3768
11.3768
11.3768
11.3768
11.3768
11.3768
11.3768
11.3768
11.3768
11.3768
11.3768
11.3768
11.3768
11.3768
11.3768
11.3768
11.3768
11.3768
11.3768
11.3768
11.3768
11.3768
11.3768
11.3768
11.3768
11.3768
11.3768
11.3768
11.3768
11.3768
11.3768
11.3768
11.3768
8.1263
8.1263
8.1263
8.1263
8.1263
8.1263
8.1263
8.1263
8.1263
8.1263
8.12629
8.12629
8.12629
8.12629
8.12629
8.12629
8.12629
8.12629
8.12629
8.12629
8.12629
8.12629
8.12629
8.12629
8.12629
8.12629
8.12629
8.12629
8.12629
8.12629
8.12629
8.12629
8.12629
8.12629
8.12629
8.12629
8.12629
8.12629
8.12629
8.12629
8.12629
8.12629
8.12629
8.12629
8.12629
8.12629
8.12629
8.12629
8.12629
8.12629
8.12629
8.12629
8.12629
8.12629
8.12629
8.12629
8.12629
8.12629
8.12629
8.12629
8.12629
8.12629
8.12629
8.12629
8.12629
8.12629
8.12629
8.12629
8.12629
8.12629
8.12629
8.12629
8.12629
8.12629
8.12629
8.12629
8.12629
8.12629
8.12629
8.12629
8.12629
8.12629
8.12629
8.12629
8.12629
8.12629
8.12629
8.12629
8.12629
8.12629
8.12629
8.12629
8.12629
8.12629
8.12629
8.12629
8.12629
8.12629
8.12629
8.12629
4.87578
4.87578
4.87578
4.87578
4.87578
4.87578
4.87578
4.87578
4.87578
4.87578
4.87578
4.87578
4.87578
4.87578
4.87578
4.87578
4.87578
4.87578
4.87578
4.87578
4.87578
4.87578
4.87578
4.87578
4.87578
4.87578
4.87578
4.87578
4.87578
4.87578
4.87578
4.87578
4.87578
4.87578
4.87578
4.87578
4.87578
4.87578
4.87578
4.87578
4.87578
4.87578
4.87578
4.87578
4.87577
4.87577
4.87577
4.87577
4.87578
4.87578
4.87577
4.87577
4.87577
4.87577
4.87577
4.87577
4.87577
4.87577
4.87577
4.87577
4.87577
4.87577
4.87577
4.87577
4.87577
4.87577
4.87577
4.87577
4.87577
4.87577
4.87577
4.87577
4.87577
4.87577
4.87577
4.87577
4.87577
4.87577
4.87577
4.87577
4.87577
4.87577
4.87577
4.87577
4.87577
4.87577
4.87577
4.87577
4.87577
4.87577
4.87577
4.87577
4.87577
4.87577
4.87577
4.87577
4.87577
4.87577
4.87577
4.87577
1.62526
1.62526
1.62526
1.62526
1.62526
1.62526
1.62526
1.62526
1.62526
1.62526
1.62526
1.62526
1.62526
1.62526
1.62526
1.62526
1.62526
1.62526
1.62526
1.62526
1.62526
1.62526
1.62526
1.62526
1.62526
1.62526
1.62526
1.62526
1.62526
1.62526
1.62526
1.62526
1.62526
1.62526
1.62526
1.62526
1.62526
1.62526
1.62526
1.62526
1.62526
1.62526
1.62526
1.62526
1.62526
1.62526
1.62526
1.62526
1.62526
1.62526
1.62526
1.62526
1.62526
1.62526
1.62526
1.62526
1.62526
1.62526
1.62526
1.62526
1.62526
1.62526
1.62526
1.62526
1.62526
1.62526
1.62526
1.62526
1.62526
1.62526
1.62526
1.62526
1.62526
1.62526
1.62526
1.62526
1.62526
1.62526
1.62526
1.62526
1.62525
1.62525
1.62525
1.62525
1.62525
1.62525
1.62525
1.62525
1.62525
1.62525
1.62525
1.62525
1.62525
1.62525
1.62525
1.62525
1.62525
1.62525
1.62525
1.62525
99.1666
98.5814
98.2139
97.9453
97.806
97.806
97.9453
98.2139
98.5814
99.1666
89.9802
89.1258
88.5631
88.1652
87.9603
87.9603
88.1652
88.5631
89.1258
89.9802
82.3533
81.3701
80.7285
80.2814
80.052
80.052
80.2814
80.7284
81.3701
82.3533
77.0873
76.0773
75.4266
74.9799
74.751
74.751
74.9799
75.4266
76.0773
77.0873
73.136
72.1333
71.4905
71.058
70.8366
70.8366
71.058
71.4905
72.1333
73.136
69.9357
68.9603
68.3335
67.9221
67.7119
67.7119
67.9221
68.3335
68.9603
69.9357
67.2963
66.3691
65.768
65.384
65.1885
65.1885
65.384
65.768
66.3691
67.2963
65.1106
64.2552
63.6921
63.341
63.1629
63.1629
63.341
63.6921
64.2552
65.1106
63.298
62.5308
62.0184
61.705
61.5462
61.5462
61.705
62.0184
62.5308
63.298
61.8789
61.1119
60.6588
60.3833
60.2436
60.2436
60.3833
60.6588
61.1119
61.8789
62.9855
63.1593
63.3485
63.476
63.542
63.542
63.476
63.3485
63.1593
62.9855
63.4109
63.5062
63.6337
63.7154
63.7573
63.7573
63.7154
63.6337
63.5062
63.4109
63.3878
63.3849
63.4379
63.4664
63.4806
63.4806
63.4664
63.4379
63.3849
63.3877
62.975
62.8815
62.866
62.8475
62.8374
62.8374
62.8475
62.866
62.8815
62.975
62.3766
62.2086
62.1349
62.0786
62.049
62.049
62.0786
62.1349
62.2086
62.3766
61.7022
61.4781
61.3573
61.2728
61.2288
61.2288
61.2728
61.3573
61.4781
61.7022
61.0071
60.7472
60.5924
60.4895
60.4362
60.4362
60.4895
60.5924
60.7472
61.0071
60.323
60.0513
59.878
59.7665
59.7089
59.7089
59.7665
59.878
60.0513
60.323
59.6858
59.4184
59.2385
59.1256
59.067
59.067
59.1256
59.2385
59.4184
59.6858
59.1994
58.8496
58.6648
58.5513
58.4921
58.4921
58.5513
58.6648
58.8496
59.1994
58.3507
58.3363
58.338
58.3345
58.333
58.333
58.3345
58.338
58.3363
58.3507
58.7643
58.7476
58.7487
58.7436
58.7409
58.7409
58.7436
58.7487
58.7476
58.7643
59.1067
59.0714
59.061
59.0461
59.0381
59.0381
59.0461
59.061
59.0714
59.1067
59.1603
59.0916
59.059
59.028
59.0115
59.0115
59.028
59.0589
59.0915
59.1603
59.0156
58.9115
58.8544
58.8073
58.7824
58.7824
58.8073
58.8544
58.9115
59.0156
58.7677
58.6329
58.5533
58.4928
58.461
58.461
58.4928
58.5533
58.6329
58.7677
58.4651
58.3078
58.2101
58.1401
58.1035
58.1035
58.1401
58.2101
58.3078
58.4651
58.1348
57.9673
57.8582
57.7832
57.7441
57.7441
57.7832
57.8582
57.9673
58.1348
57.8099
57.6398
57.5233
57.4461
57.4057
57.4057
57.4461
57.5233
57.6398
57.8099
57.5658
57.3313
57.2043
57.1233
57.0812
57.0812
57.1233
57.2043
57.3313
57.5658
53.6141
53.634
53.6591
53.6752
53.6837
53.6837
53.6752
53.6591
53.634
53.6141
53.8256
53.8493
53.8785
53.8969
53.9067
53.9067
53.8969
53.8785
53.8493
53.8256
54.0052
54.0266
54.0555
54.0731
54.0824
54.0824
54.0731
54.0555
54.0266
54.0052
54.0918
54.1028
54.1248
54.137
54.1433
54.1433
54.137
54.1248
54.1028
54.0918
54.1064
54.103
54.1145
54.1192
54.1215
54.1215
54.1192
54.1145
54.103
54.1064
54.0725
54.0542
54.0543
54.0512
54.0494
54.0494
54.0512
54.0543
54.0542
54.0725
54.004
53.9728
53.9621
53.9523
53.947
53.947
53.9523
53.9621
53.9728
54.004
53.9105
53.8713
53.8522
53.8374
53.8293
53.8293
53.8374
53.8522
53.8713
53.9105
53.8103
53.7652
53.738
53.7185
53.7079
53.7079
53.7185
53.738
53.7652
53.8103
53.7486
53.6596
53.6184
53.5914
53.5772
53.5772
53.5914
53.6184
53.6596
53.7486
50.3812
50.3813
50.3833
50.3834
50.3835
50.3835
50.3834
50.3833
50.3813
50.3812
50.4802
50.484
50.4892
50.4915
50.4926
50.4926
50.4915
50.4892
50.484
50.4802
50.5814
50.5866
50.5935
50.5966
50.5981
50.5981
50.5966
50.5935
50.5866
50.5814
50.6501
50.6533
50.6592
50.6611
50.662
50.662
50.6611
50.6592
50.6533
50.6501
50.6887
50.6874
50.6904
50.6901
50.6897
50.6897
50.6901
50.6904
50.6874
50.6887
50.7038
50.6972
50.6964
50.6933
50.6915
50.6915
50.6933
50.6964
50.6972
50.7038
50.7005
50.6887
50.6838
50.6782
50.675
50.675
50.6782
50.6838
50.6887
50.7005
50.6829
50.6675
50.6592
50.6514
50.6471
50.6471
50.6514
50.6592
50.6675
50.6829
50.6606
50.6417
50.6291
50.619
50.6134
50.6134
50.619
50.6291
50.6417
50.6606
50.6552
50.6132
50.5924
50.5781
50.5704
50.5704
50.5781
50.5924
50.6132
50.6551
47.0501
47.0531
47.0569
47.0591
47.0602
47.0602
47.0591
47.0569
47.0531
47.0501
47.0913
47.0962
47.1015
47.1048
47.1065
47.1065
47.1048
47.1015
47.0962
47.0913
47.1333
47.1393
47.1459
47.15
47.1521
47.1521
47.15
47.1459
47.1393
47.1333
47.165
47.1709
47.1776
47.1816
47.1837
47.1837
47.1816
47.1776
47.1708
47.165
47.1865
47.1911
47.1972
47.2005
47.2023
47.2023
47.2005
47.1972
47.1911
47.1865
47.1993
47.202
47.2067
47.209
47.2101
47.2101
47.209
47.2067
47.202
47.1993
47.2042
47.2048
47.2079
47.2091
47.2096
47.2096
47.2091
47.2079
47.2048
47.2041
47.2024
47.2015
47.203
47.2031
47.203
47.203
47.2031
47.203
47.2015
47.2024
47.1983
47.1955
47.1947
47.1933
47.1924
47.1924
47.1933
47.1947
47.1955
47.1983
47.2024
47.1878
47.182
47.1778
47.1755
47.1755
47.1778
47.182
47.1878
47.2024
43.8448
43.8452
43.8458
43.846
43.8461
43.8461
43.846
43.8458
43.8452
43.8448
43.8621
43.8634
43.8648
43.8655
43.8658
43.8658
43.8655
43.8648
43.8634
43.8621
43.8819
43.884
43.886
43.8872
43.8877
43.8877
43.8872
43.886
43.884
43.8819
43.8989
43.9013
43.9038
43.905
43.9057
43.9057
43.905
43.9038
43.9013
43.8989
43.9127
43.915
43.9175
43.9187
43.9193
43.9193
43.9187
43.9175
43.915
43.9127
43.9235
43.9254
43.9277
43.9286
43.9291
43.9291
43.9286
43.9277
43.9254
43.9235
43.9314
43.9328
43.9346
43.9353
43.9355
43.9355
43.9353
43.9346
43.9328
43.9314
43.9367
43.9376
43.939
43.9393
43.9394
43.9394
43.9393
43.939
43.9376
43.9367
43.9412
43.9414
43.9418
43.9415
43.9412
43.9412
43.9415
43.9418
43.9414
43.9412
43.9492
43.9442
43.9423
43.9407
43.9399
43.9399
43.9407
43.9423
43.9442
43.9492
40.6033
40.6039
40.6046
40.6049
40.6051
40.6051
40.6049
40.6046
40.6039
40.6033
40.6099
40.6109
40.6119
40.6125
40.6128
40.6128
40.6125
40.6119
40.6109
40.6099
40.6175
40.6188
40.6201
40.621
40.6214
40.6214
40.621
40.6201
40.6188
40.6175
40.6244
40.626
40.6275
40.6285
40.629
40.629
40.6285
40.6275
40.626
40.6244
40.6305
40.6321
40.6338
40.6348
40.6353
40.6353
40.6348
40.6338
40.6321
40.6305
40.6356
40.6372
40.6388
40.6398
40.6402
40.6402
40.6398
40.6388
40.6372
40.6356
40.6396
40.6411
40.6426
40.6435
40.6439
40.6439
40.6435
40.6426
40.6411
40.6396
40.6426
40.6439
40.6453
40.646
40.6463
40.6463
40.646
40.6453
40.6439
40.6426
40.6452
40.6463
40.6472
40.6476
40.6478
40.6478
40.6476
40.6472
40.6463
40.6452
40.6494
40.6481
40.648
40.6477
40.6476
40.6476
40.6477
40.648
40.6481
40.6494
37.3688
37.3689
37.369
37.3691
37.3691
37.3691
37.3691
37.369
37.3689
37.3688
37.3713
37.3716
37.3718
37.372
37.372
37.372
37.372
37.3718
37.3716
37.3713
37.3744
37.3749
37.3753
37.3756
37.3757
37.3757
37.3756
37.3753
37.3749
37.3744
37.3777
37.3783
37.3789
37.3792
37.3794
37.3794
37.3792
37.3789
37.3783
37.3777
37.3808
37.3816
37.3822
37.3826
37.3828
37.3828
37.3826
37.3822
37.3816
37.3808
37.3838
37.3846
37.3854
37.3858
37.386
37.386
37.3858
37.3854
37.3846
37.3838
37.3865
37.3874
37.3881
37.3885
37.3887
37.3887
37.3885
37.3881
37.3874
37.3865
37.3889
37.3898
37.3905
37.3909
37.3911
37.3911
37.3909
37.3905
37.3898
37.3889
37.3913
37.3921
37.3927
37.393
37.3931
37.3931
37.393
37.3927
37.3921
37.3913
37.3943
37.3942
37.3944
37.3944
37.3944
37.3944
37.3944
37.3944
37.3942
37.3943
34.1236
34.1237
34.1238
34.1238
34.1239
34.1239
34.1238
34.1238
34.1237
34.1236
34.1243
34.1245
34.1247
34.1248
34.1248
34.1248
34.1248
34.1247
34.1245
34.1243
34.1254
34.1256
34.1259
34.126
34.1261
34.1261
34.126
34.1259
34.1256
34.1254
34.1266
34.1269
34.1272
34.1274
34.1275
34.1275
34.1274
34.1272
34.1269
34.1266
34.1278
34.1282
34.1286
34.1288
34.1289
34.1289
34.1288
34.1286
34.1282
34.1278
34.1291
34.1295
34.1299
34.1302
34.1303
34.1303
34.1302
34.1299
34.1295
34.1291
34.1302
34.1307
34.1312
34.1314
34.1315
34.1315
34.1314
34.1312
34.1307
34.1302
34.1313
34.1318
34.1323
34.1325
34.1327
34.1327
34.1325
34.1323
34.1318
34.1313
34.1324
34.1329
34.1333
34.1335
34.1336
34.1336
34.1335
34.1333
34.1329
34.1324
34.1337
34.1339
34.1341
34.1342
34.1342
34.1342
34.1342
34.1341
34.1339
34.1337
30.8772
30.8772
30.8772
30.8772
30.8772
30.8772
30.8772
30.8772
30.8772
30.8772
30.8774
30.8774
30.8775
30.8775
30.8775
30.8775
30.8775
30.8775
30.8774
30.8774
30.8777
30.8778
30.8779
30.8779
30.878
30.878
30.8779
30.8779
30.8778
30.8777
30.8782
30.8784
30.8785
30.8785
30.8786
30.8786
30.8785
30.8785
30.8784
30.8782
30.8788
30.879
30.8791
30.8792
30.8792
30.8792
30.8792
30.8791
30.879
30.8788
30.8794
30.8796
30.8798
30.8799
30.88
30.88
30.8799
30.8798
30.8796
30.8794
30.8801
30.8803
30.8805
30.8806
30.8807
30.8807
30.8806
30.8805
30.8803
30.8801
30.8807
30.881
30.8812
30.8813
30.8814
30.8814
30.8813
30.8812
30.881
30.8807
30.8814
30.8816
30.8818
30.882
30.882
30.882
30.882
30.8818
30.8816
30.8814
30.8821
30.8823
30.8824
30.8825
30.8825
30.8825
30.8825
30.8824
30.8823
30.8821
27.6281
27.6281
27.6281
27.6281
27.6281
27.6281
27.6281
27.6281
27.6281
27.6281
27.6281
27.6281
27.6281
27.6281
27.6281
27.6281
27.6281
27.6281
27.6281
27.6281
27.6282
27.6282
27.6282
27.6282
27.6283
27.6283
27.6282
27.6282
27.6282
27.6282
27.6283
27.6284
27.6284
27.6284
27.6285
27.6285
27.6284
27.6284
27.6284
27.6283
27.6285
27.6286
27.6286
27.6287
27.6287
27.6287
27.6287
27.6286
27.6286
27.6285
27.6287
27.6288
27.6289
27.629
27.629
27.629
27.629
27.6289
27.6288
27.6287
27.629
27.6291
27.6292
27.6293
27.6293
27.6293
27.6293
27.6292
27.6291
27.629
27.6293
27.6294
27.6295
27.6295
27.6296
27.6296
27.6295
27.6295
27.6294
27.6293
27.6295
27.6297
27.6298
27.6298
27.6299
27.6299
27.6298
27.6298
27.6297
27.6295
27.6298
27.6299
27.63
27.6301
27.6301
27.6301
27.6301
27.63
27.6299
27.6298
24.3784
24.3784
24.3784
24.3784
24.3784
24.3784
24.3784
24.3784
24.3784
24.3784
24.3784
24.3784
24.3784
24.3784
24.3784
24.3784
24.3784
24.3784
24.3784
24.3784
24.3784
24.3784
24.3784
24.3784
24.3784
24.3784
24.3784
24.3784
24.3784
24.3784
24.3784
24.3785
24.3785
24.3785
24.3785
24.3785
24.3785
24.3785
24.3785
24.3784
24.3785
24.3786
24.3786
24.3786
24.3786
24.3786
24.3786
24.3786
24.3786
24.3785
24.3786
24.3787
24.3787
24.3787
24.3787
24.3787
24.3787
24.3787
24.3787
24.3786
24.3787
24.3788
24.3788
24.3789
24.3789
24.3789
24.3789
24.3788
24.3788
24.3787
24.3789
24.3789
24.379
24.379
24.379
24.379
24.379
24.379
24.3789
24.3789
24.379
24.3791
24.3791
24.3792
24.3792
24.3792
24.3792
24.3791
24.3791
24.379
24.3792
24.3792
24.3793
24.3793
24.3793
24.3793
24.3793
24.3793
24.3792
24.3792
21.1282
21.1282
21.1282
21.1282
21.1282
21.1282
21.1282
21.1282
21.1282
21.1282
21.1281
21.1281
21.1281
21.1281
21.1281
21.1281
21.1281
21.1281
21.1281
21.1281
21.1281
21.1281
21.1281
21.1281
21.1281
21.1281
21.1281
21.1281
21.1281
21.1281
21.1281
21.1281
21.1281
21.1282
21.1282
21.1282
21.1282
21.1281
21.1281
21.1281
21.1282
21.1282
21.1282
21.1282
21.1282
21.1282
21.1282
21.1282
21.1282
21.1282
21.1282
21.1282
21.1282
21.1282
21.1282
21.1282
21.1282
21.1282
21.1282
21.1282
21.1282
21.1283
21.1283
21.1283
21.1283
21.1283
21.1283
21.1283
21.1283
21.1282
21.1283
21.1283
21.1283
21.1283
21.1283
21.1283
21.1283
21.1283
21.1283
21.1283
21.1283
21.1284
21.1284
21.1284
21.1284
21.1284
21.1284
21.1284
21.1284
21.1283
21.1284
21.1284
21.1284
21.1285
21.1285
21.1285
21.1285
21.1284
21.1284
21.1284
17.8778
17.8778
17.8778
17.8778
17.8778
17.8778
17.8778
17.8778
17.8778
17.8778
17.8778
17.8778
17.8778
17.8778
17.8778
17.8778
17.8778
17.8778
17.8778
17.8778
17.8778
17.8778
17.8778
17.8778
17.8778
17.8778
17.8778
17.8778
17.8778
17.8778
17.8778
17.8778
17.8778
17.8778
17.8778
17.8778
17.8778
17.8778
17.8778
17.8778
17.8778
17.8778
17.8778
17.8778
17.8778
17.8778
17.8778
17.8778
17.8778
17.8778
17.8778
17.8778
17.8778
17.8778
17.8778
17.8778
17.8778
17.8778
17.8778
17.8778
17.8778
17.8778
17.8778
17.8778
17.8778
17.8778
17.8778
17.8778
17.8778
17.8778
17.8778
17.8778
17.8778
17.8779
17.8779
17.8779
17.8779
17.8778
17.8778
17.8778
17.8779
17.8779
17.8779
17.8779
17.8779
17.8779
17.8779
17.8779
17.8779
17.8779
17.8779
17.8779
17.8779
17.8779
17.8779
17.8779
17.8779
17.8779
17.8779
17.8779
14.6273
14.6273
14.6273
14.6273
14.6273
14.6273
14.6273
14.6273
14.6273
14.6273
14.6273
14.6273
14.6273
14.6273
14.6273
14.6273
14.6273
14.6273
14.6273
14.6273
14.6273
14.6273
14.6273
14.6273
14.6273
14.6273
14.6273
14.6273
14.6273
14.6273
14.6273
14.6273
14.6273
14.6273
14.6273
14.6273
14.6273
14.6273
14.6273
14.6273
14.6273
14.6273
14.6273
14.6273
14.6273
14.6273
14.6273
14.6273
14.6273
14.6273
14.6273
14.6273
14.6273
14.6273
14.6273
14.6273
14.6273
14.6273
14.6273
14.6273
14.6273
14.6273
14.6273
14.6273
14.6273
14.6273
14.6273
14.6273
14.6273
14.6273
14.6273
14.6273
14.6273
14.6273
14.6273
14.6273
14.6273
14.6273
14.6273
14.6273
14.6273
14.6273
14.6273
14.6273
14.6273
14.6273
14.6273
14.6273
14.6273
14.6273
14.6273
14.6273
14.6273
14.6273
14.6273
14.6273
14.6273
14.6273
14.6273
14.6273
11.3768
11.3768
11.3768
11.3768
11.3768
11.3768
11.3768
11.3768
11.3768
11.3768
11.3768
11.3768
11.3768
11.3768
11.3768
11.3768
11.3768
11.3768
11.3768
11.3768
11.3768
11.3768
11.3768
11.3768
11.3768
11.3768
11.3768
11.3768
11.3768
11.3768
11.3768
11.3768
11.3768
11.3768
11.3768
11.3768
11.3768
11.3768
11.3768
11.3768
11.3768
11.3768
11.3768
11.3768
11.3768
11.3768
11.3768
11.3768
11.3768
11.3768
11.3768
11.3768
11.3768
11.3768
11.3768
11.3768
11.3768
11.3768
11.3768
11.3768
11.3768
11.3768
11.3768
11.3768
11.3768
11.3768
11.3768
11.3768
11.3768
11.3768
11.3768
11.3768
11.3768
11.3768
11.3768
11.3768
11.3768
11.3768
11.3768
11.3768
11.3768
11.3768
11.3768
11.3768
11.3768
11.3768
11.3768
11.3768
11.3768
11.3768
11.3768
11.3768
11.3768
11.3768
11.3768
11.3768
11.3768
11.3768
11.3768
11.3768
8.1263
8.1263
8.1263
8.1263
8.1263
8.1263
8.1263
8.1263
8.1263
8.1263
8.12629
8.12629
8.12629
8.12629
8.12629
8.12629
8.12629
8.12629
8.12629
8.12629
8.12629
8.12629
8.12629
8.12629
8.12629
8.12629
8.12629
8.12629
8.12629
8.12629
8.12629
8.12629
8.12629
8.12629
8.12629
8.12629
8.12629
8.12629
8.12629
8.12629
8.12629
8.12629
8.12629
8.12629
8.12629
8.12629
8.12629
8.12629
8.12629
8.12629
8.12629
8.12629
8.12629
8.12629
8.12629
8.12629
8.12629
8.12629
8.12629
8.12629
8.12629
8.12629
8.12629
8.12629
8.12629
8.12629
8.12629
8.12629
8.12629
8.12629
8.12629
8.12629
8.12629
8.12629
8.12629
8.12629
8.12629
8.12629
8.12629
8.12629
8.12629
8.12629
8.12629
8.12629
8.12629
8.12629
8.12629
8.12629
8.12629
8.12629
8.12629
8.12629
8.12629
8.12629
8.12629
8.12629
8.12629
8.12629
8.12629
8.12629
4.87578
4.87578
4.87578
4.87578
4.87578
4.87578
4.87578
4.87578
4.87578
4.87578
4.87578
4.87578
4.87578
4.87578
4.87578
4.87578
4.87578
4.87578
4.87578
4.87578
4.87578
4.87578
4.87578
4.87578
4.87578
4.87578
4.87578
4.87578
4.87578
4.87578
4.87578
4.87578
4.87578
4.87578
4.87578
4.87578
4.87578
4.87578
4.87578
4.87578
4.87578
4.87578
4.87577
4.87577
4.87577
4.87577
4.87578
4.87578
4.87578
4.87578
4.87577
4.87577
4.87577
4.87577
4.87577
4.87577
4.87577
4.87577
4.87577
4.87577
4.87577
4.87577
4.87577
4.87577
4.87577
4.87577
4.87577
4.87577
4.87577
4.87577
4.87577
4.87577
4.87577
4.87577
4.87577
4.87577
4.87577
4.87577
4.87577
4.87577
4.87577
4.87577
4.87577
4.87577
4.87577
4.87577
4.87577
4.87577
4.87577
4.87577
4.87577
4.87577
4.87577
4.87577
4.87577
4.87577
4.87577
4.87577
4.87577
4.87577
1.62526
1.62526
1.62526
1.62526
1.62526
1.62526
1.62526
1.62526
1.62526
1.62526
1.62526
1.62526
1.62526
1.62526
1.62526
1.62526
1.62526
1.62526
1.62526
1.62526
1.62526
1.62526
1.62526
1.62526
1.62526
1.62526
1.62526
1.62526
1.62526
1.62526
1.62526
1.62526
1.62526
1.62526
1.62526
1.62526
1.62526
1.62526
1.62526
1.62526
1.62526
1.62526
1.62526
1.62526
1.62526
1.62526
1.62526
1.62526
1.62526
1.62526
1.62526
1.62526
1.62526
1.62526
1.62526
1.62526
1.62526
1.62526
1.62526
1.62526
1.62526
1.62526
1.62526
1.62526
1.62526
1.62526
1.62526
1.62526
1.62526
1.62526
1.62526
1.62526
1.62526
1.62526
1.62526
1.62526
1.62526
1.62526
1.62526
1.62526
1.62525
1.62525
1.62525
1.62525
1.62525
1.62525
1.62525
1.62525
1.62525
1.62525
1.62525
1.62525
1.62525
1.62525
1.62525
1.62525
1.62525
1.62525
1.62525
1.62525
99.1666
98.5814
98.2139
97.9453
97.806
97.806
97.9453
98.2139
98.5814
99.1666
89.9802
89.1258
88.5631
88.1652
87.9603
87.9603
88.1652
88.5631
89.1258
89.9802
82.3533
81.3701
80.7284
80.2814
80.052
80.052
80.2814
80.7284
81.3701
82.3533
77.0873
76.0773
75.4266
74.9799
74.751
74.751
74.9799
75.4265
76.0773
77.0873
73.136
72.1333
71.4905
71.058
70.8365
70.8365
71.058
71.4905
72.1333
73.136
69.9357
68.9603
68.3335
67.9221
67.7119
67.7119
67.9221
68.3335
68.9603
69.9357
67.2963
66.3691
65.768
65.384
65.1885
65.1885
65.384
65.768
66.3691
67.2963
65.1106
64.2552
63.6921
63.341
63.1629
63.1629
63.341
63.6921
64.2552
65.1106
63.298
62.5307
62.0184
61.7049
61.5462
61.5462
61.7049
62.0184
62.5307
63.298
61.8789
61.1118
60.6588
60.3833
60.2436
60.2436
60.3832
60.6588
61.1118
61.8789
62.9855
63.1593
63.3485
63.476
63.542
63.542
63.476
63.3485
63.1593
62.9855
63.4109
63.5062
63.6337
63.7154
63.7573
63.7573
63.7154
63.6337
63.5062
63.4109
63.3877
63.3849
63.4379
63.4664
63.4806
63.4806
63.4664
63.4379
63.3849
63.3877
62.975
62.8815
62.866
62.8475
62.8374
62.8374
62.8475
62.866
62.8815
62.975
62.3766
62.2086
62.1349
62.0786
62.049
62.049
62.0786
62.1349
62.2086
62.3766
61.7022
61.4781
61.3573
61.2728
61.2287
61.2287
61.2728
61.3573
61.4781
61.7022
61.0071
60.7472
60.5924
60.4895
60.4362
60.4362
60.4895
60.5924
60.7472
61.0071
60.323
60.0513
59.878
59.7665
59.7089
59.7089
59.7665
59.8779
60.0513
60.323
59.6858
59.4184
59.2385
59.1256
59.067
59.067
59.1256
59.2385
59.4184
59.6858
59.1994
58.8496
58.6648
58.5512
58.4921
58.4921
58.5512
58.6648
58.8495
59.1993
58.3507
58.3363
58.338
58.3345
58.333
58.333
58.3345
58.338
58.3363
58.3507
58.7643
58.7476
58.7487
58.7436
58.7409
58.7409
58.7436
58.7487
58.7476
58.7643
59.1067
59.0714
59.061
59.0461
59.0381
59.0381
59.0461
59.061
59.0714
59.1067
59.1603
59.0915
59.0589
59.028
59.0114
59.0114
59.028
59.0589
59.0915
59.1603
59.0156
58.9115
58.8544
58.8073
58.7824
58.7824
58.8073
58.8544
58.9115
59.0156
58.7677
58.6329
58.5533
58.4928
58.461
58.461
58.4928
58.5533
58.6329
58.7677
58.4651
58.3078
58.2101
58.1401
58.1035
58.1035
58.1401
58.2101
58.3078
58.4651
58.1348
57.9673
57.8581
57.7832
57.7441
57.7441
57.7832
57.8581
57.9673
58.1348
57.8099
57.6398
57.5233
57.4461
57.4057
57.4057
57.4461
57.5233
57.6398
57.8099
57.5658
57.3313
57.2043
57.1233
57.0812
57.0812
57.1233
57.2043
57.3313
57.5658
53.6141
53.634
53.6591
53.6752
53.6837
53.6837
53.6752
53.6591
53.634
53.6141
53.8256
53.8493
53.8785
53.8969
53.9067
53.9067
53.8969
53.8785
53.8493
53.8256
54.0052
54.0266
54.0555
54.0731
54.0824
54.0824
54.0731
54.0555
54.0266
54.0052
54.0918
54.1028
54.1248
54.137
54.1433
54.1433
54.137
54.1248
54.1028
54.0918
54.1064
54.1029
54.1145
54.1192
54.1215
54.1215
54.1192
54.1145
54.1029
54.1064
54.0725
54.0542
54.0543
54.0512
54.0494
54.0494
54.0512
54.0543
54.0542
54.0725
54.004
53.9728
53.9621
53.9523
53.947
53.947
53.9523
53.9621
53.9728
54.004
53.9105
53.8713
53.8522
53.8374
53.8293
53.8293
53.8374
53.8522
53.8713
53.9105
53.8103
53.7652
53.738
53.7185
53.7079
53.7079
53.7185
53.738
53.7652
53.8103
53.7486
53.6596
53.6184
53.5914
53.5772
53.5772
53.5914
53.6184
53.6596
53.7486
50.3812
50.3813
50.3833
50.3834
50.3835
50.3835
50.3834
50.3833
50.3813
50.3812
50.4802
50.484
50.4892
50.4915
50.4926
50.4926
50.4915
50.4892
50.484
50.4802
50.5814
50.5866
50.5935
50.5965
50.5981
50.5981
50.5965
50.5935
50.5866
50.5814
50.6501
50.6533
50.6592
50.6611
50.662
50.662
50.6611
50.6592
50.6533
50.6501
50.6887
50.6874
50.6904
50.6901
50.6897
50.6897
50.6901
50.6904
50.6874
50.6886
50.7038
50.6972
50.6964
50.6933
50.6915
50.6915
50.6933
50.6964
50.6972
50.7038
50.7005
50.6887
50.6838
50.6782
50.675
50.675
50.6782
50.6838
50.6887
50.7005
50.6829
50.6675
50.6592
50.6514
50.6471
50.6471
50.6514
50.6592
50.6675
50.6829
50.6606
50.6417
50.6291
50.619
50.6134
50.6134
50.619
50.6291
50.6417
50.6606
50.6551
50.6132
50.5924
50.578
50.5704
50.5704
50.578
50.5924
50.6132
50.6551
47.0501
47.0531
47.0569
47.0591
47.0602
47.0602
47.0591
47.0569
47.0531
47.0501
47.0913
47.0962
47.1015
47.1048
47.1065
47.1065
47.1048
47.1015
47.0962
47.0913
47.1333
47.1393
47.1459
47.15
47.1521
47.1521
47.15
47.1459
47.1393
47.1333
47.165
47.1708
47.1776
47.1816
47.1837
47.1837
47.1816
47.1776
47.1708
47.165
47.1865
47.1911
47.1972
47.2005
47.2023
47.2023
47.2005
47.1972
47.1911
47.1865
47.1993
47.202
47.2067
47.209
47.2101
47.2101
47.209
47.2067
47.202
47.1993
47.2041
47.2048
47.2079
47.2091
47.2096
47.2096
47.2091
47.2079
47.2048
47.2041
47.2024
47.2015
47.203
47.2031
47.203
47.203
47.2031
47.203
47.2015
47.2024
47.1983
47.1955
47.1947
47.1933
47.1924
47.1924
47.1933
47.1947
47.1955
47.1983
47.2024
47.1878
47.182
47.1778
47.1755
47.1755
47.1778
47.182
47.1878
47.2024
43.8448
43.8452
43.8458
43.846
43.8461
43.8461
43.846
43.8458
43.8452
43.8448
43.8621
43.8634
43.8648
43.8655
43.8658
43.8658
43.8655
43.8648
43.8634
43.8621
43.8819
43.884
43.886
43.8871
43.8877
43.8877
43.8871
43.886
43.884
43.8819
43.8989
43.9013
43.9038
43.905
43.9057
43.9057
43.905
43.9038
43.9013
43.8989
43.9127
43.915
43.9175
43.9187
43.9193
43.9193
43.9187
43.9175
43.915
43.9127
43.9235
43.9254
43.9277
43.9286
43.9291
43.9291
43.9286
43.9277
43.9254
43.9235
43.9314
43.9328
43.9346
43.9353
43.9355
43.9355
43.9353
43.9346
43.9328
43.9314
43.9367
43.9376
43.939
43.9393
43.9393
43.9393
43.9393
43.939
43.9376
43.9367
43.9412
43.9414
43.9418
43.9415
43.9412
43.9412
43.9415
43.9418
43.9414
43.9412
43.9492
43.9442
43.9423
43.9407
43.9399
43.9399
43.9407
43.9423
43.9442
43.9492
40.6033
40.6039
40.6046
40.6049
40.6051
40.6051
40.6049
40.6046
40.6039
40.6033
40.6099
40.6109
40.6119
40.6125
40.6128
40.6128
40.6125
40.6119
40.6109
40.6099
40.6175
40.6188
40.6201
40.6209
40.6214
40.6214
40.6209
40.6201
40.6188
40.6175
40.6244
40.626
40.6275
40.6285
40.629
40.629
40.6285
40.6275
40.626
40.6244
40.6305
40.6321
40.6338
40.6348
40.6353
40.6353
40.6348
40.6338
40.6321
40.6305
40.6356
40.6372
40.6388
40.6398
40.6402
40.6402
40.6398
40.6388
40.6372
40.6356
40.6396
40.6411
40.6426
40.6435
40.6439
40.6439
40.6435
40.6426
40.6411
40.6396
40.6426
40.6439
40.6453
40.646
40.6463
40.6463
40.646
40.6453
40.6439
40.6426
40.6452
40.6463
40.6472
40.6476
40.6478
40.6478
40.6476
40.6472
40.6463
40.6452
40.6494
40.6481
40.648
40.6477
40.6476
40.6476
40.6477
40.648
40.6481
40.6494
37.3688
37.3689
37.369
37.3691
37.3691
37.3691
37.3691
37.369
37.3689
37.3688
37.3713
37.3716
37.3718
37.372
37.372
37.372
37.372
37.3718
37.3716
37.3713
37.3744
37.3749
37.3753
37.3756
37.3757
37.3757
37.3756
37.3753
37.3749
37.3744
37.3777
37.3783
37.3789
37.3792
37.3794
37.3794
37.3792
37.3789
37.3783
37.3777
37.3808
37.3816
37.3822
37.3826
37.3828
37.3828
37.3826
37.3822
37.3816
37.3808
37.3838
37.3846
37.3854
37.3858
37.386
37.386
37.3858
37.3854
37.3846
37.3838
37.3865
37.3874
37.3881
37.3885
37.3887
37.3887
37.3885
37.3881
37.3874
37.3865
37.3889
37.3898
37.3905
37.3909
37.3911
37.3911
37.3909
37.3905
37.3898
37.3889
37.3913
37.3921
37.3927
37.393
37.3931
37.3931
37.393
37.3927
37.3921
37.3913
37.3943
37.3942
37.3944
37.3944
37.3944
37.3944
37.3944
37.3944
37.3942
37.3943
34.1236
34.1237
34.1238
34.1238
34.1239
34.1239
34.1238
34.1238
34.1237
34.1236
34.1243
34.1245
34.1247
34.1248
34.1248
34.1248
34.1248
34.1247
34.1245
34.1243
34.1254
34.1256
34.1259
34.126
34.1261
34.1261
34.126
34.1259
34.1256
34.1254
34.1266
34.1269
34.1272
34.1274
34.1275
34.1275
34.1274
34.1272
34.1269
34.1266
34.1278
34.1282
34.1286
34.1288
34.1289
34.1289
34.1288
34.1286
34.1282
34.1278
34.1291
34.1295
34.1299
34.1302
34.1303
34.1303
34.1302
34.1299
34.1295
34.1291
34.1302
34.1307
34.1312
34.1314
34.1315
34.1315
34.1314
34.1312
34.1307
34.1302
34.1313
34.1318
34.1323
34.1325
34.1327
34.1327
34.1325
34.1323
34.1318
34.1313
34.1324
34.1329
34.1333
34.1335
34.1336
34.1336
34.1335
34.1333
34.1329
34.1324
34.1337
34.1339
34.1341
34.1342
34.1342
34.1342
34.1342
34.1341
34.1339
34.1337
30.8772
30.8772
30.8772
30.8772
30.8772
30.8772
30.8772
30.8772
30.8772
30.8772
30.8774
30.8774
30.8775
30.8775
30.8775
30.8775
30.8775
30.8775
30.8774
30.8774
30.8777
30.8778
30.8779
30.8779
30.878
30.878
30.8779
30.8779
30.8778
30.8777
30.8782
30.8784
30.8785
30.8785
30.8786
30.8786
30.8785
30.8785
30.8784
30.8782
30.8788
30.879
30.8791
30.8792
30.8792
30.8792
30.8792
30.8791
30.879
30.8788
30.8794
30.8796
30.8798
30.8799
30.88
30.88
30.8799
30.8798
30.8796
30.8794
30.8801
30.8803
30.8805
30.8806
30.8807
30.8807
30.8806
30.8805
30.8803
30.8801
30.8807
30.881
30.8812
30.8813
30.8814
30.8814
30.8813
30.8812
30.881
30.8807
30.8814
30.8816
30.8818
30.882
30.882
30.882
30.882
30.8818
30.8816
30.8814
30.8821
30.8823
30.8824
30.8825
30.8825
30.8825
30.8825
30.8824
30.8823
30.8821
27.6281
27.6281
27.6281
27.6281
27.6281
27.6281
27.6281
27.6281
27.6281
27.6281
27.6281
27.6281
27.6281
27.6281
27.6281
27.6281
27.6281
27.6281
27.6281
27.6281
27.6282
27.6282
27.6282
27.6282
27.6283
27.6283
27.6282
27.6282
27.6282
27.6282
27.6283
27.6284
27.6284
27.6284
27.6285
27.6285
27.6284
27.6284
27.6284
27.6283
27.6285
27.6286
27.6286
27.6287
27.6287
27.6287
27.6287
27.6286
27.6286
27.6285
27.6287
27.6288
27.6289
27.629
27.629
27.629
27.629
27.6289
27.6288
27.6287
27.629
27.6291
27.6292
27.6293
27.6293
27.6293
27.6293
27.6292
27.6291
27.629
27.6293
27.6294
27.6295
27.6295
27.6296
27.6296
27.6295
27.6295
27.6294
27.6293
27.6295
27.6297
27.6298
27.6298
27.6299
27.6299
27.6298
27.6298
27.6297
27.6295
27.6298
27.6299
27.63
27.6301
27.6301
27.6301
27.6301
27.63
27.6299
27.6298
24.3784
24.3784
24.3784
24.3784
24.3784
24.3784
24.3784
24.3784
24.3784
24.3784
24.3784
24.3784
24.3784
24.3784
24.3784
24.3784
24.3784
24.3784
24.3784
24.3784
24.3784
24.3784
24.3784
24.3784
24.3784
24.3784
24.3784
24.3784
24.3784
24.3784
24.3784
24.3785
24.3785
24.3785
24.3785
24.3785
24.3785
24.3785
24.3785
24.3784
24.3785
24.3786
24.3786
24.3786
24.3786
24.3786
24.3786
24.3786
24.3786
24.3785
24.3786
24.3787
24.3787
24.3787
24.3787
24.3787
24.3787
24.3787
24.3787
24.3786
24.3787
24.3788
24.3788
24.3789
24.3789
24.3789
24.3789
24.3788
24.3788
24.3787
24.3789
24.3789
24.379
24.379
24.379
24.379
24.379
24.379
24.3789
24.3789
24.379
24.3791
24.3791
24.3792
24.3792
24.3792
24.3792
24.3791
24.3791
24.379
24.3792
24.3792
24.3793
24.3793
24.3793
24.3793
24.3793
24.3793
24.3792
24.3792
21.1282
21.1282
21.1282
21.1282
21.1282
21.1282
21.1282
21.1282
21.1282
21.1282
21.1281
21.1281
21.1281
21.1281
21.1281
21.1281
21.1281
21.1281
21.1281
21.1281
21.1281
21.1281
21.1281
21.1281
21.1281
21.1281
21.1281
21.1281
21.1281
21.1281
21.1281
21.1281
21.1281
21.1282
21.1282
21.1282
21.1282
21.1281
21.1281
21.1281
21.1282
21.1282
21.1282
21.1282
21.1282
21.1282
21.1282
21.1282
21.1282
21.1282
21.1282
21.1282
21.1282
21.1282
21.1282
21.1282
21.1282
21.1282
21.1282
21.1282
21.1282
21.1283
21.1283
21.1283
21.1283
21.1283
21.1283
21.1283
21.1283
21.1282
21.1283
21.1283
21.1283
21.1283
21.1283
21.1283
21.1283
21.1283
21.1283
21.1283
21.1283
21.1284
21.1284
21.1284
21.1284
21.1284
21.1284
21.1284
21.1284
21.1283
21.1284
21.1284
21.1284
21.1285
21.1285
21.1285
21.1285
21.1284
21.1284
21.1284
17.8778
17.8778
17.8778
17.8778
17.8778
17.8778
17.8778
17.8778
17.8778
17.8778
17.8778
17.8778
17.8778
17.8778
17.8778
17.8778
17.8778
17.8778
17.8778
17.8778
17.8778
17.8778
17.8778
17.8778
17.8778
17.8778
17.8778
17.8778
17.8778
17.8778
17.8778
17.8778
17.8778
17.8778
17.8778
17.8778
17.8778
17.8778
17.8778
17.8778
17.8778
17.8778
17.8778
17.8778
17.8778
17.8778
17.8778
17.8778
17.8778
17.8778
17.8778
17.8778
17.8778
17.8778
17.8778
17.8778
17.8778
17.8778
17.8778
17.8778
17.8778
17.8778
17.8778
17.8778
17.8778
17.8778
17.8778
17.8778
17.8778
17.8778
17.8778
17.8778
17.8778
17.8779
17.8779
17.8779
17.8779
17.8778
17.8778
17.8778
17.8779
17.8779
17.8779
17.8779
17.8779
17.8779
17.8779
17.8779
17.8779
17.8779
17.8779
17.8779
17.8779
17.8779
17.8779
17.8779
17.8779
17.8779
17.8779
17.8779
14.6273
14.6273
14.6273
14.6273
14.6273
14.6273
14.6273
14.6273
14.6273
14.6273
14.6273
14.6273
14.6273
14.6273
14.6273
14.6273
14.6273
14.6273
14.6273
14.6273
14.6273
14.6273
14.6273
14.6273
14.6273
14.6273
14.6273
14.6273
14.6273
14.6273
14.6273
14.6273
14.6273
14.6273
14.6273
14.6273
14.6273
14.6273
14.6273
14.6273
14.6273
14.6273
14.6273
14.6273
14.6273
14.6273
14.6273
14.6273
14.6273
14.6273
14.6273
14.6273
14.6273
14.6273
14.6273
14.6273
14.6273
14.6273
14.6273
14.6273
14.6273
14.6273
14.6273
14.6273
14.6273
14.6273
14.6273
14.6273
14.6273
14.6273
14.6273
14.6273
14.6273
14.6273
14.6273
14.6273
14.6273
14.6273
14.6273
14.6273
14.6273
14.6273
14.6273
14.6273
14.6273
14.6273
14.6273
14.6273
14.6273
14.6273
14.6273
14.6273
14.6273
14.6273
14.6273
14.6273
14.6273
14.6273
14.6273
14.6273
11.3768
11.3768
11.3768
11.3768
11.3768
11.3768
11.3768
11.3768
11.3768
11.3768
11.3768
11.3768
11.3768
11.3768
11.3768
11.3768
11.3768
11.3768
11.3768
11.3768
11.3768
11.3768
11.3768
11.3768
11.3768
11.3768
11.3768
11.3768
11.3768
11.3768
11.3768
11.3768
11.3768
11.3768
11.3768
11.3768
11.3768
11.3768
11.3768
11.3768
11.3768
11.3768
11.3768
11.3768
11.3768
11.3768
11.3768
11.3768
11.3768
11.3768
11.3768
11.3768
11.3768
11.3768
11.3768
11.3768
11.3768
11.3768
11.3768
11.3768
11.3768
11.3768
11.3768
11.3768
11.3768
11.3768
11.3768
11.3768
11.3768
11.3768
11.3768
11.3768
11.3768
11.3768
11.3768
11.3768
11.3768
11.3768
11.3768
11.3768
11.3768
11.3768
11.3768
11.3768
11.3768
11.3768
11.3768
11.3768
11.3768
11.3768
11.3768
11.3768
11.3768
11.3768
11.3768
11.3768
11.3768
11.3768
11.3768
11.3768
8.1263
8.1263
8.1263
8.1263
8.1263
8.1263
8.1263
8.1263
8.1263
8.1263
8.12629
8.12629
8.12629
8.12629
8.12629
8.12629
8.12629
8.12629
8.12629
8.12629
8.12629
8.12629
8.12629
8.12629
8.12629
8.12629
8.12629
8.12629
8.12629
8.12629
8.12629
8.12629
8.12629
8.12629
8.12629
8.12629
8.12629
8.12629
8.12629
8.12629
8.12629
8.12629
8.12629
8.12629
8.12629
8.12629
8.12629
8.12629
8.12629
8.12629
8.12629
8.12629
8.12629
8.12629
8.12629
8.12629
8.12629
8.12629
8.12629
8.12629
8.12629
8.12629
8.12629
8.12629
8.12629
8.12629
8.12629
8.12629
8.12629
8.12629
8.12629
8.12629
8.12629
8.12629
8.12629
8.12629
8.12629
8.12629
8.12629
8.12629
8.12629
8.12629
8.12629
8.12629
8.12629
8.12629
8.12629
8.12629
8.12629
8.12629
8.12629
8.12629
8.12629
8.12629
8.12629
8.12629
8.12629
8.12629
8.12629
8.12629
4.87578
4.87578
4.87578
4.87578
4.87578
4.87578
4.87578
4.87578
4.87578
4.87578
4.87578
4.87578
4.87578
4.87578
4.87578
4.87578
4.87578
4.87578
4.87578
4.87578
4.87578
4.87578
4.87578
4.87578
4.87578
4.87578
4.87578
4.87578
4.87578
4.87578
4.87578
4.87578
4.87578
4.87578
4.87578
4.87578
4.87578
4.87578
4.87578
4.87578
4.87578
4.87578
4.87578
4.87578
4.87578
4.87578
4.87578
4.87578
4.87578
4.87578
4.87577
4.87577
4.87577
4.87577
4.87577
4.87577
4.87577
4.87577
4.87578
4.87578
4.87577
4.87577
4.87577
4.87577
4.87577
4.87577
4.87577
4.87577
4.87577
4.87577
4.87577
4.87577
4.87577
4.87577
4.87577
4.87577
4.87577
4.87577
4.87577
4.87577
4.87577
4.87577
4.87577
4.87577
4.87577
4.87577
4.87577
4.87577
4.87577
4.87577
4.87577
4.87577
4.87577
4.87577
4.87577
4.87577
4.87577
4.87577
4.87577
4.87577
1.62526
1.62526
1.62526
1.62526
1.62526
1.62526
1.62526
1.62526
1.62526
1.62526
1.62526
1.62526
1.62526
1.62526
1.62526
1.62526
1.62526
1.62526
1.62526
1.62526
1.62526
1.62526
1.62526
1.62526
1.62526
1.62526
1.62526
1.62526
1.62526
1.62526
1.62526
1.62526
1.62526
1.62526
1.62526
1.62526
1.62526
1.62526
1.62526
1.62526
1.62526
1.62526
1.62526
1.62526
1.62526
1.62526
1.62526
1.62526
1.62526
1.62526
1.62526
1.62526
1.62526
1.62526
1.62526
1.62526
1.62526
1.62526
1.62526
1.62526
1.62526
1.62526
1.62526
1.62526
1.62526
1.62526
1.62526
1.62526
1.62526
1.62526
1.62526
1.62526
1.62526
1.62526
1.62526
1.62526
1.62526
1.62526
1.62526
1.62526
1.62525
1.62525
1.62525
1.62525
1.62525
1.62525
1.62525
1.62525
1.62525
1.62525
1.62525
1.62525
1.62525
1.62525
1.62525
1.62525
1.62525
1.62525
1.62525
1.62525
60.8624
60.1716
59.7337
59.4549
59.3165
59.3165
59.4549
59.7337
60.1717
60.8624
60.1716
59.5814
59.1362
58.839
58.6916
58.6916
58.839
59.1362
59.5814
60.1717
59.7337
59.1362
58.6717
58.362
58.2091
58.2091
58.362
58.6717
59.1362
59.7337
59.4549
58.839
58.362
58.0463
57.8909
57.8909
58.0463
58.362
58.839
59.4549
59.3165
58.6916
58.2091
57.8909
57.7345
57.7345
57.8909
58.2091
58.6916
59.3165
59.3165
58.6916
58.2091
57.8909
57.7345
57.7345
57.8909
58.2091
58.6916
59.3165
59.4549
58.839
58.362
58.0463
57.8909
57.8909
58.0463
58.362
58.839
59.4549
59.7337
59.1362
58.6717
58.362
58.2091
58.2091
58.362
58.6717
59.1362
59.7337
60.1717
59.5814
59.1362
58.839
58.6916
58.6916
58.839
59.1362
59.5814
60.1717
60.8624
60.1717
59.7337
59.4549
59.3165
59.3165
59.4549
59.7337
60.1717
60.8624
58.6783
58.3997
58.2335
58.1241
58.0685
58.0685
58.1241
58.2335
58.3997
58.6783
58.3997
58.1787
57.9906
57.8595
57.7939
57.7939
57.8595
57.9906
58.1787
58.3997
58.2335
57.9906
57.7792
57.6342
57.5625
57.5625
57.6342
57.7792
57.9906
58.2335
58.1241
57.8595
57.6342
57.4818
57.4068
57.4068
57.4818
57.6342
57.8595
58.1241
58.0685
57.7939
57.5625
57.4068
57.3302
57.3302
57.4068
57.5625
57.7939
58.0685
58.0685
57.7939
57.5625
57.4068
57.3302
57.3302
57.4068
57.5625
57.7939
58.0685
58.1241
57.8595
57.6342
57.4818
57.4068
57.4068
57.4818
57.6342
57.8595
58.1241
58.2335
57.9906
57.7792
57.6342
57.5625
57.5625
57.6342
57.7792
57.9906
58.2335
58.3997
58.1787
57.9906
57.8595
57.7939
57.7939
57.8595
57.9906
58.1787
58.3997
58.6783
58.3997
58.2335
58.1241
58.0685
58.0685
58.1241
58.2335
58.3997
58.6783
57.1761
57.0239
56.9298
56.8644
56.8307
56.8307
56.8644
56.9298
57.0239
57.1761
57.0239
56.9027
56.7885
56.7057
56.664
56.664
56.7057
56.7885
56.9027
57.0239
56.9298
56.7885
56.6551
56.5617
56.5154
56.5154
56.5617
56.6552
56.7885
56.9298
56.8644
56.7057
56.5617
56.463
56.4142
56.4142
56.463
56.5617
56.7057
56.8644
56.8307
56.664
56.5154
56.4142
56.3643
56.3643
56.4142
56.5154
56.664
56.8307
56.8307
56.664
56.5154
56.4142
56.3643
56.3643
56.4142
56.5154
56.664
56.8307
56.8644
56.7057
56.5617
56.463
56.4142
56.4142
56.463
56.5617
56.7057
56.8644
56.9298
56.7885
56.6552
56.5617
56.5154
56.5154
56.5617
56.6552
56.7885
56.9299
57.0239
56.9027
56.7885
56.7057
56.664
56.664
56.7057
56.7885
56.9027
57.0239
57.1761
57.0239
56.9298
56.8644
56.8307
56.8307
56.8644
56.9299
57.0239
57.1761
53.5518
53.5167
53.4972
53.4813
53.4727
53.4727
53.4813
53.4972
53.5167
53.5518
53.5167
53.4909
53.4557
53.4279
53.4139
53.4139
53.4279
53.4557
53.4909
53.5167
53.4972
53.4557
53.4084
53.3742
53.3573
53.3573
53.3742
53.4084
53.4557
53.4972
53.4813
53.4279
53.3742
53.3367
53.3183
53.3183
53.3367
53.3742
53.4279
53.4813
53.4727
53.4139
53.3573
53.3183
53.2991
53.2991
53.3183
53.3573
53.4139
53.4727
53.4727
53.4139
53.3573
53.3183
53.2991
53.2991
53.3183
53.3573
53.4139
53.4727
53.4813
53.4279
53.3742
53.3367
53.3183
53.3183
53.3367
53.3742
53.428
53.4813
53.4972
53.4557
53.4084
53.3742
53.3573
53.3573
53.3742
53.4085
53.4557
53.4972
53.5167
53.4909
53.4557
53.4279
53.4139
53.4139
53.428
53.4557
53.4909
53.5167
53.5518
53.5167
53.4972
53.4813
53.4727
53.4727
53.4813
53.4972
53.5167
53.5518
50.5526
50.5455
50.5413
50.5363
50.5334
50.5334
50.5363
50.5413
50.5455
50.5526
50.5455
50.5419
50.5294
50.5184
50.5127
50.5127
50.5184
50.5294
50.5419
50.5455
50.5413
50.5294
50.5106
50.4963
50.4892
50.4892
50.4963
50.5106
50.5294
50.5413
50.5363
50.5184
50.4963
50.4804
50.4726
50.4726
50.4804
50.4963
50.5184
50.5363
50.5334
50.5127
50.4892
50.4726
50.4644
50.4644
50.4726
50.4892
50.5127
50.5334
50.5334
50.5127
50.4892
50.4726
50.4644
50.4644
50.4726
50.4892
50.5127
50.5334
50.5363
50.5184
50.4963
50.4804
50.4726
50.4726
50.4804
50.4963
50.5184
50.5363
50.5413
50.5294
50.5106
50.4963
50.4892
50.4892
50.4963
50.5106
50.5294
50.5413
50.5455
50.5419
50.5294
50.5184
50.5127
50.5127
50.5184
50.5294
50.5419
50.5455
50.5526
50.5455
50.5413
50.5363
50.5334
50.5334
50.5363
50.5413
50.5455
50.5526
47.1536
47.1569
47.1594
47.1599
47.1601
47.1601
47.1599
47.1594
47.1569
47.1536
47.1569
47.1604
47.1582
47.1554
47.154
47.154
47.1554
47.1582
47.1604
47.1569
47.1594
47.1582
47.1527
47.1483
47.1462
47.1462
47.1483
47.1527
47.1582
47.1594
47.1599
47.1554
47.1483
47.1431
47.1406
47.1406
47.1431
47.1483
47.1554
47.1599
47.1601
47.154
47.1462
47.1406
47.1379
47.1379
47.1406
47.1462
47.154
47.1601
47.1601
47.154
47.1462
47.1406
47.1379
47.1379
47.1406
47.1462
47.154
47.1601
47.1599
47.1554
47.1483
47.1431
47.1406
47.1406
47.1431
47.1483
47.1554
47.1599
47.1594
47.1582
47.1527
47.1483
47.1462
47.1462
47.1483
47.1527
47.1582
47.1594
47.1569
47.1604
47.1582
47.1554
47.154
47.154
47.1554
47.1582
47.1604
47.1569
47.1536
47.1569
47.1594
47.1599
47.1601
47.1601
47.1599
47.1594
47.1569
47.1536
43.929
43.9331
43.9359
43.9371
43.9377
43.9377
43.9371
43.9359
43.9331
43.929
43.9331
43.9374
43.9382
43.938
43.938
43.938
43.938
43.9382
43.9374
43.9331
43.9359
43.9382
43.9376
43.9368
43.9365
43.9365
43.9368
43.9376
43.9382
43.9359
43.9371
43.938
43.9368
43.9358
43.9353
43.9353
43.9358
43.9368
43.938
43.9371
43.9377
43.938
43.9365
43.9353
43.9348
43.9348
43.9353
43.9365
43.938
43.9377
43.9377
43.938
43.9365
43.9353
43.9348
43.9348
43.9353
43.9365
43.938
43.9377
43.9371
43.938
43.9368
43.9358
43.9353
43.9353
43.9358
43.9368
43.938
43.9371
43.9359
43.9382
43.9376
43.9368
43.9365
43.9365
43.9368
43.9376
43.9382
43.9359
43.9331
43.9374
43.9382
43.938
43.938
43.938
43.938
43.9382
43.9374
43.9331
43.929
43.9331
43.9359
43.9371
43.9377
43.9377
43.9371
43.9359
43.9331
43.929
40.6408
40.6435
40.6453
40.6463
40.6468
40.6468
40.6463
40.6453
40.6435
40.6408
40.6435
40.646
40.6469
40.6473
40.6474
40.6474
40.6473
40.6469
40.646
40.6435
40.6453
40.6469
40.6472
40.6473
40.6473
40.6473
40.6473
40.6472
40.6469
40.6453
40.6463
40.6473
40.6473
40.6472
40.6472
40.6472
40.6472
40.6473
40.6473
40.6463
40.6468
40.6474
40.6473
40.6472
40.6471
40.6471
40.6472
40.6473
40.6474
40.6468
40.6468
40.6474
40.6473
40.6472
40.6471
40.6471
40.6472
40.6473
40.6474
40.6468
40.6463
40.6473
40.6473
40.6472
40.6472
40.6472
40.6472
40.6473
40.6473
40.6463
40.6453
40.6469
40.6472
40.6473
40.6473
40.6473
40.6473
40.6472
40.6469
40.6453
40.6435
40.646
40.6469
40.6473
40.6474
40.6474
40.6473
40.6469
40.646
40.6435
40.6408
40.6435
40.6453
40.6463
40.6468
40.6468
40.6463
40.6453
40.6435
40.6408
37.3915
37.3931
37.3943
37.3949
37.3952
37.3952
37.3949
37.3943
37.3931
37.3915
37.3931
37.3948
37.3956
37.396
37.3962
37.3962
37.396
37.3956
37.3948
37.3931
37.3943
37.3956
37.3962
37.3965
37.3967
37.3967
37.3965
37.3962
37.3956
37.3943
37.3949
37.396
37.3965
37.3969
37.397
37.397
37.3969
37.3965
37.396
37.3949
37.3952
37.3962
37.3967
37.397
37.3972
37.3972
37.397
37.3967
37.3962
37.3952
37.3952
37.3962
37.3967
37.397
37.3972
37.3972
37.397
37.3967
37.3962
37.3952
37.3949
37.396
37.3965
37.3969
37.397
37.397
37.3969
37.3965
37.396
37.3949
37.3943
37.3956
37.3962
37.3965
37.3967
37.3967
37.3965
37.3962
37.3956
37.3943
37.3931
37.3948
37.3956
37.396
37.3962
37.3962
37.396
37.3956
37.3948
37.3931
37.3915
37.3931
37.3943
37.3949
37.3952
37.3952
37.3949
37.3943
37.3931
37.3915
34.1327
34.1335
34.1341
34.1344
34.1346
34.1346
34.1344
34.1341
34.1335
34.1327
34.1335
34.1343
34.1347
34.135
34.1351
34.1351
34.135
34.1347
34.1343
34.1335
34.1341
34.1347
34.1351
34.1353
34.1354
34.1354
34.1353
34.1351
34.1347
34.1341
34.1344
34.135
34.1353
34.1355
34.1356
34.1356
34.1355
34.1353
34.135
34.1344
34.1346
34.1351
34.1354
34.1356
34.1357
34.1357
34.1356
34.1354
34.1351
34.1346
34.1346
34.1351
34.1354
34.1356
34.1357
34.1357
34.1356
34.1354
34.1351
34.1346
34.1344
34.135
34.1353
34.1355
34.1356
34.1356
34.1355
34.1353
34.135
34.1344
34.1341
34.1347
34.1351
34.1353
34.1354
34.1354
34.1353
34.1351
34.1347
34.1341
34.1335
34.1343
34.1347
34.135
34.1351
34.1351
34.135
34.1347
34.1343
34.1335
34.1327
34.1335
34.1341
34.1344
34.1346
34.1346
34.1344
34.1341
34.1335
34.1327
30.882
30.8824
30.8827
30.8828
30.8829
30.8829
30.8828
30.8827
30.8824
30.882
30.8824
30.8828
30.883
30.8832
30.8833
30.8833
30.8832
30.883
30.8828
30.8824
30.8827
30.883
30.8833
30.8835
30.8835
30.8835
30.8835
30.8833
30.883
30.8827
30.8828
30.8832
30.8835
30.8836
30.8837
30.8837
30.8836
30.8835
30.8832
30.8828
30.8829
30.8833
30.8835
30.8837
30.8838
30.8838
30.8837
30.8835
30.8833
30.8829
30.8829
30.8833
30.8835
30.8837
30.8838
30.8838
30.8837
30.8835
30.8833
30.8829
30.8828
30.8832
30.8835
30.8836
30.8837
30.8837
30.8836
30.8835
30.8832
30.8828
30.8827
30.883
30.8833
30.8835
30.8835
30.8835
30.8835
30.8833
30.883
30.8827
30.8824
30.8828
30.883
30.8832
30.8833
30.8833
30.8832
30.883
30.8828
30.8824
30.882
30.8824
30.8827
30.8828
30.8829
30.8829
30.8828
30.8827
30.8824
30.882
27.6298
27.63
27.6301
27.6302
27.6303
27.6303
27.6302
27.6301
27.63
27.6298
27.63
27.6302
27.6303
27.6304
27.6304
27.6304
27.6304
27.6303
27.6302
27.63
27.6301
27.6303
27.6304
27.6305
27.6305
27.6305
27.6305
27.6304
27.6303
27.6301
27.6302
27.6304
27.6305
27.6306
27.6306
27.6306
27.6306
27.6305
27.6304
27.6302
27.6303
27.6304
27.6305
27.6306
27.6307
27.6307
27.6306
27.6305
27.6304
27.6303
27.6303
27.6304
27.6305
27.6306
27.6307
27.6307
27.6306
27.6305
27.6304
27.6303
27.6302
27.6304
27.6305
27.6306
27.6306
27.6306
27.6306
27.6305
27.6304
27.6302
27.6301
27.6303
27.6304
27.6305
27.6305
27.6305
27.6305
27.6304
27.6303
27.6301
27.63
27.6302
27.6303
27.6304
27.6304
27.6304
27.6304
27.6303
27.6302
27.63
27.6298
27.63
27.6301
27.6302
27.6303
27.6303
27.6302
27.6301
27.63
27.6298
24.3792
24.3793
24.3794
24.3794
24.3794
24.3794
24.3794
24.3794
24.3793
24.3792
24.3793
24.3794
24.3795
24.3795
24.3795
24.3795
24.3795
24.3795
24.3794
24.3793
24.3794
24.3795
24.3795
24.3796
24.3796
24.3796
24.3796
24.3795
24.3795
24.3794
24.3794
24.3795
24.3796
24.3796
24.3796
24.3796
24.3796
24.3796
24.3795
24.3794
24.3794
24.3795
24.3796
24.3796
24.3797
24.3797
24.3796
24.3796
24.3795
24.3794
24.3794
24.3795
24.3796
24.3796
24.3797
24.3797
24.3796
24.3796
24.3795
24.3794
24.3794
24.3795
24.3796
24.3796
24.3796
24.3796
24.3796
24.3796
24.3795
24.3794
24.3794
24.3795
24.3795
24.3796
24.3796
24.3796
24.3796
24.3795
24.3795
24.3794
24.3793
24.3794
24.3795
24.3795
24.3795
24.3795
24.3795
24.3795
24.3794
24.3793
24.3792
24.3793
24.3794
24.3794
24.3794
24.3794
24.3794
24.3794
24.3793
24.3792
21.1284
21.1285
21.1285
21.1285
21.1285
21.1285
21.1285
21.1285
21.1285
21.1284
21.1285
21.1285
21.1285
21.1285
21.1285
21.1285
21.1285
21.1285
21.1285
21.1285
21.1285
21.1285
21.1285
21.1286
21.1286
21.1286
21.1286
21.1285
21.1285
21.1285
21.1285
21.1285
21.1286
21.1286
21.1286
21.1286
21.1286
21.1286
21.1285
21.1285
21.1285
21.1285
21.1286
21.1286
21.1286
21.1286
21.1286
21.1286
21.1285
21.1285
21.1285
21.1285
21.1286
21.1286
21.1286
21.1286
21.1286
21.1286
21.1285
21.1285
21.1285
21.1285
21.1286
21.1286
21.1286
21.1286
21.1286
21.1286
21.1285
21.1285
21.1285
21.1285
21.1285
21.1286
21.1286
21.1286
21.1286
21.1285
21.1285
21.1285
21.1285
21.1285
21.1285
21.1285
21.1285
21.1285
21.1285
21.1285
21.1285
21.1285
21.1284
21.1285
21.1285
21.1285
21.1285
21.1285
21.1285
21.1285
21.1285
21.1284
17.8779
17.8779
17.8779
17.8779
17.8779
17.8779
17.8779
17.8779
17.8779
17.8779
17.8779
17.8779
17.8779
17.878
17.878
17.878
17.878
17.8779
17.8779
17.8779
17.8779
17.8779
17.878
17.878
17.878
17.878
17.878
17.878
17.8779
17.8779
17.8779
17.878
17.878
17.878
17.878
17.878
17.878
17.878
17.878
17.8779
17.8779
17.878
17.878
17.878
17.878
17.878
17.878
17.878
17.878
17.8779
17.8779
17.878
17.878
17.878
17.878
17.878
17.878
17.878
17.878
17.8779
17.8779
17.878
17.878
17.878
17.878
17.878
17.878
17.878
17.878
17.8779
17.8779
17.8779
17.878
17.878
17.878
17.878
17.878
17.878
17.8779
17.8779
17.8779
17.8779
17.8779
17.878
17.878
17.878
17.878
17.8779
17.8779
17.8779
17.8779
17.8779
17.8779
17.8779
17.8779
17.8779
17.8779
17.8779
17.8779
17.8779
14.6273
14.6273
14.6273
14.6273
14.6274
14.6274
14.6273
14.6273
14.6273
14.6273
14.6273
14.6273
14.6274
14.6274
14.6274
14.6274
14.6274
14.6274
14.6273
14.6273
14.6273
14.6274
14.6274
14.6274
14.6274
14.6274
14.6274
14.6274
14.6274
14.6273
14.6273
14.6274
14.6274
14.6274
14.6274
14.6274
14.6274
14.6274
14.6274
14.6273
14.6274
14.6274
14.6274
14.6274
14.6274
14.6274
14.6274
14.6274
14.6274
14.6274
14.6274
14.6274
14.6274
14.6274
14.6274
14.6274
14.6274
14.6274
14.6274
14.6274
14.6273
14.6274
14.6274
14.6274
14.6274
14.6274
14.6274
14.6274
14.6274
14.6273
14.6273
14.6274
14.6274
14.6274
14.6274
14.6274
14.6274
14.6274
14.6274
14.6273
14.6273
14.6273
14.6274
14.6274
14.6274
14.6274
14.6274
14.6274
14.6273
14.6273
14.6273
14.6273
14.6273
14.6273
14.6274
14.6274
14.6273
14.6273
14.6273
14.6273
11.3768
11.3768
11.3768
11.3768
11.3768
11.3768
11.3768
11.3768
11.3768
11.3768
11.3768
11.3768
11.3768
11.3768
11.3768
11.3768
11.3768
11.3768
11.3768
11.3768
11.3768
11.3768
11.3768
11.3768
11.3768
11.3768
11.3768
11.3768
11.3768
11.3768
11.3768
11.3768
11.3768
11.3768
11.3768
11.3768
11.3768
11.3768
11.3768
11.3768
11.3768
11.3768
11.3768
11.3768
11.3768
11.3768
11.3768
11.3768
11.3768
11.3768
11.3768
11.3768
11.3768
11.3768
11.3768
11.3768
11.3768
11.3768
11.3768
11.3768
11.3768
11.3768
11.3768
11.3768
11.3768
11.3768
11.3768
11.3768
11.3768
11.3768
11.3768
11.3768
11.3768
11.3768
11.3768
11.3768
11.3768
11.3768
11.3768
11.3768
11.3768
11.3768
11.3768
11.3768
11.3768
11.3768
11.3768
11.3768
11.3768
11.3768
11.3768
11.3768
11.3768
11.3768
11.3768
11.3768
11.3768
11.3768
11.3768
11.3768
8.12629
8.12629
8.12629
8.1263
8.1263
8.1263
8.12629
8.12629
8.12629
8.12629
8.12629
8.12629
8.1263
8.1263
8.1263
8.1263
8.1263
8.1263
8.12629
8.12629
8.12629
8.1263
8.1263
8.1263
8.1263
8.1263
8.1263
8.1263
8.1263
8.12629
8.1263
8.1263
8.1263
8.1263
8.1263
8.1263
8.1263
8.1263
8.1263
8.12629
8.1263
8.1263
8.1263
8.1263
8.1263
8.1263
8.1263
8.1263
8.1263
8.12629
8.1263
8.1263
8.1263
8.1263
8.1263
8.1263
8.1263
8.1263
8.1263
8.12629
8.12629
8.1263
8.1263
8.1263
8.1263
8.1263
8.1263
8.1263
8.1263
8.12629
8.12629
8.1263
8.1263
8.1263
8.1263
8.1263
8.1263
8.1263
8.12629
8.12629
8.12629
8.12629
8.1263
8.1263
8.1263
8.1263
8.1263
8.12629
8.12629
8.12629
8.12629
8.12629
8.12629
8.12629
8.12629
8.12629
8.12629
8.12629
8.12629
8.12629
4.87577
4.87577
4.87577
4.87577
4.87577
4.87577
4.87577
4.87577
4.87577
4.87577
4.87577
4.87577
4.87577
4.87577
4.87577
4.87577
4.87577
4.87577
4.87577
4.87577
4.87577
4.87577
4.87577
4.87577
4.87577
4.87577
4.87577
4.87577
4.87577
4.87577
4.87577
4.87577
4.87577
4.87577
4.87577
4.87577
4.87577
4.87577
4.87577
4.87577
4.87577
4.87577
4.87577
4.87577
4.87577
4.87577
4.87577
4.87577
4.87577
4.87577
4.87577
4.87577
4.87577
4.87577
4.87577
4.87577
4.87577
4.87577
4.87577
4.87577
4.87577
4.87577
4.87577
4.87577
4.87577
4.87577
4.87577
4.87577
4.87577
4.87577
4.87577
4.87577
4.87577
4.87577
4.87577
4.87577
4.87577
4.87577
4.87577
4.87577
4.87577
4.87577
4.87577
4.87577
4.87577
4.87577
4.87577
4.87577
4.87577
4.87577
4.87577
4.87577
4.87577
4.87577
4.87577
4.87577
4.87577
4.87577
4.87577
4.87577
1.62525
1.62525
1.62525
1.62525
1.62525
1.62525
1.62525
1.62525
1.62525
1.62525
1.62525
1.62525
1.62525
1.62525
1.62525
1.62525
1.62525
1.62525
1.62525
1.62525
1.62525
1.62525
1.62525
1.62525
1.62525
1.62525
1.62525
1.62525
1.62525
1.62525
1.62525
1.62525
1.62525
1.62525
1.62525
1.62525
1.62525
1.62525
1.62525
1.62525
1.62525
1.62525
1.62525
1.62525
1.62525
1.62525
1.62525
1.62525
1.62525
1.62525
1.62525
1.62525
1.62525
1.62525
1.62525
1.62525
1.62525
1.62525
1.62525
1.62525
1.62525
1.62525
1.62525
1.62525
1.62525
1.62525
1.62525
1.62525
1.62525
1.62525
1.62525
1.62525
1.62525
1.62525
1.62525
1.62525
1.62525
1.62525
1.62525
1.62525
1.62525
1.62525
1.62525
1.62525
1.62525
1.62525
1.62525
1.62525
1.62525
1.62525
1.62525
1.62525
1.62525
1.62525
1.62525
1.62525
1.62525
1.62525
1.62525
1.62525
)
;

boundaryField
{
    fixedWalls
    {
        type            zeroGradient;
    }
    inlet
    {
        type            fixedGradient;
        gradient        uniform 0;
    }
    outlet
    {
        type            fixedValue;
        value           uniform 0;
    }
}


// ************************************************************************* //
