/*--------------------------------*- C++ -*----------------------------------*\
| =========                 |                                                 |
| \\      /  F ield         | OpenFOAM: The Open Source CFD Toolbox           |
|  \\    /   O peration     | Version:  2106                                  |
|   \\  /    A nd           | Website:  www.openfoam.com                      |
|    \\/     M anipulation  |                                                 |
\*---------------------------------------------------------------------------*/
FoamFile
{
    version     2.0;
    format      ascii;
    arch        "LSB;label=32;scalar=64";
    class       volScalarField;
    location    "0.88";
    object      p;
}
// * * * * * * * * * * * * * * * * * * * * * * * * * * * * * * * * * * * * * //

dimensions      [0 2 -2 0 0 0 0];

internalField   nonuniform List<scalar> 
10000
(
99.075
98.4898
98.1222
97.8536
97.7143
97.7143
97.8536
98.1222
98.4898
99.075
89.8877
89.0332
88.4704
88.0725
87.8676
87.8676
88.0725
88.4704
89.0332
89.8877
82.26
81.2767
80.635
80.1879
79.9585
79.9585
80.1879
80.635
81.2767
82.26
76.9935
75.9834
75.3326
74.8859
74.657
74.657
74.8859
75.3326
75.9834
76.9935
73.0418
72.039
71.3962
70.9637
70.7421
70.7421
70.9637
71.3962
72.039
73.0418
69.8412
68.8656
68.2388
67.8273
67.617
67.617
67.8273
68.2388
68.8656
69.8412
67.2014
66.2741
65.6728
65.2887
65.0932
65.0932
65.2887
65.6728
66.2741
67.2014
65.0152
64.1597
63.5965
63.2452
63.0671
63.0671
63.2452
63.5965
64.1597
65.0152
63.2022
62.4347
61.9222
61.6087
61.4499
61.4499
61.6087
61.9222
62.4347
63.2022
61.7827
61.0154
60.5621
60.2864
60.1467
60.1467
60.2864
60.5621
61.0154
61.7827
62.8915
63.0653
63.2545
63.3821
63.4481
63.4481
63.3821
63.2545
63.0653
62.8915
63.3173
63.4126
63.5401
63.6219
63.6638
63.6638
63.6219
63.5401
63.4126
63.3173
63.2946
63.2918
63.3448
63.3733
63.3875
63.3875
63.3733
63.3448
63.2918
63.2946
62.8821
62.7886
62.7732
62.7547
62.7446
62.7446
62.7547
62.7732
62.7886
62.8821
62.2839
62.1159
62.0423
61.986
61.9564
61.9564
61.986
62.0423
62.1159
62.2839
61.6096
61.3855
61.2648
61.1803
61.1362
61.1362
61.1803
61.2648
61.3855
61.6096
60.9146
60.6547
60.4999
60.397
60.3437
60.3437
60.397
60.4999
60.6547
60.9146
60.2305
59.9588
59.7854
59.674
59.6164
59.6164
59.674
59.7854
59.9588
60.2305
59.5933
59.3258
59.146
59.0331
58.9745
58.9745
59.0331
59.146
59.3258
59.5933
59.107
58.757
58.5722
58.4586
58.3994
58.3994
58.4586
58.5722
58.757
59.107
58.2587
58.2442
58.246
58.2426
58.241
58.241
58.2426
58.246
58.2442
58.2587
58.6727
58.656
58.6572
58.6521
58.6494
58.6494
58.6521
58.6572
58.656
58.6727
59.0156
58.9804
58.9701
58.9552
58.9472
58.9472
58.9552
58.9701
58.9804
59.0156
59.0696
59.0009
58.9684
58.9374
58.9209
58.9209
58.9374
58.9684
59.0009
59.0696
58.9252
58.8211
58.7641
58.7171
58.6921
58.6921
58.7171
58.7641
58.8211
58.9252
58.6775
58.5427
58.4632
58.4028
58.3709
58.3709
58.4028
58.4632
58.5427
58.6775
58.375
58.2179
58.1202
58.0502
58.0136
58.0136
58.0502
58.1202
58.2179
58.375
58.0449
57.8774
57.7684
57.6935
57.6543
57.6543
57.6935
57.7684
57.8774
58.0449
57.7201
57.5501
57.4336
57.3564
57.316
57.316
57.3564
57.4336
57.5501
57.7201
57.4763
57.2417
57.1146
57.0336
56.9915
56.9915
57.0336
57.1146
57.2417
57.4763
53.5254
53.5453
53.5704
53.5865
53.595
53.595
53.5865
53.5704
53.5453
53.5254
53.7373
53.761
53.7902
53.8087
53.8185
53.8185
53.8087
53.7902
53.761
53.7373
53.9173
53.9388
53.9677
53.9854
53.9946
53.9946
53.9854
53.9677
53.9388
53.9173
54.0043
54.0154
54.0374
54.0496
54.056
54.056
54.0496
54.0374
54.0154
54.0043
54.0192
54.0158
54.0275
54.0322
54.0345
54.0345
54.0322
54.0275
54.0158
54.0192
53.9856
53.9673
53.9675
53.9644
53.9627
53.9627
53.9644
53.9675
53.9673
53.9856
53.9172
53.8861
53.8756
53.8658
53.8604
53.8604
53.8658
53.8756
53.8861
53.9172
53.824
53.7848
53.7658
53.751
53.743
53.743
53.751
53.7658
53.7848
53.824
53.7239
53.6789
53.6518
53.6323
53.6217
53.6217
53.6323
53.6518
53.6789
53.7239
53.6626
53.5735
53.5323
53.5053
53.4911
53.4911
53.5053
53.5323
53.5735
53.6626
50.2967
50.2968
50.2989
50.299
50.2991
50.2991
50.299
50.2989
50.2968
50.2967
50.3961
50.3999
50.4051
50.4074
50.4086
50.4086
50.4074
50.4051
50.3999
50.3961
50.4976
50.5028
50.5098
50.5129
50.5145
50.5145
50.5129
50.5098
50.5028
50.4976
50.5667
50.5698
50.5758
50.5777
50.5787
50.5787
50.5777
50.5758
50.5698
50.5667
50.6054
50.6042
50.6073
50.607
50.6067
50.6067
50.607
50.6073
50.6042
50.6054
50.6208
50.6142
50.6135
50.6104
50.6086
50.6086
50.6104
50.6135
50.6142
50.6208
50.6177
50.6059
50.6011
50.5955
50.5923
50.5923
50.5955
50.6011
50.6059
50.6177
50.6003
50.5849
50.5767
50.569
50.5646
50.5646
50.569
50.5767
50.5849
50.6003
50.5781
50.5593
50.5468
50.5367
50.5311
50.5311
50.5367
50.5468
50.5593
50.5782
50.573
50.531
50.5102
50.4958
50.4882
50.4882
50.4958
50.5102
50.531
50.573
46.9705
46.9736
46.9773
46.9795
46.9807
46.9807
46.9795
46.9773
46.9736
46.9705
47.012
47.0168
47.0222
47.0255
47.0272
47.0272
47.0255
47.0222
47.0168
47.012
47.0543
47.0603
47.0669
47.071
47.0731
47.0731
47.071
47.0669
47.0603
47.0543
47.0862
47.092
47.0989
47.1029
47.105
47.105
47.1029
47.0989
47.092
47.0862
47.1079
47.1125
47.1186
47.122
47.1237
47.1237
47.122
47.1186
47.1125
47.1079
47.1208
47.1235
47.1283
47.1306
47.1318
47.1318
47.1306
47.1283
47.1235
47.1208
47.1258
47.1266
47.1297
47.1309
47.1314
47.1314
47.1309
47.1297
47.1266
47.1258
47.1242
47.1234
47.125
47.125
47.1249
47.1249
47.125
47.125
47.1234
47.1242
47.1202
47.1176
47.1168
47.1153
47.1144
47.1144
47.1153
47.1168
47.1176
47.1202
47.1246
47.11
47.1042
47.1
47.0977
47.0977
47.1
47.1042
47.11
47.1246
43.7705
43.771
43.7716
43.7717
43.7718
43.7718
43.7717
43.7716
43.771
43.7705
43.788
43.7893
43.7907
43.7914
43.7917
43.7917
43.7914
43.7907
43.7893
43.788
43.8079
43.81
43.8121
43.8132
43.8138
43.8138
43.8132
43.8121
43.81
43.8079
43.8251
43.8275
43.83
43.8313
43.832
43.832
43.8313
43.83
43.8275
43.8251
43.839
43.8414
43.8439
43.8451
43.8457
43.8457
43.8451
43.8439
43.8414
43.839
43.8499
43.8519
43.8542
43.8552
43.8556
43.8556
43.8552
43.8542
43.8519
43.8499
43.8579
43.8594
43.8612
43.8619
43.8622
43.8622
43.8619
43.8612
43.8594
43.8579
43.8633
43.8643
43.8657
43.866
43.8661
43.8661
43.866
43.8657
43.8643
43.8633
43.868
43.8682
43.8686
43.8683
43.8681
43.8681
43.8683
43.8686
43.8682
43.868
43.8761
43.8711
43.8692
43.8677
43.8668
43.8668
43.8677
43.8692
43.8711
43.8761
40.5345
40.5351
40.5357
40.5361
40.5363
40.5363
40.5361
40.5357
40.5351
40.5345
40.5412
40.5422
40.5431
40.5437
40.5441
40.5441
40.5437
40.5431
40.5422
40.5412
40.5488
40.5502
40.5515
40.5523
40.5528
40.5528
40.5523
40.5515
40.5502
40.5488
40.5559
40.5574
40.559
40.56
40.5605
40.5605
40.56
40.559
40.5574
40.5559
40.562
40.5637
40.5654
40.5664
40.5669
40.5669
40.5664
40.5654
40.5637
40.562
40.5672
40.5688
40.5705
40.5714
40.5719
40.5719
40.5714
40.5705
40.5688
40.5672
40.5713
40.5728
40.5744
40.5752
40.5756
40.5756
40.5752
40.5744
40.5728
40.5713
40.5743
40.5757
40.5771
40.5778
40.5782
40.5782
40.5778
40.5771
40.5757
40.5743
40.5771
40.5781
40.5791
40.5795
40.5797
40.5797
40.5795
40.5791
40.5781
40.5771
40.5814
40.5801
40.5799
40.5797
40.5795
40.5795
40.5797
40.5799
40.5801
40.5814
37.3055
37.3056
37.3057
37.3058
37.3058
37.3058
37.3058
37.3057
37.3056
37.3055
37.308
37.3083
37.3086
37.3087
37.3088
37.3088
37.3087
37.3086
37.3083
37.308
37.3112
37.3117
37.3122
37.3124
37.3125
37.3125
37.3124
37.3122
37.3117
37.3112
37.3145
37.3152
37.3158
37.3161
37.3163
37.3163
37.3161
37.3158
37.3152
37.3145
37.3177
37.3185
37.3192
37.3196
37.3198
37.3198
37.3196
37.3192
37.3185
37.3177
37.3208
37.3216
37.3223
37.3228
37.323
37.323
37.3228
37.3223
37.3216
37.3208
37.3235
37.3244
37.3252
37.3256
37.3258
37.3258
37.3256
37.3252
37.3244
37.3235
37.326
37.3269
37.3276
37.328
37.3282
37.3282
37.328
37.3276
37.3269
37.326
37.3284
37.3292
37.3298
37.3301
37.3303
37.3303
37.3301
37.3298
37.3292
37.3284
37.3314
37.3314
37.3315
37.3316
37.3316
37.3316
37.3316
37.3315
37.3314
37.3314
34.0658
34.0659
34.066
34.0661
34.0661
34.0661
34.0661
34.066
34.0659
34.0658
34.0666
34.0668
34.067
34.0671
34.0671
34.0671
34.0671
34.067
34.0668
34.0666
34.0677
34.068
34.0682
34.0683
34.0684
34.0684
34.0683
34.0682
34.068
34.0677
34.0689
34.0693
34.0696
34.0698
34.0699
34.0699
34.0698
34.0696
34.0693
34.0689
34.0702
34.0706
34.071
34.0712
34.0713
34.0713
34.0712
34.071
34.0706
34.0702
34.0715
34.0719
34.0723
34.0726
34.0727
34.0727
34.0726
34.0723
34.0719
34.0715
34.0727
34.0732
34.0736
34.0739
34.074
34.074
34.0739
34.0736
34.0732
34.0727
34.0738
34.0743
34.0747
34.075
34.0751
34.0751
34.075
34.0747
34.0743
34.0738
34.0749
34.0754
34.0758
34.076
34.0761
34.0761
34.076
34.0758
34.0754
34.0749
34.0762
34.0764
34.0766
34.0767
34.0767
34.0767
34.0767
34.0766
34.0764
34.0762
30.825
30.825
30.825
30.825
30.825
30.825
30.825
30.825
30.825
30.825
30.8252
30.8252
30.8253
30.8253
30.8253
30.8253
30.8253
30.8253
30.8252
30.8252
30.8256
30.8257
30.8257
30.8258
30.8258
30.8258
30.8258
30.8257
30.8257
30.8256
30.8261
30.8262
30.8263
30.8264
30.8264
30.8264
30.8264
30.8263
30.8262
30.8261
30.8267
30.8268
30.827
30.8271
30.8271
30.8271
30.8271
30.827
30.8268
30.8267
30.8273
30.8275
30.8277
30.8278
30.8278
30.8278
30.8278
30.8277
30.8275
30.8273
30.8279
30.8282
30.8284
30.8285
30.8286
30.8286
30.8285
30.8284
30.8282
30.8279
30.8286
30.8289
30.8291
30.8292
30.8293
30.8293
30.8292
30.8291
30.8289
30.8286
30.8293
30.8296
30.8298
30.8299
30.8299
30.8299
30.8299
30.8298
30.8296
30.8293
30.83
30.8302
30.8304
30.8304
30.8305
30.8305
30.8304
30.8304
30.8302
30.83
27.5814
27.5814
27.5814
27.5814
27.5814
27.5814
27.5814
27.5814
27.5814
27.5814
27.5814
27.5814
27.5815
27.5815
27.5815
27.5815
27.5815
27.5815
27.5814
27.5814
27.5815
27.5815
27.5816
27.5816
27.5816
27.5816
27.5816
27.5816
27.5815
27.5815
27.5816
27.5817
27.5818
27.5818
27.5818
27.5818
27.5818
27.5818
27.5817
27.5816
27.5819
27.5819
27.582
27.582
27.5821
27.5821
27.582
27.582
27.5819
27.5819
27.5821
27.5822
27.5823
27.5823
27.5824
27.5824
27.5823
27.5823
27.5822
27.5821
27.5824
27.5825
27.5826
27.5826
27.5827
27.5827
27.5826
27.5826
27.5825
27.5824
27.5826
27.5828
27.5829
27.5829
27.583
27.583
27.5829
27.5829
27.5828
27.5826
27.5829
27.583
27.5831
27.5832
27.5832
27.5832
27.5832
27.5831
27.583
27.5829
27.5832
27.5833
27.5834
27.5835
27.5835
27.5835
27.5835
27.5834
27.5833
27.5832
24.3372
24.3372
24.3372
24.3372
24.3372
24.3372
24.3372
24.3372
24.3372
24.3372
24.3372
24.3372
24.3372
24.3372
24.3372
24.3372
24.3372
24.3372
24.3372
24.3372
24.3372
24.3372
24.3373
24.3373
24.3373
24.3373
24.3373
24.3373
24.3372
24.3372
24.3373
24.3373
24.3373
24.3373
24.3373
24.3373
24.3373
24.3373
24.3373
24.3373
24.3374
24.3374
24.3374
24.3374
24.3374
24.3374
24.3374
24.3374
24.3374
24.3374
24.3375
24.3375
24.3375
24.3376
24.3376
24.3376
24.3376
24.3375
24.3375
24.3375
24.3376
24.3377
24.3377
24.3377
24.3377
24.3377
24.3377
24.3377
24.3377
24.3376
24.3377
24.3378
24.3378
24.3379
24.3379
24.3379
24.3379
24.3378
24.3378
24.3377
24.3379
24.338
24.338
24.338
24.338
24.338
24.338
24.338
24.338
24.3379
24.338
24.3381
24.3381
24.3382
24.3382
24.3382
24.3382
24.3381
24.3381
24.338
21.0925
21.0925
21.0925
21.0925
21.0925
21.0925
21.0925
21.0925
21.0925
21.0925
21.0925
21.0925
21.0925
21.0925
21.0925
21.0925
21.0925
21.0925
21.0925
21.0925
21.0925
21.0925
21.0925
21.0925
21.0925
21.0925
21.0925
21.0925
21.0925
21.0925
21.0925
21.0925
21.0925
21.0925
21.0925
21.0925
21.0925
21.0925
21.0925
21.0925
21.0925
21.0925
21.0925
21.0925
21.0925
21.0925
21.0925
21.0925
21.0925
21.0925
21.0925
21.0925
21.0926
21.0926
21.0926
21.0926
21.0926
21.0926
21.0925
21.0925
21.0926
21.0926
21.0926
21.0926
21.0926
21.0926
21.0926
21.0926
21.0926
21.0926
21.0926
21.0927
21.0927
21.0927
21.0927
21.0927
21.0927
21.0927
21.0927
21.0926
21.0927
21.0927
21.0927
21.0927
21.0928
21.0928
21.0927
21.0927
21.0927
21.0927
21.0927
21.0928
21.0928
21.0928
21.0928
21.0928
21.0928
21.0928
21.0928
21.0927
17.8476
17.8476
17.8476
17.8476
17.8476
17.8476
17.8476
17.8476
17.8476
17.8476
17.8476
17.8476
17.8476
17.8476
17.8476
17.8476
17.8476
17.8476
17.8476
17.8476
17.8476
17.8476
17.8476
17.8476
17.8476
17.8476
17.8476
17.8476
17.8476
17.8476
17.8476
17.8476
17.8476
17.8476
17.8476
17.8476
17.8476
17.8476
17.8476
17.8476
17.8476
17.8476
17.8476
17.8476
17.8476
17.8476
17.8476
17.8476
17.8476
17.8476
17.8476
17.8476
17.8476
17.8476
17.8476
17.8476
17.8476
17.8476
17.8476
17.8476
17.8476
17.8476
17.8476
17.8477
17.8477
17.8477
17.8477
17.8476
17.8476
17.8476
17.8477
17.8477
17.8477
17.8477
17.8477
17.8477
17.8477
17.8477
17.8477
17.8477
17.8477
17.8477
17.8477
17.8477
17.8477
17.8477
17.8477
17.8477
17.8477
17.8477
17.8477
17.8477
17.8477
17.8477
17.8477
17.8477
17.8477
17.8477
17.8477
17.8477
14.6026
14.6026
14.6026
14.6026
14.6026
14.6026
14.6026
14.6026
14.6026
14.6026
14.6026
14.6026
14.6026
14.6026
14.6026
14.6026
14.6026
14.6026
14.6026
14.6026
14.6026
14.6026
14.6026
14.6026
14.6026
14.6026
14.6026
14.6026
14.6026
14.6026
14.6026
14.6026
14.6026
14.6026
14.6026
14.6026
14.6026
14.6026
14.6026
14.6026
14.6026
14.6026
14.6026
14.6026
14.6026
14.6026
14.6026
14.6026
14.6026
14.6026
14.6026
14.6026
14.6026
14.6026
14.6026
14.6026
14.6026
14.6026
14.6026
14.6026
14.6026
14.6026
14.6026
14.6026
14.6026
14.6026
14.6026
14.6026
14.6026
14.6026
14.6026
14.6026
14.6026
14.6026
14.6026
14.6026
14.6026
14.6026
14.6026
14.6026
14.6026
14.6026
14.6026
14.6026
14.6026
14.6026
14.6026
14.6026
14.6026
14.6026
14.6026
14.6027
14.6027
14.6027
14.6027
14.6027
14.6027
14.6027
14.6027
14.6026
11.3576
11.3576
11.3576
11.3576
11.3576
11.3576
11.3576
11.3576
11.3576
11.3576
11.3576
11.3576
11.3576
11.3576
11.3576
11.3576
11.3576
11.3576
11.3576
11.3576
11.3576
11.3576
11.3576
11.3576
11.3576
11.3576
11.3576
11.3576
11.3576
11.3576
11.3576
11.3576
11.3576
11.3576
11.3576
11.3576
11.3576
11.3576
11.3576
11.3576
11.3576
11.3576
11.3576
11.3576
11.3576
11.3576
11.3576
11.3576
11.3576
11.3576
11.3576
11.3576
11.3576
11.3576
11.3576
11.3576
11.3576
11.3576
11.3576
11.3576
11.3576
11.3576
11.3576
11.3576
11.3576
11.3576
11.3576
11.3576
11.3576
11.3576
11.3576
11.3576
11.3576
11.3576
11.3576
11.3576
11.3576
11.3576
11.3576
11.3576
11.3576
11.3576
11.3576
11.3576
11.3576
11.3576
11.3576
11.3576
11.3576
11.3576
11.3576
11.3576
11.3576
11.3576
11.3576
11.3576
11.3576
11.3576
11.3576
11.3576
8.11259
8.11259
8.11259
8.11259
8.11259
8.11259
8.11259
8.11259
8.11259
8.11259
8.11258
8.11258
8.11258
8.11258
8.11258
8.11258
8.11258
8.11258
8.11258
8.11258
8.11258
8.11258
8.11258
8.11258
8.11258
8.11258
8.11258
8.11258
8.11258
8.11258
8.11258
8.11258
8.11258
8.11258
8.11258
8.11258
8.11258
8.11258
8.11258
8.11258
8.11258
8.11258
8.11258
8.11258
8.11258
8.11258
8.11258
8.11258
8.11258
8.11258
8.11258
8.11258
8.11258
8.11258
8.11258
8.11258
8.11258
8.11258
8.11258
8.11258
8.11258
8.11258
8.11258
8.11258
8.11258
8.11258
8.11258
8.11258
8.11258
8.11258
8.11258
8.11258
8.11258
8.11258
8.11258
8.11258
8.11258
8.11258
8.11258
8.11258
8.11258
8.11258
8.11258
8.11258
8.11258
8.11258
8.11258
8.11258
8.11258
8.11258
8.11258
8.11258
8.11258
8.11258
8.11258
8.11258
8.11258
8.11258
8.11258
8.11258
4.86755
4.86755
4.86755
4.86755
4.86755
4.86755
4.86755
4.86755
4.86755
4.86755
4.86755
4.86755
4.86755
4.86755
4.86755
4.86755
4.86755
4.86755
4.86755
4.86755
4.86755
4.86755
4.86755
4.86755
4.86755
4.86755
4.86755
4.86755
4.86755
4.86755
4.86755
4.86755
4.86755
4.86755
4.86755
4.86755
4.86755
4.86755
4.86755
4.86755
4.86755
4.86755
4.86755
4.86755
4.86755
4.86755
4.86755
4.86755
4.86755
4.86755
4.86755
4.86755
4.86755
4.86755
4.86755
4.86755
4.86755
4.86755
4.86755
4.86755
4.86755
4.86755
4.86755
4.86755
4.86755
4.86755
4.86755
4.86755
4.86755
4.86755
4.86755
4.86755
4.86755
4.86755
4.86755
4.86755
4.86755
4.86755
4.86755
4.86755
4.86755
4.86755
4.86755
4.86755
4.86755
4.86755
4.86755
4.86755
4.86755
4.86755
4.86755
4.86755
4.86755
4.86755
4.86755
4.86755
4.86755
4.86755
4.86755
4.86755
1.62252
1.62252
1.62252
1.62252
1.62252
1.62252
1.62252
1.62252
1.62252
1.62252
1.62252
1.62252
1.62252
1.62252
1.62252
1.62252
1.62252
1.62252
1.62252
1.62252
1.62252
1.62252
1.62252
1.62252
1.62252
1.62252
1.62252
1.62252
1.62252
1.62252
1.62252
1.62252
1.62252
1.62252
1.62252
1.62252
1.62252
1.62252
1.62252
1.62252
1.62252
1.62252
1.62252
1.62252
1.62252
1.62252
1.62252
1.62252
1.62252
1.62252
1.62252
1.62252
1.62252
1.62252
1.62252
1.62252
1.62252
1.62252
1.62252
1.62252
1.62252
1.62252
1.62252
1.62251
1.62251
1.62251
1.62251
1.62252
1.62252
1.62252
1.62251
1.62251
1.62251
1.62251
1.62251
1.62251
1.62251
1.62251
1.62251
1.62251
1.62251
1.62251
1.62251
1.62251
1.62251
1.62251
1.62251
1.62251
1.62251
1.62251
1.62251
1.62251
1.62251
1.62251
1.62251
1.62251
1.62251
1.62251
1.62251
1.62251
99.075
98.4898
98.1223
97.8536
97.7143
97.7143
97.8536
98.1223
98.4898
99.075
89.8877
89.0332
88.4704
88.0725
87.8676
87.8676
88.0725
88.4704
89.0332
89.8877
82.26
81.2767
80.635
80.1879
79.9585
79.9585
80.1879
80.635
81.2767
82.26
76.9935
75.9834
75.3326
74.8859
74.657
74.657
74.8859
75.3326
75.9834
76.9935
73.0418
72.039
71.3962
70.9637
70.7422
70.7422
70.9637
71.3962
72.039
73.0418
69.8412
68.8657
68.2388
67.8273
67.617
67.617
67.8273
68.2388
68.8657
69.8412
67.2014
66.2741
65.6728
65.2887
65.0932
65.0932
65.2887
65.6728
66.2741
67.2014
65.0152
64.1597
63.5965
63.2452
63.0671
63.0671
63.2452
63.5965
64.1597
65.0153
63.2022
62.4347
61.9223
61.6087
61.4499
61.4499
61.6087
61.9223
62.4347
63.2022
61.7827
61.0154
60.5621
60.2864
60.1467
60.1467
60.2864
60.5621
61.0154
61.7827
62.8915
63.0653
63.2545
63.3821
63.4481
63.4481
63.3821
63.2545
63.0653
62.8915
63.3173
63.4126
63.5401
63.6219
63.6638
63.6638
63.6219
63.5401
63.4126
63.3173
63.2946
63.2918
63.3448
63.3733
63.3875
63.3875
63.3733
63.3448
63.2918
63.2946
62.8821
62.7886
62.7732
62.7547
62.7446
62.7446
62.7547
62.7732
62.7886
62.8821
62.2839
62.1159
62.0423
61.986
61.9564
61.9564
61.986
62.0423
62.1159
62.2839
61.6096
61.3855
61.2648
61.1803
61.1362
61.1362
61.1803
61.2648
61.3855
61.6096
60.9146
60.6547
60.4999
60.397
60.3437
60.3437
60.397
60.4999
60.6547
60.9146
60.2305
59.9588
59.7855
59.674
59.6164
59.6164
59.674
59.7855
59.9588
60.2305
59.5933
59.3259
59.146
59.0331
58.9745
58.9745
59.0331
59.146
59.3259
59.5933
59.107
58.757
58.5722
58.4586
58.3994
58.3994
58.4586
58.5722
58.757
59.107
58.2587
58.2442
58.246
58.2426
58.241
58.241
58.2426
58.246
58.2442
58.2587
58.6727
58.656
58.6572
58.6521
58.6494
58.6494
58.6521
58.6572
58.656
58.6727
59.0156
58.9804
58.9701
58.9552
58.9472
58.9472
58.9552
58.9701
58.9804
59.0156
59.0696
59.0009
58.9684
58.9374
58.9209
58.9209
58.9374
58.9684
59.0009
59.0696
58.9252
58.8211
58.7641
58.7171
58.6921
58.6921
58.7171
58.7641
58.8211
58.9252
58.6775
58.5427
58.4632
58.4028
58.3709
58.3709
58.4028
58.4632
58.5427
58.6775
58.375
58.2179
58.1202
58.0502
58.0136
58.0136
58.0502
58.1202
58.2179
58.375
58.0449
57.8774
57.7684
57.6935
57.6543
57.6543
57.6935
57.7684
57.8774
58.0449
57.7201
57.5501
57.4336
57.3564
57.3161
57.3161
57.3564
57.4336
57.5501
57.7202
57.4763
57.2417
57.1146
57.0336
56.9915
56.9915
57.0336
57.1146
57.2417
57.4763
53.5254
53.5453
53.5704
53.5865
53.595
53.595
53.5865
53.5704
53.5453
53.5254
53.7373
53.761
53.7902
53.8087
53.8185
53.8185
53.8087
53.7902
53.761
53.7373
53.9173
53.9388
53.9677
53.9854
53.9947
53.9947
53.9854
53.9677
53.9388
53.9173
54.0043
54.0154
54.0374
54.0496
54.056
54.056
54.0496
54.0374
54.0154
54.0043
54.0192
54.0158
54.0275
54.0322
54.0345
54.0345
54.0322
54.0275
54.0158
54.0192
53.9856
53.9673
53.9675
53.9644
53.9627
53.9627
53.9645
53.9675
53.9673
53.9856
53.9172
53.8861
53.8756
53.8658
53.8604
53.8604
53.8658
53.8756
53.8861
53.9172
53.824
53.7848
53.7658
53.751
53.743
53.743
53.751
53.7658
53.7848
53.824
53.7239
53.6789
53.6518
53.6323
53.6217
53.6217
53.6323
53.6518
53.6789
53.7239
53.6626
53.5735
53.5323
53.5053
53.4911
53.4911
53.5053
53.5323
53.5735
53.6626
50.2967
50.2968
50.2989
50.299
50.2991
50.2991
50.299
50.2989
50.2968
50.2967
50.3961
50.3999
50.4051
50.4074
50.4086
50.4086
50.4074
50.4051
50.3999
50.3961
50.4976
50.5028
50.5098
50.5129
50.5145
50.5145
50.5129
50.5098
50.5028
50.4976
50.5667
50.5698
50.5758
50.5777
50.5787
50.5787
50.5777
50.5758
50.5698
50.5667
50.6054
50.6042
50.6073
50.607
50.6067
50.6067
50.607
50.6073
50.6042
50.6054
50.6208
50.6142
50.6135
50.6104
50.6087
50.6087
50.6105
50.6135
50.6142
50.6208
50.6177
50.6059
50.6012
50.5955
50.5923
50.5923
50.5955
50.6012
50.6059
50.6177
50.6003
50.5849
50.5767
50.569
50.5646
50.5646
50.569
50.5767
50.5849
50.6003
50.5782
50.5593
50.5468
50.5367
50.5311
50.5311
50.5367
50.5468
50.5593
50.5782
50.573
50.531
50.5102
50.4958
50.4882
50.4882
50.4958
50.5102
50.531
50.573
46.9705
46.9736
46.9773
46.9795
46.9807
46.9807
46.9795
46.9774
46.9736
46.9705
47.012
47.0168
47.0222
47.0255
47.0272
47.0272
47.0255
47.0222
47.0168
47.012
47.0543
47.0603
47.0669
47.071
47.0731
47.0731
47.071
47.0669
47.0603
47.0543
47.0862
47.092
47.0989
47.1029
47.105
47.105
47.1029
47.0989
47.092
47.0862
47.1079
47.1125
47.1186
47.122
47.1237
47.1237
47.122
47.1186
47.1125
47.1079
47.1208
47.1235
47.1283
47.1306
47.1318
47.1318
47.1306
47.1283
47.1235
47.1208
47.1258
47.1266
47.1297
47.1309
47.1314
47.1314
47.1309
47.1297
47.1266
47.1258
47.1242
47.1234
47.125
47.125
47.1249
47.1249
47.125
47.125
47.1234
47.1242
47.1202
47.1176
47.1168
47.1153
47.1144
47.1144
47.1153
47.1168
47.1176
47.1202
47.1246
47.11
47.1042
47.1
47.0977
47.0977
47.1
47.1042
47.11
47.1246
43.7705
43.771
43.7716
43.7717
43.7718
43.7718
43.7717
43.7716
43.771
43.7705
43.788
43.7893
43.7907
43.7914
43.7917
43.7917
43.7914
43.7907
43.7893
43.788
43.8079
43.81
43.8121
43.8132
43.8138
43.8138
43.8132
43.8121
43.81
43.8079
43.8251
43.8275
43.83
43.8313
43.832
43.832
43.8313
43.83
43.8275
43.8251
43.839
43.8414
43.8439
43.8451
43.8457
43.8457
43.8451
43.8439
43.8414
43.839
43.8499
43.8519
43.8542
43.8552
43.8556
43.8556
43.8552
43.8542
43.8519
43.8499
43.8579
43.8594
43.8612
43.8619
43.8622
43.8622
43.8619
43.8612
43.8594
43.8579
43.8633
43.8643
43.8657
43.866
43.8661
43.8661
43.866
43.8657
43.8643
43.8633
43.868
43.8682
43.8686
43.8683
43.8681
43.8681
43.8683
43.8686
43.8682
43.868
43.8761
43.8711
43.8692
43.8677
43.8668
43.8668
43.8677
43.8692
43.8711
43.8761
40.5345
40.5351
40.5357
40.5361
40.5363
40.5363
40.5361
40.5357
40.5351
40.5345
40.5412
40.5422
40.5431
40.5437
40.5441
40.5441
40.5437
40.5431
40.5422
40.5412
40.5488
40.5502
40.5515
40.5523
40.5528
40.5528
40.5523
40.5515
40.5502
40.5488
40.5559
40.5574
40.559
40.56
40.5605
40.5605
40.56
40.559
40.5574
40.5559
40.562
40.5637
40.5654
40.5664
40.5669
40.5669
40.5664
40.5654
40.5637
40.562
40.5672
40.5688
40.5705
40.5714
40.5719
40.5719
40.5714
40.5705
40.5688
40.5672
40.5713
40.5728
40.5744
40.5752
40.5756
40.5756
40.5752
40.5744
40.5728
40.5713
40.5743
40.5757
40.5771
40.5778
40.5782
40.5782
40.5778
40.5771
40.5757
40.5743
40.5771
40.5781
40.5791
40.5795
40.5797
40.5797
40.5795
40.5791
40.5781
40.5771
40.5814
40.5801
40.5799
40.5797
40.5795
40.5795
40.5797
40.5799
40.5801
40.5814
37.3055
37.3056
37.3057
37.3058
37.3058
37.3058
37.3058
37.3057
37.3056
37.3055
37.308
37.3083
37.3086
37.3087
37.3088
37.3088
37.3087
37.3086
37.3083
37.308
37.3112
37.3117
37.3122
37.3124
37.3125
37.3125
37.3124
37.3122
37.3117
37.3112
37.3145
37.3152
37.3158
37.3161
37.3163
37.3163
37.3161
37.3158
37.3152
37.3145
37.3177
37.3185
37.3192
37.3196
37.3198
37.3198
37.3196
37.3192
37.3185
37.3177
37.3208
37.3216
37.3223
37.3228
37.323
37.323
37.3228
37.3223
37.3216
37.3208
37.3235
37.3244
37.3252
37.3256
37.3258
37.3258
37.3256
37.3252
37.3244
37.3235
37.326
37.3269
37.3276
37.328
37.3282
37.3282
37.328
37.3276
37.3269
37.326
37.3284
37.3292
37.3298
37.3301
37.3303
37.3303
37.3301
37.3298
37.3292
37.3284
37.3314
37.3314
37.3315
37.3316
37.3316
37.3316
37.3316
37.3315
37.3314
37.3314
34.0658
34.0659
34.066
34.0661
34.0661
34.0661
34.0661
34.066
34.0659
34.0658
34.0666
34.0668
34.067
34.0671
34.0671
34.0671
34.0671
34.067
34.0668
34.0666
34.0677
34.068
34.0682
34.0683
34.0684
34.0684
34.0683
34.0682
34.068
34.0677
34.0689
34.0693
34.0696
34.0698
34.0699
34.0699
34.0698
34.0696
34.0693
34.0689
34.0702
34.0706
34.071
34.0712
34.0713
34.0713
34.0712
34.071
34.0706
34.0702
34.0715
34.0719
34.0723
34.0726
34.0727
34.0727
34.0726
34.0723
34.0719
34.0715
34.0727
34.0732
34.0736
34.0739
34.074
34.074
34.0739
34.0736
34.0732
34.0727
34.0738
34.0743
34.0747
34.075
34.0751
34.0751
34.075
34.0747
34.0743
34.0738
34.0749
34.0754
34.0758
34.076
34.0761
34.0761
34.076
34.0758
34.0754
34.0749
34.0762
34.0764
34.0766
34.0767
34.0767
34.0767
34.0767
34.0766
34.0764
34.0762
30.825
30.825
30.825
30.825
30.825
30.825
30.825
30.825
30.825
30.825
30.8252
30.8252
30.8253
30.8253
30.8253
30.8253
30.8253
30.8253
30.8252
30.8252
30.8256
30.8257
30.8257
30.8258
30.8258
30.8258
30.8258
30.8257
30.8257
30.8256
30.8261
30.8262
30.8263
30.8264
30.8264
30.8264
30.8264
30.8263
30.8262
30.8261
30.8267
30.8268
30.827
30.8271
30.8271
30.8271
30.8271
30.827
30.8268
30.8267
30.8273
30.8275
30.8277
30.8278
30.8278
30.8278
30.8278
30.8277
30.8275
30.8273
30.8279
30.8282
30.8284
30.8285
30.8286
30.8286
30.8285
30.8284
30.8282
30.8279
30.8286
30.8289
30.8291
30.8292
30.8293
30.8293
30.8292
30.8291
30.8289
30.8286
30.8293
30.8296
30.8298
30.8299
30.8299
30.8299
30.8299
30.8298
30.8296
30.8293
30.83
30.8302
30.8304
30.8304
30.8305
30.8305
30.8304
30.8304
30.8302
30.83
27.5814
27.5814
27.5814
27.5814
27.5814
27.5814
27.5814
27.5814
27.5814
27.5814
27.5814
27.5814
27.5815
27.5815
27.5815
27.5815
27.5815
27.5815
27.5814
27.5814
27.5815
27.5815
27.5816
27.5816
27.5816
27.5816
27.5816
27.5816
27.5815
27.5815
27.5816
27.5817
27.5818
27.5818
27.5818
27.5818
27.5818
27.5818
27.5817
27.5816
27.5819
27.5819
27.582
27.582
27.5821
27.5821
27.582
27.582
27.5819
27.5819
27.5821
27.5822
27.5823
27.5823
27.5824
27.5824
27.5823
27.5823
27.5822
27.5821
27.5824
27.5825
27.5826
27.5826
27.5827
27.5827
27.5826
27.5826
27.5825
27.5824
27.5826
27.5828
27.5829
27.5829
27.583
27.583
27.5829
27.5829
27.5828
27.5826
27.5829
27.583
27.5831
27.5832
27.5832
27.5832
27.5832
27.5831
27.583
27.5829
27.5832
27.5833
27.5834
27.5835
27.5835
27.5835
27.5835
27.5834
27.5833
27.5832
24.3372
24.3372
24.3372
24.3372
24.3372
24.3372
24.3372
24.3372
24.3372
24.3372
24.3372
24.3372
24.3372
24.3372
24.3372
24.3372
24.3372
24.3372
24.3372
24.3372
24.3372
24.3372
24.3373
24.3373
24.3373
24.3373
24.3373
24.3373
24.3372
24.3372
24.3373
24.3373
24.3373
24.3373
24.3373
24.3373
24.3373
24.3373
24.3373
24.3373
24.3374
24.3374
24.3374
24.3374
24.3374
24.3374
24.3374
24.3374
24.3374
24.3374
24.3375
24.3375
24.3375
24.3376
24.3376
24.3376
24.3376
24.3375
24.3375
24.3375
24.3376
24.3377
24.3377
24.3377
24.3377
24.3377
24.3377
24.3377
24.3377
24.3376
24.3377
24.3378
24.3378
24.3379
24.3379
24.3379
24.3379
24.3378
24.3378
24.3377
24.3379
24.338
24.338
24.338
24.338
24.338
24.338
24.338
24.338
24.3379
24.338
24.3381
24.3381
24.3382
24.3382
24.3382
24.3382
24.3381
24.3381
24.338
21.0925
21.0925
21.0925
21.0925
21.0925
21.0925
21.0925
21.0925
21.0925
21.0925
21.0925
21.0925
21.0925
21.0925
21.0925
21.0925
21.0925
21.0925
21.0925
21.0925
21.0925
21.0925
21.0925
21.0925
21.0925
21.0925
21.0925
21.0925
21.0925
21.0925
21.0925
21.0925
21.0925
21.0925
21.0925
21.0925
21.0925
21.0925
21.0925
21.0925
21.0925
21.0925
21.0925
21.0925
21.0925
21.0925
21.0925
21.0925
21.0925
21.0925
21.0925
21.0925
21.0926
21.0926
21.0926
21.0926
21.0926
21.0926
21.0925
21.0925
21.0926
21.0926
21.0926
21.0926
21.0926
21.0926
21.0926
21.0926
21.0926
21.0926
21.0926
21.0927
21.0927
21.0927
21.0927
21.0927
21.0927
21.0927
21.0927
21.0926
21.0927
21.0927
21.0927
21.0927
21.0928
21.0928
21.0927
21.0927
21.0927
21.0927
21.0927
21.0928
21.0928
21.0928
21.0928
21.0928
21.0928
21.0928
21.0928
21.0927
17.8476
17.8476
17.8476
17.8476
17.8476
17.8476
17.8476
17.8476
17.8476
17.8476
17.8476
17.8476
17.8476
17.8476
17.8476
17.8476
17.8476
17.8476
17.8476
17.8476
17.8476
17.8476
17.8476
17.8476
17.8476
17.8476
17.8476
17.8476
17.8476
17.8476
17.8476
17.8476
17.8476
17.8476
17.8476
17.8476
17.8476
17.8476
17.8476
17.8476
17.8476
17.8476
17.8476
17.8476
17.8476
17.8476
17.8476
17.8476
17.8476
17.8476
17.8476
17.8476
17.8476
17.8476
17.8476
17.8476
17.8476
17.8476
17.8476
17.8476
17.8476
17.8476
17.8476
17.8477
17.8477
17.8477
17.8477
17.8476
17.8476
17.8476
17.8477
17.8477
17.8477
17.8477
17.8477
17.8477
17.8477
17.8477
17.8477
17.8477
17.8477
17.8477
17.8477
17.8477
17.8477
17.8477
17.8477
17.8477
17.8477
17.8477
17.8477
17.8477
17.8477
17.8477
17.8477
17.8477
17.8477
17.8477
17.8477
17.8477
14.6026
14.6026
14.6026
14.6026
14.6026
14.6026
14.6026
14.6026
14.6026
14.6026
14.6026
14.6026
14.6026
14.6026
14.6026
14.6026
14.6026
14.6026
14.6026
14.6026
14.6026
14.6026
14.6026
14.6026
14.6026
14.6026
14.6026
14.6026
14.6026
14.6026
14.6026
14.6026
14.6026
14.6026
14.6026
14.6026
14.6026
14.6026
14.6026
14.6026
14.6026
14.6026
14.6026
14.6026
14.6026
14.6026
14.6026
14.6026
14.6026
14.6026
14.6026
14.6026
14.6026
14.6026
14.6026
14.6026
14.6026
14.6026
14.6026
14.6026
14.6026
14.6026
14.6026
14.6026
14.6026
14.6026
14.6026
14.6026
14.6026
14.6026
14.6026
14.6026
14.6026
14.6026
14.6026
14.6026
14.6026
14.6026
14.6026
14.6026
14.6026
14.6026
14.6026
14.6026
14.6026
14.6026
14.6026
14.6026
14.6026
14.6026
14.6026
14.6027
14.6027
14.6027
14.6027
14.6027
14.6027
14.6027
14.6027
14.6026
11.3576
11.3576
11.3576
11.3576
11.3576
11.3576
11.3576
11.3576
11.3576
11.3576
11.3576
11.3576
11.3576
11.3576
11.3576
11.3576
11.3576
11.3576
11.3576
11.3576
11.3576
11.3576
11.3576
11.3576
11.3576
11.3576
11.3576
11.3576
11.3576
11.3576
11.3576
11.3576
11.3576
11.3576
11.3576
11.3576
11.3576
11.3576
11.3576
11.3576
11.3576
11.3576
11.3576
11.3576
11.3576
11.3576
11.3576
11.3576
11.3576
11.3576
11.3576
11.3576
11.3576
11.3576
11.3576
11.3576
11.3576
11.3576
11.3576
11.3576
11.3576
11.3576
11.3576
11.3576
11.3576
11.3576
11.3576
11.3576
11.3576
11.3576
11.3576
11.3576
11.3576
11.3576
11.3576
11.3576
11.3576
11.3576
11.3576
11.3576
11.3576
11.3576
11.3576
11.3576
11.3576
11.3576
11.3576
11.3576
11.3576
11.3576
11.3576
11.3576
11.3576
11.3576
11.3576
11.3576
11.3576
11.3576
11.3576
11.3576
8.11259
8.11259
8.11259
8.11259
8.11259
8.11259
8.11259
8.11259
8.11259
8.11259
8.11258
8.11258
8.11258
8.11258
8.11258
8.11258
8.11258
8.11258
8.11258
8.11258
8.11258
8.11258
8.11258
8.11258
8.11258
8.11258
8.11258
8.11258
8.11258
8.11258
8.11258
8.11258
8.11258
8.11258
8.11258
8.11258
8.11258
8.11258
8.11258
8.11258
8.11258
8.11258
8.11258
8.11258
8.11258
8.11258
8.11258
8.11258
8.11258
8.11258
8.11258
8.11258
8.11258
8.11258
8.11258
8.11258
8.11258
8.11258
8.11258
8.11258
8.11258
8.11258
8.11258
8.11258
8.11258
8.11258
8.11258
8.11258
8.11258
8.11258
8.11258
8.11258
8.11258
8.11258
8.11258
8.11258
8.11258
8.11258
8.11258
8.11258
8.11258
8.11258
8.11258
8.11258
8.11258
8.11258
8.11258
8.11258
8.11258
8.11258
8.11258
8.11258
8.11258
8.11258
8.11258
8.11258
8.11258
8.11258
8.11258
8.11258
4.86755
4.86755
4.86755
4.86755
4.86755
4.86755
4.86755
4.86755
4.86755
4.86755
4.86755
4.86755
4.86755
4.86755
4.86755
4.86755
4.86755
4.86755
4.86755
4.86755
4.86755
4.86755
4.86755
4.86755
4.86755
4.86755
4.86755
4.86755
4.86755
4.86755
4.86755
4.86755
4.86755
4.86755
4.86755
4.86755
4.86755
4.86755
4.86755
4.86755
4.86755
4.86755
4.86755
4.86755
4.86755
4.86755
4.86755
4.86755
4.86755
4.86755
4.86755
4.86755
4.86755
4.86755
4.86755
4.86755
4.86755
4.86755
4.86755
4.86755
4.86755
4.86755
4.86755
4.86755
4.86755
4.86755
4.86755
4.86755
4.86755
4.86755
4.86755
4.86755
4.86755
4.86755
4.86755
4.86755
4.86755
4.86755
4.86755
4.86755
4.86755
4.86755
4.86755
4.86755
4.86755
4.86755
4.86755
4.86755
4.86755
4.86755
4.86755
4.86755
4.86755
4.86755
4.86755
4.86755
4.86755
4.86755
4.86755
4.86755
1.62252
1.62252
1.62252
1.62252
1.62252
1.62252
1.62252
1.62252
1.62252
1.62252
1.62252
1.62252
1.62252
1.62252
1.62252
1.62252
1.62252
1.62252
1.62252
1.62252
1.62252
1.62252
1.62252
1.62252
1.62252
1.62252
1.62252
1.62252
1.62252
1.62252
1.62252
1.62252
1.62252
1.62252
1.62252
1.62252
1.62252
1.62252
1.62252
1.62252
1.62252
1.62252
1.62252
1.62252
1.62252
1.62252
1.62252
1.62252
1.62252
1.62252
1.62252
1.62252
1.62252
1.62252
1.62252
1.62252
1.62252
1.62252
1.62252
1.62252
1.62252
1.62252
1.62252
1.62251
1.62251
1.62251
1.62251
1.62252
1.62252
1.62252
1.62251
1.62251
1.62251
1.62251
1.62251
1.62251
1.62251
1.62251
1.62251
1.62251
1.62251
1.62251
1.62251
1.62251
1.62251
1.62251
1.62251
1.62251
1.62251
1.62251
1.62251
1.62251
1.62251
1.62251
1.62251
1.62251
1.62251
1.62251
1.62251
1.62251
99.075
98.4898
98.1223
97.8536
97.7143
97.7143
97.8536
98.1223
98.4898
99.075
89.8877
89.0332
88.4704
88.0725
87.8676
87.8676
88.0725
88.4704
89.0332
89.8877
82.26
81.2767
80.635
80.1879
79.9585
79.9585
80.1879
80.635
81.2767
82.26
76.9935
75.9834
75.3326
74.8859
74.657
74.657
74.8859
75.3326
75.9834
76.9935
73.0418
72.039
71.3962
70.9637
70.7422
70.7422
70.9637
71.3962
72.039
73.0418
69.8412
68.8657
68.2388
67.8273
67.617
67.617
67.8273
68.2388
68.8657
69.8412
67.2014
66.2741
65.6728
65.2887
65.0932
65.0932
65.2887
65.6728
66.2741
67.2014
65.0153
64.1597
63.5965
63.2452
63.0671
63.0671
63.2452
63.5965
64.1597
65.0152
63.2022
62.4347
61.9223
61.6087
61.4499
61.4499
61.6087
61.9223
62.4347
63.2022
61.7827
61.0154
60.5621
60.2864
60.1467
60.1467
60.2864
60.5621
61.0154
61.7827
62.8915
63.0653
63.2545
63.3821
63.4481
63.4481
63.3821
63.2545
63.0653
62.8915
63.3173
63.4126
63.5401
63.6219
63.6638
63.6638
63.6219
63.5401
63.4126
63.3173
63.2946
63.2918
63.3448
63.3733
63.3875
63.3875
63.3733
63.3448
63.2918
63.2946
62.8821
62.7886
62.7732
62.7547
62.7446
62.7446
62.7547
62.7732
62.7886
62.8821
62.2839
62.1159
62.0423
61.986
61.9564
61.9564
61.986
62.0423
62.1159
62.2839
61.6096
61.3855
61.2648
61.1803
61.1362
61.1362
61.1803
61.2648
61.3855
61.6096
60.9146
60.6547
60.4999
60.397
60.3437
60.3437
60.397
60.4999
60.6547
60.9146
60.2305
59.9588
59.7855
59.674
59.6164
59.6164
59.674
59.7855
59.9588
60.2305
59.5933
59.3259
59.146
59.0331
58.9745
58.9745
59.0331
59.146
59.3259
59.5933
59.107
58.757
58.5722
58.4586
58.3994
58.3994
58.4586
58.5722
58.757
59.107
58.2587
58.2442
58.246
58.2426
58.241
58.241
58.2426
58.246
58.2442
58.2587
58.6727
58.656
58.6572
58.6521
58.6494
58.6494
58.6521
58.6572
58.656
58.6727
59.0156
58.9804
58.9701
58.9552
58.9472
58.9472
58.9552
58.9701
58.9804
59.0156
59.0696
59.0009
58.9684
58.9374
58.9209
58.9209
58.9374
58.9684
59.0009
59.0696
58.9252
58.8211
58.7641
58.7171
58.6921
58.6921
58.7171
58.7641
58.8211
58.9252
58.6775
58.5427
58.4632
58.4028
58.3709
58.3709
58.4028
58.4632
58.5427
58.6775
58.375
58.2179
58.1202
58.0502
58.0136
58.0136
58.0502
58.1202
58.2179
58.375
58.0449
57.8774
57.7684
57.6935
57.6543
57.6543
57.6935
57.7684
57.8774
58.0449
57.7202
57.5501
57.4336
57.3564
57.3161
57.3161
57.3564
57.4336
57.5501
57.7201
57.4763
57.2417
57.1146
57.0336
56.9915
56.9915
57.0336
57.1146
57.2417
57.4763
53.5254
53.5453
53.5704
53.5865
53.595
53.595
53.5865
53.5704
53.5453
53.5254
53.7373
53.761
53.7902
53.8087
53.8185
53.8185
53.8087
53.7902
53.761
53.7373
53.9173
53.9388
53.9677
53.9854
53.9947
53.9947
53.9854
53.9677
53.9388
53.9173
54.0043
54.0154
54.0374
54.0496
54.056
54.056
54.0496
54.0374
54.0154
54.0043
54.0192
54.0158
54.0275
54.0322
54.0345
54.0345
54.0322
54.0275
54.0158
54.0192
53.9856
53.9673
53.9675
53.9645
53.9627
53.9627
53.9644
53.9675
53.9673
53.9856
53.9172
53.8861
53.8756
53.8658
53.8604
53.8604
53.8658
53.8756
53.8861
53.9172
53.824
53.7848
53.7658
53.751
53.743
53.743
53.751
53.7658
53.7848
53.824
53.7239
53.6789
53.6518
53.6323
53.6217
53.6217
53.6323
53.6518
53.6789
53.7239
53.6626
53.5735
53.5323
53.5053
53.4911
53.4911
53.5053
53.5323
53.5735
53.6626
50.2967
50.2968
50.2989
50.299
50.2991
50.2991
50.299
50.2989
50.2968
50.2967
50.3961
50.3999
50.4051
50.4074
50.4086
50.4086
50.4074
50.4051
50.3999
50.3961
50.4976
50.5028
50.5098
50.5129
50.5145
50.5145
50.5129
50.5098
50.5028
50.4976
50.5667
50.5698
50.5758
50.5777
50.5787
50.5787
50.5777
50.5758
50.5698
50.5667
50.6054
50.6042
50.6073
50.607
50.6067
50.6067
50.607
50.6073
50.6042
50.6054
50.6208
50.6142
50.6135
50.6105
50.6087
50.6087
50.6104
50.6135
50.6142
50.6208
50.6177
50.6059
50.6012
50.5955
50.5923
50.5923
50.5955
50.6012
50.6059
50.6177
50.6003
50.5849
50.5767
50.569
50.5646
50.5646
50.569
50.5767
50.5849
50.6003
50.5782
50.5593
50.5468
50.5367
50.5311
50.5311
50.5367
50.5468
50.5593
50.5782
50.573
50.531
50.5102
50.4958
50.4882
50.4882
50.4958
50.5102
50.531
50.573
46.9705
46.9736
46.9774
46.9795
46.9807
46.9807
46.9795
46.9773
46.9736
46.9705
47.012
47.0168
47.0222
47.0255
47.0272
47.0272
47.0255
47.0222
47.0168
47.012
47.0543
47.0603
47.0669
47.071
47.0731
47.0731
47.071
47.0669
47.0603
47.0543
47.0862
47.092
47.0989
47.1029
47.105
47.105
47.1029
47.0989
47.092
47.0862
47.1079
47.1125
47.1186
47.122
47.1237
47.1237
47.122
47.1186
47.1125
47.1079
47.1208
47.1235
47.1283
47.1306
47.1318
47.1318
47.1306
47.1283
47.1235
47.1208
47.1258
47.1266
47.1297
47.1309
47.1314
47.1314
47.1309
47.1297
47.1266
47.1258
47.1242
47.1234
47.125
47.125
47.1249
47.1249
47.125
47.125
47.1234
47.1242
47.1202
47.1176
47.1168
47.1153
47.1144
47.1144
47.1153
47.1168
47.1176
47.1202
47.1246
47.11
47.1042
47.1
47.0977
47.0977
47.1
47.1042
47.11
47.1246
43.7705
43.771
43.7716
43.7717
43.7718
43.7718
43.7717
43.7716
43.771
43.7705
43.788
43.7893
43.7907
43.7914
43.7917
43.7917
43.7914
43.7907
43.7893
43.788
43.8079
43.81
43.8121
43.8132
43.8138
43.8138
43.8132
43.8121
43.81
43.8079
43.8251
43.8275
43.83
43.8313
43.832
43.832
43.8313
43.83
43.8275
43.8251
43.839
43.8414
43.8439
43.8451
43.8457
43.8457
43.8451
43.8439
43.8414
43.839
43.8499
43.8519
43.8542
43.8552
43.8556
43.8556
43.8552
43.8542
43.8519
43.8499
43.8579
43.8594
43.8612
43.8619
43.8622
43.8622
43.8619
43.8612
43.8594
43.8579
43.8633
43.8643
43.8657
43.866
43.8661
43.8661
43.866
43.8657
43.8643
43.8633
43.868
43.8682
43.8686
43.8683
43.8681
43.8681
43.8683
43.8686
43.8682
43.868
43.8761
43.8711
43.8692
43.8677
43.8668
43.8668
43.8677
43.8692
43.8711
43.8761
40.5345
40.5351
40.5357
40.5361
40.5363
40.5363
40.5361
40.5357
40.5351
40.5345
40.5412
40.5422
40.5431
40.5437
40.5441
40.5441
40.5437
40.5431
40.5422
40.5412
40.5488
40.5502
40.5515
40.5523
40.5528
40.5528
40.5523
40.5515
40.5502
40.5488
40.5559
40.5574
40.559
40.56
40.5605
40.5605
40.56
40.559
40.5574
40.5559
40.562
40.5637
40.5654
40.5664
40.5669
40.5669
40.5664
40.5654
40.5637
40.562
40.5672
40.5688
40.5705
40.5714
40.5719
40.5719
40.5714
40.5705
40.5688
40.5672
40.5713
40.5728
40.5744
40.5752
40.5756
40.5756
40.5752
40.5744
40.5728
40.5713
40.5743
40.5757
40.5771
40.5778
40.5782
40.5782
40.5778
40.5771
40.5757
40.5743
40.5771
40.5781
40.5791
40.5795
40.5797
40.5797
40.5795
40.5791
40.5781
40.5771
40.5814
40.5801
40.5799
40.5797
40.5795
40.5795
40.5797
40.5799
40.5801
40.5814
37.3055
37.3056
37.3057
37.3058
37.3058
37.3058
37.3058
37.3057
37.3056
37.3055
37.308
37.3083
37.3086
37.3087
37.3088
37.3088
37.3087
37.3086
37.3083
37.308
37.3112
37.3117
37.3122
37.3124
37.3125
37.3125
37.3124
37.3122
37.3117
37.3112
37.3145
37.3152
37.3158
37.3161
37.3163
37.3163
37.3161
37.3158
37.3152
37.3145
37.3177
37.3185
37.3192
37.3196
37.3198
37.3198
37.3196
37.3192
37.3185
37.3177
37.3208
37.3216
37.3223
37.3228
37.323
37.323
37.3228
37.3223
37.3216
37.3208
37.3235
37.3244
37.3252
37.3256
37.3258
37.3258
37.3256
37.3252
37.3244
37.3235
37.326
37.3269
37.3276
37.328
37.3282
37.3282
37.328
37.3276
37.3269
37.326
37.3284
37.3292
37.3298
37.3301
37.3303
37.3303
37.3301
37.3298
37.3292
37.3284
37.3314
37.3314
37.3315
37.3316
37.3316
37.3316
37.3316
37.3315
37.3314
37.3314
34.0658
34.0659
34.066
34.0661
34.0661
34.0661
34.0661
34.066
34.0659
34.0658
34.0666
34.0668
34.067
34.0671
34.0671
34.0671
34.0671
34.067
34.0668
34.0666
34.0677
34.068
34.0682
34.0683
34.0684
34.0684
34.0683
34.0682
34.068
34.0677
34.0689
34.0693
34.0696
34.0698
34.0699
34.0699
34.0698
34.0696
34.0693
34.0689
34.0702
34.0706
34.071
34.0712
34.0713
34.0713
34.0712
34.071
34.0706
34.0702
34.0715
34.0719
34.0723
34.0726
34.0727
34.0727
34.0726
34.0723
34.0719
34.0715
34.0727
34.0732
34.0736
34.0739
34.074
34.074
34.0739
34.0736
34.0732
34.0727
34.0738
34.0743
34.0747
34.075
34.0751
34.0751
34.075
34.0747
34.0743
34.0738
34.0749
34.0754
34.0758
34.076
34.0761
34.0761
34.076
34.0758
34.0754
34.0749
34.0762
34.0764
34.0766
34.0767
34.0767
34.0767
34.0767
34.0766
34.0764
34.0762
30.825
30.825
30.825
30.825
30.825
30.825
30.825
30.825
30.825
30.825
30.8252
30.8252
30.8253
30.8253
30.8253
30.8253
30.8253
30.8253
30.8252
30.8252
30.8256
30.8257
30.8257
30.8258
30.8258
30.8258
30.8258
30.8257
30.8257
30.8256
30.8261
30.8262
30.8263
30.8264
30.8264
30.8264
30.8264
30.8263
30.8262
30.8261
30.8267
30.8268
30.827
30.8271
30.8271
30.8271
30.8271
30.827
30.8268
30.8267
30.8273
30.8275
30.8277
30.8278
30.8278
30.8278
30.8278
30.8277
30.8275
30.8273
30.8279
30.8282
30.8284
30.8285
30.8286
30.8286
30.8285
30.8284
30.8282
30.8279
30.8286
30.8289
30.8291
30.8292
30.8293
30.8293
30.8292
30.8291
30.8289
30.8286
30.8293
30.8296
30.8298
30.8299
30.8299
30.8299
30.8299
30.8298
30.8296
30.8293
30.83
30.8302
30.8304
30.8304
30.8305
30.8305
30.8304
30.8304
30.8302
30.83
27.5814
27.5814
27.5814
27.5814
27.5814
27.5814
27.5814
27.5814
27.5814
27.5814
27.5814
27.5814
27.5815
27.5815
27.5815
27.5815
27.5815
27.5815
27.5814
27.5814
27.5815
27.5815
27.5816
27.5816
27.5816
27.5816
27.5816
27.5816
27.5815
27.5815
27.5816
27.5817
27.5818
27.5818
27.5818
27.5818
27.5818
27.5818
27.5817
27.5816
27.5819
27.5819
27.582
27.582
27.5821
27.5821
27.582
27.582
27.5819
27.5819
27.5821
27.5822
27.5823
27.5823
27.5824
27.5824
27.5823
27.5823
27.5822
27.5821
27.5824
27.5825
27.5826
27.5826
27.5827
27.5827
27.5826
27.5826
27.5825
27.5824
27.5826
27.5828
27.5829
27.5829
27.583
27.583
27.5829
27.5829
27.5828
27.5826
27.5829
27.583
27.5831
27.5832
27.5832
27.5832
27.5832
27.5831
27.583
27.5829
27.5832
27.5833
27.5834
27.5835
27.5835
27.5835
27.5835
27.5834
27.5833
27.5832
24.3372
24.3372
24.3372
24.3372
24.3372
24.3372
24.3372
24.3372
24.3372
24.3372
24.3372
24.3372
24.3372
24.3372
24.3372
24.3372
24.3372
24.3372
24.3372
24.3372
24.3372
24.3372
24.3373
24.3373
24.3373
24.3373
24.3373
24.3373
24.3372
24.3372
24.3373
24.3373
24.3373
24.3373
24.3373
24.3373
24.3373
24.3373
24.3373
24.3373
24.3374
24.3374
24.3374
24.3374
24.3374
24.3374
24.3374
24.3374
24.3374
24.3374
24.3375
24.3375
24.3375
24.3376
24.3376
24.3376
24.3376
24.3375
24.3375
24.3375
24.3376
24.3377
24.3377
24.3377
24.3377
24.3377
24.3377
24.3377
24.3377
24.3376
24.3377
24.3378
24.3378
24.3379
24.3379
24.3379
24.3379
24.3378
24.3378
24.3377
24.3379
24.338
24.338
24.338
24.338
24.338
24.338
24.338
24.338
24.3379
24.338
24.3381
24.3381
24.3382
24.3382
24.3382
24.3382
24.3381
24.3381
24.338
21.0925
21.0925
21.0925
21.0925
21.0925
21.0925
21.0925
21.0925
21.0925
21.0925
21.0925
21.0925
21.0925
21.0925
21.0925
21.0925
21.0925
21.0925
21.0925
21.0925
21.0925
21.0925
21.0925
21.0925
21.0925
21.0925
21.0925
21.0925
21.0925
21.0925
21.0925
21.0925
21.0925
21.0925
21.0925
21.0925
21.0925
21.0925
21.0925
21.0925
21.0925
21.0925
21.0925
21.0925
21.0925
21.0925
21.0925
21.0925
21.0925
21.0925
21.0925
21.0925
21.0926
21.0926
21.0926
21.0926
21.0926
21.0926
21.0925
21.0925
21.0926
21.0926
21.0926
21.0926
21.0926
21.0926
21.0926
21.0926
21.0926
21.0926
21.0926
21.0927
21.0927
21.0927
21.0927
21.0927
21.0927
21.0927
21.0927
21.0926
21.0927
21.0927
21.0927
21.0927
21.0928
21.0928
21.0927
21.0927
21.0927
21.0927
21.0927
21.0928
21.0928
21.0928
21.0928
21.0928
21.0928
21.0928
21.0928
21.0927
17.8476
17.8476
17.8476
17.8476
17.8476
17.8476
17.8476
17.8476
17.8476
17.8476
17.8476
17.8476
17.8476
17.8476
17.8476
17.8476
17.8476
17.8476
17.8476
17.8476
17.8476
17.8476
17.8476
17.8476
17.8476
17.8476
17.8476
17.8476
17.8476
17.8476
17.8476
17.8476
17.8476
17.8476
17.8476
17.8476
17.8476
17.8476
17.8476
17.8476
17.8476
17.8476
17.8476
17.8476
17.8476
17.8476
17.8476
17.8476
17.8476
17.8476
17.8476
17.8476
17.8476
17.8476
17.8476
17.8476
17.8476
17.8476
17.8476
17.8476
17.8476
17.8476
17.8476
17.8477
17.8477
17.8477
17.8477
17.8476
17.8476
17.8476
17.8477
17.8477
17.8477
17.8477
17.8477
17.8477
17.8477
17.8477
17.8477
17.8477
17.8477
17.8477
17.8477
17.8477
17.8477
17.8477
17.8477
17.8477
17.8477
17.8477
17.8477
17.8477
17.8477
17.8477
17.8477
17.8477
17.8477
17.8477
17.8477
17.8477
14.6026
14.6026
14.6026
14.6026
14.6026
14.6026
14.6026
14.6026
14.6026
14.6026
14.6026
14.6026
14.6026
14.6026
14.6026
14.6026
14.6026
14.6026
14.6026
14.6026
14.6026
14.6026
14.6026
14.6026
14.6026
14.6026
14.6026
14.6026
14.6026
14.6026
14.6026
14.6026
14.6026
14.6026
14.6026
14.6026
14.6026
14.6026
14.6026
14.6026
14.6026
14.6026
14.6026
14.6026
14.6026
14.6026
14.6026
14.6026
14.6026
14.6026
14.6026
14.6026
14.6026
14.6026
14.6026
14.6026
14.6026
14.6026
14.6026
14.6026
14.6026
14.6026
14.6026
14.6026
14.6026
14.6026
14.6026
14.6026
14.6026
14.6026
14.6026
14.6026
14.6026
14.6026
14.6026
14.6026
14.6026
14.6026
14.6026
14.6026
14.6026
14.6026
14.6026
14.6026
14.6026
14.6026
14.6026
14.6026
14.6026
14.6026
14.6026
14.6027
14.6027
14.6027
14.6027
14.6027
14.6027
14.6027
14.6027
14.6026
11.3576
11.3576
11.3576
11.3576
11.3576
11.3576
11.3576
11.3576
11.3576
11.3576
11.3576
11.3576
11.3576
11.3576
11.3576
11.3576
11.3576
11.3576
11.3576
11.3576
11.3576
11.3576
11.3576
11.3576
11.3576
11.3576
11.3576
11.3576
11.3576
11.3576
11.3576
11.3576
11.3576
11.3576
11.3576
11.3576
11.3576
11.3576
11.3576
11.3576
11.3576
11.3576
11.3576
11.3576
11.3576
11.3576
11.3576
11.3576
11.3576
11.3576
11.3576
11.3576
11.3576
11.3576
11.3576
11.3576
11.3576
11.3576
11.3576
11.3576
11.3576
11.3576
11.3576
11.3576
11.3576
11.3576
11.3576
11.3576
11.3576
11.3576
11.3576
11.3576
11.3576
11.3576
11.3576
11.3576
11.3576
11.3576
11.3576
11.3576
11.3576
11.3576
11.3576
11.3576
11.3576
11.3576
11.3576
11.3576
11.3576
11.3576
11.3576
11.3576
11.3576
11.3576
11.3576
11.3576
11.3576
11.3576
11.3576
11.3576
8.11259
8.11259
8.11259
8.11259
8.11259
8.11259
8.11259
8.11259
8.11259
8.11259
8.11258
8.11258
8.11258
8.11258
8.11258
8.11258
8.11258
8.11258
8.11258
8.11258
8.11258
8.11258
8.11258
8.11258
8.11258
8.11258
8.11258
8.11258
8.11258
8.11258
8.11258
8.11258
8.11258
8.11258
8.11258
8.11258
8.11258
8.11258
8.11258
8.11258
8.11258
8.11258
8.11258
8.11258
8.11258
8.11258
8.11258
8.11258
8.11258
8.11258
8.11258
8.11258
8.11258
8.11258
8.11258
8.11258
8.11258
8.11258
8.11258
8.11258
8.11258
8.11258
8.11258
8.11258
8.11258
8.11258
8.11258
8.11258
8.11258
8.11258
8.11258
8.11258
8.11258
8.11258
8.11258
8.11258
8.11258
8.11258
8.11258
8.11258
8.11258
8.11258
8.11258
8.11258
8.11258
8.11258
8.11258
8.11258
8.11258
8.11258
8.11258
8.11258
8.11258
8.11258
8.11258
8.11258
8.11258
8.11258
8.11258
8.11258
4.86755
4.86755
4.86755
4.86755
4.86755
4.86755
4.86755
4.86755
4.86755
4.86755
4.86755
4.86755
4.86755
4.86755
4.86755
4.86755
4.86755
4.86755
4.86755
4.86755
4.86755
4.86755
4.86755
4.86755
4.86755
4.86755
4.86755
4.86755
4.86755
4.86755
4.86755
4.86755
4.86755
4.86755
4.86755
4.86755
4.86755
4.86755
4.86755
4.86755
4.86755
4.86755
4.86755
4.86755
4.86755
4.86755
4.86755
4.86755
4.86755
4.86755
4.86755
4.86755
4.86755
4.86755
4.86755
4.86755
4.86755
4.86755
4.86755
4.86755
4.86755
4.86755
4.86755
4.86755
4.86755
4.86755
4.86755
4.86755
4.86755
4.86755
4.86755
4.86755
4.86755
4.86755
4.86755
4.86755
4.86755
4.86755
4.86755
4.86755
4.86755
4.86755
4.86755
4.86755
4.86755
4.86755
4.86755
4.86755
4.86755
4.86755
4.86755
4.86755
4.86755
4.86755
4.86755
4.86755
4.86755
4.86755
4.86755
4.86755
1.62252
1.62252
1.62252
1.62252
1.62252
1.62252
1.62252
1.62252
1.62252
1.62252
1.62252
1.62252
1.62252
1.62252
1.62252
1.62252
1.62252
1.62252
1.62252
1.62252
1.62252
1.62252
1.62252
1.62252
1.62252
1.62252
1.62252
1.62252
1.62252
1.62252
1.62252
1.62252
1.62252
1.62252
1.62252
1.62252
1.62252
1.62252
1.62252
1.62252
1.62252
1.62252
1.62252
1.62252
1.62252
1.62252
1.62252
1.62252
1.62252
1.62252
1.62252
1.62252
1.62252
1.62252
1.62252
1.62252
1.62252
1.62252
1.62252
1.62252
1.62252
1.62252
1.62252
1.62252
1.62251
1.62251
1.62251
1.62252
1.62252
1.62252
1.62251
1.62251
1.62251
1.62251
1.62251
1.62251
1.62251
1.62251
1.62251
1.62251
1.62251
1.62251
1.62251
1.62251
1.62251
1.62251
1.62251
1.62251
1.62251
1.62251
1.62251
1.62251
1.62251
1.62251
1.62251
1.62251
1.62251
1.62251
1.62251
1.62251
99.075
98.4898
98.1222
97.8536
97.7143
97.7143
97.8536
98.1222
98.4898
99.075
89.8877
89.0332
88.4704
88.0725
87.8676
87.8676
88.0725
88.4704
89.0332
89.8877
82.26
81.2767
80.635
80.1879
79.9585
79.9585
80.1879
80.635
81.2767
82.26
76.9935
75.9834
75.3326
74.8859
74.657
74.657
74.8859
75.3326
75.9834
76.9935
73.0418
72.039
71.3962
70.9637
70.7421
70.7421
70.9637
71.3962
72.039
73.0418
69.8412
68.8656
68.2388
67.8273
67.617
67.617
67.8273
68.2388
68.8656
69.8412
67.2014
66.2741
65.6728
65.2887
65.0932
65.0932
65.2887
65.6728
66.2741
67.2014
65.0152
64.1597
63.5965
63.2452
63.0671
63.0671
63.2452
63.5965
64.1597
65.0152
63.2022
62.4347
61.9222
61.6087
61.4499
61.4499
61.6087
61.9222
62.4347
63.2022
61.7827
61.0154
60.5621
60.2864
60.1467
60.1467
60.2864
60.5621
61.0154
61.7827
62.8915
63.0653
63.2545
63.3821
63.4481
63.4481
63.3821
63.2545
63.0653
62.8915
63.3173
63.4126
63.5401
63.6219
63.6638
63.6638
63.6219
63.5401
63.4126
63.3173
63.2946
63.2918
63.3448
63.3733
63.3875
63.3875
63.3733
63.3448
63.2918
63.2946
62.8821
62.7886
62.7732
62.7547
62.7446
62.7446
62.7547
62.7732
62.7886
62.8821
62.2839
62.1159
62.0423
61.986
61.9564
61.9564
61.986
62.0423
62.1159
62.2839
61.6096
61.3855
61.2648
61.1803
61.1362
61.1362
61.1803
61.2648
61.3855
61.6096
60.9146
60.6547
60.4999
60.397
60.3437
60.3437
60.397
60.4999
60.6547
60.9146
60.2305
59.9588
59.7854
59.674
59.6164
59.6164
59.674
59.7854
59.9588
60.2305
59.5933
59.3258
59.146
59.0331
58.9745
58.9745
59.0331
59.146
59.3258
59.5933
59.107
58.757
58.5722
58.4586
58.3994
58.3994
58.4586
58.5722
58.757
59.107
58.2587
58.2442
58.246
58.2426
58.241
58.241
58.2426
58.246
58.2442
58.2587
58.6727
58.656
58.6572
58.6521
58.6494
58.6494
58.6521
58.6572
58.656
58.6727
59.0156
58.9804
58.9701
58.9552
58.9472
58.9472
58.9552
58.9701
58.9804
59.0156
59.0696
59.0009
58.9684
58.9374
58.9209
58.9209
58.9374
58.9684
59.0009
59.0696
58.9252
58.8211
58.7641
58.7171
58.6921
58.6921
58.7171
58.7641
58.8211
58.9252
58.6775
58.5427
58.4632
58.4028
58.3709
58.3709
58.4028
58.4632
58.5427
58.6775
58.375
58.2179
58.1202
58.0502
58.0136
58.0136
58.0502
58.1202
58.2179
58.375
58.0449
57.8774
57.7684
57.6935
57.6543
57.6543
57.6935
57.7684
57.8774
58.0449
57.7201
57.5501
57.4336
57.3564
57.316
57.316
57.3564
57.4336
57.5501
57.7201
57.4763
57.2417
57.1146
57.0336
56.9915
56.9915
57.0336
57.1146
57.2417
57.4763
53.5254
53.5453
53.5704
53.5865
53.595
53.595
53.5865
53.5704
53.5453
53.5254
53.7373
53.761
53.7902
53.8087
53.8185
53.8185
53.8087
53.7902
53.761
53.7373
53.9173
53.9388
53.9677
53.9854
53.9946
53.9946
53.9854
53.9677
53.9388
53.9173
54.0043
54.0154
54.0374
54.0496
54.056
54.056
54.0496
54.0374
54.0154
54.0043
54.0192
54.0158
54.0275
54.0322
54.0345
54.0345
54.0322
54.0275
54.0158
54.0192
53.9856
53.9673
53.9675
53.9644
53.9627
53.9627
53.9644
53.9675
53.9673
53.9856
53.9172
53.8861
53.8756
53.8658
53.8604
53.8604
53.8658
53.8756
53.8861
53.9172
53.824
53.7848
53.7658
53.751
53.743
53.743
53.751
53.7658
53.7848
53.824
53.7239
53.6789
53.6518
53.6323
53.6217
53.6217
53.6323
53.6518
53.6789
53.7239
53.6626
53.5735
53.5323
53.5053
53.4911
53.4911
53.5053
53.5323
53.5735
53.6626
50.2967
50.2968
50.2989
50.299
50.2991
50.2991
50.299
50.2989
50.2968
50.2967
50.3961
50.3999
50.4051
50.4074
50.4086
50.4086
50.4074
50.4051
50.3999
50.3961
50.4976
50.5028
50.5098
50.5129
50.5145
50.5145
50.5129
50.5098
50.5028
50.4976
50.5667
50.5698
50.5758
50.5777
50.5787
50.5787
50.5777
50.5758
50.5698
50.5667
50.6054
50.6042
50.6073
50.607
50.6067
50.6067
50.607
50.6073
50.6042
50.6054
50.6208
50.6142
50.6135
50.6104
50.6086
50.6086
50.6104
50.6135
50.6142
50.6208
50.6177
50.6059
50.6011
50.5955
50.5923
50.5923
50.5955
50.6011
50.6059
50.6177
50.6003
50.5849
50.5767
50.569
50.5646
50.5646
50.569
50.5767
50.5849
50.6003
50.5782
50.5593
50.5468
50.5367
50.5311
50.5311
50.5367
50.5468
50.5593
50.5781
50.573
50.531
50.5102
50.4958
50.4882
50.4882
50.4958
50.5102
50.531
50.573
46.9705
46.9736
46.9773
46.9795
46.9807
46.9807
46.9795
46.9773
46.9736
46.9705
47.012
47.0168
47.0222
47.0255
47.0272
47.0272
47.0255
47.0222
47.0168
47.012
47.0543
47.0603
47.0669
47.071
47.0731
47.0731
47.071
47.0669
47.0603
47.0543
47.0862
47.092
47.0989
47.1029
47.105
47.105
47.1029
47.0989
47.092
47.0862
47.1079
47.1125
47.1186
47.122
47.1237
47.1237
47.122
47.1186
47.1125
47.1079
47.1208
47.1235
47.1283
47.1306
47.1318
47.1318
47.1306
47.1283
47.1235
47.1208
47.1258
47.1266
47.1297
47.1309
47.1314
47.1314
47.1309
47.1297
47.1266
47.1258
47.1242
47.1234
47.125
47.125
47.1249
47.1249
47.125
47.125
47.1234
47.1242
47.1202
47.1176
47.1168
47.1153
47.1144
47.1144
47.1153
47.1168
47.1176
47.1202
47.1246
47.11
47.1042
47.1
47.0977
47.0977
47.1
47.1042
47.11
47.1246
43.7705
43.771
43.7716
43.7717
43.7718
43.7718
43.7717
43.7716
43.771
43.7705
43.788
43.7893
43.7907
43.7914
43.7917
43.7917
43.7914
43.7907
43.7893
43.788
43.8079
43.81
43.8121
43.8132
43.8138
43.8138
43.8132
43.8121
43.81
43.8079
43.8251
43.8275
43.83
43.8313
43.832
43.832
43.8313
43.83
43.8275
43.8251
43.839
43.8414
43.8439
43.8451
43.8457
43.8457
43.8451
43.8439
43.8414
43.839
43.8499
43.8519
43.8542
43.8552
43.8556
43.8556
43.8552
43.8542
43.8519
43.8499
43.8579
43.8594
43.8612
43.8619
43.8622
43.8622
43.8619
43.8612
43.8594
43.8579
43.8633
43.8643
43.8657
43.866
43.8661
43.8661
43.866
43.8657
43.8643
43.8633
43.868
43.8682
43.8686
43.8683
43.8681
43.8681
43.8683
43.8686
43.8682
43.868
43.8761
43.8711
43.8692
43.8677
43.8668
43.8668
43.8677
43.8692
43.8711
43.8761
40.5345
40.5351
40.5357
40.5361
40.5363
40.5363
40.5361
40.5357
40.5351
40.5345
40.5412
40.5422
40.5431
40.5437
40.5441
40.5441
40.5437
40.5431
40.5422
40.5412
40.5488
40.5502
40.5515
40.5523
40.5528
40.5528
40.5523
40.5515
40.5502
40.5488
40.5559
40.5574
40.559
40.56
40.5605
40.5605
40.56
40.559
40.5574
40.5559
40.562
40.5637
40.5654
40.5664
40.5669
40.5669
40.5664
40.5654
40.5637
40.562
40.5672
40.5688
40.5705
40.5714
40.5719
40.5719
40.5714
40.5705
40.5688
40.5672
40.5713
40.5728
40.5744
40.5752
40.5756
40.5756
40.5752
40.5744
40.5728
40.5713
40.5743
40.5757
40.5771
40.5778
40.5782
40.5782
40.5778
40.5771
40.5757
40.5743
40.5771
40.5781
40.5791
40.5795
40.5797
40.5797
40.5795
40.5791
40.5781
40.5771
40.5814
40.5801
40.5799
40.5797
40.5795
40.5795
40.5797
40.5799
40.5801
40.5814
37.3055
37.3056
37.3057
37.3058
37.3058
37.3058
37.3058
37.3057
37.3056
37.3055
37.308
37.3083
37.3086
37.3087
37.3088
37.3088
37.3087
37.3086
37.3083
37.308
37.3112
37.3117
37.3122
37.3124
37.3125
37.3125
37.3124
37.3122
37.3117
37.3112
37.3145
37.3152
37.3158
37.3161
37.3163
37.3163
37.3161
37.3158
37.3152
37.3145
37.3177
37.3185
37.3192
37.3196
37.3198
37.3198
37.3196
37.3192
37.3185
37.3177
37.3208
37.3216
37.3223
37.3228
37.323
37.323
37.3228
37.3223
37.3216
37.3208
37.3235
37.3244
37.3252
37.3256
37.3258
37.3258
37.3256
37.3252
37.3244
37.3235
37.326
37.3269
37.3276
37.328
37.3282
37.3282
37.328
37.3276
37.3269
37.326
37.3284
37.3292
37.3298
37.3301
37.3303
37.3303
37.3301
37.3298
37.3292
37.3284
37.3314
37.3314
37.3315
37.3316
37.3316
37.3316
37.3316
37.3315
37.3314
37.3314
34.0658
34.0659
34.066
34.0661
34.0661
34.0661
34.0661
34.066
34.0659
34.0658
34.0666
34.0668
34.067
34.0671
34.0671
34.0671
34.0671
34.067
34.0668
34.0666
34.0677
34.068
34.0682
34.0683
34.0684
34.0684
34.0683
34.0682
34.068
34.0677
34.0689
34.0693
34.0696
34.0698
34.0699
34.0699
34.0698
34.0696
34.0693
34.0689
34.0702
34.0706
34.071
34.0712
34.0713
34.0713
34.0712
34.071
34.0706
34.0702
34.0715
34.0719
34.0723
34.0726
34.0727
34.0727
34.0726
34.0723
34.0719
34.0715
34.0727
34.0732
34.0736
34.0739
34.074
34.074
34.0739
34.0736
34.0732
34.0727
34.0738
34.0743
34.0747
34.075
34.0751
34.0751
34.075
34.0747
34.0743
34.0738
34.0749
34.0754
34.0758
34.076
34.0761
34.0761
34.076
34.0758
34.0754
34.0749
34.0762
34.0764
34.0766
34.0767
34.0767
34.0767
34.0767
34.0766
34.0764
34.0762
30.825
30.825
30.825
30.825
30.825
30.825
30.825
30.825
30.825
30.825
30.8252
30.8252
30.8253
30.8253
30.8253
30.8253
30.8253
30.8253
30.8252
30.8252
30.8256
30.8257
30.8257
30.8258
30.8258
30.8258
30.8258
30.8257
30.8257
30.8256
30.8261
30.8262
30.8263
30.8264
30.8264
30.8264
30.8264
30.8263
30.8262
30.8261
30.8267
30.8268
30.827
30.8271
30.8271
30.8271
30.8271
30.827
30.8268
30.8267
30.8273
30.8275
30.8277
30.8278
30.8278
30.8278
30.8278
30.8277
30.8275
30.8273
30.8279
30.8282
30.8284
30.8285
30.8286
30.8286
30.8285
30.8284
30.8282
30.8279
30.8286
30.8289
30.8291
30.8292
30.8293
30.8293
30.8292
30.8291
30.8289
30.8286
30.8293
30.8296
30.8298
30.8299
30.8299
30.8299
30.8299
30.8298
30.8296
30.8293
30.83
30.8302
30.8304
30.8304
30.8305
30.8305
30.8304
30.8304
30.8302
30.83
27.5814
27.5814
27.5814
27.5814
27.5814
27.5814
27.5814
27.5814
27.5814
27.5814
27.5814
27.5814
27.5815
27.5815
27.5815
27.5815
27.5815
27.5815
27.5814
27.5814
27.5815
27.5815
27.5816
27.5816
27.5816
27.5816
27.5816
27.5816
27.5815
27.5815
27.5816
27.5817
27.5818
27.5818
27.5818
27.5818
27.5818
27.5818
27.5817
27.5816
27.5819
27.5819
27.582
27.582
27.5821
27.5821
27.582
27.582
27.5819
27.5819
27.5821
27.5822
27.5823
27.5823
27.5824
27.5824
27.5823
27.5823
27.5822
27.5821
27.5824
27.5825
27.5826
27.5826
27.5827
27.5827
27.5826
27.5826
27.5825
27.5824
27.5826
27.5828
27.5829
27.5829
27.583
27.583
27.5829
27.5829
27.5828
27.5826
27.5829
27.583
27.5831
27.5832
27.5832
27.5832
27.5832
27.5831
27.583
27.5829
27.5832
27.5833
27.5834
27.5835
27.5835
27.5835
27.5835
27.5834
27.5833
27.5832
24.3372
24.3372
24.3372
24.3372
24.3372
24.3372
24.3372
24.3372
24.3372
24.3372
24.3372
24.3372
24.3372
24.3372
24.3372
24.3372
24.3372
24.3372
24.3372
24.3372
24.3372
24.3372
24.3373
24.3373
24.3373
24.3373
24.3373
24.3373
24.3372
24.3372
24.3373
24.3373
24.3373
24.3373
24.3373
24.3373
24.3373
24.3373
24.3373
24.3373
24.3374
24.3374
24.3374
24.3374
24.3374
24.3374
24.3374
24.3374
24.3374
24.3374
24.3375
24.3375
24.3375
24.3376
24.3376
24.3376
24.3376
24.3375
24.3375
24.3375
24.3376
24.3377
24.3377
24.3377
24.3377
24.3377
24.3377
24.3377
24.3377
24.3376
24.3377
24.3378
24.3378
24.3379
24.3379
24.3379
24.3379
24.3378
24.3378
24.3377
24.3379
24.338
24.338
24.338
24.338
24.338
24.338
24.338
24.338
24.3379
24.338
24.3381
24.3381
24.3382
24.3382
24.3382
24.3382
24.3381
24.3381
24.338
21.0925
21.0925
21.0925
21.0925
21.0925
21.0925
21.0925
21.0925
21.0925
21.0925
21.0925
21.0925
21.0925
21.0925
21.0925
21.0925
21.0925
21.0925
21.0925
21.0925
21.0925
21.0925
21.0925
21.0925
21.0925
21.0925
21.0925
21.0925
21.0925
21.0925
21.0925
21.0925
21.0925
21.0925
21.0925
21.0925
21.0925
21.0925
21.0925
21.0925
21.0925
21.0925
21.0925
21.0925
21.0925
21.0925
21.0925
21.0925
21.0925
21.0925
21.0925
21.0925
21.0926
21.0926
21.0926
21.0926
21.0926
21.0926
21.0925
21.0925
21.0926
21.0926
21.0926
21.0926
21.0926
21.0926
21.0926
21.0926
21.0926
21.0926
21.0926
21.0927
21.0927
21.0927
21.0927
21.0927
21.0927
21.0927
21.0927
21.0926
21.0927
21.0927
21.0927
21.0927
21.0928
21.0928
21.0927
21.0927
21.0927
21.0927
21.0927
21.0928
21.0928
21.0928
21.0928
21.0928
21.0928
21.0928
21.0928
21.0927
17.8476
17.8476
17.8476
17.8476
17.8476
17.8476
17.8476
17.8476
17.8476
17.8476
17.8476
17.8476
17.8476
17.8476
17.8476
17.8476
17.8476
17.8476
17.8476
17.8476
17.8476
17.8476
17.8476
17.8476
17.8476
17.8476
17.8476
17.8476
17.8476
17.8476
17.8476
17.8476
17.8476
17.8476
17.8476
17.8476
17.8476
17.8476
17.8476
17.8476
17.8476
17.8476
17.8476
17.8476
17.8476
17.8476
17.8476
17.8476
17.8476
17.8476
17.8476
17.8476
17.8476
17.8476
17.8476
17.8476
17.8476
17.8476
17.8476
17.8476
17.8476
17.8476
17.8476
17.8477
17.8477
17.8477
17.8477
17.8476
17.8476
17.8476
17.8477
17.8477
17.8477
17.8477
17.8477
17.8477
17.8477
17.8477
17.8477
17.8477
17.8477
17.8477
17.8477
17.8477
17.8477
17.8477
17.8477
17.8477
17.8477
17.8477
17.8477
17.8477
17.8477
17.8477
17.8477
17.8477
17.8477
17.8477
17.8477
17.8477
14.6026
14.6026
14.6026
14.6026
14.6026
14.6026
14.6026
14.6026
14.6026
14.6026
14.6026
14.6026
14.6026
14.6026
14.6026
14.6026
14.6026
14.6026
14.6026
14.6026
14.6026
14.6026
14.6026
14.6026
14.6026
14.6026
14.6026
14.6026
14.6026
14.6026
14.6026
14.6026
14.6026
14.6026
14.6026
14.6026
14.6026
14.6026
14.6026
14.6026
14.6026
14.6026
14.6026
14.6026
14.6026
14.6026
14.6026
14.6026
14.6026
14.6026
14.6026
14.6026
14.6026
14.6026
14.6026
14.6026
14.6026
14.6026
14.6026
14.6026
14.6026
14.6026
14.6026
14.6026
14.6026
14.6026
14.6026
14.6026
14.6026
14.6026
14.6026
14.6026
14.6026
14.6026
14.6026
14.6026
14.6026
14.6026
14.6026
14.6026
14.6026
14.6026
14.6026
14.6026
14.6026
14.6026
14.6026
14.6026
14.6026
14.6026
14.6026
14.6027
14.6027
14.6027
14.6027
14.6027
14.6027
14.6027
14.6027
14.6026
11.3576
11.3576
11.3576
11.3576
11.3576
11.3576
11.3576
11.3576
11.3576
11.3576
11.3576
11.3576
11.3576
11.3576
11.3576
11.3576
11.3576
11.3576
11.3576
11.3576
11.3576
11.3576
11.3576
11.3576
11.3576
11.3576
11.3576
11.3576
11.3576
11.3576
11.3576
11.3576
11.3576
11.3576
11.3576
11.3576
11.3576
11.3576
11.3576
11.3576
11.3576
11.3576
11.3576
11.3576
11.3576
11.3576
11.3576
11.3576
11.3576
11.3576
11.3576
11.3576
11.3576
11.3576
11.3576
11.3576
11.3576
11.3576
11.3576
11.3576
11.3576
11.3576
11.3576
11.3576
11.3576
11.3576
11.3576
11.3576
11.3576
11.3576
11.3576
11.3576
11.3576
11.3576
11.3576
11.3576
11.3576
11.3576
11.3576
11.3576
11.3576
11.3576
11.3576
11.3576
11.3576
11.3576
11.3576
11.3576
11.3576
11.3576
11.3576
11.3576
11.3576
11.3576
11.3576
11.3576
11.3576
11.3576
11.3576
11.3576
8.11259
8.11259
8.11259
8.11259
8.11259
8.11259
8.11259
8.11259
8.11259
8.11259
8.11258
8.11258
8.11258
8.11258
8.11258
8.11258
8.11258
8.11258
8.11258
8.11258
8.11258
8.11258
8.11258
8.11258
8.11258
8.11258
8.11258
8.11258
8.11258
8.11258
8.11258
8.11258
8.11258
8.11258
8.11258
8.11258
8.11258
8.11258
8.11258
8.11258
8.11258
8.11258
8.11258
8.11258
8.11258
8.11258
8.11258
8.11258
8.11258
8.11258
8.11258
8.11258
8.11258
8.11258
8.11258
8.11258
8.11258
8.11258
8.11258
8.11258
8.11258
8.11258
8.11258
8.11258
8.11258
8.11258
8.11258
8.11258
8.11258
8.11258
8.11258
8.11258
8.11258
8.11258
8.11258
8.11258
8.11258
8.11258
8.11258
8.11258
8.11258
8.11258
8.11258
8.11258
8.11258
8.11258
8.11258
8.11258
8.11258
8.11258
8.11258
8.11258
8.11258
8.11258
8.11258
8.11258
8.11258
8.11258
8.11258
8.11258
4.86755
4.86755
4.86755
4.86755
4.86755
4.86755
4.86755
4.86755
4.86755
4.86755
4.86755
4.86755
4.86755
4.86755
4.86755
4.86755
4.86755
4.86755
4.86755
4.86755
4.86755
4.86755
4.86755
4.86755
4.86755
4.86755
4.86755
4.86755
4.86755
4.86755
4.86755
4.86755
4.86755
4.86755
4.86755
4.86755
4.86755
4.86755
4.86755
4.86755
4.86755
4.86755
4.86755
4.86755
4.86755
4.86755
4.86755
4.86755
4.86755
4.86755
4.86755
4.86755
4.86755
4.86755
4.86755
4.86755
4.86755
4.86755
4.86755
4.86755
4.86755
4.86755
4.86755
4.86755
4.86755
4.86755
4.86755
4.86755
4.86755
4.86755
4.86755
4.86755
4.86755
4.86755
4.86755
4.86755
4.86755
4.86755
4.86755
4.86755
4.86755
4.86755
4.86755
4.86755
4.86755
4.86755
4.86755
4.86755
4.86755
4.86755
4.86755
4.86755
4.86755
4.86755
4.86755
4.86755
4.86755
4.86755
4.86755
4.86755
1.62252
1.62252
1.62252
1.62252
1.62252
1.62252
1.62252
1.62252
1.62252
1.62252
1.62252
1.62252
1.62252
1.62252
1.62252
1.62252
1.62252
1.62252
1.62252
1.62252
1.62252
1.62252
1.62252
1.62252
1.62252
1.62252
1.62252
1.62252
1.62252
1.62252
1.62252
1.62252
1.62252
1.62252
1.62252
1.62252
1.62252
1.62252
1.62252
1.62252
1.62252
1.62252
1.62252
1.62252
1.62252
1.62252
1.62252
1.62252
1.62252
1.62252
1.62252
1.62252
1.62252
1.62252
1.62252
1.62252
1.62252
1.62252
1.62252
1.62252
1.62252
1.62252
1.62252
1.62251
1.62251
1.62251
1.62251
1.62252
1.62252
1.62252
1.62251
1.62251
1.62251
1.62251
1.62251
1.62251
1.62251
1.62251
1.62251
1.62251
1.62251
1.62251
1.62251
1.62251
1.62251
1.62251
1.62251
1.62251
1.62251
1.62251
1.62251
1.62251
1.62251
1.62251
1.62251
1.62251
1.62251
1.62251
1.62251
1.62251
60.7656
60.0746
59.6365
59.3576
59.2191
59.2191
59.3576
59.6365
60.0746
60.7656
60.0746
59.4841
59.0387
58.7414
58.5939
58.5939
58.7414
59.0387
59.4841
60.0746
59.6365
59.0387
58.574
58.2641
58.1111
58.1111
58.2641
58.574
59.0387
59.6365
59.3576
58.7414
58.2641
57.9482
57.7927
57.7927
57.9482
58.2641
58.7414
59.3576
59.2191
58.5939
58.1111
57.7927
57.6362
57.6362
57.7927
58.1111
58.5939
59.2191
59.2191
58.5939
58.1111
57.7927
57.6362
57.6362
57.7927
58.1111
58.5939
59.2191
59.3576
58.7414
58.2641
57.9482
57.7927
57.7927
57.9482
58.2641
58.7414
59.3576
59.6365
59.0387
58.574
58.2641
58.1111
58.1111
58.2641
58.574
59.0387
59.6365
60.0746
59.4841
59.0387
58.7414
58.5939
58.5939
58.7414
59.0387
59.4841
60.0746
60.7656
60.0746
59.6365
59.3576
59.2191
59.2191
59.3576
59.6365
60.0746
60.7656
58.5854
58.3069
58.1407
58.0313
57.9757
57.9757
58.0313
58.1407
58.3069
58.5854
58.3069
58.0859
57.8978
57.7667
57.7011
57.7011
57.7667
57.8978
58.0859
58.3069
58.1407
57.8978
57.6864
57.5413
57.4696
57.4696
57.5413
57.6864
57.8978
58.1407
58.0313
57.7667
57.5413
57.3889
57.3139
57.3139
57.3889
57.5413
57.7667
58.0313
57.9757
57.7011
57.4696
57.3139
57.2373
57.2373
57.3139
57.4696
57.7011
57.9757
57.9757
57.7011
57.4696
57.3139
57.2373
57.2373
57.3139
57.4696
57.7011
57.9757
58.0313
57.7667
57.5413
57.3889
57.3139
57.3139
57.3889
57.5413
57.7667
58.0313
58.1407
57.8978
57.6864
57.5413
57.4696
57.4696
57.5413
57.6864
57.8978
58.1407
58.3069
58.0859
57.8978
57.7667
57.7011
57.7011
57.7667
57.8978
58.0859
58.3069
58.5854
58.3069
58.1407
58.0313
57.9757
57.9757
58.0313
58.1407
58.3069
58.5854
57.0861
56.9341
56.8401
56.7747
56.741
56.741
56.7747
56.8401
56.9341
57.0861
56.9341
56.813
56.6989
56.6162
56.5745
56.5745
56.6162
56.6989
56.813
56.9341
56.8401
56.6989
56.5656
56.4722
56.4259
56.4259
56.4722
56.5656
56.6989
56.8401
56.7747
56.6162
56.4722
56.3735
56.3247
56.3247
56.3735
56.4722
56.6162
56.7747
56.741
56.5745
56.4259
56.3247
56.2748
56.2748
56.3247
56.4259
56.5745
56.741
56.741
56.5745
56.4259
56.3247
56.2748
56.2748
56.3247
56.4259
56.5745
56.741
56.7747
56.6162
56.4722
56.3735
56.3247
56.3247
56.3735
56.4722
56.6162
56.7747
56.8401
56.6989
56.5656
56.4722
56.4259
56.4259
56.4722
56.5656
56.6989
56.8401
56.9341
56.813
56.6989
56.6162
56.5745
56.5745
56.6162
56.6989
56.813
56.9341
57.0861
56.9341
56.8401
56.7747
56.741
56.741
56.7747
56.8401
56.9341
57.0861
53.4654
53.4304
53.411
53.3952
53.3867
53.3867
53.3952
53.411
53.4304
53.4654
53.4304
53.4049
53.3698
53.342
53.328
53.328
53.342
53.3698
53.4049
53.4304
53.411
53.3698
53.3226
53.2883
53.2714
53.2714
53.2883
53.3226
53.3698
53.411
53.3952
53.342
53.2883
53.2509
53.2325
53.2325
53.2509
53.2883
53.342
53.3952
53.3867
53.328
53.2714
53.2325
53.2134
53.2134
53.2325
53.2714
53.328
53.3867
53.3867
53.328
53.2714
53.2325
53.2134
53.2134
53.2325
53.2714
53.328
53.3867
53.3952
53.342
53.2883
53.2509
53.2325
53.2325
53.2509
53.2883
53.342
53.3952
53.411
53.3698
53.3226
53.2883
53.2714
53.2714
53.2883
53.3226
53.3698
53.4111
53.4304
53.4049
53.3698
53.342
53.328
53.328
53.342
53.3698
53.4049
53.4304
53.4654
53.4304
53.411
53.3952
53.3867
53.3867
53.3952
53.4111
53.4304
53.4654
50.4701
50.4632
50.459
50.4541
50.4513
50.4513
50.4541
50.459
50.4632
50.4701
50.4632
50.4598
50.4474
50.4363
50.4307
50.4307
50.4363
50.4474
50.4598
50.4632
50.459
50.4474
50.4286
50.4143
50.4072
50.4072
50.4143
50.4286
50.4474
50.459
50.4541
50.4363
50.4143
50.3985
50.3907
50.3907
50.3985
50.4143
50.4363
50.4541
50.4513
50.4307
50.4072
50.3907
50.3825
50.3825
50.3907
50.4072
50.4307
50.4513
50.4513
50.4307
50.4072
50.3907
50.3825
50.3825
50.3907
50.4072
50.4307
50.4513
50.4541
50.4363
50.4143
50.3985
50.3907
50.3907
50.3985
50.4143
50.4363
50.4541
50.459
50.4474
50.4286
50.4143
50.4072
50.4072
50.4143
50.4286
50.4474
50.459
50.4632
50.4598
50.4474
50.4363
50.4307
50.4307
50.4363
50.4474
50.4598
50.4632
50.4701
50.4632
50.459
50.4541
50.4513
50.4513
50.4541
50.459
50.4632
50.4701
47.0756
47.079
47.0816
47.0821
47.0823
47.0823
47.0821
47.0816
47.079
47.0756
47.079
47.0826
47.0805
47.0777
47.0763
47.0763
47.0777
47.0805
47.0826
47.079
47.0816
47.0805
47.0751
47.0707
47.0686
47.0686
47.0707
47.0751
47.0805
47.0816
47.0821
47.0777
47.0707
47.0655
47.0631
47.0631
47.0655
47.0707
47.0778
47.0821
47.0823
47.0763
47.0686
47.0631
47.0604
47.0604
47.0631
47.0686
47.0763
47.0823
47.0823
47.0763
47.0686
47.0631
47.0604
47.0604
47.0631
47.0686
47.0763
47.0823
47.0821
47.0777
47.0707
47.0655
47.0631
47.0631
47.0655
47.0707
47.0778
47.0821
47.0816
47.0805
47.0751
47.0707
47.0686
47.0686
47.0707
47.0751
47.0805
47.0816
47.079
47.0826
47.0805
47.0778
47.0763
47.0763
47.0778
47.0805
47.0826
47.079
47.0756
47.079
47.0816
47.0821
47.0823
47.0823
47.0821
47.0816
47.079
47.0756
43.8558
43.86
43.8628
43.8641
43.8647
43.8647
43.8641
43.8628
43.86
43.8558
43.86
43.8643
43.8652
43.8651
43.865
43.865
43.8651
43.8652
43.8643
43.86
43.8628
43.8652
43.8647
43.8639
43.8636
43.8636
43.8639
43.8647
43.8652
43.8628
43.8641
43.8651
43.8639
43.8629
43.8624
43.8624
43.8629
43.8639
43.8651
43.8641
43.8647
43.865
43.8636
43.8624
43.8619
43.8619
43.8624
43.8636
43.865
43.8647
43.8647
43.865
43.8636
43.8624
43.8619
43.8619
43.8624
43.8636
43.865
43.8647
43.8641
43.8651
43.8639
43.8629
43.8624
43.8625
43.8629
43.8639
43.8651
43.8641
43.8628
43.8652
43.8647
43.8639
43.8636
43.8636
43.8639
43.8647
43.8652
43.8628
43.86
43.8643
43.8652
43.8651
43.865
43.865
43.8651
43.8652
43.8643
43.86
43.8558
43.86
43.8628
43.8641
43.8647
43.8647
43.8641
43.8628
43.86
43.8558
40.5726
40.5754
40.5773
40.5783
40.5788
40.5788
40.5783
40.5773
40.5754
40.5726
40.5754
40.578
40.5789
40.5793
40.5795
40.5795
40.5793
40.5789
40.578
40.5754
40.5773
40.5789
40.5793
40.5793
40.5794
40.5794
40.5793
40.5793
40.5789
40.5773
40.5783
40.5793
40.5793
40.5793
40.5793
40.5793
40.5793
40.5793
40.5793
40.5783
40.5788
40.5795
40.5794
40.5793
40.5792
40.5792
40.5793
40.5794
40.5795
40.5788
40.5788
40.5795
40.5794
40.5793
40.5792
40.5792
40.5793
40.5794
40.5795
40.5788
40.5783
40.5793
40.5793
40.5793
40.5793
40.5793
40.5793
40.5793
40.5793
40.5783
40.5773
40.5789
40.5793
40.5793
40.5794
40.5794
40.5793
40.5793
40.5789
40.5773
40.5754
40.578
40.5789
40.5793
40.5795
40.5795
40.5793
40.5789
40.578
40.5754
40.5726
40.5754
40.5773
40.5783
40.5788
40.5788
40.5783
40.5773
40.5754
40.5726
37.3286
37.3303
37.3314
37.3321
37.3324
37.3324
37.3321
37.3315
37.3303
37.3286
37.3303
37.332
37.3328
37.3332
37.3335
37.3335
37.3332
37.3328
37.332
37.3303
37.3314
37.3328
37.3334
37.3338
37.334
37.334
37.3338
37.3334
37.3328
37.3315
37.3321
37.3332
37.3338
37.3341
37.3343
37.3343
37.3341
37.3338
37.3332
37.3321
37.3324
37.3335
37.334
37.3343
37.3345
37.3345
37.3343
37.334
37.3335
37.3324
37.3324
37.3335
37.334
37.3343
37.3345
37.3345
37.3343
37.334
37.3335
37.3324
37.3321
37.3332
37.3338
37.3341
37.3343
37.3343
37.3341
37.3338
37.3332
37.3321
37.3315
37.3328
37.3334
37.3338
37.334
37.334
37.3338
37.3334
37.3328
37.3315
37.3303
37.332
37.3328
37.3332
37.3335
37.3335
37.3332
37.3328
37.332
37.3303
37.3286
37.3303
37.3315
37.3321
37.3324
37.3324
37.3321
37.3315
37.3303
37.3286
34.0752
34.0761
34.0766
34.077
34.0772
34.0772
34.077
34.0766
34.0761
34.0752
34.0761
34.0768
34.0773
34.0775
34.0777
34.0777
34.0775
34.0773
34.0768
34.0761
34.0766
34.0773
34.0776
34.0779
34.078
34.078
34.0779
34.0776
34.0773
34.0766
34.077
34.0775
34.0779
34.0781
34.0782
34.0782
34.0781
34.0779
34.0775
34.077
34.0772
34.0777
34.078
34.0782
34.0783
34.0783
34.0782
34.078
34.0777
34.0772
34.0772
34.0777
34.078
34.0782
34.0783
34.0783
34.0782
34.078
34.0777
34.0772
34.077
34.0775
34.0779
34.0781
34.0782
34.0782
34.0781
34.0779
34.0775
34.077
34.0766
34.0773
34.0776
34.0779
34.078
34.078
34.0779
34.0776
34.0773
34.0766
34.0761
34.0768
34.0773
34.0775
34.0777
34.0777
34.0775
34.0773
34.0768
34.0761
34.0752
34.0761
34.0766
34.077
34.0772
34.0772
34.077
34.0766
34.0761
34.0752
30.8299
30.8303
30.8306
30.8308
30.8309
30.8309
30.8308
30.8306
30.8303
30.8299
30.8303
30.8307
30.831
30.8312
30.8313
30.8313
30.8312
30.831
30.8307
30.8303
30.8306
30.831
30.8313
30.8314
30.8315
30.8315
30.8314
30.8313
30.831
30.8306
30.8308
30.8312
30.8314
30.8316
30.8317
30.8317
30.8316
30.8314
30.8312
30.8308
30.8309
30.8313
30.8315
30.8317
30.8318
30.8318
30.8317
30.8315
30.8313
30.8309
30.8309
30.8313
30.8315
30.8317
30.8318
30.8318
30.8317
30.8315
30.8313
30.8309
30.8308
30.8312
30.8314
30.8316
30.8317
30.8317
30.8316
30.8314
30.8312
30.8308
30.8306
30.831
30.8313
30.8314
30.8315
30.8315
30.8314
30.8313
30.831
30.8306
30.8303
30.8307
30.831
30.8312
30.8313
30.8313
30.8312
30.831
30.8307
30.8303
30.8299
30.8303
30.8306
30.8308
30.8309
30.8309
30.8308
30.8306
30.8303
30.8299
27.5832
27.5834
27.5835
27.5836
27.5837
27.5837
27.5836
27.5835
27.5834
27.5832
27.5834
27.5836
27.5837
27.5838
27.5838
27.5838
27.5838
27.5837
27.5836
27.5834
27.5835
27.5837
27.5838
27.5839
27.5839
27.5839
27.5839
27.5838
27.5837
27.5835
27.5836
27.5838
27.5839
27.584
27.584
27.584
27.584
27.5839
27.5838
27.5836
27.5837
27.5838
27.5839
27.584
27.5841
27.5841
27.584
27.5839
27.5838
27.5837
27.5837
27.5838
27.5839
27.584
27.5841
27.5841
27.584
27.5839
27.5838
27.5837
27.5836
27.5838
27.5839
27.584
27.584
27.584
27.584
27.5839
27.5838
27.5836
27.5835
27.5837
27.5838
27.5839
27.5839
27.5839
27.5839
27.5838
27.5837
27.5835
27.5834
27.5836
27.5837
27.5838
27.5838
27.5838
27.5838
27.5837
27.5836
27.5834
27.5832
27.5834
27.5835
27.5836
27.5837
27.5837
27.5836
27.5835
27.5834
27.5832
24.3381
24.3382
24.3382
24.3383
24.3383
24.3383
24.3383
24.3382
24.3382
24.3381
24.3382
24.3383
24.3383
24.3384
24.3384
24.3384
24.3384
24.3383
24.3383
24.3382
24.3382
24.3383
24.3384
24.3384
24.3385
24.3385
24.3384
24.3384
24.3383
24.3382
24.3383
24.3384
24.3384
24.3385
24.3385
24.3385
24.3385
24.3384
24.3384
24.3383
24.3383
24.3384
24.3385
24.3385
24.3385
24.3385
24.3385
24.3385
24.3384
24.3383
24.3383
24.3384
24.3385
24.3385
24.3385
24.3385
24.3385
24.3385
24.3384
24.3383
24.3383
24.3384
24.3384
24.3385
24.3385
24.3385
24.3385
24.3384
24.3384
24.3383
24.3382
24.3383
24.3384
24.3384
24.3385
24.3385
24.3384
24.3384
24.3383
24.3382
24.3382
24.3383
24.3383
24.3384
24.3384
24.3384
24.3384
24.3383
24.3383
24.3382
24.3381
24.3382
24.3382
24.3383
24.3383
24.3383
24.3383
24.3382
24.3382
24.3381
21.0928
21.0928
21.0928
21.0929
21.0929
21.0929
21.0929
21.0928
21.0928
21.0928
21.0928
21.0928
21.0929
21.0929
21.0929
21.0929
21.0929
21.0929
21.0928
21.0928
21.0928
21.0929
21.0929
21.0929
21.0929
21.0929
21.0929
21.0929
21.0929
21.0928
21.0929
21.0929
21.0929
21.0929
21.0929
21.0929
21.0929
21.0929
21.0929
21.0929
21.0929
21.0929
21.0929
21.0929
21.093
21.093
21.0929
21.0929
21.0929
21.0929
21.0929
21.0929
21.0929
21.0929
21.093
21.093
21.0929
21.0929
21.0929
21.0929
21.0929
21.0929
21.0929
21.0929
21.0929
21.0929
21.0929
21.0929
21.0929
21.0929
21.0928
21.0929
21.0929
21.0929
21.0929
21.0929
21.0929
21.0929
21.0929
21.0928
21.0928
21.0928
21.0929
21.0929
21.0929
21.0929
21.0929
21.0929
21.0928
21.0928
21.0928
21.0928
21.0928
21.0929
21.0929
21.0929
21.0929
21.0928
21.0928
21.0928
17.8477
17.8478
17.8478
17.8478
17.8478
17.8478
17.8478
17.8478
17.8478
17.8477
17.8478
17.8478
17.8478
17.8478
17.8478
17.8478
17.8478
17.8478
17.8478
17.8478
17.8478
17.8478
17.8478
17.8478
17.8478
17.8478
17.8478
17.8478
17.8478
17.8478
17.8478
17.8478
17.8478
17.8478
17.8478
17.8478
17.8478
17.8478
17.8478
17.8478
17.8478
17.8478
17.8478
17.8478
17.8478
17.8478
17.8478
17.8478
17.8478
17.8478
17.8478
17.8478
17.8478
17.8478
17.8478
17.8478
17.8478
17.8478
17.8478
17.8478
17.8478
17.8478
17.8478
17.8478
17.8478
17.8478
17.8478
17.8478
17.8478
17.8478
17.8478
17.8478
17.8478
17.8478
17.8478
17.8478
17.8478
17.8478
17.8478
17.8478
17.8478
17.8478
17.8478
17.8478
17.8478
17.8478
17.8478
17.8478
17.8478
17.8478
17.8477
17.8478
17.8478
17.8478
17.8478
17.8478
17.8478
17.8478
17.8478
17.8477
14.6027
14.6027
14.6027
14.6027
14.6027
14.6027
14.6027
14.6027
14.6027
14.6027
14.6027
14.6027
14.6027
14.6027
14.6027
14.6027
14.6027
14.6027
14.6027
14.6027
14.6027
14.6027
14.6027
14.6027
14.6027
14.6027
14.6027
14.6027
14.6027
14.6027
14.6027
14.6027
14.6027
14.6027
14.6027
14.6027
14.6027
14.6027
14.6027
14.6027
14.6027
14.6027
14.6027
14.6027
14.6027
14.6027
14.6027
14.6027
14.6027
14.6027
14.6027
14.6027
14.6027
14.6027
14.6027
14.6027
14.6027
14.6027
14.6027
14.6027
14.6027
14.6027
14.6027
14.6027
14.6027
14.6027
14.6027
14.6027
14.6027
14.6027
14.6027
14.6027
14.6027
14.6027
14.6027
14.6027
14.6027
14.6027
14.6027
14.6027
14.6027
14.6027
14.6027
14.6027
14.6027
14.6027
14.6027
14.6027
14.6027
14.6027
14.6027
14.6027
14.6027
14.6027
14.6027
14.6027
14.6027
14.6027
14.6027
14.6027
11.3576
11.3576
11.3576
11.3576
11.3576
11.3576
11.3576
11.3576
11.3576
11.3576
11.3576
11.3576
11.3576
11.3576
11.3576
11.3576
11.3576
11.3576
11.3576
11.3576
11.3576
11.3576
11.3576
11.3576
11.3576
11.3576
11.3576
11.3576
11.3576
11.3576
11.3576
11.3576
11.3576
11.3576
11.3576
11.3576
11.3576
11.3576
11.3576
11.3576
11.3576
11.3576
11.3576
11.3576
11.3576
11.3576
11.3576
11.3576
11.3576
11.3576
11.3576
11.3576
11.3576
11.3576
11.3576
11.3576
11.3576
11.3576
11.3576
11.3576
11.3576
11.3576
11.3576
11.3576
11.3576
11.3576
11.3576
11.3576
11.3576
11.3576
11.3576
11.3576
11.3576
11.3576
11.3576
11.3576
11.3576
11.3576
11.3576
11.3576
11.3576
11.3576
11.3576
11.3576
11.3576
11.3576
11.3576
11.3576
11.3576
11.3576
11.3576
11.3576
11.3576
11.3576
11.3576
11.3576
11.3576
11.3576
11.3576
11.3576
8.11258
8.11258
8.11258
8.11258
8.11258
8.11258
8.11258
8.11258
8.11258
8.11258
8.11258
8.11258
8.11258
8.11258
8.11258
8.11258
8.11258
8.11258
8.11258
8.11258
8.11258
8.11258
8.11259
8.11259
8.11259
8.11259
8.11259
8.11258
8.11258
8.11258
8.11258
8.11258
8.11259
8.11259
8.11259
8.11259
8.11259
8.11259
8.11258
8.11258
8.11258
8.11258
8.11259
8.11259
8.11259
8.11259
8.11259
8.11259
8.11258
8.11258
8.11258
8.11258
8.11259
8.11259
8.11259
8.11259
8.11259
8.11259
8.11258
8.11258
8.11258
8.11258
8.11259
8.11259
8.11259
8.11259
8.11259
8.11259
8.11258
8.11258
8.11258
8.11258
8.11258
8.11259
8.11259
8.11259
8.11259
8.11258
8.11258
8.11258
8.11258
8.11258
8.11258
8.11258
8.11258
8.11258
8.11258
8.11258
8.11258
8.11258
8.11258
8.11258
8.11258
8.11258
8.11258
8.11258
8.11258
8.11258
8.11258
8.11258
4.86755
4.86755
4.86755
4.86755
4.86755
4.86755
4.86755
4.86755
4.86755
4.86755
4.86755
4.86755
4.86755
4.86755
4.86755
4.86755
4.86755
4.86755
4.86755
4.86755
4.86755
4.86755
4.86755
4.86755
4.86755
4.86755
4.86755
4.86755
4.86755
4.86755
4.86755
4.86755
4.86755
4.86755
4.86755
4.86755
4.86755
4.86755
4.86755
4.86755
4.86755
4.86755
4.86755
4.86755
4.86754
4.86754
4.86754
4.86754
4.86755
4.86755
4.86755
4.86755
4.86755
4.86755
4.86754
4.86754
4.86754
4.86754
4.86755
4.86755
4.86755
4.86755
4.86755
4.86755
4.86754
4.86754
4.86754
4.86754
4.86755
4.86755
4.86755
4.86755
4.86755
4.86755
4.86754
4.86754
4.86754
4.86754
4.86755
4.86755
4.86755
4.86755
4.86755
4.86755
4.86755
4.86755
4.86755
4.86755
4.86755
4.86755
4.86755
4.86755
4.86755
4.86755
4.86755
4.86755
4.86755
4.86755
4.86755
4.86755
1.62251
1.62251
1.62251
1.62251
1.62251
1.62251
1.62251
1.62251
1.62251
1.62251
1.62251
1.62251
1.62251
1.62251
1.62251
1.62251
1.62251
1.62251
1.62251
1.62251
1.62251
1.62251
1.62251
1.62251
1.62251
1.62251
1.62251
1.62251
1.62251
1.62251
1.62251
1.62251
1.62251
1.62251
1.62251
1.62251
1.62251
1.62251
1.62251
1.62251
1.62251
1.62251
1.62251
1.62251
1.62251
1.62251
1.62251
1.62251
1.62251
1.62251
1.62251
1.62251
1.62251
1.62251
1.62251
1.62251
1.62251
1.62251
1.62251
1.62251
1.62251
1.62251
1.62251
1.62251
1.62251
1.62251
1.62251
1.62251
1.62251
1.62251
1.62251
1.62251
1.62251
1.62251
1.62251
1.62251
1.62251
1.62251
1.62251
1.62251
1.62251
1.62251
1.62251
1.62251
1.62251
1.62251
1.62251
1.62251
1.62251
1.62251
1.62251
1.62251
1.62251
1.62251
1.62251
1.62251
1.62251
1.62251
1.62251
1.62251
)
;

boundaryField
{
    fixedWalls
    {
        type            zeroGradient;
    }
    inlet
    {
        type            fixedGradient;
        gradient        uniform 0;
    }
    outlet
    {
        type            fixedValue;
        value           uniform 0;
    }
}


// ************************************************************************* //
