/*--------------------------------*- C++ -*----------------------------------*\
| =========                 |                                                 |
| \\      /  F ield         | OpenFOAM: The Open Source CFD Toolbox           |
|  \\    /   O peration     | Version:  2106                                  |
|   \\  /    A nd           | Website:  www.openfoam.com                      |
|    \\/     M anipulation  |                                                 |
\*---------------------------------------------------------------------------*/
FoamFile
{
    version     2.0;
    format      ascii;
    arch        "LSB;label=32;scalar=64";
    class       volScalarField;
    location    "0.91";
    object      p;
}
// * * * * * * * * * * * * * * * * * * * * * * * * * * * * * * * * * * * * * //

dimensions      [0 2 -2 0 0 0 0];

internalField   nonuniform List<scalar> 
10000
(
99.0694
98.4842
98.1167
97.848
97.7087
97.7087
97.848
98.1167
98.4842
99.0694
89.8821
89.0276
88.4648
88.0669
87.862
87.862
88.0669
88.4648
89.0276
89.8821
82.2544
81.2712
80.6294
80.1823
79.9529
79.9529
80.1823
80.6294
81.2712
82.2544
76.988
75.9778
75.3271
74.8804
74.6514
74.6514
74.8804
75.3271
75.9778
76.988
73.0362
72.0334
71.3906
70.9581
70.7366
70.7366
70.9581
71.3906
72.0334
73.0362
69.8356
68.8601
68.2332
67.8218
67.6115
67.6115
67.8218
68.2332
68.8601
69.8356
67.1958
66.2685
65.6673
65.2831
65.0876
65.0876
65.2831
65.6673
66.2685
67.1958
65.0097
64.1541
63.5909
63.2396
63.0615
63.0615
63.2396
63.5909
64.1541
65.0097
63.1966
62.4291
61.9166
61.603
61.4442
61.4442
61.603
61.9166
62.4291
63.1966
61.7771
61.0097
60.5565
60.2808
60.141
60.141
60.2808
60.5565
61.0097
61.7771
62.8859
63.0597
63.2489
63.3764
63.4425
63.4425
63.3764
63.2489
63.0597
62.8859
63.3117
63.407
63.5345
63.6164
63.6582
63.6582
63.6164
63.5345
63.407
63.3117
63.289
63.2862
63.3393
63.3678
63.382
63.382
63.3678
63.3393
63.2862
63.289
62.8766
62.7831
62.7677
62.7492
62.7391
62.7391
62.7492
62.7677
62.7831
62.8766
62.2784
62.1104
62.0368
61.9805
61.9509
61.9509
61.9805
62.0368
62.1104
62.2784
61.6041
61.38
61.2593
61.1748
61.1308
61.1308
61.1748
61.2593
61.38
61.6041
60.9091
60.6492
60.4944
60.3915
60.3382
60.3382
60.3915
60.4944
60.6492
60.9091
60.225
59.9533
59.78
59.6685
59.6109
59.6109
59.6685
59.78
59.9533
60.225
59.5878
59.3204
59.1405
59.0276
58.969
58.969
59.0276
59.1405
59.3204
59.5878
59.1016
58.7515
58.5667
58.4531
58.3939
58.3939
58.4531
58.5667
58.7515
59.1016
58.2531
58.2387
58.2405
58.237
58.2354
58.2354
58.237
58.2405
58.2387
58.2531
58.6672
58.6505
58.6517
58.6466
58.6439
58.6439
58.6466
58.6517
58.6505
58.6672
59.0102
58.9749
58.9646
58.9497
58.9417
58.9417
58.9497
58.9646
58.9749
59.0102
59.0641
58.9955
58.9629
58.932
58.9155
58.9155
58.932
58.9629
58.9955
59.0641
58.9198
58.8157
58.7587
58.7117
58.6867
58.6867
58.7117
58.7587
58.8157
58.9198
58.6721
58.5373
58.4578
58.3974
58.3655
58.3655
58.3974
58.4578
58.5373
58.6721
58.3696
58.2125
58.1148
58.0448
58.0082
58.0082
58.0448
58.1148
58.2125
58.3696
58.0395
57.872
57.763
57.6881
57.649
57.649
57.6881
57.763
57.872
58.0395
57.7148
57.5447
57.4282
57.351
57.3107
57.3107
57.351
57.4282
57.5447
57.7148
57.471
57.2363
57.1093
57.0282
56.9861
56.9861
57.0282
57.1093
57.2363
57.471
53.52
53.5399
53.565
53.5811
53.5896
53.5896
53.5811
53.565
53.5399
53.52
53.7319
53.7557
53.7849
53.8034
53.8131
53.8131
53.8034
53.7849
53.7557
53.7319
53.912
53.9335
53.9624
53.9801
53.9893
53.9893
53.9801
53.9624
53.9335
53.912
53.999
54.0101
54.0321
54.0444
54.0507
54.0507
54.0444
54.0321
54.0101
53.999
54.0139
54.0105
54.0222
54.0269
54.0293
54.0293
54.0269
54.0222
54.0105
54.0139
53.9803
53.9621
53.9622
53.9592
53.9574
53.9574
53.9592
53.9622
53.9621
53.9803
53.912
53.8809
53.8703
53.8606
53.8552
53.8552
53.8606
53.8703
53.8809
53.912
53.8187
53.7796
53.7606
53.7458
53.7377
53.7377
53.7458
53.7606
53.7796
53.8187
53.7187
53.6737
53.6466
53.6271
53.6165
53.6165
53.6271
53.6466
53.6737
53.7187
53.6574
53.5683
53.5271
53.5001
53.4859
53.4859
53.5001
53.5271
53.5683
53.6574
50.2916
50.2917
50.2937
50.2938
50.294
50.294
50.2938
50.2937
50.2917
50.2916
50.391
50.3947
50.4
50.4023
50.4035
50.4035
50.4023
50.4
50.3947
50.391
50.4925
50.4977
50.5047
50.5078
50.5094
50.5094
50.5078
50.5047
50.4977
50.4925
50.5616
50.5647
50.5707
50.5727
50.5736
50.5736
50.5727
50.5707
50.5647
50.5616
50.6004
50.5992
50.6023
50.6019
50.6016
50.6016
50.6019
50.6023
50.5992
50.6004
50.6158
50.6092
50.6084
50.6054
50.6036
50.6036
50.6054
50.6084
50.6092
50.6158
50.6126
50.6009
50.5961
50.5905
50.5873
50.5873
50.5905
50.5961
50.6009
50.6126
50.5952
50.5799
50.5716
50.5639
50.5596
50.5596
50.5639
50.5716
50.5799
50.5952
50.5731
50.5543
50.5418
50.5316
50.5261
50.5261
50.5316
50.5418
50.5543
50.5731
50.568
50.526
50.5052
50.4908
50.4832
50.4832
50.4908
50.5052
50.526
50.568
46.9656
46.9687
46.9725
46.9746
46.9758
46.9758
46.9746
46.9725
46.9687
46.9656
47.0071
47.012
47.0173
47.0206
47.0224
47.0224
47.0206
47.0173
47.012
47.0071
47.0494
47.0554
47.0621
47.0661
47.0683
47.0683
47.0661
47.0621
47.0554
47.0494
47.0814
47.0872
47.094
47.0981
47.1002
47.1002
47.0981
47.094
47.0872
47.0814
47.1031
47.1077
47.1138
47.1172
47.1189
47.1189
47.1172
47.1138
47.1077
47.1031
47.116
47.1187
47.1235
47.1258
47.127
47.127
47.1258
47.1235
47.1187
47.116
47.121
47.1218
47.1249
47.1261
47.1266
47.1266
47.1261
47.1249
47.1218
47.121
47.1194
47.1186
47.1202
47.1203
47.1202
47.1202
47.1203
47.1202
47.1186
47.1194
47.1155
47.1128
47.112
47.1106
47.1097
47.1097
47.1106
47.112
47.1128
47.1155
47.1198
47.1052
47.0994
47.0952
47.0929
47.0929
47.0952
47.0994
47.1052
47.1198
43.766
43.7664
43.767
43.7671
43.7672
43.7672
43.7671
43.767
43.7664
43.766
43.7834
43.7847
43.7861
43.7868
43.7872
43.7872
43.7868
43.7861
43.7847
43.7834
43.8034
43.8055
43.8075
43.8087
43.8093
43.8093
43.8087
43.8075
43.8055
43.8034
43.8206
43.823
43.8254
43.8268
43.8274
43.8274
43.8268
43.8254
43.823
43.8206
43.8345
43.8369
43.8394
43.8406
43.8412
43.8412
43.8406
43.8394
43.8369
43.8345
43.8454
43.8474
43.8496
43.8506
43.8511
43.8511
43.8506
43.8496
43.8474
43.8454
43.8534
43.8549
43.8567
43.8574
43.8577
43.8577
43.8574
43.8567
43.8549
43.8534
43.8588
43.8598
43.8612
43.8615
43.8616
43.8616
43.8615
43.8612
43.8598
43.8588
43.8635
43.8637
43.8641
43.8638
43.8636
43.8636
43.8638
43.8641
43.8637
43.8635
43.8716
43.8667
43.8647
43.8632
43.8623
43.8623
43.8632
43.8647
43.8667
43.8716
40.5302
40.5308
40.5315
40.5318
40.532
40.532
40.5318
40.5315
40.5308
40.5302
40.537
40.5379
40.5389
40.5395
40.5398
40.5398
40.5395
40.5389
40.5379
40.537
40.5446
40.546
40.5473
40.5481
40.5486
40.5486
40.5481
40.5473
40.546
40.5446
40.5516
40.5532
40.5548
40.5558
40.5563
40.5563
40.5558
40.5548
40.5532
40.5516
40.5578
40.5595
40.5611
40.5622
40.5627
40.5627
40.5622
40.5611
40.5595
40.5578
40.563
40.5646
40.5663
40.5672
40.5677
40.5677
40.5672
40.5663
40.5646
40.563
40.5671
40.5686
40.5702
40.571
40.5714
40.5714
40.571
40.5702
40.5686
40.5671
40.5701
40.5715
40.5729
40.5736
40.574
40.574
40.5736
40.5729
40.5715
40.5701
40.5729
40.5739
40.5749
40.5753
40.5755
40.5755
40.5753
40.5749
40.5739
40.5729
40.5772
40.5759
40.5757
40.5755
40.5753
40.5753
40.5755
40.5757
40.5759
40.5772
37.3016
37.3017
37.3018
37.3019
37.3019
37.3019
37.3019
37.3018
37.3017
37.3016
37.3041
37.3044
37.3047
37.3048
37.3049
37.3049
37.3048
37.3047
37.3044
37.3041
37.3073
37.3078
37.3083
37.3085
37.3086
37.3086
37.3085
37.3083
37.3078
37.3073
37.3106
37.3113
37.3119
37.3122
37.3124
37.3124
37.3122
37.3119
37.3113
37.3106
37.3138
37.3146
37.3153
37.3157
37.3159
37.3159
37.3157
37.3153
37.3146
37.3138
37.3169
37.3177
37.3185
37.3189
37.3191
37.3191
37.3189
37.3185
37.3177
37.3169
37.3196
37.3205
37.3213
37.3217
37.3219
37.3219
37.3217
37.3213
37.3205
37.3196
37.3221
37.323
37.3237
37.3241
37.3243
37.3243
37.3241
37.3237
37.323
37.3221
37.3245
37.3253
37.326
37.3262
37.3264
37.3264
37.3262
37.326
37.3253
37.3245
37.3276
37.3275
37.3277
37.3277
37.3277
37.3277
37.3277
37.3277
37.3275
37.3276
34.0622
34.0623
34.0625
34.0625
34.0625
34.0625
34.0625
34.0625
34.0623
34.0622
34.0631
34.0632
34.0634
34.0635
34.0635
34.0635
34.0635
34.0634
34.0632
34.0631
34.0641
34.0644
34.0646
34.0648
34.0649
34.0649
34.0648
34.0646
34.0644
34.0641
34.0654
34.0657
34.066
34.0662
34.0663
34.0663
34.0662
34.066
34.0657
34.0654
34.0666
34.067
34.0674
34.0676
34.0678
34.0678
34.0676
34.0674
34.067
34.0666
34.0679
34.0684
34.0688
34.069
34.0692
34.0692
34.069
34.0688
34.0684
34.0679
34.0691
34.0696
34.07
34.0703
34.0704
34.0704
34.0703
34.07
34.0696
34.0691
34.0702
34.0707
34.0712
34.0714
34.0716
34.0716
34.0714
34.0712
34.0707
34.0702
34.0713
34.0718
34.0722
34.0724
34.0725
34.0725
34.0724
34.0722
34.0718
34.0713
34.0727
34.0728
34.073
34.0731
34.0732
34.0732
34.0731
34.073
34.0728
34.0727
30.8217
30.8218
30.8218
30.8218
30.8218
30.8218
30.8218
30.8218
30.8218
30.8217
30.822
30.822
30.822
30.8221
30.8221
30.8221
30.8221
30.822
30.822
30.822
30.8223
30.8224
30.8225
30.8225
30.8226
30.8226
30.8225
30.8225
30.8224
30.8223
30.8228
30.823
30.8231
30.8231
30.8232
30.8232
30.8231
30.8231
30.823
30.8228
30.8234
30.8236
30.8237
30.8238
30.8239
30.8239
30.8238
30.8237
30.8236
30.8234
30.8241
30.8243
30.8245
30.8246
30.8246
30.8246
30.8246
30.8245
30.8243
30.8241
30.8247
30.825
30.8252
30.8253
30.8253
30.8253
30.8253
30.8252
30.825
30.8247
30.8254
30.8257
30.8259
30.826
30.8261
30.8261
30.826
30.8259
30.8257
30.8254
30.8261
30.8263
30.8265
30.8267
30.8267
30.8267
30.8267
30.8265
30.8263
30.8261
30.8268
30.827
30.8271
30.8272
30.8273
30.8273
30.8272
30.8271
30.827
30.8268
27.5785
27.5785
27.5785
27.5785
27.5785
27.5785
27.5785
27.5785
27.5785
27.5785
27.5785
27.5785
27.5786
27.5786
27.5786
27.5786
27.5786
27.5786
27.5785
27.5785
27.5786
27.5786
27.5787
27.5787
27.5787
27.5787
27.5787
27.5787
27.5786
27.5786
27.5788
27.5788
27.5789
27.5789
27.5789
27.5789
27.5789
27.5789
27.5788
27.5788
27.579
27.579
27.5791
27.5792
27.5792
27.5792
27.5792
27.5791
27.579
27.579
27.5792
27.5793
27.5794
27.5794
27.5795
27.5795
27.5794
27.5794
27.5793
27.5792
27.5795
27.5796
27.5797
27.5797
27.5798
27.5798
27.5797
27.5797
27.5796
27.5795
27.5797
27.5799
27.58
27.58
27.5801
27.5801
27.58
27.58
27.5799
27.5797
27.58
27.5802
27.5803
27.5803
27.5804
27.5804
27.5803
27.5803
27.5802
27.58
27.5803
27.5804
27.5805
27.5806
27.5806
27.5806
27.5806
27.5805
27.5804
27.5803
24.3347
24.3347
24.3347
24.3347
24.3347
24.3347
24.3347
24.3347
24.3347
24.3347
24.3347
24.3347
24.3347
24.3347
24.3347
24.3347
24.3347
24.3347
24.3347
24.3347
24.3347
24.3347
24.3347
24.3347
24.3347
24.3347
24.3347
24.3347
24.3347
24.3347
24.3347
24.3348
24.3348
24.3348
24.3348
24.3348
24.3348
24.3348
24.3348
24.3347
24.3348
24.3349
24.3349
24.3349
24.3349
24.3349
24.3349
24.3349
24.3349
24.3348
24.3349
24.335
24.335
24.335
24.335
24.335
24.335
24.335
24.335
24.3349
24.3351
24.3351
24.3351
24.3352
24.3352
24.3352
24.3352
24.3351
24.3351
24.3351
24.3352
24.3353
24.3353
24.3353
24.3353
24.3353
24.3353
24.3353
24.3353
24.3352
24.3353
24.3354
24.3355
24.3355
24.3355
24.3355
24.3355
24.3355
24.3354
24.3353
24.3355
24.3356
24.3356
24.3356
24.3356
24.3356
24.3356
24.3356
24.3356
24.3355
21.0903
21.0903
21.0903
21.0903
21.0903
21.0903
21.0903
21.0903
21.0903
21.0903
21.0903
21.0903
21.0903
21.0903
21.0903
21.0903
21.0903
21.0903
21.0903
21.0903
21.0903
21.0903
21.0903
21.0903
21.0903
21.0903
21.0903
21.0903
21.0903
21.0903
21.0903
21.0903
21.0903
21.0903
21.0903
21.0903
21.0903
21.0903
21.0903
21.0903
21.0903
21.0903
21.0903
21.0903
21.0903
21.0903
21.0903
21.0903
21.0903
21.0903
21.0903
21.0903
21.0904
21.0904
21.0904
21.0904
21.0904
21.0904
21.0903
21.0903
21.0904
21.0904
21.0904
21.0904
21.0904
21.0904
21.0904
21.0904
21.0904
21.0904
21.0904
21.0904
21.0905
21.0905
21.0905
21.0905
21.0905
21.0905
21.0904
21.0904
21.0905
21.0905
21.0905
21.0905
21.0905
21.0905
21.0905
21.0905
21.0905
21.0905
21.0905
21.0906
21.0906
21.0906
21.0906
21.0906
21.0906
21.0906
21.0906
21.0905
17.8458
17.8458
17.8458
17.8458
17.8458
17.8458
17.8458
17.8458
17.8458
17.8458
17.8457
17.8457
17.8457
17.8457
17.8457
17.8457
17.8457
17.8457
17.8457
17.8457
17.8457
17.8457
17.8457
17.8457
17.8457
17.8457
17.8457
17.8457
17.8457
17.8457
17.8457
17.8457
17.8457
17.8457
17.8457
17.8457
17.8457
17.8457
17.8457
17.8457
17.8457
17.8457
17.8457
17.8457
17.8457
17.8457
17.8457
17.8457
17.8457
17.8457
17.8457
17.8458
17.8458
17.8458
17.8458
17.8458
17.8458
17.8458
17.8458
17.8457
17.8458
17.8458
17.8458
17.8458
17.8458
17.8458
17.8458
17.8458
17.8458
17.8458
17.8458
17.8458
17.8458
17.8458
17.8458
17.8458
17.8458
17.8458
17.8458
17.8458
17.8458
17.8458
17.8458
17.8458
17.8458
17.8458
17.8458
17.8458
17.8458
17.8458
17.8458
17.8459
17.8459
17.8459
17.8459
17.8459
17.8459
17.8459
17.8459
17.8458
14.6011
14.6011
14.6011
14.6011
14.6011
14.6011
14.6011
14.6011
14.6011
14.6011
14.6011
14.6011
14.6011
14.6011
14.6011
14.6011
14.6011
14.6011
14.6011
14.6011
14.6011
14.6011
14.6011
14.6011
14.6011
14.6011
14.6011
14.6011
14.6011
14.6011
14.6011
14.6011
14.6011
14.6011
14.6011
14.6011
14.6011
14.6011
14.6011
14.6011
14.6011
14.6011
14.6011
14.6011
14.6011
14.6011
14.6011
14.6011
14.6011
14.6011
14.6011
14.6011
14.6011
14.6011
14.6011
14.6011
14.6011
14.6011
14.6011
14.6011
14.6011
14.6011
14.6011
14.6011
14.6011
14.6011
14.6011
14.6011
14.6011
14.6011
14.6011
14.6011
14.6011
14.6011
14.6011
14.6011
14.6011
14.6011
14.6011
14.6011
14.6011
14.6011
14.6011
14.6011
14.6011
14.6011
14.6011
14.6011
14.6011
14.6011
14.6011
14.6011
14.6011
14.6011
14.6011
14.6011
14.6011
14.6011
14.6011
14.6011
11.3564
11.3564
11.3564
11.3564
11.3564
11.3564
11.3564
11.3564
11.3564
11.3564
11.3564
11.3564
11.3564
11.3564
11.3564
11.3564
11.3564
11.3564
11.3564
11.3564
11.3564
11.3564
11.3564
11.3564
11.3564
11.3564
11.3564
11.3564
11.3564
11.3564
11.3564
11.3564
11.3564
11.3564
11.3564
11.3564
11.3564
11.3564
11.3564
11.3564
11.3564
11.3564
11.3564
11.3564
11.3564
11.3564
11.3564
11.3564
11.3564
11.3564
11.3564
11.3564
11.3564
11.3564
11.3564
11.3564
11.3564
11.3564
11.3564
11.3564
11.3564
11.3564
11.3564
11.3564
11.3564
11.3564
11.3564
11.3564
11.3564
11.3564
11.3564
11.3564
11.3564
11.3564
11.3564
11.3564
11.3564
11.3564
11.3564
11.3564
11.3564
11.3564
11.3564
11.3564
11.3564
11.3564
11.3564
11.3564
11.3564
11.3564
11.3564
11.3564
11.3564
11.3564
11.3564
11.3564
11.3564
11.3564
11.3564
11.3564
8.11174
8.11174
8.11174
8.11174
8.11174
8.11174
8.11174
8.11174
8.11174
8.11174
8.11174
8.11174
8.11174
8.11174
8.11174
8.11174
8.11174
8.11174
8.11174
8.11174
8.11173
8.11173
8.11173
8.11173
8.11173
8.11173
8.11173
8.11173
8.11173
8.11173
8.11173
8.11173
8.11173
8.11173
8.11173
8.11173
8.11173
8.11173
8.11173
8.11173
8.11173
8.11173
8.11173
8.11173
8.11173
8.11173
8.11173
8.11173
8.11173
8.11173
8.11173
8.11173
8.11173
8.11173
8.11173
8.11173
8.11173
8.11173
8.11173
8.11173
8.11173
8.11173
8.11173
8.11173
8.11173
8.11173
8.11173
8.11173
8.11173
8.11173
8.11173
8.11173
8.11173
8.11173
8.11173
8.11173
8.11173
8.11173
8.11173
8.11173
8.11173
8.11173
8.11173
8.11173
8.11173
8.11173
8.11173
8.11173
8.11173
8.11173
8.11173
8.11173
8.11173
8.11174
8.11174
8.11174
8.11174
8.11173
8.11173
8.11173
4.86704
4.86704
4.86704
4.86704
4.86704
4.86704
4.86704
4.86704
4.86704
4.86704
4.86704
4.86704
4.86704
4.86704
4.86704
4.86704
4.86704
4.86704
4.86704
4.86704
4.86704
4.86704
4.86704
4.86704
4.86704
4.86704
4.86704
4.86704
4.86704
4.86704
4.86704
4.86704
4.86704
4.86704
4.86704
4.86704
4.86704
4.86704
4.86704
4.86704
4.86704
4.86704
4.86704
4.86704
4.86704
4.86704
4.86704
4.86704
4.86704
4.86704
4.86704
4.86704
4.86704
4.86704
4.86704
4.86704
4.86704
4.86704
4.86704
4.86704
4.86704
4.86704
4.86704
4.86704
4.86704
4.86704
4.86704
4.86704
4.86704
4.86704
4.86704
4.86704
4.86704
4.86704
4.86704
4.86704
4.86704
4.86704
4.86704
4.86704
4.86704
4.86704
4.86704
4.86704
4.86704
4.86704
4.86704
4.86704
4.86704
4.86704
4.86704
4.86704
4.86704
4.86704
4.86704
4.86704
4.86704
4.86704
4.86704
4.86704
1.62235
1.62235
1.62235
1.62235
1.62235
1.62235
1.62235
1.62235
1.62235
1.62235
1.62235
1.62235
1.62235
1.62235
1.62235
1.62235
1.62235
1.62235
1.62235
1.62235
1.62235
1.62235
1.62235
1.62235
1.62235
1.62235
1.62235
1.62235
1.62235
1.62235
1.62235
1.62235
1.62235
1.62235
1.62235
1.62235
1.62235
1.62235
1.62235
1.62235
1.62235
1.62235
1.62235
1.62235
1.62235
1.62235
1.62235
1.62235
1.62235
1.62235
1.62235
1.62235
1.62235
1.62235
1.62235
1.62235
1.62235
1.62235
1.62235
1.62235
1.62235
1.62235
1.62235
1.62235
1.62235
1.62235
1.62235
1.62235
1.62235
1.62235
1.62235
1.62235
1.62235
1.62234
1.62234
1.62234
1.62234
1.62235
1.62235
1.62235
1.62234
1.62234
1.62234
1.62234
1.62234
1.62234
1.62234
1.62234
1.62234
1.62234
1.62234
1.62234
1.62234
1.62234
1.62234
1.62234
1.62234
1.62234
1.62234
1.62234
99.0694
98.4842
98.1167
97.848
97.7087
97.7087
97.848
98.1167
98.4842
99.0694
89.8821
89.0276
88.4648
88.0669
87.862
87.862
88.067
88.4648
89.0276
89.8821
82.2544
81.2712
80.6294
80.1823
79.9529
79.9529
80.1823
80.6294
81.2712
82.2544
76.988
75.9778
75.3271
74.8804
74.6515
74.6515
74.8804
75.3271
75.9778
76.988
73.0362
72.0334
71.3906
70.9581
70.7366
70.7366
70.9581
71.3906
72.0334
73.0363
69.8356
68.8601
68.2332
67.8218
67.6115
67.6115
67.8218
68.2332
68.8601
69.8356
67.1958
66.2685
65.6673
65.2831
65.0876
65.0876
65.2831
65.6673
66.2685
67.1958
65.0097
64.1541
63.5909
63.2396
63.0615
63.0615
63.2396
63.5909
64.1541
65.0097
63.1966
62.4291
61.9166
61.603
61.4442
61.4442
61.603
61.9166
62.4291
63.1966
61.7771
61.0097
60.5565
60.2808
60.141
60.141
60.2808
60.5565
61.0097
61.7771
62.8859
63.0597
63.2489
63.3765
63.4425
63.4425
63.3765
63.2489
63.0597
62.8859
63.3117
63.407
63.5345
63.6164
63.6582
63.6582
63.6164
63.5345
63.407
63.3117
63.289
63.2862
63.3393
63.3678
63.382
63.382
63.3678
63.3393
63.2862
63.289
62.8766
62.7831
62.7677
62.7492
62.7391
62.7391
62.7492
62.7677
62.7831
62.8766
62.2784
62.1104
62.0368
61.9805
61.9509
61.9509
61.9805
62.0368
62.1104
62.2784
61.6041
61.38
61.2593
61.1748
61.1308
61.1308
61.1748
61.2593
61.38
61.6041
60.9091
60.6492
60.4944
60.3915
60.3382
60.3382
60.3915
60.4944
60.6492
60.9091
60.225
59.9533
59.78
59.6685
59.6109
59.6109
59.6685
59.78
59.9533
60.225
59.5878
59.3204
59.1405
59.0276
58.969
58.969
59.0276
59.1405
59.3204
59.5878
59.1016
58.7515
58.5667
58.4531
58.3939
58.3939
58.4531
58.5667
58.7515
59.1016
58.2531
58.2387
58.2405
58.237
58.2354
58.2354
58.237
58.2405
58.2387
58.2531
58.6672
58.6505
58.6517
58.6466
58.6439
58.6439
58.6466
58.6517
58.6505
58.6672
59.0102
58.9749
58.9646
58.9497
58.9417
58.9417
58.9497
58.9646
58.9749
59.0102
59.0641
58.9955
58.9629
58.932
58.9155
58.9155
58.932
58.9629
58.9955
59.0641
58.9198
58.8157
58.7587
58.7117
58.6867
58.6867
58.7117
58.7587
58.8157
58.9198
58.6721
58.5373
58.4578
58.3974
58.3655
58.3655
58.3974
58.4578
58.5373
58.6721
58.3696
58.2125
58.1148
58.0448
58.0082
58.0082
58.0448
58.1148
58.2125
58.3696
58.0395
57.872
57.763
57.6881
57.649
57.649
57.6881
57.763
57.872
58.0395
57.7148
57.5447
57.4282
57.351
57.3107
57.3107
57.351
57.4282
57.5447
57.7148
57.471
57.2363
57.1093
57.0282
56.9861
56.9861
57.0282
57.1093
57.2363
57.471
53.52
53.5399
53.565
53.5811
53.5896
53.5896
53.5811
53.565
53.5399
53.52
53.7319
53.7557
53.7849
53.8034
53.8131
53.8131
53.8034
53.7849
53.7557
53.7319
53.912
53.9335
53.9624
53.9801
53.9893
53.9893
53.9801
53.9624
53.9335
53.912
53.999
54.0101
54.0321
54.0444
54.0507
54.0507
54.0444
54.0321
54.0101
53.999
54.0139
54.0105
54.0222
54.0269
54.0293
54.0293
54.0269
54.0222
54.0105
54.0139
53.9803
53.9621
53.9622
53.9592
53.9574
53.9574
53.9592
53.9622
53.9621
53.9803
53.912
53.8809
53.8703
53.8606
53.8552
53.8552
53.8606
53.8703
53.8809
53.912
53.8187
53.7796
53.7606
53.7458
53.7377
53.7377
53.7458
53.7606
53.7796
53.8187
53.7187
53.6737
53.6466
53.6271
53.6165
53.6165
53.6271
53.6466
53.6737
53.7187
53.6574
53.5683
53.5271
53.5001
53.4859
53.4859
53.5001
53.5271
53.5683
53.6574
50.2916
50.2917
50.2937
50.2938
50.294
50.294
50.2938
50.2937
50.2917
50.2916
50.391
50.3947
50.4
50.4023
50.4035
50.4035
50.4023
50.4
50.3947
50.391
50.4925
50.4977
50.5047
50.5078
50.5094
50.5094
50.5078
50.5047
50.4977
50.4925
50.5616
50.5647
50.5707
50.5727
50.5736
50.5736
50.5727
50.5707
50.5647
50.5616
50.6004
50.5992
50.6023
50.6019
50.6016
50.6016
50.6019
50.6023
50.5992
50.6004
50.6158
50.6092
50.6084
50.6054
50.6036
50.6036
50.6054
50.6084
50.6092
50.6158
50.6126
50.6009
50.5961
50.5905
50.5873
50.5873
50.5905
50.5961
50.6009
50.6126
50.5952
50.5799
50.5716
50.5639
50.5596
50.5596
50.5639
50.5717
50.5799
50.5952
50.5731
50.5543
50.5418
50.5317
50.5261
50.5261
50.5317
50.5418
50.5543
50.5731
50.568
50.526
50.5052
50.4908
50.4832
50.4832
50.4908
50.5052
50.526
50.568
46.9656
46.9687
46.9725
46.9746
46.9758
46.9758
46.9746
46.9725
46.9687
46.9656
47.0071
47.012
47.0173
47.0206
47.0224
47.0224
47.0206
47.0173
47.012
47.0071
47.0494
47.0554
47.0621
47.0661
47.0683
47.0683
47.0661
47.0621
47.0554
47.0494
47.0814
47.0872
47.094
47.0981
47.1002
47.1002
47.0981
47.094
47.0872
47.0814
47.1031
47.1077
47.1138
47.1172
47.1189
47.1189
47.1172
47.1138
47.1077
47.1031
47.116
47.1187
47.1235
47.1258
47.127
47.127
47.1258
47.1235
47.1187
47.116
47.121
47.1218
47.1249
47.1261
47.1266
47.1266
47.1261
47.1249
47.1218
47.121
47.1194
47.1186
47.1202
47.1203
47.1202
47.1202
47.1203
47.1202
47.1186
47.1194
47.1155
47.1128
47.112
47.1106
47.1097
47.1097
47.1106
47.112
47.1128
47.1155
47.1198
47.1052
47.0994
47.0952
47.0929
47.0929
47.0952
47.0994
47.1052
47.1199
43.766
43.7664
43.767
43.7671
43.7672
43.7672
43.7671
43.767
43.7664
43.766
43.7834
43.7847
43.7861
43.7868
43.7872
43.7872
43.7868
43.7861
43.7847
43.7834
43.8034
43.8055
43.8075
43.8087
43.8093
43.8093
43.8087
43.8075
43.8055
43.8034
43.8206
43.823
43.8254
43.8268
43.8274
43.8274
43.8268
43.8254
43.823
43.8206
43.8345
43.8369
43.8394
43.8406
43.8412
43.8412
43.8406
43.8394
43.8369
43.8345
43.8454
43.8474
43.8496
43.8506
43.8511
43.8511
43.8506
43.8497
43.8474
43.8454
43.8534
43.8549
43.8567
43.8574
43.8577
43.8577
43.8574
43.8567
43.8549
43.8534
43.8588
43.8598
43.8612
43.8615
43.8616
43.8616
43.8615
43.8612
43.8598
43.8588
43.8635
43.8637
43.8641
43.8638
43.8636
43.8636
43.8638
43.8641
43.8637
43.8635
43.8716
43.8667
43.8647
43.8632
43.8623
43.8623
43.8632
43.8647
43.8667
43.8716
40.5302
40.5308
40.5315
40.5318
40.532
40.532
40.5318
40.5315
40.5308
40.5302
40.537
40.5379
40.5389
40.5395
40.5398
40.5398
40.5395
40.5389
40.5379
40.537
40.5446
40.546
40.5473
40.5481
40.5486
40.5486
40.5481
40.5473
40.546
40.5446
40.5516
40.5532
40.5548
40.5558
40.5563
40.5563
40.5558
40.5548
40.5532
40.5516
40.5578
40.5595
40.5611
40.5622
40.5627
40.5627
40.5622
40.5611
40.5595
40.5578
40.563
40.5646
40.5663
40.5672
40.5677
40.5677
40.5672
40.5663
40.5646
40.563
40.5671
40.5686
40.5702
40.571
40.5714
40.5714
40.571
40.5702
40.5686
40.5671
40.5701
40.5715
40.5729
40.5736
40.574
40.574
40.5736
40.5729
40.5715
40.5701
40.5729
40.5739
40.5749
40.5753
40.5755
40.5755
40.5753
40.5749
40.5739
40.5729
40.5772
40.5759
40.5757
40.5755
40.5753
40.5753
40.5755
40.5757
40.5759
40.5772
37.3016
37.3017
37.3018
37.3019
37.3019
37.3019
37.3019
37.3018
37.3017
37.3016
37.3041
37.3044
37.3047
37.3048
37.3049
37.3049
37.3048
37.3047
37.3044
37.3041
37.3073
37.3078
37.3083
37.3085
37.3086
37.3086
37.3085
37.3083
37.3078
37.3073
37.3106
37.3113
37.3119
37.3122
37.3124
37.3124
37.3122
37.3119
37.3113
37.3106
37.3138
37.3146
37.3153
37.3157
37.3159
37.3159
37.3157
37.3153
37.3146
37.3138
37.3169
37.3177
37.3185
37.3189
37.3191
37.3191
37.3189
37.3185
37.3177
37.3169
37.3196
37.3205
37.3213
37.3217
37.3219
37.3219
37.3217
37.3213
37.3205
37.3196
37.3221
37.323
37.3237
37.3241
37.3243
37.3243
37.3241
37.3237
37.323
37.3221
37.3245
37.3253
37.326
37.3262
37.3264
37.3264
37.3262
37.326
37.3253
37.3245
37.3276
37.3275
37.3277
37.3277
37.3277
37.3277
37.3277
37.3277
37.3275
37.3276
34.0622
34.0623
34.0625
34.0625
34.0625
34.0625
34.0625
34.0625
34.0623
34.0622
34.0631
34.0632
34.0634
34.0635
34.0635
34.0635
34.0635
34.0634
34.0632
34.0631
34.0641
34.0644
34.0646
34.0648
34.0649
34.0649
34.0648
34.0646
34.0644
34.0641
34.0654
34.0657
34.066
34.0662
34.0663
34.0663
34.0662
34.066
34.0657
34.0654
34.0666
34.067
34.0674
34.0676
34.0678
34.0678
34.0676
34.0674
34.067
34.0666
34.0679
34.0684
34.0688
34.069
34.0692
34.0692
34.069
34.0688
34.0684
34.0679
34.0691
34.0696
34.07
34.0703
34.0704
34.0704
34.0703
34.07
34.0696
34.0691
34.0702
34.0707
34.0712
34.0714
34.0716
34.0716
34.0714
34.0712
34.0707
34.0702
34.0713
34.0718
34.0722
34.0724
34.0725
34.0725
34.0724
34.0722
34.0718
34.0713
34.0727
34.0728
34.073
34.0731
34.0732
34.0732
34.0731
34.073
34.0728
34.0727
30.8217
30.8218
30.8218
30.8218
30.8218
30.8218
30.8218
30.8218
30.8218
30.8217
30.822
30.822
30.822
30.8221
30.8221
30.8221
30.8221
30.822
30.822
30.822
30.8223
30.8224
30.8225
30.8225
30.8226
30.8226
30.8225
30.8225
30.8224
30.8223
30.8228
30.823
30.8231
30.8231
30.8232
30.8232
30.8231
30.8231
30.823
30.8228
30.8234
30.8236
30.8237
30.8238
30.8239
30.8239
30.8238
30.8237
30.8236
30.8234
30.8241
30.8243
30.8245
30.8246
30.8246
30.8246
30.8246
30.8245
30.8243
30.8241
30.8247
30.825
30.8252
30.8253
30.8253
30.8253
30.8253
30.8252
30.825
30.8247
30.8254
30.8257
30.8259
30.826
30.8261
30.8261
30.826
30.8259
30.8257
30.8254
30.8261
30.8263
30.8265
30.8267
30.8267
30.8267
30.8267
30.8265
30.8263
30.8261
30.8268
30.827
30.8271
30.8272
30.8273
30.8273
30.8272
30.8271
30.827
30.8268
27.5785
27.5785
27.5785
27.5785
27.5785
27.5785
27.5785
27.5785
27.5785
27.5785
27.5785
27.5785
27.5786
27.5786
27.5786
27.5786
27.5786
27.5786
27.5785
27.5785
27.5786
27.5786
27.5787
27.5787
27.5787
27.5787
27.5787
27.5787
27.5786
27.5786
27.5788
27.5788
27.5789
27.5789
27.5789
27.5789
27.5789
27.5789
27.5788
27.5788
27.579
27.579
27.5791
27.5792
27.5792
27.5792
27.5792
27.5791
27.579
27.579
27.5792
27.5793
27.5794
27.5794
27.5795
27.5795
27.5794
27.5794
27.5793
27.5792
27.5795
27.5796
27.5797
27.5797
27.5798
27.5798
27.5797
27.5797
27.5796
27.5795
27.5797
27.5799
27.58
27.58
27.5801
27.5801
27.58
27.58
27.5799
27.5797
27.58
27.5802
27.5803
27.5803
27.5804
27.5804
27.5803
27.5803
27.5802
27.58
27.5803
27.5804
27.5805
27.5806
27.5806
27.5806
27.5806
27.5805
27.5804
27.5803
24.3347
24.3347
24.3347
24.3347
24.3347
24.3347
24.3347
24.3347
24.3347
24.3347
24.3347
24.3347
24.3347
24.3347
24.3347
24.3347
24.3347
24.3347
24.3347
24.3347
24.3347
24.3347
24.3347
24.3347
24.3347
24.3347
24.3347
24.3347
24.3347
24.3347
24.3347
24.3348
24.3348
24.3348
24.3348
24.3348
24.3348
24.3348
24.3348
24.3347
24.3348
24.3349
24.3349
24.3349
24.3349
24.3349
24.3349
24.3349
24.3349
24.3348
24.3349
24.335
24.335
24.335
24.335
24.335
24.335
24.335
24.335
24.3349
24.3351
24.3351
24.3351
24.3352
24.3352
24.3352
24.3352
24.3351
24.3351
24.3351
24.3352
24.3353
24.3353
24.3353
24.3353
24.3353
24.3353
24.3353
24.3353
24.3352
24.3353
24.3354
24.3355
24.3355
24.3355
24.3355
24.3355
24.3355
24.3354
24.3353
24.3355
24.3356
24.3356
24.3356
24.3356
24.3356
24.3356
24.3356
24.3356
24.3355
21.0903
21.0903
21.0903
21.0903
21.0903
21.0903
21.0903
21.0903
21.0903
21.0903
21.0903
21.0903
21.0903
21.0903
21.0903
21.0903
21.0903
21.0903
21.0903
21.0903
21.0903
21.0903
21.0903
21.0903
21.0903
21.0903
21.0903
21.0903
21.0903
21.0903
21.0903
21.0903
21.0903
21.0903
21.0903
21.0903
21.0903
21.0903
21.0903
21.0903
21.0903
21.0903
21.0903
21.0903
21.0903
21.0903
21.0903
21.0903
21.0903
21.0903
21.0903
21.0903
21.0904
21.0904
21.0904
21.0904
21.0904
21.0904
21.0903
21.0903
21.0904
21.0904
21.0904
21.0904
21.0904
21.0904
21.0904
21.0904
21.0904
21.0904
21.0904
21.0904
21.0905
21.0905
21.0905
21.0905
21.0905
21.0905
21.0904
21.0904
21.0905
21.0905
21.0905
21.0905
21.0905
21.0905
21.0905
21.0905
21.0905
21.0905
21.0905
21.0906
21.0906
21.0906
21.0906
21.0906
21.0906
21.0906
21.0906
21.0905
17.8458
17.8458
17.8458
17.8458
17.8458
17.8458
17.8458
17.8458
17.8458
17.8458
17.8457
17.8457
17.8457
17.8457
17.8457
17.8457
17.8457
17.8457
17.8457
17.8457
17.8457
17.8457
17.8457
17.8457
17.8457
17.8457
17.8457
17.8457
17.8457
17.8457
17.8457
17.8457
17.8457
17.8457
17.8457
17.8457
17.8457
17.8457
17.8457
17.8457
17.8457
17.8457
17.8457
17.8457
17.8457
17.8457
17.8457
17.8457
17.8457
17.8457
17.8457
17.8458
17.8458
17.8458
17.8458
17.8458
17.8458
17.8458
17.8458
17.8457
17.8458
17.8458
17.8458
17.8458
17.8458
17.8458
17.8458
17.8458
17.8458
17.8458
17.8458
17.8458
17.8458
17.8458
17.8458
17.8458
17.8458
17.8458
17.8458
17.8458
17.8458
17.8458
17.8458
17.8458
17.8458
17.8458
17.8458
17.8458
17.8458
17.8458
17.8458
17.8459
17.8459
17.8459
17.8459
17.8459
17.8459
17.8459
17.8459
17.8458
14.6011
14.6011
14.6011
14.6011
14.6011
14.6011
14.6011
14.6011
14.6011
14.6011
14.6011
14.6011
14.6011
14.6011
14.6011
14.6011
14.6011
14.6011
14.6011
14.6011
14.6011
14.6011
14.6011
14.6011
14.6011
14.6011
14.6011
14.6011
14.6011
14.6011
14.6011
14.6011
14.6011
14.6011
14.6011
14.6011
14.6011
14.6011
14.6011
14.6011
14.6011
14.6011
14.6011
14.6011
14.6011
14.6011
14.6011
14.6011
14.6011
14.6011
14.6011
14.6011
14.6011
14.6011
14.6011
14.6011
14.6011
14.6011
14.6011
14.6011
14.6011
14.6011
14.6011
14.6011
14.6011
14.6011
14.6011
14.6011
14.6011
14.6011
14.6011
14.6011
14.6011
14.6011
14.6011
14.6011
14.6011
14.6011
14.6011
14.6011
14.6011
14.6011
14.6011
14.6011
14.6011
14.6011
14.6011
14.6011
14.6011
14.6011
14.6011
14.6011
14.6011
14.6011
14.6011
14.6011
14.6011
14.6011
14.6011
14.6011
11.3564
11.3564
11.3564
11.3564
11.3564
11.3564
11.3564
11.3564
11.3564
11.3564
11.3564
11.3564
11.3564
11.3564
11.3564
11.3564
11.3564
11.3564
11.3564
11.3564
11.3564
11.3564
11.3564
11.3564
11.3564
11.3564
11.3564
11.3564
11.3564
11.3564
11.3564
11.3564
11.3564
11.3564
11.3564
11.3564
11.3564
11.3564
11.3564
11.3564
11.3564
11.3564
11.3564
11.3564
11.3564
11.3564
11.3564
11.3564
11.3564
11.3564
11.3564
11.3564
11.3564
11.3564
11.3564
11.3564
11.3564
11.3564
11.3564
11.3564
11.3564
11.3564
11.3564
11.3564
11.3564
11.3564
11.3564
11.3564
11.3564
11.3564
11.3564
11.3564
11.3564
11.3564
11.3564
11.3564
11.3564
11.3564
11.3564
11.3564
11.3564
11.3564
11.3564
11.3564
11.3564
11.3564
11.3564
11.3564
11.3564
11.3564
11.3564
11.3564
11.3564
11.3564
11.3564
11.3564
11.3564
11.3564
11.3564
11.3564
8.11174
8.11174
8.11174
8.11174
8.11174
8.11174
8.11174
8.11174
8.11174
8.11174
8.11174
8.11174
8.11174
8.11174
8.11174
8.11174
8.11174
8.11174
8.11174
8.11174
8.11173
8.11173
8.11173
8.11173
8.11173
8.11173
8.11173
8.11173
8.11173
8.11173
8.11173
8.11173
8.11173
8.11173
8.11173
8.11173
8.11173
8.11173
8.11173
8.11173
8.11173
8.11173
8.11173
8.11173
8.11173
8.11173
8.11173
8.11173
8.11173
8.11173
8.11173
8.11173
8.11173
8.11173
8.11173
8.11173
8.11173
8.11173
8.11173
8.11173
8.11173
8.11173
8.11173
8.11173
8.11173
8.11173
8.11173
8.11173
8.11173
8.11173
8.11173
8.11173
8.11173
8.11173
8.11173
8.11173
8.11173
8.11173
8.11173
8.11173
8.11173
8.11173
8.11173
8.11173
8.11173
8.11173
8.11173
8.11173
8.11173
8.11173
8.11173
8.11173
8.11173
8.11174
8.11174
8.11174
8.11174
8.11173
8.11173
8.11173
4.86704
4.86704
4.86704
4.86704
4.86704
4.86704
4.86704
4.86704
4.86704
4.86704
4.86704
4.86704
4.86704
4.86704
4.86704
4.86704
4.86704
4.86704
4.86704
4.86704
4.86704
4.86704
4.86704
4.86704
4.86704
4.86704
4.86704
4.86704
4.86704
4.86704
4.86704
4.86704
4.86704
4.86704
4.86704
4.86704
4.86704
4.86704
4.86704
4.86704
4.86704
4.86704
4.86704
4.86704
4.86704
4.86704
4.86704
4.86704
4.86704
4.86704
4.86704
4.86704
4.86704
4.86704
4.86704
4.86704
4.86704
4.86704
4.86704
4.86704
4.86704
4.86704
4.86704
4.86704
4.86704
4.86704
4.86704
4.86704
4.86704
4.86704
4.86704
4.86704
4.86704
4.86704
4.86704
4.86704
4.86704
4.86704
4.86704
4.86704
4.86704
4.86704
4.86704
4.86704
4.86704
4.86704
4.86704
4.86704
4.86704
4.86704
4.86704
4.86704
4.86704
4.86704
4.86704
4.86704
4.86704
4.86704
4.86704
4.86704
1.62235
1.62235
1.62235
1.62235
1.62235
1.62235
1.62235
1.62235
1.62235
1.62235
1.62235
1.62235
1.62235
1.62235
1.62235
1.62235
1.62235
1.62235
1.62235
1.62235
1.62235
1.62235
1.62235
1.62235
1.62235
1.62235
1.62235
1.62235
1.62235
1.62235
1.62235
1.62235
1.62235
1.62235
1.62235
1.62235
1.62235
1.62235
1.62235
1.62235
1.62235
1.62235
1.62235
1.62235
1.62235
1.62235
1.62235
1.62235
1.62235
1.62235
1.62235
1.62235
1.62235
1.62235
1.62235
1.62235
1.62235
1.62235
1.62235
1.62235
1.62235
1.62235
1.62235
1.62235
1.62235
1.62235
1.62235
1.62235
1.62235
1.62235
1.62235
1.62235
1.62235
1.62234
1.62234
1.62234
1.62234
1.62235
1.62235
1.62235
1.62234
1.62234
1.62234
1.62234
1.62234
1.62234
1.62234
1.62234
1.62234
1.62234
1.62234
1.62234
1.62234
1.62234
1.62234
1.62234
1.62234
1.62234
1.62234
1.62234
99.0694
98.4842
98.1167
97.848
97.7087
97.7087
97.848
98.1167
98.4842
99.0694
89.8821
89.0276
88.4648
88.067
87.862
87.862
88.0669
88.4648
89.0276
89.8821
82.2544
81.2712
80.6294
80.1823
79.9529
79.9529
80.1823
80.6294
81.2712
82.2544
76.988
75.9778
75.3271
74.8804
74.6515
74.6515
74.8804
75.3271
75.9778
76.988
73.0363
72.0334
71.3906
70.9581
70.7366
70.7366
70.9581
71.3906
72.0334
73.0362
69.8356
68.8601
68.2332
67.8218
67.6115
67.6115
67.8218
68.2332
68.8601
69.8356
67.1958
66.2685
65.6673
65.2831
65.0876
65.0876
65.2831
65.6673
66.2685
67.1958
65.0097
64.1541
63.5909
63.2396
63.0615
63.0615
63.2396
63.5909
64.1541
65.0097
63.1966
62.4291
61.9166
61.603
61.4442
61.4442
61.603
61.9166
62.4291
63.1966
61.7771
61.0097
60.5565
60.2808
60.141
60.141
60.2808
60.5565
61.0097
61.7771
62.8859
63.0597
63.2489
63.3765
63.4425
63.4425
63.3765
63.2489
63.0597
62.8859
63.3117
63.407
63.5345
63.6164
63.6582
63.6582
63.6164
63.5345
63.407
63.3117
63.289
63.2862
63.3393
63.3678
63.382
63.382
63.3678
63.3393
63.2862
63.289
62.8766
62.7831
62.7677
62.7492
62.7391
62.7391
62.7492
62.7677
62.7831
62.8766
62.2784
62.1104
62.0368
61.9805
61.9509
61.9509
61.9805
62.0368
62.1104
62.2784
61.6041
61.38
61.2593
61.1748
61.1308
61.1308
61.1748
61.2593
61.38
61.6041
60.9091
60.6492
60.4944
60.3915
60.3382
60.3382
60.3915
60.4944
60.6492
60.9091
60.225
59.9533
59.78
59.6685
59.6109
59.6109
59.6685
59.78
59.9533
60.225
59.5878
59.3204
59.1405
59.0276
58.969
58.969
59.0276
59.1405
59.3204
59.5878
59.1016
58.7515
58.5667
58.4531
58.3939
58.3939
58.4531
58.5667
58.7515
59.1016
58.2531
58.2387
58.2405
58.237
58.2354
58.2354
58.237
58.2405
58.2387
58.2531
58.6672
58.6505
58.6517
58.6466
58.6439
58.6439
58.6466
58.6517
58.6505
58.6672
59.0102
58.9749
58.9646
58.9497
58.9417
58.9417
58.9497
58.9646
58.9749
59.0102
59.0641
58.9955
58.9629
58.932
58.9155
58.9155
58.932
58.9629
58.9955
59.0641
58.9198
58.8157
58.7587
58.7117
58.6867
58.6867
58.7117
58.7587
58.8157
58.9198
58.6721
58.5373
58.4578
58.3974
58.3655
58.3655
58.3974
58.4578
58.5373
58.6721
58.3696
58.2125
58.1148
58.0448
58.0082
58.0082
58.0448
58.1148
58.2125
58.3696
58.0395
57.872
57.763
57.6881
57.649
57.649
57.6881
57.763
57.872
58.0395
57.7148
57.5447
57.4282
57.351
57.3107
57.3107
57.351
57.4282
57.5447
57.7148
57.471
57.2363
57.1093
57.0282
56.9861
56.9861
57.0282
57.1093
57.2363
57.471
53.52
53.5399
53.565
53.5811
53.5896
53.5896
53.5811
53.565
53.5399
53.52
53.7319
53.7557
53.7849
53.8034
53.8131
53.8131
53.8034
53.7849
53.7557
53.7319
53.912
53.9335
53.9624
53.9801
53.9893
53.9893
53.9801
53.9624
53.9335
53.912
53.999
54.0101
54.0321
54.0444
54.0507
54.0507
54.0444
54.0321
54.0101
53.999
54.0139
54.0105
54.0222
54.0269
54.0293
54.0293
54.0269
54.0222
54.0105
54.0139
53.9803
53.9621
53.9622
53.9592
53.9574
53.9574
53.9592
53.9622
53.9621
53.9803
53.912
53.8809
53.8703
53.8606
53.8552
53.8552
53.8606
53.8703
53.8809
53.912
53.8187
53.7796
53.7606
53.7458
53.7377
53.7377
53.7458
53.7606
53.7796
53.8187
53.7187
53.6737
53.6466
53.6271
53.6165
53.6165
53.6271
53.6466
53.6737
53.7187
53.6574
53.5683
53.5271
53.5001
53.4859
53.4859
53.5001
53.5271
53.5683
53.6574
50.2916
50.2917
50.2937
50.2938
50.294
50.294
50.2938
50.2937
50.2917
50.2916
50.391
50.3947
50.4
50.4023
50.4035
50.4035
50.4023
50.4
50.3947
50.391
50.4925
50.4977
50.5047
50.5078
50.5094
50.5094
50.5078
50.5047
50.4977
50.4925
50.5616
50.5647
50.5707
50.5727
50.5736
50.5736
50.5727
50.5707
50.5647
50.5616
50.6004
50.5992
50.6023
50.6019
50.6016
50.6016
50.6019
50.6023
50.5992
50.6004
50.6158
50.6092
50.6084
50.6054
50.6036
50.6036
50.6054
50.6084
50.6092
50.6158
50.6126
50.6009
50.5961
50.5905
50.5873
50.5873
50.5905
50.5961
50.6009
50.6126
50.5952
50.5799
50.5717
50.5639
50.5596
50.5596
50.5639
50.5716
50.5799
50.5952
50.5731
50.5543
50.5418
50.5317
50.5261
50.5261
50.5317
50.5418
50.5543
50.5731
50.568
50.526
50.5052
50.4908
50.4832
50.4832
50.4908
50.5052
50.526
50.568
46.9656
46.9687
46.9725
46.9746
46.9758
46.9758
46.9746
46.9725
46.9687
46.9656
47.0071
47.012
47.0173
47.0206
47.0224
47.0224
47.0206
47.0173
47.012
47.0071
47.0494
47.0554
47.0621
47.0661
47.0683
47.0683
47.0661
47.0621
47.0554
47.0494
47.0814
47.0872
47.094
47.0981
47.1002
47.1002
47.0981
47.094
47.0872
47.0814
47.1031
47.1077
47.1138
47.1172
47.1189
47.1189
47.1172
47.1138
47.1077
47.1031
47.116
47.1187
47.1235
47.1258
47.127
47.127
47.1258
47.1235
47.1187
47.116
47.121
47.1218
47.1249
47.1261
47.1266
47.1266
47.1261
47.1249
47.1218
47.121
47.1194
47.1186
47.1202
47.1203
47.1202
47.1202
47.1203
47.1202
47.1186
47.1194
47.1155
47.1128
47.112
47.1106
47.1097
47.1097
47.1106
47.112
47.1128
47.1155
47.1199
47.1052
47.0994
47.0952
47.0929
47.0929
47.0952
47.0994
47.1052
47.1198
43.766
43.7664
43.767
43.7671
43.7672
43.7672
43.7671
43.767
43.7664
43.766
43.7834
43.7847
43.7861
43.7868
43.7872
43.7872
43.7868
43.7861
43.7847
43.7834
43.8034
43.8055
43.8075
43.8087
43.8093
43.8093
43.8087
43.8075
43.8055
43.8034
43.8206
43.823
43.8254
43.8268
43.8274
43.8274
43.8268
43.8254
43.823
43.8206
43.8345
43.8369
43.8394
43.8406
43.8412
43.8412
43.8406
43.8394
43.8369
43.8345
43.8454
43.8474
43.8497
43.8506
43.8511
43.8511
43.8506
43.8496
43.8474
43.8454
43.8534
43.8549
43.8567
43.8574
43.8577
43.8577
43.8574
43.8567
43.8549
43.8534
43.8588
43.8598
43.8612
43.8615
43.8616
43.8616
43.8615
43.8612
43.8598
43.8588
43.8635
43.8637
43.8641
43.8638
43.8636
43.8636
43.8638
43.8641
43.8637
43.8635
43.8716
43.8667
43.8647
43.8632
43.8623
43.8623
43.8632
43.8647
43.8667
43.8716
40.5302
40.5308
40.5315
40.5318
40.532
40.532
40.5318
40.5315
40.5308
40.5302
40.537
40.5379
40.5389
40.5395
40.5398
40.5398
40.5395
40.5389
40.5379
40.537
40.5446
40.546
40.5473
40.5481
40.5486
40.5486
40.5481
40.5473
40.546
40.5446
40.5516
40.5532
40.5548
40.5558
40.5563
40.5563
40.5558
40.5548
40.5532
40.5516
40.5578
40.5595
40.5611
40.5622
40.5627
40.5627
40.5622
40.5611
40.5595
40.5578
40.563
40.5646
40.5663
40.5672
40.5677
40.5677
40.5672
40.5663
40.5646
40.563
40.5671
40.5686
40.5702
40.571
40.5714
40.5714
40.571
40.5702
40.5686
40.5671
40.5701
40.5715
40.5729
40.5736
40.574
40.574
40.5736
40.5729
40.5715
40.5701
40.5729
40.5739
40.5749
40.5753
40.5755
40.5755
40.5753
40.5749
40.5739
40.5729
40.5772
40.5759
40.5757
40.5755
40.5753
40.5753
40.5755
40.5757
40.5759
40.5772
37.3016
37.3017
37.3018
37.3019
37.3019
37.3019
37.3019
37.3018
37.3017
37.3016
37.3041
37.3044
37.3047
37.3048
37.3049
37.3049
37.3048
37.3047
37.3044
37.3041
37.3073
37.3078
37.3083
37.3085
37.3086
37.3086
37.3085
37.3083
37.3078
37.3073
37.3106
37.3113
37.3119
37.3122
37.3124
37.3124
37.3122
37.3119
37.3113
37.3106
37.3138
37.3146
37.3153
37.3157
37.3159
37.3159
37.3157
37.3153
37.3146
37.3138
37.3169
37.3177
37.3185
37.3189
37.3191
37.3191
37.3189
37.3185
37.3177
37.3169
37.3196
37.3205
37.3213
37.3217
37.3219
37.3219
37.3217
37.3213
37.3205
37.3196
37.3221
37.323
37.3237
37.3241
37.3243
37.3243
37.3241
37.3237
37.323
37.3221
37.3245
37.3253
37.326
37.3262
37.3264
37.3264
37.3262
37.326
37.3253
37.3245
37.3276
37.3275
37.3277
37.3277
37.3277
37.3277
37.3277
37.3277
37.3275
37.3276
34.0622
34.0623
34.0625
34.0625
34.0625
34.0625
34.0625
34.0625
34.0623
34.0622
34.0631
34.0632
34.0634
34.0635
34.0635
34.0635
34.0635
34.0634
34.0632
34.0631
34.0641
34.0644
34.0646
34.0648
34.0649
34.0649
34.0648
34.0646
34.0644
34.0641
34.0654
34.0657
34.066
34.0662
34.0663
34.0663
34.0662
34.066
34.0657
34.0654
34.0666
34.067
34.0674
34.0676
34.0678
34.0678
34.0676
34.0674
34.067
34.0666
34.0679
34.0684
34.0688
34.069
34.0692
34.0692
34.069
34.0688
34.0684
34.0679
34.0691
34.0696
34.07
34.0703
34.0704
34.0704
34.0703
34.07
34.0696
34.0691
34.0702
34.0707
34.0712
34.0714
34.0716
34.0716
34.0714
34.0712
34.0707
34.0702
34.0713
34.0718
34.0722
34.0724
34.0725
34.0725
34.0724
34.0722
34.0718
34.0713
34.0727
34.0728
34.073
34.0731
34.0732
34.0732
34.0731
34.073
34.0728
34.0727
30.8217
30.8218
30.8218
30.8218
30.8218
30.8218
30.8218
30.8218
30.8218
30.8217
30.822
30.822
30.822
30.8221
30.8221
30.8221
30.8221
30.822
30.822
30.822
30.8223
30.8224
30.8225
30.8225
30.8226
30.8226
30.8225
30.8225
30.8224
30.8223
30.8228
30.823
30.8231
30.8231
30.8232
30.8232
30.8231
30.8231
30.823
30.8228
30.8234
30.8236
30.8237
30.8238
30.8239
30.8239
30.8238
30.8237
30.8236
30.8234
30.8241
30.8243
30.8245
30.8246
30.8246
30.8246
30.8246
30.8245
30.8243
30.8241
30.8247
30.825
30.8252
30.8253
30.8253
30.8253
30.8253
30.8252
30.825
30.8247
30.8254
30.8257
30.8259
30.826
30.8261
30.8261
30.826
30.8259
30.8257
30.8254
30.8261
30.8263
30.8265
30.8267
30.8267
30.8267
30.8267
30.8265
30.8263
30.8261
30.8268
30.827
30.8271
30.8272
30.8273
30.8273
30.8272
30.8271
30.827
30.8268
27.5785
27.5785
27.5785
27.5785
27.5785
27.5785
27.5785
27.5785
27.5785
27.5785
27.5785
27.5785
27.5786
27.5786
27.5786
27.5786
27.5786
27.5786
27.5785
27.5785
27.5786
27.5786
27.5787
27.5787
27.5787
27.5787
27.5787
27.5787
27.5786
27.5786
27.5788
27.5788
27.5789
27.5789
27.5789
27.5789
27.5789
27.5789
27.5788
27.5788
27.579
27.579
27.5791
27.5792
27.5792
27.5792
27.5792
27.5791
27.579
27.579
27.5792
27.5793
27.5794
27.5794
27.5795
27.5795
27.5794
27.5794
27.5793
27.5792
27.5795
27.5796
27.5797
27.5797
27.5798
27.5798
27.5797
27.5797
27.5796
27.5795
27.5797
27.5799
27.58
27.58
27.5801
27.5801
27.58
27.58
27.5799
27.5797
27.58
27.5802
27.5803
27.5803
27.5804
27.5804
27.5803
27.5803
27.5802
27.58
27.5803
27.5804
27.5805
27.5806
27.5806
27.5806
27.5806
27.5805
27.5804
27.5803
24.3347
24.3347
24.3347
24.3347
24.3347
24.3347
24.3347
24.3347
24.3347
24.3347
24.3347
24.3347
24.3347
24.3347
24.3347
24.3347
24.3347
24.3347
24.3347
24.3347
24.3347
24.3347
24.3347
24.3347
24.3347
24.3347
24.3347
24.3347
24.3347
24.3347
24.3347
24.3348
24.3348
24.3348
24.3348
24.3348
24.3348
24.3348
24.3348
24.3347
24.3348
24.3349
24.3349
24.3349
24.3349
24.3349
24.3349
24.3349
24.3349
24.3348
24.3349
24.335
24.335
24.335
24.335
24.335
24.335
24.335
24.335
24.3349
24.3351
24.3351
24.3351
24.3352
24.3352
24.3352
24.3352
24.3351
24.3351
24.3351
24.3352
24.3353
24.3353
24.3353
24.3353
24.3353
24.3353
24.3353
24.3353
24.3352
24.3353
24.3354
24.3355
24.3355
24.3355
24.3355
24.3355
24.3355
24.3354
24.3353
24.3355
24.3356
24.3356
24.3356
24.3356
24.3356
24.3356
24.3356
24.3356
24.3355
21.0903
21.0903
21.0903
21.0903
21.0903
21.0903
21.0903
21.0903
21.0903
21.0903
21.0903
21.0903
21.0903
21.0903
21.0903
21.0903
21.0903
21.0903
21.0903
21.0903
21.0903
21.0903
21.0903
21.0903
21.0903
21.0903
21.0903
21.0903
21.0903
21.0903
21.0903
21.0903
21.0903
21.0903
21.0903
21.0903
21.0903
21.0903
21.0903
21.0903
21.0903
21.0903
21.0903
21.0903
21.0903
21.0903
21.0903
21.0903
21.0903
21.0903
21.0903
21.0903
21.0904
21.0904
21.0904
21.0904
21.0904
21.0904
21.0903
21.0903
21.0904
21.0904
21.0904
21.0904
21.0904
21.0904
21.0904
21.0904
21.0904
21.0904
21.0904
21.0904
21.0905
21.0905
21.0905
21.0905
21.0905
21.0905
21.0904
21.0904
21.0905
21.0905
21.0905
21.0905
21.0905
21.0905
21.0905
21.0905
21.0905
21.0905
21.0905
21.0906
21.0906
21.0906
21.0906
21.0906
21.0906
21.0906
21.0906
21.0905
17.8458
17.8458
17.8458
17.8458
17.8458
17.8458
17.8458
17.8458
17.8458
17.8458
17.8457
17.8457
17.8457
17.8457
17.8457
17.8457
17.8457
17.8457
17.8457
17.8457
17.8457
17.8457
17.8457
17.8457
17.8457
17.8457
17.8457
17.8457
17.8457
17.8457
17.8457
17.8457
17.8457
17.8457
17.8457
17.8457
17.8457
17.8457
17.8457
17.8457
17.8457
17.8457
17.8457
17.8457
17.8457
17.8457
17.8457
17.8457
17.8457
17.8457
17.8457
17.8458
17.8458
17.8458
17.8458
17.8458
17.8458
17.8458
17.8458
17.8457
17.8458
17.8458
17.8458
17.8458
17.8458
17.8458
17.8458
17.8458
17.8458
17.8458
17.8458
17.8458
17.8458
17.8458
17.8458
17.8458
17.8458
17.8458
17.8458
17.8458
17.8458
17.8458
17.8458
17.8458
17.8458
17.8458
17.8458
17.8458
17.8458
17.8458
17.8458
17.8459
17.8459
17.8459
17.8459
17.8459
17.8459
17.8459
17.8459
17.8458
14.6011
14.6011
14.6011
14.6011
14.6011
14.6011
14.6011
14.6011
14.6011
14.6011
14.6011
14.6011
14.6011
14.6011
14.6011
14.6011
14.6011
14.6011
14.6011
14.6011
14.6011
14.6011
14.6011
14.6011
14.6011
14.6011
14.6011
14.6011
14.6011
14.6011
14.6011
14.6011
14.6011
14.6011
14.6011
14.6011
14.6011
14.6011
14.6011
14.6011
14.6011
14.6011
14.6011
14.6011
14.6011
14.6011
14.6011
14.6011
14.6011
14.6011
14.6011
14.6011
14.6011
14.6011
14.6011
14.6011
14.6011
14.6011
14.6011
14.6011
14.6011
14.6011
14.6011
14.6011
14.6011
14.6011
14.6011
14.6011
14.6011
14.6011
14.6011
14.6011
14.6011
14.6011
14.6011
14.6011
14.6011
14.6011
14.6011
14.6011
14.6011
14.6011
14.6011
14.6011
14.6011
14.6011
14.6011
14.6011
14.6011
14.6011
14.6011
14.6011
14.6011
14.6011
14.6011
14.6011
14.6011
14.6011
14.6011
14.6011
11.3564
11.3564
11.3564
11.3564
11.3564
11.3564
11.3564
11.3564
11.3564
11.3564
11.3564
11.3564
11.3564
11.3564
11.3564
11.3564
11.3564
11.3564
11.3564
11.3564
11.3564
11.3564
11.3564
11.3564
11.3564
11.3564
11.3564
11.3564
11.3564
11.3564
11.3564
11.3564
11.3564
11.3564
11.3564
11.3564
11.3564
11.3564
11.3564
11.3564
11.3564
11.3564
11.3564
11.3564
11.3564
11.3564
11.3564
11.3564
11.3564
11.3564
11.3564
11.3564
11.3564
11.3564
11.3564
11.3564
11.3564
11.3564
11.3564
11.3564
11.3564
11.3564
11.3564
11.3564
11.3564
11.3564
11.3564
11.3564
11.3564
11.3564
11.3564
11.3564
11.3564
11.3564
11.3564
11.3564
11.3564
11.3564
11.3564
11.3564
11.3564
11.3564
11.3564
11.3564
11.3564
11.3564
11.3564
11.3564
11.3564
11.3564
11.3564
11.3564
11.3564
11.3564
11.3564
11.3564
11.3564
11.3564
11.3564
11.3564
8.11174
8.11174
8.11174
8.11174
8.11174
8.11174
8.11174
8.11174
8.11174
8.11174
8.11174
8.11174
8.11174
8.11174
8.11174
8.11174
8.11174
8.11174
8.11174
8.11174
8.11173
8.11173
8.11173
8.11173
8.11173
8.11173
8.11173
8.11173
8.11173
8.11173
8.11173
8.11173
8.11173
8.11173
8.11173
8.11173
8.11173
8.11173
8.11173
8.11173
8.11173
8.11173
8.11173
8.11173
8.11173
8.11173
8.11173
8.11173
8.11173
8.11173
8.11173
8.11173
8.11173
8.11173
8.11173
8.11173
8.11173
8.11173
8.11173
8.11173
8.11173
8.11173
8.11173
8.11173
8.11173
8.11173
8.11173
8.11173
8.11173
8.11173
8.11173
8.11173
8.11173
8.11173
8.11173
8.11173
8.11173
8.11173
8.11173
8.11173
8.11173
8.11173
8.11173
8.11173
8.11173
8.11173
8.11173
8.11173
8.11173
8.11173
8.11173
8.11173
8.11173
8.11174
8.11174
8.11174
8.11174
8.11173
8.11173
8.11173
4.86704
4.86704
4.86704
4.86704
4.86704
4.86704
4.86704
4.86704
4.86704
4.86704
4.86704
4.86704
4.86704
4.86704
4.86704
4.86704
4.86704
4.86704
4.86704
4.86704
4.86704
4.86704
4.86704
4.86704
4.86704
4.86704
4.86704
4.86704
4.86704
4.86704
4.86704
4.86704
4.86704
4.86704
4.86704
4.86704
4.86704
4.86704
4.86704
4.86704
4.86704
4.86704
4.86704
4.86704
4.86704
4.86704
4.86704
4.86704
4.86704
4.86704
4.86704
4.86704
4.86704
4.86704
4.86704
4.86704
4.86704
4.86704
4.86704
4.86704
4.86704
4.86704
4.86704
4.86704
4.86704
4.86704
4.86704
4.86704
4.86704
4.86704
4.86704
4.86704
4.86704
4.86704
4.86704
4.86704
4.86704
4.86704
4.86704
4.86704
4.86704
4.86704
4.86704
4.86704
4.86704
4.86704
4.86704
4.86704
4.86704
4.86704
4.86704
4.86704
4.86704
4.86704
4.86704
4.86704
4.86704
4.86704
4.86704
4.86704
1.62235
1.62235
1.62235
1.62235
1.62235
1.62235
1.62235
1.62235
1.62235
1.62235
1.62235
1.62235
1.62235
1.62235
1.62235
1.62235
1.62235
1.62235
1.62235
1.62235
1.62235
1.62235
1.62235
1.62235
1.62235
1.62235
1.62235
1.62235
1.62235
1.62235
1.62235
1.62235
1.62235
1.62235
1.62235
1.62235
1.62235
1.62235
1.62235
1.62235
1.62235
1.62235
1.62235
1.62235
1.62235
1.62235
1.62235
1.62235
1.62235
1.62235
1.62235
1.62235
1.62235
1.62235
1.62235
1.62235
1.62235
1.62235
1.62235
1.62235
1.62235
1.62235
1.62235
1.62235
1.62235
1.62235
1.62235
1.62235
1.62235
1.62235
1.62235
1.62235
1.62235
1.62234
1.62234
1.62234
1.62234
1.62235
1.62235
1.62235
1.62234
1.62234
1.62234
1.62234
1.62234
1.62234
1.62234
1.62234
1.62234
1.62234
1.62234
1.62234
1.62234
1.62234
1.62234
1.62234
1.62234
1.62234
1.62234
1.62234
99.0694
98.4842
98.1167
97.848
97.7087
97.7087
97.848
98.1167
98.4842
99.0694
89.8821
89.0276
88.4648
88.0669
87.862
87.862
88.0669
88.4648
89.0276
89.8821
82.2544
81.2712
80.6294
80.1823
79.9529
79.9529
80.1823
80.6294
81.2712
82.2544
76.988
75.9778
75.3271
74.8804
74.6514
74.6514
74.8804
75.3271
75.9778
76.988
73.0362
72.0334
71.3906
70.9581
70.7366
70.7366
70.9581
71.3906
72.0334
73.0362
69.8356
68.8601
68.2332
67.8218
67.6115
67.6115
67.8218
68.2332
68.8601
69.8356
67.1958
66.2685
65.6673
65.2831
65.0876
65.0876
65.2831
65.6673
66.2685
67.1958
65.0097
64.1541
63.5909
63.2396
63.0615
63.0615
63.2396
63.5909
64.1541
65.0097
63.1966
62.4291
61.9166
61.603
61.4442
61.4442
61.603
61.9166
62.4291
63.1966
61.7771
61.0097
60.5565
60.2808
60.141
60.141
60.2808
60.5565
61.0097
61.7771
62.8859
63.0597
63.2489
63.3764
63.4425
63.4425
63.3764
63.2489
63.0597
62.8859
63.3117
63.407
63.5345
63.6164
63.6582
63.6582
63.6164
63.5345
63.407
63.3117
63.289
63.2862
63.3393
63.3678
63.382
63.382
63.3678
63.3393
63.2862
63.289
62.8766
62.7831
62.7677
62.7492
62.7391
62.7391
62.7492
62.7677
62.7831
62.8766
62.2784
62.1104
62.0368
61.9805
61.9509
61.9509
61.9805
62.0368
62.1104
62.2784
61.6041
61.38
61.2593
61.1748
61.1308
61.1308
61.1748
61.2593
61.38
61.6041
60.9091
60.6492
60.4944
60.3915
60.3382
60.3382
60.3915
60.4944
60.6492
60.9091
60.225
59.9533
59.78
59.6685
59.6109
59.6109
59.6685
59.78
59.9533
60.225
59.5878
59.3204
59.1405
59.0276
58.969
58.969
59.0276
59.1405
59.3204
59.5878
59.1016
58.7515
58.5667
58.4531
58.3939
58.3939
58.4531
58.5667
58.7515
59.1016
58.2531
58.2387
58.2405
58.237
58.2354
58.2354
58.237
58.2405
58.2387
58.2531
58.6672
58.6505
58.6517
58.6466
58.6439
58.6439
58.6466
58.6517
58.6505
58.6672
59.0102
58.9749
58.9646
58.9497
58.9417
58.9417
58.9497
58.9646
58.9749
59.0102
59.0641
58.9955
58.9629
58.932
58.9155
58.9155
58.932
58.9629
58.9955
59.0641
58.9198
58.8157
58.7587
58.7117
58.6867
58.6867
58.7117
58.7587
58.8157
58.9198
58.6721
58.5373
58.4578
58.3974
58.3655
58.3655
58.3974
58.4578
58.5373
58.6721
58.3696
58.2125
58.1148
58.0448
58.0082
58.0082
58.0448
58.1148
58.2125
58.3696
58.0395
57.872
57.763
57.6881
57.649
57.649
57.6881
57.763
57.872
58.0395
57.7148
57.5447
57.4282
57.351
57.3107
57.3107
57.351
57.4282
57.5447
57.7148
57.471
57.2363
57.1093
57.0282
56.9861
56.9861
57.0282
57.1092
57.2363
57.471
53.52
53.5399
53.565
53.5811
53.5896
53.5896
53.5811
53.565
53.5399
53.52
53.7319
53.7557
53.7849
53.8034
53.8131
53.8131
53.8034
53.7849
53.7557
53.7319
53.912
53.9335
53.9624
53.9801
53.9893
53.9893
53.9801
53.9624
53.9335
53.912
53.999
54.0101
54.0321
54.0444
54.0507
54.0507
54.0444
54.0321
54.0101
53.999
54.0139
54.0105
54.0222
54.0269
54.0293
54.0293
54.0269
54.0222
54.0105
54.0139
53.9803
53.9621
53.9622
53.9592
53.9574
53.9574
53.9592
53.9622
53.9621
53.9803
53.912
53.8809
53.8703
53.8606
53.8552
53.8552
53.8606
53.8703
53.8809
53.912
53.8187
53.7796
53.7606
53.7458
53.7377
53.7377
53.7458
53.7606
53.7796
53.8187
53.7187
53.6737
53.6466
53.6271
53.6165
53.6165
53.6271
53.6466
53.6737
53.7187
53.6574
53.5683
53.5271
53.5001
53.4859
53.4859
53.5001
53.5271
53.5683
53.6574
50.2916
50.2917
50.2937
50.2938
50.294
50.294
50.2938
50.2937
50.2917
50.2916
50.391
50.3947
50.4
50.4023
50.4035
50.4035
50.4023
50.4
50.3947
50.391
50.4925
50.4977
50.5047
50.5078
50.5094
50.5094
50.5078
50.5047
50.4977
50.4925
50.5616
50.5647
50.5707
50.5727
50.5736
50.5736
50.5727
50.5707
50.5647
50.5616
50.6004
50.5992
50.6023
50.6019
50.6016
50.6016
50.6019
50.6023
50.5992
50.6004
50.6158
50.6092
50.6084
50.6054
50.6036
50.6036
50.6054
50.6084
50.6092
50.6158
50.6126
50.6009
50.5961
50.5905
50.5873
50.5873
50.5905
50.5961
50.6009
50.6126
50.5952
50.5799
50.5716
50.5639
50.5596
50.5596
50.5639
50.5716
50.5799
50.5952
50.5731
50.5543
50.5418
50.5316
50.5261
50.5261
50.5316
50.5418
50.5543
50.5731
50.568
50.526
50.5052
50.4908
50.4832
50.4832
50.4908
50.5052
50.526
50.568
46.9656
46.9687
46.9725
46.9746
46.9758
46.9758
46.9746
46.9725
46.9687
46.9656
47.0071
47.012
47.0173
47.0206
47.0224
47.0224
47.0206
47.0173
47.012
47.0071
47.0494
47.0554
47.0621
47.0661
47.0683
47.0683
47.0661
47.0621
47.0554
47.0494
47.0814
47.0872
47.094
47.0981
47.1002
47.1002
47.0981
47.094
47.0872
47.0814
47.1031
47.1077
47.1138
47.1172
47.1189
47.1189
47.1172
47.1138
47.1077
47.1031
47.116
47.1187
47.1235
47.1258
47.127
47.127
47.1258
47.1235
47.1187
47.116
47.121
47.1218
47.1249
47.1261
47.1266
47.1266
47.1261
47.1249
47.1218
47.121
47.1194
47.1186
47.1202
47.1203
47.1202
47.1202
47.1203
47.1202
47.1186
47.1194
47.1155
47.1128
47.112
47.1106
47.1097
47.1097
47.1106
47.112
47.1128
47.1155
47.1198
47.1052
47.0994
47.0952
47.0929
47.0929
47.0952
47.0994
47.1052
47.1198
43.766
43.7664
43.767
43.7671
43.7672
43.7672
43.7671
43.767
43.7664
43.766
43.7834
43.7847
43.7861
43.7868
43.7872
43.7872
43.7868
43.7861
43.7847
43.7834
43.8034
43.8055
43.8075
43.8087
43.8093
43.8093
43.8087
43.8075
43.8055
43.8034
43.8206
43.823
43.8254
43.8268
43.8274
43.8274
43.8268
43.8254
43.823
43.8206
43.8345
43.8369
43.8394
43.8406
43.8412
43.8412
43.8406
43.8394
43.8369
43.8345
43.8454
43.8474
43.8496
43.8506
43.8511
43.8511
43.8506
43.8496
43.8474
43.8454
43.8534
43.8549
43.8567
43.8574
43.8577
43.8577
43.8574
43.8567
43.8549
43.8534
43.8588
43.8598
43.8612
43.8615
43.8616
43.8616
43.8615
43.8612
43.8598
43.8588
43.8635
43.8637
43.8641
43.8638
43.8636
43.8636
43.8638
43.8641
43.8637
43.8635
43.8716
43.8667
43.8647
43.8632
43.8623
43.8623
43.8632
43.8647
43.8667
43.8716
40.5302
40.5308
40.5315
40.5318
40.532
40.532
40.5318
40.5315
40.5308
40.5302
40.537
40.5379
40.5389
40.5395
40.5398
40.5398
40.5395
40.5389
40.5379
40.537
40.5446
40.546
40.5473
40.5481
40.5486
40.5486
40.5481
40.5473
40.546
40.5446
40.5516
40.5532
40.5548
40.5558
40.5563
40.5563
40.5558
40.5548
40.5532
40.5516
40.5578
40.5595
40.5611
40.5622
40.5627
40.5627
40.5622
40.5611
40.5595
40.5578
40.563
40.5646
40.5663
40.5672
40.5677
40.5677
40.5672
40.5663
40.5646
40.563
40.5671
40.5686
40.5702
40.571
40.5714
40.5714
40.571
40.5702
40.5686
40.5671
40.5701
40.5715
40.5729
40.5736
40.574
40.574
40.5736
40.5729
40.5715
40.5701
40.5729
40.5739
40.5749
40.5753
40.5755
40.5755
40.5753
40.5749
40.5739
40.5729
40.5772
40.5759
40.5757
40.5755
40.5753
40.5753
40.5755
40.5757
40.5759
40.5772
37.3016
37.3017
37.3018
37.3019
37.3019
37.3019
37.3019
37.3018
37.3017
37.3016
37.3041
37.3044
37.3047
37.3048
37.3049
37.3049
37.3048
37.3047
37.3044
37.3041
37.3073
37.3078
37.3083
37.3085
37.3086
37.3086
37.3085
37.3083
37.3078
37.3073
37.3106
37.3113
37.3119
37.3122
37.3124
37.3124
37.3122
37.3119
37.3113
37.3106
37.3138
37.3146
37.3153
37.3157
37.3159
37.3159
37.3157
37.3153
37.3146
37.3138
37.3169
37.3177
37.3185
37.3189
37.3191
37.3191
37.3189
37.3185
37.3177
37.3169
37.3196
37.3205
37.3213
37.3217
37.3219
37.3219
37.3217
37.3213
37.3205
37.3196
37.3221
37.323
37.3237
37.3241
37.3243
37.3243
37.3241
37.3237
37.323
37.3221
37.3245
37.3253
37.326
37.3262
37.3264
37.3264
37.3262
37.326
37.3253
37.3245
37.3276
37.3275
37.3277
37.3277
37.3277
37.3277
37.3277
37.3277
37.3275
37.3276
34.0622
34.0623
34.0625
34.0625
34.0625
34.0625
34.0625
34.0625
34.0623
34.0622
34.0631
34.0632
34.0634
34.0635
34.0635
34.0635
34.0635
34.0634
34.0632
34.0631
34.0641
34.0644
34.0646
34.0648
34.0649
34.0649
34.0648
34.0646
34.0644
34.0641
34.0654
34.0657
34.066
34.0662
34.0663
34.0663
34.0662
34.066
34.0657
34.0654
34.0666
34.067
34.0674
34.0676
34.0678
34.0678
34.0676
34.0674
34.067
34.0666
34.0679
34.0684
34.0688
34.069
34.0692
34.0692
34.069
34.0688
34.0684
34.0679
34.0691
34.0696
34.07
34.0703
34.0704
34.0704
34.0703
34.07
34.0696
34.0691
34.0702
34.0707
34.0712
34.0714
34.0716
34.0716
34.0714
34.0712
34.0707
34.0702
34.0713
34.0718
34.0722
34.0724
34.0725
34.0725
34.0724
34.0722
34.0718
34.0713
34.0727
34.0728
34.073
34.0731
34.0732
34.0732
34.0731
34.073
34.0728
34.0727
30.8217
30.8218
30.8218
30.8218
30.8218
30.8218
30.8218
30.8218
30.8218
30.8217
30.822
30.822
30.822
30.8221
30.8221
30.8221
30.8221
30.822
30.822
30.822
30.8223
30.8224
30.8225
30.8225
30.8226
30.8226
30.8225
30.8225
30.8224
30.8223
30.8228
30.823
30.8231
30.8231
30.8232
30.8232
30.8231
30.8231
30.823
30.8228
30.8234
30.8236
30.8237
30.8238
30.8239
30.8239
30.8238
30.8237
30.8236
30.8234
30.8241
30.8243
30.8245
30.8246
30.8246
30.8246
30.8246
30.8245
30.8243
30.8241
30.8247
30.825
30.8252
30.8253
30.8253
30.8253
30.8253
30.8252
30.825
30.8247
30.8254
30.8257
30.8259
30.826
30.8261
30.8261
30.826
30.8259
30.8257
30.8254
30.8261
30.8263
30.8265
30.8267
30.8267
30.8267
30.8267
30.8265
30.8263
30.8261
30.8268
30.827
30.8271
30.8272
30.8273
30.8273
30.8272
30.8271
30.827
30.8268
27.5785
27.5785
27.5785
27.5785
27.5785
27.5785
27.5785
27.5785
27.5785
27.5785
27.5785
27.5785
27.5786
27.5786
27.5786
27.5786
27.5786
27.5786
27.5785
27.5785
27.5786
27.5786
27.5787
27.5787
27.5787
27.5787
27.5787
27.5787
27.5786
27.5786
27.5788
27.5788
27.5789
27.5789
27.5789
27.5789
27.5789
27.5789
27.5788
27.5788
27.579
27.579
27.5791
27.5792
27.5792
27.5792
27.5792
27.5791
27.579
27.579
27.5792
27.5793
27.5794
27.5794
27.5795
27.5795
27.5794
27.5794
27.5793
27.5792
27.5795
27.5796
27.5797
27.5797
27.5798
27.5798
27.5797
27.5797
27.5796
27.5795
27.5797
27.5799
27.58
27.58
27.5801
27.5801
27.58
27.58
27.5799
27.5797
27.58
27.5802
27.5803
27.5803
27.5804
27.5804
27.5803
27.5803
27.5802
27.58
27.5803
27.5804
27.5805
27.5806
27.5806
27.5806
27.5806
27.5805
27.5804
27.5803
24.3347
24.3347
24.3347
24.3347
24.3347
24.3347
24.3347
24.3347
24.3347
24.3347
24.3347
24.3347
24.3347
24.3347
24.3347
24.3347
24.3347
24.3347
24.3347
24.3347
24.3347
24.3347
24.3347
24.3347
24.3347
24.3347
24.3347
24.3347
24.3347
24.3347
24.3347
24.3348
24.3348
24.3348
24.3348
24.3348
24.3348
24.3348
24.3348
24.3347
24.3348
24.3349
24.3349
24.3349
24.3349
24.3349
24.3349
24.3349
24.3349
24.3348
24.3349
24.335
24.335
24.335
24.335
24.335
24.335
24.335
24.335
24.3349
24.3351
24.3351
24.3351
24.3352
24.3352
24.3352
24.3352
24.3351
24.3351
24.3351
24.3352
24.3353
24.3353
24.3353
24.3353
24.3353
24.3353
24.3353
24.3353
24.3352
24.3353
24.3354
24.3355
24.3355
24.3355
24.3355
24.3355
24.3355
24.3354
24.3353
24.3355
24.3356
24.3356
24.3356
24.3356
24.3356
24.3356
24.3356
24.3356
24.3355
21.0903
21.0903
21.0903
21.0903
21.0903
21.0903
21.0903
21.0903
21.0903
21.0903
21.0903
21.0903
21.0903
21.0903
21.0903
21.0903
21.0903
21.0903
21.0903
21.0903
21.0903
21.0903
21.0903
21.0903
21.0903
21.0903
21.0903
21.0903
21.0903
21.0903
21.0903
21.0903
21.0903
21.0903
21.0903
21.0903
21.0903
21.0903
21.0903
21.0903
21.0903
21.0903
21.0903
21.0903
21.0903
21.0903
21.0903
21.0903
21.0903
21.0903
21.0903
21.0903
21.0904
21.0904
21.0904
21.0904
21.0904
21.0904
21.0903
21.0903
21.0904
21.0904
21.0904
21.0904
21.0904
21.0904
21.0904
21.0904
21.0904
21.0904
21.0904
21.0904
21.0905
21.0905
21.0905
21.0905
21.0905
21.0905
21.0904
21.0904
21.0905
21.0905
21.0905
21.0905
21.0905
21.0905
21.0905
21.0905
21.0905
21.0905
21.0905
21.0906
21.0906
21.0906
21.0906
21.0906
21.0906
21.0906
21.0906
21.0905
17.8458
17.8458
17.8458
17.8458
17.8458
17.8458
17.8458
17.8458
17.8458
17.8458
17.8457
17.8457
17.8457
17.8457
17.8457
17.8457
17.8457
17.8457
17.8457
17.8457
17.8457
17.8457
17.8457
17.8457
17.8457
17.8457
17.8457
17.8457
17.8457
17.8457
17.8457
17.8457
17.8457
17.8457
17.8457
17.8457
17.8457
17.8457
17.8457
17.8457
17.8457
17.8457
17.8457
17.8457
17.8457
17.8457
17.8457
17.8457
17.8457
17.8457
17.8457
17.8458
17.8458
17.8458
17.8458
17.8458
17.8458
17.8458
17.8458
17.8457
17.8458
17.8458
17.8458
17.8458
17.8458
17.8458
17.8458
17.8458
17.8458
17.8458
17.8458
17.8458
17.8458
17.8458
17.8458
17.8458
17.8458
17.8458
17.8458
17.8458
17.8458
17.8458
17.8458
17.8458
17.8458
17.8458
17.8458
17.8458
17.8458
17.8458
17.8458
17.8459
17.8459
17.8459
17.8459
17.8459
17.8459
17.8459
17.8459
17.8458
14.6011
14.6011
14.6011
14.6011
14.6011
14.6011
14.6011
14.6011
14.6011
14.6011
14.6011
14.6011
14.6011
14.6011
14.6011
14.6011
14.6011
14.6011
14.6011
14.6011
14.6011
14.6011
14.6011
14.6011
14.6011
14.6011
14.6011
14.6011
14.6011
14.6011
14.6011
14.6011
14.6011
14.6011
14.6011
14.6011
14.6011
14.6011
14.6011
14.6011
14.6011
14.6011
14.6011
14.6011
14.6011
14.6011
14.6011
14.6011
14.6011
14.6011
14.6011
14.6011
14.6011
14.6011
14.6011
14.6011
14.6011
14.6011
14.6011
14.6011
14.6011
14.6011
14.6011
14.6011
14.6011
14.6011
14.6011
14.6011
14.6011
14.6011
14.6011
14.6011
14.6011
14.6011
14.6011
14.6011
14.6011
14.6011
14.6011
14.6011
14.6011
14.6011
14.6011
14.6011
14.6011
14.6011
14.6011
14.6011
14.6011
14.6011
14.6011
14.6011
14.6011
14.6011
14.6011
14.6011
14.6011
14.6011
14.6011
14.6011
11.3564
11.3564
11.3564
11.3564
11.3564
11.3564
11.3564
11.3564
11.3564
11.3564
11.3564
11.3564
11.3564
11.3564
11.3564
11.3564
11.3564
11.3564
11.3564
11.3564
11.3564
11.3564
11.3564
11.3564
11.3564
11.3564
11.3564
11.3564
11.3564
11.3564
11.3564
11.3564
11.3564
11.3564
11.3564
11.3564
11.3564
11.3564
11.3564
11.3564
11.3564
11.3564
11.3564
11.3564
11.3564
11.3564
11.3564
11.3564
11.3564
11.3564
11.3564
11.3564
11.3564
11.3564
11.3564
11.3564
11.3564
11.3564
11.3564
11.3564
11.3564
11.3564
11.3564
11.3564
11.3564
11.3564
11.3564
11.3564
11.3564
11.3564
11.3564
11.3564
11.3564
11.3564
11.3564
11.3564
11.3564
11.3564
11.3564
11.3564
11.3564
11.3564
11.3564
11.3564
11.3564
11.3564
11.3564
11.3564
11.3564
11.3564
11.3564
11.3564
11.3564
11.3564
11.3564
11.3564
11.3564
11.3564
11.3564
11.3564
8.11174
8.11174
8.11174
8.11174
8.11174
8.11174
8.11174
8.11174
8.11174
8.11174
8.11174
8.11174
8.11174
8.11174
8.11174
8.11174
8.11174
8.11174
8.11174
8.11174
8.11173
8.11173
8.11173
8.11173
8.11173
8.11173
8.11173
8.11173
8.11173
8.11173
8.11173
8.11173
8.11173
8.11173
8.11173
8.11173
8.11173
8.11173
8.11173
8.11173
8.11173
8.11173
8.11173
8.11173
8.11173
8.11173
8.11173
8.11173
8.11173
8.11173
8.11173
8.11173
8.11173
8.11173
8.11173
8.11173
8.11173
8.11173
8.11173
8.11173
8.11173
8.11173
8.11173
8.11173
8.11173
8.11173
8.11173
8.11173
8.11173
8.11173
8.11173
8.11173
8.11173
8.11173
8.11173
8.11173
8.11173
8.11173
8.11173
8.11173
8.11173
8.11173
8.11173
8.11173
8.11173
8.11173
8.11173
8.11173
8.11173
8.11173
8.11173
8.11173
8.11173
8.11174
8.11174
8.11174
8.11174
8.11173
8.11173
8.11173
4.86704
4.86704
4.86704
4.86704
4.86704
4.86704
4.86704
4.86704
4.86704
4.86704
4.86704
4.86704
4.86704
4.86704
4.86704
4.86704
4.86704
4.86704
4.86704
4.86704
4.86704
4.86704
4.86704
4.86704
4.86704
4.86704
4.86704
4.86704
4.86704
4.86704
4.86704
4.86704
4.86704
4.86704
4.86704
4.86704
4.86704
4.86704
4.86704
4.86704
4.86704
4.86704
4.86704
4.86704
4.86704
4.86704
4.86704
4.86704
4.86704
4.86704
4.86704
4.86704
4.86704
4.86704
4.86704
4.86704
4.86704
4.86704
4.86704
4.86704
4.86704
4.86704
4.86704
4.86704
4.86704
4.86704
4.86704
4.86704
4.86704
4.86704
4.86704
4.86704
4.86704
4.86704
4.86704
4.86704
4.86704
4.86704
4.86704
4.86704
4.86704
4.86704
4.86704
4.86704
4.86704
4.86704
4.86704
4.86704
4.86704
4.86704
4.86704
4.86704
4.86704
4.86704
4.86704
4.86704
4.86704
4.86704
4.86704
4.86704
1.62235
1.62235
1.62235
1.62235
1.62235
1.62235
1.62235
1.62235
1.62235
1.62235
1.62235
1.62235
1.62235
1.62235
1.62235
1.62235
1.62235
1.62235
1.62235
1.62235
1.62235
1.62235
1.62235
1.62235
1.62235
1.62235
1.62235
1.62235
1.62235
1.62235
1.62235
1.62235
1.62235
1.62235
1.62235
1.62235
1.62235
1.62235
1.62235
1.62235
1.62235
1.62235
1.62235
1.62235
1.62235
1.62235
1.62235
1.62235
1.62235
1.62235
1.62235
1.62235
1.62235
1.62235
1.62235
1.62235
1.62235
1.62235
1.62235
1.62235
1.62235
1.62235
1.62235
1.62235
1.62235
1.62235
1.62235
1.62235
1.62235
1.62235
1.62235
1.62235
1.62235
1.62234
1.62234
1.62234
1.62234
1.62234
1.62235
1.62235
1.62234
1.62234
1.62234
1.62234
1.62234
1.62234
1.62234
1.62234
1.62234
1.62234
1.62234
1.62234
1.62234
1.62234
1.62234
1.62234
1.62234
1.62234
1.62234
1.62234
60.7599
60.0689
59.6309
59.3519
59.2134
59.2134
59.3519
59.6309
60.0689
60.7599
60.0689
59.4784
59.033
58.7357
58.5882
58.5882
58.7357
59.033
59.4784
60.0689
59.6309
59.033
58.5683
58.2584
58.1054
58.1054
58.2584
58.5683
59.033
59.6309
59.3519
58.7357
58.2584
57.9425
57.787
57.787
57.9425
58.2584
58.7357
59.3519
59.2134
58.5882
58.1054
57.787
57.6304
57.6304
57.787
58.1054
58.5882
59.2134
59.2134
58.5882
58.1054
57.787
57.6304
57.6304
57.787
58.1054
58.5882
59.2134
59.3519
58.7357
58.2584
57.9425
57.787
57.787
57.9425
58.2584
58.7357
59.3519
59.6309
59.033
58.5683
58.2584
58.1054
58.1054
58.2584
58.5683
59.033
59.6309
60.0689
59.4784
59.033
58.7357
58.5882
58.5882
58.7357
59.033
59.4784
60.0689
60.7599
60.0689
59.6309
59.3519
59.2134
59.2134
59.3519
59.6309
60.0689
60.7599
58.5799
58.3013
58.1352
58.0258
57.9701
57.9701
58.0258
58.1352
58.3013
58.5799
58.3013
58.0804
57.8923
57.7612
57.6956
57.6956
57.7612
57.8923
58.0804
58.3013
58.1352
57.8923
57.6809
57.5358
57.4641
57.4641
57.5358
57.6809
57.8923
58.1352
58.0258
57.7612
57.5358
57.3833
57.3083
57.3083
57.3834
57.5358
57.7612
58.0258
57.9701
57.6956
57.4641
57.3083
57.2317
57.2317
57.3083
57.4641
57.6956
57.9701
57.9701
57.6956
57.4641
57.3083
57.2317
57.2317
57.3083
57.4641
57.6956
57.9701
58.0258
57.7612
57.5358
57.3834
57.3083
57.3083
57.3834
57.5358
57.7612
58.0258
58.1352
57.8923
57.6809
57.5358
57.4641
57.4641
57.5358
57.6809
57.8923
58.1352
58.3013
58.0804
57.8923
57.7612
57.6956
57.6956
57.7612
57.8923
58.0804
58.3014
58.5799
58.3013
58.1352
58.0258
57.9701
57.9701
58.0258
58.1352
58.3014
58.5799
57.0807
56.9287
56.8347
56.7693
56.7356
56.7356
56.7693
56.8347
56.9287
57.0807
56.9287
56.8076
56.6935
56.6108
56.5691
56.5691
56.6108
56.6935
56.8076
56.9287
56.8347
56.6935
56.5602
56.4668
56.4205
56.4205
56.4668
56.5602
56.6935
56.8347
56.7693
56.6108
56.4668
56.3681
56.3193
56.3193
56.3681
56.4668
56.6108
56.7693
56.7356
56.5691
56.4205
56.3193
56.2694
56.2694
56.3193
56.4205
56.5691
56.7356
56.7356
56.5691
56.4205
56.3193
56.2694
56.2694
56.3193
56.4205
56.5691
56.7356
56.7693
56.6108
56.4668
56.3681
56.3193
56.3193
56.3681
56.4668
56.6108
56.7693
56.8347
56.6935
56.5602
56.4668
56.4205
56.4205
56.4668
56.5602
56.6935
56.8347
56.9287
56.8076
56.6935
56.6108
56.5691
56.5691
56.6108
56.6935
56.8076
56.9287
57.0807
56.9287
56.8347
56.7693
56.7356
56.7356
56.7693
56.8347
56.9287
57.0807
53.4602
53.4252
53.4058
53.39
53.3815
53.3815
53.39
53.4058
53.4252
53.4602
53.4252
53.3996
53.3646
53.3368
53.3228
53.3228
53.3368
53.3646
53.3996
53.4252
53.4058
53.3646
53.3174
53.2831
53.2662
53.2662
53.2831
53.3174
53.3646
53.4058
53.39
53.3368
53.2831
53.2457
53.2273
53.2273
53.2457
53.2831
53.3368
53.39
53.3815
53.3228
53.2662
53.2273
53.2082
53.2082
53.2273
53.2662
53.3228
53.3815
53.3815
53.3228
53.2662
53.2273
53.2082
53.2082
53.2273
53.2662
53.3228
53.3815
53.39
53.3368
53.2831
53.2457
53.2273
53.2273
53.2457
53.2831
53.3368
53.39
53.4058
53.3646
53.3174
53.2831
53.2662
53.2662
53.2831
53.3174
53.3646
53.4058
53.4252
53.3996
53.3646
53.3368
53.3228
53.3228
53.3368
53.3646
53.3997
53.4252
53.4602
53.4252
53.4058
53.39
53.3815
53.3815
53.39
53.4058
53.4252
53.4602
50.4651
50.4581
50.454
50.4491
50.4463
50.4463
50.4491
50.454
50.4581
50.4651
50.4581
50.4548
50.4424
50.4313
50.4257
50.4257
50.4313
50.4424
50.4548
50.4581
50.454
50.4424
50.4236
50.4093
50.4022
50.4022
50.4093
50.4236
50.4424
50.454
50.4491
50.4313
50.4093
50.3935
50.3857
50.3857
50.3935
50.4093
50.4313
50.4491
50.4463
50.4257
50.4022
50.3857
50.3775
50.3775
50.3857
50.4022
50.4257
50.4463
50.4463
50.4257
50.4022
50.3857
50.3775
50.3775
50.3857
50.4022
50.4257
50.4463
50.4491
50.4313
50.4093
50.3935
50.3857
50.3857
50.3935
50.4093
50.4313
50.4491
50.454
50.4424
50.4236
50.4093
50.4022
50.4022
50.4093
50.4236
50.4424
50.454
50.4581
50.4548
50.4424
50.4313
50.4257
50.4257
50.4313
50.4424
50.4548
50.4581
50.4651
50.4581
50.454
50.4491
50.4463
50.4463
50.4491
50.454
50.4581
50.4651
47.0708
47.0742
47.0768
47.0774
47.0776
47.0776
47.0774
47.0768
47.0742
47.0708
47.0742
47.0779
47.0757
47.073
47.0716
47.0716
47.073
47.0757
47.0779
47.0742
47.0768
47.0757
47.0703
47.0659
47.0638
47.0638
47.0659
47.0703
47.0757
47.0768
47.0774
47.073
47.0659
47.0608
47.0583
47.0583
47.0608
47.0659
47.073
47.0774
47.0776
47.0716
47.0638
47.0583
47.0556
47.0556
47.0583
47.0638
47.0716
47.0776
47.0776
47.0716
47.0638
47.0583
47.0556
47.0556
47.0583
47.0638
47.0716
47.0776
47.0774
47.073
47.0659
47.0608
47.0583
47.0583
47.0608
47.0659
47.073
47.0774
47.0768
47.0757
47.0703
47.0659
47.0638
47.0638
47.0659
47.0703
47.0757
47.0768
47.0742
47.0779
47.0757
47.073
47.0716
47.0716
47.073
47.0757
47.0779
47.0742
47.0708
47.0742
47.0768
47.0774
47.0776
47.0776
47.0774
47.0768
47.0742
47.0708
43.8513
43.8555
43.8583
43.8596
43.8602
43.8602
43.8596
43.8583
43.8555
43.8513
43.8555
43.8598
43.8607
43.8606
43.8605
43.8605
43.8606
43.8607
43.8598
43.8555
43.8583
43.8607
43.8602
43.8594
43.8591
43.8591
43.8594
43.8602
43.8607
43.8583
43.8596
43.8606
43.8594
43.8584
43.858
43.858
43.8584
43.8594
43.8606
43.8596
43.8602
43.8605
43.8591
43.858
43.8574
43.8574
43.858
43.8591
43.8605
43.8602
43.8602
43.8605
43.8591
43.858
43.8574
43.8574
43.858
43.8591
43.8605
43.8602
43.8596
43.8606
43.8594
43.8584
43.858
43.858
43.8584
43.8594
43.8606
43.8596
43.8583
43.8607
43.8602
43.8594
43.8591
43.8591
43.8594
43.8602
43.8607
43.8583
43.8555
43.8598
43.8607
43.8606
43.8605
43.8605
43.8606
43.8607
43.8598
43.8555
43.8513
43.8555
43.8583
43.8596
43.8602
43.8602
43.8596
43.8583
43.8555
43.8513
40.5684
40.5712
40.5731
40.5741
40.5746
40.5746
40.5741
40.5731
40.5712
40.5684
40.5712
40.5738
40.5748
40.5751
40.5753
40.5753
40.5751
40.5748
40.5738
40.5712
40.5731
40.5748
40.5751
40.5751
40.5752
40.5752
40.5751
40.5751
40.5748
40.5731
40.5741
40.5751
40.5751
40.5751
40.5751
40.5751
40.5751
40.5751
40.5751
40.5741
40.5746
40.5753
40.5752
40.5751
40.5751
40.5751
40.5751
40.5752
40.5753
40.5746
40.5746
40.5753
40.5752
40.5751
40.5751
40.5751
40.5751
40.5752
40.5753
40.5746
40.5741
40.5751
40.5751
40.5751
40.5751
40.5751
40.5751
40.5751
40.5751
40.5741
40.5731
40.5748
40.5751
40.5751
40.5752
40.5752
40.5751
40.5751
40.5748
40.5731
40.5712
40.5738
40.5748
40.5751
40.5753
40.5753
40.5751
40.5748
40.5738
40.5712
40.5684
40.5712
40.5731
40.5741
40.5746
40.5746
40.5741
40.5731
40.5712
40.5684
37.3247
37.3264
37.3276
37.3282
37.3286
37.3286
37.3282
37.3276
37.3264
37.3247
37.3264
37.3281
37.3289
37.3294
37.3296
37.3296
37.3294
37.3289
37.3281
37.3264
37.3276
37.3289
37.3295
37.3299
37.3301
37.3301
37.3299
37.3295
37.3289
37.3276
37.3282
37.3294
37.3299
37.3302
37.3304
37.3304
37.3302
37.3299
37.3294
37.3282
37.3286
37.3296
37.3301
37.3304
37.3306
37.3306
37.3304
37.3301
37.3296
37.3286
37.3286
37.3296
37.3301
37.3304
37.3306
37.3306
37.3304
37.3301
37.3296
37.3286
37.3282
37.3294
37.3299
37.3302
37.3304
37.3304
37.3302
37.3299
37.3294
37.3282
37.3276
37.3289
37.3295
37.3299
37.3301
37.3301
37.3299
37.3295
37.3289
37.3276
37.3264
37.3281
37.3289
37.3294
37.3296
37.3296
37.3294
37.3289
37.3281
37.3264
37.3247
37.3264
37.3276
37.3282
37.3286
37.3286
37.3282
37.3276
37.3264
37.3247
34.0717
34.0725
34.0731
34.0734
34.0736
34.0736
34.0734
34.0731
34.0725
34.0717
34.0725
34.0733
34.0737
34.074
34.0741
34.0741
34.074
34.0737
34.0733
34.0725
34.0731
34.0737
34.0741
34.0743
34.0744
34.0744
34.0743
34.0741
34.0737
34.0731
34.0734
34.074
34.0743
34.0745
34.0747
34.0747
34.0745
34.0743
34.074
34.0734
34.0736
34.0741
34.0744
34.0747
34.0748
34.0748
34.0747
34.0744
34.0741
34.0736
34.0736
34.0741
34.0744
34.0747
34.0748
34.0748
34.0747
34.0744
34.0741
34.0736
34.0734
34.074
34.0743
34.0745
34.0747
34.0747
34.0745
34.0743
34.074
34.0734
34.0731
34.0737
34.0741
34.0743
34.0744
34.0744
34.0743
34.0741
34.0737
34.0731
34.0725
34.0733
34.0737
34.074
34.0741
34.0741
34.074
34.0737
34.0733
34.0725
34.0717
34.0725
34.0731
34.0734
34.0736
34.0736
34.0734
34.0731
34.0725
34.0717
30.8267
30.8271
30.8274
30.8276
30.8277
30.8277
30.8276
30.8274
30.8271
30.8267
30.8271
30.8275
30.8278
30.828
30.828
30.828
30.828
30.8278
30.8275
30.8271
30.8274
30.8278
30.828
30.8282
30.8283
30.8283
30.8282
30.828
30.8278
30.8274
30.8276
30.828
30.8282
30.8284
30.8285
30.8285
30.8284
30.8282
30.828
30.8276
30.8277
30.828
30.8283
30.8285
30.8285
30.8285
30.8285
30.8283
30.828
30.8277
30.8277
30.828
30.8283
30.8285
30.8285
30.8285
30.8285
30.8283
30.828
30.8277
30.8276
30.828
30.8282
30.8284
30.8285
30.8285
30.8284
30.8282
30.828
30.8276
30.8274
30.8278
30.828
30.8282
30.8283
30.8283
30.8282
30.828
30.8278
30.8274
30.8271
30.8275
30.8278
30.828
30.828
30.828
30.828
30.8278
30.8275
30.8271
30.8267
30.8271
30.8274
30.8276
30.8277
30.8277
30.8276
30.8274
30.8271
30.8267
27.5803
27.5805
27.5806
27.5807
27.5808
27.5808
27.5807
27.5806
27.5805
27.5803
27.5805
27.5807
27.5808
27.5809
27.5809
27.5809
27.5809
27.5808
27.5807
27.5805
27.5806
27.5808
27.5809
27.581
27.5811
27.5811
27.581
27.5809
27.5808
27.5806
27.5807
27.5809
27.581
27.5811
27.5811
27.5811
27.5811
27.581
27.5809
27.5807
27.5808
27.5809
27.5811
27.5811
27.5812
27.5812
27.5811
27.5811
27.5809
27.5808
27.5808
27.5809
27.5811
27.5811
27.5812
27.5812
27.5811
27.5811
27.5809
27.5808
27.5807
27.5809
27.581
27.5811
27.5811
27.5811
27.5811
27.581
27.5809
27.5807
27.5806
27.5808
27.5809
27.581
27.5811
27.5811
27.581
27.5809
27.5808
27.5806
27.5805
27.5807
27.5808
27.5809
27.5809
27.5809
27.5809
27.5808
27.5807
27.5805
27.5803
27.5805
27.5806
27.5807
27.5808
27.5808
27.5807
27.5806
27.5805
27.5803
24.3356
24.3356
24.3357
24.3357
24.3358
24.3358
24.3357
24.3357
24.3356
24.3356
24.3356
24.3357
24.3358
24.3358
24.3359
24.3359
24.3358
24.3358
24.3357
24.3356
24.3357
24.3358
24.3359
24.3359
24.3359
24.3359
24.3359
24.3359
24.3358
24.3357
24.3357
24.3358
24.3359
24.3359
24.336
24.336
24.3359
24.3359
24.3358
24.3357
24.3358
24.3359
24.3359
24.336
24.336
24.336
24.336
24.3359
24.3359
24.3358
24.3358
24.3359
24.3359
24.336
24.336
24.336
24.336
24.3359
24.3359
24.3358
24.3357
24.3358
24.3359
24.3359
24.336
24.336
24.3359
24.3359
24.3358
24.3357
24.3357
24.3358
24.3359
24.3359
24.3359
24.3359
24.3359
24.3359
24.3358
24.3357
24.3356
24.3357
24.3358
24.3358
24.3359
24.3359
24.3358
24.3358
24.3357
24.3356
24.3356
24.3356
24.3357
24.3357
24.3358
24.3358
24.3357
24.3357
24.3356
24.3356
21.0906
21.0906
21.0906
21.0906
21.0907
21.0907
21.0906
21.0906
21.0906
21.0906
21.0906
21.0906
21.0907
21.0907
21.0907
21.0907
21.0907
21.0907
21.0906
21.0906
21.0906
21.0907
21.0907
21.0907
21.0907
21.0907
21.0907
21.0907
21.0907
21.0906
21.0906
21.0907
21.0907
21.0907
21.0907
21.0907
21.0907
21.0907
21.0907
21.0906
21.0907
21.0907
21.0907
21.0907
21.0908
21.0908
21.0907
21.0907
21.0907
21.0907
21.0907
21.0907
21.0907
21.0907
21.0908
21.0908
21.0907
21.0907
21.0907
21.0907
21.0906
21.0907
21.0907
21.0907
21.0907
21.0907
21.0907
21.0907
21.0907
21.0906
21.0906
21.0907
21.0907
21.0907
21.0907
21.0907
21.0907
21.0907
21.0907
21.0906
21.0906
21.0906
21.0907
21.0907
21.0907
21.0907
21.0907
21.0907
21.0906
21.0906
21.0906
21.0906
21.0906
21.0906
21.0907
21.0907
21.0906
21.0906
21.0906
21.0906
17.8459
17.8459
17.8459
17.8459
17.8459
17.8459
17.8459
17.8459
17.8459
17.8459
17.8459
17.8459
17.8459
17.8459
17.8459
17.8459
17.8459
17.8459
17.8459
17.8459
17.8459
17.8459
17.8459
17.8459
17.8459
17.8459
17.8459
17.8459
17.8459
17.8459
17.8459
17.8459
17.8459
17.8459
17.8459
17.8459
17.8459
17.8459
17.8459
17.8459
17.8459
17.8459
17.8459
17.8459
17.846
17.846
17.8459
17.8459
17.8459
17.8459
17.8459
17.8459
17.8459
17.8459
17.846
17.846
17.8459
17.8459
17.8459
17.8459
17.8459
17.8459
17.8459
17.8459
17.8459
17.8459
17.8459
17.8459
17.8459
17.8459
17.8459
17.8459
17.8459
17.8459
17.8459
17.8459
17.8459
17.8459
17.8459
17.8459
17.8459
17.8459
17.8459
17.8459
17.8459
17.8459
17.8459
17.8459
17.8459
17.8459
17.8459
17.8459
17.8459
17.8459
17.8459
17.8459
17.8459
17.8459
17.8459
17.8459
14.6011
14.6011
14.6011
14.6011
14.6011
14.6011
14.6011
14.6011
14.6011
14.6011
14.6011
14.6011
14.6011
14.6011
14.6011
14.6011
14.6011
14.6011
14.6011
14.6011
14.6011
14.6011
14.6011
14.6012
14.6012
14.6012
14.6012
14.6011
14.6011
14.6011
14.6011
14.6011
14.6012
14.6012
14.6012
14.6012
14.6012
14.6012
14.6011
14.6011
14.6011
14.6011
14.6012
14.6012
14.6012
14.6012
14.6012
14.6012
14.6011
14.6011
14.6011
14.6011
14.6012
14.6012
14.6012
14.6012
14.6012
14.6012
14.6011
14.6011
14.6011
14.6011
14.6012
14.6012
14.6012
14.6012
14.6012
14.6012
14.6011
14.6011
14.6011
14.6011
14.6011
14.6012
14.6012
14.6012
14.6012
14.6011
14.6011
14.6011
14.6011
14.6011
14.6011
14.6011
14.6011
14.6011
14.6011
14.6011
14.6011
14.6011
14.6011
14.6011
14.6011
14.6011
14.6011
14.6011
14.6011
14.6011
14.6011
14.6011
11.3564
11.3564
11.3564
11.3564
11.3564
11.3564
11.3564
11.3564
11.3564
11.3564
11.3564
11.3564
11.3564
11.3564
11.3564
11.3564
11.3564
11.3564
11.3564
11.3564
11.3564
11.3564
11.3564
11.3564
11.3564
11.3564
11.3564
11.3564
11.3564
11.3564
11.3564
11.3564
11.3564
11.3564
11.3564
11.3564
11.3564
11.3564
11.3564
11.3564
11.3564
11.3564
11.3564
11.3564
11.3565
11.3565
11.3564
11.3564
11.3564
11.3564
11.3564
11.3564
11.3564
11.3564
11.3565
11.3565
11.3564
11.3564
11.3564
11.3564
11.3564
11.3564
11.3564
11.3564
11.3564
11.3564
11.3564
11.3564
11.3564
11.3564
11.3564
11.3564
11.3564
11.3564
11.3564
11.3564
11.3564
11.3564
11.3564
11.3564
11.3564
11.3564
11.3564
11.3564
11.3564
11.3564
11.3564
11.3564
11.3564
11.3564
11.3564
11.3564
11.3564
11.3564
11.3564
11.3564
11.3564
11.3564
11.3564
11.3564
8.11174
8.11174
8.11174
8.11174
8.11174
8.11174
8.11174
8.11174
8.11174
8.11174
8.11174
8.11174
8.11174
8.11174
8.11174
8.11174
8.11174
8.11174
8.11174
8.11174
8.11174
8.11174
8.11174
8.11174
8.11174
8.11174
8.11174
8.11174
8.11174
8.11174
8.11174
8.11174
8.11174
8.11174
8.11174
8.11174
8.11174
8.11174
8.11174
8.11174
8.11174
8.11174
8.11174
8.11174
8.11174
8.11174
8.11174
8.11174
8.11174
8.11174
8.11174
8.11174
8.11174
8.11174
8.11174
8.11174
8.11174
8.11174
8.11174
8.11174
8.11174
8.11174
8.11174
8.11174
8.11174
8.11174
8.11174
8.11174
8.11174
8.11174
8.11174
8.11174
8.11174
8.11174
8.11174
8.11174
8.11174
8.11174
8.11174
8.11174
8.11174
8.11174
8.11174
8.11174
8.11174
8.11174
8.11174
8.11174
8.11174
8.11174
8.11174
8.11174
8.11174
8.11174
8.11174
8.11174
8.11174
8.11174
8.11174
8.11174
4.86704
4.86704
4.86704
4.86704
4.86704
4.86704
4.86704
4.86704
4.86704
4.86704
4.86704
4.86704
4.86704
4.86704
4.86704
4.86704
4.86704
4.86704
4.86704
4.86704
4.86704
4.86704
4.86704
4.86704
4.86704
4.86704
4.86704
4.86704
4.86704
4.86704
4.86704
4.86704
4.86704
4.86704
4.86704
4.86704
4.86704
4.86704
4.86704
4.86704
4.86704
4.86704
4.86704
4.86704
4.86704
4.86704
4.86704
4.86704
4.86704
4.86704
4.86704
4.86704
4.86704
4.86704
4.86704
4.86704
4.86704
4.86704
4.86704
4.86704
4.86704
4.86704
4.86704
4.86704
4.86704
4.86704
4.86704
4.86704
4.86704
4.86704
4.86704
4.86704
4.86704
4.86704
4.86704
4.86704
4.86704
4.86704
4.86704
4.86704
4.86704
4.86704
4.86704
4.86704
4.86704
4.86704
4.86704
4.86704
4.86704
4.86704
4.86704
4.86704
4.86704
4.86704
4.86704
4.86704
4.86704
4.86704
4.86704
4.86704
1.62234
1.62234
1.62234
1.62234
1.62234
1.62234
1.62234
1.62234
1.62234
1.62234
1.62234
1.62234
1.62234
1.62234
1.62234
1.62234
1.62234
1.62234
1.62234
1.62234
1.62234
1.62234
1.62234
1.62234
1.62234
1.62234
1.62234
1.62234
1.62234
1.62234
1.62234
1.62234
1.62234
1.62234
1.62234
1.62234
1.62234
1.62234
1.62234
1.62234
1.62234
1.62234
1.62234
1.62234
1.62234
1.62234
1.62234
1.62234
1.62234
1.62234
1.62234
1.62234
1.62234
1.62234
1.62234
1.62234
1.62234
1.62234
1.62234
1.62234
1.62234
1.62234
1.62234
1.62234
1.62234
1.62234
1.62234
1.62234
1.62234
1.62234
1.62234
1.62234
1.62234
1.62234
1.62234
1.62234
1.62234
1.62234
1.62234
1.62234
1.62234
1.62234
1.62234
1.62234
1.62234
1.62234
1.62234
1.62234
1.62234
1.62234
1.62234
1.62234
1.62234
1.62234
1.62234
1.62234
1.62234
1.62234
1.62234
1.62234
)
;

boundaryField
{
    fixedWalls
    {
        type            zeroGradient;
    }
    inlet
    {
        type            fixedGradient;
        gradient        uniform 0;
    }
    outlet
    {
        type            fixedValue;
        value           uniform 0;
    }
}


// ************************************************************************* //
