/*--------------------------------*- C++ -*----------------------------------*\
| =========                 |                                                 |
| \\      /  F ield         | OpenFOAM: The Open Source CFD Toolbox           |
|  \\    /   O peration     | Version:  2106                                  |
|   \\  /    A nd           | Website:  www.openfoam.com                      |
|    \\/     M anipulation  |                                                 |
\*---------------------------------------------------------------------------*/
FoamFile
{
    version     2.0;
    format      ascii;
    arch        "LSB;label=32;scalar=64";
    class       volScalarField;
    location    "0.94";
    object      p;
}
// * * * * * * * * * * * * * * * * * * * * * * * * * * * * * * * * * * * * * //

dimensions      [0 2 -2 0 0 0 0];

internalField   nonuniform List<scalar> 
10000
(
98.2986
97.718
97.3534
97.0869
96.9487
96.9487
97.0869
97.3534
97.718
98.2986
89.1844
88.3367
87.7784
87.3837
87.1804
87.1804
87.3837
87.7784
88.3367
89.1844
81.6175
80.6421
80.0055
79.5619
79.3344
79.3344
79.5619
80.0055
80.6421
81.6175
76.3931
75.3909
74.7453
74.3022
74.0751
74.0751
74.3022
74.7453
75.3909
76.3931
72.4727
71.4778
70.8401
70.411
70.1912
70.1912
70.411
70.8401
71.4778
72.4727
69.2974
68.3295
67.7076
67.2994
67.0907
67.0907
67.2994
67.7076
68.3295
69.2974
66.6784
65.7583
65.1618
64.7806
64.5866
64.5866
64.7806
65.1618
65.7583
66.6784
64.5093
63.6604
63.1016
62.753
62.5763
62.5763
62.753
63.1016
63.6604
64.5093
62.7104
61.9489
61.4403
61.1291
60.9715
60.9715
61.1291
61.4403
61.9489
62.7104
61.3019
60.5404
60.0907
59.817
59.6784
59.6784
59.817
60.0907
60.5404
61.3019
62.4023
62.5748
62.7624
62.889
62.9544
62.9544
62.889
62.7624
62.5748
62.4023
62.8249
62.9194
63.0459
63.1271
63.1686
63.1686
63.1271
63.0459
62.9194
62.8249
62.8023
62.7995
62.8522
62.8804
62.8945
62.8945
62.8804
62.8522
62.7995
62.8023
62.393
62.3002
62.2849
62.2665
62.2565
62.2565
62.2665
62.2849
62.3002
62.393
61.7993
61.6326
61.5595
61.5037
61.4743
61.4743
61.5037
61.5595
61.6326
61.7993
61.1301
60.9077
60.7879
60.704
60.6603
60.6603
60.704
60.7879
60.9077
61.1301
60.4403
60.1824
60.0288
59.9267
59.8738
59.8738
59.9267
60.0288
60.1824
60.4403
59.7614
59.4917
59.3197
59.2091
59.1519
59.1519
59.2091
59.3197
59.4917
59.7614
59.129
58.8636
58.685
58.5729
58.5148
58.5148
58.5729
58.685
58.8636
59.129
58.6464
58.299
58.1155
58.0027
57.944
57.944
58.0027
58.1155
58.299
58.6464
57.8062
57.7918
57.7936
57.7902
57.7886
57.7886
57.7902
57.7936
57.7918
57.8062
58.217
58.2005
58.2016
58.1966
58.1939
58.1939
58.1966
58.2016
58.2005
58.217
58.5573
58.5223
58.512
58.4973
58.4894
58.4894
58.4973
58.512
58.5223
58.5573
58.6108
58.5426
58.5104
58.4796
58.4633
58.4633
58.4796
58.5104
58.5426
58.6108
58.4675
58.3642
58.3077
58.261
58.2362
58.2362
58.261
58.3077
58.3642
58.4675
58.2216
58.0879
58.009
57.949
57.9174
57.9174
57.949
58.009
58.0879
58.2216
57.9214
57.7654
57.6685
57.5991
57.5627
57.5627
57.5991
57.6685
57.7654
57.9214
57.5937
57.4275
57.3193
57.2449
57.2061
57.2061
57.2449
57.3193
57.4275
57.5937
57.2714
57.1026
56.987
56.9103
56.8703
56.8703
56.9103
56.987
57.1026
57.2714
57.0294
56.7965
56.6703
56.5899
56.5481
56.5481
56.5899
56.6703
56.7965
57.0294
53.1096
53.1293
53.1543
53.1702
53.1786
53.1786
53.1702
53.1543
53.1293
53.1096
53.3198
53.3434
53.3723
53.3907
53.4004
53.4004
53.3907
53.3723
53.3434
53.3198
53.4985
53.5198
53.5485
53.566
53.5752
53.5752
53.566
53.5485
53.5198
53.4985
53.5848
53.5958
53.6177
53.6298
53.6361
53.6361
53.6298
53.6177
53.5958
53.5848
53.5996
53.5962
53.6078
53.6124
53.6148
53.6148
53.6124
53.6078
53.5962
53.5996
53.5662
53.5481
53.5482
53.5452
53.5434
53.5434
53.5452
53.5482
53.5481
53.5662
53.4983
53.4674
53.4569
53.4472
53.4419
53.4419
53.4472
53.4569
53.4674
53.4983
53.4057
53.3668
53.348
53.3332
53.3252
53.3252
53.3332
53.348
53.3668
53.4057
53.3064
53.2617
53.2347
53.2153
53.2048
53.2048
53.2153
53.2347
53.2617
53.3064
53.2455
53.1569
53.116
53.0892
53.0751
53.0751
53.0892
53.116
53.1569
53.2455
49.9061
49.9062
49.9082
49.9083
49.9084
49.9084
49.9083
49.9082
49.9062
49.9061
50.0047
50.0084
50.0137
50.0159
50.0171
50.0171
50.0159
50.0136
50.0084
50.0047
50.1054
50.1106
50.1175
50.1206
50.1222
50.1222
50.1206
50.1175
50.1106
50.1054
50.174
50.1771
50.183
50.185
50.1859
50.1859
50.185
50.183
50.1771
50.174
50.2125
50.2113
50.2144
50.214
50.2137
50.2137
50.214
50.2144
50.2113
50.2125
50.2277
50.2212
50.2205
50.2175
50.2157
50.2157
50.2175
50.2205
50.2212
50.2277
50.2246
50.2129
50.2082
50.2026
50.1995
50.1995
50.2026
50.2082
50.2129
50.2246
50.2073
50.192
50.1839
50.1762
50.1719
50.1719
50.1762
50.1839
50.192
50.2073
50.1853
50.1666
50.1542
50.1441
50.1386
50.1386
50.1441
50.1542
50.1666
50.1853
50.1802
50.1384
50.1178
50.1035
50.096
50.096
50.1035
50.1178
50.1384
50.1802
46.6055
46.6086
46.6123
46.6145
46.6156
46.6156
46.6145
46.6123
46.6086
46.6055
46.6467
46.6515
46.6569
46.6601
46.6619
46.6619
46.6601
46.6569
46.6515
46.6467
46.6887
46.6947
46.7012
46.7053
46.7074
46.7074
46.7053
46.7012
46.6947
46.6887
46.7204
46.7262
46.733
46.737
46.7391
46.7391
46.737
46.733
46.7262
46.7204
46.742
46.7466
46.7526
46.756
46.7577
46.7577
46.756
46.7526
46.7466
46.742
46.7548
46.7575
46.7622
46.7645
46.7657
46.7657
46.7645
46.7622
46.7575
46.7547
46.7598
46.7605
46.7636
46.7648
46.7653
46.7653
46.7648
46.7636
46.7605
46.7598
46.7582
46.7573
46.7589
46.759
46.7589
46.7589
46.759
46.7589
46.7573
46.7582
46.7542
46.7515
46.7507
46.7493
46.7484
46.7484
46.7493
46.7507
46.7515
46.7542
46.7585
46.744
46.7382
46.734
46.7318
46.7318
46.734
46.7382
46.744
46.7585
43.4304
43.4308
43.4314
43.4316
43.4316
43.4316
43.4316
43.4314
43.4308
43.4304
43.4478
43.4491
43.4504
43.4511
43.4515
43.4515
43.4511
43.4504
43.4491
43.4477
43.4675
43.4696
43.4717
43.4728
43.4734
43.4734
43.4728
43.4717
43.4696
43.4675
43.4846
43.487
43.4895
43.4908
43.4914
43.4914
43.4908
43.4895
43.487
43.4846
43.4985
43.5008
43.5033
43.5045
43.5051
43.5051
43.5045
43.5033
43.5008
43.4985
43.5093
43.5113
43.5135
43.5145
43.515
43.515
43.5145
43.5135
43.5113
43.5093
43.5172
43.5187
43.5205
43.5212
43.5215
43.5215
43.5212
43.5205
43.5187
43.5172
43.5226
43.5236
43.525
43.5253
43.5254
43.5254
43.5253
43.525
43.5236
43.5226
43.5272
43.5275
43.5279
43.5276
43.5273
43.5273
43.5276
43.5279
43.5275
43.5272
43.5353
43.5304
43.5284
43.5269
43.526
43.526
43.5269
43.5284
43.5304
43.5353
40.2194
40.22
40.2207
40.221
40.2212
40.2212
40.221
40.2207
40.22
40.2194
40.2261
40.2271
40.2281
40.2287
40.229
40.229
40.2287
40.2281
40.2271
40.2261
40.2337
40.2351
40.2364
40.2372
40.2376
40.2376
40.2372
40.2364
40.2351
40.2337
40.2407
40.2423
40.2438
40.2448
40.2453
40.2453
40.2448
40.2438
40.2423
40.2407
40.2468
40.2485
40.2502
40.2512
40.2517
40.2517
40.2512
40.2502
40.2485
40.2468
40.252
40.2536
40.2553
40.2562
40.2567
40.2567
40.2562
40.2553
40.2536
40.252
40.2561
40.2575
40.2591
40.26
40.2604
40.2604
40.26
40.2591
40.2575
40.2561
40.2591
40.2604
40.2619
40.2626
40.2629
40.2629
40.2626
40.2619
40.2604
40.2591
40.2618
40.2628
40.2638
40.2642
40.2644
40.2644
40.2642
40.2638
40.2628
40.2618
40.2661
40.2648
40.2646
40.2644
40.2642
40.2642
40.2644
40.2646
40.2648
40.2661
37.0155
37.0157
37.0158
37.0158
37.0159
37.0159
37.0158
37.0158
37.0157
37.0155
37.0181
37.0184
37.0186
37.0188
37.0188
37.0188
37.0188
37.0186
37.0184
37.0181
37.0213
37.0218
37.0222
37.0224
37.0226
37.0226
37.0224
37.0222
37.0218
37.0213
37.0246
37.0252
37.0258
37.0261
37.0263
37.0263
37.0261
37.0258
37.0252
37.0246
37.0277
37.0285
37.0292
37.0296
37.0298
37.0298
37.0296
37.0292
37.0285
37.0277
37.0307
37.0316
37.0323
37.0327
37.033
37.033
37.0327
37.0323
37.0316
37.0307
37.0335
37.0344
37.0351
37.0355
37.0358
37.0358
37.0355
37.0351
37.0344
37.0335
37.0359
37.0368
37.0376
37.038
37.0382
37.0382
37.038
37.0376
37.0368
37.0359
37.0383
37.0391
37.0398
37.0401
37.0402
37.0402
37.0401
37.0398
37.0391
37.0383
37.0414
37.0413
37.0415
37.0415
37.0415
37.0415
37.0415
37.0415
37.0413
37.0414
33.801
33.8011
33.8012
33.8013
33.8013
33.8013
33.8013
33.8012
33.8011
33.801
33.8019
33.802
33.8022
33.8023
33.8023
33.8023
33.8023
33.8022
33.802
33.8019
33.8029
33.8032
33.8034
33.8036
33.8036
33.8036
33.8036
33.8034
33.8032
33.8029
33.8041
33.8045
33.8048
33.805
33.8051
33.8051
33.805
33.8048
33.8045
33.8041
33.8054
33.8058
33.8062
33.8064
33.8065
33.8065
33.8064
33.8062
33.8058
33.8054
33.8067
33.8071
33.8075
33.8078
33.8079
33.8079
33.8078
33.8075
33.8071
33.8067
33.8079
33.8084
33.8088
33.8091
33.8092
33.8092
33.8091
33.8088
33.8084
33.8079
33.809
33.8095
33.8099
33.8102
33.8103
33.8103
33.8102
33.8099
33.8095
33.809
33.8101
33.8106
33.811
33.8112
33.8113
33.8113
33.8112
33.811
33.8106
33.8101
33.8114
33.8116
33.8118
33.8119
33.8119
33.8119
33.8119
33.8118
33.8116
33.8114
30.5854
30.5854
30.5854
30.5854
30.5854
30.5854
30.5854
30.5854
30.5854
30.5854
30.5856
30.5857
30.5857
30.5857
30.5857
30.5857
30.5857
30.5857
30.5857
30.5856
30.586
30.5861
30.5861
30.5862
30.5862
30.5862
30.5862
30.5861
30.5861
30.586
30.5865
30.5866
30.5867
30.5868
30.5868
30.5868
30.5868
30.5867
30.5866
30.5865
30.5871
30.5873
30.5874
30.5875
30.5875
30.5875
30.5875
30.5874
30.5873
30.5871
30.5877
30.5879
30.5881
30.5882
30.5883
30.5883
30.5882
30.5881
30.5879
30.5877
30.5884
30.5886
30.5888
30.5889
30.589
30.589
30.5889
30.5888
30.5886
30.5884
30.589
30.5893
30.5895
30.5896
30.5897
30.5897
30.5896
30.5895
30.5893
30.589
30.5897
30.59
30.5902
30.5903
30.5903
30.5903
30.5903
30.5902
30.59
30.5897
30.5905
30.5906
30.5908
30.5908
30.5909
30.5909
30.5908
30.5908
30.5906
30.5905
27.367
27.367
27.367
27.3671
27.3671
27.3671
27.3671
27.367
27.367
27.367
27.367
27.3671
27.3671
27.3671
27.3671
27.3671
27.3671
27.3671
27.3671
27.367
27.3671
27.3672
27.3672
27.3672
27.3672
27.3672
27.3672
27.3672
27.3672
27.3671
27.3673
27.3673
27.3674
27.3674
27.3674
27.3674
27.3674
27.3674
27.3673
27.3673
27.3675
27.3676
27.3676
27.3677
27.3677
27.3677
27.3677
27.3676
27.3676
27.3675
27.3677
27.3678
27.3679
27.368
27.368
27.368
27.368
27.3679
27.3678
27.3677
27.368
27.3681
27.3682
27.3683
27.3683
27.3683
27.3683
27.3682
27.3681
27.368
27.3683
27.3684
27.3685
27.3686
27.3686
27.3686
27.3686
27.3685
27.3684
27.3683
27.3685
27.3687
27.3688
27.3688
27.3689
27.3689
27.3688
27.3688
27.3687
27.3685
27.3688
27.369
27.369
27.3691
27.3691
27.3691
27.3691
27.369
27.369
27.3688
24.1481
24.1481
24.1481
24.1481
24.1481
24.1481
24.1481
24.1481
24.1481
24.1481
24.1481
24.1481
24.1481
24.1481
24.1481
24.1481
24.1481
24.1481
24.1481
24.1481
24.1481
24.1481
24.1481
24.1481
24.1481
24.1481
24.1481
24.1481
24.1481
24.1481
24.1481
24.1482
24.1482
24.1482
24.1482
24.1482
24.1482
24.1482
24.1482
24.1481
24.1482
24.1483
24.1483
24.1483
24.1483
24.1483
24.1483
24.1483
24.1483
24.1482
24.1483
24.1484
24.1484
24.1484
24.1484
24.1484
24.1484
24.1484
24.1484
24.1483
24.1485
24.1485
24.1485
24.1486
24.1486
24.1486
24.1486
24.1485
24.1485
24.1485
24.1486
24.1487
24.1487
24.1487
24.1487
24.1487
24.1487
24.1487
24.1487
24.1486
24.1487
24.1488
24.1489
24.1489
24.1489
24.1489
24.1489
24.1489
24.1488
24.1487
24.1489
24.149
24.149
24.149
24.149
24.149
24.149
24.149
24.149
24.1489
20.9286
20.9286
20.9286
20.9286
20.9286
20.9286
20.9286
20.9286
20.9286
20.9286
20.9286
20.9286
20.9286
20.9286
20.9286
20.9286
20.9286
20.9286
20.9286
20.9286
20.9285
20.9285
20.9285
20.9285
20.9285
20.9285
20.9285
20.9285
20.9285
20.9285
20.9285
20.9286
20.9286
20.9286
20.9286
20.9286
20.9286
20.9286
20.9286
20.9285
20.9286
20.9286
20.9286
20.9286
20.9286
20.9286
20.9286
20.9286
20.9286
20.9286
20.9286
20.9286
20.9286
20.9286
20.9286
20.9286
20.9286
20.9286
20.9286
20.9286
20.9286
20.9287
20.9287
20.9287
20.9287
20.9287
20.9287
20.9287
20.9287
20.9286
20.9287
20.9287
20.9287
20.9288
20.9288
20.9288
20.9288
20.9287
20.9287
20.9287
20.9288
20.9288
20.9288
20.9288
20.9288
20.9288
20.9288
20.9288
20.9288
20.9288
20.9288
20.9288
20.9289
20.9289
20.9289
20.9289
20.9289
20.9289
20.9288
20.9288
17.7089
17.7089
17.7089
17.7089
17.7089
17.7089
17.7089
17.7089
17.7089
17.7089
17.7089
17.7089
17.7089
17.7089
17.7089
17.7089
17.7089
17.7089
17.7089
17.7089
17.7089
17.7089
17.7089
17.7089
17.7089
17.7089
17.7089
17.7089
17.7089
17.7089
17.7089
17.7089
17.7089
17.7089
17.7089
17.7089
17.7089
17.7089
17.7089
17.7089
17.7089
17.7089
17.7089
17.7089
17.7089
17.7089
17.7089
17.7089
17.7089
17.7089
17.7089
17.7089
17.7089
17.7089
17.7089
17.7089
17.7089
17.7089
17.7089
17.7089
17.7089
17.7089
17.7089
17.7089
17.7089
17.7089
17.7089
17.7089
17.7089
17.7089
17.7089
17.709
17.709
17.709
17.709
17.709
17.709
17.709
17.709
17.7089
17.709
17.709
17.709
17.709
17.709
17.709
17.709
17.709
17.709
17.709
17.709
17.709
17.709
17.709
17.709
17.709
17.709
17.709
17.709
17.709
14.4891
14.4891
14.4891
14.4891
14.4891
14.4891
14.4891
14.4891
14.4891
14.4891
14.4891
14.4891
14.4891
14.4891
14.4891
14.4891
14.4891
14.4891
14.4891
14.4891
14.4891
14.4891
14.4891
14.4891
14.4891
14.4891
14.4891
14.4891
14.4891
14.4891
14.4891
14.4891
14.4891
14.4891
14.4891
14.4891
14.4891
14.4891
14.4891
14.4891
14.4891
14.4891
14.4891
14.4891
14.4891
14.4891
14.4891
14.4891
14.4891
14.4891
14.4891
14.4891
14.4891
14.4891
14.4891
14.4891
14.4891
14.4891
14.4891
14.4891
14.4891
14.4891
14.4891
14.4891
14.4891
14.4891
14.4891
14.4891
14.4891
14.4891
14.4891
14.4891
14.4891
14.4891
14.4891
14.4891
14.4891
14.4891
14.4891
14.4891
14.4891
14.4892
14.4892
14.4892
14.4892
14.4892
14.4892
14.4892
14.4892
14.4891
14.4892
14.4892
14.4892
14.4892
14.4892
14.4892
14.4892
14.4892
14.4892
14.4892
11.2693
11.2693
11.2693
11.2693
11.2693
11.2693
11.2693
11.2693
11.2693
11.2693
11.2693
11.2693
11.2693
11.2693
11.2693
11.2693
11.2693
11.2693
11.2693
11.2693
11.2693
11.2693
11.2693
11.2693
11.2693
11.2693
11.2693
11.2693
11.2693
11.2693
11.2693
11.2693
11.2693
11.2693
11.2693
11.2693
11.2693
11.2693
11.2693
11.2693
11.2693
11.2693
11.2693
11.2693
11.2693
11.2693
11.2693
11.2693
11.2693
11.2693
11.2693
11.2693
11.2693
11.2693
11.2693
11.2693
11.2693
11.2693
11.2693
11.2693
11.2693
11.2693
11.2693
11.2693
11.2693
11.2693
11.2693
11.2693
11.2693
11.2693
11.2693
11.2693
11.2693
11.2693
11.2693
11.2693
11.2693
11.2693
11.2693
11.2693
11.2693
11.2693
11.2693
11.2693
11.2694
11.2694
11.2693
11.2693
11.2693
11.2693
11.2693
11.2694
11.2694
11.2694
11.2694
11.2694
11.2694
11.2694
11.2694
11.2693
8.04954
8.04954
8.04954
8.04954
8.04954
8.04954
8.04954
8.04954
8.04954
8.04954
8.04953
8.04953
8.04953
8.04953
8.04953
8.04953
8.04953
8.04953
8.04953
8.04954
8.04953
8.04953
8.04953
8.04953
8.04953
8.04953
8.04953
8.04953
8.04953
8.04953
8.04953
8.04953
8.04953
8.04953
8.04953
8.04953
8.04953
8.04953
8.04953
8.04953
8.04953
8.04953
8.04953
8.04953
8.04953
8.04953
8.04953
8.04953
8.04953
8.04953
8.04953
8.04953
8.04953
8.04953
8.04953
8.04953
8.04953
8.04953
8.04953
8.04953
8.04953
8.04953
8.04953
8.04953
8.04953
8.04953
8.04953
8.04953
8.04953
8.04953
8.04953
8.04953
8.04953
8.04953
8.04953
8.04953
8.04953
8.04953
8.04953
8.04953
8.04953
8.04953
8.04953
8.04953
8.04953
8.04953
8.04953
8.04953
8.04953
8.04953
8.04953
8.04953
8.04953
8.04953
8.04953
8.04953
8.04953
8.04953
8.04953
8.04953
4.82972
4.82972
4.82972
4.82972
4.82972
4.82972
4.82972
4.82972
4.82972
4.82972
4.82972
4.82972
4.82972
4.82972
4.82972
4.82972
4.82972
4.82972
4.82972
4.82972
4.82972
4.82972
4.82972
4.82972
4.82972
4.82972
4.82972
4.82972
4.82972
4.82972
4.82972
4.82972
4.82972
4.82972
4.82972
4.82972
4.82972
4.82972
4.82972
4.82972
4.82972
4.82972
4.82972
4.82972
4.82972
4.82972
4.82972
4.82972
4.82972
4.82972
4.82972
4.82972
4.82972
4.82972
4.82972
4.82972
4.82972
4.82972
4.82972
4.82972
4.82972
4.82972
4.82972
4.82972
4.82972
4.82972
4.82972
4.82972
4.82972
4.82972
4.82972
4.82972
4.82972
4.82972
4.82972
4.82972
4.82972
4.82972
4.82972
4.82972
4.82972
4.82972
4.82972
4.82972
4.82972
4.82972
4.82972
4.82972
4.82972
4.82972
4.82972
4.82972
4.82972
4.82972
4.82972
4.82972
4.82972
4.82972
4.82972
4.82972
1.60991
1.60991
1.60991
1.60991
1.60991
1.60991
1.60991
1.60991
1.60991
1.60991
1.60991
1.60991
1.60991
1.60991
1.60991
1.60991
1.60991
1.60991
1.60991
1.60991
1.60991
1.60991
1.60991
1.60991
1.60991
1.60991
1.60991
1.60991
1.60991
1.60991
1.60991
1.60991
1.60991
1.60991
1.60991
1.60991
1.60991
1.60991
1.60991
1.60991
1.60991
1.60991
1.60991
1.60991
1.60991
1.60991
1.60991
1.60991
1.60991
1.60991
1.60991
1.60991
1.60991
1.60991
1.60991
1.60991
1.60991
1.60991
1.60991
1.60991
1.6099
1.6099
1.6099
1.6099
1.6099
1.6099
1.6099
1.6099
1.6099
1.60991
1.6099
1.6099
1.6099
1.6099
1.6099
1.6099
1.6099
1.6099
1.6099
1.6099
1.6099
1.6099
1.6099
1.6099
1.6099
1.6099
1.6099
1.6099
1.6099
1.6099
1.6099
1.6099
1.6099
1.6099
1.6099
1.6099
1.6099
1.6099
1.6099
1.6099
98.2986
97.718
97.3534
97.0869
96.9487
96.9487
97.0869
97.3534
97.718
98.2986
89.1844
88.3367
87.7784
87.3837
87.1804
87.1804
87.3837
87.7784
88.3367
89.1844
81.6175
80.6421
80.0055
79.5619
79.3344
79.3344
79.5619
80.0055
80.6421
81.6175
76.3931
75.3909
74.7453
74.3022
74.0751
74.0751
74.3022
74.7453
75.3909
76.3931
72.4727
71.4778
70.8401
70.411
70.1912
70.1912
70.411
70.8401
71.4778
72.4727
69.2974
68.3295
67.7076
67.2994
67.0907
67.0907
67.2994
67.7076
68.3295
69.2974
66.6784
65.7583
65.1618
64.7806
64.5866
64.5866
64.7806
65.1618
65.7583
66.6784
64.5093
63.6604
63.1016
62.753
62.5763
62.5763
62.753
63.1016
63.6604
64.5093
62.7104
61.9489
61.4403
61.1291
60.9715
60.9715
61.1291
61.4403
61.9489
62.7104
61.3019
60.5404
60.0907
59.817
59.6784
59.6784
59.817
60.0907
60.5404
61.3019
62.4023
62.5748
62.7624
62.889
62.9544
62.9544
62.889
62.7624
62.5748
62.4023
62.8249
62.9194
63.0459
63.1271
63.1686
63.1686
63.1271
63.0459
62.9194
62.8249
62.8023
62.7995
62.8522
62.8804
62.8945
62.8945
62.8804
62.8522
62.7995
62.8023
62.393
62.3002
62.2849
62.2665
62.2565
62.2565
62.2665
62.2849
62.3002
62.393
61.7993
61.6326
61.5595
61.5037
61.4743
61.4743
61.5037
61.5595
61.6326
61.7993
61.1301
60.9077
60.7879
60.704
60.6603
60.6603
60.704
60.7879
60.9077
61.1301
60.4403
60.1824
60.0288
59.9267
59.8738
59.8738
59.9267
60.0288
60.1824
60.4403
59.7614
59.4917
59.3197
59.2091
59.1519
59.1519
59.2091
59.3197
59.4917
59.7614
59.129
58.8636
58.685
58.5729
58.5148
58.5148
58.5729
58.685
58.8636
59.129
58.6464
58.299
58.1155
58.0027
57.944
57.944
58.0027
58.1155
58.299
58.6464
57.8062
57.7918
57.7936
57.7902
57.7886
57.7886
57.7902
57.7936
57.7918
57.8062
58.217
58.2005
58.2016
58.1966
58.1939
58.1939
58.1966
58.2016
58.2005
58.217
58.5573
58.5223
58.512
58.4973
58.4894
58.4894
58.4973
58.512
58.5223
58.5573
58.6108
58.5426
58.5104
58.4796
58.4633
58.4633
58.4796
58.5104
58.5426
58.6108
58.4675
58.3642
58.3077
58.261
58.2362
58.2362
58.261
58.3077
58.3642
58.4675
58.2216
58.0879
58.009
57.949
57.9174
57.9174
57.949
58.009
58.0879
58.2216
57.9214
57.7654
57.6685
57.5991
57.5627
57.5627
57.5991
57.6685
57.7654
57.9214
57.5937
57.4275
57.3193
57.2449
57.2061
57.2061
57.2449
57.3193
57.4275
57.5937
57.2714
57.1026
56.987
56.9103
56.8703
56.8703
56.9103
56.987
57.1026
57.2714
57.0294
56.7965
56.6703
56.5899
56.5481
56.5481
56.5899
56.6703
56.7965
57.0294
53.1096
53.1293
53.1543
53.1702
53.1786
53.1786
53.1702
53.1543
53.1293
53.1096
53.3198
53.3434
53.3723
53.3907
53.4004
53.4004
53.3907
53.3723
53.3434
53.3198
53.4985
53.5198
53.5485
53.566
53.5752
53.5752
53.566
53.5485
53.5198
53.4985
53.5848
53.5958
53.6177
53.6298
53.6361
53.6361
53.6298
53.6177
53.5958
53.5848
53.5996
53.5962
53.6078
53.6124
53.6148
53.6148
53.6124
53.6078
53.5962
53.5996
53.5662
53.5481
53.5482
53.5452
53.5434
53.5434
53.5452
53.5482
53.5481
53.5662
53.4983
53.4674
53.4569
53.4472
53.4419
53.4419
53.4472
53.4569
53.4674
53.4983
53.4057
53.3668
53.348
53.3332
53.3252
53.3252
53.3332
53.348
53.3668
53.4057
53.3064
53.2617
53.2347
53.2153
53.2048
53.2048
53.2153
53.2347
53.2617
53.3064
53.2455
53.1569
53.116
53.0892
53.0751
53.0751
53.0892
53.116
53.1569
53.2455
49.9061
49.9062
49.9082
49.9083
49.9084
49.9084
49.9083
49.9082
49.9062
49.9061
50.0047
50.0084
50.0136
50.0159
50.0171
50.0171
50.0159
50.0136
50.0084
50.0047
50.1054
50.1106
50.1175
50.1206
50.1222
50.1222
50.1206
50.1175
50.1106
50.1054
50.174
50.1771
50.183
50.185
50.1859
50.1859
50.185
50.183
50.1771
50.174
50.2125
50.2113
50.2144
50.214
50.2137
50.2137
50.214
50.2144
50.2113
50.2125
50.2277
50.2212
50.2205
50.2175
50.2157
50.2157
50.2175
50.2205
50.2212
50.2277
50.2246
50.2129
50.2082
50.2026
50.1995
50.1995
50.2026
50.2082
50.2129
50.2246
50.2073
50.192
50.1839
50.1762
50.1719
50.1719
50.1762
50.1839
50.192
50.2073
50.1853
50.1666
50.1542
50.1441
50.1386
50.1386
50.1441
50.1542
50.1666
50.1853
50.1802
50.1384
50.1178
50.1035
50.096
50.096
50.1035
50.1178
50.1384
50.1802
46.6055
46.6086
46.6123
46.6145
46.6156
46.6156
46.6145
46.6123
46.6086
46.6055
46.6467
46.6515
46.6569
46.6601
46.6619
46.6619
46.6601
46.6569
46.6515
46.6467
46.6887
46.6947
46.7012
46.7053
46.7074
46.7074
46.7053
46.7012
46.6947
46.6887
46.7204
46.7262
46.733
46.737
46.7391
46.7391
46.737
46.733
46.7262
46.7204
46.742
46.7466
46.7526
46.756
46.7577
46.7577
46.756
46.7526
46.7466
46.742
46.7547
46.7575
46.7622
46.7645
46.7657
46.7657
46.7645
46.7622
46.7575
46.7547
46.7598
46.7605
46.7636
46.7648
46.7653
46.7653
46.7648
46.7636
46.7605
46.7598
46.7582
46.7573
46.7589
46.759
46.7589
46.7589
46.759
46.7589
46.7573
46.7582
46.7542
46.7515
46.7507
46.7493
46.7484
46.7484
46.7493
46.7507
46.7515
46.7542
46.7585
46.744
46.7382
46.734
46.7318
46.7318
46.734
46.7382
46.744
46.7585
43.4304
43.4308
43.4314
43.4316
43.4316
43.4316
43.4316
43.4314
43.4308
43.4304
43.4477
43.4491
43.4504
43.4511
43.4515
43.4515
43.4511
43.4504
43.4491
43.4477
43.4675
43.4696
43.4717
43.4728
43.4734
43.4734
43.4728
43.4717
43.4696
43.4675
43.4846
43.487
43.4895
43.4908
43.4914
43.4914
43.4908
43.4895
43.487
43.4846
43.4985
43.5008
43.5033
43.5045
43.5051
43.5051
43.5045
43.5033
43.5008
43.4985
43.5093
43.5113
43.5135
43.5145
43.515
43.515
43.5145
43.5135
43.5113
43.5093
43.5172
43.5187
43.5205
43.5212
43.5215
43.5215
43.5212
43.5205
43.5187
43.5172
43.5226
43.5236
43.525
43.5253
43.5254
43.5254
43.5253
43.525
43.5236
43.5226
43.5272
43.5275
43.5279
43.5276
43.5273
43.5273
43.5276
43.5279
43.5275
43.5272
43.5353
43.5304
43.5284
43.5269
43.526
43.526
43.5269
43.5284
43.5304
43.5353
40.2194
40.22
40.2207
40.221
40.2212
40.2212
40.221
40.2207
40.22
40.2194
40.2261
40.2271
40.2281
40.2287
40.229
40.229
40.2287
40.2281
40.2271
40.2261
40.2337
40.2351
40.2364
40.2372
40.2376
40.2376
40.2372
40.2364
40.2351
40.2337
40.2407
40.2423
40.2438
40.2448
40.2453
40.2453
40.2448
40.2438
40.2423
40.2407
40.2468
40.2485
40.2502
40.2512
40.2517
40.2517
40.2512
40.2502
40.2485
40.2468
40.252
40.2536
40.2553
40.2562
40.2567
40.2567
40.2562
40.2553
40.2536
40.252
40.2561
40.2575
40.2591
40.26
40.2604
40.2604
40.26
40.2591
40.2575
40.2561
40.2591
40.2604
40.2619
40.2626
40.2629
40.2629
40.2626
40.2619
40.2604
40.2591
40.2618
40.2628
40.2638
40.2642
40.2644
40.2644
40.2642
40.2638
40.2628
40.2618
40.2661
40.2648
40.2646
40.2644
40.2642
40.2642
40.2644
40.2646
40.2648
40.2661
37.0155
37.0157
37.0158
37.0158
37.0159
37.0159
37.0158
37.0158
37.0157
37.0155
37.0181
37.0184
37.0186
37.0188
37.0188
37.0188
37.0188
37.0186
37.0184
37.0181
37.0213
37.0218
37.0222
37.0224
37.0226
37.0226
37.0224
37.0222
37.0218
37.0213
37.0246
37.0252
37.0258
37.0261
37.0263
37.0263
37.0261
37.0258
37.0252
37.0246
37.0277
37.0285
37.0292
37.0296
37.0298
37.0298
37.0296
37.0292
37.0285
37.0277
37.0307
37.0316
37.0323
37.0327
37.033
37.033
37.0327
37.0323
37.0316
37.0307
37.0335
37.0344
37.0351
37.0355
37.0358
37.0358
37.0355
37.0351
37.0344
37.0335
37.0359
37.0368
37.0376
37.038
37.0382
37.0382
37.038
37.0376
37.0368
37.0359
37.0383
37.0391
37.0398
37.0401
37.0402
37.0402
37.0401
37.0398
37.0391
37.0383
37.0414
37.0413
37.0415
37.0415
37.0415
37.0415
37.0415
37.0415
37.0413
37.0414
33.801
33.8011
33.8012
33.8013
33.8013
33.8013
33.8013
33.8012
33.8011
33.801
33.8019
33.802
33.8022
33.8023
33.8023
33.8023
33.8023
33.8022
33.802
33.8019
33.8029
33.8032
33.8034
33.8036
33.8036
33.8036
33.8036
33.8034
33.8032
33.8029
33.8041
33.8045
33.8048
33.805
33.8051
33.8051
33.805
33.8048
33.8045
33.8041
33.8054
33.8058
33.8062
33.8064
33.8065
33.8065
33.8064
33.8062
33.8058
33.8054
33.8067
33.8071
33.8075
33.8078
33.8079
33.8079
33.8078
33.8075
33.8071
33.8067
33.8079
33.8084
33.8088
33.8091
33.8092
33.8092
33.8091
33.8088
33.8084
33.8079
33.809
33.8095
33.8099
33.8102
33.8103
33.8103
33.8102
33.8099
33.8095
33.809
33.8101
33.8106
33.811
33.8112
33.8113
33.8113
33.8112
33.811
33.8106
33.8101
33.8114
33.8116
33.8118
33.8119
33.8119
33.8119
33.8119
33.8118
33.8116
33.8114
30.5854
30.5854
30.5854
30.5854
30.5854
30.5854
30.5854
30.5854
30.5854
30.5854
30.5856
30.5857
30.5857
30.5857
30.5857
30.5857
30.5857
30.5857
30.5857
30.5856
30.586
30.5861
30.5861
30.5862
30.5862
30.5862
30.5862
30.5861
30.5861
30.586
30.5865
30.5866
30.5867
30.5868
30.5868
30.5868
30.5868
30.5867
30.5866
30.5865
30.5871
30.5873
30.5874
30.5875
30.5875
30.5875
30.5875
30.5874
30.5873
30.5871
30.5877
30.5879
30.5881
30.5882
30.5883
30.5883
30.5882
30.5881
30.5879
30.5877
30.5884
30.5886
30.5888
30.5889
30.589
30.589
30.5889
30.5888
30.5886
30.5884
30.589
30.5893
30.5895
30.5896
30.5897
30.5897
30.5896
30.5895
30.5893
30.589
30.5897
30.59
30.5902
30.5903
30.5903
30.5903
30.5903
30.5902
30.59
30.5897
30.5905
30.5906
30.5908
30.5908
30.5909
30.5909
30.5908
30.5908
30.5906
30.5905
27.367
27.367
27.367
27.3671
27.3671
27.3671
27.3671
27.367
27.367
27.367
27.367
27.3671
27.3671
27.3671
27.3671
27.3671
27.3671
27.3671
27.3671
27.367
27.3671
27.3672
27.3672
27.3672
27.3672
27.3672
27.3672
27.3672
27.3672
27.3671
27.3673
27.3673
27.3674
27.3674
27.3674
27.3674
27.3674
27.3674
27.3673
27.3673
27.3675
27.3676
27.3676
27.3677
27.3677
27.3677
27.3677
27.3676
27.3676
27.3675
27.3677
27.3678
27.3679
27.368
27.368
27.368
27.368
27.3679
27.3678
27.3677
27.368
27.3681
27.3682
27.3683
27.3683
27.3683
27.3683
27.3682
27.3681
27.368
27.3683
27.3684
27.3685
27.3686
27.3686
27.3686
27.3686
27.3685
27.3684
27.3683
27.3685
27.3687
27.3688
27.3688
27.3689
27.3689
27.3688
27.3688
27.3687
27.3685
27.3688
27.369
27.369
27.3691
27.3691
27.3691
27.3691
27.369
27.369
27.3688
24.1481
24.1481
24.1481
24.1481
24.1481
24.1481
24.1481
24.1481
24.1481
24.1481
24.1481
24.1481
24.1481
24.1481
24.1481
24.1481
24.1481
24.1481
24.1481
24.1481
24.1481
24.1481
24.1481
24.1481
24.1481
24.1481
24.1481
24.1481
24.1481
24.1481
24.1481
24.1482
24.1482
24.1482
24.1482
24.1482
24.1482
24.1482
24.1482
24.1481
24.1482
24.1483
24.1483
24.1483
24.1483
24.1483
24.1483
24.1483
24.1483
24.1482
24.1483
24.1484
24.1484
24.1484
24.1484
24.1484
24.1484
24.1484
24.1484
24.1483
24.1485
24.1485
24.1485
24.1486
24.1486
24.1486
24.1486
24.1485
24.1485
24.1485
24.1486
24.1487
24.1487
24.1487
24.1487
24.1487
24.1487
24.1487
24.1487
24.1486
24.1487
24.1488
24.1489
24.1489
24.1489
24.1489
24.1489
24.1489
24.1488
24.1487
24.1489
24.149
24.149
24.149
24.149
24.149
24.149
24.149
24.149
24.1489
20.9286
20.9286
20.9286
20.9286
20.9286
20.9286
20.9286
20.9286
20.9286
20.9286
20.9286
20.9286
20.9286
20.9286
20.9286
20.9286
20.9286
20.9286
20.9286
20.9286
20.9285
20.9285
20.9285
20.9285
20.9285
20.9285
20.9285
20.9285
20.9285
20.9285
20.9285
20.9286
20.9286
20.9286
20.9286
20.9286
20.9286
20.9286
20.9286
20.9285
20.9286
20.9286
20.9286
20.9286
20.9286
20.9286
20.9286
20.9286
20.9286
20.9286
20.9286
20.9286
20.9286
20.9286
20.9286
20.9286
20.9286
20.9286
20.9286
20.9286
20.9286
20.9287
20.9287
20.9287
20.9287
20.9287
20.9287
20.9287
20.9287
20.9286
20.9287
20.9287
20.9287
20.9288
20.9288
20.9288
20.9288
20.9287
20.9287
20.9287
20.9288
20.9288
20.9288
20.9288
20.9288
20.9288
20.9288
20.9288
20.9288
20.9288
20.9288
20.9288
20.9289
20.9289
20.9289
20.9289
20.9289
20.9289
20.9288
20.9288
17.7089
17.7089
17.7089
17.7089
17.7089
17.7089
17.7089
17.7089
17.7089
17.7089
17.7089
17.7089
17.7089
17.7089
17.7089
17.7089
17.7089
17.7089
17.7089
17.7089
17.7089
17.7089
17.7089
17.7089
17.7089
17.7089
17.7089
17.7089
17.7089
17.7089
17.7089
17.7089
17.7089
17.7089
17.7089
17.7089
17.7089
17.7089
17.7089
17.7089
17.7089
17.7089
17.7089
17.7089
17.7089
17.7089
17.7089
17.7089
17.7089
17.7089
17.7089
17.7089
17.7089
17.7089
17.7089
17.7089
17.7089
17.7089
17.7089
17.7089
17.7089
17.7089
17.7089
17.7089
17.7089
17.7089
17.7089
17.7089
17.7089
17.7089
17.7089
17.709
17.709
17.709
17.709
17.709
17.709
17.709
17.709
17.7089
17.709
17.709
17.709
17.709
17.709
17.709
17.709
17.709
17.709
17.709
17.709
17.709
17.709
17.709
17.709
17.709
17.709
17.709
17.709
17.709
14.4891
14.4891
14.4891
14.4891
14.4891
14.4891
14.4891
14.4891
14.4891
14.4891
14.4891
14.4891
14.4891
14.4891
14.4891
14.4891
14.4891
14.4891
14.4891
14.4891
14.4891
14.4891
14.4891
14.4891
14.4891
14.4891
14.4891
14.4891
14.4891
14.4891
14.4891
14.4891
14.4891
14.4891
14.4891
14.4891
14.4891
14.4891
14.4891
14.4891
14.4891
14.4891
14.4891
14.4891
14.4891
14.4891
14.4891
14.4891
14.4891
14.4891
14.4891
14.4891
14.4891
14.4891
14.4891
14.4891
14.4891
14.4891
14.4891
14.4891
14.4891
14.4891
14.4891
14.4891
14.4891
14.4891
14.4891
14.4891
14.4891
14.4891
14.4891
14.4891
14.4891
14.4891
14.4891
14.4891
14.4891
14.4891
14.4891
14.4891
14.4891
14.4892
14.4892
14.4892
14.4892
14.4892
14.4892
14.4892
14.4892
14.4891
14.4892
14.4892
14.4892
14.4892
14.4892
14.4892
14.4892
14.4892
14.4892
14.4892
11.2693
11.2693
11.2693
11.2693
11.2693
11.2693
11.2693
11.2693
11.2693
11.2693
11.2693
11.2693
11.2693
11.2693
11.2693
11.2693
11.2693
11.2693
11.2693
11.2693
11.2693
11.2693
11.2693
11.2693
11.2693
11.2693
11.2693
11.2693
11.2693
11.2693
11.2693
11.2693
11.2693
11.2693
11.2693
11.2693
11.2693
11.2693
11.2693
11.2693
11.2693
11.2693
11.2693
11.2693
11.2693
11.2693
11.2693
11.2693
11.2693
11.2693
11.2693
11.2693
11.2693
11.2693
11.2693
11.2693
11.2693
11.2693
11.2693
11.2693
11.2693
11.2693
11.2693
11.2693
11.2693
11.2693
11.2693
11.2693
11.2693
11.2693
11.2693
11.2693
11.2693
11.2693
11.2693
11.2693
11.2693
11.2693
11.2693
11.2693
11.2693
11.2693
11.2693
11.2693
11.2694
11.2694
11.2693
11.2693
11.2693
11.2693
11.2693
11.2694
11.2694
11.2694
11.2694
11.2694
11.2694
11.2694
11.2694
11.2693
8.04954
8.04954
8.04954
8.04954
8.04954
8.04954
8.04954
8.04954
8.04954
8.04954
8.04954
8.04953
8.04953
8.04953
8.04953
8.04953
8.04953
8.04953
8.04953
8.04954
8.04953
8.04953
8.04953
8.04953
8.04953
8.04953
8.04953
8.04953
8.04953
8.04953
8.04953
8.04953
8.04953
8.04953
8.04953
8.04953
8.04953
8.04953
8.04953
8.04953
8.04953
8.04953
8.04953
8.04953
8.04953
8.04953
8.04953
8.04953
8.04953
8.04953
8.04953
8.04953
8.04953
8.04953
8.04953
8.04953
8.04953
8.04953
8.04953
8.04953
8.04953
8.04953
8.04953
8.04953
8.04953
8.04953
8.04953
8.04953
8.04953
8.04953
8.04953
8.04953
8.04953
8.04953
8.04953
8.04953
8.04953
8.04953
8.04953
8.04953
8.04953
8.04953
8.04953
8.04953
8.04953
8.04953
8.04953
8.04953
8.04953
8.04953
8.04953
8.04953
8.04953
8.04953
8.04953
8.04953
8.04953
8.04953
8.04953
8.04953
4.82972
4.82972
4.82972
4.82972
4.82972
4.82972
4.82972
4.82972
4.82972
4.82972
4.82972
4.82972
4.82972
4.82972
4.82972
4.82972
4.82972
4.82972
4.82972
4.82972
4.82972
4.82972
4.82972
4.82972
4.82972
4.82972
4.82972
4.82972
4.82972
4.82972
4.82972
4.82972
4.82972
4.82972
4.82972
4.82972
4.82972
4.82972
4.82972
4.82972
4.82972
4.82972
4.82972
4.82972
4.82972
4.82972
4.82972
4.82972
4.82972
4.82972
4.82972
4.82972
4.82972
4.82972
4.82972
4.82972
4.82972
4.82972
4.82972
4.82972
4.82972
4.82972
4.82972
4.82972
4.82972
4.82972
4.82972
4.82972
4.82972
4.82972
4.82972
4.82972
4.82972
4.82972
4.82972
4.82972
4.82972
4.82972
4.82972
4.82972
4.82972
4.82972
4.82972
4.82972
4.82972
4.82972
4.82972
4.82972
4.82972
4.82972
4.82972
4.82972
4.82972
4.82972
4.82972
4.82972
4.82972
4.82972
4.82972
4.82972
1.60991
1.60991
1.60991
1.60991
1.60991
1.60991
1.60991
1.60991
1.60991
1.60991
1.60991
1.60991
1.60991
1.60991
1.60991
1.60991
1.60991
1.60991
1.60991
1.60991
1.60991
1.60991
1.60991
1.60991
1.60991
1.60991
1.60991
1.60991
1.60991
1.60991
1.60991
1.60991
1.60991
1.60991
1.60991
1.60991
1.60991
1.60991
1.60991
1.60991
1.60991
1.60991
1.60991
1.60991
1.60991
1.60991
1.60991
1.60991
1.60991
1.60991
1.60991
1.60991
1.60991
1.60991
1.60991
1.60991
1.60991
1.60991
1.60991
1.60991
1.60991
1.6099
1.6099
1.6099
1.6099
1.6099
1.6099
1.6099
1.6099
1.60991
1.6099
1.6099
1.6099
1.6099
1.6099
1.6099
1.6099
1.6099
1.6099
1.6099
1.6099
1.6099
1.6099
1.6099
1.6099
1.6099
1.6099
1.6099
1.6099
1.6099
1.6099
1.6099
1.6099
1.6099
1.6099
1.6099
1.6099
1.6099
1.6099
1.6099
98.2986
97.718
97.3534
97.0869
96.9487
96.9487
97.0869
97.3534
97.718
98.2986
89.1844
88.3367
87.7784
87.3837
87.1804
87.1804
87.3837
87.7784
88.3367
89.1844
81.6175
80.6421
80.0055
79.5619
79.3344
79.3344
79.5619
80.0055
80.6421
81.6175
76.3931
75.3909
74.7453
74.3022
74.0751
74.0751
74.3022
74.7453
75.3909
76.3931
72.4727
71.4778
70.8401
70.411
70.1912
70.1912
70.411
70.8401
71.4778
72.4727
69.2974
68.3295
67.7076
67.2994
67.0907
67.0907
67.2994
67.7076
68.3295
69.2974
66.6784
65.7583
65.1618
64.7806
64.5866
64.5866
64.7806
65.1618
65.7583
66.6784
64.5093
63.6604
63.1016
62.753
62.5763
62.5763
62.753
63.1016
63.6604
64.5093
62.7104
61.9489
61.4403
61.1291
60.9715
60.9715
61.1291
61.4403
61.9489
62.7104
61.3019
60.5404
60.0907
59.817
59.6784
59.6784
59.817
60.0907
60.5404
61.3019
62.4023
62.5748
62.7624
62.889
62.9544
62.9544
62.889
62.7624
62.5748
62.4023
62.8249
62.9194
63.0459
63.1271
63.1686
63.1686
63.1271
63.0459
62.9194
62.8249
62.8023
62.7995
62.8522
62.8804
62.8945
62.8945
62.8804
62.8522
62.7995
62.8023
62.393
62.3002
62.2849
62.2665
62.2565
62.2565
62.2665
62.2849
62.3002
62.393
61.7993
61.6326
61.5595
61.5037
61.4743
61.4743
61.5037
61.5595
61.6326
61.7993
61.1301
60.9077
60.7879
60.704
60.6603
60.6603
60.704
60.7879
60.9077
61.1301
60.4403
60.1824
60.0288
59.9267
59.8738
59.8738
59.9267
60.0288
60.1824
60.4403
59.7614
59.4917
59.3197
59.2091
59.1519
59.1519
59.2091
59.3197
59.4917
59.7614
59.129
58.8636
58.685
58.5729
58.5148
58.5148
58.5729
58.685
58.8636
59.129
58.6464
58.299
58.1155
58.0027
57.944
57.944
58.0027
58.1155
58.299
58.6464
57.8062
57.7918
57.7936
57.7902
57.7886
57.7886
57.7902
57.7936
57.7918
57.8062
58.217
58.2005
58.2016
58.1966
58.1939
58.1939
58.1966
58.2016
58.2005
58.217
58.5573
58.5223
58.512
58.4973
58.4894
58.4894
58.4973
58.512
58.5223
58.5573
58.6108
58.5426
58.5104
58.4796
58.4633
58.4633
58.4796
58.5104
58.5426
58.6108
58.4675
58.3642
58.3077
58.261
58.2362
58.2362
58.261
58.3077
58.3642
58.4675
58.2216
58.0879
58.009
57.949
57.9174
57.9174
57.949
58.009
58.0879
58.2216
57.9214
57.7654
57.6685
57.5991
57.5627
57.5627
57.5991
57.6685
57.7654
57.9214
57.5937
57.4275
57.3193
57.2449
57.2061
57.2061
57.2449
57.3193
57.4275
57.5937
57.2714
57.1026
56.987
56.9103
56.8703
56.8703
56.9103
56.987
57.1026
57.2714
57.0294
56.7965
56.6703
56.5899
56.5481
56.5481
56.5899
56.6703
56.7965
57.0294
53.1096
53.1293
53.1543
53.1702
53.1786
53.1786
53.1702
53.1543
53.1293
53.1096
53.3198
53.3434
53.3723
53.3907
53.4004
53.4004
53.3907
53.3723
53.3434
53.3198
53.4985
53.5198
53.5485
53.566
53.5752
53.5752
53.566
53.5485
53.5198
53.4985
53.5848
53.5958
53.6177
53.6298
53.6361
53.6361
53.6298
53.6177
53.5958
53.5848
53.5996
53.5962
53.6078
53.6124
53.6148
53.6148
53.6124
53.6078
53.5962
53.5996
53.5662
53.5481
53.5482
53.5452
53.5434
53.5434
53.5452
53.5482
53.5481
53.5662
53.4983
53.4674
53.4569
53.4472
53.4419
53.4419
53.4472
53.4569
53.4674
53.4983
53.4057
53.3668
53.348
53.3332
53.3252
53.3252
53.3332
53.348
53.3668
53.4057
53.3064
53.2617
53.2347
53.2153
53.2048
53.2048
53.2153
53.2347
53.2617
53.3064
53.2455
53.1569
53.116
53.0892
53.0751
53.0751
53.0892
53.116
53.1569
53.2455
49.9061
49.9062
49.9082
49.9083
49.9084
49.9084
49.9083
49.9082
49.9062
49.9061
50.0047
50.0084
50.0136
50.0159
50.0171
50.0171
50.0159
50.0136
50.0084
50.0047
50.1054
50.1106
50.1175
50.1206
50.1222
50.1222
50.1206
50.1175
50.1106
50.1054
50.174
50.1771
50.183
50.185
50.1859
50.1859
50.185
50.183
50.1771
50.174
50.2125
50.2113
50.2144
50.214
50.2137
50.2137
50.214
50.2144
50.2113
50.2125
50.2277
50.2212
50.2205
50.2175
50.2157
50.2157
50.2175
50.2205
50.2212
50.2277
50.2246
50.2129
50.2082
50.2026
50.1995
50.1995
50.2026
50.2082
50.2129
50.2246
50.2073
50.192
50.1839
50.1762
50.1719
50.1719
50.1762
50.1839
50.192
50.2073
50.1853
50.1666
50.1542
50.1441
50.1386
50.1386
50.1441
50.1542
50.1666
50.1853
50.1802
50.1384
50.1178
50.1035
50.096
50.096
50.1035
50.1178
50.1384
50.1802
46.6055
46.6086
46.6123
46.6145
46.6156
46.6156
46.6145
46.6123
46.6086
46.6055
46.6467
46.6515
46.6569
46.6601
46.6619
46.6619
46.6601
46.6569
46.6515
46.6467
46.6887
46.6947
46.7012
46.7053
46.7074
46.7074
46.7053
46.7012
46.6947
46.6887
46.7204
46.7262
46.733
46.737
46.7391
46.7391
46.737
46.733
46.7262
46.7204
46.742
46.7466
46.7526
46.756
46.7577
46.7577
46.756
46.7526
46.7466
46.742
46.7547
46.7575
46.7622
46.7645
46.7657
46.7657
46.7645
46.7622
46.7575
46.7547
46.7598
46.7605
46.7636
46.7648
46.7653
46.7653
46.7648
46.7636
46.7605
46.7598
46.7582
46.7573
46.7589
46.759
46.7589
46.7589
46.759
46.7589
46.7573
46.7582
46.7542
46.7515
46.7507
46.7493
46.7484
46.7484
46.7493
46.7507
46.7515
46.7542
46.7585
46.744
46.7382
46.734
46.7318
46.7318
46.734
46.7382
46.744
46.7585
43.4304
43.4308
43.4314
43.4316
43.4316
43.4316
43.4316
43.4314
43.4308
43.4304
43.4477
43.4491
43.4504
43.4511
43.4515
43.4515
43.4511
43.4504
43.4491
43.4477
43.4675
43.4696
43.4717
43.4728
43.4734
43.4734
43.4728
43.4717
43.4696
43.4675
43.4846
43.487
43.4895
43.4908
43.4914
43.4914
43.4908
43.4895
43.487
43.4846
43.4985
43.5008
43.5033
43.5045
43.5051
43.5051
43.5045
43.5033
43.5008
43.4985
43.5093
43.5113
43.5135
43.5145
43.515
43.515
43.5145
43.5135
43.5113
43.5093
43.5172
43.5187
43.5205
43.5212
43.5215
43.5215
43.5212
43.5205
43.5187
43.5172
43.5226
43.5236
43.525
43.5253
43.5254
43.5254
43.5253
43.525
43.5236
43.5226
43.5272
43.5275
43.5279
43.5276
43.5273
43.5273
43.5276
43.5279
43.5275
43.5272
43.5353
43.5304
43.5284
43.5269
43.526
43.526
43.5269
43.5284
43.5304
43.5353
40.2194
40.22
40.2207
40.221
40.2212
40.2212
40.221
40.2207
40.22
40.2194
40.2261
40.2271
40.2281
40.2287
40.229
40.229
40.2287
40.2281
40.2271
40.2261
40.2337
40.2351
40.2364
40.2372
40.2376
40.2376
40.2372
40.2364
40.2351
40.2337
40.2407
40.2423
40.2438
40.2448
40.2453
40.2453
40.2448
40.2438
40.2423
40.2407
40.2468
40.2485
40.2502
40.2512
40.2517
40.2517
40.2512
40.2502
40.2485
40.2468
40.252
40.2536
40.2553
40.2562
40.2567
40.2567
40.2562
40.2553
40.2536
40.252
40.2561
40.2575
40.2591
40.26
40.2604
40.2604
40.26
40.2591
40.2575
40.2561
40.2591
40.2604
40.2619
40.2626
40.2629
40.2629
40.2626
40.2619
40.2604
40.2591
40.2618
40.2628
40.2638
40.2642
40.2644
40.2644
40.2642
40.2638
40.2628
40.2618
40.2661
40.2648
40.2646
40.2644
40.2642
40.2642
40.2644
40.2646
40.2648
40.2661
37.0155
37.0157
37.0158
37.0158
37.0159
37.0159
37.0158
37.0158
37.0157
37.0155
37.0181
37.0184
37.0186
37.0188
37.0188
37.0188
37.0188
37.0186
37.0184
37.0181
37.0213
37.0218
37.0222
37.0224
37.0226
37.0226
37.0224
37.0222
37.0218
37.0213
37.0246
37.0252
37.0258
37.0261
37.0263
37.0263
37.0261
37.0258
37.0252
37.0246
37.0277
37.0285
37.0292
37.0296
37.0298
37.0298
37.0296
37.0292
37.0285
37.0277
37.0307
37.0316
37.0323
37.0327
37.033
37.033
37.0327
37.0323
37.0316
37.0307
37.0335
37.0344
37.0351
37.0355
37.0358
37.0358
37.0355
37.0351
37.0344
37.0335
37.0359
37.0368
37.0376
37.038
37.0382
37.0382
37.038
37.0376
37.0368
37.0359
37.0383
37.0391
37.0398
37.0401
37.0402
37.0402
37.0401
37.0398
37.0391
37.0383
37.0414
37.0413
37.0415
37.0415
37.0415
37.0415
37.0415
37.0415
37.0413
37.0414
33.801
33.8011
33.8012
33.8013
33.8013
33.8013
33.8013
33.8012
33.8011
33.801
33.8019
33.802
33.8022
33.8023
33.8023
33.8023
33.8023
33.8022
33.802
33.8019
33.8029
33.8032
33.8034
33.8036
33.8036
33.8036
33.8036
33.8034
33.8032
33.8029
33.8041
33.8045
33.8048
33.805
33.8051
33.8051
33.805
33.8048
33.8045
33.8041
33.8054
33.8058
33.8062
33.8064
33.8065
33.8065
33.8064
33.8062
33.8058
33.8054
33.8067
33.8071
33.8075
33.8078
33.8079
33.8079
33.8078
33.8075
33.8071
33.8067
33.8079
33.8084
33.8088
33.8091
33.8092
33.8092
33.8091
33.8088
33.8084
33.8079
33.809
33.8095
33.8099
33.8102
33.8103
33.8103
33.8102
33.8099
33.8095
33.809
33.8101
33.8106
33.811
33.8112
33.8113
33.8113
33.8112
33.811
33.8106
33.8101
33.8114
33.8116
33.8118
33.8119
33.8119
33.8119
33.8119
33.8118
33.8116
33.8114
30.5854
30.5854
30.5854
30.5854
30.5854
30.5854
30.5854
30.5854
30.5854
30.5854
30.5856
30.5857
30.5857
30.5857
30.5857
30.5857
30.5857
30.5857
30.5857
30.5856
30.586
30.5861
30.5861
30.5862
30.5862
30.5862
30.5862
30.5861
30.5861
30.586
30.5865
30.5866
30.5867
30.5868
30.5868
30.5868
30.5868
30.5867
30.5866
30.5865
30.5871
30.5873
30.5874
30.5875
30.5875
30.5875
30.5875
30.5874
30.5873
30.5871
30.5877
30.5879
30.5881
30.5882
30.5883
30.5883
30.5882
30.5881
30.5879
30.5877
30.5884
30.5886
30.5888
30.5889
30.589
30.589
30.5889
30.5888
30.5886
30.5884
30.589
30.5893
30.5895
30.5896
30.5897
30.5897
30.5896
30.5895
30.5893
30.589
30.5897
30.59
30.5902
30.5903
30.5903
30.5903
30.5903
30.5902
30.59
30.5897
30.5905
30.5906
30.5908
30.5908
30.5909
30.5909
30.5908
30.5908
30.5906
30.5905
27.367
27.367
27.367
27.3671
27.3671
27.3671
27.3671
27.367
27.367
27.367
27.367
27.3671
27.3671
27.3671
27.3671
27.3671
27.3671
27.3671
27.3671
27.367
27.3671
27.3672
27.3672
27.3672
27.3672
27.3672
27.3672
27.3672
27.3672
27.3671
27.3673
27.3673
27.3674
27.3674
27.3674
27.3674
27.3674
27.3674
27.3673
27.3673
27.3675
27.3676
27.3676
27.3677
27.3677
27.3677
27.3677
27.3676
27.3676
27.3675
27.3677
27.3678
27.3679
27.368
27.368
27.368
27.368
27.3679
27.3678
27.3677
27.368
27.3681
27.3682
27.3683
27.3683
27.3683
27.3683
27.3682
27.3681
27.368
27.3683
27.3684
27.3685
27.3686
27.3686
27.3686
27.3686
27.3685
27.3684
27.3683
27.3685
27.3687
27.3688
27.3688
27.3689
27.3689
27.3688
27.3688
27.3687
27.3685
27.3688
27.369
27.369
27.3691
27.3691
27.3691
27.3691
27.369
27.369
27.3688
24.1481
24.1481
24.1481
24.1481
24.1481
24.1481
24.1481
24.1481
24.1481
24.1481
24.1481
24.1481
24.1481
24.1481
24.1481
24.1481
24.1481
24.1481
24.1481
24.1481
24.1481
24.1481
24.1481
24.1481
24.1481
24.1481
24.1481
24.1481
24.1481
24.1481
24.1481
24.1482
24.1482
24.1482
24.1482
24.1482
24.1482
24.1482
24.1482
24.1481
24.1482
24.1483
24.1483
24.1483
24.1483
24.1483
24.1483
24.1483
24.1483
24.1482
24.1483
24.1484
24.1484
24.1484
24.1484
24.1484
24.1484
24.1484
24.1484
24.1483
24.1485
24.1485
24.1485
24.1486
24.1486
24.1486
24.1486
24.1485
24.1485
24.1485
24.1486
24.1487
24.1487
24.1487
24.1487
24.1487
24.1487
24.1487
24.1487
24.1486
24.1487
24.1488
24.1489
24.1489
24.1489
24.1489
24.1489
24.1489
24.1488
24.1487
24.1489
24.149
24.149
24.149
24.149
24.149
24.149
24.149
24.149
24.1489
20.9286
20.9286
20.9286
20.9286
20.9286
20.9286
20.9286
20.9286
20.9286
20.9286
20.9286
20.9286
20.9286
20.9286
20.9286
20.9286
20.9286
20.9286
20.9286
20.9286
20.9285
20.9285
20.9285
20.9285
20.9285
20.9285
20.9285
20.9285
20.9285
20.9285
20.9285
20.9286
20.9286
20.9286
20.9286
20.9286
20.9286
20.9286
20.9286
20.9285
20.9286
20.9286
20.9286
20.9286
20.9286
20.9286
20.9286
20.9286
20.9286
20.9286
20.9286
20.9286
20.9286
20.9286
20.9286
20.9286
20.9286
20.9286
20.9286
20.9286
20.9286
20.9287
20.9287
20.9287
20.9287
20.9287
20.9287
20.9287
20.9287
20.9286
20.9287
20.9287
20.9287
20.9288
20.9288
20.9288
20.9288
20.9287
20.9287
20.9287
20.9288
20.9288
20.9288
20.9288
20.9288
20.9288
20.9288
20.9288
20.9288
20.9288
20.9288
20.9288
20.9289
20.9289
20.9289
20.9289
20.9289
20.9289
20.9288
20.9288
17.7089
17.7089
17.7089
17.7089
17.7089
17.7089
17.7089
17.7089
17.7089
17.7089
17.7089
17.7089
17.7089
17.7089
17.7089
17.7089
17.7089
17.7089
17.7089
17.7089
17.7089
17.7089
17.7089
17.7089
17.7089
17.7089
17.7089
17.7089
17.7089
17.7089
17.7089
17.7089
17.7089
17.7089
17.7089
17.7089
17.7089
17.7089
17.7089
17.7089
17.7089
17.7089
17.7089
17.7089
17.7089
17.7089
17.7089
17.7089
17.7089
17.7089
17.7089
17.7089
17.7089
17.7089
17.7089
17.7089
17.7089
17.7089
17.7089
17.7089
17.7089
17.7089
17.7089
17.7089
17.7089
17.7089
17.7089
17.7089
17.7089
17.7089
17.7089
17.709
17.709
17.709
17.709
17.709
17.709
17.709
17.709
17.7089
17.709
17.709
17.709
17.709
17.709
17.709
17.709
17.709
17.709
17.709
17.709
17.709
17.709
17.709
17.709
17.709
17.709
17.709
17.709
17.709
14.4891
14.4891
14.4891
14.4891
14.4891
14.4891
14.4891
14.4891
14.4891
14.4891
14.4891
14.4891
14.4891
14.4891
14.4891
14.4891
14.4891
14.4891
14.4891
14.4891
14.4891
14.4891
14.4891
14.4891
14.4891
14.4891
14.4891
14.4891
14.4891
14.4891
14.4891
14.4891
14.4891
14.4891
14.4891
14.4891
14.4891
14.4891
14.4891
14.4891
14.4891
14.4891
14.4891
14.4891
14.4891
14.4891
14.4891
14.4891
14.4891
14.4891
14.4891
14.4891
14.4891
14.4891
14.4891
14.4891
14.4891
14.4891
14.4891
14.4891
14.4891
14.4891
14.4891
14.4891
14.4891
14.4891
14.4891
14.4891
14.4891
14.4891
14.4891
14.4891
14.4891
14.4891
14.4891
14.4891
14.4891
14.4891
14.4891
14.4891
14.4891
14.4892
14.4892
14.4892
14.4892
14.4892
14.4892
14.4892
14.4892
14.4891
14.4892
14.4892
14.4892
14.4892
14.4892
14.4892
14.4892
14.4892
14.4892
14.4892
11.2693
11.2693
11.2693
11.2693
11.2693
11.2693
11.2693
11.2693
11.2693
11.2693
11.2693
11.2693
11.2693
11.2693
11.2693
11.2693
11.2693
11.2693
11.2693
11.2693
11.2693
11.2693
11.2693
11.2693
11.2693
11.2693
11.2693
11.2693
11.2693
11.2693
11.2693
11.2693
11.2693
11.2693
11.2693
11.2693
11.2693
11.2693
11.2693
11.2693
11.2693
11.2693
11.2693
11.2693
11.2693
11.2693
11.2693
11.2693
11.2693
11.2693
11.2693
11.2693
11.2693
11.2693
11.2693
11.2693
11.2693
11.2693
11.2693
11.2693
11.2693
11.2693
11.2693
11.2693
11.2693
11.2693
11.2693
11.2693
11.2693
11.2693
11.2693
11.2693
11.2693
11.2693
11.2693
11.2693
11.2693
11.2693
11.2693
11.2693
11.2693
11.2693
11.2693
11.2693
11.2694
11.2694
11.2693
11.2693
11.2693
11.2693
11.2693
11.2694
11.2694
11.2694
11.2694
11.2694
11.2694
11.2694
11.2694
11.2693
8.04954
8.04954
8.04954
8.04954
8.04954
8.04954
8.04954
8.04954
8.04954
8.04954
8.04954
8.04953
8.04953
8.04953
8.04953
8.04953
8.04953
8.04953
8.04953
8.04954
8.04953
8.04953
8.04953
8.04953
8.04953
8.04953
8.04953
8.04953
8.04953
8.04953
8.04953
8.04953
8.04953
8.04953
8.04953
8.04953
8.04953
8.04953
8.04953
8.04953
8.04953
8.04953
8.04953
8.04953
8.04953
8.04953
8.04953
8.04953
8.04953
8.04953
8.04953
8.04953
8.04953
8.04953
8.04953
8.04953
8.04953
8.04953
8.04953
8.04953
8.04953
8.04953
8.04953
8.04953
8.04953
8.04953
8.04953
8.04953
8.04953
8.04953
8.04953
8.04953
8.04953
8.04953
8.04953
8.04953
8.04953
8.04953
8.04953
8.04953
8.04953
8.04953
8.04953
8.04953
8.04953
8.04953
8.04953
8.04953
8.04953
8.04953
8.04953
8.04953
8.04953
8.04953
8.04953
8.04953
8.04953
8.04953
8.04953
8.04953
4.82972
4.82972
4.82972
4.82972
4.82972
4.82972
4.82972
4.82972
4.82972
4.82972
4.82972
4.82972
4.82972
4.82972
4.82972
4.82972
4.82972
4.82972
4.82972
4.82972
4.82972
4.82972
4.82972
4.82972
4.82972
4.82972
4.82972
4.82972
4.82972
4.82972
4.82972
4.82972
4.82972
4.82972
4.82972
4.82972
4.82972
4.82972
4.82972
4.82972
4.82972
4.82972
4.82972
4.82972
4.82972
4.82972
4.82972
4.82972
4.82972
4.82972
4.82972
4.82972
4.82972
4.82972
4.82972
4.82972
4.82972
4.82972
4.82972
4.82972
4.82972
4.82972
4.82972
4.82972
4.82972
4.82972
4.82972
4.82972
4.82972
4.82972
4.82972
4.82972
4.82972
4.82972
4.82972
4.82972
4.82972
4.82972
4.82972
4.82972
4.82972
4.82972
4.82972
4.82972
4.82972
4.82972
4.82972
4.82972
4.82972
4.82972
4.82972
4.82972
4.82972
4.82972
4.82972
4.82972
4.82972
4.82972
4.82972
4.82972
1.60991
1.60991
1.60991
1.60991
1.60991
1.60991
1.60991
1.60991
1.60991
1.60991
1.60991
1.60991
1.60991
1.60991
1.60991
1.60991
1.60991
1.60991
1.60991
1.60991
1.60991
1.60991
1.60991
1.60991
1.60991
1.60991
1.60991
1.60991
1.60991
1.60991
1.60991
1.60991
1.60991
1.60991
1.60991
1.60991
1.60991
1.60991
1.60991
1.60991
1.60991
1.60991
1.60991
1.60991
1.60991
1.60991
1.60991
1.60991
1.60991
1.60991
1.60991
1.60991
1.60991
1.60991
1.60991
1.60991
1.60991
1.60991
1.60991
1.60991
1.60991
1.6099
1.6099
1.6099
1.6099
1.6099
1.6099
1.6099
1.6099
1.60991
1.6099
1.6099
1.6099
1.6099
1.6099
1.6099
1.6099
1.6099
1.6099
1.6099
1.6099
1.6099
1.6099
1.6099
1.6099
1.6099
1.6099
1.6099
1.6099
1.6099
1.6099
1.6099
1.6099
1.6099
1.6099
1.6099
1.6099
1.6099
1.6099
1.6099
98.2986
97.718
97.3534
97.0869
96.9487
96.9487
97.0869
97.3534
97.718
98.2986
89.1844
88.3367
87.7784
87.3837
87.1804
87.1804
87.3837
87.7784
88.3367
89.1844
81.6175
80.6421
80.0055
79.5619
79.3344
79.3344
79.5619
80.0055
80.6421
81.6175
76.3931
75.3909
74.7453
74.3022
74.0751
74.0751
74.3022
74.7453
75.3909
76.3931
72.4727
71.4778
70.8401
70.411
70.1912
70.1912
70.411
70.8401
71.4778
72.4727
69.2974
68.3295
67.7076
67.2994
67.0907
67.0907
67.2994
67.7076
68.3295
69.2974
66.6784
65.7583
65.1618
64.7806
64.5866
64.5866
64.7806
65.1618
65.7583
66.6784
64.5093
63.6604
63.1016
62.753
62.5763
62.5763
62.753
63.1016
63.6604
64.5093
62.7104
61.9489
61.4403
61.1291
60.9715
60.9715
61.1291
61.4403
61.9489
62.7104
61.3019
60.5404
60.0907
59.817
59.6784
59.6784
59.817
60.0907
60.5404
61.3019
62.4023
62.5748
62.7624
62.889
62.9544
62.9544
62.889
62.7624
62.5748
62.4023
62.8249
62.9194
63.0459
63.1271
63.1686
63.1686
63.1271
63.0459
62.9194
62.8249
62.8023
62.7995
62.8522
62.8804
62.8945
62.8945
62.8804
62.8522
62.7995
62.8023
62.393
62.3002
62.2849
62.2665
62.2565
62.2565
62.2665
62.2849
62.3002
62.393
61.7993
61.6326
61.5595
61.5037
61.4743
61.4743
61.5037
61.5595
61.6326
61.7993
61.1301
60.9077
60.7879
60.704
60.6603
60.6603
60.704
60.7879
60.9077
61.1301
60.4403
60.1824
60.0288
59.9267
59.8738
59.8738
59.9267
60.0288
60.1824
60.4403
59.7614
59.4917
59.3197
59.2091
59.1519
59.1519
59.2091
59.3197
59.4917
59.7614
59.129
58.8636
58.685
58.5729
58.5148
58.5148
58.5729
58.685
58.8636
59.129
58.6464
58.299
58.1155
58.0027
57.944
57.944
58.0027
58.1155
58.299
58.6464
57.8062
57.7918
57.7936
57.7902
57.7886
57.7886
57.7902
57.7936
57.7918
57.8062
58.217
58.2005
58.2016
58.1966
58.1939
58.1939
58.1966
58.2016
58.2005
58.217
58.5573
58.5223
58.512
58.4973
58.4894
58.4894
58.4973
58.512
58.5223
58.5573
58.6108
58.5426
58.5104
58.4796
58.4633
58.4633
58.4796
58.5104
58.5426
58.6108
58.4675
58.3642
58.3077
58.261
58.2362
58.2362
58.261
58.3077
58.3642
58.4675
58.2216
58.0879
58.009
57.949
57.9174
57.9174
57.949
58.009
58.0879
58.2216
57.9214
57.7654
57.6685
57.5991
57.5627
57.5627
57.5991
57.6685
57.7654
57.9214
57.5937
57.4275
57.3193
57.2449
57.2061
57.2061
57.2449
57.3193
57.4275
57.5937
57.2714
57.1026
56.987
56.9103
56.8703
56.8703
56.9103
56.987
57.1026
57.2714
57.0294
56.7965
56.6703
56.5899
56.5481
56.5481
56.5899
56.6703
56.7965
57.0294
53.1096
53.1293
53.1543
53.1702
53.1786
53.1786
53.1702
53.1543
53.1293
53.1096
53.3198
53.3434
53.3723
53.3907
53.4004
53.4004
53.3907
53.3723
53.3434
53.3198
53.4985
53.5198
53.5485
53.566
53.5752
53.5752
53.566
53.5485
53.5198
53.4985
53.5848
53.5958
53.6177
53.6298
53.6361
53.6361
53.6298
53.6177
53.5958
53.5848
53.5996
53.5962
53.6078
53.6124
53.6148
53.6148
53.6124
53.6078
53.5962
53.5996
53.5662
53.5481
53.5482
53.5452
53.5434
53.5434
53.5452
53.5482
53.5481
53.5662
53.4983
53.4674
53.4569
53.4472
53.4419
53.4419
53.4472
53.4569
53.4674
53.4983
53.4057
53.3668
53.348
53.3332
53.3252
53.3252
53.3332
53.348
53.3668
53.4057
53.3064
53.2617
53.2347
53.2153
53.2048
53.2048
53.2153
53.2347
53.2617
53.3064
53.2455
53.1569
53.116
53.0892
53.0751
53.0751
53.0892
53.116
53.1569
53.2455
49.9061
49.9062
49.9082
49.9083
49.9084
49.9084
49.9083
49.9082
49.9062
49.9061
50.0047
50.0084
50.0136
50.0159
50.0171
50.0171
50.0159
50.0137
50.0084
50.0047
50.1054
50.1106
50.1175
50.1206
50.1222
50.1222
50.1206
50.1175
50.1106
50.1054
50.174
50.1771
50.183
50.185
50.1859
50.1859
50.185
50.183
50.1771
50.174
50.2125
50.2113
50.2144
50.214
50.2137
50.2137
50.214
50.2144
50.2113
50.2125
50.2277
50.2212
50.2205
50.2175
50.2157
50.2157
50.2175
50.2205
50.2212
50.2277
50.2246
50.2129
50.2082
50.2026
50.1995
50.1995
50.2026
50.2082
50.2129
50.2246
50.2073
50.192
50.1839
50.1762
50.1719
50.1719
50.1762
50.1839
50.192
50.2073
50.1853
50.1666
50.1542
50.1441
50.1386
50.1386
50.1441
50.1542
50.1666
50.1853
50.1802
50.1384
50.1178
50.1035
50.096
50.096
50.1035
50.1178
50.1384
50.1802
46.6055
46.6086
46.6123
46.6145
46.6156
46.6156
46.6145
46.6123
46.6086
46.6055
46.6467
46.6515
46.6569
46.6601
46.6619
46.6619
46.6601
46.6569
46.6515
46.6467
46.6887
46.6947
46.7012
46.7053
46.7074
46.7074
46.7053
46.7012
46.6947
46.6887
46.7204
46.7262
46.733
46.737
46.7391
46.7391
46.737
46.733
46.7262
46.7204
46.742
46.7466
46.7526
46.756
46.7577
46.7577
46.756
46.7526
46.7466
46.742
46.7547
46.7575
46.7622
46.7645
46.7657
46.7657
46.7645
46.7622
46.7575
46.7548
46.7598
46.7605
46.7636
46.7648
46.7653
46.7653
46.7648
46.7636
46.7605
46.7598
46.7582
46.7573
46.7589
46.759
46.7589
46.7589
46.759
46.7589
46.7573
46.7582
46.7542
46.7515
46.7507
46.7493
46.7484
46.7484
46.7493
46.7507
46.7515
46.7542
46.7585
46.744
46.7382
46.734
46.7318
46.7318
46.734
46.7382
46.744
46.7585
43.4304
43.4308
43.4314
43.4316
43.4316
43.4316
43.4316
43.4314
43.4308
43.4304
43.4477
43.4491
43.4504
43.4511
43.4515
43.4515
43.4511
43.4504
43.4491
43.4478
43.4675
43.4696
43.4717
43.4728
43.4734
43.4734
43.4728
43.4717
43.4696
43.4675
43.4846
43.487
43.4895
43.4908
43.4914
43.4914
43.4908
43.4895
43.487
43.4846
43.4985
43.5008
43.5033
43.5045
43.5051
43.5051
43.5045
43.5033
43.5008
43.4985
43.5093
43.5113
43.5135
43.5145
43.515
43.515
43.5145
43.5135
43.5113
43.5093
43.5172
43.5187
43.5205
43.5212
43.5215
43.5215
43.5212
43.5205
43.5187
43.5172
43.5226
43.5236
43.525
43.5253
43.5254
43.5254
43.5253
43.525
43.5236
43.5226
43.5272
43.5275
43.5279
43.5276
43.5273
43.5273
43.5276
43.5279
43.5275
43.5272
43.5353
43.5304
43.5284
43.5269
43.526
43.526
43.5269
43.5284
43.5304
43.5353
40.2194
40.22
40.2207
40.221
40.2212
40.2212
40.221
40.2207
40.22
40.2194
40.2261
40.2271
40.2281
40.2287
40.229
40.229
40.2287
40.2281
40.2271
40.2261
40.2337
40.2351
40.2364
40.2372
40.2376
40.2376
40.2372
40.2364
40.2351
40.2337
40.2407
40.2423
40.2438
40.2448
40.2453
40.2453
40.2448
40.2438
40.2423
40.2407
40.2468
40.2485
40.2502
40.2512
40.2517
40.2517
40.2512
40.2502
40.2485
40.2468
40.252
40.2536
40.2553
40.2562
40.2567
40.2567
40.2562
40.2553
40.2536
40.252
40.2561
40.2575
40.2591
40.26
40.2604
40.2604
40.26
40.2591
40.2575
40.2561
40.2591
40.2604
40.2619
40.2626
40.2629
40.2629
40.2626
40.2619
40.2604
40.2591
40.2618
40.2628
40.2638
40.2642
40.2644
40.2644
40.2642
40.2638
40.2628
40.2618
40.2661
40.2648
40.2646
40.2644
40.2642
40.2642
40.2644
40.2646
40.2648
40.2661
37.0155
37.0157
37.0158
37.0158
37.0159
37.0159
37.0158
37.0158
37.0157
37.0155
37.0181
37.0184
37.0186
37.0188
37.0188
37.0188
37.0188
37.0186
37.0184
37.0181
37.0213
37.0218
37.0222
37.0224
37.0226
37.0226
37.0224
37.0222
37.0218
37.0213
37.0246
37.0252
37.0258
37.0261
37.0263
37.0263
37.0261
37.0258
37.0252
37.0246
37.0277
37.0285
37.0292
37.0296
37.0298
37.0298
37.0296
37.0292
37.0285
37.0277
37.0307
37.0316
37.0323
37.0327
37.033
37.033
37.0327
37.0323
37.0316
37.0307
37.0335
37.0344
37.0351
37.0355
37.0358
37.0358
37.0355
37.0351
37.0344
37.0335
37.0359
37.0368
37.0376
37.038
37.0382
37.0382
37.038
37.0376
37.0368
37.0359
37.0383
37.0391
37.0398
37.0401
37.0402
37.0402
37.0401
37.0398
37.0391
37.0383
37.0414
37.0413
37.0415
37.0415
37.0415
37.0415
37.0415
37.0415
37.0413
37.0414
33.801
33.8011
33.8012
33.8013
33.8013
33.8013
33.8013
33.8012
33.8011
33.801
33.8019
33.802
33.8022
33.8023
33.8023
33.8023
33.8023
33.8022
33.802
33.8019
33.8029
33.8032
33.8034
33.8036
33.8036
33.8036
33.8036
33.8034
33.8032
33.8029
33.8041
33.8045
33.8048
33.805
33.8051
33.8051
33.805
33.8048
33.8045
33.8041
33.8054
33.8058
33.8062
33.8064
33.8065
33.8065
33.8064
33.8062
33.8058
33.8054
33.8067
33.8071
33.8075
33.8078
33.8079
33.8079
33.8078
33.8075
33.8071
33.8067
33.8079
33.8084
33.8088
33.8091
33.8092
33.8092
33.8091
33.8088
33.8084
33.8079
33.809
33.8095
33.8099
33.8102
33.8103
33.8103
33.8102
33.8099
33.8095
33.809
33.8101
33.8106
33.811
33.8112
33.8113
33.8113
33.8112
33.811
33.8106
33.8101
33.8114
33.8116
33.8118
33.8119
33.8119
33.8119
33.8119
33.8118
33.8116
33.8114
30.5854
30.5854
30.5854
30.5854
30.5854
30.5854
30.5854
30.5854
30.5854
30.5854
30.5856
30.5857
30.5857
30.5857
30.5857
30.5857
30.5857
30.5857
30.5857
30.5856
30.586
30.5861
30.5861
30.5862
30.5862
30.5862
30.5862
30.5861
30.5861
30.586
30.5865
30.5866
30.5867
30.5868
30.5868
30.5868
30.5868
30.5867
30.5866
30.5865
30.5871
30.5873
30.5874
30.5875
30.5875
30.5875
30.5875
30.5874
30.5873
30.5871
30.5877
30.5879
30.5881
30.5882
30.5883
30.5883
30.5882
30.5881
30.5879
30.5877
30.5884
30.5886
30.5888
30.5889
30.589
30.589
30.5889
30.5888
30.5886
30.5884
30.589
30.5893
30.5895
30.5896
30.5897
30.5897
30.5896
30.5895
30.5893
30.589
30.5897
30.59
30.5902
30.5903
30.5903
30.5903
30.5903
30.5902
30.59
30.5897
30.5905
30.5906
30.5908
30.5908
30.5909
30.5909
30.5908
30.5908
30.5906
30.5905
27.367
27.367
27.367
27.3671
27.3671
27.3671
27.3671
27.367
27.367
27.367
27.367
27.3671
27.3671
27.3671
27.3671
27.3671
27.3671
27.3671
27.3671
27.367
27.3671
27.3672
27.3672
27.3672
27.3672
27.3672
27.3672
27.3672
27.3672
27.3671
27.3673
27.3673
27.3674
27.3674
27.3674
27.3674
27.3674
27.3674
27.3673
27.3673
27.3675
27.3676
27.3676
27.3677
27.3677
27.3677
27.3677
27.3676
27.3676
27.3675
27.3677
27.3678
27.3679
27.368
27.368
27.368
27.368
27.3679
27.3678
27.3677
27.368
27.3681
27.3682
27.3683
27.3683
27.3683
27.3683
27.3682
27.3681
27.368
27.3683
27.3684
27.3685
27.3686
27.3686
27.3686
27.3686
27.3685
27.3684
27.3683
27.3685
27.3687
27.3688
27.3688
27.3689
27.3689
27.3688
27.3688
27.3687
27.3685
27.3688
27.369
27.369
27.3691
27.3691
27.3691
27.3691
27.369
27.369
27.3688
24.1481
24.1481
24.1481
24.1481
24.1481
24.1481
24.1481
24.1481
24.1481
24.1481
24.1481
24.1481
24.1481
24.1481
24.1481
24.1481
24.1481
24.1481
24.1481
24.1481
24.1481
24.1481
24.1481
24.1481
24.1481
24.1481
24.1481
24.1481
24.1481
24.1481
24.1481
24.1482
24.1482
24.1482
24.1482
24.1482
24.1482
24.1482
24.1482
24.1481
24.1482
24.1483
24.1483
24.1483
24.1483
24.1483
24.1483
24.1483
24.1483
24.1482
24.1483
24.1484
24.1484
24.1484
24.1484
24.1484
24.1484
24.1484
24.1484
24.1483
24.1485
24.1485
24.1485
24.1486
24.1486
24.1486
24.1486
24.1485
24.1485
24.1485
24.1486
24.1487
24.1487
24.1487
24.1487
24.1487
24.1487
24.1487
24.1487
24.1486
24.1487
24.1488
24.1489
24.1489
24.1489
24.1489
24.1489
24.1489
24.1488
24.1487
24.1489
24.149
24.149
24.149
24.149
24.149
24.149
24.149
24.149
24.1489
20.9286
20.9286
20.9286
20.9286
20.9286
20.9286
20.9286
20.9286
20.9286
20.9286
20.9286
20.9286
20.9286
20.9286
20.9286
20.9286
20.9286
20.9286
20.9286
20.9286
20.9285
20.9285
20.9285
20.9285
20.9285
20.9285
20.9285
20.9285
20.9285
20.9285
20.9285
20.9286
20.9286
20.9286
20.9286
20.9286
20.9286
20.9286
20.9286
20.9285
20.9286
20.9286
20.9286
20.9286
20.9286
20.9286
20.9286
20.9286
20.9286
20.9286
20.9286
20.9286
20.9286
20.9286
20.9286
20.9286
20.9286
20.9286
20.9286
20.9286
20.9286
20.9287
20.9287
20.9287
20.9287
20.9287
20.9287
20.9287
20.9287
20.9286
20.9287
20.9287
20.9287
20.9288
20.9288
20.9288
20.9288
20.9287
20.9287
20.9287
20.9288
20.9288
20.9288
20.9288
20.9288
20.9288
20.9288
20.9288
20.9288
20.9288
20.9288
20.9288
20.9289
20.9289
20.9289
20.9289
20.9289
20.9289
20.9288
20.9288
17.7089
17.7089
17.7089
17.7089
17.7089
17.7089
17.7089
17.7089
17.7089
17.7089
17.7089
17.7089
17.7089
17.7089
17.7089
17.7089
17.7089
17.7089
17.7089
17.7089
17.7089
17.7089
17.7089
17.7089
17.7089
17.7089
17.7089
17.7089
17.7089
17.7089
17.7089
17.7089
17.7089
17.7089
17.7089
17.7089
17.7089
17.7089
17.7089
17.7089
17.7089
17.7089
17.7089
17.7089
17.7089
17.7089
17.7089
17.7089
17.7089
17.7089
17.7089
17.7089
17.7089
17.7089
17.7089
17.7089
17.7089
17.7089
17.7089
17.7089
17.7089
17.7089
17.7089
17.7089
17.7089
17.7089
17.7089
17.7089
17.7089
17.7089
17.7089
17.709
17.709
17.709
17.709
17.709
17.709
17.709
17.709
17.7089
17.709
17.709
17.709
17.709
17.709
17.709
17.709
17.709
17.709
17.709
17.709
17.709
17.709
17.709
17.709
17.709
17.709
17.709
17.709
17.709
14.4891
14.4891
14.4891
14.4891
14.4891
14.4891
14.4891
14.4891
14.4891
14.4891
14.4891
14.4891
14.4891
14.4891
14.4891
14.4891
14.4891
14.4891
14.4891
14.4891
14.4891
14.4891
14.4891
14.4891
14.4891
14.4891
14.4891
14.4891
14.4891
14.4891
14.4891
14.4891
14.4891
14.4891
14.4891
14.4891
14.4891
14.4891
14.4891
14.4891
14.4891
14.4891
14.4891
14.4891
14.4891
14.4891
14.4891
14.4891
14.4891
14.4891
14.4891
14.4891
14.4891
14.4891
14.4891
14.4891
14.4891
14.4891
14.4891
14.4891
14.4891
14.4891
14.4891
14.4891
14.4891
14.4891
14.4891
14.4891
14.4891
14.4891
14.4891
14.4891
14.4891
14.4891
14.4891
14.4891
14.4891
14.4891
14.4891
14.4891
14.4891
14.4892
14.4892
14.4892
14.4892
14.4892
14.4892
14.4892
14.4892
14.4891
14.4892
14.4892
14.4892
14.4892
14.4892
14.4892
14.4892
14.4892
14.4892
14.4892
11.2693
11.2693
11.2693
11.2693
11.2693
11.2693
11.2693
11.2693
11.2693
11.2693
11.2693
11.2693
11.2693
11.2693
11.2693
11.2693
11.2693
11.2693
11.2693
11.2693
11.2693
11.2693
11.2693
11.2693
11.2693
11.2693
11.2693
11.2693
11.2693
11.2693
11.2693
11.2693
11.2693
11.2693
11.2693
11.2693
11.2693
11.2693
11.2693
11.2693
11.2693
11.2693
11.2693
11.2693
11.2693
11.2693
11.2693
11.2693
11.2693
11.2693
11.2693
11.2693
11.2693
11.2693
11.2693
11.2693
11.2693
11.2693
11.2693
11.2693
11.2693
11.2693
11.2693
11.2693
11.2693
11.2693
11.2693
11.2693
11.2693
11.2693
11.2693
11.2693
11.2693
11.2693
11.2693
11.2693
11.2693
11.2693
11.2693
11.2693
11.2693
11.2693
11.2693
11.2693
11.2694
11.2694
11.2693
11.2693
11.2693
11.2693
11.2693
11.2694
11.2694
11.2694
11.2694
11.2694
11.2694
11.2694
11.2694
11.2693
8.04954
8.04954
8.04954
8.04954
8.04954
8.04954
8.04954
8.04954
8.04954
8.04954
8.04954
8.04953
8.04953
8.04953
8.04953
8.04953
8.04953
8.04953
8.04953
8.04953
8.04953
8.04953
8.04953
8.04953
8.04953
8.04953
8.04953
8.04953
8.04953
8.04953
8.04953
8.04953
8.04953
8.04953
8.04953
8.04953
8.04953
8.04953
8.04953
8.04953
8.04953
8.04953
8.04953
8.04953
8.04953
8.04953
8.04953
8.04953
8.04953
8.04953
8.04953
8.04953
8.04953
8.04953
8.04953
8.04953
8.04953
8.04953
8.04953
8.04953
8.04953
8.04953
8.04953
8.04953
8.04953
8.04953
8.04953
8.04953
8.04953
8.04953
8.04953
8.04953
8.04953
8.04953
8.04953
8.04953
8.04953
8.04953
8.04953
8.04953
8.04953
8.04953
8.04953
8.04953
8.04953
8.04953
8.04953
8.04953
8.04953
8.04953
8.04953
8.04953
8.04953
8.04953
8.04953
8.04953
8.04953
8.04953
8.04953
8.04953
4.82972
4.82972
4.82972
4.82972
4.82972
4.82972
4.82972
4.82972
4.82972
4.82972
4.82972
4.82972
4.82972
4.82972
4.82972
4.82972
4.82972
4.82972
4.82972
4.82972
4.82972
4.82972
4.82972
4.82972
4.82972
4.82972
4.82972
4.82972
4.82972
4.82972
4.82972
4.82972
4.82972
4.82972
4.82972
4.82972
4.82972
4.82972
4.82972
4.82972
4.82972
4.82972
4.82972
4.82972
4.82972
4.82972
4.82972
4.82972
4.82972
4.82972
4.82972
4.82972
4.82972
4.82972
4.82972
4.82972
4.82972
4.82972
4.82972
4.82972
4.82972
4.82972
4.82972
4.82972
4.82972
4.82972
4.82972
4.82972
4.82972
4.82972
4.82972
4.82972
4.82972
4.82972
4.82972
4.82972
4.82972
4.82972
4.82972
4.82972
4.82972
4.82972
4.82972
4.82972
4.82972
4.82972
4.82972
4.82972
4.82972
4.82972
4.82972
4.82972
4.82972
4.82972
4.82972
4.82972
4.82972
4.82972
4.82972
4.82972
1.60991
1.60991
1.60991
1.60991
1.60991
1.60991
1.60991
1.60991
1.60991
1.60991
1.60991
1.60991
1.60991
1.60991
1.60991
1.60991
1.60991
1.60991
1.60991
1.60991
1.60991
1.60991
1.60991
1.60991
1.60991
1.60991
1.60991
1.60991
1.60991
1.60991
1.60991
1.60991
1.60991
1.60991
1.60991
1.60991
1.60991
1.60991
1.60991
1.60991
1.60991
1.60991
1.60991
1.60991
1.60991
1.60991
1.60991
1.60991
1.60991
1.60991
1.60991
1.60991
1.60991
1.60991
1.60991
1.60991
1.60991
1.60991
1.60991
1.60991
1.60991
1.6099
1.6099
1.6099
1.6099
1.6099
1.6099
1.6099
1.6099
1.6099
1.6099
1.6099
1.6099
1.6099
1.6099
1.6099
1.6099
1.6099
1.6099
1.6099
1.6099
1.6099
1.6099
1.6099
1.6099
1.6099
1.6099
1.6099
1.6099
1.6099
1.6099
1.6099
1.6099
1.6099
1.6099
1.6099
1.6099
1.6099
1.6099
1.6099
60.2924
59.6068
59.1721
58.8952
58.7578
58.7578
58.8952
59.1721
59.6068
60.2924
59.6068
59.0208
58.5788
58.2837
58.1373
58.1373
58.2837
58.5788
59.0208
59.6068
59.1721
58.5788
58.1176
57.81
57.6582
57.6582
57.81
58.1176
58.5788
59.1721
58.8952
58.2837
57.81
57.4965
57.3422
57.3422
57.4965
57.81
58.2837
58.8952
58.7578
58.1373
57.6582
57.3422
57.1868
57.1868
57.3422
57.6582
58.1373
58.7578
58.7578
58.1373
57.6582
57.3422
57.1868
57.1868
57.3422
57.6582
58.1373
58.7578
58.8952
58.2837
57.81
57.4965
57.3422
57.3422
57.4965
57.81
58.2837
58.8952
59.1721
58.5788
58.1176
57.81
57.6582
57.6582
57.81
58.1176
58.5788
59.1721
59.6068
59.0208
58.5788
58.2837
58.1373
58.1373
58.2837
58.5788
59.0208
59.6068
60.2924
59.6068
59.1721
58.8952
58.7578
58.7578
58.8952
59.1721
59.6068
60.2924
58.1285
57.8521
57.6872
57.5785
57.5233
57.5233
57.5785
57.6872
57.8521
58.1285
57.8521
57.6328
57.4461
57.3159
57.2508
57.2508
57.3159
57.4461
57.6328
57.8521
57.6872
57.4461
57.2362
57.0922
57.0211
57.0211
57.0922
57.2362
57.4461
57.6872
57.5785
57.3159
57.0922
56.9409
56.8664
56.8664
56.9409
57.0922
57.3159
57.5785
57.5233
57.2508
57.0211
56.8664
56.7904
56.7904
56.8664
57.0211
57.2508
57.5233
57.5233
57.2508
57.0211
56.8664
56.7904
56.7904
56.8664
57.0211
57.2508
57.5233
57.5785
57.3159
57.0922
56.9409
56.8664
56.8664
56.9409
57.0922
57.3159
57.5785
57.6872
57.4461
57.2362
57.0922
57.0211
57.0211
57.0922
57.2362
57.4461
57.6872
57.8521
57.6328
57.4461
57.3159
57.2508
57.2508
57.3159
57.4461
57.6328
57.8521
58.1285
57.8521
57.6872
57.5785
57.5233
57.5233
57.5785
57.6872
57.8521
58.1285
56.642
56.491
56.3978
56.3328
56.2994
56.2994
56.3328
56.3978
56.491
56.642
56.491
56.3709
56.2576
56.1754
56.134
56.134
56.1754
56.2576
56.3709
56.491
56.3978
56.2576
56.1253
56.0325
55.9865
55.9865
56.0325
56.1253
56.2576
56.3978
56.3328
56.1754
56.0325
55.9345
55.8861
55.8861
55.9345
56.0325
56.1754
56.3328
56.2994
56.134
55.9865
55.8861
55.8366
55.8366
55.8861
55.9865
56.134
56.2994
56.2994
56.134
55.9865
55.8861
55.8366
55.8366
55.8861
55.9865
56.134
56.2994
56.3328
56.1754
56.0325
55.9345
55.8861
55.8861
55.9345
56.0325
56.1754
56.3328
56.3978
56.2576
56.1253
56.0325
55.9865
55.9865
56.0325
56.1253
56.2576
56.3978
56.491
56.3709
56.2576
56.1754
56.134
56.134
56.1754
56.2576
56.3709
56.491
56.642
56.491
56.3978
56.3328
56.2994
56.2994
56.3328
56.3978
56.491
56.642
53.0496
53.0149
52.9956
52.9798
52.9714
52.9714
52.9798
52.9956
53.0149
53.0496
53.0149
52.9894
52.9546
52.927
52.9131
52.9131
52.927
52.9546
52.9894
53.0149
52.9956
52.9546
52.9077
52.8737
52.8569
52.8569
52.8737
52.9077
52.9546
52.9956
52.9798
52.927
52.8737
52.8364
52.8182
52.8182
52.8364
52.8737
52.927
52.9798
52.9714
52.9131
52.8569
52.8182
52.7992
52.7992
52.8182
52.8569
52.9131
52.9714
52.9714
52.9131
52.8569
52.8182
52.7992
52.7992
52.8182
52.8569
52.9131
52.9714
52.9798
52.927
52.8737
52.8364
52.8182
52.8182
52.8364
52.8737
52.927
52.9798
52.9956
52.9546
52.9077
52.8737
52.8569
52.8569
52.8737
52.9077
52.9546
52.9956
53.0149
52.9894
52.9546
52.927
52.9131
52.9131
52.927
52.9546
52.9894
53.0149
53.0496
53.0149
52.9956
52.9798
52.9714
52.9714
52.9798
52.9956
53.0149
53.0496
50.078
50.0711
50.067
50.062
50.0592
50.0592
50.062
50.067
50.0711
50.078
50.0711
50.0677
50.0554
50.0444
50.0387
50.0387
50.0444
50.0554
50.0677
50.0711
50.067
50.0554
50.0367
50.0225
50.0154
50.0154
50.0225
50.0367
50.0554
50.067
50.062
50.0444
50.0225
50.0068
49.999
49.999
50.0068
50.0225
50.0444
50.062
50.0592
50.0387
50.0154
49.999
49.9909
49.9909
49.999
50.0154
50.0387
50.0592
50.0592
50.0387
50.0154
49.999
49.9909
49.9909
49.999
50.0154
50.0387
50.0592
50.062
50.0444
50.0225
50.0068
49.999
49.999
50.0068
50.0225
50.0444
50.062
50.067
50.0554
50.0367
50.0225
50.0154
50.0154
50.0225
50.0367
50.0554
50.067
50.0711
50.0677
50.0554
50.0444
50.0387
50.0387
50.0444
50.0554
50.0677
50.0711
50.078
50.0711
50.067
50.062
50.0592
50.0592
50.062
50.067
50.0711
50.078
46.7098
46.7132
46.7157
46.7163
46.7165
46.7165
46.7163
46.7157
46.7132
46.7098
46.7132
46.7168
46.7147
46.7119
46.7105
46.7105
46.7119
46.7146
46.7168
46.7132
46.7157
46.7147
46.7093
46.7049
46.7028
46.7028
46.7049
46.7093
46.7146
46.7157
46.7163
46.7119
46.7049
46.6998
46.6973
46.6973
46.6998
46.7049
46.7119
46.7163
46.7165
46.7105
46.7028
46.6973
46.6946
46.6946
46.6973
46.7028
46.7105
46.7165
46.7165
46.7105
46.7028
46.6973
46.6946
46.6946
46.6973
46.7028
46.7105
46.7165
46.7163
46.7119
46.7049
46.6998
46.6973
46.6973
46.6998
46.7049
46.7119
46.7163
46.7157
46.7146
46.7093
46.7049
46.7028
46.7028
46.7049
46.7093
46.7147
46.7157
46.7132
46.7168
46.7146
46.7119
46.7105
46.7105
46.7119
46.7147
46.7168
46.7132
46.7098
46.7132
46.7157
46.7163
46.7165
46.7165
46.7163
46.7157
46.7132
46.7098
43.5151
43.5193
43.522
43.5233
43.5239
43.5239
43.5233
43.522
43.5193
43.5151
43.5193
43.5236
43.5244
43.5243
43.5242
43.5242
43.5243
43.5244
43.5236
43.5193
43.522
43.5244
43.5239
43.5231
43.5228
43.5228
43.5231
43.5239
43.5244
43.522
43.5233
43.5243
43.5231
43.5221
43.5217
43.5217
43.5221
43.5231
43.5243
43.5233
43.5239
43.5242
43.5228
43.5217
43.5211
43.5211
43.5217
43.5228
43.5242
43.5239
43.5239
43.5242
43.5228
43.5217
43.5211
43.5211
43.5217
43.5228
43.5242
43.5239
43.5233
43.5243
43.5231
43.5221
43.5217
43.5217
43.5221
43.5231
43.5243
43.5233
43.522
43.5244
43.5239
43.5231
43.5228
43.5228
43.5231
43.5239
43.5244
43.522
43.5193
43.5236
43.5244
43.5243
43.5242
43.5242
43.5243
43.5244
43.5236
43.5193
43.5151
43.5193
43.522
43.5233
43.5239
43.5239
43.5233
43.522
43.5193
43.5151
40.2574
40.2601
40.262
40.263
40.2635
40.2635
40.263
40.262
40.2601
40.2574
40.2601
40.2627
40.2636
40.264
40.2642
40.2642
40.264
40.2636
40.2627
40.2601
40.262
40.2636
40.264
40.264
40.2641
40.2641
40.264
40.264
40.2636
40.262
40.263
40.264
40.264
40.264
40.264
40.264
40.264
40.264
40.264
40.263
40.2635
40.2642
40.2641
40.264
40.2639
40.2639
40.264
40.2641
40.2642
40.2635
40.2635
40.2642
40.2641
40.264
40.2639
40.2639
40.264
40.2641
40.2642
40.2635
40.263
40.264
40.264
40.264
40.264
40.264
40.264
40.264
40.264
40.263
40.262
40.2636
40.264
40.264
40.2641
40.2641
40.264
40.264
40.2636
40.262
40.2601
40.2627
40.2636
40.264
40.2642
40.2642
40.264
40.2636
40.2627
40.2601
40.2574
40.2601
40.262
40.263
40.2635
40.2635
40.263
40.262
40.2601
40.2574
37.0385
37.0402
37.0414
37.042
37.0424
37.0424
37.042
37.0414
37.0402
37.0385
37.0402
37.0419
37.0427
37.0432
37.0434
37.0434
37.0432
37.0427
37.0419
37.0402
37.0414
37.0427
37.0433
37.0437
37.0439
37.0439
37.0437
37.0433
37.0427
37.0414
37.042
37.0432
37.0437
37.044
37.0442
37.0442
37.044
37.0437
37.0432
37.042
37.0424
37.0434
37.0439
37.0442
37.0444
37.0444
37.0442
37.0439
37.0434
37.0424
37.0424
37.0434
37.0439
37.0442
37.0444
37.0444
37.0442
37.0439
37.0434
37.0424
37.042
37.0432
37.0437
37.044
37.0442
37.0442
37.044
37.0437
37.0432
37.042
37.0414
37.0427
37.0433
37.0437
37.0439
37.0439
37.0437
37.0433
37.0427
37.0414
37.0402
37.0419
37.0427
37.0432
37.0434
37.0434
37.0432
37.0427
37.0419
37.0402
37.0385
37.0402
37.0414
37.042
37.0424
37.0424
37.042
37.0414
37.0402
37.0385
33.8104
33.8112
33.8118
33.8122
33.8123
33.8123
33.8122
33.8118
33.8112
33.8104
33.8112
33.812
33.8125
33.8127
33.8129
33.8129
33.8127
33.8125
33.812
33.8112
33.8118
33.8125
33.8128
33.8131
33.8132
33.8132
33.8131
33.8128
33.8125
33.8118
33.8122
33.8127
33.8131
33.8133
33.8134
33.8134
33.8133
33.8131
33.8127
33.8122
33.8123
33.8129
33.8132
33.8134
33.8135
33.8135
33.8134
33.8132
33.8129
33.8123
33.8123
33.8129
33.8132
33.8134
33.8135
33.8135
33.8134
33.8132
33.8129
33.8123
33.8122
33.8127
33.8131
33.8133
33.8134
33.8134
33.8133
33.8131
33.8127
33.8122
33.8118
33.8125
33.8128
33.8131
33.8132
33.8132
33.8131
33.8128
33.8125
33.8118
33.8112
33.812
33.8125
33.8127
33.8129
33.8129
33.8127
33.8125
33.812
33.8112
33.8104
33.8112
33.8118
33.8122
33.8123
33.8123
33.8122
33.8118
33.8112
33.8104
30.5903
30.5907
30.591
30.5912
30.5913
30.5913
30.5912
30.591
30.5907
30.5903
30.5907
30.5911
30.5914
30.5916
30.5917
30.5917
30.5916
30.5914
30.5911
30.5907
30.591
30.5914
30.5917
30.5918
30.5919
30.5919
30.5918
30.5917
30.5914
30.591
30.5912
30.5916
30.5918
30.592
30.5921
30.5921
30.592
30.5918
30.5916
30.5912
30.5913
30.5917
30.5919
30.5921
30.5922
30.5922
30.5921
30.5919
30.5917
30.5913
30.5913
30.5917
30.5919
30.5921
30.5922
30.5922
30.5921
30.5919
30.5917
30.5913
30.5912
30.5916
30.5918
30.592
30.5921
30.5921
30.592
30.5918
30.5916
30.5912
30.591
30.5914
30.5917
30.5918
30.5919
30.5919
30.5918
30.5917
30.5914
30.591
30.5907
30.5911
30.5914
30.5916
30.5917
30.5917
30.5916
30.5914
30.5911
30.5907
30.5903
30.5907
30.591
30.5912
30.5913
30.5913
30.5912
30.591
30.5907
30.5903
27.3688
27.369
27.3692
27.3692
27.3693
27.3693
27.3692
27.3692
27.369
27.3688
27.369
27.3692
27.3693
27.3694
27.3694
27.3694
27.3694
27.3693
27.3692
27.369
27.3692
27.3693
27.3694
27.3695
27.3696
27.3696
27.3695
27.3694
27.3693
27.3692
27.3692
27.3694
27.3695
27.3696
27.3697
27.3697
27.3696
27.3695
27.3694
27.3692
27.3693
27.3694
27.3696
27.3697
27.3697
27.3697
27.3697
27.3696
27.3694
27.3693
27.3693
27.3694
27.3696
27.3697
27.3697
27.3697
27.3697
27.3696
27.3694
27.3693
27.3692
27.3694
27.3695
27.3696
27.3697
27.3697
27.3696
27.3695
27.3694
27.3692
27.3692
27.3693
27.3694
27.3695
27.3696
27.3696
27.3695
27.3694
27.3693
27.3692
27.369
27.3692
27.3693
27.3694
27.3694
27.3694
27.3694
27.3693
27.3692
27.369
27.3688
27.369
27.3692
27.3692
27.3693
27.3693
27.3692
27.3692
27.369
27.3688
24.1489
24.149
24.1491
24.1491
24.1492
24.1492
24.1491
24.1491
24.149
24.1489
24.149
24.1491
24.1492
24.1492
24.1492
24.1492
24.1492
24.1492
24.1491
24.149
24.1491
24.1492
24.1492
24.1493
24.1493
24.1493
24.1493
24.1492
24.1492
24.1491
24.1491
24.1492
24.1493
24.1493
24.1494
24.1494
24.1493
24.1493
24.1492
24.1491
24.1492
24.1492
24.1493
24.1494
24.1494
24.1494
24.1494
24.1493
24.1492
24.1492
24.1492
24.1492
24.1493
24.1494
24.1494
24.1494
24.1494
24.1493
24.1492
24.1492
24.1491
24.1492
24.1493
24.1493
24.1494
24.1494
24.1493
24.1493
24.1492
24.1491
24.1491
24.1492
24.1492
24.1493
24.1493
24.1493
24.1493
24.1492
24.1492
24.1491
24.149
24.1491
24.1492
24.1492
24.1492
24.1492
24.1492
24.1492
24.1491
24.149
24.1489
24.149
24.1491
24.1491
24.1492
24.1492
24.1491
24.1491
24.149
24.1489
20.9288
20.9289
20.9289
20.9289
20.9289
20.9289
20.9289
20.9289
20.9289
20.9288
20.9289
20.9289
20.9289
20.929
20.929
20.929
20.929
20.9289
20.9289
20.9289
20.9289
20.9289
20.929
20.929
20.929
20.929
20.929
20.929
20.9289
20.9289
20.9289
20.929
20.929
20.929
20.929
20.929
20.929
20.929
20.929
20.9289
20.9289
20.929
20.929
20.929
20.929
20.929
20.929
20.929
20.929
20.9289
20.9289
20.929
20.929
20.929
20.929
20.929
20.929
20.929
20.929
20.9289
20.9289
20.929
20.929
20.929
20.929
20.929
20.929
20.929
20.929
20.9289
20.9289
20.9289
20.929
20.929
20.929
20.929
20.929
20.929
20.9289
20.9289
20.9289
20.9289
20.9289
20.929
20.929
20.929
20.929
20.9289
20.9289
20.9289
20.9288
20.9289
20.9289
20.9289
20.9289
20.9289
20.9289
20.9289
20.9289
20.9288
17.709
17.709
17.7091
17.7091
17.7091
17.7091
17.7091
17.7091
17.709
17.709
17.709
17.7091
17.7091
17.7091
17.7091
17.7091
17.7091
17.7091
17.7091
17.709
17.7091
17.7091
17.7091
17.7091
17.7091
17.7091
17.7091
17.7091
17.7091
17.7091
17.7091
17.7091
17.7091
17.7091
17.7091
17.7091
17.7091
17.7091
17.7091
17.7091
17.7091
17.7091
17.7091
17.7091
17.7091
17.7091
17.7091
17.7091
17.7091
17.7091
17.7091
17.7091
17.7091
17.7091
17.7091
17.7091
17.7091
17.7091
17.7091
17.7091
17.7091
17.7091
17.7091
17.7091
17.7091
17.7091
17.7091
17.7091
17.7091
17.7091
17.7091
17.7091
17.7091
17.7091
17.7091
17.7091
17.7091
17.7091
17.7091
17.7091
17.709
17.7091
17.7091
17.7091
17.7091
17.7091
17.7091
17.7091
17.7091
17.709
17.709
17.709
17.7091
17.7091
17.7091
17.7091
17.7091
17.7091
17.709
17.709
14.4892
14.4892
14.4892
14.4892
14.4892
14.4892
14.4892
14.4892
14.4892
14.4892
14.4892
14.4892
14.4892
14.4892
14.4892
14.4892
14.4892
14.4892
14.4892
14.4892
14.4892
14.4892
14.4892
14.4892
14.4892
14.4892
14.4892
14.4892
14.4892
14.4892
14.4892
14.4892
14.4892
14.4892
14.4892
14.4892
14.4892
14.4892
14.4892
14.4892
14.4892
14.4892
14.4892
14.4892
14.4892
14.4892
14.4892
14.4892
14.4892
14.4892
14.4892
14.4892
14.4892
14.4892
14.4892
14.4892
14.4892
14.4892
14.4892
14.4892
14.4892
14.4892
14.4892
14.4892
14.4892
14.4892
14.4892
14.4892
14.4892
14.4892
14.4892
14.4892
14.4892
14.4892
14.4892
14.4892
14.4892
14.4892
14.4892
14.4892
14.4892
14.4892
14.4892
14.4892
14.4892
14.4892
14.4892
14.4892
14.4892
14.4892
14.4892
14.4892
14.4892
14.4892
14.4892
14.4892
14.4892
14.4892
14.4892
14.4892
11.2694
11.2694
11.2694
11.2694
11.2694
11.2694
11.2694
11.2694
11.2694
11.2694
11.2694
11.2694
11.2694
11.2694
11.2694
11.2694
11.2694
11.2694
11.2694
11.2694
11.2694
11.2694
11.2694
11.2694
11.2694
11.2694
11.2694
11.2694
11.2694
11.2694
11.2694
11.2694
11.2694
11.2694
11.2694
11.2694
11.2694
11.2694
11.2694
11.2694
11.2694
11.2694
11.2694
11.2694
11.2694
11.2694
11.2694
11.2694
11.2694
11.2694
11.2694
11.2694
11.2694
11.2694
11.2694
11.2694
11.2694
11.2694
11.2694
11.2694
11.2694
11.2694
11.2694
11.2694
11.2694
11.2694
11.2694
11.2694
11.2694
11.2694
11.2694
11.2694
11.2694
11.2694
11.2694
11.2694
11.2694
11.2694
11.2694
11.2694
11.2694
11.2694
11.2694
11.2694
11.2694
11.2694
11.2694
11.2694
11.2694
11.2694
11.2694
11.2694
11.2694
11.2694
11.2694
11.2694
11.2694
11.2694
11.2694
11.2694
8.04953
8.04953
8.04953
8.04953
8.04953
8.04953
8.04953
8.04953
8.04953
8.04953
8.04953
8.04953
8.04953
8.04954
8.04954
8.04954
8.04954
8.04953
8.04953
8.04953
8.04953
8.04953
8.04954
8.04954
8.04954
8.04954
8.04954
8.04954
8.04953
8.04953
8.04953
8.04954
8.04954
8.04954
8.04954
8.04954
8.04954
8.04954
8.04954
8.04953
8.04953
8.04954
8.04954
8.04954
8.04954
8.04954
8.04954
8.04954
8.04954
8.04953
8.04953
8.04954
8.04954
8.04954
8.04954
8.04954
8.04954
8.04954
8.04954
8.04953
8.04953
8.04954
8.04954
8.04954
8.04954
8.04954
8.04954
8.04954
8.04954
8.04953
8.04953
8.04953
8.04954
8.04954
8.04954
8.04954
8.04954
8.04954
8.04953
8.04953
8.04953
8.04953
8.04953
8.04954
8.04954
8.04954
8.04954
8.04953
8.04953
8.04953
8.04953
8.04953
8.04953
8.04953
8.04953
8.04953
8.04953
8.04953
8.04953
8.04953
4.82972
4.82972
4.82972
4.82972
4.82972
4.82972
4.82972
4.82972
4.82972
4.82972
4.82972
4.82972
4.82972
4.82972
4.82972
4.82972
4.82972
4.82972
4.82972
4.82972
4.82972
4.82972
4.82972
4.82972
4.82972
4.82972
4.82972
4.82972
4.82972
4.82972
4.82972
4.82972
4.82972
4.82972
4.82972
4.82972
4.82972
4.82972
4.82972
4.82972
4.82972
4.82972
4.82972
4.82972
4.82972
4.82972
4.82972
4.82972
4.82972
4.82972
4.82972
4.82972
4.82972
4.82972
4.82972
4.82972
4.82972
4.82972
4.82972
4.82972
4.82972
4.82972
4.82972
4.82972
4.82972
4.82972
4.82972
4.82972
4.82972
4.82972
4.82972
4.82972
4.82972
4.82972
4.82972
4.82972
4.82972
4.82972
4.82972
4.82972
4.82972
4.82972
4.82972
4.82972
4.82972
4.82972
4.82972
4.82972
4.82972
4.82972
4.82972
4.82972
4.82972
4.82972
4.82972
4.82972
4.82972
4.82972
4.82972
4.82972
1.6099
1.6099
1.6099
1.6099
1.6099
1.6099
1.6099
1.6099
1.6099
1.6099
1.6099
1.6099
1.6099
1.6099
1.6099
1.6099
1.6099
1.6099
1.6099
1.6099
1.6099
1.6099
1.6099
1.6099
1.6099
1.6099
1.6099
1.6099
1.6099
1.6099
1.6099
1.6099
1.6099
1.6099
1.6099
1.6099
1.6099
1.6099
1.6099
1.6099
1.6099
1.6099
1.6099
1.6099
1.6099
1.6099
1.6099
1.6099
1.6099
1.6099
1.6099
1.6099
1.6099
1.6099
1.6099
1.6099
1.6099
1.6099
1.6099
1.6099
1.6099
1.6099
1.6099
1.6099
1.6099
1.6099
1.6099
1.6099
1.6099
1.6099
1.6099
1.6099
1.6099
1.6099
1.6099
1.6099
1.6099
1.6099
1.6099
1.6099
1.6099
1.6099
1.6099
1.6099
1.6099
1.6099
1.6099
1.6099
1.6099
1.6099
1.6099
1.6099
1.6099
1.6099
1.6099
1.6099
1.6099
1.6099
1.6099
1.6099
)
;

boundaryField
{
    fixedWalls
    {
        type            zeroGradient;
    }
    inlet
    {
        type            fixedGradient;
        gradient        uniform 0;
    }
    outlet
    {
        type            fixedValue;
        value           uniform 0;
    }
}


// ************************************************************************* //
