/*--------------------------------*- C++ -*----------------------------------*\
| =========                 |                                                 |
| \\      /  F ield         | OpenFOAM: The Open Source CFD Toolbox           |
|  \\    /   O peration     | Version:  2106                                  |
|   \\  /    A nd           | Website:  www.openfoam.com                      |
|    \\/     M anipulation  |                                                 |
\*---------------------------------------------------------------------------*/
FoamFile
{
    version     2.0;
    format      ascii;
    arch        "LSB;label=32;scalar=64";
    class       volScalarField;
    location    "0.51";
    object      p;
}
// * * * * * * * * * * * * * * * * * * * * * * * * * * * * * * * * * * * * * //

dimensions      [0 2 -2 0 0 0 0];

internalField   nonuniform List<scalar> 
10000
(
98.4659
97.8852
97.5206
97.2541
97.1159
97.1159
97.2541
97.5206
97.8852
98.4659
89.3505
88.5028
87.9444
87.5496
87.3463
87.3463
87.5497
87.9444
88.5028
89.3505
81.7826
80.807
80.1703
79.7267
79.4991
79.4991
79.7267
80.1703
80.807
81.7826
76.5573
75.555
74.9093
74.4661
74.239
74.239
74.4661
74.9093
75.555
76.5573
72.6363
71.6414
71.0036
70.5744
70.3546
70.3546
70.5744
71.0036
71.6414
72.6363
69.4607
68.4928
67.8709
67.4626
67.254
67.254
67.4626
67.8709
68.4928
69.4607
66.8417
65.9217
65.3252
64.9441
64.7501
64.7501
64.9441
65.3252
65.9217
66.8417
64.6729
63.8241
63.2654
62.917
62.7404
62.7404
62.917
63.2654
63.8241
64.6729
62.8744
62.1131
61.6048
61.2938
61.1364
61.1364
61.2938
61.6048
62.1131
62.8744
61.4663
60.7054
60.256
59.9827
59.8442
59.8442
59.9827
60.256
60.7054
61.4663
62.569
62.7414
62.929
63.0555
63.121
63.121
63.0555
62.929
62.7414
62.569
62.9907
63.0852
63.2116
63.2927
63.3342
63.3342
63.2927
63.2116
63.0852
62.9907
62.9672
62.9643
63.0168
63.045
63.059
63.059
63.045
63.0168
62.9643
62.9672
62.5571
62.4642
62.4487
62.4303
62.4202
62.4202
62.4303
62.4487
62.4642
62.5571
61.9627
61.7959
61.7227
61.6668
61.6374
61.6374
61.6668
61.7227
61.7959
61.9627
61.2931
61.0706
60.9506
60.8667
60.823
60.823
60.8667
60.9506
61.0706
61.2931
60.603
60.345
60.1912
60.0891
60.0362
60.0362
60.0891
60.1912
60.345
60.603
59.9238
59.6541
59.482
59.3713
59.3142
59.3142
59.3713
59.482
59.6541
59.9238
59.2912
59.0258
58.8473
58.7352
58.677
58.677
58.7352
58.8473
59.0258
59.2912
58.8081
58.4611
58.2778
58.1651
58.1065
58.1065
58.1651
58.2778
58.4611
58.8081
57.972
57.9576
57.9593
57.9558
57.9543
57.9543
57.9558
57.9593
57.9576
57.972
58.3817
58.3651
58.3662
58.3611
58.3584
58.3584
58.3611
58.3662
58.3651
58.3817
58.7208
58.6858
58.6754
58.6605
58.6526
58.6526
58.6605
58.6754
58.6858
58.7208
58.7734
58.7051
58.6726
58.6418
58.6254
58.6254
58.6418
58.6726
58.7051
58.7734
58.6293
58.5258
58.4691
58.4223
58.3975
58.3975
58.4223
58.4691
58.5258
58.6293
58.3827
58.2488
58.1698
58.1097
58.078
58.078
58.1097
58.1698
58.2488
58.3827
58.082
57.9258
57.8287
57.7592
57.7228
57.7228
57.7592
57.8287
57.9258
58.082
57.7538
57.5875
57.479
57.4046
57.3657
57.3657
57.4046
57.479
57.5875
57.7538
57.431
57.2621
57.1463
57.0696
57.0295
57.0295
57.0696
57.1463
57.2621
57.431
57.1881
56.9555
56.8294
56.749
56.7072
56.7072
56.749
56.8294
56.9555
57.1881
53.2718
53.2915
53.3164
53.3323
53.3407
53.3407
53.3323
53.3164
53.2915
53.2718
53.481
53.5045
53.5333
53.5516
53.5613
53.5613
53.5516
53.5333
53.5045
53.481
53.6585
53.6797
53.7082
53.7256
53.7348
53.7348
53.7256
53.7082
53.6797
53.6585
53.7438
53.7546
53.7763
53.7883
53.7946
53.7946
53.7883
53.7763
53.7546
53.7438
53.7577
53.7542
53.7655
53.7701
53.7724
53.7724
53.7701
53.7655
53.7542
53.7577
53.7236
53.7053
53.7052
53.7021
53.7003
53.7003
53.7021
53.7052
53.7053
53.7236
53.6551
53.6241
53.6133
53.6035
53.5982
53.5982
53.6035
53.6133
53.6241
53.6551
53.562
53.5229
53.5038
53.489
53.4809
53.4809
53.489
53.5038
53.5229
53.562
53.4621
53.4172
53.39
53.3706
53.36
53.36
53.3706
53.39
53.4172
53.4621
53.4002
53.3119
53.271
53.2442
53.2301
53.2301
53.2442
53.271
53.3119
53.4002
50.0623
50.0623
50.0643
50.0644
50.0645
50.0645
50.0644
50.0643
50.0623
50.0623
50.16
50.1636
50.1687
50.1709
50.1721
50.1721
50.1709
50.1687
50.1636
50.16
50.2596
50.2647
50.2715
50.2745
50.276
50.276
50.2745
50.2715
50.2647
50.2596
50.3273
50.3303
50.3361
50.3379
50.3388
50.3388
50.3379
50.3361
50.3303
50.3273
50.3651
50.3637
50.3666
50.3662
50.3658
50.3658
50.3662
50.3666
50.3637
50.3651
50.3797
50.373
50.372
50.3689
50.3671
50.3671
50.3689
50.372
50.373
50.3797
50.3759
50.3641
50.3592
50.3535
50.3503
50.3503
50.3535
50.3592
50.3641
50.376
50.3582
50.3427
50.3343
50.3266
50.3222
50.3222
50.3266
50.3343
50.3427
50.3582
50.3356
50.3167
50.3041
50.294
50.2884
50.2884
50.294
50.3041
50.3167
50.3356
50.3296
50.288
50.2674
50.2531
50.2456
50.2456
50.2531
50.2674
50.288
50.3296
46.7537
46.7567
46.7604
46.7625
46.7637
46.7637
46.7625
46.7604
46.7567
46.7537
46.7942
46.7989
46.8042
46.8074
46.8091
46.8091
46.8074
46.8042
46.7989
46.7942
46.8353
46.8412
46.8477
46.8517
46.8538
46.8538
46.8517
46.8477
46.8412
46.8353
46.8663
46.872
46.8787
46.8826
46.8847
46.8847
46.8826
46.8787
46.872
46.8663
46.8873
46.8917
46.8977
46.9009
46.9026
46.9026
46.9009
46.8977
46.8917
46.8873
46.8995
46.9021
46.9067
46.909
46.9101
46.9101
46.909
46.9067
46.9021
46.8995
46.9041
46.9047
46.9076
46.9087
46.9092
46.9092
46.9087
46.9076
46.9047
46.9041
46.9021
46.9011
46.9025
46.9025
46.9023
46.9023
46.9025
46.9025
46.9011
46.9021
46.8976
46.8948
46.8939
46.8924
46.8915
46.8915
46.8924
46.8939
46.8948
46.8976
46.9013
46.8869
46.8811
46.8769
46.8746
46.8746
46.8769
46.8811
46.8869
46.9013
43.5692
43.5696
43.5701
43.5703
43.5703
43.5703
43.5703
43.5701
43.5696
43.5692
43.586
43.5873
43.5886
43.5893
43.5896
43.5896
43.5893
43.5886
43.5873
43.586
43.6053
43.6073
43.6093
43.6104
43.6109
43.6109
43.6104
43.6093
43.6073
43.6053
43.6219
43.6242
43.6265
43.6278
43.6284
43.6284
43.6278
43.6265
43.6242
43.6219
43.6353
43.6375
43.6399
43.6411
43.6416
43.6416
43.6411
43.6399
43.6375
43.6353
43.6457
43.6476
43.6497
43.6506
43.6511
43.6511
43.6506
43.6497
43.6476
43.6457
43.6533
43.6546
43.6564
43.657
43.6572
43.6572
43.657
43.6564
43.6546
43.6533
43.6584
43.6592
43.6605
43.6607
43.6608
43.6608
43.6607
43.6605
43.6592
43.6584
43.6626
43.6628
43.6631
43.6627
43.6624
43.6624
43.6627
43.6631
43.6628
43.6626
43.6702
43.6653
43.6634
43.6618
43.661
43.661
43.6618
43.6634
43.6653
43.6702
40.3481
40.3487
40.3493
40.3497
40.3498
40.3498
40.3497
40.3493
40.3487
40.3481
40.3545
40.3554
40.3564
40.3569
40.3572
40.3572
40.3569
40.3564
40.3554
40.3545
40.3618
40.363
40.3643
40.3651
40.3655
40.3655
40.3651
40.3643
40.363
40.3618
40.3684
40.3699
40.3714
40.3724
40.3729
40.3729
40.3724
40.3714
40.3699
40.3684
40.3743
40.3759
40.3775
40.3784
40.3789
40.3789
40.3784
40.3775
40.3759
40.3743
40.3791
40.3807
40.3823
40.3832
40.3837
40.3837
40.3832
40.3823
40.3807
40.3791
40.383
40.3844
40.3859
40.3867
40.3871
40.3871
40.3867
40.3859
40.3844
40.383
40.3858
40.3871
40.3884
40.3891
40.3894
40.3894
40.3891
40.3884
40.3871
40.3858
40.3883
40.3893
40.3901
40.3905
40.3907
40.3907
40.3905
40.3901
40.3893
40.3883
40.3922
40.391
40.3908
40.3905
40.3904
40.3904
40.3905
40.3908
40.391
40.3922
37.1338
37.1339
37.134
37.1341
37.1341
37.1341
37.1341
37.134
37.1339
37.1338
37.1362
37.1364
37.1367
37.1368
37.1369
37.1369
37.1368
37.1367
37.1364
37.1362
37.1392
37.1396
37.14
37.1403
37.1404
37.1404
37.1403
37.14
37.1396
37.1392
37.1423
37.1429
37.1434
37.1438
37.1439
37.1439
37.1438
37.1434
37.1429
37.1423
37.1453
37.146
37.1467
37.147
37.1472
37.1472
37.147
37.1467
37.146
37.1453
37.1482
37.1489
37.1496
37.15
37.1502
37.1502
37.15
37.1496
37.1489
37.1482
37.1507
37.1516
37.1523
37.1527
37.1529
37.1529
37.1527
37.1523
37.1516
37.1507
37.153
37.1539
37.1546
37.155
37.1551
37.1551
37.155
37.1546
37.1539
37.153
37.1553
37.1561
37.1566
37.1569
37.157
37.157
37.1569
37.1566
37.1561
37.1553
37.1582
37.1581
37.1582
37.1583
37.1583
37.1583
37.1583
37.1582
37.1581
37.1582
33.9088
33.9089
33.909
33.9091
33.9091
33.9091
33.9091
33.909
33.9089
33.9088
33.9096
33.9097
33.9099
33.91
33.91
33.91
33.91
33.9099
33.9097
33.9096
33.9106
33.9108
33.911
33.9112
33.9112
33.9112
33.9112
33.911
33.9108
33.9106
33.9117
33.912
33.9123
33.9125
33.9126
33.9126
33.9125
33.9123
33.912
33.9117
33.9129
33.9132
33.9136
33.9138
33.9139
33.9139
33.9138
33.9136
33.9132
33.9129
33.914
33.9145
33.9148
33.9151
33.9152
33.9152
33.9151
33.9148
33.9145
33.914
33.9151
33.9156
33.916
33.9163
33.9164
33.9164
33.9163
33.916
33.9156
33.9151
33.9162
33.9167
33.9171
33.9173
33.9174
33.9174
33.9173
33.9171
33.9167
33.9162
33.9172
33.9177
33.918
33.9182
33.9183
33.9183
33.9182
33.918
33.9177
33.9172
33.9184
33.9186
33.9187
33.9188
33.9189
33.9189
33.9188
33.9187
33.9186
33.9184
30.6828
30.6828
30.6828
30.6828
30.6828
30.6828
30.6828
30.6828
30.6828
30.6828
30.683
30.683
30.683
30.683
30.6831
30.6831
30.683
30.683
30.683
30.683
30.6833
30.6834
30.6834
30.6835
30.6835
30.6835
30.6835
30.6834
30.6834
30.6833
30.6838
30.6839
30.684
30.684
30.6841
30.6841
30.684
30.684
30.6839
30.6838
30.6843
30.6845
30.6846
30.6847
30.6847
30.6847
30.6847
30.6846
30.6845
30.6843
30.6849
30.6851
30.6852
30.6853
30.6854
30.6854
30.6853
30.6852
30.6851
30.6849
30.6855
30.6857
30.6859
30.686
30.6861
30.6861
30.686
30.6859
30.6857
30.6855
30.6861
30.6864
30.6866
30.6867
30.6867
30.6867
30.6867
30.6866
30.6864
30.6861
30.6867
30.687
30.6872
30.6873
30.6873
30.6873
30.6873
30.6872
30.687
30.6867
30.6874
30.6876
30.6877
30.6878
30.6879
30.6879
30.6878
30.6877
30.6876
30.6874
27.454
27.4541
27.4541
27.4541
27.4541
27.4541
27.4541
27.4541
27.4541
27.454
27.4541
27.4541
27.4541
27.4541
27.4541
27.4541
27.4541
27.4541
27.4541
27.4541
27.4541
27.4542
27.4542
27.4542
27.4542
27.4542
27.4542
27.4542
27.4542
27.4541
27.4543
27.4543
27.4544
27.4544
27.4544
27.4544
27.4544
27.4544
27.4543
27.4543
27.4545
27.4545
27.4546
27.4546
27.4546
27.4546
27.4546
27.4546
27.4545
27.4545
27.4547
27.4548
27.4548
27.4549
27.4549
27.4549
27.4549
27.4548
27.4548
27.4547
27.4549
27.455
27.4551
27.4552
27.4552
27.4552
27.4552
27.4551
27.455
27.4549
27.4552
27.4553
27.4554
27.4554
27.4555
27.4555
27.4554
27.4554
27.4553
27.4552
27.4554
27.4555
27.4556
27.4557
27.4557
27.4557
27.4557
27.4556
27.4555
27.4554
27.4557
27.4558
27.4559
27.4559
27.4559
27.4559
27.4559
27.4559
27.4558
27.4557
24.2248
24.2248
24.2248
24.2248
24.2248
24.2248
24.2248
24.2248
24.2248
24.2248
24.2248
24.2248
24.2248
24.2248
24.2248
24.2248
24.2248
24.2248
24.2248
24.2248
24.2248
24.2248
24.2248
24.2248
24.2248
24.2248
24.2248
24.2248
24.2248
24.2248
24.2249
24.2249
24.2249
24.2249
24.2249
24.2249
24.2249
24.2249
24.2249
24.2249
24.2249
24.225
24.225
24.225
24.225
24.225
24.225
24.225
24.225
24.2249
24.225
24.2251
24.2251
24.2251
24.2251
24.2251
24.2251
24.2251
24.2251
24.225
24.2251
24.2252
24.2252
24.2253
24.2253
24.2253
24.2253
24.2252
24.2252
24.2251
24.2253
24.2253
24.2254
24.2254
24.2254
24.2254
24.2254
24.2254
24.2253
24.2253
24.2254
24.2255
24.2255
24.2255
24.2256
24.2256
24.2255
24.2255
24.2255
24.2254
24.2255
24.2256
24.2257
24.2257
24.2257
24.2257
24.2257
24.2257
24.2256
24.2255
20.995
20.995
20.995
20.995
20.995
20.995
20.995
20.995
20.995
20.995
20.995
20.995
20.995
20.995
20.995
20.995
20.995
20.995
20.995
20.995
20.995
20.995
20.995
20.995
20.995
20.995
20.995
20.995
20.995
20.995
20.995
20.995
20.995
20.995
20.995
20.995
20.995
20.995
20.995
20.995
20.995
20.995
20.995
20.9951
20.9951
20.9951
20.9951
20.995
20.995
20.995
20.9951
20.9951
20.9951
20.9951
20.9951
20.9951
20.9951
20.9951
20.9951
20.9951
20.9951
20.9951
20.9951
20.9951
20.9952
20.9952
20.9951
20.9951
20.9951
20.9951
20.9952
20.9952
20.9952
20.9952
20.9952
20.9952
20.9952
20.9952
20.9952
20.9952
20.9952
20.9952
20.9952
20.9953
20.9953
20.9953
20.9953
20.9952
20.9952
20.9952
20.9953
20.9953
20.9953
20.9953
20.9953
20.9953
20.9953
20.9953
20.9953
20.9953
17.7651
17.7651
17.7651
17.7651
17.7651
17.7651
17.7651
17.7651
17.7651
17.7651
17.7651
17.7651
17.7651
17.7651
17.7651
17.7651
17.7651
17.7651
17.7651
17.7651
17.7651
17.7651
17.7651
17.7651
17.7651
17.7651
17.7651
17.7651
17.7651
17.7651
17.7651
17.7651
17.7651
17.7651
17.7651
17.7651
17.7651
17.7651
17.7651
17.7651
17.7651
17.7651
17.7651
17.7651
17.7651
17.7651
17.7651
17.7651
17.7651
17.7651
17.7651
17.7651
17.7651
17.7651
17.7651
17.7651
17.7651
17.7651
17.7651
17.7651
17.7652
17.7652
17.7652
17.7652
17.7652
17.7652
17.7652
17.7652
17.7652
17.7652
17.7652
17.7652
17.7652
17.7652
17.7652
17.7652
17.7652
17.7652
17.7652
17.7652
17.7652
17.7652
17.7652
17.7652
17.7652
17.7652
17.7652
17.7652
17.7652
17.7652
17.7652
17.7652
17.7652
17.7653
17.7653
17.7653
17.7653
17.7652
17.7652
17.7652
14.5351
14.5351
14.5351
14.5351
14.5351
14.5351
14.5351
14.5351
14.5351
14.5351
14.5351
14.5351
14.5351
14.5351
14.5351
14.5351
14.5351
14.5351
14.5351
14.5351
14.5351
14.5351
14.5351
14.5351
14.5351
14.5351
14.5351
14.5351
14.5351
14.5351
14.5351
14.5351
14.5351
14.5351
14.5351
14.5351
14.5351
14.5351
14.5351
14.5351
14.5351
14.5351
14.5351
14.5351
14.5351
14.5351
14.5351
14.5351
14.5351
14.5351
14.5351
14.5351
14.5351
14.5351
14.5351
14.5351
14.5351
14.5351
14.5351
14.5351
14.5351
14.5351
14.5351
14.5351
14.5351
14.5351
14.5351
14.5351
14.5351
14.5351
14.5351
14.5351
14.5351
14.5351
14.5351
14.5351
14.5351
14.5351
14.5351
14.5351
14.5351
14.5351
14.5352
14.5352
14.5352
14.5352
14.5352
14.5352
14.5351
14.5351
14.5352
14.5352
14.5352
14.5352
14.5352
14.5352
14.5352
14.5352
14.5352
14.5352
11.3051
11.3051
11.3051
11.3051
11.3051
11.3051
11.3051
11.3051
11.3051
11.3051
11.3051
11.3051
11.3051
11.3051
11.3051
11.3051
11.3051
11.3051
11.3051
11.3051
11.3051
11.3051
11.3051
11.3051
11.3051
11.3051
11.3051
11.3051
11.3051
11.3051
11.3051
11.3051
11.3051
11.3051
11.3051
11.3051
11.3051
11.3051
11.3051
11.3051
11.3051
11.3051
11.3051
11.3051
11.3051
11.3051
11.3051
11.3051
11.3051
11.3051
11.3051
11.3051
11.3051
11.3051
11.3051
11.3051
11.3051
11.3051
11.3051
11.3051
11.3051
11.3051
11.3051
11.3051
11.3051
11.3051
11.3051
11.3051
11.3051
11.3051
11.3051
11.3051
11.3051
11.3051
11.3051
11.3051
11.3051
11.3051
11.3051
11.3051
11.3051
11.3051
11.3051
11.3051
11.3051
11.3051
11.3051
11.3051
11.3051
11.3051
11.3051
11.3051
11.3051
11.3051
11.3051
11.3051
11.3051
11.3051
11.3051
11.3051
8.07508
8.07508
8.07508
8.07508
8.07508
8.07508
8.07508
8.07508
8.07508
8.07508
8.07508
8.07508
8.07508
8.07508
8.07508
8.07508
8.07508
8.07508
8.07508
8.07508
8.07508
8.07508
8.07508
8.07508
8.07508
8.07508
8.07508
8.07508
8.07508
8.07508
8.07508
8.07508
8.07508
8.07508
8.07508
8.07508
8.07508
8.07508
8.07508
8.07508
8.07508
8.07508
8.07508
8.07508
8.07508
8.07508
8.07508
8.07508
8.07508
8.07508
8.07508
8.07508
8.07508
8.07508
8.07508
8.07508
8.07508
8.07508
8.07508
8.07508
8.07508
8.07508
8.07508
8.07508
8.07508
8.07508
8.07508
8.07508
8.07508
8.07508
8.07508
8.07508
8.07508
8.07508
8.07508
8.07508
8.07508
8.07508
8.07508
8.07508
8.07508
8.07508
8.07508
8.07508
8.07508
8.07508
8.07508
8.07508
8.07508
8.07508
8.07508
8.07508
8.07508
8.07508
8.07508
8.07508
8.07508
8.07508
8.07508
8.07508
4.84505
4.84505
4.84505
4.84505
4.84505
4.84505
4.84505
4.84505
4.84505
4.84505
4.84505
4.84505
4.84505
4.84505
4.84505
4.84505
4.84505
4.84505
4.84505
4.84505
4.84505
4.84505
4.84505
4.84505
4.84505
4.84505
4.84505
4.84505
4.84505
4.84505
4.84505
4.84505
4.84505
4.84505
4.84505
4.84505
4.84505
4.84505
4.84505
4.84505
4.84505
4.84505
4.84505
4.84505
4.84505
4.84505
4.84505
4.84505
4.84505
4.84505
4.84505
4.84505
4.84505
4.84505
4.84505
4.84505
4.84505
4.84505
4.84505
4.84505
4.84505
4.84505
4.84505
4.84505
4.84505
4.84505
4.84505
4.84505
4.84505
4.84505
4.84505
4.84505
4.84505
4.84505
4.84505
4.84505
4.84505
4.84505
4.84505
4.84505
4.84505
4.84505
4.84505
4.84505
4.84505
4.84505
4.84505
4.84505
4.84505
4.84505
4.84505
4.84505
4.84505
4.84505
4.84505
4.84505
4.84505
4.84505
4.84505
4.84505
1.61502
1.61502
1.61502
1.61502
1.61502
1.61502
1.61502
1.61502
1.61502
1.61502
1.61502
1.61502
1.61502
1.61502
1.61502
1.61502
1.61502
1.61502
1.61502
1.61502
1.61502
1.61502
1.61502
1.61502
1.61502
1.61502
1.61502
1.61502
1.61502
1.61502
1.61502
1.61502
1.61502
1.61502
1.61502
1.61502
1.61502
1.61502
1.61502
1.61502
1.61502
1.61502
1.61502
1.61502
1.61502
1.61502
1.61502
1.61502
1.61502
1.61502
1.61501
1.61501
1.61501
1.61501
1.61501
1.61501
1.61501
1.61501
1.61501
1.61501
1.61501
1.61501
1.61501
1.61501
1.61501
1.61501
1.61501
1.61501
1.61501
1.61501
1.61501
1.61501
1.61501
1.61501
1.61501
1.61501
1.61501
1.61501
1.61501
1.61501
1.61501
1.61501
1.61501
1.61501
1.61501
1.61501
1.61501
1.61501
1.61501
1.61501
1.61501
1.61501
1.61501
1.61501
1.61501
1.61501
1.61501
1.61501
1.61501
1.61501
98.4659
97.8852
97.5206
97.2541
97.1159
97.1159
97.2541
97.5206
97.8852
98.4659
89.3505
88.5028
87.9444
87.5497
87.3463
87.3463
87.5497
87.9444
88.5028
89.3505
81.7826
80.807
80.1703
79.7267
79.4991
79.4991
79.7267
80.1703
80.807
81.7826
76.5573
75.555
74.9093
74.4661
74.239
74.239
74.4661
74.9093
75.555
76.5573
72.6363
71.6414
71.0036
70.5744
70.3546
70.3546
70.5744
71.0036
71.6414
72.6363
69.4607
68.4928
67.8709
67.4626
67.254
67.254
67.4626
67.8709
68.4929
69.4607
66.8417
65.9217
65.3252
64.9441
64.7501
64.7501
64.9441
65.3252
65.9217
66.8417
64.6729
63.8242
63.2654
62.917
62.7404
62.7404
62.917
63.2654
63.8242
64.6729
62.8744
62.1131
61.6048
61.2938
61.1364
61.1364
61.2938
61.6048
62.1131
62.8744
61.4663
60.7054
60.256
59.9827
59.8442
59.8442
59.9827
60.256
60.7054
61.4663
62.569
62.7414
62.929
63.0555
63.121
63.121
63.0555
62.929
62.7414
62.569
62.9907
63.0852
63.2116
63.2928
63.3342
63.3342
63.2928
63.2116
63.0852
62.9908
62.9672
62.9643
63.0169
63.045
63.0591
63.0591
63.045
63.0169
62.9643
62.9672
62.5571
62.4642
62.4487
62.4303
62.4202
62.4202
62.4303
62.4487
62.4642
62.5571
61.9627
61.7959
61.7227
61.6668
61.6374
61.6374
61.6668
61.7227
61.7959
61.9627
61.2931
61.0706
60.9506
60.8667
60.823
60.823
60.8667
60.9506
61.0706
61.2931
60.603
60.345
60.1912
60.0891
60.0362
60.0362
60.0891
60.1912
60.345
60.603
59.9238
59.6541
59.482
59.3713
59.3142
59.3142
59.3713
59.482
59.6541
59.9238
59.2912
59.0258
58.8473
58.7352
58.6771
58.6771
58.7352
58.8473
59.0258
59.2912
58.8081
58.4611
58.2778
58.1651
58.1065
58.1065
58.1651
58.2778
58.4611
58.8081
57.972
57.9576
57.9593
57.9559
57.9543
57.9543
57.9559
57.9593
57.9576
57.972
58.3817
58.3651
58.3662
58.3611
58.3584
58.3584
58.3611
58.3662
58.3651
58.3817
58.7208
58.6858
58.6754
58.6605
58.6526
58.6526
58.6605
58.6754
58.6858
58.7208
58.7734
58.7051
58.6726
58.6418
58.6254
58.6254
58.6418
58.6726
58.7051
58.7734
58.6293
58.5258
58.4691
58.4223
58.3975
58.3975
58.4223
58.4691
58.5258
58.6293
58.3827
58.2488
58.1698
58.1097
58.078
58.078
58.1097
58.1698
58.2488
58.3827
58.082
57.9258
57.8287
57.7592
57.7228
57.7228
57.7592
57.8287
57.9258
58.082
57.7538
57.5875
57.479
57.4046
57.3657
57.3657
57.4046
57.479
57.5875
57.7538
57.431
57.2621
57.1463
57.0696
57.0295
57.0295
57.0696
57.1463
57.2621
57.431
57.1881
56.9555
56.8294
56.749
56.7072
56.7072
56.749
56.8294
56.9555
57.1881
53.2718
53.2915
53.3164
53.3323
53.3408
53.3408
53.3323
53.3164
53.2915
53.2718
53.481
53.5045
53.5333
53.5516
53.5613
53.5613
53.5516
53.5333
53.5045
53.481
53.6585
53.6797
53.7082
53.7256
53.7348
53.7348
53.7256
53.7082
53.6797
53.6585
53.7438
53.7546
53.7763
53.7883
53.7946
53.7946
53.7883
53.7763
53.7546
53.7438
53.7577
53.7542
53.7656
53.7701
53.7724
53.7724
53.7701
53.7656
53.7542
53.7577
53.7236
53.7053
53.7053
53.7021
53.7003
53.7003
53.7021
53.7053
53.7053
53.7236
53.6551
53.6241
53.6133
53.6035
53.5982
53.5982
53.6035
53.6133
53.6241
53.6551
53.562
53.5229
53.5038
53.489
53.4809
53.4809
53.489
53.5038
53.5229
53.562
53.4621
53.4172
53.39
53.3706
53.3601
53.3601
53.3706
53.39
53.4172
53.4621
53.4002
53.3119
53.271
53.2442
53.2301
53.2301
53.2442
53.271
53.3119
53.4002
50.0623
50.0623
50.0643
50.0644
50.0645
50.0645
50.0644
50.0643
50.0623
50.0623
50.16
50.1636
50.1687
50.1709
50.1721
50.1721
50.1709
50.1687
50.1636
50.16
50.2596
50.2647
50.2715
50.2745
50.276
50.276
50.2745
50.2715
50.2647
50.2597
50.3273
50.3303
50.3361
50.3379
50.3388
50.3388
50.3379
50.3361
50.3303
50.3273
50.3651
50.3637
50.3666
50.3662
50.3658
50.3658
50.3662
50.3666
50.3637
50.3651
50.3797
50.373
50.372
50.3689
50.3671
50.3671
50.3689
50.372
50.373
50.3797
50.376
50.3641
50.3592
50.3535
50.3503
50.3503
50.3535
50.3592
50.3641
50.376
50.3582
50.3427
50.3343
50.3266
50.3222
50.3222
50.3266
50.3343
50.3427
50.3582
50.3356
50.3167
50.3041
50.294
50.2884
50.2884
50.294
50.3041
50.3167
50.3356
50.3296
50.288
50.2674
50.2531
50.2456
50.2456
50.2531
50.2674
50.2881
50.3296
46.7537
46.7567
46.7604
46.7625
46.7637
46.7637
46.7625
46.7604
46.7567
46.7537
46.7942
46.7989
46.8042
46.8074
46.8091
46.8091
46.8074
46.8042
46.7989
46.7942
46.8353
46.8412
46.8477
46.8517
46.8538
46.8538
46.8517
46.8477
46.8412
46.8353
46.8663
46.872
46.8787
46.8826
46.8847
46.8847
46.8826
46.8787
46.872
46.8663
46.8873
46.8917
46.8977
46.9009
46.9026
46.9026
46.9009
46.8977
46.8917
46.8873
46.8995
46.9021
46.9067
46.909
46.9101
46.9101
46.909
46.9067
46.9021
46.8995
46.9041
46.9047
46.9076
46.9087
46.9092
46.9092
46.9087
46.9076
46.9047
46.9041
46.9021
46.9011
46.9025
46.9025
46.9023
46.9023
46.9025
46.9025
46.9011
46.9021
46.8976
46.8948
46.8939
46.8924
46.8915
46.8915
46.8924
46.8939
46.8948
46.8977
46.9013
46.8869
46.8811
46.8769
46.8746
46.8746
46.8769
46.8811
46.8869
46.9013
43.5692
43.5696
43.5701
43.5703
43.5703
43.5703
43.5703
43.5701
43.5696
43.5692
43.586
43.5873
43.5886
43.5893
43.5896
43.5896
43.5893
43.5886
43.5873
43.586
43.6053
43.6073
43.6093
43.6104
43.6109
43.6109
43.6104
43.6093
43.6073
43.6053
43.6219
43.6242
43.6265
43.6278
43.6284
43.6284
43.6278
43.6265
43.6242
43.6219
43.6353
43.6375
43.6399
43.6411
43.6416
43.6416
43.6411
43.6399
43.6375
43.6353
43.6457
43.6476
43.6497
43.6506
43.6511
43.6511
43.6506
43.6497
43.6476
43.6457
43.6533
43.6546
43.6564
43.657
43.6572
43.6572
43.657
43.6564
43.6546
43.6533
43.6584
43.6592
43.6605
43.6607
43.6608
43.6608
43.6607
43.6605
43.6592
43.6584
43.6626
43.6628
43.6631
43.6627
43.6624
43.6624
43.6627
43.6631
43.6628
43.6626
43.6702
43.6653
43.6634
43.6618
43.661
43.661
43.6618
43.6634
43.6653
43.6702
40.3481
40.3487
40.3493
40.3497
40.3499
40.3499
40.3497
40.3493
40.3487
40.3481
40.3545
40.3554
40.3564
40.3569
40.3572
40.3572
40.3569
40.3564
40.3554
40.3545
40.3618
40.363
40.3643
40.3651
40.3655
40.3655
40.3651
40.3643
40.363
40.3618
40.3684
40.3699
40.3715
40.3724
40.3729
40.3729
40.3724
40.3715
40.3699
40.3684
40.3743
40.3759
40.3775
40.3784
40.3789
40.3789
40.3784
40.3775
40.3759
40.3743
40.3792
40.3807
40.3823
40.3832
40.3837
40.3837
40.3832
40.3823
40.3807
40.3792
40.383
40.3844
40.3859
40.3867
40.3871
40.3871
40.3867
40.3859
40.3844
40.383
40.3858
40.3871
40.3884
40.3891
40.3894
40.3894
40.3891
40.3884
40.3871
40.3858
40.3883
40.3893
40.3901
40.3905
40.3907
40.3907
40.3905
40.3902
40.3893
40.3883
40.3922
40.391
40.3908
40.3905
40.3904
40.3904
40.3905
40.3908
40.391
40.3922
37.1338
37.1339
37.134
37.1341
37.1341
37.1341
37.1341
37.134
37.1339
37.1338
37.1362
37.1364
37.1367
37.1368
37.1369
37.1369
37.1368
37.1367
37.1364
37.1362
37.1392
37.1396
37.14
37.1403
37.1404
37.1404
37.1403
37.14
37.1396
37.1392
37.1423
37.1429
37.1434
37.1438
37.1439
37.1439
37.1438
37.1434
37.1429
37.1423
37.1453
37.146
37.1467
37.1471
37.1472
37.1472
37.1471
37.1467
37.146
37.1453
37.1482
37.1489
37.1497
37.15
37.1502
37.1502
37.15
37.1497
37.1489
37.1482
37.1507
37.1516
37.1523
37.1527
37.1529
37.1529
37.1527
37.1523
37.1516
37.1507
37.153
37.1539
37.1546
37.155
37.1551
37.1551
37.155
37.1546
37.1539
37.1531
37.1553
37.1561
37.1567
37.1569
37.157
37.157
37.1569
37.1567
37.1561
37.1553
37.1582
37.1581
37.1582
37.1583
37.1583
37.1583
37.1583
37.1582
37.1581
37.1582
33.9088
33.9089
33.909
33.9091
33.9091
33.9091
33.9091
33.909
33.9089
33.9088
33.9096
33.9097
33.9099
33.91
33.91
33.91
33.91
33.9099
33.9097
33.9096
33.9106
33.9108
33.911
33.9112
33.9112
33.9112
33.9112
33.911
33.9108
33.9106
33.9117
33.912
33.9123
33.9125
33.9126
33.9126
33.9125
33.9123
33.912
33.9117
33.9129
33.9132
33.9136
33.9138
33.9139
33.9139
33.9138
33.9136
33.9132
33.9129
33.914
33.9145
33.9148
33.9151
33.9152
33.9152
33.9151
33.9148
33.9145
33.914
33.9151
33.9156
33.916
33.9163
33.9164
33.9164
33.9163
33.916
33.9156
33.9151
33.9162
33.9167
33.9171
33.9173
33.9174
33.9174
33.9173
33.9171
33.9167
33.9162
33.9172
33.9177
33.918
33.9182
33.9183
33.9183
33.9182
33.918
33.9177
33.9172
33.9184
33.9186
33.9187
33.9188
33.9189
33.9189
33.9188
33.9187
33.9186
33.9184
30.6828
30.6828
30.6828
30.6828
30.6828
30.6828
30.6828
30.6828
30.6828
30.6828
30.683
30.683
30.683
30.683
30.6831
30.6831
30.683
30.683
30.683
30.683
30.6833
30.6834
30.6834
30.6835
30.6835
30.6835
30.6835
30.6834
30.6834
30.6833
30.6838
30.6839
30.684
30.684
30.6841
30.6841
30.684
30.684
30.6839
30.6838
30.6843
30.6845
30.6846
30.6847
30.6847
30.6847
30.6847
30.6846
30.6845
30.6843
30.6849
30.6851
30.6852
30.6853
30.6854
30.6854
30.6853
30.6852
30.6851
30.6849
30.6855
30.6857
30.6859
30.686
30.6861
30.6861
30.686
30.6859
30.6857
30.6855
30.6861
30.6864
30.6866
30.6867
30.6867
30.6867
30.6867
30.6866
30.6864
30.6861
30.6867
30.687
30.6872
30.6873
30.6873
30.6873
30.6873
30.6872
30.687
30.6867
30.6874
30.6876
30.6877
30.6878
30.6879
30.6879
30.6878
30.6877
30.6876
30.6874
27.454
27.4541
27.4541
27.4541
27.4541
27.4541
27.4541
27.4541
27.4541
27.454
27.4541
27.4541
27.4541
27.4541
27.4541
27.4541
27.4541
27.4541
27.4541
27.4541
27.4541
27.4542
27.4542
27.4542
27.4542
27.4542
27.4542
27.4542
27.4542
27.4541
27.4543
27.4543
27.4544
27.4544
27.4544
27.4544
27.4544
27.4544
27.4543
27.4543
27.4545
27.4545
27.4546
27.4546
27.4546
27.4546
27.4546
27.4546
27.4545
27.4545
27.4547
27.4548
27.4548
27.4549
27.4549
27.4549
27.4549
27.4548
27.4548
27.4547
27.4549
27.455
27.4551
27.4552
27.4552
27.4552
27.4552
27.4551
27.455
27.4549
27.4552
27.4553
27.4554
27.4554
27.4555
27.4555
27.4554
27.4554
27.4553
27.4552
27.4554
27.4555
27.4556
27.4557
27.4557
27.4557
27.4557
27.4556
27.4555
27.4554
27.4557
27.4558
27.4559
27.4559
27.4559
27.4559
27.4559
27.4559
27.4558
27.4557
24.2248
24.2248
24.2248
24.2248
24.2248
24.2248
24.2248
24.2248
24.2248
24.2248
24.2248
24.2248
24.2248
24.2248
24.2248
24.2248
24.2248
24.2248
24.2248
24.2248
24.2248
24.2248
24.2248
24.2248
24.2248
24.2248
24.2248
24.2248
24.2248
24.2248
24.2249
24.2249
24.2249
24.2249
24.2249
24.2249
24.2249
24.2249
24.2249
24.2249
24.2249
24.225
24.225
24.225
24.225
24.225
24.225
24.225
24.225
24.2249
24.225
24.2251
24.2251
24.2251
24.2251
24.2251
24.2251
24.2251
24.2251
24.225
24.2251
24.2252
24.2252
24.2253
24.2253
24.2253
24.2253
24.2252
24.2252
24.2251
24.2253
24.2253
24.2254
24.2254
24.2254
24.2254
24.2254
24.2254
24.2253
24.2253
24.2254
24.2255
24.2255
24.2255
24.2256
24.2256
24.2255
24.2255
24.2255
24.2254
24.2255
24.2256
24.2257
24.2257
24.2257
24.2257
24.2257
24.2257
24.2256
24.2255
20.995
20.995
20.995
20.995
20.995
20.995
20.995
20.995
20.995
20.995
20.995
20.995
20.995
20.995
20.995
20.995
20.995
20.995
20.995
20.995
20.995
20.995
20.995
20.995
20.995
20.995
20.995
20.995
20.995
20.995
20.995
20.995
20.995
20.995
20.995
20.995
20.995
20.995
20.995
20.995
20.995
20.995
20.995
20.9951
20.9951
20.9951
20.9951
20.995
20.995
20.995
20.9951
20.9951
20.9951
20.9951
20.9951
20.9951
20.9951
20.9951
20.9951
20.9951
20.9951
20.9951
20.9951
20.9951
20.9952
20.9952
20.9951
20.9951
20.9951
20.9951
20.9952
20.9952
20.9952
20.9952
20.9952
20.9952
20.9952
20.9952
20.9952
20.9952
20.9952
20.9952
20.9952
20.9953
20.9953
20.9953
20.9953
20.9952
20.9952
20.9952
20.9953
20.9953
20.9953
20.9953
20.9953
20.9953
20.9953
20.9953
20.9953
20.9953
17.7651
17.7651
17.7651
17.7651
17.7651
17.7651
17.7651
17.7651
17.7651
17.7651
17.7651
17.7651
17.7651
17.7651
17.7651
17.7651
17.7651
17.7651
17.7651
17.7651
17.7651
17.7651
17.7651
17.7651
17.7651
17.7651
17.7651
17.7651
17.7651
17.7651
17.7651
17.7651
17.7651
17.7651
17.7651
17.7651
17.7651
17.7651
17.7651
17.7651
17.7651
17.7651
17.7651
17.7651
17.7651
17.7651
17.7651
17.7651
17.7651
17.7651
17.7651
17.7651
17.7651
17.7651
17.7651
17.7651
17.7651
17.7651
17.7651
17.7651
17.7652
17.7652
17.7652
17.7652
17.7652
17.7652
17.7652
17.7652
17.7652
17.7652
17.7652
17.7652
17.7652
17.7652
17.7652
17.7652
17.7652
17.7652
17.7652
17.7652
17.7652
17.7652
17.7652
17.7652
17.7652
17.7652
17.7652
17.7652
17.7652
17.7652
17.7652
17.7652
17.7652
17.7653
17.7653
17.7653
17.7653
17.7652
17.7652
17.7652
14.5351
14.5351
14.5351
14.5351
14.5351
14.5351
14.5351
14.5351
14.5351
14.5351
14.5351
14.5351
14.5351
14.5351
14.5351
14.5351
14.5351
14.5351
14.5351
14.5351
14.5351
14.5351
14.5351
14.5351
14.5351
14.5351
14.5351
14.5351
14.5351
14.5351
14.5351
14.5351
14.5351
14.5351
14.5351
14.5351
14.5351
14.5351
14.5351
14.5351
14.5351
14.5351
14.5351
14.5351
14.5351
14.5351
14.5351
14.5351
14.5351
14.5351
14.5351
14.5351
14.5351
14.5351
14.5351
14.5351
14.5351
14.5351
14.5351
14.5351
14.5351
14.5351
14.5351
14.5351
14.5351
14.5351
14.5351
14.5351
14.5351
14.5351
14.5351
14.5351
14.5351
14.5351
14.5351
14.5351
14.5351
14.5351
14.5351
14.5351
14.5351
14.5351
14.5352
14.5352
14.5352
14.5352
14.5352
14.5352
14.5351
14.5351
14.5352
14.5352
14.5352
14.5352
14.5352
14.5352
14.5352
14.5352
14.5352
14.5352
11.3051
11.3051
11.3051
11.3051
11.3051
11.3051
11.3051
11.3051
11.3051
11.3051
11.3051
11.3051
11.3051
11.3051
11.3051
11.3051
11.3051
11.3051
11.3051
11.3051
11.3051
11.3051
11.3051
11.3051
11.3051
11.3051
11.3051
11.3051
11.3051
11.3051
11.3051
11.3051
11.3051
11.3051
11.3051
11.3051
11.3051
11.3051
11.3051
11.3051
11.3051
11.3051
11.3051
11.3051
11.3051
11.3051
11.3051
11.3051
11.3051
11.3051
11.3051
11.3051
11.3051
11.3051
11.3051
11.3051
11.3051
11.3051
11.3051
11.3051
11.3051
11.3051
11.3051
11.3051
11.3051
11.3051
11.3051
11.3051
11.3051
11.3051
11.3051
11.3051
11.3051
11.3051
11.3051
11.3051
11.3051
11.3051
11.3051
11.3051
11.3051
11.3051
11.3051
11.3051
11.3051
11.3051
11.3051
11.3051
11.3051
11.3051
11.3051
11.3051
11.3051
11.3051
11.3051
11.3051
11.3051
11.3051
11.3051
11.3051
8.07508
8.07508
8.07508
8.07508
8.07508
8.07508
8.07508
8.07508
8.07508
8.07508
8.07508
8.07508
8.07508
8.07508
8.07508
8.07508
8.07508
8.07508
8.07508
8.07508
8.07508
8.07508
8.07508
8.07508
8.07508
8.07508
8.07508
8.07508
8.07508
8.07508
8.07508
8.07508
8.07508
8.07508
8.07508
8.07508
8.07508
8.07508
8.07508
8.07508
8.07508
8.07508
8.07508
8.07508
8.07508
8.07508
8.07508
8.07508
8.07508
8.07508
8.07508
8.07508
8.07508
8.07508
8.07508
8.07508
8.07508
8.07508
8.07508
8.07508
8.07508
8.07508
8.07508
8.07508
8.07508
8.07508
8.07508
8.07508
8.07508
8.07508
8.07508
8.07508
8.07508
8.07508
8.07508
8.07508
8.07508
8.07508
8.07508
8.07508
8.07508
8.07508
8.07508
8.07508
8.07508
8.07508
8.07508
8.07508
8.07508
8.07508
8.07508
8.07508
8.07508
8.07508
8.07508
8.07508
8.07508
8.07508
8.07508
8.07508
4.84505
4.84505
4.84505
4.84505
4.84505
4.84505
4.84505
4.84505
4.84505
4.84505
4.84505
4.84505
4.84505
4.84505
4.84505
4.84505
4.84505
4.84505
4.84505
4.84505
4.84505
4.84505
4.84505
4.84505
4.84505
4.84505
4.84505
4.84505
4.84505
4.84505
4.84505
4.84505
4.84505
4.84505
4.84505
4.84505
4.84505
4.84505
4.84505
4.84505
4.84505
4.84505
4.84505
4.84505
4.84505
4.84505
4.84505
4.84505
4.84505
4.84505
4.84505
4.84505
4.84505
4.84505
4.84505
4.84505
4.84505
4.84505
4.84505
4.84505
4.84505
4.84505
4.84505
4.84505
4.84505
4.84505
4.84505
4.84505
4.84505
4.84505
4.84505
4.84505
4.84505
4.84505
4.84505
4.84505
4.84505
4.84505
4.84505
4.84505
4.84505
4.84505
4.84505
4.84505
4.84505
4.84505
4.84505
4.84505
4.84505
4.84505
4.84505
4.84505
4.84504
4.84504
4.84504
4.84504
4.84504
4.84504
4.84504
4.84504
1.61502
1.61502
1.61502
1.61502
1.61502
1.61502
1.61502
1.61502
1.61502
1.61502
1.61502
1.61502
1.61502
1.61502
1.61502
1.61502
1.61502
1.61502
1.61502
1.61502
1.61502
1.61502
1.61502
1.61502
1.61502
1.61502
1.61502
1.61502
1.61502
1.61502
1.61502
1.61502
1.61502
1.61502
1.61502
1.61502
1.61502
1.61502
1.61502
1.61502
1.61502
1.61502
1.61502
1.61502
1.61502
1.61502
1.61502
1.61502
1.61502
1.61502
1.61501
1.61501
1.61501
1.61501
1.61501
1.61501
1.61501
1.61501
1.61501
1.61501
1.61501
1.61501
1.61501
1.61501
1.61501
1.61501
1.61501
1.61501
1.61501
1.61501
1.61501
1.61501
1.61501
1.61501
1.61501
1.61501
1.61501
1.61501
1.61501
1.61501
1.61501
1.61501
1.61501
1.61501
1.61501
1.61501
1.61501
1.61501
1.61501
1.61501
1.61501
1.61501
1.61501
1.61501
1.61501
1.61501
1.61501
1.61501
1.61501
1.61501
98.4659
97.8852
97.5206
97.2541
97.1159
97.1159
97.2541
97.5206
97.8852
98.4659
89.3505
88.5028
87.9444
87.5497
87.3463
87.3463
87.5497
87.9444
88.5028
89.3505
81.7826
80.807
80.1703
79.7267
79.4991
79.4991
79.7267
80.1703
80.807
81.7826
76.5573
75.555
74.9093
74.4661
74.239
74.239
74.4661
74.9093
75.555
76.5573
72.6363
71.6414
71.0036
70.5744
70.3546
70.3546
70.5744
71.0036
71.6414
72.6363
69.4607
68.4929
67.8709
67.4626
67.254
67.254
67.4626
67.8709
68.4928
69.4607
66.8417
65.9217
65.3252
64.9441
64.7501
64.7501
64.9441
65.3252
65.9217
66.8417
64.6729
63.8242
63.2654
62.917
62.7404
62.7404
62.917
63.2654
63.8242
64.6729
62.8744
62.1131
61.6048
61.2938
61.1364
61.1364
61.2938
61.6048
62.1131
62.8744
61.4663
60.7054
60.256
59.9827
59.8442
59.8442
59.9827
60.256
60.7054
61.4663
62.569
62.7414
62.929
63.0555
63.121
63.121
63.0555
62.929
62.7414
62.569
62.9908
63.0852
63.2116
63.2928
63.3342
63.3342
63.2928
63.2116
63.0852
62.9907
62.9672
62.9643
63.0169
63.045
63.0591
63.0591
63.045
63.0169
62.9643
62.9672
62.5571
62.4642
62.4487
62.4303
62.4202
62.4202
62.4303
62.4487
62.4642
62.5571
61.9627
61.7959
61.7227
61.6668
61.6374
61.6374
61.6668
61.7227
61.7959
61.9627
61.2931
61.0706
60.9506
60.8667
60.823
60.823
60.8667
60.9506
61.0706
61.2931
60.603
60.345
60.1912
60.0891
60.0362
60.0362
60.0891
60.1912
60.345
60.603
59.9238
59.6541
59.482
59.3713
59.3142
59.3142
59.3713
59.482
59.6541
59.9238
59.2912
59.0258
58.8473
58.7352
58.6771
58.6771
58.7352
58.8473
59.0258
59.2912
58.8081
58.4611
58.2778
58.1651
58.1065
58.1065
58.1651
58.2778
58.4611
58.8081
57.972
57.9576
57.9593
57.9559
57.9543
57.9543
57.9559
57.9593
57.9576
57.972
58.3817
58.3651
58.3662
58.3611
58.3584
58.3584
58.3611
58.3662
58.3651
58.3817
58.7208
58.6858
58.6754
58.6605
58.6526
58.6526
58.6605
58.6754
58.6858
58.7208
58.7734
58.7051
58.6726
58.6418
58.6254
58.6254
58.6418
58.6726
58.7051
58.7734
58.6293
58.5258
58.4691
58.4223
58.3975
58.3975
58.4223
58.4691
58.5258
58.6293
58.3827
58.2488
58.1698
58.1097
58.078
58.078
58.1097
58.1698
58.2488
58.3827
58.082
57.9258
57.8287
57.7592
57.7228
57.7228
57.7592
57.8287
57.9258
58.082
57.7538
57.5875
57.479
57.4046
57.3657
57.3657
57.4046
57.479
57.5875
57.7538
57.431
57.2621
57.1463
57.0696
57.0295
57.0295
57.0696
57.1463
57.2621
57.431
57.1881
56.9555
56.8294
56.749
56.7072
56.7072
56.749
56.8294
56.9555
57.1881
53.2718
53.2915
53.3164
53.3323
53.3408
53.3408
53.3323
53.3164
53.2915
53.2718
53.481
53.5045
53.5333
53.5516
53.5613
53.5613
53.5516
53.5333
53.5045
53.481
53.6585
53.6797
53.7082
53.7256
53.7348
53.7348
53.7256
53.7082
53.6797
53.6585
53.7438
53.7546
53.7763
53.7883
53.7946
53.7946
53.7883
53.7763
53.7546
53.7438
53.7577
53.7542
53.7656
53.7701
53.7724
53.7724
53.7701
53.7656
53.7542
53.7577
53.7236
53.7053
53.7053
53.7021
53.7003
53.7003
53.7021
53.7053
53.7053
53.7236
53.6551
53.6241
53.6133
53.6035
53.5982
53.5982
53.6035
53.6133
53.6241
53.6551
53.562
53.5229
53.5038
53.489
53.4809
53.4809
53.489
53.5038
53.5229
53.562
53.4621
53.4172
53.39
53.3706
53.3601
53.3601
53.3706
53.39
53.4172
53.4621
53.4002
53.3119
53.271
53.2442
53.2301
53.2301
53.2442
53.271
53.3119
53.4002
50.0623
50.0623
50.0643
50.0644
50.0645
50.0645
50.0644
50.0643
50.0623
50.0623
50.16
50.1636
50.1687
50.1709
50.1721
50.1721
50.1709
50.1687
50.1636
50.16
50.2597
50.2647
50.2715
50.2745
50.276
50.276
50.2745
50.2715
50.2647
50.2596
50.3273
50.3303
50.3361
50.3379
50.3388
50.3388
50.3379
50.3361
50.3303
50.3273
50.3651
50.3637
50.3666
50.3662
50.3658
50.3658
50.3662
50.3666
50.3637
50.3651
50.3797
50.373
50.372
50.3689
50.3671
50.3671
50.3689
50.372
50.373
50.3797
50.376
50.3641
50.3592
50.3535
50.3503
50.3503
50.3535
50.3592
50.3641
50.376
50.3582
50.3427
50.3343
50.3266
50.3222
50.3222
50.3266
50.3343
50.3427
50.3582
50.3356
50.3167
50.3041
50.294
50.2884
50.2884
50.294
50.3041
50.3167
50.3356
50.3296
50.2881
50.2674
50.2531
50.2456
50.2456
50.2531
50.2674
50.288
50.3296
46.7537
46.7567
46.7604
46.7625
46.7637
46.7637
46.7625
46.7604
46.7567
46.7537
46.7942
46.7989
46.8042
46.8074
46.8091
46.8091
46.8074
46.8042
46.7989
46.7942
46.8353
46.8412
46.8477
46.8517
46.8538
46.8538
46.8517
46.8477
46.8412
46.8353
46.8663
46.872
46.8787
46.8826
46.8847
46.8847
46.8826
46.8787
46.872
46.8663
46.8873
46.8917
46.8977
46.9009
46.9026
46.9026
46.9009
46.8977
46.8917
46.8873
46.8995
46.9021
46.9067
46.909
46.9101
46.9101
46.909
46.9067
46.9021
46.8995
46.9041
46.9047
46.9076
46.9087
46.9092
46.9092
46.9087
46.9076
46.9047
46.9041
46.9021
46.9011
46.9025
46.9025
46.9023
46.9023
46.9025
46.9025
46.9011
46.9021
46.8977
46.8948
46.8939
46.8924
46.8915
46.8915
46.8924
46.8939
46.8948
46.8976
46.9013
46.8869
46.8811
46.8769
46.8746
46.8746
46.8769
46.8811
46.8869
46.9013
43.5692
43.5696
43.5701
43.5703
43.5703
43.5703
43.5703
43.5701
43.5696
43.5692
43.586
43.5873
43.5886
43.5893
43.5896
43.5896
43.5893
43.5886
43.5873
43.586
43.6053
43.6073
43.6093
43.6104
43.6109
43.6109
43.6104
43.6093
43.6073
43.6053
43.6219
43.6242
43.6265
43.6278
43.6284
43.6284
43.6278
43.6265
43.6242
43.6219
43.6353
43.6375
43.6399
43.6411
43.6416
43.6416
43.6411
43.6399
43.6375
43.6353
43.6457
43.6476
43.6497
43.6506
43.6511
43.6511
43.6506
43.6497
43.6476
43.6457
43.6533
43.6546
43.6564
43.657
43.6572
43.6572
43.657
43.6564
43.6546
43.6533
43.6584
43.6592
43.6605
43.6607
43.6608
43.6608
43.6607
43.6605
43.6592
43.6584
43.6626
43.6628
43.6631
43.6627
43.6624
43.6624
43.6627
43.6631
43.6628
43.6626
43.6702
43.6653
43.6634
43.6618
43.661
43.661
43.6618
43.6634
43.6653
43.6702
40.3481
40.3487
40.3493
40.3497
40.3499
40.3499
40.3497
40.3493
40.3487
40.3481
40.3545
40.3554
40.3564
40.3569
40.3572
40.3572
40.3569
40.3564
40.3554
40.3545
40.3618
40.363
40.3643
40.3651
40.3655
40.3655
40.3651
40.3643
40.363
40.3618
40.3684
40.3699
40.3715
40.3724
40.3729
40.3729
40.3724
40.3715
40.3699
40.3684
40.3743
40.3759
40.3775
40.3784
40.3789
40.3789
40.3784
40.3775
40.3759
40.3743
40.3792
40.3807
40.3823
40.3832
40.3837
40.3837
40.3832
40.3823
40.3807
40.3792
40.383
40.3844
40.3859
40.3867
40.3871
40.3871
40.3867
40.3859
40.3844
40.383
40.3858
40.3871
40.3884
40.3891
40.3894
40.3894
40.3891
40.3884
40.3871
40.3858
40.3883
40.3893
40.3902
40.3905
40.3907
40.3907
40.3905
40.3901
40.3893
40.3883
40.3922
40.391
40.3908
40.3905
40.3904
40.3904
40.3905
40.3908
40.391
40.3922
37.1338
37.1339
37.134
37.1341
37.1341
37.1341
37.1341
37.134
37.1339
37.1338
37.1362
37.1364
37.1367
37.1368
37.1369
37.1369
37.1368
37.1367
37.1364
37.1362
37.1392
37.1396
37.14
37.1403
37.1404
37.1404
37.1403
37.14
37.1396
37.1392
37.1423
37.1429
37.1434
37.1438
37.1439
37.1439
37.1438
37.1434
37.1429
37.1423
37.1453
37.146
37.1467
37.1471
37.1472
37.1472
37.1471
37.1467
37.146
37.1453
37.1482
37.1489
37.1497
37.15
37.1502
37.1502
37.15
37.1497
37.1489
37.1482
37.1507
37.1516
37.1523
37.1527
37.1529
37.1529
37.1527
37.1523
37.1516
37.1507
37.1531
37.1539
37.1546
37.155
37.1551
37.1551
37.155
37.1546
37.1539
37.153
37.1553
37.1561
37.1567
37.1569
37.157
37.157
37.1569
37.1567
37.1561
37.1553
37.1582
37.1581
37.1582
37.1583
37.1583
37.1583
37.1583
37.1582
37.1581
37.1582
33.9088
33.9089
33.909
33.9091
33.9091
33.9091
33.9091
33.909
33.9089
33.9088
33.9096
33.9097
33.9099
33.91
33.91
33.91
33.91
33.9099
33.9097
33.9096
33.9106
33.9108
33.911
33.9112
33.9112
33.9112
33.9112
33.911
33.9108
33.9106
33.9117
33.912
33.9123
33.9125
33.9126
33.9126
33.9125
33.9123
33.912
33.9117
33.9129
33.9132
33.9136
33.9138
33.9139
33.9139
33.9138
33.9136
33.9132
33.9129
33.914
33.9145
33.9148
33.9151
33.9152
33.9152
33.9151
33.9148
33.9145
33.914
33.9151
33.9156
33.916
33.9163
33.9164
33.9164
33.9163
33.916
33.9156
33.9151
33.9162
33.9167
33.9171
33.9173
33.9174
33.9174
33.9173
33.9171
33.9167
33.9162
33.9172
33.9177
33.918
33.9182
33.9183
33.9183
33.9182
33.918
33.9177
33.9172
33.9184
33.9186
33.9187
33.9188
33.9189
33.9189
33.9188
33.9187
33.9186
33.9184
30.6828
30.6828
30.6828
30.6828
30.6828
30.6828
30.6828
30.6828
30.6828
30.6828
30.683
30.683
30.683
30.683
30.6831
30.6831
30.683
30.683
30.683
30.683
30.6833
30.6834
30.6834
30.6835
30.6835
30.6835
30.6835
30.6834
30.6834
30.6833
30.6838
30.6839
30.684
30.684
30.6841
30.6841
30.684
30.684
30.6839
30.6838
30.6843
30.6845
30.6846
30.6847
30.6847
30.6847
30.6847
30.6846
30.6845
30.6843
30.6849
30.6851
30.6852
30.6853
30.6854
30.6854
30.6853
30.6852
30.6851
30.6849
30.6855
30.6857
30.6859
30.686
30.6861
30.6861
30.686
30.6859
30.6857
30.6855
30.6861
30.6864
30.6866
30.6867
30.6867
30.6867
30.6867
30.6866
30.6864
30.6861
30.6867
30.687
30.6872
30.6873
30.6873
30.6873
30.6873
30.6872
30.687
30.6867
30.6874
30.6876
30.6877
30.6878
30.6879
30.6879
30.6878
30.6877
30.6876
30.6874
27.454
27.4541
27.4541
27.4541
27.4541
27.4541
27.4541
27.4541
27.4541
27.454
27.4541
27.4541
27.4541
27.4541
27.4541
27.4541
27.4541
27.4541
27.4541
27.4541
27.4541
27.4542
27.4542
27.4542
27.4542
27.4542
27.4542
27.4542
27.4542
27.4541
27.4543
27.4543
27.4544
27.4544
27.4544
27.4544
27.4544
27.4544
27.4543
27.4543
27.4545
27.4545
27.4546
27.4546
27.4546
27.4546
27.4546
27.4546
27.4545
27.4545
27.4547
27.4548
27.4548
27.4549
27.4549
27.4549
27.4549
27.4548
27.4548
27.4547
27.4549
27.455
27.4551
27.4552
27.4552
27.4552
27.4552
27.4551
27.455
27.4549
27.4552
27.4553
27.4554
27.4554
27.4555
27.4555
27.4554
27.4554
27.4553
27.4552
27.4554
27.4555
27.4556
27.4557
27.4557
27.4557
27.4557
27.4556
27.4555
27.4554
27.4557
27.4558
27.4559
27.4559
27.4559
27.4559
27.4559
27.4559
27.4558
27.4557
24.2248
24.2248
24.2248
24.2248
24.2248
24.2248
24.2248
24.2248
24.2248
24.2248
24.2248
24.2248
24.2248
24.2248
24.2248
24.2248
24.2248
24.2248
24.2248
24.2248
24.2248
24.2248
24.2248
24.2248
24.2248
24.2248
24.2248
24.2248
24.2248
24.2248
24.2249
24.2249
24.2249
24.2249
24.2249
24.2249
24.2249
24.2249
24.2249
24.2249
24.2249
24.225
24.225
24.225
24.225
24.225
24.225
24.225
24.225
24.2249
24.225
24.2251
24.2251
24.2251
24.2251
24.2251
24.2251
24.2251
24.2251
24.225
24.2251
24.2252
24.2252
24.2253
24.2253
24.2253
24.2253
24.2252
24.2252
24.2251
24.2253
24.2253
24.2254
24.2254
24.2254
24.2254
24.2254
24.2254
24.2253
24.2253
24.2254
24.2255
24.2255
24.2255
24.2256
24.2256
24.2255
24.2255
24.2255
24.2254
24.2255
24.2256
24.2257
24.2257
24.2257
24.2257
24.2257
24.2257
24.2256
24.2255
20.995
20.995
20.995
20.995
20.995
20.995
20.995
20.995
20.995
20.995
20.995
20.995
20.995
20.995
20.995
20.995
20.995
20.995
20.995
20.995
20.995
20.995
20.995
20.995
20.995
20.995
20.995
20.995
20.995
20.995
20.995
20.995
20.995
20.995
20.995
20.995
20.995
20.995
20.995
20.995
20.995
20.995
20.995
20.9951
20.9951
20.9951
20.9951
20.995
20.995
20.995
20.9951
20.9951
20.9951
20.9951
20.9951
20.9951
20.9951
20.9951
20.9951
20.9951
20.9951
20.9951
20.9951
20.9951
20.9952
20.9952
20.9951
20.9951
20.9951
20.9951
20.9952
20.9952
20.9952
20.9952
20.9952
20.9952
20.9952
20.9952
20.9952
20.9952
20.9952
20.9952
20.9952
20.9953
20.9953
20.9953
20.9953
20.9952
20.9952
20.9952
20.9953
20.9953
20.9953
20.9953
20.9953
20.9953
20.9953
20.9953
20.9953
20.9953
17.7651
17.7651
17.7651
17.7651
17.7651
17.7651
17.7651
17.7651
17.7651
17.7651
17.7651
17.7651
17.7651
17.7651
17.7651
17.7651
17.7651
17.7651
17.7651
17.7651
17.7651
17.7651
17.7651
17.7651
17.7651
17.7651
17.7651
17.7651
17.7651
17.7651
17.7651
17.7651
17.7651
17.7651
17.7651
17.7651
17.7651
17.7651
17.7651
17.7651
17.7651
17.7651
17.7651
17.7651
17.7651
17.7651
17.7651
17.7651
17.7651
17.7651
17.7651
17.7651
17.7651
17.7651
17.7651
17.7651
17.7651
17.7651
17.7651
17.7651
17.7652
17.7652
17.7652
17.7652
17.7652
17.7652
17.7652
17.7652
17.7652
17.7652
17.7652
17.7652
17.7652
17.7652
17.7652
17.7652
17.7652
17.7652
17.7652
17.7652
17.7652
17.7652
17.7652
17.7652
17.7652
17.7652
17.7652
17.7652
17.7652
17.7652
17.7652
17.7652
17.7652
17.7653
17.7653
17.7653
17.7653
17.7652
17.7652
17.7652
14.5351
14.5351
14.5351
14.5351
14.5351
14.5351
14.5351
14.5351
14.5351
14.5351
14.5351
14.5351
14.5351
14.5351
14.5351
14.5351
14.5351
14.5351
14.5351
14.5351
14.5351
14.5351
14.5351
14.5351
14.5351
14.5351
14.5351
14.5351
14.5351
14.5351
14.5351
14.5351
14.5351
14.5351
14.5351
14.5351
14.5351
14.5351
14.5351
14.5351
14.5351
14.5351
14.5351
14.5351
14.5351
14.5351
14.5351
14.5351
14.5351
14.5351
14.5351
14.5351
14.5351
14.5351
14.5351
14.5351
14.5351
14.5351
14.5351
14.5351
14.5351
14.5351
14.5351
14.5351
14.5351
14.5351
14.5351
14.5351
14.5351
14.5351
14.5351
14.5351
14.5351
14.5351
14.5351
14.5351
14.5351
14.5351
14.5351
14.5351
14.5351
14.5351
14.5352
14.5352
14.5352
14.5352
14.5352
14.5352
14.5351
14.5351
14.5352
14.5352
14.5352
14.5352
14.5352
14.5352
14.5352
14.5352
14.5352
14.5352
11.3051
11.3051
11.3051
11.3051
11.3051
11.3051
11.3051
11.3051
11.3051
11.3051
11.3051
11.3051
11.3051
11.3051
11.3051
11.3051
11.3051
11.3051
11.3051
11.3051
11.3051
11.3051
11.3051
11.3051
11.3051
11.3051
11.3051
11.3051
11.3051
11.3051
11.3051
11.3051
11.3051
11.3051
11.3051
11.3051
11.3051
11.3051
11.3051
11.3051
11.3051
11.3051
11.3051
11.3051
11.3051
11.3051
11.3051
11.3051
11.3051
11.3051
11.3051
11.3051
11.3051
11.3051
11.3051
11.3051
11.3051
11.3051
11.3051
11.3051
11.3051
11.3051
11.3051
11.3051
11.3051
11.3051
11.3051
11.3051
11.3051
11.3051
11.3051
11.3051
11.3051
11.3051
11.3051
11.3051
11.3051
11.3051
11.3051
11.3051
11.3051
11.3051
11.3051
11.3051
11.3051
11.3051
11.3051
11.3051
11.3051
11.3051
11.3051
11.3051
11.3051
11.3051
11.3051
11.3051
11.3051
11.3051
11.3051
11.3051
8.07508
8.07508
8.07508
8.07508
8.07508
8.07508
8.07508
8.07508
8.07508
8.07508
8.07508
8.07508
8.07508
8.07508
8.07508
8.07508
8.07508
8.07508
8.07508
8.07508
8.07508
8.07508
8.07508
8.07508
8.07508
8.07508
8.07508
8.07508
8.07508
8.07508
8.07508
8.07508
8.07508
8.07508
8.07508
8.07508
8.07508
8.07508
8.07508
8.07508
8.07508
8.07508
8.07508
8.07508
8.07508
8.07508
8.07508
8.07508
8.07508
8.07508
8.07508
8.07508
8.07508
8.07508
8.07508
8.07508
8.07508
8.07508
8.07508
8.07508
8.07508
8.07508
8.07508
8.07508
8.07508
8.07508
8.07508
8.07508
8.07508
8.07508
8.07508
8.07508
8.07508
8.07508
8.07508
8.07508
8.07508
8.07508
8.07508
8.07508
8.07508
8.07508
8.07508
8.07508
8.07508
8.07508
8.07508
8.07508
8.07508
8.07508
8.07508
8.07508
8.07508
8.07508
8.07508
8.07508
8.07508
8.07508
8.07508
8.07508
4.84505
4.84505
4.84505
4.84505
4.84505
4.84505
4.84505
4.84505
4.84505
4.84505
4.84505
4.84505
4.84505
4.84505
4.84505
4.84505
4.84505
4.84505
4.84505
4.84505
4.84505
4.84505
4.84505
4.84505
4.84505
4.84505
4.84505
4.84505
4.84505
4.84505
4.84505
4.84505
4.84505
4.84505
4.84505
4.84505
4.84505
4.84505
4.84505
4.84505
4.84505
4.84505
4.84505
4.84505
4.84505
4.84505
4.84505
4.84505
4.84505
4.84505
4.84505
4.84505
4.84505
4.84505
4.84505
4.84505
4.84505
4.84505
4.84505
4.84505
4.84505
4.84505
4.84505
4.84505
4.84505
4.84505
4.84505
4.84505
4.84505
4.84505
4.84505
4.84505
4.84505
4.84505
4.84505
4.84505
4.84505
4.84505
4.84505
4.84505
4.84505
4.84505
4.84505
4.84505
4.84505
4.84505
4.84505
4.84505
4.84505
4.84505
4.84504
4.84504
4.84504
4.84504
4.84504
4.84504
4.84504
4.84504
4.84504
4.84505
1.61502
1.61502
1.61502
1.61502
1.61502
1.61502
1.61502
1.61502
1.61502
1.61502
1.61502
1.61502
1.61502
1.61502
1.61502
1.61502
1.61502
1.61502
1.61502
1.61502
1.61502
1.61502
1.61502
1.61502
1.61502
1.61502
1.61502
1.61502
1.61502
1.61502
1.61502
1.61502
1.61502
1.61502
1.61502
1.61502
1.61502
1.61502
1.61502
1.61502
1.61502
1.61502
1.61502
1.61502
1.61502
1.61502
1.61502
1.61502
1.61502
1.61502
1.61501
1.61501
1.61501
1.61501
1.61501
1.61501
1.61501
1.61501
1.61501
1.61501
1.61501
1.61501
1.61501
1.61501
1.61501
1.61501
1.61501
1.61501
1.61501
1.61501
1.61501
1.61501
1.61501
1.61501
1.61501
1.61501
1.61501
1.61501
1.61501
1.61501
1.61501
1.61501
1.61501
1.61501
1.61501
1.61501
1.61501
1.61501
1.61501
1.61501
1.61501
1.61501
1.61501
1.61501
1.61501
1.61501
1.61501
1.61501
1.61501
1.61501
98.4659
97.8852
97.5206
97.2541
97.1159
97.1159
97.2541
97.5206
97.8852
98.4659
89.3505
88.5028
87.9444
87.5497
87.3463
87.3463
87.5496
87.9444
88.5028
89.3505
81.7826
80.807
80.1703
79.7267
79.4991
79.4991
79.7267
80.1703
80.807
81.7826
76.5573
75.555
74.9093
74.4661
74.239
74.239
74.4661
74.9093
75.555
76.5573
72.6363
71.6414
71.0036
70.5744
70.3546
70.3546
70.5744
71.0036
71.6414
72.6363
69.4607
68.4928
67.8709
67.4626
67.254
67.254
67.4626
67.8709
68.4928
69.4607
66.8417
65.9217
65.3252
64.9441
64.7501
64.7501
64.9441
65.3252
65.9217
66.8417
64.6729
63.8241
63.2654
62.917
62.7404
62.7404
62.917
63.2654
63.8241
64.6729
62.8744
62.1131
61.6048
61.2938
61.1364
61.1364
61.2938
61.6048
62.1131
62.8744
61.4663
60.7054
60.256
59.9827
59.8442
59.8442
59.9827
60.256
60.7054
61.4663
62.569
62.7414
62.929
63.0555
63.121
63.121
63.0555
62.929
62.7414
62.569
62.9907
63.0852
63.2116
63.2927
63.3342
63.3342
63.2927
63.2116
63.0852
62.9907
62.9672
62.9643
63.0168
63.045
63.0591
63.059
63.045
63.0168
62.9643
62.9672
62.5571
62.4642
62.4487
62.4303
62.4202
62.4202
62.4303
62.4487
62.4642
62.5571
61.9627
61.7959
61.7227
61.6668
61.6374
61.6374
61.6668
61.7227
61.7959
61.9627
61.2931
61.0706
60.9506
60.8667
60.823
60.823
60.8667
60.9506
61.0706
61.2931
60.603
60.345
60.1912
60.0891
60.0362
60.0362
60.0891
60.1912
60.345
60.603
59.9238
59.6541
59.482
59.3713
59.3142
59.3142
59.3713
59.482
59.6541
59.9238
59.2912
59.0258
58.8473
58.7352
58.677
58.677
58.7352
58.8473
59.0258
59.2912
58.8081
58.4611
58.2778
58.1651
58.1065
58.1065
58.1651
58.2778
58.4611
58.8081
57.972
57.9576
57.9593
57.9558
57.9543
57.9543
57.9558
57.9593
57.9576
57.972
58.3817
58.3651
58.3662
58.3611
58.3584
58.3584
58.3611
58.3662
58.3651
58.3817
58.7208
58.6858
58.6754
58.6605
58.6526
58.6526
58.6605
58.6754
58.6858
58.7208
58.7734
58.7051
58.6726
58.6418
58.6254
58.6254
58.6418
58.6726
58.7051
58.7734
58.6293
58.5258
58.4691
58.4223
58.3975
58.3975
58.4223
58.4691
58.5258
58.6293
58.3827
58.2488
58.1698
58.1097
58.078
58.078
58.1097
58.1698
58.2488
58.3827
58.082
57.9258
57.8287
57.7592
57.7228
57.7228
57.7592
57.8287
57.9258
58.082
57.7538
57.5875
57.479
57.4046
57.3657
57.3657
57.4046
57.479
57.5875
57.7538
57.431
57.2621
57.1463
57.0696
57.0295
57.0295
57.0696
57.1463
57.2621
57.431
57.1881
56.9555
56.8294
56.749
56.7072
56.7072
56.749
56.8294
56.9555
57.1881
53.2718
53.2915
53.3164
53.3323
53.3407
53.3407
53.3323
53.3164
53.2915
53.2718
53.481
53.5045
53.5333
53.5516
53.5613
53.5613
53.5516
53.5333
53.5045
53.481
53.6585
53.6797
53.7082
53.7256
53.7348
53.7348
53.7256
53.7082
53.6797
53.6585
53.7438
53.7546
53.7763
53.7883
53.7946
53.7946
53.7883
53.7763
53.7546
53.7438
53.7577
53.7542
53.7655
53.7701
53.7724
53.7724
53.7701
53.7655
53.7542
53.7577
53.7236
53.7053
53.7052
53.7021
53.7003
53.7003
53.7021
53.7052
53.7053
53.7236
53.6551
53.6241
53.6133
53.6035
53.5982
53.5982
53.6035
53.6133
53.6241
53.6551
53.562
53.5229
53.5038
53.489
53.4809
53.4809
53.489
53.5038
53.5229
53.562
53.4621
53.4172
53.39
53.3706
53.36
53.36
53.3706
53.39
53.4172
53.4621
53.4002
53.3119
53.271
53.2442
53.2301
53.2301
53.2442
53.271
53.3119
53.4002
50.0623
50.0623
50.0643
50.0644
50.0645
50.0645
50.0644
50.0643
50.0623
50.0623
50.16
50.1636
50.1687
50.1709
50.1721
50.1721
50.1709
50.1687
50.1636
50.16
50.2596
50.2647
50.2715
50.2745
50.276
50.276
50.2745
50.2715
50.2647
50.2596
50.3273
50.3303
50.3361
50.3379
50.3388
50.3388
50.3379
50.3361
50.3303
50.3273
50.3651
50.3637
50.3666
50.3662
50.3658
50.3658
50.3662
50.3666
50.3637
50.3651
50.3797
50.373
50.372
50.3689
50.3671
50.3671
50.3689
50.372
50.373
50.3797
50.376
50.3641
50.3592
50.3535
50.3503
50.3503
50.3535
50.3592
50.3641
50.3759
50.3582
50.3427
50.3343
50.3266
50.3222
50.3222
50.3266
50.3343
50.3427
50.3582
50.3356
50.3167
50.3041
50.294
50.2884
50.2884
50.294
50.3041
50.3167
50.3356
50.3296
50.288
50.2674
50.2531
50.2456
50.2456
50.2531
50.2674
50.288
50.3296
46.7537
46.7567
46.7604
46.7625
46.7637
46.7637
46.7625
46.7604
46.7567
46.7537
46.7942
46.7989
46.8042
46.8074
46.8091
46.8091
46.8074
46.8042
46.7989
46.7942
46.8353
46.8412
46.8477
46.8517
46.8538
46.8538
46.8517
46.8477
46.8412
46.8353
46.8663
46.872
46.8787
46.8826
46.8847
46.8847
46.8826
46.8787
46.872
46.8663
46.8873
46.8917
46.8977
46.9009
46.9026
46.9026
46.9009
46.8977
46.8917
46.8873
46.8995
46.9021
46.9067
46.909
46.9101
46.9101
46.909
46.9067
46.9021
46.8995
46.9041
46.9047
46.9076
46.9087
46.9092
46.9092
46.9087
46.9076
46.9047
46.9041
46.9021
46.9011
46.9025
46.9025
46.9023
46.9023
46.9025
46.9025
46.9011
46.9021
46.8976
46.8948
46.8939
46.8924
46.8915
46.8915
46.8924
46.8939
46.8948
46.8976
46.9013
46.8869
46.8811
46.8769
46.8746
46.8746
46.8769
46.8811
46.8869
46.9013
43.5692
43.5696
43.5701
43.5703
43.5703
43.5703
43.5703
43.5701
43.5696
43.5692
43.586
43.5873
43.5886
43.5893
43.5896
43.5896
43.5893
43.5886
43.5873
43.586
43.6053
43.6073
43.6093
43.6104
43.6109
43.6109
43.6104
43.6093
43.6073
43.6053
43.6219
43.6242
43.6265
43.6278
43.6284
43.6284
43.6278
43.6265
43.6242
43.6219
43.6353
43.6375
43.6399
43.6411
43.6416
43.6416
43.6411
43.6399
43.6375
43.6353
43.6457
43.6476
43.6497
43.6506
43.6511
43.6511
43.6506
43.6497
43.6476
43.6457
43.6533
43.6546
43.6564
43.657
43.6572
43.6572
43.657
43.6564
43.6546
43.6533
43.6584
43.6592
43.6605
43.6607
43.6608
43.6608
43.6607
43.6605
43.6592
43.6584
43.6626
43.6628
43.6631
43.6627
43.6624
43.6624
43.6627
43.6631
43.6628
43.6626
43.6702
43.6653
43.6634
43.6618
43.661
43.661
43.6618
43.6634
43.6653
43.6702
40.3481
40.3487
40.3493
40.3497
40.3498
40.3498
40.3497
40.3493
40.3487
40.3481
40.3545
40.3554
40.3564
40.3569
40.3572
40.3572
40.3569
40.3564
40.3554
40.3545
40.3618
40.363
40.3643
40.3651
40.3655
40.3655
40.3651
40.3643
40.363
40.3618
40.3684
40.3699
40.3714
40.3724
40.3729
40.3729
40.3724
40.3714
40.3699
40.3684
40.3743
40.3759
40.3775
40.3784
40.3789
40.3789
40.3784
40.3775
40.3759
40.3743
40.3792
40.3807
40.3823
40.3832
40.3837
40.3837
40.3832
40.3823
40.3807
40.3791
40.383
40.3844
40.3859
40.3867
40.3871
40.3871
40.3867
40.3859
40.3844
40.383
40.3858
40.3871
40.3884
40.3891
40.3894
40.3894
40.3891
40.3884
40.3871
40.3858
40.3883
40.3893
40.3901
40.3905
40.3907
40.3907
40.3905
40.3901
40.3893
40.3883
40.3922
40.391
40.3908
40.3905
40.3904
40.3904
40.3905
40.3908
40.391
40.3922
37.1338
37.1339
37.134
37.1341
37.1341
37.1341
37.1341
37.134
37.1339
37.1338
37.1362
37.1364
37.1367
37.1368
37.1369
37.1369
37.1368
37.1367
37.1364
37.1362
37.1392
37.1396
37.14
37.1403
37.1404
37.1404
37.1403
37.14
37.1396
37.1392
37.1423
37.1429
37.1434
37.1438
37.1439
37.1439
37.1438
37.1434
37.1429
37.1423
37.1453
37.146
37.1467
37.147
37.1472
37.1472
37.147
37.1467
37.146
37.1453
37.1482
37.1489
37.1496
37.15
37.1502
37.1502
37.15
37.1496
37.1489
37.1482
37.1507
37.1516
37.1523
37.1527
37.1529
37.1529
37.1527
37.1523
37.1516
37.1507
37.153
37.1539
37.1546
37.155
37.1551
37.1551
37.155
37.1546
37.1539
37.153
37.1553
37.1561
37.1566
37.1569
37.157
37.157
37.1569
37.1566
37.1561
37.1553
37.1582
37.1581
37.1582
37.1583
37.1583
37.1583
37.1583
37.1582
37.1581
37.1582
33.9088
33.9089
33.909
33.9091
33.9091
33.9091
33.9091
33.909
33.9089
33.9088
33.9096
33.9097
33.9099
33.91
33.91
33.91
33.91
33.9099
33.9097
33.9096
33.9106
33.9108
33.911
33.9112
33.9112
33.9112
33.9112
33.911
33.9108
33.9106
33.9117
33.912
33.9123
33.9125
33.9126
33.9126
33.9125
33.9123
33.912
33.9117
33.9129
33.9132
33.9136
33.9138
33.9139
33.9139
33.9138
33.9136
33.9132
33.9129
33.914
33.9145
33.9148
33.9151
33.9152
33.9152
33.9151
33.9148
33.9145
33.914
33.9151
33.9156
33.916
33.9163
33.9164
33.9164
33.9163
33.916
33.9156
33.9151
33.9162
33.9167
33.9171
33.9173
33.9174
33.9174
33.9173
33.9171
33.9167
33.9162
33.9172
33.9177
33.918
33.9182
33.9183
33.9183
33.9182
33.918
33.9177
33.9172
33.9184
33.9186
33.9187
33.9188
33.9189
33.9189
33.9188
33.9187
33.9186
33.9184
30.6828
30.6828
30.6828
30.6828
30.6828
30.6828
30.6828
30.6828
30.6828
30.6828
30.683
30.683
30.683
30.683
30.6831
30.6831
30.683
30.683
30.683
30.683
30.6833
30.6834
30.6834
30.6835
30.6835
30.6835
30.6835
30.6834
30.6834
30.6833
30.6838
30.6839
30.684
30.684
30.6841
30.6841
30.684
30.684
30.6839
30.6838
30.6843
30.6845
30.6846
30.6847
30.6847
30.6847
30.6847
30.6846
30.6845
30.6843
30.6849
30.6851
30.6852
30.6853
30.6854
30.6854
30.6853
30.6852
30.6851
30.6849
30.6855
30.6857
30.6859
30.686
30.6861
30.6861
30.686
30.6859
30.6857
30.6855
30.6861
30.6864
30.6866
30.6867
30.6867
30.6867
30.6867
30.6866
30.6864
30.6861
30.6867
30.687
30.6872
30.6873
30.6873
30.6873
30.6873
30.6872
30.687
30.6867
30.6874
30.6876
30.6877
30.6878
30.6879
30.6879
30.6878
30.6877
30.6876
30.6874
27.454
27.4541
27.4541
27.4541
27.4541
27.4541
27.4541
27.4541
27.4541
27.454
27.4541
27.4541
27.4541
27.4541
27.4541
27.4541
27.4541
27.4541
27.4541
27.4541
27.4541
27.4542
27.4542
27.4542
27.4542
27.4542
27.4542
27.4542
27.4542
27.4541
27.4543
27.4543
27.4544
27.4544
27.4544
27.4544
27.4544
27.4544
27.4543
27.4543
27.4545
27.4545
27.4546
27.4546
27.4546
27.4546
27.4546
27.4546
27.4545
27.4545
27.4547
27.4548
27.4548
27.4549
27.4549
27.4549
27.4549
27.4548
27.4548
27.4547
27.4549
27.455
27.4551
27.4552
27.4552
27.4552
27.4552
27.4551
27.455
27.4549
27.4552
27.4553
27.4554
27.4554
27.4555
27.4555
27.4554
27.4554
27.4553
27.4552
27.4554
27.4555
27.4556
27.4557
27.4557
27.4557
27.4557
27.4556
27.4555
27.4554
27.4557
27.4558
27.4559
27.4559
27.4559
27.4559
27.4559
27.4559
27.4558
27.4557
24.2248
24.2248
24.2248
24.2248
24.2248
24.2248
24.2248
24.2248
24.2248
24.2248
24.2248
24.2248
24.2248
24.2248
24.2248
24.2248
24.2248
24.2248
24.2248
24.2248
24.2248
24.2248
24.2248
24.2248
24.2248
24.2248
24.2248
24.2248
24.2248
24.2248
24.2249
24.2249
24.2249
24.2249
24.2249
24.2249
24.2249
24.2249
24.2249
24.2249
24.2249
24.225
24.225
24.225
24.225
24.225
24.225
24.225
24.225
24.2249
24.225
24.2251
24.2251
24.2251
24.2251
24.2251
24.2251
24.2251
24.2251
24.225
24.2251
24.2252
24.2252
24.2253
24.2253
24.2253
24.2253
24.2252
24.2252
24.2251
24.2253
24.2253
24.2254
24.2254
24.2254
24.2254
24.2254
24.2254
24.2253
24.2253
24.2254
24.2255
24.2255
24.2255
24.2256
24.2256
24.2255
24.2255
24.2255
24.2254
24.2255
24.2256
24.2257
24.2257
24.2257
24.2257
24.2257
24.2257
24.2256
24.2255
20.995
20.995
20.995
20.995
20.995
20.995
20.995
20.995
20.995
20.995
20.995
20.995
20.995
20.995
20.995
20.995
20.995
20.995
20.995
20.995
20.995
20.995
20.995
20.995
20.995
20.995
20.995
20.995
20.995
20.995
20.995
20.995
20.995
20.995
20.995
20.995
20.995
20.995
20.995
20.995
20.995
20.995
20.995
20.9951
20.9951
20.9951
20.9951
20.995
20.995
20.995
20.9951
20.9951
20.9951
20.9951
20.9951
20.9951
20.9951
20.9951
20.9951
20.9951
20.9951
20.9951
20.9951
20.9951
20.9952
20.9952
20.9951
20.9951
20.9951
20.9951
20.9952
20.9952
20.9952
20.9952
20.9952
20.9952
20.9952
20.9952
20.9952
20.9952
20.9952
20.9952
20.9952
20.9953
20.9953
20.9953
20.9953
20.9952
20.9952
20.9952
20.9953
20.9953
20.9953
20.9953
20.9953
20.9953
20.9953
20.9953
20.9953
20.9953
17.7651
17.7651
17.7651
17.7651
17.7651
17.7651
17.7651
17.7651
17.7651
17.7651
17.7651
17.7651
17.7651
17.7651
17.7651
17.7651
17.7651
17.7651
17.7651
17.7651
17.7651
17.7651
17.7651
17.7651
17.7651
17.7651
17.7651
17.7651
17.7651
17.7651
17.7651
17.7651
17.7651
17.7651
17.7651
17.7651
17.7651
17.7651
17.7651
17.7651
17.7651
17.7651
17.7651
17.7651
17.7651
17.7651
17.7651
17.7651
17.7651
17.7651
17.7651
17.7651
17.7651
17.7651
17.7651
17.7651
17.7651
17.7651
17.7651
17.7651
17.7652
17.7652
17.7652
17.7652
17.7652
17.7652
17.7652
17.7652
17.7652
17.7652
17.7652
17.7652
17.7652
17.7652
17.7652
17.7652
17.7652
17.7652
17.7652
17.7652
17.7652
17.7652
17.7652
17.7652
17.7652
17.7652
17.7652
17.7652
17.7652
17.7652
17.7652
17.7652
17.7652
17.7653
17.7653
17.7653
17.7653
17.7652
17.7652
17.7652
14.5351
14.5351
14.5351
14.5351
14.5351
14.5351
14.5351
14.5351
14.5351
14.5351
14.5351
14.5351
14.5351
14.5351
14.5351
14.5351
14.5351
14.5351
14.5351
14.5351
14.5351
14.5351
14.5351
14.5351
14.5351
14.5351
14.5351
14.5351
14.5351
14.5351
14.5351
14.5351
14.5351
14.5351
14.5351
14.5351
14.5351
14.5351
14.5351
14.5351
14.5351
14.5351
14.5351
14.5351
14.5351
14.5351
14.5351
14.5351
14.5351
14.5351
14.5351
14.5351
14.5351
14.5351
14.5351
14.5351
14.5351
14.5351
14.5351
14.5351
14.5351
14.5351
14.5351
14.5351
14.5351
14.5351
14.5351
14.5351
14.5351
14.5351
14.5351
14.5351
14.5351
14.5351
14.5351
14.5351
14.5351
14.5351
14.5351
14.5351
14.5351
14.5351
14.5352
14.5352
14.5352
14.5352
14.5352
14.5352
14.5351
14.5351
14.5352
14.5352
14.5352
14.5352
14.5352
14.5352
14.5352
14.5352
14.5352
14.5352
11.3051
11.3051
11.3051
11.3051
11.3051
11.3051
11.3051
11.3051
11.3051
11.3051
11.3051
11.3051
11.3051
11.3051
11.3051
11.3051
11.3051
11.3051
11.3051
11.3051
11.3051
11.3051
11.3051
11.3051
11.3051
11.3051
11.3051
11.3051
11.3051
11.3051
11.3051
11.3051
11.3051
11.3051
11.3051
11.3051
11.3051
11.3051
11.3051
11.3051
11.3051
11.3051
11.3051
11.3051
11.3051
11.3051
11.3051
11.3051
11.3051
11.3051
11.3051
11.3051
11.3051
11.3051
11.3051
11.3051
11.3051
11.3051
11.3051
11.3051
11.3051
11.3051
11.3051
11.3051
11.3051
11.3051
11.3051
11.3051
11.3051
11.3051
11.3051
11.3051
11.3051
11.3051
11.3051
11.3051
11.3051
11.3051
11.3051
11.3051
11.3051
11.3051
11.3051
11.3051
11.3051
11.3051
11.3051
11.3051
11.3051
11.3051
11.3051
11.3051
11.3051
11.3051
11.3051
11.3051
11.3051
11.3051
11.3051
11.3051
8.07508
8.07508
8.07508
8.07508
8.07508
8.07508
8.07508
8.07508
8.07508
8.07508
8.07508
8.07508
8.07508
8.07508
8.07508
8.07508
8.07508
8.07508
8.07508
8.07508
8.07508
8.07508
8.07508
8.07508
8.07508
8.07508
8.07508
8.07508
8.07508
8.07508
8.07508
8.07508
8.07508
8.07508
8.07508
8.07508
8.07508
8.07508
8.07508
8.07508
8.07508
8.07508
8.07508
8.07508
8.07508
8.07508
8.07508
8.07508
8.07508
8.07508
8.07508
8.07508
8.07508
8.07508
8.07508
8.07508
8.07508
8.07508
8.07508
8.07508
8.07508
8.07508
8.07508
8.07508
8.07508
8.07508
8.07508
8.07508
8.07508
8.07508
8.07508
8.07508
8.07508
8.07508
8.07508
8.07508
8.07508
8.07508
8.07508
8.07508
8.07508
8.07508
8.07508
8.07508
8.07508
8.07508
8.07508
8.07508
8.07508
8.07508
8.07508
8.07508
8.07508
8.07508
8.07508
8.07508
8.07508
8.07508
8.07508
8.07508
4.84505
4.84505
4.84505
4.84505
4.84505
4.84505
4.84505
4.84505
4.84505
4.84505
4.84505
4.84505
4.84505
4.84505
4.84505
4.84505
4.84505
4.84505
4.84505
4.84505
4.84505
4.84505
4.84505
4.84505
4.84505
4.84505
4.84505
4.84505
4.84505
4.84505
4.84505
4.84505
4.84505
4.84505
4.84505
4.84505
4.84505
4.84505
4.84505
4.84505
4.84505
4.84505
4.84505
4.84505
4.84505
4.84505
4.84505
4.84505
4.84505
4.84505
4.84505
4.84505
4.84505
4.84505
4.84505
4.84505
4.84505
4.84505
4.84505
4.84505
4.84505
4.84505
4.84505
4.84505
4.84505
4.84505
4.84505
4.84505
4.84505
4.84505
4.84505
4.84505
4.84505
4.84505
4.84505
4.84505
4.84505
4.84505
4.84505
4.84505
4.84505
4.84505
4.84505
4.84505
4.84505
4.84505
4.84505
4.84505
4.84505
4.84505
4.84505
4.84505
4.84505
4.84505
4.84505
4.84505
4.84505
4.84505
4.84505
4.84505
1.61502
1.61502
1.61502
1.61502
1.61502
1.61502
1.61502
1.61502
1.61502
1.61502
1.61502
1.61502
1.61502
1.61502
1.61502
1.61502
1.61502
1.61502
1.61502
1.61502
1.61502
1.61502
1.61502
1.61502
1.61502
1.61502
1.61502
1.61502
1.61502
1.61502
1.61502
1.61502
1.61502
1.61502
1.61502
1.61502
1.61502
1.61502
1.61502
1.61502
1.61502
1.61502
1.61502
1.61502
1.61502
1.61502
1.61502
1.61502
1.61502
1.61502
1.61501
1.61501
1.61501
1.61501
1.61501
1.61501
1.61501
1.61501
1.61501
1.61501
1.61501
1.61501
1.61501
1.61501
1.61501
1.61501
1.61501
1.61501
1.61501
1.61501
1.61501
1.61501
1.61501
1.61501
1.61501
1.61501
1.61501
1.61501
1.61501
1.61501
1.61501
1.61501
1.61501
1.61501
1.61501
1.61501
1.61501
1.61501
1.61501
1.61501
1.61501
1.61501
1.61501
1.61501
1.61501
1.61501
1.61501
1.61501
1.61501
1.61501
60.4582
59.7729
59.3385
59.0618
58.9246
58.9246
59.0618
59.3385
59.7729
60.4582
59.7729
59.1873
58.7457
58.4509
58.3047
58.3047
58.4509
58.7457
59.1873
59.7729
59.3385
58.7457
58.285
57.9778
57.8263
57.8263
57.9778
58.285
58.7457
59.3385
59.0618
58.4509
57.9778
57.6648
57.5107
57.5107
57.6648
57.9779
58.4509
59.0618
58.9246
58.3047
57.8263
57.5107
57.3555
57.3555
57.5107
57.8263
58.3047
58.9246
58.9246
58.3047
57.8263
57.5107
57.3555
57.3555
57.5107
57.8263
58.3047
58.9246
59.0618
58.4509
57.9778
57.6648
57.5107
57.5107
57.6648
57.9779
58.451
59.0618
59.3385
58.7457
58.285
57.9779
57.8263
57.8263
57.9779
58.285
58.7457
59.3385
59.7729
59.1873
58.7457
58.4509
58.3047
58.3047
58.451
58.7457
59.1873
59.7729
60.4582
59.7729
59.3385
59.0618
58.9246
58.9246
59.0618
59.3385
59.7729
60.4582
58.2916
58.015
57.8499
57.7413
57.686
57.686
57.7413
57.8499
58.015
58.2917
58.015
57.7954
57.6087
57.4786
57.4135
57.4135
57.4786
57.6087
57.7954
58.015
57.8499
57.6087
57.3989
57.255
57.1838
57.1838
57.255
57.3989
57.6087
57.8499
57.7413
57.4786
57.255
57.1037
57.0293
57.0293
57.1037
57.255
57.4786
57.7413
57.686
57.4135
57.1838
57.0293
56.9533
56.9533
57.0293
57.1838
57.4135
57.686
57.686
57.4135
57.1838
57.0293
56.9533
56.9533
57.0293
57.1838
57.4135
57.686
57.7413
57.4786
57.255
57.1037
57.0293
57.0293
57.1037
57.255
57.4786
57.7413
57.8499
57.6087
57.3989
57.255
57.1838
57.1838
57.255
57.3989
57.6087
57.8499
58.015
57.7954
57.6087
57.4786
57.4135
57.4135
57.4786
57.6087
57.7954
58.015
58.2917
58.015
57.8499
57.7413
57.686
57.686
57.7413
57.8499
58.015
58.2917
56.802
56.6506
56.557
56.4919
56.4584
56.4584
56.4919
56.557
56.6506
56.802
56.6506
56.5299
56.4164
56.3342
56.2927
56.2927
56.3342
56.4164
56.5299
56.6506
56.557
56.4164
56.2839
56.1911
56.1451
56.1451
56.1911
56.2839
56.4164
56.5571
56.4919
56.3342
56.1911
56.093
56.0446
56.0446
56.093
56.1911
56.3342
56.492
56.4584
56.2927
56.1451
56.0446
55.995
55.995
56.0446
56.1451
56.2927
56.4584
56.4584
56.2927
56.1451
56.0446
55.995
55.995
56.0446
56.1451
56.2927
56.4584
56.4919
56.3342
56.1911
56.093
56.0446
56.0446
56.093
56.1912
56.3342
56.492
56.557
56.4164
56.2839
56.1911
56.1451
56.1451
56.1912
56.2839
56.4164
56.5571
56.6506
56.5299
56.4164
56.3342
56.2927
56.2927
56.3342
56.4164
56.5299
56.6506
56.802
56.6506
56.5571
56.492
56.4584
56.4584
56.492
56.5571
56.6506
56.802
53.2056
53.1703
53.1507
53.1347
53.1262
53.1262
53.1347
53.1507
53.1703
53.2056
53.1703
53.1443
53.1092
53.0815
53.0675
53.0675
53.0815
53.1092
53.1443
53.1703
53.1507
53.1092
53.0621
53.0279
53.0111
53.0111
53.0279
53.0621
53.1092
53.1507
53.1347
53.0815
53.0279
52.9906
52.9723
52.9723
52.9906
53.0279
53.0815
53.1347
53.1262
53.0675
53.0111
52.9723
52.9532
52.9532
52.9723
53.0111
53.0675
53.1262
53.1262
53.0675
53.0111
52.9723
52.9532
52.9532
52.9723
53.0111
53.0675
53.1262
53.1347
53.0815
53.0279
52.9906
52.9723
52.9723
52.9906
53.0279
53.0815
53.1347
53.1507
53.1092
53.0621
53.0279
53.0111
53.0111
53.0279
53.0621
53.1092
53.1507
53.1703
53.1443
53.1092
53.0815
53.0675
53.0675
53.0815
53.1092
53.1443
53.1703
53.2056
53.1703
53.1507
53.1347
53.1262
53.1262
53.1347
53.1507
53.1703
53.2056
50.2284
50.2211
50.2166
50.2115
50.2086
50.2086
50.2115
50.2166
50.2211
50.2284
50.2211
50.2171
50.2045
50.1934
50.1877
50.1877
50.1934
50.2045
50.2171
50.2211
50.2166
50.2045
50.1857
50.1714
50.1642
50.1642
50.1714
50.1857
50.2045
50.2166
50.2115
50.1934
50.1714
50.1555
50.1477
50.1477
50.1555
50.1714
50.1934
50.2115
50.2086
50.1877
50.1642
50.1477
50.1395
50.1395
50.1477
50.1642
50.1877
50.2086
50.2086
50.1877
50.1642
50.1477
50.1395
50.1395
50.1477
50.1643
50.1877
50.2086
50.2115
50.1934
50.1714
50.1555
50.1477
50.1477
50.1555
50.1714
50.1934
50.2115
50.2166
50.2045
50.1857
50.1714
50.1642
50.1643
50.1714
50.1857
50.2045
50.2166
50.2211
50.2171
50.2045
50.1934
50.1877
50.1877
50.1934
50.2045
50.2171
50.2211
50.2284
50.2211
50.2166
50.2115
50.2086
50.2086
50.2115
50.2166
50.2211
50.2284
46.8533
46.8563
46.8586
46.859
46.8591
46.8591
46.859
46.8586
46.8563
46.8533
46.8563
46.8595
46.8571
46.8543
46.8529
46.8529
46.8543
46.8571
46.8595
46.8563
46.8586
46.8571
46.8516
46.8471
46.845
46.845
46.8471
46.8516
46.8571
46.8586
46.859
46.8543
46.8471
46.8419
46.8394
46.8394
46.8419
46.8471
46.8543
46.859
46.8591
46.8529
46.845
46.8394
46.8367
46.8367
46.8394
46.845
46.8529
46.8591
46.8591
46.8529
46.845
46.8394
46.8367
46.8367
46.8394
46.845
46.8529
46.8591
46.859
46.8543
46.8471
46.8419
46.8394
46.8394
46.8419
46.8471
46.8543
46.859
46.8586
46.8571
46.8516
46.8471
46.845
46.845
46.8471
46.8516
46.8571
46.8586
46.8563
46.8595
46.8571
46.8543
46.8529
46.8529
46.8543
46.8571
46.8595
46.8563
46.8533
46.8563
46.8586
46.859
46.8591
46.8591
46.859
46.8586
46.8563
46.8533
43.6505
43.6544
43.657
43.6582
43.6587
43.6587
43.6582
43.657
43.6544
43.6505
43.6544
43.6584
43.6591
43.6589
43.6588
43.6588
43.6589
43.6591
43.6584
43.6544
43.657
43.6591
43.6584
43.6576
43.6572
43.6572
43.6576
43.6584
43.6591
43.657
43.6582
43.6589
43.6576
43.6565
43.656
43.656
43.6565
43.6576
43.6589
43.6582
43.6587
43.6588
43.6572
43.656
43.6555
43.6555
43.656
43.6572
43.6588
43.6587
43.6587
43.6588
43.6572
43.656
43.6555
43.6555
43.656
43.6572
43.6588
43.6587
43.6582
43.6589
43.6576
43.6565
43.656
43.656
43.6565
43.6576
43.6589
43.6582
43.657
43.6591
43.6584
43.6576
43.6572
43.6572
43.6576
43.6584
43.6591
43.657
43.6544
43.6584
43.6591
43.6589
43.6588
43.6588
43.6589
43.6591
43.6584
43.6544
43.6505
43.6544
43.657
43.6582
43.6587
43.6587
43.6582
43.657
43.6544
43.6505
40.3839
40.3864
40.3882
40.3891
40.3895
40.3895
40.3891
40.3882
40.3864
40.3839
40.3864
40.3888
40.3896
40.3899
40.3901
40.3901
40.3899
40.3896
40.3888
40.3864
40.3882
40.3896
40.3898
40.3898
40.3899
40.3899
40.3898
40.3898
40.3896
40.3882
40.3891
40.3899
40.3898
40.3897
40.3897
40.3897
40.3897
40.3898
40.3899
40.3891
40.3895
40.3901
40.3899
40.3897
40.3896
40.3896
40.3897
40.3899
40.3901
40.3895
40.3895
40.3901
40.3899
40.3897
40.3896
40.3896
40.3897
40.3899
40.3901
40.3895
40.3891
40.3899
40.3898
40.3897
40.3897
40.3897
40.3897
40.3898
40.3899
40.3891
40.3882
40.3896
40.3898
40.3898
40.3899
40.3899
40.3898
40.3898
40.3896
40.3882
40.3864
40.3888
40.3896
40.3899
40.3901
40.3901
40.3899
40.3896
40.3888
40.3864
40.3839
40.3864
40.3882
40.3891
40.3895
40.3895
40.3891
40.3882
40.3864
40.3839
37.1555
37.1571
37.1581
37.1587
37.159
37.159
37.1587
37.1581
37.1571
37.1555
37.1571
37.1586
37.1594
37.1598
37.16
37.16
37.1598
37.1594
37.1586
37.1571
37.1581
37.1594
37.1599
37.1602
37.1604
37.1604
37.1602
37.1599
37.1594
37.1581
37.1587
37.1598
37.1602
37.1605
37.1607
37.1607
37.1605
37.1602
37.1598
37.1587
37.159
37.16
37.1604
37.1607
37.1608
37.1608
37.1607
37.1604
37.16
37.159
37.159
37.16
37.1604
37.1607
37.1608
37.1608
37.1607
37.1604
37.16
37.159
37.1587
37.1598
37.1602
37.1605
37.1607
37.1607
37.1605
37.1602
37.1598
37.1587
37.1581
37.1594
37.1599
37.1602
37.1604
37.1604
37.1602
37.1599
37.1594
37.1581
37.1571
37.1586
37.1594
37.1598
37.16
37.16
37.1598
37.1594
37.1586
37.1571
37.1555
37.1571
37.1581
37.1587
37.159
37.159
37.1587
37.1581
37.1571
37.1555
33.9175
33.9183
33.9188
33.9191
33.9193
33.9193
33.9191
33.9188
33.9183
33.9175
33.9183
33.919
33.9194
33.9196
33.9197
33.9197
33.9196
33.9194
33.919
33.9183
33.9188
33.9194
33.9197
33.9199
33.92
33.92
33.9199
33.9197
33.9194
33.9188
33.9191
33.9196
33.9199
33.9201
33.9202
33.9202
33.9201
33.9199
33.9196
33.9191
33.9193
33.9197
33.92
33.9202
33.9203
33.9203
33.9202
33.92
33.9197
33.9193
33.9193
33.9197
33.92
33.9202
33.9203
33.9203
33.9202
33.92
33.9197
33.9193
33.9191
33.9196
33.9199
33.9201
33.9202
33.9202
33.9201
33.9199
33.9196
33.9191
33.9188
33.9194
33.9197
33.9199
33.92
33.92
33.9199
33.9197
33.9194
33.9188
33.9183
33.919
33.9194
33.9196
33.9197
33.9197
33.9196
33.9194
33.919
33.9183
33.9175
33.9183
33.9188
33.9191
33.9193
33.9193
33.9191
33.9188
33.9183
33.9175
30.6873
30.6877
30.688
30.6881
30.6882
30.6882
30.6881
30.688
30.6877
30.6873
30.6877
30.6881
30.6883
30.6885
30.6886
30.6886
30.6885
30.6883
30.6881
30.6877
30.688
30.6883
30.6886
30.6887
30.6888
30.6888
30.6887
30.6886
30.6883
30.688
30.6881
30.6885
30.6887
30.6889
30.6889
30.6889
30.6889
30.6887
30.6885
30.6881
30.6882
30.6886
30.6888
30.6889
30.689
30.689
30.6889
30.6888
30.6886
30.6882
30.6882
30.6886
30.6888
30.6889
30.689
30.689
30.6889
30.6888
30.6886
30.6882
30.6881
30.6885
30.6887
30.6889
30.6889
30.6889
30.6889
30.6887
30.6885
30.6881
30.688
30.6883
30.6886
30.6887
30.6888
30.6888
30.6887
30.6886
30.6883
30.688
30.6877
30.6881
30.6883
30.6885
30.6886
30.6886
30.6885
30.6883
30.6881
30.6877
30.6873
30.6877
30.688
30.6881
30.6882
30.6882
30.6881
30.688
30.6877
30.6873
27.4557
27.4559
27.456
27.4561
27.4561
27.4561
27.4561
27.456
27.4559
27.4557
27.4559
27.456
27.4561
27.4562
27.4563
27.4563
27.4562
27.4561
27.456
27.4559
27.456
27.4561
27.4563
27.4563
27.4564
27.4564
27.4563
27.4563
27.4561
27.456
27.4561
27.4562
27.4563
27.4564
27.4564
27.4564
27.4564
27.4563
27.4562
27.4561
27.4561
27.4563
27.4564
27.4564
27.4565
27.4565
27.4564
27.4564
27.4563
27.4561
27.4561
27.4563
27.4564
27.4564
27.4565
27.4565
27.4564
27.4564
27.4563
27.4561
27.4561
27.4562
27.4563
27.4564
27.4564
27.4564
27.4564
27.4563
27.4562
27.4561
27.456
27.4561
27.4563
27.4563
27.4564
27.4564
27.4563
27.4563
27.4561
27.456
27.4559
27.456
27.4561
27.4562
27.4563
27.4563
27.4562
27.4561
27.456
27.4559
27.4557
27.4559
27.456
27.4561
27.4561
27.4561
27.4561
27.456
27.4559
27.4557
24.2256
24.2257
24.2257
24.2258
24.2258
24.2258
24.2258
24.2257
24.2257
24.2256
24.2257
24.2258
24.2258
24.2259
24.2259
24.2259
24.2259
24.2258
24.2258
24.2257
24.2257
24.2258
24.2259
24.2259
24.2259
24.2259
24.2259
24.2259
24.2258
24.2257
24.2258
24.2259
24.2259
24.226
24.226
24.226
24.226
24.2259
24.2259
24.2258
24.2258
24.2259
24.2259
24.226
24.226
24.226
24.226
24.2259
24.2259
24.2258
24.2258
24.2259
24.2259
24.226
24.226
24.226
24.226
24.2259
24.2259
24.2258
24.2258
24.2259
24.2259
24.226
24.226
24.226
24.226
24.2259
24.2259
24.2258
24.2257
24.2258
24.2259
24.2259
24.2259
24.2259
24.2259
24.2259
24.2258
24.2257
24.2257
24.2258
24.2258
24.2259
24.2259
24.2259
24.2259
24.2258
24.2258
24.2257
24.2256
24.2257
24.2257
24.2258
24.2258
24.2258
24.2258
24.2257
24.2257
24.2256
20.9953
20.9953
20.9953
20.9954
20.9954
20.9954
20.9954
20.9953
20.9953
20.9953
20.9953
20.9954
20.9954
20.9954
20.9954
20.9954
20.9954
20.9954
20.9954
20.9953
20.9953
20.9954
20.9954
20.9954
20.9954
20.9954
20.9954
20.9954
20.9954
20.9953
20.9954
20.9954
20.9954
20.9954
20.9954
20.9954
20.9954
20.9954
20.9954
20.9954
20.9954
20.9954
20.9954
20.9954
20.9955
20.9955
20.9954
20.9954
20.9954
20.9954
20.9954
20.9954
20.9954
20.9954
20.9955
20.9955
20.9954
20.9954
20.9954
20.9954
20.9954
20.9954
20.9954
20.9954
20.9954
20.9954
20.9954
20.9954
20.9954
20.9954
20.9953
20.9954
20.9954
20.9954
20.9954
20.9954
20.9954
20.9954
20.9954
20.9953
20.9953
20.9954
20.9954
20.9954
20.9954
20.9954
20.9954
20.9954
20.9954
20.9953
20.9953
20.9953
20.9953
20.9954
20.9954
20.9954
20.9954
20.9953
20.9953
20.9953
17.7652
17.7653
17.7653
17.7653
17.7653
17.7653
17.7653
17.7653
17.7653
17.7652
17.7653
17.7653
17.7653
17.7653
17.7653
17.7653
17.7653
17.7653
17.7653
17.7653
17.7653
17.7653
17.7653
17.7653
17.7653
17.7653
17.7653
17.7653
17.7653
17.7653
17.7653
17.7653
17.7653
17.7653
17.7653
17.7653
17.7653
17.7653
17.7653
17.7653
17.7653
17.7653
17.7653
17.7653
17.7653
17.7653
17.7653
17.7653
17.7653
17.7653
17.7653
17.7653
17.7653
17.7653
17.7653
17.7653
17.7653
17.7653
17.7653
17.7653
17.7653
17.7653
17.7653
17.7653
17.7653
17.7653
17.7653
17.7653
17.7653
17.7653
17.7653
17.7653
17.7653
17.7653
17.7653
17.7653
17.7653
17.7653
17.7653
17.7653
17.7653
17.7653
17.7653
17.7653
17.7653
17.7653
17.7653
17.7653
17.7653
17.7653
17.7652
17.7653
17.7653
17.7653
17.7653
17.7653
17.7653
17.7653
17.7653
17.7652
14.5352
14.5352
14.5352
14.5352
14.5352
14.5352
14.5352
14.5352
14.5352
14.5352
14.5352
14.5352
14.5352
14.5352
14.5352
14.5352
14.5352
14.5352
14.5352
14.5352
14.5352
14.5352
14.5352
14.5352
14.5352
14.5352
14.5352
14.5352
14.5352
14.5352
14.5352
14.5352
14.5352
14.5352
14.5352
14.5352
14.5352
14.5352
14.5352
14.5352
14.5352
14.5352
14.5352
14.5352
14.5352
14.5352
14.5352
14.5352
14.5352
14.5352
14.5352
14.5352
14.5352
14.5352
14.5352
14.5352
14.5352
14.5352
14.5352
14.5352
14.5352
14.5352
14.5352
14.5352
14.5352
14.5352
14.5352
14.5352
14.5352
14.5352
14.5352
14.5352
14.5352
14.5352
14.5352
14.5352
14.5352
14.5352
14.5352
14.5352
14.5352
14.5352
14.5352
14.5352
14.5352
14.5352
14.5352
14.5352
14.5352
14.5352
14.5352
14.5352
14.5352
14.5352
14.5352
14.5352
14.5352
14.5352
14.5352
14.5352
11.3051
11.3051
11.3051
11.3051
11.3051
11.3051
11.3051
11.3051
11.3051
11.3051
11.3051
11.3051
11.3051
11.3051
11.3051
11.3051
11.3051
11.3051
11.3051
11.3051
11.3051
11.3051
11.3051
11.3051
11.3051
11.3051
11.3051
11.3051
11.3051
11.3051
11.3051
11.3051
11.3051
11.3051
11.3051
11.3051
11.3051
11.3051
11.3051
11.3051
11.3051
11.3051
11.3051
11.3051
11.3051
11.3051
11.3051
11.3051
11.3051
11.3051
11.3051
11.3051
11.3051
11.3051
11.3051
11.3051
11.3051
11.3051
11.3051
11.3051
11.3051
11.3051
11.3051
11.3051
11.3051
11.3051
11.3051
11.3051
11.3051
11.3051
11.3051
11.3051
11.3051
11.3051
11.3051
11.3051
11.3051
11.3051
11.3051
11.3051
11.3051
11.3051
11.3051
11.3051
11.3051
11.3051
11.3051
11.3051
11.3051
11.3051
11.3051
11.3051
11.3051
11.3051
11.3051
11.3051
11.3051
11.3051
11.3051
11.3051
8.07508
8.07508
8.07508
8.07508
8.07508
8.07508
8.07508
8.07508
8.07508
8.07508
8.07508
8.07508
8.07509
8.07509
8.07509
8.07509
8.07509
8.07508
8.07508
8.07508
8.07508
8.07509
8.07509
8.07509
8.07509
8.07509
8.07509
8.07509
8.07508
8.07508
8.07508
8.07509
8.07509
8.07509
8.07509
8.07509
8.07509
8.07509
8.07509
8.07508
8.07508
8.07509
8.07509
8.07509
8.07509
8.07509
8.07509
8.07509
8.07509
8.07508
8.07508
8.07509
8.07509
8.07509
8.07509
8.07509
8.07509
8.07509
8.07509
8.07508
8.07508
8.07509
8.07509
8.07509
8.07509
8.07509
8.07509
8.07509
8.07508
8.07508
8.07508
8.07508
8.07509
8.07509
8.07509
8.07509
8.07509
8.07509
8.07508
8.07508
8.07508
8.07508
8.07508
8.07509
8.07509
8.07509
8.07508
8.07508
8.07508
8.07508
8.07508
8.07508
8.07508
8.07508
8.07508
8.07508
8.07508
8.07508
8.07508
8.07508
4.84505
4.84505
4.84505
4.84504
4.84504
4.84504
4.84504
4.84504
4.84504
4.84504
4.84505
4.84504
4.84504
4.84504
4.84504
4.84504
4.84504
4.84504
4.84504
4.84504
4.84505
4.84504
4.84504
4.84504
4.84504
4.84504
4.84504
4.84504
4.84504
4.84504
4.84504
4.84504
4.84504
4.84504
4.84504
4.84504
4.84504
4.84504
4.84504
4.84504
4.84504
4.84504
4.84504
4.84504
4.84504
4.84504
4.84504
4.84504
4.84504
4.84504
4.84504
4.84504
4.84504
4.84504
4.84504
4.84504
4.84504
4.84504
4.84504
4.84504
4.84504
4.84504
4.84504
4.84504
4.84504
4.84504
4.84504
4.84504
4.84504
4.84504
4.84504
4.84504
4.84504
4.84504
4.84504
4.84504
4.84504
4.84504
4.84504
4.84504
4.84504
4.84504
4.84504
4.84504
4.84504
4.84504
4.84504
4.84504
4.84504
4.84504
4.84504
4.84504
4.84504
4.84504
4.84504
4.84504
4.84504
4.84504
4.84504
4.84504
1.61501
1.61501
1.61501
1.61501
1.61501
1.61501
1.61501
1.61501
1.61501
1.61501
1.61501
1.61501
1.61501
1.61501
1.61501
1.61501
1.61501
1.61501
1.61501
1.61501
1.61501
1.61501
1.61501
1.61501
1.61501
1.61501
1.61501
1.61501
1.61501
1.61501
1.61501
1.61501
1.61501
1.61501
1.61501
1.61501
1.61501
1.61501
1.61501
1.61501
1.61501
1.61501
1.61501
1.61501
1.61501
1.61501
1.61501
1.61501
1.61501
1.61501
1.61501
1.61501
1.61501
1.61501
1.61501
1.61501
1.61501
1.61501
1.61501
1.61501
1.61501
1.61501
1.61501
1.61501
1.61501
1.61501
1.61501
1.61501
1.61501
1.61501
1.61501
1.61501
1.61501
1.61501
1.61501
1.61501
1.61501
1.61501
1.61501
1.61501
1.61501
1.61501
1.61501
1.61501
1.61501
1.61501
1.61501
1.61501
1.61501
1.61501
1.61501
1.61501
1.61501
1.61501
1.61501
1.61501
1.61501
1.61501
1.61501
1.61501
)
;

boundaryField
{
    fixedWalls
    {
        type            zeroGradient;
    }
    inlet
    {
        type            fixedGradient;
        gradient        uniform 0;
    }
    outlet
    {
        type            fixedValue;
        value           uniform 0;
    }
}


// ************************************************************************* //
