/*--------------------------------*- C++ -*----------------------------------*\
| =========                 |                                                 |
| \\      /  F ield         | OpenFOAM: The Open Source CFD Toolbox           |
|  \\    /   O peration     | Version:  2106                                  |
|   \\  /    A nd           | Website:  www.openfoam.com                      |
|    \\/     M anipulation  |                                                 |
\*---------------------------------------------------------------------------*/
FoamFile
{
    version     2.0;
    format      ascii;
    arch        "LSB;label=32;scalar=64";
    class       volScalarField;
    location    "0.61";
    object      p;
}
// * * * * * * * * * * * * * * * * * * * * * * * * * * * * * * * * * * * * * //

dimensions      [0 2 -2 0 0 0 0];

internalField   nonuniform List<scalar> 
10000
(
98.3213
97.7407
97.3762
97.1096
96.9715
96.9715
97.1096
97.3762
97.7407
98.3213
89.2069
88.3592
87.8009
87.4062
87.2029
87.2029
87.4062
87.8009
88.3592
89.2069
81.6398
80.6643
80.0277
79.5841
79.3566
79.3566
79.5841
80.0277
80.6643
81.6398
76.4151
75.4129
74.7673
74.3242
74.097
74.097
74.3242
74.7673
75.4129
76.4151
72.4946
71.4997
70.862
70.4329
70.2131
70.2131
70.4329
70.862
71.4997
72.4946
69.3193
68.3514
67.7295
67.3213
67.1126
67.1126
67.3213
67.7295
68.3514
69.3193
66.7003
65.7802
65.1837
64.8026
64.6086
64.6086
64.8026
65.1837
65.7802
66.7003
64.5313
63.6825
63.1237
62.7752
62.5985
62.5985
62.7752
63.1237
63.6825
64.5313
62.7326
61.9711
61.4627
61.1516
60.994
60.994
61.1516
61.4627
61.9711
62.7326
61.3242
60.5629
60.1133
59.8398
59.7012
59.7012
59.8398
60.1133
60.5629
61.3242
62.4274
62.5999
62.7875
62.914
62.9795
62.9795
62.914
62.7875
62.5999
62.4274
62.8498
62.9443
63.0708
63.1519
63.1934
63.1934
63.1519
63.0708
62.9443
62.8498
62.8269
62.8241
62.8767
62.9049
62.919
62.919
62.9049
62.8767
62.8241
62.8269
62.4174
62.3245
62.3092
62.2908
62.2807
62.2807
62.2908
62.3092
62.3245
62.4174
61.8235
61.6568
61.5836
61.5278
61.4984
61.4984
61.5278
61.5836
61.6568
61.8235
61.1542
60.9318
60.8119
60.728
60.6843
60.6843
60.728
60.8119
60.9318
61.1542
60.4643
60.2064
60.0527
59.9506
59.8977
59.8977
59.9506
60.0527
60.2064
60.4643
59.7853
59.5157
59.3436
59.233
59.1758
59.1758
59.233
59.3436
59.5157
59.7853
59.1529
58.8875
58.709
58.5969
58.5387
58.5387
58.5969
58.709
58.8875
59.1529
58.6702
58.3229
58.1395
58.0267
57.968
57.968
58.0267
58.1395
58.3229
58.6702
57.8329
57.8185
57.8203
57.8168
57.8153
57.8153
57.8168
57.8203
57.8185
57.8329
58.2433
58.2268
58.2279
58.2228
58.2202
58.2202
58.2228
58.2279
58.2268
58.2433
58.5832
58.5482
58.5379
58.5231
58.5152
58.5152
58.5231
58.5379
58.5482
58.5832
58.6364
58.5682
58.5359
58.5051
58.4888
58.4888
58.5051
58.5359
58.5682
58.6364
58.4929
58.3895
58.3329
58.2862
58.2614
58.2614
58.2862
58.3329
58.3895
58.4929
58.2468
58.113
58.034
57.974
57.9424
57.9424
57.974
58.034
58.113
58.2468
57.9464
57.7904
57.6933
57.6239
57.5875
57.5875
57.6239
57.6933
57.7904
57.9464
57.6185
57.4523
57.344
57.2696
57.2308
57.2308
57.2696
57.344
57.4523
57.6185
57.2961
57.1272
57.0115
56.9349
56.8948
56.8948
56.9349
57.0115
57.1272
57.2961
57.0538
56.821
56.6948
56.6144
56.5726
56.5726
56.6144
56.6948
56.821
57.0538
53.137
53.1567
53.1816
53.1976
53.206
53.206
53.1976
53.1816
53.1567
53.137
53.3469
53.3704
53.3993
53.4177
53.4273
53.4273
53.4177
53.3993
53.3704
53.3469
53.5251
53.5464
53.5751
53.5925
53.6017
53.6017
53.5925
53.5751
53.5464
53.5251
53.6111
53.622
53.6438
53.6559
53.6622
53.6622
53.6559
53.6438
53.622
53.6111
53.6256
53.6222
53.6337
53.6383
53.6406
53.6406
53.6383
53.6337
53.6222
53.6256
53.592
53.5738
53.5739
53.5708
53.569
53.569
53.5708
53.5739
53.5738
53.592
53.5239
53.493
53.4824
53.4726
53.4673
53.4673
53.4726
53.4824
53.493
53.5239
53.4311
53.3921
53.3732
53.3585
53.3504
53.3504
53.3585
53.3732
53.3921
53.4311
53.3316
53.2868
53.2598
53.2404
53.2299
53.2299
53.2404
53.2598
53.2868
53.3316
53.2703
53.1819
53.141
53.1142
53.1
53.1
53.1142
53.141
53.1819
53.2703
49.9334
49.9335
49.9355
49.9356
49.9357
49.9357
49.9356
49.9355
49.9335
49.9334
50.0317
50.0354
50.0406
50.0428
50.044
50.044
50.0428
50.0406
50.0354
50.0317
50.132
50.1372
50.1441
50.1471
50.1487
50.1487
50.1471
50.1441
50.1372
50.132
50.2003
50.2034
50.2092
50.2111
50.2121
50.2121
50.2111
50.2092
50.2034
50.2003
50.2385
50.2373
50.2403
50.2399
50.2396
50.2396
50.2399
50.2403
50.2373
50.2385
50.2535
50.247
50.2461
50.2431
50.2413
50.2413
50.2431
50.2461
50.247
50.2535
50.2502
50.2385
50.2337
50.228
50.2249
50.2249
50.228
50.2337
50.2385
50.2502
50.2327
50.2174
50.2092
50.2015
50.1971
50.1971
50.2015
50.2092
50.2174
50.2327
50.2106
50.1918
50.1793
50.1692
50.1636
50.1636
50.1692
50.1793
50.1918
50.2106
50.2051
50.1634
50.1428
50.1285
50.121
50.121
50.1285
50.1428
50.1634
50.2051
46.632
46.6351
46.6388
46.6409
46.6421
46.6421
46.6409
46.6388
46.6351
46.632
46.6729
46.6777
46.683
46.6863
46.688
46.688
46.6863
46.683
46.6777
46.6729
46.7146
46.7205
46.7271
46.7311
46.7332
46.7332
46.7311
46.7271
46.7205
46.7146
46.746
46.7518
46.7585
46.7625
46.7646
46.7646
46.7625
46.7585
46.7518
46.746
46.7674
46.7719
46.7779
46.7812
46.783
46.783
46.7812
46.7779
46.7719
46.7674
46.78
46.7827
46.7873
46.7896
46.7908
46.7908
46.7896
46.7873
46.7827
46.78
46.7848
46.7855
46.7886
46.7897
46.7902
46.7902
46.7897
46.7886
46.7855
46.7848
46.7831
46.7822
46.7837
46.7837
46.7836
46.7836
46.7837
46.7837
46.7822
46.7831
46.7789
46.7762
46.7753
46.7739
46.773
46.773
46.7739
46.7753
46.7762
46.7789
46.783
46.7685
46.7627
46.7585
46.7563
46.7563
46.7585
46.7627
46.7685
46.783
43.4555
43.4559
43.4565
43.4566
43.4567
43.4567
43.4566
43.4565
43.4559
43.4555
43.4727
43.4739
43.4753
43.476
43.4763
43.4763
43.476
43.4753
43.4739
43.4727
43.4922
43.4943
43.4963
43.4974
43.498
43.498
43.4974
43.4963
43.4943
43.4922
43.5091
43.5115
43.5139
43.5152
43.5158
43.5158
43.5152
43.5139
43.5115
43.5091
43.5228
43.5251
43.5275
43.5287
43.5293
43.5293
43.5287
43.5275
43.5251
43.5228
43.5335
43.5354
43.5376
43.5386
43.539
43.539
43.5386
43.5376
43.5354
43.5335
43.5413
43.5427
43.5445
43.5451
43.5454
43.5454
43.5451
43.5445
43.5427
43.5413
43.5465
43.5475
43.5488
43.5491
43.5491
43.5491
43.5491
43.5488
43.5475
43.5465
43.551
43.5512
43.5516
43.5512
43.551
43.551
43.5512
43.5516
43.5512
43.551
43.5589
43.554
43.552
43.5505
43.5496
43.5496
43.5505
43.552
43.554
43.5589
40.2428
40.2434
40.2441
40.2444
40.2446
40.2446
40.2444
40.2441
40.2434
40.2428
40.2494
40.2504
40.2513
40.2519
40.2522
40.2522
40.2519
40.2513
40.2504
40.2494
40.2569
40.2582
40.2595
40.2603
40.2607
40.2607
40.2603
40.2595
40.2582
40.2569
40.2637
40.2653
40.2668
40.2678
40.2683
40.2683
40.2678
40.2668
40.2653
40.2637
40.2697
40.2713
40.273
40.274
40.2745
40.2745
40.274
40.273
40.2713
40.2697
40.2748
40.2763
40.278
40.2789
40.2794
40.2794
40.2789
40.278
40.2763
40.2748
40.2787
40.2802
40.2817
40.2826
40.283
40.283
40.2826
40.2817
40.2802
40.2787
40.2817
40.283
40.2844
40.2851
40.2854
40.2854
40.2851
40.2844
40.283
40.2817
40.2843
40.2853
40.2863
40.2867
40.2868
40.2868
40.2867
40.2863
40.2853
40.2843
40.2884
40.2872
40.287
40.2867
40.2866
40.2866
40.2867
40.287
40.2872
40.2884
37.0371
37.0372
37.0373
37.0374
37.0374
37.0374
37.0374
37.0373
37.0372
37.0371
37.0395
37.0398
37.0401
37.0402
37.0403
37.0403
37.0402
37.0401
37.0398
37.0395
37.0427
37.0431
37.0436
37.0438
37.0439
37.0439
37.0438
37.0436
37.0431
37.0427
37.0459
37.0465
37.0471
37.0474
37.0476
37.0476
37.0474
37.0471
37.0465
37.0459
37.049
37.0497
37.0504
37.0508
37.051
37.051
37.0508
37.0504
37.0497
37.049
37.0519
37.0527
37.0535
37.0539
37.0541
37.0541
37.0539
37.0535
37.0527
37.0519
37.0546
37.0554
37.0562
37.0566
37.0568
37.0568
37.0566
37.0562
37.0554
37.0546
37.057
37.0578
37.0586
37.059
37.0591
37.0591
37.059
37.0586
37.0578
37.057
37.0593
37.0601
37.0607
37.061
37.0611
37.0611
37.061
37.0607
37.0601
37.0593
37.0623
37.0622
37.0624
37.0624
37.0624
37.0624
37.0624
37.0624
37.0622
37.0623
33.8207
33.8208
33.8209
33.8209
33.821
33.821
33.8209
33.8209
33.8208
33.8207
33.8215
33.8216
33.8218
33.8219
33.8219
33.8219
33.8219
33.8218
33.8216
33.8214
33.8225
33.8227
33.8229
33.8231
33.8232
33.8232
33.8231
33.8229
33.8227
33.8225
33.8236
33.824
33.8243
33.8245
33.8246
33.8246
33.8245
33.8243
33.824
33.8236
33.8249
33.8253
33.8256
33.8258
33.826
33.826
33.8258
33.8256
33.8253
33.8249
33.8261
33.8265
33.8269
33.8272
33.8273
33.8273
33.8272
33.8269
33.8265
33.8261
33.8273
33.8277
33.8282
33.8284
33.8285
33.8285
33.8284
33.8282
33.8277
33.8273
33.8283
33.8288
33.8293
33.8295
33.8296
33.8296
33.8295
33.8293
33.8288
33.8283
33.8294
33.8299
33.8302
33.8305
33.8306
33.8306
33.8305
33.8302
33.8299
33.8294
33.8307
33.8308
33.831
33.8311
33.8312
33.8312
33.8311
33.831
33.8308
33.8307
30.6031
30.6031
30.6031
30.6031
30.6031
30.6031
30.6031
30.6031
30.6031
30.6031
30.6033
30.6033
30.6034
30.6034
30.6034
30.6034
30.6034
30.6034
30.6033
30.6033
30.6037
30.6037
30.6038
30.6038
30.6039
30.6039
30.6038
30.6038
30.6037
30.6037
30.6041
30.6043
30.6044
30.6044
30.6045
30.6045
30.6044
30.6044
30.6043
30.6041
30.6047
30.6049
30.605
30.6051
30.6051
30.6051
30.6051
30.605
30.6049
30.6047
30.6053
30.6055
30.6057
30.6058
30.6058
30.6058
30.6058
30.6057
30.6055
30.6053
30.6059
30.6062
30.6064
30.6065
30.6065
30.6065
30.6065
30.6064
30.6062
30.6059
30.6066
30.6068
30.6071
30.6072
30.6072
30.6072
30.6072
30.6071
30.6068
30.6066
30.6072
30.6075
30.6077
30.6078
30.6079
30.6079
30.6078
30.6077
30.6075
30.6072
30.608
30.6081
30.6083
30.6084
30.6084
30.6084
30.6084
30.6083
30.6081
30.608
27.3828
27.3828
27.3828
27.3829
27.3829
27.3829
27.3829
27.3828
27.3828
27.3828
27.3828
27.3829
27.3829
27.3829
27.3829
27.3829
27.3829
27.3829
27.3829
27.3828
27.3829
27.383
27.383
27.383
27.383
27.383
27.383
27.383
27.383
27.3829
27.3831
27.3831
27.3832
27.3832
27.3832
27.3832
27.3832
27.3832
27.3831
27.3831
27.3833
27.3833
27.3834
27.3834
27.3835
27.3835
27.3834
27.3834
27.3833
27.3833
27.3835
27.3836
27.3837
27.3837
27.3837
27.3837
27.3837
27.3837
27.3836
27.3835
27.3837
27.3839
27.3839
27.384
27.384
27.384
27.384
27.3839
27.3839
27.3837
27.384
27.3841
27.3842
27.3843
27.3843
27.3843
27.3843
27.3842
27.3841
27.384
27.3843
27.3844
27.3845
27.3846
27.3846
27.3846
27.3846
27.3845
27.3844
27.3843
27.3846
27.3847
27.3847
27.3848
27.3848
27.3848
27.3848
27.3847
27.3847
27.3846
24.162
24.162
24.162
24.162
24.162
24.162
24.162
24.162
24.162
24.162
24.162
24.162
24.162
24.162
24.162
24.162
24.162
24.162
24.162
24.162
24.162
24.162
24.162
24.162
24.162
24.162
24.162
24.162
24.162
24.162
24.162
24.1621
24.1621
24.1621
24.1621
24.1621
24.1621
24.1621
24.1621
24.162
24.1621
24.1622
24.1622
24.1622
24.1622
24.1622
24.1622
24.1622
24.1622
24.1621
24.1622
24.1623
24.1623
24.1623
24.1623
24.1623
24.1623
24.1623
24.1623
24.1622
24.1623
24.1624
24.1624
24.1625
24.1625
24.1625
24.1625
24.1624
24.1624
24.1623
24.1625
24.1625
24.1626
24.1626
24.1626
24.1626
24.1626
24.1626
24.1625
24.1625
24.1626
24.1627
24.1627
24.1628
24.1628
24.1628
24.1628
24.1627
24.1627
24.1626
24.1628
24.1628
24.1629
24.1629
24.1629
24.1629
24.1629
24.1629
24.1628
24.1628
20.9406
20.9406
20.9406
20.9406
20.9406
20.9406
20.9406
20.9406
20.9406
20.9406
20.9406
20.9406
20.9406
20.9406
20.9406
20.9406
20.9406
20.9406
20.9406
20.9406
20.9406
20.9406
20.9406
20.9406
20.9406
20.9406
20.9406
20.9406
20.9406
20.9406
20.9406
20.9406
20.9406
20.9406
20.9406
20.9406
20.9406
20.9406
20.9406
20.9406
20.9406
20.9406
20.9406
20.9406
20.9406
20.9406
20.9406
20.9406
20.9406
20.9406
20.9406
20.9407
20.9407
20.9407
20.9407
20.9407
20.9407
20.9407
20.9407
20.9406
20.9407
20.9407
20.9407
20.9407
20.9407
20.9407
20.9407
20.9407
20.9407
20.9407
20.9407
20.9408
20.9408
20.9408
20.9408
20.9408
20.9408
20.9408
20.9408
20.9407
20.9408
20.9408
20.9408
20.9409
20.9409
20.9409
20.9409
20.9408
20.9408
20.9408
20.9408
20.9409
20.9409
20.9409
20.9409
20.9409
20.9409
20.9409
20.9409
20.9408
17.7191
17.7191
17.7191
17.7191
17.7191
17.7191
17.7191
17.7191
17.7191
17.7191
17.7191
17.7191
17.7191
17.7191
17.7191
17.7191
17.7191
17.7191
17.7191
17.7191
17.7191
17.7191
17.7191
17.7191
17.7191
17.7191
17.7191
17.7191
17.7191
17.7191
17.7191
17.7191
17.7191
17.7191
17.7191
17.7191
17.7191
17.7191
17.7191
17.7191
17.7191
17.7191
17.7191
17.7191
17.7191
17.7191
17.7191
17.7191
17.7191
17.7191
17.7191
17.7191
17.7191
17.7191
17.7191
17.7191
17.7191
17.7191
17.7191
17.7191
17.7191
17.7191
17.7191
17.7191
17.7191
17.7191
17.7191
17.7191
17.7191
17.7191
17.7191
17.7191
17.7192
17.7192
17.7192
17.7192
17.7192
17.7192
17.7191
17.7191
17.7192
17.7192
17.7192
17.7192
17.7192
17.7192
17.7192
17.7192
17.7192
17.7192
17.7192
17.7192
17.7192
17.7192
17.7192
17.7192
17.7192
17.7192
17.7192
17.7192
14.4975
14.4975
14.4975
14.4975
14.4975
14.4975
14.4975
14.4975
14.4975
14.4975
14.4975
14.4975
14.4975
14.4975
14.4975
14.4975
14.4975
14.4975
14.4975
14.4975
14.4975
14.4975
14.4975
14.4975
14.4975
14.4975
14.4975
14.4975
14.4975
14.4975
14.4975
14.4975
14.4975
14.4975
14.4975
14.4975
14.4975
14.4975
14.4975
14.4975
14.4975
14.4975
14.4975
14.4975
14.4975
14.4975
14.4975
14.4975
14.4975
14.4975
14.4975
14.4975
14.4975
14.4975
14.4975
14.4975
14.4975
14.4975
14.4975
14.4975
14.4975
14.4975
14.4975
14.4975
14.4975
14.4975
14.4975
14.4975
14.4975
14.4975
14.4975
14.4975
14.4975
14.4975
14.4975
14.4975
14.4975
14.4975
14.4975
14.4975
14.4975
14.4975
14.4975
14.4975
14.4975
14.4975
14.4975
14.4975
14.4975
14.4975
14.4975
14.4975
14.4975
14.4975
14.4975
14.4975
14.4975
14.4975
14.4975
14.4975
11.2758
11.2758
11.2758
11.2758
11.2758
11.2758
11.2758
11.2758
11.2758
11.2758
11.2758
11.2758
11.2758
11.2758
11.2758
11.2758
11.2758
11.2758
11.2758
11.2758
11.2758
11.2758
11.2758
11.2758
11.2758
11.2758
11.2758
11.2758
11.2758
11.2758
11.2758
11.2758
11.2758
11.2758
11.2758
11.2758
11.2758
11.2758
11.2758
11.2758
11.2758
11.2758
11.2758
11.2758
11.2758
11.2758
11.2758
11.2758
11.2758
11.2758
11.2758
11.2758
11.2758
11.2758
11.2758
11.2758
11.2758
11.2758
11.2758
11.2758
11.2758
11.2758
11.2758
11.2758
11.2758
11.2758
11.2758
11.2758
11.2758
11.2758
11.2758
11.2758
11.2758
11.2758
11.2758
11.2758
11.2758
11.2758
11.2758
11.2758
11.2758
11.2758
11.2758
11.2758
11.2758
11.2758
11.2758
11.2758
11.2758
11.2758
11.2758
11.2758
11.2758
11.2758
11.2758
11.2758
11.2758
11.2758
11.2758
11.2758
8.05416
8.05416
8.05416
8.05416
8.05416
8.05416
8.05416
8.05416
8.05416
8.05416
8.05416
8.05416
8.05416
8.05416
8.05416
8.05416
8.05416
8.05416
8.05416
8.05416
8.05416
8.05416
8.05416
8.05416
8.05416
8.05416
8.05416
8.05416
8.05416
8.05416
8.05416
8.05416
8.05416
8.05416
8.05416
8.05416
8.05416
8.05416
8.05416
8.05416
8.05416
8.05416
8.05416
8.05416
8.05416
8.05416
8.05416
8.05416
8.05416
8.05416
8.05416
8.05416
8.05416
8.05416
8.05416
8.05416
8.05416
8.05416
8.05416
8.05416
8.05416
8.05416
8.05416
8.05416
8.05416
8.05416
8.05416
8.05416
8.05416
8.05416
8.05416
8.05416
8.05416
8.05416
8.05416
8.05416
8.05416
8.05416
8.05416
8.05416
8.05416
8.05416
8.05416
8.05416
8.05416
8.05416
8.05416
8.05416
8.05416
8.05416
8.05416
8.05416
8.05416
8.05416
8.05416
8.05416
8.05416
8.05416
8.05416
8.05416
4.8325
4.8325
4.8325
4.8325
4.8325
4.8325
4.8325
4.8325
4.8325
4.8325
4.8325
4.8325
4.8325
4.8325
4.8325
4.8325
4.8325
4.8325
4.8325
4.8325
4.8325
4.8325
4.8325
4.8325
4.8325
4.8325
4.8325
4.8325
4.8325
4.8325
4.8325
4.8325
4.83249
4.83249
4.83249
4.83249
4.83249
4.83249
4.8325
4.8325
4.83249
4.83249
4.83249
4.83249
4.83249
4.83249
4.83249
4.83249
4.83249
4.83249
4.83249
4.83249
4.83249
4.83249
4.83249
4.83249
4.83249
4.83249
4.83249
4.83249
4.83249
4.83249
4.83249
4.83249
4.83249
4.83249
4.83249
4.83249
4.83249
4.83249
4.83249
4.83249
4.83249
4.83249
4.83249
4.83249
4.83249
4.83249
4.83249
4.83249
4.83249
4.83249
4.83249
4.83249
4.83249
4.83249
4.83249
4.83249
4.83249
4.83249
4.83249
4.83249
4.83249
4.83249
4.83249
4.83249
4.83249
4.83249
4.83249
4.83249
1.61083
1.61083
1.61083
1.61083
1.61083
1.61083
1.61083
1.61083
1.61083
1.61083
1.61083
1.61083
1.61083
1.61083
1.61083
1.61083
1.61083
1.61083
1.61083
1.61083
1.61083
1.61083
1.61083
1.61083
1.61083
1.61083
1.61083
1.61083
1.61083
1.61083
1.61083
1.61083
1.61083
1.61083
1.61083
1.61083
1.61083
1.61083
1.61083
1.61083
1.61083
1.61083
1.61083
1.61083
1.61083
1.61083
1.61083
1.61083
1.61083
1.61083
1.61083
1.61083
1.61083
1.61083
1.61083
1.61083
1.61083
1.61083
1.61083
1.61083
1.61083
1.61083
1.61083
1.61083
1.61083
1.61083
1.61083
1.61083
1.61083
1.61083
1.61083
1.61083
1.61083
1.61083
1.61083
1.61083
1.61083
1.61083
1.61083
1.61083
1.61083
1.61083
1.61083
1.61083
1.61083
1.61083
1.61083
1.61083
1.61083
1.61083
1.61083
1.61083
1.61083
1.61083
1.61083
1.61083
1.61083
1.61083
1.61083
1.61083
98.3213
97.7407
97.3762
97.1097
96.9715
96.9715
97.1097
97.3762
97.7407
98.3213
89.2069
88.3592
87.8009
87.4062
87.2029
87.2029
87.4062
87.8009
88.3592
89.2069
81.6398
80.6643
80.0277
79.5841
79.3566
79.3566
79.5841
80.0277
80.6643
81.6398
76.4151
75.4129
74.7673
74.3242
74.0971
74.0971
74.3242
74.7673
75.4129
76.4151
72.4946
71.4997
70.862
70.4329
70.2131
70.2131
70.4329
70.862
71.4997
72.4946
69.3193
68.3514
67.7295
67.3213
67.1126
67.1126
67.3213
67.7295
68.3514
69.3193
66.7003
65.7802
65.1837
64.8026
64.6086
64.6086
64.8026
65.1837
65.7802
66.7003
64.5313
63.6825
63.1237
62.7752
62.5985
62.5985
62.7752
63.1237
63.6825
64.5313
62.7326
61.9711
61.4627
61.1516
60.994
60.994
61.1516
61.4627
61.9711
62.7326
61.3242
60.5629
60.1133
59.8398
59.7012
59.7012
59.8398
60.1133
60.5629
61.3242
62.4274
62.5999
62.7875
62.914
62.9795
62.9795
62.914
62.7875
62.5999
62.4274
62.8498
62.9443
63.0708
63.1519
63.1934
63.1934
63.1519
63.0708
62.9443
62.8498
62.8269
62.8241
62.8767
62.9049
62.919
62.919
62.9049
62.8767
62.8241
62.8269
62.4174
62.3245
62.3092
62.2908
62.2807
62.2807
62.2908
62.3092
62.3245
62.4174
61.8235
61.6568
61.5836
61.5278
61.4984
61.4984
61.5278
61.5836
61.6568
61.8235
61.1542
60.9318
60.8119
60.728
60.6843
60.6843
60.728
60.8119
60.9318
61.1542
60.4643
60.2064
60.0527
59.9506
59.8977
59.8977
59.9506
60.0527
60.2064
60.4643
59.7853
59.5157
59.3436
59.233
59.1758
59.1758
59.233
59.3436
59.5157
59.7853
59.1529
58.8875
58.709
58.5969
58.5387
58.5387
58.5969
58.709
58.8875
59.153
58.6702
58.3229
58.1395
58.0267
57.968
57.968
58.0268
58.1395
58.3229
58.6702
57.8329
57.8185
57.8203
57.8168
57.8153
57.8153
57.8168
57.8203
57.8185
57.8329
58.2433
58.2268
58.2279
58.2228
58.2202
58.2202
58.2228
58.2279
58.2268
58.2433
58.5832
58.5482
58.5379
58.5231
58.5152
58.5152
58.5231
58.5379
58.5482
58.5832
58.6364
58.5682
58.5359
58.5052
58.4888
58.4888
58.5052
58.5359
58.5682
58.6364
58.4929
58.3895
58.3329
58.2862
58.2614
58.2614
58.2862
58.3329
58.3895
58.4929
58.2468
58.113
58.034
57.974
57.9424
57.9424
57.974
58.034
58.113
58.2468
57.9464
57.7904
57.6933
57.6239
57.5875
57.5875
57.6239
57.6934
57.7904
57.9464
57.6185
57.4523
57.344
57.2696
57.2308
57.2308
57.2696
57.344
57.4523
57.6185
57.2961
57.1272
57.0115
56.9349
56.8948
56.8948
56.9349
57.0116
57.1272
57.2961
57.0538
56.821
56.6948
56.6144
56.5726
56.5726
56.6144
56.6948
56.821
57.0538
53.137
53.1567
53.1816
53.1976
53.206
53.206
53.1976
53.1816
53.1567
53.137
53.3469
53.3704
53.3993
53.4177
53.4273
53.4273
53.4177
53.3993
53.3704
53.3469
53.5251
53.5464
53.5751
53.5925
53.6017
53.6017
53.5925
53.5751
53.5464
53.5251
53.6111
53.622
53.6438
53.6559
53.6622
53.6622
53.6559
53.6439
53.622
53.6111
53.6256
53.6222
53.6337
53.6383
53.6406
53.6406
53.6383
53.6337
53.6222
53.6256
53.592
53.5738
53.5739
53.5708
53.569
53.569
53.5708
53.5739
53.5738
53.592
53.5239
53.493
53.4824
53.4726
53.4673
53.4673
53.4726
53.4824
53.493
53.5239
53.4311
53.3921
53.3732
53.3585
53.3504
53.3504
53.3585
53.3732
53.3921
53.4311
53.3316
53.2868
53.2598
53.2404
53.2299
53.2299
53.2404
53.2598
53.2868
53.3316
53.2703
53.1819
53.141
53.1142
53.1001
53.1001
53.1142
53.141
53.1819
53.2703
49.9334
49.9335
49.9355
49.9356
49.9357
49.9357
49.9356
49.9355
49.9335
49.9334
50.0317
50.0354
50.0406
50.0428
50.044
50.044
50.0428
50.0406
50.0354
50.0317
50.132
50.1372
50.1441
50.1471
50.1487
50.1487
50.1471
50.1441
50.1372
50.132
50.2003
50.2034
50.2092
50.2111
50.2121
50.2121
50.2111
50.2092
50.2034
50.2003
50.2385
50.2373
50.2403
50.2399
50.2396
50.2396
50.2399
50.2403
50.2373
50.2385
50.2535
50.247
50.2461
50.2431
50.2413
50.2413
50.2431
50.2461
50.247
50.2535
50.2502
50.2385
50.2337
50.2281
50.2249
50.2249
50.2281
50.2337
50.2385
50.2502
50.2327
50.2174
50.2092
50.2015
50.1971
50.1971
50.2015
50.2092
50.2174
50.2327
50.2106
50.1918
50.1793
50.1692
50.1636
50.1636
50.1692
50.1793
50.1918
50.2106
50.2051
50.1634
50.1428
50.1285
50.121
50.121
50.1285
50.1428
50.1634
50.2051
46.632
46.6351
46.6388
46.6409
46.6421
46.6421
46.6409
46.6388
46.6351
46.632
46.6729
46.6777
46.683
46.6863
46.688
46.688
46.6863
46.683
46.6777
46.6729
46.7146
46.7205
46.7271
46.7311
46.7332
46.7332
46.7311
46.7271
46.7205
46.7146
46.746
46.7518
46.7585
46.7625
46.7646
46.7646
46.7625
46.7585
46.7518
46.746
46.7674
46.7719
46.7779
46.7812
46.783
46.783
46.7812
46.7779
46.7719
46.7674
46.78
46.7827
46.7873
46.7896
46.7908
46.7908
46.7896
46.7873
46.7827
46.78
46.7848
46.7855
46.7886
46.7897
46.7902
46.7902
46.7897
46.7886
46.7855
46.7848
46.7831
46.7822
46.7837
46.7837
46.7836
46.7836
46.7837
46.7837
46.7822
46.7831
46.7789
46.7762
46.7753
46.7739
46.773
46.773
46.7739
46.7753
46.7762
46.7789
46.783
46.7685
46.7627
46.7585
46.7563
46.7563
46.7585
46.7627
46.7685
46.783
43.4555
43.4559
43.4565
43.4566
43.4567
43.4567
43.4566
43.4565
43.4559
43.4555
43.4727
43.4739
43.4753
43.476
43.4763
43.4763
43.476
43.4753
43.4739
43.4727
43.4922
43.4943
43.4963
43.4974
43.498
43.498
43.4974
43.4963
43.4943
43.4922
43.5091
43.5115
43.5139
43.5152
43.5158
43.5158
43.5152
43.5139
43.5115
43.5091
43.5228
43.5251
43.5275
43.5287
43.5293
43.5293
43.5287
43.5275
43.5251
43.5228
43.5335
43.5354
43.5376
43.5386
43.539
43.539
43.5386
43.5376
43.5354
43.5335
43.5413
43.5427
43.5445
43.5451
43.5454
43.5454
43.5451
43.5445
43.5427
43.5413
43.5465
43.5475
43.5488
43.5491
43.5491
43.5491
43.5491
43.5488
43.5475
43.5465
43.551
43.5512
43.5516
43.5512
43.551
43.551
43.5512
43.5516
43.5512
43.551
43.5589
43.554
43.5521
43.5505
43.5496
43.5496
43.5505
43.5521
43.554
43.5589
40.2428
40.2434
40.2441
40.2444
40.2446
40.2446
40.2444
40.2441
40.2434
40.2429
40.2494
40.2504
40.2513
40.2519
40.2522
40.2522
40.2519
40.2513
40.2504
40.2494
40.2569
40.2582
40.2595
40.2603
40.2607
40.2607
40.2603
40.2595
40.2582
40.2569
40.2637
40.2653
40.2668
40.2678
40.2683
40.2683
40.2678
40.2668
40.2653
40.2637
40.2697
40.2713
40.273
40.274
40.2745
40.2745
40.274
40.273
40.2714
40.2697
40.2748
40.2763
40.278
40.2789
40.2794
40.2794
40.2789
40.278
40.2763
40.2748
40.2787
40.2802
40.2817
40.2826
40.283
40.283
40.2826
40.2817
40.2802
40.2787
40.2817
40.283
40.2844
40.2851
40.2854
40.2854
40.2851
40.2844
40.283
40.2817
40.2843
40.2853
40.2863
40.2867
40.2868
40.2868
40.2867
40.2863
40.2853
40.2843
40.2884
40.2872
40.287
40.2867
40.2866
40.2866
40.2867
40.287
40.2872
40.2884
37.0371
37.0372
37.0373
37.0374
37.0374
37.0374
37.0374
37.0373
37.0372
37.0371
37.0395
37.0398
37.0401
37.0402
37.0403
37.0403
37.0402
37.0401
37.0398
37.0395
37.0427
37.0431
37.0436
37.0438
37.0439
37.0439
37.0438
37.0436
37.0431
37.0427
37.0459
37.0465
37.0471
37.0474
37.0476
37.0476
37.0474
37.0471
37.0465
37.0459
37.049
37.0497
37.0504
37.0508
37.051
37.051
37.0508
37.0504
37.0497
37.049
37.0519
37.0527
37.0535
37.0539
37.0541
37.0541
37.0539
37.0535
37.0527
37.0519
37.0546
37.0554
37.0562
37.0566
37.0568
37.0568
37.0566
37.0562
37.0554
37.0546
37.057
37.0578
37.0586
37.059
37.0591
37.0591
37.059
37.0586
37.0578
37.057
37.0593
37.0601
37.0607
37.061
37.0611
37.0611
37.061
37.0607
37.0601
37.0593
37.0623
37.0622
37.0624
37.0624
37.0624
37.0624
37.0624
37.0624
37.0622
37.0623
33.8207
33.8208
33.8209
33.8209
33.821
33.821
33.8209
33.8209
33.8208
33.8207
33.8214
33.8216
33.8218
33.8219
33.8219
33.8219
33.8219
33.8218
33.8216
33.8215
33.8225
33.8227
33.8229
33.8231
33.8232
33.8232
33.8231
33.8229
33.8227
33.8225
33.8236
33.824
33.8243
33.8245
33.8246
33.8246
33.8245
33.8243
33.824
33.8236
33.8249
33.8253
33.8256
33.8258
33.826
33.826
33.8258
33.8256
33.8253
33.8249
33.8261
33.8265
33.8269
33.8272
33.8273
33.8273
33.8272
33.8269
33.8265
33.8261
33.8273
33.8277
33.8282
33.8284
33.8285
33.8285
33.8284
33.8282
33.8277
33.8273
33.8283
33.8288
33.8293
33.8295
33.8296
33.8296
33.8295
33.8293
33.8288
33.8283
33.8294
33.8299
33.8302
33.8305
33.8306
33.8306
33.8305
33.8303
33.8299
33.8294
33.8307
33.8308
33.831
33.8311
33.8312
33.8312
33.8311
33.831
33.8308
33.8307
30.6031
30.6031
30.6031
30.6031
30.6031
30.6031
30.6031
30.6031
30.6031
30.6031
30.6033
30.6033
30.6034
30.6034
30.6034
30.6034
30.6034
30.6034
30.6033
30.6033
30.6037
30.6037
30.6038
30.6038
30.6039
30.6039
30.6038
30.6038
30.6037
30.6037
30.6041
30.6043
30.6044
30.6044
30.6045
30.6045
30.6044
30.6044
30.6043
30.6041
30.6047
30.6049
30.605
30.6051
30.6051
30.6051
30.6051
30.605
30.6049
30.6047
30.6053
30.6055
30.6057
30.6058
30.6058
30.6058
30.6058
30.6057
30.6055
30.6053
30.6059
30.6062
30.6064
30.6065
30.6065
30.6065
30.6065
30.6064
30.6062
30.606
30.6066
30.6068
30.6071
30.6072
30.6072
30.6072
30.6072
30.6071
30.6068
30.6066
30.6072
30.6075
30.6077
30.6078
30.6079
30.6079
30.6078
30.6077
30.6075
30.6072
30.608
30.6081
30.6083
30.6084
30.6084
30.6084
30.6084
30.6083
30.6081
30.608
27.3828
27.3828
27.3828
27.3829
27.3829
27.3829
27.3829
27.3828
27.3828
27.3828
27.3828
27.3829
27.3829
27.3829
27.3829
27.3829
27.3829
27.3829
27.3829
27.3828
27.3829
27.383
27.383
27.383
27.383
27.383
27.383
27.383
27.383
27.3829
27.3831
27.3831
27.3832
27.3832
27.3832
27.3832
27.3832
27.3832
27.3831
27.3831
27.3833
27.3833
27.3834
27.3834
27.3835
27.3835
27.3834
27.3834
27.3833
27.3833
27.3835
27.3836
27.3837
27.3837
27.3837
27.3837
27.3837
27.3837
27.3836
27.3835
27.3837
27.3839
27.3839
27.384
27.384
27.384
27.384
27.3839
27.3839
27.3837
27.384
27.3841
27.3842
27.3843
27.3843
27.3843
27.3843
27.3842
27.3841
27.384
27.3843
27.3844
27.3845
27.3846
27.3846
27.3846
27.3846
27.3845
27.3844
27.3843
27.3846
27.3847
27.3847
27.3848
27.3848
27.3848
27.3848
27.3847
27.3847
27.3846
24.162
24.162
24.162
24.162
24.162
24.162
24.162
24.162
24.162
24.162
24.162
24.162
24.162
24.162
24.162
24.162
24.162
24.162
24.162
24.162
24.162
24.162
24.162
24.162
24.162
24.162
24.162
24.162
24.162
24.162
24.162
24.1621
24.1621
24.1621
24.1621
24.1621
24.1621
24.1621
24.1621
24.162
24.1621
24.1622
24.1622
24.1622
24.1622
24.1622
24.1622
24.1622
24.1622
24.1621
24.1622
24.1623
24.1623
24.1623
24.1623
24.1623
24.1623
24.1623
24.1623
24.1622
24.1623
24.1624
24.1624
24.1625
24.1625
24.1625
24.1625
24.1624
24.1624
24.1623
24.1625
24.1625
24.1626
24.1626
24.1626
24.1626
24.1626
24.1626
24.1625
24.1625
24.1626
24.1627
24.1627
24.1628
24.1628
24.1628
24.1628
24.1627
24.1627
24.1626
24.1628
24.1628
24.1629
24.1629
24.1629
24.1629
24.1629
24.1629
24.1628
24.1628
20.9406
20.9406
20.9406
20.9406
20.9406
20.9406
20.9406
20.9406
20.9406
20.9406
20.9406
20.9406
20.9406
20.9406
20.9406
20.9406
20.9406
20.9406
20.9406
20.9406
20.9406
20.9406
20.9406
20.9406
20.9406
20.9406
20.9406
20.9406
20.9406
20.9406
20.9406
20.9406
20.9406
20.9406
20.9406
20.9406
20.9406
20.9406
20.9406
20.9406
20.9406
20.9406
20.9406
20.9406
20.9406
20.9406
20.9406
20.9406
20.9406
20.9406
20.9406
20.9407
20.9407
20.9407
20.9407
20.9407
20.9407
20.9407
20.9407
20.9406
20.9407
20.9407
20.9407
20.9407
20.9407
20.9407
20.9407
20.9407
20.9407
20.9407
20.9407
20.9408
20.9408
20.9408
20.9408
20.9408
20.9408
20.9408
20.9408
20.9407
20.9408
20.9408
20.9408
20.9409
20.9409
20.9409
20.9409
20.9408
20.9408
20.9408
20.9408
20.9409
20.9409
20.9409
20.9409
20.9409
20.9409
20.9409
20.9409
20.9408
17.7191
17.7191
17.7191
17.7191
17.7191
17.7191
17.7191
17.7191
17.7191
17.7191
17.7191
17.7191
17.7191
17.7191
17.7191
17.7191
17.7191
17.7191
17.7191
17.7191
17.7191
17.7191
17.7191
17.7191
17.7191
17.7191
17.7191
17.7191
17.7191
17.7191
17.7191
17.7191
17.7191
17.7191
17.7191
17.7191
17.7191
17.7191
17.7191
17.7191
17.7191
17.7191
17.7191
17.7191
17.7191
17.7191
17.7191
17.7191
17.7191
17.7191
17.7191
17.7191
17.7191
17.7191
17.7191
17.7191
17.7191
17.7191
17.7191
17.7191
17.7191
17.7191
17.7191
17.7191
17.7191
17.7191
17.7191
17.7191
17.7191
17.7191
17.7191
17.7191
17.7192
17.7192
17.7192
17.7192
17.7192
17.7192
17.7191
17.7191
17.7192
17.7192
17.7192
17.7192
17.7192
17.7192
17.7192
17.7192
17.7192
17.7192
17.7192
17.7192
17.7192
17.7192
17.7192
17.7192
17.7192
17.7192
17.7192
17.7192
14.4975
14.4975
14.4975
14.4975
14.4975
14.4975
14.4975
14.4975
14.4975
14.4975
14.4975
14.4975
14.4975
14.4975
14.4975
14.4975
14.4975
14.4975
14.4975
14.4975
14.4975
14.4975
14.4975
14.4975
14.4975
14.4975
14.4975
14.4975
14.4975
14.4975
14.4975
14.4975
14.4975
14.4975
14.4975
14.4975
14.4975
14.4975
14.4975
14.4975
14.4975
14.4975
14.4975
14.4975
14.4975
14.4975
14.4975
14.4975
14.4975
14.4975
14.4975
14.4975
14.4975
14.4975
14.4975
14.4975
14.4975
14.4975
14.4975
14.4975
14.4975
14.4975
14.4975
14.4975
14.4975
14.4975
14.4975
14.4975
14.4975
14.4975
14.4975
14.4975
14.4975
14.4975
14.4975
14.4975
14.4975
14.4975
14.4975
14.4975
14.4975
14.4975
14.4975
14.4975
14.4975
14.4975
14.4975
14.4975
14.4975
14.4975
14.4975
14.4975
14.4975
14.4975
14.4975
14.4975
14.4975
14.4975
14.4975
14.4975
11.2758
11.2758
11.2758
11.2758
11.2758
11.2758
11.2758
11.2758
11.2758
11.2758
11.2758
11.2758
11.2758
11.2758
11.2758
11.2758
11.2758
11.2758
11.2758
11.2758
11.2758
11.2758
11.2758
11.2758
11.2758
11.2758
11.2758
11.2758
11.2758
11.2758
11.2758
11.2758
11.2758
11.2758
11.2758
11.2758
11.2758
11.2758
11.2758
11.2758
11.2758
11.2758
11.2758
11.2758
11.2758
11.2758
11.2758
11.2758
11.2758
11.2758
11.2758
11.2758
11.2758
11.2758
11.2758
11.2758
11.2758
11.2758
11.2758
11.2758
11.2758
11.2758
11.2758
11.2758
11.2758
11.2758
11.2758
11.2758
11.2758
11.2758
11.2758
11.2758
11.2758
11.2758
11.2758
11.2758
11.2758
11.2758
11.2758
11.2758
11.2758
11.2758
11.2758
11.2758
11.2758
11.2758
11.2758
11.2758
11.2758
11.2758
11.2758
11.2758
11.2758
11.2758
11.2758
11.2758
11.2758
11.2758
11.2758
11.2758
8.05416
8.05416
8.05416
8.05416
8.05416
8.05416
8.05416
8.05416
8.05416
8.05416
8.05416
8.05416
8.05416
8.05416
8.05416
8.05416
8.05416
8.05416
8.05416
8.05416
8.05416
8.05416
8.05416
8.05416
8.05416
8.05416
8.05416
8.05416
8.05416
8.05416
8.05416
8.05416
8.05416
8.05416
8.05416
8.05416
8.05416
8.05416
8.05416
8.05416
8.05416
8.05416
8.05416
8.05416
8.05416
8.05416
8.05416
8.05416
8.05416
8.05416
8.05416
8.05416
8.05416
8.05416
8.05416
8.05416
8.05416
8.05416
8.05416
8.05416
8.05416
8.05416
8.05416
8.05416
8.05416
8.05416
8.05416
8.05416
8.05416
8.05416
8.05416
8.05416
8.05416
8.05416
8.05416
8.05416
8.05416
8.05416
8.05416
8.05416
8.05416
8.05416
8.05416
8.05416
8.05416
8.05416
8.05416
8.05416
8.05416
8.05416
8.05416
8.05416
8.05416
8.05416
8.05416
8.05416
8.05416
8.05416
8.05416
8.05416
4.8325
4.8325
4.8325
4.8325
4.8325
4.8325
4.8325
4.8325
4.8325
4.8325
4.8325
4.8325
4.8325
4.8325
4.8325
4.8325
4.8325
4.8325
4.8325
4.8325
4.8325
4.8325
4.8325
4.8325
4.8325
4.8325
4.8325
4.8325
4.8325
4.8325
4.8325
4.83249
4.83249
4.83249
4.83249
4.83249
4.83249
4.83249
4.83249
4.83249
4.83249
4.83249
4.83249
4.83249
4.83249
4.83249
4.83249
4.83249
4.83249
4.83249
4.83249
4.83249
4.83249
4.83249
4.83249
4.83249
4.83249
4.83249
4.83249
4.83249
4.83249
4.83249
4.83249
4.83249
4.83249
4.83249
4.83249
4.83249
4.83249
4.83249
4.83249
4.83249
4.83249
4.83249
4.83249
4.83249
4.83249
4.83249
4.83249
4.83249
4.83249
4.83249
4.83249
4.83249
4.83249
4.83249
4.83249
4.83249
4.83249
4.83249
4.83249
4.83249
4.83249
4.83249
4.83249
4.83249
4.83249
4.83249
4.83249
4.83249
1.61083
1.61083
1.61083
1.61083
1.61083
1.61083
1.61083
1.61083
1.61083
1.61083
1.61083
1.61083
1.61083
1.61083
1.61083
1.61083
1.61083
1.61083
1.61083
1.61083
1.61083
1.61083
1.61083
1.61083
1.61083
1.61083
1.61083
1.61083
1.61083
1.61083
1.61083
1.61083
1.61083
1.61083
1.61083
1.61083
1.61083
1.61083
1.61083
1.61083
1.61083
1.61083
1.61083
1.61083
1.61083
1.61083
1.61083
1.61083
1.61083
1.61083
1.61083
1.61083
1.61083
1.61083
1.61083
1.61083
1.61083
1.61083
1.61083
1.61083
1.61083
1.61083
1.61083
1.61083
1.61083
1.61083
1.61083
1.61083
1.61083
1.61083
1.61083
1.61083
1.61083
1.61083
1.61083
1.61083
1.61083
1.61083
1.61083
1.61083
1.61083
1.61083
1.61083
1.61083
1.61083
1.61083
1.61083
1.61083
1.61083
1.61083
1.61083
1.61083
1.61083
1.61083
1.61083
1.61083
1.61083
1.61083
1.61083
1.61083
98.3213
97.7407
97.3762
97.1097
96.9715
96.9715
97.1096
97.3762
97.7407
98.3213
89.2069
88.3592
87.8009
87.4062
87.2029
87.2029
87.4062
87.8009
88.3592
89.2069
81.6398
80.6643
80.0277
79.5841
79.3566
79.3566
79.5841
80.0277
80.6643
81.6398
76.4151
75.4129
74.7673
74.3242
74.0971
74.0971
74.3242
74.7673
75.4129
76.4151
72.4946
71.4997
70.862
70.4329
70.2131
70.2131
70.4329
70.862
71.4997
72.4946
69.3193
68.3514
67.7295
67.3213
67.1126
67.1126
67.3213
67.7295
68.3514
69.3193
66.7003
65.7802
65.1837
64.8026
64.6086
64.6086
64.8026
65.1837
65.7802
66.7003
64.5313
63.6825
63.1237
62.7752
62.5985
62.5985
62.7752
63.1237
63.6825
64.5313
62.7326
61.9711
61.4627
61.1516
60.994
60.994
61.1516
61.4627
61.9711
62.7326
61.3242
60.5629
60.1133
59.8398
59.7012
59.7012
59.8398
60.1133
60.5629
61.3242
62.4274
62.5999
62.7875
62.914
62.9795
62.9795
62.914
62.7875
62.5999
62.4274
62.8498
62.9443
63.0708
63.1519
63.1934
63.1934
63.1519
63.0708
62.9443
62.8498
62.8269
62.8241
62.8767
62.9049
62.919
62.919
62.9049
62.8767
62.8241
62.8269
62.4174
62.3245
62.3092
62.2908
62.2807
62.2807
62.2908
62.3092
62.3245
62.4174
61.8235
61.6568
61.5836
61.5278
61.4984
61.4984
61.5278
61.5836
61.6568
61.8235
61.1542
60.9318
60.8119
60.728
60.6843
60.6843
60.728
60.8119
60.9318
61.1542
60.4643
60.2064
60.0527
59.9506
59.8977
59.8977
59.9506
60.0527
60.2064
60.4643
59.7853
59.5157
59.3436
59.233
59.1758
59.1758
59.233
59.3436
59.5157
59.7853
59.153
58.8875
58.709
58.5969
58.5387
58.5387
58.5969
58.709
58.8875
59.1529
58.6702
58.3229
58.1395
58.0268
57.968
57.968
58.0267
58.1395
58.3229
58.6702
57.8329
57.8185
57.8203
57.8168
57.8153
57.8153
57.8168
57.8203
57.8185
57.8329
58.2433
58.2268
58.2279
58.2228
58.2202
58.2202
58.2228
58.2279
58.2268
58.2433
58.5832
58.5482
58.5379
58.5231
58.5152
58.5152
58.5231
58.5379
58.5482
58.5832
58.6364
58.5682
58.5359
58.5052
58.4888
58.4888
58.5052
58.5359
58.5682
58.6364
58.4929
58.3895
58.3329
58.2862
58.2614
58.2614
58.2862
58.3329
58.3895
58.4929
58.2468
58.113
58.034
57.974
57.9424
57.9424
57.974
58.034
58.113
58.2468
57.9464
57.7904
57.6934
57.6239
57.5875
57.5875
57.6239
57.6933
57.7904
57.9464
57.6185
57.4523
57.344
57.2696
57.2308
57.2308
57.2696
57.344
57.4523
57.6185
57.2961
57.1272
57.0116
56.9349
56.8948
56.8948
56.9349
57.0115
57.1272
57.2961
57.0538
56.821
56.6948
56.6144
56.5726
56.5726
56.6144
56.6948
56.821
57.0538
53.137
53.1567
53.1816
53.1976
53.206
53.206
53.1976
53.1816
53.1567
53.137
53.3469
53.3704
53.3993
53.4177
53.4273
53.4273
53.4177
53.3993
53.3704
53.3469
53.5251
53.5464
53.5751
53.5925
53.6017
53.6017
53.5925
53.5751
53.5464
53.5251
53.6111
53.622
53.6439
53.6559
53.6622
53.6622
53.6559
53.6438
53.622
53.6111
53.6256
53.6222
53.6337
53.6383
53.6406
53.6406
53.6383
53.6337
53.6222
53.6256
53.592
53.5738
53.5739
53.5708
53.569
53.569
53.5708
53.5739
53.5738
53.592
53.5239
53.493
53.4824
53.4726
53.4673
53.4673
53.4726
53.4824
53.493
53.5239
53.4311
53.3921
53.3732
53.3585
53.3504
53.3504
53.3585
53.3732
53.3921
53.4311
53.3316
53.2868
53.2598
53.2404
53.2299
53.2299
53.2404
53.2598
53.2868
53.3316
53.2703
53.1819
53.141
53.1142
53.1001
53.1001
53.1142
53.141
53.1819
53.2703
49.9334
49.9335
49.9355
49.9356
49.9357
49.9357
49.9356
49.9355
49.9335
49.9334
50.0317
50.0354
50.0406
50.0428
50.044
50.044
50.0428
50.0406
50.0354
50.0317
50.132
50.1372
50.1441
50.1471
50.1487
50.1487
50.1471
50.1441
50.1372
50.132
50.2003
50.2034
50.2092
50.2111
50.2121
50.2121
50.2111
50.2092
50.2034
50.2003
50.2385
50.2373
50.2403
50.2399
50.2396
50.2396
50.2399
50.2403
50.2373
50.2385
50.2535
50.247
50.2461
50.2431
50.2413
50.2413
50.2431
50.2461
50.247
50.2535
50.2502
50.2385
50.2337
50.2281
50.2249
50.2249
50.2281
50.2337
50.2385
50.2502
50.2327
50.2174
50.2092
50.2015
50.1971
50.1971
50.2015
50.2092
50.2174
50.2327
50.2106
50.1918
50.1793
50.1692
50.1636
50.1636
50.1692
50.1793
50.1918
50.2106
50.2051
50.1634
50.1428
50.1285
50.121
50.121
50.1285
50.1428
50.1634
50.2051
46.632
46.6351
46.6388
46.6409
46.6421
46.6421
46.6409
46.6388
46.6351
46.632
46.6729
46.6777
46.683
46.6863
46.688
46.688
46.6863
46.683
46.6777
46.6729
46.7146
46.7205
46.7271
46.7311
46.7332
46.7332
46.7311
46.7271
46.7205
46.7146
46.746
46.7518
46.7585
46.7625
46.7646
46.7646
46.7625
46.7585
46.7518
46.746
46.7674
46.7719
46.7779
46.7812
46.783
46.783
46.7812
46.7779
46.7719
46.7674
46.78
46.7827
46.7873
46.7896
46.7908
46.7908
46.7896
46.7873
46.7827
46.78
46.7848
46.7855
46.7886
46.7897
46.7902
46.7902
46.7897
46.7886
46.7855
46.7848
46.7831
46.7822
46.7837
46.7837
46.7836
46.7836
46.7837
46.7837
46.7822
46.7831
46.7789
46.7762
46.7753
46.7739
46.773
46.773
46.7739
46.7753
46.7762
46.7789
46.783
46.7685
46.7627
46.7585
46.7563
46.7563
46.7585
46.7627
46.7685
46.783
43.4555
43.4559
43.4565
43.4566
43.4567
43.4567
43.4566
43.4565
43.4559
43.4555
43.4727
43.4739
43.4753
43.476
43.4763
43.4763
43.476
43.4753
43.4739
43.4727
43.4922
43.4943
43.4963
43.4974
43.498
43.498
43.4974
43.4963
43.4943
43.4922
43.5091
43.5115
43.5139
43.5152
43.5158
43.5158
43.5152
43.5139
43.5115
43.5091
43.5228
43.5251
43.5275
43.5287
43.5293
43.5293
43.5287
43.5275
43.5251
43.5228
43.5335
43.5354
43.5376
43.5386
43.539
43.539
43.5386
43.5376
43.5354
43.5335
43.5413
43.5427
43.5445
43.5451
43.5454
43.5454
43.5451
43.5445
43.5427
43.5413
43.5465
43.5475
43.5488
43.5491
43.5491
43.5491
43.5491
43.5488
43.5475
43.5465
43.551
43.5512
43.5516
43.5512
43.551
43.551
43.5512
43.5516
43.5512
43.551
43.5589
43.554
43.5521
43.5505
43.5496
43.5496
43.5505
43.5521
43.554
43.5589
40.2429
40.2434
40.2441
40.2444
40.2446
40.2446
40.2444
40.2441
40.2434
40.2428
40.2494
40.2504
40.2513
40.2519
40.2522
40.2522
40.2519
40.2513
40.2504
40.2494
40.2569
40.2582
40.2595
40.2603
40.2607
40.2607
40.2603
40.2595
40.2582
40.2569
40.2637
40.2653
40.2668
40.2678
40.2683
40.2683
40.2678
40.2668
40.2653
40.2637
40.2697
40.2714
40.273
40.274
40.2745
40.2745
40.274
40.273
40.2713
40.2697
40.2748
40.2763
40.278
40.2789
40.2794
40.2794
40.2789
40.278
40.2763
40.2748
40.2787
40.2802
40.2817
40.2826
40.283
40.283
40.2826
40.2817
40.2802
40.2787
40.2817
40.283
40.2844
40.2851
40.2854
40.2854
40.2851
40.2844
40.283
40.2817
40.2843
40.2853
40.2863
40.2867
40.2868
40.2868
40.2867
40.2863
40.2853
40.2843
40.2884
40.2872
40.287
40.2867
40.2866
40.2866
40.2867
40.287
40.2872
40.2884
37.0371
37.0372
37.0373
37.0374
37.0374
37.0374
37.0374
37.0373
37.0372
37.0371
37.0395
37.0398
37.0401
37.0402
37.0403
37.0403
37.0402
37.0401
37.0398
37.0395
37.0427
37.0431
37.0436
37.0438
37.0439
37.0439
37.0438
37.0436
37.0431
37.0427
37.0459
37.0465
37.0471
37.0474
37.0476
37.0476
37.0474
37.0471
37.0465
37.0459
37.049
37.0497
37.0504
37.0508
37.051
37.051
37.0508
37.0504
37.0497
37.049
37.0519
37.0527
37.0535
37.0539
37.0541
37.0541
37.0539
37.0535
37.0527
37.0519
37.0546
37.0554
37.0562
37.0566
37.0568
37.0568
37.0566
37.0562
37.0554
37.0546
37.057
37.0578
37.0586
37.059
37.0591
37.0591
37.059
37.0586
37.0578
37.057
37.0593
37.0601
37.0607
37.061
37.0611
37.0611
37.061
37.0607
37.0601
37.0593
37.0623
37.0622
37.0624
37.0624
37.0624
37.0624
37.0624
37.0624
37.0622
37.0623
33.8207
33.8208
33.8209
33.8209
33.821
33.821
33.8209
33.8209
33.8208
33.8207
33.8215
33.8216
33.8218
33.8219
33.8219
33.8219
33.8219
33.8218
33.8216
33.8214
33.8225
33.8227
33.8229
33.8231
33.8232
33.8232
33.8231
33.8229
33.8227
33.8225
33.8236
33.824
33.8243
33.8245
33.8246
33.8246
33.8245
33.8243
33.824
33.8236
33.8249
33.8253
33.8256
33.8258
33.826
33.826
33.8258
33.8256
33.8253
33.8249
33.8261
33.8265
33.8269
33.8272
33.8273
33.8273
33.8272
33.8269
33.8265
33.8261
33.8273
33.8277
33.8282
33.8284
33.8285
33.8285
33.8284
33.8282
33.8277
33.8273
33.8283
33.8288
33.8293
33.8295
33.8296
33.8296
33.8295
33.8293
33.8288
33.8283
33.8294
33.8299
33.8303
33.8305
33.8306
33.8306
33.8305
33.8302
33.8299
33.8294
33.8307
33.8308
33.831
33.8311
33.8312
33.8312
33.8311
33.831
33.8308
33.8307
30.6031
30.6031
30.6031
30.6031
30.6031
30.6031
30.6031
30.6031
30.6031
30.6031
30.6033
30.6033
30.6034
30.6034
30.6034
30.6034
30.6034
30.6034
30.6033
30.6033
30.6037
30.6037
30.6038
30.6038
30.6039
30.6039
30.6038
30.6038
30.6037
30.6037
30.6041
30.6043
30.6044
30.6044
30.6045
30.6045
30.6044
30.6044
30.6043
30.6041
30.6047
30.6049
30.605
30.6051
30.6051
30.6051
30.6051
30.605
30.6049
30.6047
30.6053
30.6055
30.6057
30.6058
30.6058
30.6058
30.6058
30.6057
30.6055
30.6053
30.606
30.6062
30.6064
30.6065
30.6065
30.6065
30.6065
30.6064
30.6062
30.6059
30.6066
30.6068
30.6071
30.6072
30.6072
30.6072
30.6072
30.6071
30.6068
30.6066
30.6072
30.6075
30.6077
30.6078
30.6079
30.6079
30.6078
30.6077
30.6075
30.6072
30.608
30.6081
30.6083
30.6084
30.6084
30.6084
30.6084
30.6083
30.6081
30.608
27.3828
27.3828
27.3828
27.3829
27.3829
27.3829
27.3829
27.3828
27.3828
27.3828
27.3828
27.3829
27.3829
27.3829
27.3829
27.3829
27.3829
27.3829
27.3829
27.3828
27.3829
27.383
27.383
27.383
27.383
27.383
27.383
27.383
27.383
27.3829
27.3831
27.3831
27.3832
27.3832
27.3832
27.3832
27.3832
27.3832
27.3831
27.3831
27.3833
27.3833
27.3834
27.3834
27.3835
27.3835
27.3834
27.3834
27.3833
27.3833
27.3835
27.3836
27.3837
27.3837
27.3837
27.3837
27.3837
27.3837
27.3836
27.3835
27.3837
27.3839
27.3839
27.384
27.384
27.384
27.384
27.3839
27.3839
27.3837
27.384
27.3841
27.3842
27.3843
27.3843
27.3843
27.3843
27.3842
27.3841
27.384
27.3843
27.3844
27.3845
27.3846
27.3846
27.3846
27.3846
27.3845
27.3844
27.3843
27.3846
27.3847
27.3847
27.3848
27.3848
27.3848
27.3848
27.3847
27.3847
27.3846
24.162
24.162
24.162
24.162
24.162
24.162
24.162
24.162
24.162
24.162
24.162
24.162
24.162
24.162
24.162
24.162
24.162
24.162
24.162
24.162
24.162
24.162
24.162
24.162
24.162
24.162
24.162
24.162
24.162
24.162
24.162
24.1621
24.1621
24.1621
24.1621
24.1621
24.1621
24.1621
24.1621
24.162
24.1621
24.1622
24.1622
24.1622
24.1622
24.1622
24.1622
24.1622
24.1622
24.1621
24.1622
24.1623
24.1623
24.1623
24.1623
24.1623
24.1623
24.1623
24.1623
24.1622
24.1623
24.1624
24.1624
24.1625
24.1625
24.1625
24.1625
24.1624
24.1624
24.1623
24.1625
24.1625
24.1626
24.1626
24.1626
24.1626
24.1626
24.1626
24.1625
24.1625
24.1626
24.1627
24.1627
24.1628
24.1628
24.1628
24.1628
24.1627
24.1627
24.1626
24.1628
24.1628
24.1629
24.1629
24.1629
24.1629
24.1629
24.1629
24.1628
24.1628
20.9406
20.9406
20.9406
20.9406
20.9406
20.9406
20.9406
20.9406
20.9406
20.9406
20.9406
20.9406
20.9406
20.9406
20.9406
20.9406
20.9406
20.9406
20.9406
20.9406
20.9406
20.9406
20.9406
20.9406
20.9406
20.9406
20.9406
20.9406
20.9406
20.9406
20.9406
20.9406
20.9406
20.9406
20.9406
20.9406
20.9406
20.9406
20.9406
20.9406
20.9406
20.9406
20.9406
20.9406
20.9406
20.9406
20.9406
20.9406
20.9406
20.9406
20.9406
20.9407
20.9407
20.9407
20.9407
20.9407
20.9407
20.9407
20.9407
20.9406
20.9407
20.9407
20.9407
20.9407
20.9407
20.9407
20.9407
20.9407
20.9407
20.9407
20.9407
20.9408
20.9408
20.9408
20.9408
20.9408
20.9408
20.9408
20.9408
20.9407
20.9408
20.9408
20.9408
20.9409
20.9409
20.9409
20.9409
20.9408
20.9408
20.9408
20.9408
20.9409
20.9409
20.9409
20.9409
20.9409
20.9409
20.9409
20.9409
20.9408
17.7191
17.7191
17.7191
17.7191
17.7191
17.7191
17.7191
17.7191
17.7191
17.7191
17.7191
17.7191
17.7191
17.7191
17.7191
17.7191
17.7191
17.7191
17.7191
17.7191
17.7191
17.7191
17.7191
17.7191
17.7191
17.7191
17.7191
17.7191
17.7191
17.7191
17.7191
17.7191
17.7191
17.7191
17.7191
17.7191
17.7191
17.7191
17.7191
17.7191
17.7191
17.7191
17.7191
17.7191
17.7191
17.7191
17.7191
17.7191
17.7191
17.7191
17.7191
17.7191
17.7191
17.7191
17.7191
17.7191
17.7191
17.7191
17.7191
17.7191
17.7191
17.7191
17.7191
17.7191
17.7191
17.7191
17.7191
17.7191
17.7191
17.7191
17.7191
17.7191
17.7192
17.7192
17.7192
17.7192
17.7192
17.7192
17.7191
17.7191
17.7192
17.7192
17.7192
17.7192
17.7192
17.7192
17.7192
17.7192
17.7192
17.7192
17.7192
17.7192
17.7192
17.7192
17.7192
17.7192
17.7192
17.7192
17.7192
17.7192
14.4975
14.4975
14.4975
14.4975
14.4975
14.4975
14.4975
14.4975
14.4975
14.4975
14.4975
14.4975
14.4975
14.4975
14.4975
14.4975
14.4975
14.4975
14.4975
14.4975
14.4975
14.4975
14.4975
14.4975
14.4975
14.4975
14.4975
14.4975
14.4975
14.4975
14.4975
14.4975
14.4975
14.4975
14.4975
14.4975
14.4975
14.4975
14.4975
14.4975
14.4975
14.4975
14.4975
14.4975
14.4975
14.4975
14.4975
14.4975
14.4975
14.4975
14.4975
14.4975
14.4975
14.4975
14.4975
14.4975
14.4975
14.4975
14.4975
14.4975
14.4975
14.4975
14.4975
14.4975
14.4975
14.4975
14.4975
14.4975
14.4975
14.4975
14.4975
14.4975
14.4975
14.4975
14.4975
14.4975
14.4975
14.4975
14.4975
14.4975
14.4975
14.4975
14.4975
14.4975
14.4975
14.4975
14.4975
14.4975
14.4975
14.4975
14.4975
14.4975
14.4975
14.4975
14.4975
14.4975
14.4975
14.4975
14.4975
14.4975
11.2758
11.2758
11.2758
11.2758
11.2758
11.2758
11.2758
11.2758
11.2758
11.2758
11.2758
11.2758
11.2758
11.2758
11.2758
11.2758
11.2758
11.2758
11.2758
11.2758
11.2758
11.2758
11.2758
11.2758
11.2758
11.2758
11.2758
11.2758
11.2758
11.2758
11.2758
11.2758
11.2758
11.2758
11.2758
11.2758
11.2758
11.2758
11.2758
11.2758
11.2758
11.2758
11.2758
11.2758
11.2758
11.2758
11.2758
11.2758
11.2758
11.2758
11.2758
11.2758
11.2758
11.2758
11.2758
11.2758
11.2758
11.2758
11.2758
11.2758
11.2758
11.2758
11.2758
11.2758
11.2758
11.2758
11.2758
11.2758
11.2758
11.2758
11.2758
11.2758
11.2758
11.2758
11.2758
11.2758
11.2758
11.2758
11.2758
11.2758
11.2758
11.2758
11.2758
11.2758
11.2758
11.2758
11.2758
11.2758
11.2758
11.2758
11.2758
11.2758
11.2758
11.2758
11.2758
11.2758
11.2758
11.2758
11.2758
11.2758
8.05416
8.05416
8.05416
8.05416
8.05416
8.05416
8.05416
8.05416
8.05416
8.05416
8.05416
8.05416
8.05416
8.05416
8.05416
8.05416
8.05416
8.05416
8.05416
8.05416
8.05416
8.05416
8.05416
8.05416
8.05416
8.05416
8.05416
8.05416
8.05416
8.05416
8.05416
8.05416
8.05416
8.05416
8.05416
8.05416
8.05416
8.05416
8.05416
8.05416
8.05416
8.05416
8.05416
8.05416
8.05416
8.05416
8.05416
8.05416
8.05416
8.05416
8.05416
8.05416
8.05416
8.05416
8.05416
8.05416
8.05416
8.05416
8.05416
8.05416
8.05416
8.05416
8.05416
8.05416
8.05416
8.05416
8.05416
8.05416
8.05416
8.05416
8.05416
8.05416
8.05416
8.05416
8.05416
8.05416
8.05416
8.05416
8.05416
8.05416
8.05416
8.05416
8.05416
8.05416
8.05416
8.05416
8.05416
8.05416
8.05416
8.05416
8.05416
8.05416
8.05416
8.05416
8.05416
8.05416
8.05416
8.05416
8.05416
8.05416
4.8325
4.8325
4.8325
4.8325
4.8325
4.8325
4.8325
4.8325
4.8325
4.8325
4.8325
4.8325
4.8325
4.8325
4.8325
4.8325
4.8325
4.8325
4.8325
4.8325
4.8325
4.8325
4.8325
4.8325
4.8325
4.8325
4.8325
4.8325
4.8325
4.8325
4.83249
4.83249
4.83249
4.83249
4.83249
4.83249
4.83249
4.83249
4.83249
4.8325
4.83249
4.83249
4.83249
4.83249
4.83249
4.83249
4.83249
4.83249
4.83249
4.83249
4.83249
4.83249
4.83249
4.83249
4.83249
4.83249
4.83249
4.83249
4.83249
4.83249
4.83249
4.83249
4.83249
4.83249
4.83249
4.83249
4.83249
4.83249
4.83249
4.83249
4.83249
4.83249
4.83249
4.83249
4.83249
4.83249
4.83249
4.83249
4.83249
4.83249
4.83249
4.83249
4.83249
4.83249
4.83249
4.83249
4.83249
4.83249
4.83249
4.83249
4.83249
4.83249
4.83249
4.83249
4.83249
4.83249
4.83249
4.83249
4.83249
4.83249
1.61083
1.61083
1.61083
1.61083
1.61083
1.61083
1.61083
1.61083
1.61083
1.61083
1.61083
1.61083
1.61083
1.61083
1.61083
1.61083
1.61083
1.61083
1.61083
1.61083
1.61083
1.61083
1.61083
1.61083
1.61083
1.61083
1.61083
1.61083
1.61083
1.61083
1.61083
1.61083
1.61083
1.61083
1.61083
1.61083
1.61083
1.61083
1.61083
1.61083
1.61083
1.61083
1.61083
1.61083
1.61083
1.61083
1.61083
1.61083
1.61083
1.61083
1.61083
1.61083
1.61083
1.61083
1.61083
1.61083
1.61083
1.61083
1.61083
1.61083
1.61083
1.61083
1.61083
1.61083
1.61083
1.61083
1.61083
1.61083
1.61083
1.61083
1.61083
1.61083
1.61083
1.61083
1.61083
1.61083
1.61083
1.61083
1.61083
1.61083
1.61083
1.61083
1.61083
1.61083
1.61083
1.61083
1.61083
1.61083
1.61083
1.61083
1.61083
1.61083
1.61083
1.61083
1.61083
1.61083
1.61083
1.61083
1.61083
1.61083
98.3213
97.7407
97.3762
97.1096
96.9715
96.9715
97.1096
97.3762
97.7407
98.3213
89.2069
88.3592
87.8009
87.4062
87.2029
87.2029
87.4062
87.8009
88.3592
89.2069
81.6398
80.6643
80.0277
79.5841
79.3566
79.3566
79.5841
80.0277
80.6643
81.6398
76.4151
75.4129
74.7673
74.3242
74.097
74.097
74.3242
74.7673
75.4129
76.4151
72.4946
71.4997
70.862
70.4329
70.2131
70.2131
70.4329
70.862
71.4997
72.4946
69.3193
68.3514
67.7295
67.3213
67.1126
67.1126
67.3213
67.7295
68.3514
69.3193
66.7003
65.7802
65.1837
64.8026
64.6086
64.6086
64.8026
65.1837
65.7802
66.7003
64.5313
63.6825
63.1237
62.7752
62.5985
62.5985
62.7752
63.1237
63.6825
64.5313
62.7326
61.9711
61.4627
61.1516
60.994
60.994
61.1516
61.4627
61.9711
62.7326
61.3242
60.5629
60.1133
59.8398
59.7012
59.7012
59.8398
60.1133
60.5629
61.3242
62.4274
62.5999
62.7875
62.914
62.9795
62.9795
62.914
62.7875
62.5999
62.4274
62.8498
62.9443
63.0708
63.1519
63.1934
63.1934
63.1519
63.0708
62.9443
62.8498
62.8269
62.8241
62.8767
62.9049
62.919
62.919
62.9049
62.8767
62.8241
62.8269
62.4174
62.3245
62.3092
62.2908
62.2807
62.2807
62.2908
62.3092
62.3245
62.4174
61.8235
61.6568
61.5836
61.5278
61.4984
61.4984
61.5278
61.5836
61.6568
61.8235
61.1542
60.9318
60.8119
60.728
60.6843
60.6843
60.728
60.8119
60.9318
61.1542
60.4643
60.2064
60.0527
59.9506
59.8977
59.8977
59.9506
60.0527
60.2064
60.4643
59.7853
59.5157
59.3436
59.233
59.1758
59.1758
59.233
59.3436
59.5157
59.7853
59.1529
58.8875
58.709
58.5969
58.5387
58.5387
58.5969
58.709
58.8875
59.1529
58.6702
58.3229
58.1395
58.0267
57.968
57.968
58.0267
58.1395
58.3229
58.6702
57.8329
57.8185
57.8203
57.8168
57.8153
57.8153
57.8168
57.8203
57.8185
57.8329
58.2433
58.2268
58.2279
58.2228
58.2202
58.2202
58.2228
58.2279
58.2268
58.2433
58.5832
58.5482
58.5379
58.5231
58.5152
58.5152
58.5231
58.5379
58.5482
58.5832
58.6364
58.5682
58.5359
58.5051
58.4888
58.4888
58.5051
58.5359
58.5682
58.6364
58.4929
58.3895
58.3329
58.2862
58.2614
58.2614
58.2862
58.3329
58.3895
58.4929
58.2468
58.113
58.034
57.974
57.9424
57.9424
57.974
58.034
58.113
58.2468
57.9464
57.7904
57.6933
57.6239
57.5875
57.5875
57.6239
57.6933
57.7904
57.9464
57.6185
57.4523
57.344
57.2696
57.2308
57.2308
57.2696
57.344
57.4523
57.6185
57.2961
57.1272
57.0115
56.9349
56.8948
56.8948
56.9349
57.0115
57.1272
57.2961
57.0538
56.821
56.6948
56.6144
56.5726
56.5726
56.6144
56.6948
56.821
57.0538
53.137
53.1567
53.1816
53.1976
53.206
53.206
53.1976
53.1816
53.1567
53.137
53.3469
53.3704
53.3993
53.4177
53.4273
53.4273
53.4177
53.3993
53.3704
53.3469
53.5251
53.5464
53.5751
53.5925
53.6017
53.6017
53.5925
53.5751
53.5464
53.5251
53.6111
53.622
53.6438
53.6559
53.6622
53.6622
53.6559
53.6438
53.622
53.6111
53.6256
53.6222
53.6337
53.6383
53.6406
53.6406
53.6383
53.6337
53.6222
53.6256
53.592
53.5738
53.5739
53.5708
53.569
53.569
53.5708
53.5739
53.5738
53.592
53.5239
53.493
53.4824
53.4726
53.4673
53.4673
53.4726
53.4824
53.493
53.5239
53.4311
53.3921
53.3732
53.3585
53.3504
53.3504
53.3585
53.3732
53.3921
53.4311
53.3316
53.2868
53.2598
53.2404
53.2299
53.2299
53.2404
53.2598
53.2868
53.3316
53.2703
53.1819
53.141
53.1142
53.1
53.1
53.1142
53.141
53.1819
53.2703
49.9334
49.9335
49.9355
49.9356
49.9357
49.9357
49.9356
49.9355
49.9335
49.9334
50.0317
50.0354
50.0406
50.0428
50.044
50.044
50.0428
50.0406
50.0354
50.0317
50.132
50.1372
50.1441
50.1471
50.1487
50.1487
50.1471
50.1441
50.1372
50.132
50.2003
50.2034
50.2092
50.2111
50.2121
50.2121
50.2111
50.2092
50.2034
50.2003
50.2385
50.2373
50.2403
50.2399
50.2396
50.2396
50.2399
50.2403
50.2373
50.2385
50.2535
50.247
50.2461
50.2431
50.2413
50.2413
50.2431
50.2461
50.247
50.2535
50.2502
50.2385
50.2337
50.2281
50.2249
50.2249
50.228
50.2337
50.2385
50.2502
50.2327
50.2174
50.2092
50.2015
50.1971
50.1971
50.2015
50.2092
50.2174
50.2327
50.2106
50.1918
50.1793
50.1692
50.1636
50.1636
50.1692
50.1793
50.1918
50.2106
50.2051
50.1634
50.1428
50.1285
50.121
50.121
50.1285
50.1428
50.1634
50.2051
46.632
46.6351
46.6388
46.6409
46.6421
46.6421
46.6409
46.6388
46.6351
46.632
46.6729
46.6777
46.683
46.6863
46.688
46.688
46.6863
46.683
46.6777
46.6729
46.7146
46.7205
46.7271
46.7311
46.7332
46.7332
46.7311
46.7271
46.7205
46.7146
46.746
46.7518
46.7585
46.7625
46.7646
46.7646
46.7625
46.7585
46.7518
46.746
46.7674
46.7719
46.7779
46.7812
46.783
46.783
46.7812
46.7779
46.7719
46.7674
46.78
46.7827
46.7873
46.7896
46.7908
46.7908
46.7896
46.7873
46.7827
46.78
46.7848
46.7855
46.7886
46.7897
46.7902
46.7902
46.7897
46.7886
46.7855
46.7848
46.7831
46.7822
46.7837
46.7837
46.7836
46.7836
46.7837
46.7837
46.7822
46.7831
46.7789
46.7762
46.7753
46.7739
46.773
46.773
46.7739
46.7753
46.7762
46.7789
46.783
46.7685
46.7627
46.7585
46.7563
46.7563
46.7585
46.7627
46.7685
46.783
43.4555
43.4559
43.4565
43.4566
43.4567
43.4567
43.4566
43.4565
43.4559
43.4555
43.4727
43.4739
43.4753
43.476
43.4763
43.4763
43.476
43.4753
43.4739
43.4727
43.4922
43.4943
43.4963
43.4974
43.498
43.498
43.4974
43.4963
43.4943
43.4922
43.5091
43.5115
43.5139
43.5152
43.5158
43.5158
43.5152
43.5139
43.5115
43.5091
43.5228
43.5251
43.5275
43.5287
43.5293
43.5293
43.5287
43.5275
43.5251
43.5228
43.5335
43.5354
43.5376
43.5386
43.539
43.539
43.5386
43.5376
43.5354
43.5335
43.5413
43.5427
43.5445
43.5451
43.5454
43.5454
43.5451
43.5445
43.5427
43.5413
43.5465
43.5475
43.5488
43.5491
43.5491
43.5491
43.5491
43.5488
43.5475
43.5465
43.551
43.5512
43.5516
43.5512
43.551
43.551
43.5512
43.5516
43.5512
43.551
43.5589
43.554
43.552
43.5505
43.5496
43.5496
43.5505
43.552
43.554
43.5589
40.2428
40.2434
40.2441
40.2444
40.2446
40.2446
40.2444
40.2441
40.2434
40.2428
40.2494
40.2504
40.2513
40.2519
40.2522
40.2522
40.2519
40.2513
40.2504
40.2494
40.2569
40.2582
40.2595
40.2603
40.2607
40.2607
40.2603
40.2595
40.2582
40.2569
40.2637
40.2653
40.2668
40.2678
40.2683
40.2683
40.2678
40.2668
40.2653
40.2637
40.2697
40.2713
40.273
40.274
40.2745
40.2745
40.274
40.273
40.2713
40.2697
40.2748
40.2763
40.278
40.2789
40.2794
40.2794
40.2789
40.278
40.2763
40.2748
40.2787
40.2802
40.2817
40.2826
40.283
40.283
40.2826
40.2817
40.2802
40.2787
40.2817
40.283
40.2844
40.2851
40.2854
40.2854
40.2851
40.2844
40.283
40.2817
40.2843
40.2853
40.2863
40.2867
40.2868
40.2868
40.2867
40.2863
40.2853
40.2843
40.2884
40.2872
40.287
40.2867
40.2866
40.2866
40.2867
40.287
40.2872
40.2884
37.0371
37.0372
37.0373
37.0374
37.0374
37.0374
37.0374
37.0373
37.0372
37.0371
37.0395
37.0398
37.0401
37.0402
37.0403
37.0403
37.0402
37.0401
37.0398
37.0395
37.0427
37.0431
37.0436
37.0438
37.0439
37.0439
37.0438
37.0436
37.0431
37.0427
37.0459
37.0465
37.0471
37.0474
37.0476
37.0476
37.0474
37.0471
37.0465
37.0459
37.049
37.0497
37.0504
37.0508
37.051
37.051
37.0508
37.0504
37.0497
37.049
37.0519
37.0527
37.0535
37.0539
37.0541
37.0541
37.0539
37.0535
37.0527
37.0519
37.0546
37.0554
37.0562
37.0566
37.0568
37.0568
37.0566
37.0562
37.0554
37.0546
37.057
37.0578
37.0586
37.059
37.0591
37.0591
37.059
37.0586
37.0578
37.057
37.0593
37.0601
37.0607
37.061
37.0611
37.0611
37.061
37.0607
37.0601
37.0593
37.0623
37.0622
37.0624
37.0624
37.0624
37.0624
37.0624
37.0624
37.0622
37.0623
33.8207
33.8208
33.8209
33.8209
33.821
33.821
33.8209
33.8209
33.8208
33.8207
33.8214
33.8216
33.8218
33.8219
33.8219
33.8219
33.8219
33.8218
33.8216
33.8215
33.8225
33.8227
33.8229
33.8231
33.8232
33.8232
33.8231
33.8229
33.8227
33.8225
33.8236
33.824
33.8243
33.8245
33.8246
33.8246
33.8245
33.8243
33.824
33.8236
33.8249
33.8253
33.8256
33.8258
33.826
33.826
33.8258
33.8256
33.8253
33.8249
33.8261
33.8265
33.8269
33.8272
33.8273
33.8273
33.8272
33.8269
33.8265
33.8261
33.8273
33.8277
33.8282
33.8284
33.8285
33.8285
33.8284
33.8282
33.8277
33.8273
33.8283
33.8288
33.8293
33.8295
33.8296
33.8296
33.8295
33.8293
33.8288
33.8283
33.8294
33.8299
33.8302
33.8305
33.8306
33.8306
33.8305
33.8302
33.8299
33.8294
33.8307
33.8308
33.831
33.8311
33.8312
33.8312
33.8311
33.831
33.8308
33.8307
30.6031
30.6031
30.6031
30.6031
30.6031
30.6031
30.6031
30.6031
30.6031
30.6031
30.6033
30.6033
30.6034
30.6034
30.6034
30.6034
30.6034
30.6034
30.6033
30.6033
30.6037
30.6037
30.6038
30.6038
30.6039
30.6039
30.6038
30.6038
30.6037
30.6037
30.6041
30.6043
30.6044
30.6044
30.6045
30.6045
30.6044
30.6044
30.6043
30.6041
30.6047
30.6049
30.605
30.6051
30.6051
30.6051
30.6051
30.605
30.6049
30.6047
30.6053
30.6055
30.6057
30.6058
30.6058
30.6058
30.6058
30.6057
30.6055
30.6053
30.6059
30.6062
30.6064
30.6065
30.6065
30.6065
30.6065
30.6064
30.6062
30.6059
30.6066
30.6068
30.6071
30.6072
30.6072
30.6072
30.6072
30.6071
30.6068
30.6066
30.6072
30.6075
30.6077
30.6078
30.6079
30.6079
30.6078
30.6077
30.6075
30.6072
30.608
30.6081
30.6083
30.6084
30.6084
30.6084
30.6084
30.6083
30.6081
30.608
27.3828
27.3828
27.3828
27.3829
27.3829
27.3829
27.3829
27.3828
27.3828
27.3828
27.3828
27.3829
27.3829
27.3829
27.3829
27.3829
27.3829
27.3829
27.3829
27.3828
27.3829
27.383
27.383
27.383
27.383
27.383
27.383
27.383
27.383
27.3829
27.3831
27.3831
27.3832
27.3832
27.3832
27.3832
27.3832
27.3832
27.3831
27.3831
27.3833
27.3833
27.3834
27.3834
27.3835
27.3835
27.3834
27.3834
27.3833
27.3833
27.3835
27.3836
27.3837
27.3837
27.3837
27.3837
27.3837
27.3837
27.3836
27.3835
27.3837
27.3839
27.3839
27.384
27.384
27.384
27.384
27.3839
27.3839
27.3837
27.384
27.3841
27.3842
27.3843
27.3843
27.3843
27.3843
27.3842
27.3841
27.384
27.3843
27.3844
27.3845
27.3846
27.3846
27.3846
27.3846
27.3845
27.3844
27.3843
27.3846
27.3847
27.3847
27.3848
27.3848
27.3848
27.3848
27.3847
27.3847
27.3846
24.162
24.162
24.162
24.162
24.162
24.162
24.162
24.162
24.162
24.162
24.162
24.162
24.162
24.162
24.162
24.162
24.162
24.162
24.162
24.162
24.162
24.162
24.162
24.162
24.162
24.162
24.162
24.162
24.162
24.162
24.162
24.1621
24.1621
24.1621
24.1621
24.1621
24.1621
24.1621
24.1621
24.162
24.1621
24.1622
24.1622
24.1622
24.1622
24.1622
24.1622
24.1622
24.1622
24.1621
24.1622
24.1623
24.1623
24.1623
24.1623
24.1623
24.1623
24.1623
24.1623
24.1622
24.1623
24.1624
24.1624
24.1625
24.1625
24.1625
24.1625
24.1624
24.1624
24.1623
24.1625
24.1625
24.1626
24.1626
24.1626
24.1626
24.1626
24.1626
24.1625
24.1625
24.1626
24.1627
24.1627
24.1628
24.1628
24.1628
24.1628
24.1627
24.1627
24.1626
24.1628
24.1628
24.1629
24.1629
24.1629
24.1629
24.1629
24.1629
24.1628
24.1628
20.9406
20.9406
20.9406
20.9406
20.9406
20.9406
20.9406
20.9406
20.9406
20.9406
20.9406
20.9406
20.9406
20.9406
20.9406
20.9406
20.9406
20.9406
20.9406
20.9406
20.9406
20.9406
20.9406
20.9406
20.9406
20.9406
20.9406
20.9406
20.9406
20.9406
20.9406
20.9406
20.9406
20.9406
20.9406
20.9406
20.9406
20.9406
20.9406
20.9406
20.9406
20.9406
20.9406
20.9406
20.9406
20.9406
20.9406
20.9406
20.9406
20.9406
20.9406
20.9407
20.9407
20.9407
20.9407
20.9407
20.9407
20.9407
20.9407
20.9406
20.9407
20.9407
20.9407
20.9407
20.9407
20.9407
20.9407
20.9407
20.9407
20.9407
20.9407
20.9408
20.9408
20.9408
20.9408
20.9408
20.9408
20.9408
20.9408
20.9407
20.9408
20.9408
20.9408
20.9409
20.9409
20.9409
20.9409
20.9408
20.9408
20.9408
20.9408
20.9409
20.9409
20.9409
20.9409
20.9409
20.9409
20.9409
20.9409
20.9408
17.7191
17.7191
17.7191
17.7191
17.7191
17.7191
17.7191
17.7191
17.7191
17.7191
17.7191
17.7191
17.7191
17.7191
17.7191
17.7191
17.7191
17.7191
17.7191
17.7191
17.7191
17.7191
17.7191
17.7191
17.7191
17.7191
17.7191
17.7191
17.7191
17.7191
17.7191
17.7191
17.7191
17.7191
17.7191
17.7191
17.7191
17.7191
17.7191
17.7191
17.7191
17.7191
17.7191
17.7191
17.7191
17.7191
17.7191
17.7191
17.7191
17.7191
17.7191
17.7191
17.7191
17.7191
17.7191
17.7191
17.7191
17.7191
17.7191
17.7191
17.7191
17.7191
17.7191
17.7191
17.7191
17.7191
17.7191
17.7191
17.7191
17.7191
17.7191
17.7191
17.7192
17.7192
17.7192
17.7192
17.7192
17.7192
17.7191
17.7191
17.7192
17.7192
17.7192
17.7192
17.7192
17.7192
17.7192
17.7192
17.7192
17.7192
17.7192
17.7192
17.7192
17.7192
17.7192
17.7192
17.7192
17.7192
17.7192
17.7192
14.4975
14.4975
14.4975
14.4975
14.4975
14.4975
14.4975
14.4975
14.4975
14.4975
14.4975
14.4975
14.4975
14.4975
14.4975
14.4975
14.4975
14.4975
14.4975
14.4975
14.4975
14.4975
14.4975
14.4975
14.4975
14.4975
14.4975
14.4975
14.4975
14.4975
14.4975
14.4975
14.4975
14.4975
14.4975
14.4975
14.4975
14.4975
14.4975
14.4975
14.4975
14.4975
14.4975
14.4975
14.4975
14.4975
14.4975
14.4975
14.4975
14.4975
14.4975
14.4975
14.4975
14.4975
14.4975
14.4975
14.4975
14.4975
14.4975
14.4975
14.4975
14.4975
14.4975
14.4975
14.4975
14.4975
14.4975
14.4975
14.4975
14.4975
14.4975
14.4975
14.4975
14.4975
14.4975
14.4975
14.4975
14.4975
14.4975
14.4975
14.4975
14.4975
14.4975
14.4975
14.4975
14.4975
14.4975
14.4975
14.4975
14.4975
14.4975
14.4975
14.4975
14.4975
14.4975
14.4975
14.4975
14.4975
14.4975
14.4975
11.2758
11.2758
11.2758
11.2758
11.2758
11.2758
11.2758
11.2758
11.2758
11.2758
11.2758
11.2758
11.2758
11.2758
11.2758
11.2758
11.2758
11.2758
11.2758
11.2758
11.2758
11.2758
11.2758
11.2758
11.2758
11.2758
11.2758
11.2758
11.2758
11.2758
11.2758
11.2758
11.2758
11.2758
11.2758
11.2758
11.2758
11.2758
11.2758
11.2758
11.2758
11.2758
11.2758
11.2758
11.2758
11.2758
11.2758
11.2758
11.2758
11.2758
11.2758
11.2758
11.2758
11.2758
11.2758
11.2758
11.2758
11.2758
11.2758
11.2758
11.2758
11.2758
11.2758
11.2758
11.2758
11.2758
11.2758
11.2758
11.2758
11.2758
11.2758
11.2758
11.2758
11.2758
11.2758
11.2758
11.2758
11.2758
11.2758
11.2758
11.2758
11.2758
11.2758
11.2758
11.2758
11.2758
11.2758
11.2758
11.2758
11.2758
11.2758
11.2758
11.2758
11.2758
11.2758
11.2758
11.2758
11.2758
11.2758
11.2758
8.05416
8.05416
8.05416
8.05416
8.05416
8.05416
8.05416
8.05416
8.05416
8.05416
8.05416
8.05416
8.05416
8.05416
8.05416
8.05416
8.05416
8.05416
8.05416
8.05416
8.05416
8.05416
8.05416
8.05416
8.05416
8.05416
8.05416
8.05416
8.05416
8.05416
8.05416
8.05416
8.05416
8.05416
8.05416
8.05416
8.05416
8.05416
8.05416
8.05416
8.05416
8.05416
8.05416
8.05416
8.05416
8.05416
8.05416
8.05416
8.05416
8.05416
8.05416
8.05416
8.05416
8.05416
8.05416
8.05416
8.05416
8.05416
8.05416
8.05416
8.05416
8.05416
8.05416
8.05416
8.05416
8.05416
8.05416
8.05416
8.05416
8.05416
8.05416
8.05416
8.05416
8.05416
8.05416
8.05416
8.05416
8.05416
8.05416
8.05416
8.05416
8.05416
8.05416
8.05416
8.05416
8.05416
8.05416
8.05416
8.05416
8.05416
8.05416
8.05416
8.05416
8.05416
8.05416
8.05416
8.05416
8.05416
8.05416
8.05416
4.8325
4.8325
4.8325
4.8325
4.8325
4.8325
4.8325
4.8325
4.8325
4.8325
4.8325
4.8325
4.8325
4.8325
4.8325
4.8325
4.8325
4.8325
4.8325
4.8325
4.8325
4.8325
4.8325
4.8325
4.8325
4.8325
4.8325
4.8325
4.8325
4.8325
4.8325
4.8325
4.83249
4.83249
4.83249
4.83249
4.83249
4.83249
4.8325
4.8325
4.83249
4.83249
4.83249
4.83249
4.83249
4.83249
4.83249
4.83249
4.83249
4.83249
4.83249
4.83249
4.83249
4.83249
4.83249
4.83249
4.83249
4.83249
4.83249
4.83249
4.83249
4.83249
4.83249
4.83249
4.83249
4.83249
4.83249
4.83249
4.83249
4.83249
4.83249
4.83249
4.83249
4.83249
4.83249
4.83249
4.83249
4.83249
4.83249
4.83249
4.83249
4.83249
4.83249
4.83249
4.83249
4.83249
4.83249
4.83249
4.83249
4.83249
4.83249
4.83249
4.83249
4.83249
4.83249
4.83249
4.83249
4.83249
4.83249
4.83249
1.61083
1.61083
1.61083
1.61083
1.61083
1.61083
1.61083
1.61083
1.61083
1.61083
1.61083
1.61083
1.61083
1.61083
1.61083
1.61083
1.61083
1.61083
1.61083
1.61083
1.61083
1.61083
1.61083
1.61083
1.61083
1.61083
1.61083
1.61083
1.61083
1.61083
1.61083
1.61083
1.61083
1.61083
1.61083
1.61083
1.61083
1.61083
1.61083
1.61083
1.61083
1.61083
1.61083
1.61083
1.61083
1.61083
1.61083
1.61083
1.61083
1.61083
1.61083
1.61083
1.61083
1.61083
1.61083
1.61083
1.61083
1.61083
1.61083
1.61083
1.61083
1.61083
1.61083
1.61083
1.61083
1.61083
1.61083
1.61083
1.61083
1.61083
1.61083
1.61083
1.61083
1.61083
1.61083
1.61083
1.61083
1.61083
1.61083
1.61083
1.61083
1.61083
1.61083
1.61083
1.61083
1.61083
1.61083
1.61083
1.61083
1.61083
1.61083
1.61083
1.61083
1.61083
1.61083
1.61083
1.61083
1.61083
1.61083
1.61083
60.3152
59.6297
59.1951
58.9183
58.7809
58.7809
58.9183
59.1951
59.6297
60.3152
59.6297
59.0438
58.602
58.307
58.1607
58.1607
58.307
58.602
59.0439
59.6297
59.1951
58.602
58.1409
57.8335
57.6818
57.6818
57.8335
58.1409
58.602
59.1951
58.9183
58.307
57.8335
57.5201
57.3659
57.3659
57.5201
57.8335
58.307
58.9183
58.7809
58.1607
57.6818
57.3659
57.2106
57.2106
57.3659
57.6818
58.1607
58.7809
58.7809
58.1607
57.6818
57.3659
57.2106
57.2106
57.3659
57.6818
58.1607
58.7809
58.9183
58.307
57.8335
57.5201
57.3659
57.3659
57.5201
57.8335
58.307
58.9183
59.1951
58.602
58.1409
57.8335
57.6818
57.6818
57.8335
58.1409
58.602
59.1951
59.6297
59.0439
58.602
58.307
58.1607
58.1607
58.307
58.602
59.0439
59.6297
60.3152
59.6297
59.1951
58.9183
58.7809
58.7809
58.9183
59.1951
59.6297
60.3152
58.1528
57.8763
57.7113
57.6027
57.5475
57.5475
57.6027
57.7113
57.8763
58.1528
57.8763
57.6569
57.4702
57.3401
57.2749
57.2749
57.3401
57.4702
57.6569
57.8763
57.7113
57.4702
57.2604
57.1164
57.0452
57.0452
57.1164
57.2604
57.4702
57.7113
57.6027
57.3401
57.1164
56.9651
56.8906
56.8906
56.9651
57.1164
57.3401
57.6027
57.5475
57.2749
57.0452
56.8906
56.8146
56.8146
56.8906
57.0452
57.2749
57.5475
57.5475
57.2749
57.0452
56.8906
56.8146
56.8146
56.8906
57.0452
57.2749
57.5475
57.6027
57.3401
57.1164
56.9651
56.8906
56.8906
56.9651
57.1164
57.3401
57.6027
57.7113
57.4702
57.2604
57.1164
57.0452
57.0452
57.1164
57.2604
57.4702
57.7113
57.8763
57.6569
57.4702
57.3401
57.2749
57.2749
57.3401
57.4702
57.6569
57.8763
58.1528
57.8763
57.7113
57.6027
57.5475
57.5475
57.6027
57.7113
57.8763
58.1528
56.6668
56.5157
56.4223
56.3573
56.3239
56.3239
56.3573
56.4223
56.5157
56.6668
56.5157
56.3954
56.282
56.1998
56.1584
56.1584
56.1998
56.282
56.3954
56.5157
56.4223
56.282
56.1496
56.0569
56.0109
56.0109
56.0569
56.1496
56.282
56.4223
56.3573
56.1998
56.0569
55.9588
55.9104
55.9104
55.9588
56.0569
56.1998
56.3573
56.3239
56.1584
56.0109
55.9104
55.8608
55.8608
55.9104
56.0109
56.1584
56.3239
56.3239
56.1584
56.0109
55.9104
55.8608
55.8608
55.9104
56.0109
56.1584
56.3239
56.3573
56.1998
56.0569
55.9588
55.9104
55.9104
55.9588
56.0569
56.1998
56.3573
56.4223
56.282
56.1496
56.0569
56.0109
56.0109
56.0569
56.1496
56.282
56.4223
56.5157
56.3954
56.282
56.1998
56.1584
56.1584
56.1998
56.282
56.3954
56.5157
56.6668
56.5157
56.4223
56.3573
56.3239
56.3239
56.3573
56.4223
56.5157
56.6668
53.0749
53.04
53.0206
53.0048
52.9963
52.9963
53.0048
53.0206
53.04
53.0749
53.04
53.0144
52.9794
52.9518
52.9379
52.9379
52.9518
52.9794
53.0144
53.04
53.0206
52.9794
52.9325
52.8984
52.8816
52.8816
52.8984
52.9325
52.9794
53.0206
53.0048
52.9518
52.8984
52.8611
52.8429
52.8429
52.8611
52.8984
52.9518
53.0048
52.9963
52.9379
52.8816
52.8429
52.8239
52.8239
52.8429
52.8816
52.9379
52.9963
52.9963
52.9379
52.8816
52.8429
52.8239
52.8239
52.8429
52.8816
52.9379
52.9963
53.0048
52.9518
52.8984
52.8611
52.8429
52.8429
52.8611
52.8984
52.9518
53.0048
53.0206
52.9794
52.9325
52.8984
52.8816
52.8816
52.8984
52.9325
52.9794
53.0206
53.04
53.0144
52.9794
52.9518
52.9379
52.9379
52.9518
52.9794
53.0144
53.04
53.0749
53.04
53.0206
53.0048
52.9963
52.9963
53.0048
53.0206
53.04
53.0749
50.1032
50.0962
50.092
50.087
50.0841
50.0841
50.087
50.092
50.0962
50.1033
50.0962
50.0926
50.0802
50.0692
50.0635
50.0635
50.0692
50.0802
50.0926
50.0962
50.092
50.0802
50.0615
50.0472
50.0401
50.0401
50.0472
50.0615
50.0802
50.092
50.087
50.0692
50.0472
50.0314
50.0237
50.0237
50.0314
50.0472
50.0692
50.087
50.0841
50.0635
50.0401
50.0237
50.0155
50.0155
50.0237
50.0401
50.0635
50.0841
50.0841
50.0635
50.0401
50.0237
50.0155
50.0155
50.0237
50.0401
50.0635
50.0841
50.087
50.0692
50.0472
50.0314
50.0237
50.0237
50.0314
50.0472
50.0692
50.087
50.092
50.0802
50.0615
50.0472
50.0401
50.0401
50.0472
50.0615
50.0802
50.092
50.0962
50.0926
50.0802
50.0692
50.0635
50.0635
50.0692
50.0802
50.0926
50.0962
50.1033
50.0962
50.092
50.087
50.0841
50.0841
50.087
50.092
50.0962
50.1033
46.7345
46.7378
46.7402
46.7408
46.7409
46.7409
46.7408
46.7402
46.7378
46.7345
46.7378
46.7412
46.739
46.7362
46.7348
46.7348
46.7362
46.739
46.7412
46.7378
46.7402
46.739
46.7336
46.7292
46.727
46.727
46.7292
46.7336
46.739
46.7402
46.7408
46.7362
46.7292
46.724
46.7215
46.7215
46.724
46.7292
46.7362
46.7408
46.7409
46.7348
46.727
46.7215
46.7188
46.7188
46.7215
46.727
46.7348
46.7409
46.7409
46.7348
46.727
46.7215
46.7188
46.7188
46.7215
46.727
46.7348
46.7409
46.7408
46.7362
46.7292
46.724
46.7215
46.7215
46.724
46.7292
46.7363
46.7408
46.7402
46.739
46.7336
46.7292
46.727
46.727
46.7292
46.7336
46.739
46.7402
46.7378
46.7412
46.739
46.7362
46.7348
46.7348
46.7363
46.739
46.7412
46.7378
46.7345
46.7378
46.7402
46.7408
46.7409
46.7409
46.7408
46.7402
46.7378
46.7345
43.5389
43.5429
43.5457
43.5469
43.5474
43.5474
43.5469
43.5457
43.5429
43.5389
43.5429
43.5471
43.5479
43.5478
43.5477
43.5477
43.5478
43.5479
43.5471
43.5429
43.5457
43.5479
43.5473
43.5466
43.5462
43.5462
43.5466
43.5473
43.5479
43.5457
43.5469
43.5478
43.5466
43.5455
43.5451
43.5451
43.5455
43.5466
43.5478
43.5469
43.5474
43.5477
43.5462
43.5451
43.5445
43.5445
43.5451
43.5462
43.5477
43.5474
43.5474
43.5477
43.5462
43.5451
43.5445
43.5445
43.5451
43.5462
43.5477
43.5474
43.5469
43.5478
43.5466
43.5455
43.5451
43.5451
43.5455
43.5466
43.5478
43.5469
43.5457
43.5479
43.5473
43.5466
43.5462
43.5462
43.5466
43.5473
43.5479
43.5457
43.5429
43.5471
43.5479
43.5478
43.5477
43.5477
43.5478
43.5479
43.5471
43.543
43.5389
43.5429
43.5457
43.5469
43.5474
43.5474
43.5469
43.5457
43.543
43.5389
40.2799
40.2826
40.2844
40.2854
40.2858
40.2858
40.2854
40.2844
40.2826
40.2799
40.2826
40.2851
40.2859
40.2863
40.2864
40.2864
40.2863
40.2859
40.2851
40.2826
40.2844
40.2859
40.2862
40.2863
40.2863
40.2863
40.2863
40.2862
40.2859
40.2844
40.2854
40.2863
40.2863
40.2862
40.2862
40.2862
40.2862
40.2863
40.2863
40.2854
40.2858
40.2864
40.2863
40.2862
40.2861
40.2861
40.2862
40.2863
40.2864
40.2858
40.2858
40.2864
40.2863
40.2862
40.2861
40.2861
40.2862
40.2863
40.2864
40.2858
40.2854
40.2863
40.2863
40.2862
40.2862
40.2862
40.2862
40.2863
40.2863
40.2854
40.2844
40.2859
40.2862
40.2863
40.2863
40.2863
40.2863
40.2862
40.2859
40.2844
40.2826
40.2851
40.2859
40.2863
40.2864
40.2864
40.2863
40.2859
40.2851
40.2826
40.2799
40.2826
40.2844
40.2854
40.2858
40.2858
40.2854
40.2844
40.2826
40.2799
37.0595
37.0611
37.0623
37.0629
37.0632
37.0632
37.0629
37.0623
37.0611
37.0595
37.0611
37.0628
37.0636
37.064
37.0642
37.0642
37.064
37.0636
37.0628
37.0612
37.0623
37.0636
37.0642
37.0645
37.0647
37.0647
37.0645
37.0642
37.0636
37.0623
37.0629
37.064
37.0645
37.0648
37.065
37.065
37.0648
37.0645
37.064
37.0629
37.0632
37.0642
37.0647
37.065
37.0651
37.0651
37.065
37.0647
37.0642
37.0632
37.0632
37.0642
37.0647
37.065
37.0651
37.0651
37.065
37.0647
37.0642
37.0632
37.0629
37.064
37.0645
37.0648
37.065
37.065
37.0648
37.0645
37.064
37.0629
37.0623
37.0636
37.0642
37.0645
37.0647
37.0647
37.0645
37.0642
37.0636
37.0623
37.0611
37.0628
37.0636
37.064
37.0642
37.0642
37.064
37.0636
37.0628
37.0612
37.0595
37.0612
37.0623
37.0629
37.0632
37.0632
37.0629
37.0623
37.0612
37.0595
33.8297
33.8305
33.8311
33.8314
33.8316
33.8316
33.8314
33.8311
33.8305
33.8297
33.8305
33.8313
33.8317
33.8319
33.8321
33.8321
33.8319
33.8317
33.8313
33.8305
33.8311
33.8317
33.832
33.8322
33.8324
33.8324
33.8322
33.832
33.8317
33.8311
33.8314
33.8319
33.8322
33.8325
33.8326
33.8326
33.8325
33.8322
33.8319
33.8314
33.8316
33.8321
33.8324
33.8326
33.8327
33.8327
33.8326
33.8324
33.8321
33.8316
33.8316
33.8321
33.8324
33.8326
33.8327
33.8327
33.8326
33.8324
33.8321
33.8316
33.8314
33.8319
33.8322
33.8325
33.8326
33.8326
33.8325
33.8322
33.8319
33.8314
33.8311
33.8317
33.832
33.8322
33.8324
33.8324
33.8322
33.832
33.8317
33.8311
33.8305
33.8313
33.8317
33.8319
33.8321
33.8321
33.8319
33.8317
33.8313
33.8305
33.8297
33.8305
33.8311
33.8314
33.8316
33.8316
33.8314
33.8311
33.8305
33.8297
30.6078
30.6082
30.6085
30.6087
30.6088
30.6088
30.6087
30.6085
30.6082
30.6078
30.6082
30.6086
30.6089
30.6091
30.6091
30.6091
30.6091
30.6089
30.6086
30.6082
30.6085
30.6089
30.6091
30.6093
30.6094
30.6094
30.6093
30.6091
30.6089
30.6085
30.6087
30.6091
30.6093
30.6095
30.6095
30.6095
30.6095
30.6093
30.6091
30.6087
30.6088
30.6091
30.6094
30.6095
30.6096
30.6096
30.6095
30.6094
30.6091
30.6088
30.6088
30.6091
30.6094
30.6095
30.6096
30.6096
30.6095
30.6094
30.6091
30.6088
30.6087
30.6091
30.6093
30.6095
30.6095
30.6095
30.6095
30.6093
30.6091
30.6087
30.6085
30.6089
30.6091
30.6093
30.6094
30.6094
30.6093
30.6091
30.6089
30.6085
30.6082
30.6086
30.6089
30.6091
30.6091
30.6091
30.6091
30.6089
30.6086
30.6082
30.6078
30.6082
30.6085
30.6087
30.6088
30.6088
30.6087
30.6085
30.6082
30.6078
27.3846
27.3847
27.3849
27.3849
27.385
27.385
27.3849
27.3849
27.3847
27.3846
27.3847
27.3849
27.385
27.3851
27.3851
27.3851
27.3851
27.385
27.3849
27.3847
27.3849
27.385
27.3851
27.3852
27.3853
27.3853
27.3852
27.3851
27.385
27.3849
27.3849
27.3851
27.3852
27.3853
27.3853
27.3853
27.3853
27.3852
27.3851
27.3849
27.385
27.3851
27.3853
27.3853
27.3854
27.3854
27.3853
27.3853
27.3851
27.385
27.385
27.3851
27.3853
27.3853
27.3854
27.3854
27.3853
27.3853
27.3851
27.385
27.3849
27.3851
27.3852
27.3853
27.3853
27.3853
27.3853
27.3852
27.3851
27.3849
27.3849
27.385
27.3851
27.3852
27.3853
27.3853
27.3852
27.3851
27.385
27.3849
27.3847
27.3849
27.385
27.3851
27.3851
27.3851
27.3851
27.385
27.3849
27.3847
27.3846
27.3847
27.3849
27.3849
27.385
27.385
27.3849
27.3849
27.3847
27.3846
24.1628
24.1629
24.163
24.163
24.163
24.163
24.163
24.163
24.1629
24.1628
24.1629
24.163
24.1631
24.1631
24.1631
24.1631
24.1631
24.1631
24.163
24.1629
24.163
24.1631
24.1631
24.1632
24.1632
24.1632
24.1632
24.1631
24.1631
24.163
24.163
24.1631
24.1632
24.1632
24.1632
24.1632
24.1632
24.1632
24.1631
24.163
24.163
24.1631
24.1632
24.1632
24.1633
24.1633
24.1632
24.1632
24.1631
24.163
24.163
24.1631
24.1632
24.1632
24.1633
24.1633
24.1632
24.1632
24.1631
24.163
24.163
24.1631
24.1632
24.1632
24.1632
24.1632
24.1632
24.1632
24.1631
24.163
24.163
24.1631
24.1631
24.1632
24.1632
24.1632
24.1632
24.1631
24.1631
24.163
24.1629
24.163
24.1631
24.1631
24.1631
24.1631
24.1631
24.1631
24.163
24.1629
24.1628
24.1629
24.163
24.163
24.163
24.163
24.163
24.163
24.1629
24.1628
20.9409
20.9409
20.9409
20.941
20.941
20.941
20.941
20.9409
20.9409
20.9409
20.9409
20.9409
20.941
20.941
20.941
20.941
20.941
20.941
20.9409
20.9409
20.9409
20.941
20.941
20.941
20.941
20.941
20.941
20.941
20.941
20.9409
20.941
20.941
20.941
20.941
20.941
20.941
20.941
20.941
20.941
20.941
20.941
20.941
20.941
20.941
20.9411
20.9411
20.941
20.941
20.941
20.941
20.941
20.941
20.941
20.941
20.9411
20.9411
20.941
20.941
20.941
20.941
20.941
20.941
20.941
20.941
20.941
20.941
20.941
20.941
20.941
20.941
20.9409
20.941
20.941
20.941
20.941
20.941
20.941
20.941
20.941
20.9409
20.9409
20.9409
20.941
20.941
20.941
20.941
20.941
20.941
20.9409
20.9409
20.9409
20.9409
20.9409
20.941
20.941
20.941
20.941
20.9409
20.9409
20.9409
17.7192
17.7192
17.7192
17.7192
17.7192
17.7192
17.7192
17.7192
17.7192
17.7192
17.7192
17.7192
17.7192
17.7193
17.7193
17.7193
17.7193
17.7192
17.7192
17.7192
17.7192
17.7192
17.7193
17.7193
17.7193
17.7193
17.7193
17.7193
17.7192
17.7192
17.7192
17.7193
17.7193
17.7193
17.7193
17.7193
17.7193
17.7193
17.7193
17.7192
17.7192
17.7193
17.7193
17.7193
17.7193
17.7193
17.7193
17.7193
17.7193
17.7192
17.7192
17.7193
17.7193
17.7193
17.7193
17.7193
17.7193
17.7193
17.7193
17.7192
17.7192
17.7193
17.7193
17.7193
17.7193
17.7193
17.7193
17.7193
17.7193
17.7192
17.7192
17.7192
17.7193
17.7193
17.7193
17.7193
17.7193
17.7193
17.7192
17.7192
17.7192
17.7192
17.7192
17.7193
17.7193
17.7193
17.7193
17.7192
17.7192
17.7192
17.7192
17.7192
17.7192
17.7192
17.7192
17.7192
17.7192
17.7192
17.7192
17.7192
14.4975
14.4975
14.4975
14.4975
14.4975
14.4975
14.4975
14.4975
14.4975
14.4975
14.4975
14.4975
14.4975
14.4975
14.4975
14.4975
14.4975
14.4975
14.4975
14.4975
14.4975
14.4975
14.4975
14.4975
14.4975
14.4975
14.4975
14.4975
14.4975
14.4975
14.4975
14.4975
14.4975
14.4975
14.4975
14.4975
14.4975
14.4975
14.4975
14.4975
14.4975
14.4975
14.4975
14.4975
14.4975
14.4975
14.4975
14.4975
14.4975
14.4975
14.4975
14.4975
14.4975
14.4975
14.4975
14.4975
14.4975
14.4975
14.4975
14.4975
14.4975
14.4975
14.4975
14.4975
14.4975
14.4975
14.4975
14.4975
14.4975
14.4975
14.4975
14.4975
14.4975
14.4975
14.4975
14.4975
14.4975
14.4975
14.4975
14.4975
14.4975
14.4975
14.4975
14.4975
14.4975
14.4975
14.4975
14.4975
14.4975
14.4975
14.4975
14.4975
14.4975
14.4975
14.4975
14.4975
14.4975
14.4975
14.4975
14.4975
11.2758
11.2758
11.2758
11.2758
11.2758
11.2758
11.2758
11.2758
11.2758
11.2758
11.2758
11.2758
11.2758
11.2758
11.2758
11.2758
11.2758
11.2758
11.2758
11.2758
11.2758
11.2758
11.2758
11.2758
11.2758
11.2758
11.2758
11.2758
11.2758
11.2758
11.2758
11.2758
11.2758
11.2758
11.2758
11.2758
11.2758
11.2758
11.2758
11.2758
11.2758
11.2758
11.2758
11.2758
11.2758
11.2758
11.2758
11.2758
11.2758
11.2758
11.2758
11.2758
11.2758
11.2758
11.2758
11.2758
11.2758
11.2758
11.2758
11.2758
11.2758
11.2758
11.2758
11.2758
11.2758
11.2758
11.2758
11.2758
11.2758
11.2758
11.2758
11.2758
11.2758
11.2758
11.2758
11.2758
11.2758
11.2758
11.2758
11.2758
11.2758
11.2758
11.2758
11.2758
11.2758
11.2758
11.2758
11.2758
11.2758
11.2758
11.2758
11.2758
11.2758
11.2758
11.2758
11.2758
11.2758
11.2758
11.2758
11.2758
8.05416
8.05416
8.05416
8.05416
8.05416
8.05416
8.05416
8.05416
8.05416
8.05416
8.05416
8.05416
8.05416
8.05416
8.05416
8.05416
8.05416
8.05416
8.05416
8.05416
8.05416
8.05416
8.05416
8.05416
8.05416
8.05416
8.05416
8.05416
8.05416
8.05416
8.05416
8.05416
8.05416
8.05416
8.05416
8.05416
8.05416
8.05416
8.05416
8.05416
8.05416
8.05416
8.05416
8.05416
8.05416
8.05416
8.05416
8.05416
8.05416
8.05416
8.05416
8.05416
8.05416
8.05416
8.05416
8.05416
8.05416
8.05416
8.05416
8.05416
8.05416
8.05416
8.05416
8.05416
8.05416
8.05416
8.05416
8.05416
8.05416
8.05416
8.05416
8.05416
8.05416
8.05416
8.05416
8.05416
8.05416
8.05416
8.05416
8.05416
8.05416
8.05416
8.05416
8.05416
8.05416
8.05416
8.05416
8.05416
8.05416
8.05416
8.05416
8.05416
8.05416
8.05416
8.05416
8.05416
8.05416
8.05416
8.05416
8.05416
4.83249
4.83249
4.83249
4.83249
4.83249
4.83249
4.83249
4.83249
4.83249
4.83249
4.83249
4.83249
4.83249
4.83249
4.83249
4.83249
4.83249
4.83249
4.83249
4.83249
4.83249
4.83249
4.83249
4.83249
4.83249
4.83249
4.83249
4.83249
4.83249
4.83249
4.83249
4.83249
4.83249
4.83249
4.83249
4.83249
4.83249
4.83249
4.83249
4.83249
4.83249
4.83249
4.83249
4.83249
4.83249
4.83249
4.83249
4.83249
4.83249
4.83249
4.83249
4.83249
4.83249
4.83249
4.83249
4.83249
4.83249
4.83249
4.83249
4.83249
4.83249
4.83249
4.83249
4.83249
4.83249
4.83249
4.83249
4.83249
4.83249
4.83249
4.83249
4.83249
4.83249
4.83249
4.83249
4.83249
4.83249
4.83249
4.83249
4.83249
4.83249
4.83249
4.83249
4.83249
4.83249
4.83249
4.83249
4.83249
4.83249
4.83249
4.83249
4.83249
4.83249
4.83249
4.83249
4.83249
4.83249
4.83249
4.83249
4.83249
1.61083
1.61083
1.61083
1.61083
1.61083
1.61083
1.61083
1.61083
1.61083
1.61083
1.61083
1.61083
1.61083
1.61083
1.61083
1.61083
1.61083
1.61083
1.61083
1.61083
1.61083
1.61083
1.61083
1.61082
1.61082
1.61082
1.61082
1.61083
1.61083
1.61083
1.61083
1.61083
1.61082
1.61082
1.61082
1.61082
1.61082
1.61082
1.61083
1.61083
1.61083
1.61083
1.61082
1.61082
1.61082
1.61082
1.61082
1.61082
1.61083
1.61083
1.61083
1.61083
1.61082
1.61082
1.61082
1.61082
1.61082
1.61082
1.61083
1.61083
1.61083
1.61083
1.61082
1.61082
1.61082
1.61082
1.61082
1.61082
1.61083
1.61083
1.61083
1.61083
1.61083
1.61082
1.61082
1.61082
1.61082
1.61083
1.61083
1.61083
1.61083
1.61083
1.61083
1.61083
1.61083
1.61083
1.61083
1.61083
1.61083
1.61083
1.61083
1.61083
1.61083
1.61083
1.61083
1.61083
1.61083
1.61083
1.61083
1.61083
)
;

boundaryField
{
    fixedWalls
    {
        type            zeroGradient;
    }
    inlet
    {
        type            fixedGradient;
        gradient        uniform 0;
    }
    outlet
    {
        type            fixedValue;
        value           uniform 0;
    }
}


// ************************************************************************* //
