/*--------------------------------*- C++ -*----------------------------------*\
| =========                 |                                                 |
| \\      /  F ield         | OpenFOAM: The Open Source CFD Toolbox           |
|  \\    /   O peration     | Version:  2106                                  |
|   \\  /    A nd           | Website:  www.openfoam.com                      |
|    \\/     M anipulation  |                                                 |
\*---------------------------------------------------------------------------*/
FoamFile
{
    version     2.0;
    format      ascii;
    arch        "LSB;label=32;scalar=64";
    class       volScalarField;
    location    "0.67";
    object      p;
}
// * * * * * * * * * * * * * * * * * * * * * * * * * * * * * * * * * * * * * //

dimensions      [0 2 -2 0 0 0 0];

internalField   nonuniform List<scalar> 
10000
(
99.1751
98.59
98.2225
97.9539
97.8147
97.8147
97.9539
98.2225
98.59
99.1751
89.9898
89.1356
88.5729
88.1751
87.9702
87.9702
88.1751
88.5729
89.1356
89.9899
82.3638
81.3808
80.7392
80.2922
80.0629
80.0629
80.2922
80.7392
81.3808
82.3638
77.0985
76.0886
75.4379
74.9913
74.7625
74.7625
74.9913
75.4379
76.0886
77.0985
73.1476
72.1451
71.5025
71.07
70.8486
70.8486
71.07
71.5025
72.1451
73.1476
69.9479
68.9727
68.346
67.9347
67.7245
67.7245
67.9347
68.346
68.9727
69.9479
67.309
66.3821
65.7811
65.3971
65.2017
65.2017
65.3971
65.7811
66.3821
67.309
65.1238
64.2687
63.7058
63.3548
63.1768
63.1768
63.3548
63.7058
64.2687
65.1238
63.3118
62.5448
62.0327
61.7193
61.5607
61.5607
61.7193
62.0327
62.5448
63.3118
61.8931
61.1264
60.6737
60.3983
60.2587
60.2587
60.3983
60.6737
61.1264
61.8931
63.0024
63.1761
63.3652
63.4927
63.5587
63.5587
63.4927
63.3652
63.1761
63.0024
63.4273
63.5225
63.6499
63.7317
63.7735
63.7735
63.7317
63.6499
63.5225
63.4273
63.4037
63.4009
63.4538
63.4823
63.4964
63.4964
63.4823
63.4538
63.4009
63.4037
62.9908
62.8972
62.8817
62.8631
62.853
62.853
62.8631
62.8817
62.8972
62.9908
62.3922
62.2242
62.1504
62.0942
62.0645
62.0645
62.0942
62.1504
62.2242
62.3922
61.7177
61.4936
61.3728
61.2883
61.2443
61.2443
61.2883
61.3728
61.4936
61.7177
61.0226
60.7628
60.608
60.5051
60.4518
60.4518
60.5051
60.608
60.7628
61.0226
60.3386
60.067
59.8936
59.7822
59.7246
59.7246
59.7822
59.8936
60.067
60.3386
59.7015
59.4341
59.2543
59.1415
59.0829
59.0829
59.1415
59.2543
59.4341
59.7015
59.215
58.8654
58.6808
58.5673
58.5082
58.5082
58.5673
58.6808
58.8654
59.215
58.3697
58.3552
58.357
58.3535
58.3519
58.3519
58.3535
58.357
58.3552
58.3697
58.7828
58.766
58.7671
58.762
58.7593
58.7593
58.762
58.7671
58.766
58.7828
59.1247
59.0893
59.0789
59.064
59.0559
59.0559
59.064
59.0789
59.0893
59.1247
59.1778
59.1091
59.0764
59.0454
59.0289
59.0289
59.0454
59.0764
59.1091
59.1779
59.0329
58.9287
58.8716
58.8245
58.7995
58.7995
58.8245
58.8716
58.9287
59.0329
58.7848
58.6499
58.5703
58.5098
58.4779
58.4779
58.5098
58.5703
58.6499
58.7848
58.482
58.3247
58.2269
58.157
58.1203
58.1203
58.157
58.2269
58.3247
58.482
58.1516
57.9841
57.8749
57.8
57.7608
57.7608
57.8
57.8749
57.9841
58.1516
57.8266
57.6565
57.54
57.4627
57.4224
57.4224
57.4627
57.54
57.6565
57.8266
57.5822
57.3479
57.2209
57.1399
57.0978
57.0978
57.1399
57.2209
57.3479
57.5822
53.6339
53.6537
53.6788
53.6949
53.7034
53.7034
53.6949
53.6788
53.6537
53.6339
53.8449
53.8686
53.8977
53.9162
53.9259
53.9259
53.9162
53.8977
53.8686
53.8449
54.0241
54.0455
54.0743
54.0919
54.1011
54.1011
54.0919
54.0743
54.0455
54.0241
54.1103
54.1213
54.1432
54.1553
54.1617
54.1617
54.1553
54.1432
54.1213
54.1103
54.1246
54.1211
54.1326
54.1373
54.1396
54.1396
54.1373
54.1326
54.1211
54.1246
54.0905
54.0721
54.0721
54.069
54.0672
54.0672
54.069
54.0721
54.0721
54.0905
54.0217
53.9905
53.9798
53.9699
53.9646
53.9646
53.9699
53.9798
53.9905
54.0217
53.9281
53.8888
53.8697
53.8548
53.8467
53.8467
53.8548
53.8697
53.8888
53.9281
53.8277
53.7826
53.7553
53.7358
53.7252
53.7252
53.7358
53.7553
53.7826
53.8277
53.7657
53.6767
53.6356
53.6086
53.5944
53.5944
53.6086
53.6356
53.6767
53.7657
50.4008
50.4008
50.4028
50.4029
50.403
50.403
50.4029
50.4028
50.4008
50.4008
50.4995
50.5032
50.5084
50.5106
50.5118
50.5118
50.5106
50.5084
50.5032
50.4995
50.6003
50.6054
50.6123
50.6154
50.6169
50.6169
50.6154
50.6123
50.6054
50.6003
50.6688
50.6718
50.6777
50.6796
50.6805
50.6805
50.6796
50.6777
50.6718
50.6688
50.707
50.7057
50.7087
50.7083
50.7079
50.7079
50.7083
50.7087
50.7057
50.707
50.722
50.7153
50.7144
50.7113
50.7095
50.7095
50.7113
50.7144
50.7153
50.722
50.7184
50.7066
50.7017
50.696
50.6928
50.6928
50.696
50.7017
50.7066
50.7184
50.7007
50.6852
50.6769
50.6691
50.6647
50.6647
50.6691
50.6769
50.6852
50.7007
50.6782
50.6593
50.6467
50.6365
50.6309
50.6309
50.6365
50.6467
50.6593
50.6782
50.6725
50.6306
50.6098
50.5955
50.5879
50.5879
50.5955
50.6098
50.6306
50.6725
47.0688
47.0719
47.0756
47.0778
47.0789
47.0789
47.0778
47.0756
47.0719
47.0688
47.1098
47.1147
47.12
47.1232
47.125
47.125
47.1232
47.12
47.1147
47.1098
47.1516
47.1576
47.1641
47.1682
47.1703
47.1703
47.1682
47.1641
47.1576
47.1516
47.1831
47.1889
47.1956
47.1996
47.2017
47.2017
47.1996
47.1956
47.1889
47.1831
47.2044
47.209
47.215
47.2183
47.22
47.22
47.2183
47.215
47.209
47.2044
47.217
47.2196
47.2243
47.2266
47.2277
47.2277
47.2266
47.2243
47.2196
47.217
47.2217
47.2224
47.2254
47.2265
47.227
47.227
47.2265
47.2254
47.2224
47.2217
47.2199
47.2189
47.2204
47.2204
47.2203
47.2203
47.2204
47.2204
47.2189
47.2199
47.2156
47.2128
47.2119
47.2105
47.2095
47.2095
47.2105
47.2119
47.2128
47.2156
47.2195
47.205
47.1991
47.1949
47.1926
47.1926
47.1949
47.1991
47.205
47.2195
43.8624
43.8628
43.8634
43.8635
43.8636
43.8636
43.8635
43.8634
43.8628
43.8624
43.8796
43.8809
43.8822
43.8829
43.8832
43.8832
43.8829
43.8822
43.8809
43.8796
43.8992
43.9012
43.9033
43.9044
43.905
43.905
43.9044
43.9033
43.9012
43.8992
43.9161
43.9185
43.9209
43.9221
43.9228
43.9228
43.9221
43.9209
43.9185
43.9161
43.9298
43.932
43.9345
43.9357
43.9363
43.9363
43.9357
43.9345
43.932
43.9298
43.9404
43.9423
43.9445
43.9455
43.9459
43.9459
43.9455
43.9445
43.9423
43.9404
43.9482
43.9496
43.9514
43.952
43.9523
43.9523
43.952
43.9514
43.9496
43.9482
43.9534
43.9543
43.9557
43.9559
43.956
43.956
43.9559
43.9557
43.9543
43.9534
43.9578
43.958
43.9584
43.958
43.9578
43.9578
43.958
43.9584
43.958
43.9578
43.9657
43.9607
43.9588
43.9572
43.9564
43.9564
43.9572
43.9588
43.9607
43.9657
40.6196
40.6202
40.6208
40.6212
40.6214
40.6214
40.6212
40.6208
40.6202
40.6196
40.6261
40.6271
40.628
40.6286
40.6289
40.6289
40.6286
40.628
40.6271
40.6261
40.6336
40.6349
40.6362
40.637
40.6375
40.6375
40.637
40.6362
40.6349
40.6336
40.6404
40.642
40.6435
40.6445
40.645
40.645
40.6445
40.6435
40.642
40.6404
40.6464
40.648
40.6497
40.6507
40.6512
40.6512
40.6507
40.6497
40.648
40.6464
40.6514
40.653
40.6547
40.6556
40.6561
40.6561
40.6556
40.6547
40.653
40.6514
40.6554
40.6569
40.6584
40.6592
40.6596
40.6596
40.6592
40.6584
40.6569
40.6554
40.6583
40.6596
40.661
40.6617
40.662
40.662
40.6617
40.661
40.6596
40.6583
40.6609
40.6619
40.6628
40.6632
40.6634
40.6634
40.6632
40.6628
40.6619
40.6609
40.665
40.6637
40.6635
40.6633
40.6632
40.6632
40.6633
40.6635
40.6637
40.665
37.3837
37.3838
37.3839
37.384
37.384
37.384
37.384
37.3839
37.3838
37.3837
37.3861
37.3864
37.3867
37.3868
37.3869
37.3869
37.3868
37.3867
37.3864
37.3861
37.3893
37.3897
37.3901
37.3904
37.3905
37.3905
37.3904
37.3901
37.3897
37.3893
37.3925
37.3931
37.3936
37.394
37.3941
37.3941
37.394
37.3936
37.3931
37.3925
37.3956
37.3963
37.397
37.3974
37.3975
37.3975
37.3974
37.397
37.3963
37.3956
37.3985
37.3993
37.4
37.4004
37.4006
37.4006
37.4004
37.4
37.3993
37.3985
37.4011
37.402
37.4027
37.4032
37.4034
37.4034
37.4032
37.4027
37.402
37.4011
37.4035
37.4044
37.4051
37.4055
37.4057
37.4057
37.4055
37.4051
37.4044
37.4035
37.4059
37.4067
37.4073
37.4075
37.4077
37.4077
37.4075
37.4073
37.4067
37.4059
37.4088
37.4087
37.4089
37.4089
37.4089
37.4089
37.4089
37.4089
37.4087
37.4088
34.1371
34.1372
34.1373
34.1374
34.1374
34.1374
34.1374
34.1373
34.1372
34.1371
34.1379
34.138
34.1382
34.1383
34.1384
34.1384
34.1383
34.1382
34.138
34.1379
34.1389
34.1392
34.1394
34.1395
34.1396
34.1396
34.1395
34.1394
34.1392
34.1389
34.1401
34.1404
34.1407
34.1409
34.141
34.141
34.1409
34.1407
34.1404
34.1401
34.1413
34.1417
34.142
34.1423
34.1424
34.1424
34.1423
34.142
34.1417
34.1413
34.1425
34.143
34.1433
34.1436
34.1437
34.1437
34.1436
34.1433
34.143
34.1425
34.1437
34.1441
34.1446
34.1448
34.145
34.145
34.1448
34.1446
34.1441
34.1437
34.1447
34.1452
34.1457
34.1459
34.146
34.146
34.1459
34.1457
34.1452
34.1447
34.1458
34.1463
34.1466
34.1469
34.147
34.147
34.1469
34.1466
34.1463
34.1458
34.1471
34.1472
34.1474
34.1475
34.1476
34.1476
34.1475
34.1474
34.1472
34.1471
30.8894
30.8894
30.8894
30.8894
30.8894
30.8894
30.8894
30.8894
30.8894
30.8894
30.8896
30.8896
30.8897
30.8897
30.8897
30.8897
30.8897
30.8897
30.8896
30.8896
30.89
30.89
30.8901
30.8901
30.8902
30.8902
30.8901
30.8901
30.89
30.89
30.8904
30.8906
30.8907
30.8907
30.8907
30.8907
30.8907
30.8907
30.8906
30.8904
30.891
30.8912
30.8913
30.8914
30.8914
30.8914
30.8914
30.8913
30.8912
30.891
30.8916
30.8918
30.892
30.8921
30.8921
30.8921
30.8921
30.892
30.8918
30.8916
30.8922
30.8925
30.8927
30.8928
30.8928
30.8928
30.8928
30.8927
30.8925
30.8922
30.8929
30.8931
30.8933
30.8934
30.8935
30.8935
30.8934
30.8933
30.8931
30.8929
30.8935
30.8938
30.894
30.8941
30.8941
30.8941
30.8941
30.894
30.8938
30.8935
30.8942
30.8944
30.8945
30.8946
30.8947
30.8947
30.8946
30.8945
30.8944
30.8942
27.639
27.639
27.639
27.639
27.639
27.639
27.639
27.639
27.639
27.639
27.639
27.639
27.639
27.639
27.639
27.639
27.639
27.639
27.639
27.639
27.6391
27.6391
27.6391
27.6391
27.6392
27.6392
27.6391
27.6391
27.6391
27.6391
27.6392
27.6393
27.6393
27.6393
27.6394
27.6394
27.6393
27.6393
27.6393
27.6392
27.6394
27.6395
27.6395
27.6396
27.6396
27.6396
27.6396
27.6395
27.6395
27.6394
27.6396
27.6397
27.6398
27.6399
27.6399
27.6399
27.6399
27.6398
27.6397
27.6396
27.6399
27.64
27.6401
27.6401
27.6402
27.6402
27.6401
27.6401
27.64
27.6399
27.6401
27.6403
27.6404
27.6404
27.6405
27.6405
27.6404
27.6404
27.6403
27.6401
27.6404
27.6405
27.6406
27.6407
27.6407
27.6407
27.6407
27.6406
27.6405
27.6404
27.6407
27.6408
27.6409
27.6409
27.641
27.641
27.6409
27.6409
27.6408
27.6407
24.388
24.388
24.388
24.388
24.388
24.388
24.388
24.388
24.388
24.388
24.388
24.388
24.388
24.388
24.388
24.388
24.388
24.388
24.388
24.388
24.388
24.388
24.388
24.388
24.388
24.388
24.388
24.388
24.388
24.388
24.3881
24.3881
24.3881
24.3881
24.3881
24.3881
24.3881
24.3881
24.3881
24.3881
24.3881
24.3882
24.3882
24.3882
24.3882
24.3882
24.3882
24.3882
24.3882
24.3881
24.3882
24.3883
24.3883
24.3883
24.3883
24.3883
24.3883
24.3883
24.3883
24.3882
24.3884
24.3884
24.3884
24.3885
24.3885
24.3885
24.3885
24.3884
24.3884
24.3884
24.3885
24.3885
24.3886
24.3886
24.3886
24.3886
24.3886
24.3886
24.3885
24.3885
24.3886
24.3887
24.3887
24.3888
24.3888
24.3888
24.3888
24.3887
24.3887
24.3886
24.3888
24.3888
24.3889
24.3889
24.3889
24.3889
24.3889
24.3889
24.3888
24.3888
21.1365
21.1365
21.1365
21.1365
21.1365
21.1365
21.1365
21.1365
21.1365
21.1365
21.1365
21.1365
21.1365
21.1365
21.1365
21.1365
21.1365
21.1365
21.1365
21.1365
21.1365
21.1365
21.1365
21.1365
21.1365
21.1365
21.1365
21.1365
21.1365
21.1365
21.1365
21.1365
21.1365
21.1365
21.1365
21.1365
21.1365
21.1365
21.1365
21.1365
21.1365
21.1365
21.1365
21.1365
21.1365
21.1365
21.1365
21.1365
21.1365
21.1365
21.1365
21.1365
21.1365
21.1365
21.1366
21.1366
21.1365
21.1365
21.1365
21.1365
21.1366
21.1366
21.1366
21.1366
21.1366
21.1366
21.1366
21.1366
21.1366
21.1366
21.1366
21.1366
21.1366
21.1367
21.1367
21.1367
21.1367
21.1366
21.1366
21.1366
21.1367
21.1367
21.1367
21.1367
21.1367
21.1367
21.1367
21.1367
21.1367
21.1367
21.1367
21.1367
21.1368
21.1368
21.1368
21.1368
21.1368
21.1368
21.1367
21.1367
17.8848
17.8848
17.8848
17.8848
17.8848
17.8848
17.8848
17.8848
17.8848
17.8848
17.8848
17.8848
17.8848
17.8848
17.8848
17.8848
17.8848
17.8848
17.8848
17.8848
17.8848
17.8848
17.8848
17.8848
17.8848
17.8848
17.8848
17.8848
17.8848
17.8848
17.8848
17.8848
17.8848
17.8848
17.8848
17.8848
17.8848
17.8848
17.8848
17.8848
17.8848
17.8848
17.8848
17.8848
17.8848
17.8848
17.8848
17.8848
17.8848
17.8848
17.8848
17.8848
17.8848
17.8848
17.8848
17.8848
17.8848
17.8848
17.8848
17.8848
17.8848
17.8849
17.8849
17.8849
17.8849
17.8849
17.8849
17.8849
17.8849
17.8848
17.8849
17.8849
17.8849
17.8849
17.8849
17.8849
17.8849
17.8849
17.8849
17.8849
17.8849
17.8849
17.8849
17.8849
17.8849
17.8849
17.8849
17.8849
17.8849
17.8849
17.8849
17.8849
17.8849
17.8849
17.885
17.885
17.8849
17.8849
17.8849
17.8849
14.6331
14.6331
14.6331
14.6331
14.6331
14.6331
14.6331
14.6331
14.6331
14.6331
14.6331
14.6331
14.6331
14.6331
14.6331
14.6331
14.6331
14.6331
14.6331
14.6331
14.6331
14.6331
14.6331
14.6331
14.6331
14.6331
14.6331
14.6331
14.6331
14.6331
14.6331
14.6331
14.6331
14.6331
14.6331
14.6331
14.6331
14.6331
14.6331
14.6331
14.6331
14.6331
14.6331
14.6331
14.6331
14.6331
14.6331
14.6331
14.6331
14.6331
14.6331
14.6331
14.6331
14.6331
14.6331
14.6331
14.6331
14.6331
14.6331
14.6331
14.6331
14.6331
14.6331
14.6331
14.6331
14.6331
14.6331
14.6331
14.6331
14.6331
14.6331
14.6331
14.6331
14.6331
14.6331
14.6331
14.6331
14.6331
14.6331
14.6331
14.6331
14.6331
14.6331
14.6331
14.6331
14.6331
14.6331
14.6331
14.6331
14.6331
14.6331
14.6331
14.6331
14.6331
14.6331
14.6331
14.6331
14.6331
14.6331
14.6331
11.3813
11.3813
11.3813
11.3813
11.3813
11.3813
11.3813
11.3813
11.3813
11.3813
11.3813
11.3813
11.3813
11.3813
11.3813
11.3813
11.3813
11.3813
11.3813
11.3813
11.3813
11.3813
11.3813
11.3813
11.3813
11.3813
11.3813
11.3813
11.3813
11.3813
11.3813
11.3813
11.3813
11.3813
11.3813
11.3813
11.3813
11.3813
11.3813
11.3813
11.3813
11.3813
11.3813
11.3813
11.3813
11.3813
11.3813
11.3813
11.3813
11.3813
11.3813
11.3813
11.3813
11.3813
11.3813
11.3813
11.3813
11.3813
11.3813
11.3813
11.3813
11.3813
11.3813
11.3813
11.3813
11.3813
11.3813
11.3813
11.3813
11.3813
11.3813
11.3813
11.3813
11.3813
11.3813
11.3813
11.3813
11.3813
11.3813
11.3813
11.3813
11.3813
11.3813
11.3813
11.3813
11.3813
11.3813
11.3813
11.3813
11.3813
11.3813
11.3813
11.3813
11.3813
11.3813
11.3813
11.3813
11.3813
11.3813
11.3813
8.1295
8.1295
8.1295
8.1295
8.12949
8.12949
8.12949
8.12949
8.1295
8.1295
8.12949
8.12949
8.12949
8.12949
8.12949
8.12949
8.12949
8.12949
8.12949
8.12949
8.12949
8.12949
8.12949
8.12949
8.12949
8.12949
8.12949
8.12949
8.12949
8.12949
8.12949
8.12949
8.12949
8.12949
8.12949
8.12949
8.12949
8.12949
8.12949
8.12949
8.12949
8.12949
8.12949
8.12949
8.12949
8.12949
8.12949
8.12949
8.12949
8.12949
8.12949
8.12949
8.12949
8.12949
8.12949
8.12949
8.12949
8.12949
8.12949
8.12949
8.12949
8.12949
8.12949
8.12949
8.12949
8.12949
8.12949
8.12949
8.12949
8.12949
8.12949
8.12949
8.12949
8.12949
8.12949
8.12949
8.12949
8.12949
8.12949
8.12949
8.12949
8.12949
8.12949
8.12949
8.12949
8.12949
8.12949
8.12949
8.12949
8.12949
8.12949
8.12949
8.12949
8.12949
8.12949
8.12949
8.12949
8.12949
8.12949
8.12949
4.8777
4.8777
4.8777
4.8777
4.8777
4.8777
4.8777
4.8777
4.8777
4.8777
4.8777
4.8777
4.8777
4.8777
4.8777
4.8777
4.8777
4.8777
4.8777
4.8777
4.8777
4.8777
4.8777
4.8777
4.8777
4.8777
4.8777
4.8777
4.8777
4.8777
4.8777
4.8777
4.87769
4.87769
4.87769
4.87769
4.87769
4.87769
4.87769
4.87769
4.87769
4.87769
4.87769
4.87769
4.87769
4.87769
4.87769
4.87769
4.87769
4.87769
4.87769
4.87769
4.87769
4.87769
4.87769
4.87769
4.87769
4.87769
4.87769
4.87769
4.87769
4.87769
4.87769
4.87769
4.87769
4.87769
4.87769
4.87769
4.87769
4.87769
4.87769
4.87769
4.87769
4.87769
4.87769
4.87769
4.87769
4.87769
4.87769
4.87769
4.87769
4.87769
4.87769
4.87769
4.87769
4.87769
4.87769
4.87769
4.87769
4.87769
4.87769
4.87769
4.87769
4.87769
4.87769
4.87769
4.87769
4.87769
4.87769
4.87769
1.6259
1.6259
1.6259
1.6259
1.6259
1.6259
1.6259
1.6259
1.6259
1.6259
1.6259
1.6259
1.6259
1.6259
1.6259
1.6259
1.6259
1.6259
1.6259
1.6259
1.6259
1.6259
1.6259
1.6259
1.6259
1.6259
1.6259
1.6259
1.6259
1.6259
1.6259
1.6259
1.6259
1.6259
1.6259
1.6259
1.6259
1.6259
1.6259
1.6259
1.6259
1.6259
1.6259
1.6259
1.6259
1.6259
1.6259
1.6259
1.6259
1.6259
1.6259
1.6259
1.6259
1.6259
1.6259
1.6259
1.6259
1.6259
1.6259
1.6259
1.6259
1.6259
1.6259
1.6259
1.6259
1.6259
1.6259
1.6259
1.6259
1.6259
1.6259
1.6259
1.6259
1.6259
1.6259
1.6259
1.6259
1.6259
1.6259
1.6259
1.62589
1.62589
1.62589
1.62589
1.62589
1.62589
1.62589
1.62589
1.62589
1.62589
1.62589
1.62589
1.62589
1.62589
1.62589
1.62589
1.62589
1.62589
1.62589
1.62589
99.1751
98.59
98.2225
97.9539
97.8147
97.8147
97.9539
98.2225
98.59
99.1751
89.9899
89.1356
88.5729
88.1751
87.9702
87.9702
88.1751
88.5729
89.1356
89.9899
82.3638
81.3808
80.7392
80.2922
80.0629
80.0629
80.2922
80.7392
81.3808
82.3638
77.0985
76.0886
75.438
74.9914
74.7625
74.7625
74.9914
75.438
76.0886
77.0985
73.1476
72.1451
71.5025
71.0701
70.8486
70.8486
71.0701
71.5025
72.1451
73.1476
69.9479
68.9727
68.346
67.9347
67.7245
67.7245
67.9347
68.346
68.9727
69.9479
67.309
66.3821
65.7811
65.3972
65.2017
65.2017
65.3972
65.7811
66.3821
67.309
65.1238
64.2687
63.7058
63.3548
63.1768
63.1768
63.3548
63.7058
64.2687
65.1238
63.3118
62.5448
62.0327
61.7193
61.5607
61.5607
61.7193
62.0327
62.5448
63.3118
61.8931
61.1264
60.6737
60.3983
60.2587
60.2587
60.3983
60.6737
61.1265
61.8931
63.0024
63.1761
63.3652
63.4927
63.5587
63.5587
63.4927
63.3652
63.1761
63.0024
63.4273
63.5225
63.6499
63.7317
63.7735
63.7735
63.7317
63.6499
63.5225
63.4273
63.4037
63.4009
63.4538
63.4823
63.4964
63.4964
63.4823
63.4538
63.4009
63.4037
62.9908
62.8972
62.8817
62.8631
62.853
62.853
62.8631
62.8817
62.8972
62.9908
62.3922
62.2242
62.1504
62.0942
62.0646
62.0646
62.0942
62.1504
62.2242
62.3922
61.7177
61.4936
61.3728
61.2883
61.2443
61.2443
61.2883
61.3728
61.4937
61.7178
61.0226
60.7628
60.608
60.5051
60.4518
60.4518
60.5051
60.608
60.7628
61.0227
60.3386
60.067
59.8936
59.7822
59.7246
59.7246
59.7822
59.8936
60.067
60.3386
59.7015
59.4341
59.2543
59.1415
59.0829
59.0829
59.1415
59.2543
59.4341
59.7015
59.215
58.8654
58.6808
58.5673
58.5082
58.5082
58.5673
58.6808
58.8654
59.215
58.3697
58.3552
58.357
58.3535
58.3519
58.3519
58.3535
58.357
58.3552
58.3697
58.7828
58.766
58.7671
58.762
58.7593
58.7593
58.762
58.7671
58.766
58.7828
59.1247
59.0893
59.0789
59.064
59.056
59.056
59.064
59.0789
59.0893
59.1247
59.1779
59.1091
59.0764
59.0454
59.0289
59.0289
59.0454
59.0764
59.1091
59.1779
59.0329
58.9287
58.8716
58.8245
58.7995
58.7995
58.8245
58.8716
58.9287
59.0329
58.7848
58.6499
58.5703
58.5098
58.4779
58.4779
58.5098
58.5703
58.6499
58.7848
58.482
58.3247
58.227
58.157
58.1203
58.1203
58.157
58.227
58.3247
58.482
58.1516
57.9841
57.8749
57.8
57.7608
57.7608
57.8
57.8749
57.9841
58.1516
57.8266
57.6565
57.54
57.4627
57.4224
57.4224
57.4627
57.54
57.6565
57.8266
57.5822
57.3479
57.2209
57.1399
57.0978
57.0978
57.1399
57.2209
57.3479
57.5822
53.6339
53.6537
53.6788
53.6949
53.7034
53.7034
53.6949
53.6788
53.6537
53.6339
53.8449
53.8686
53.8977
53.9162
53.9259
53.9259
53.9162
53.8977
53.8686
53.845
54.0241
54.0455
54.0743
54.0919
54.1011
54.1011
54.0919
54.0743
54.0455
54.0241
54.1103
54.1213
54.1432
54.1554
54.1617
54.1617
54.1554
54.1432
54.1213
54.1103
54.1246
54.1211
54.1326
54.1373
54.1396
54.1396
54.1373
54.1326
54.1211
54.1246
54.0905
54.0721
54.0721
54.069
54.0672
54.0672
54.069
54.0721
54.0721
54.0905
54.0217
53.9905
53.9798
53.9699
53.9646
53.9646
53.9699
53.9798
53.9905
54.0217
53.9281
53.8888
53.8697
53.8548
53.8467
53.8467
53.8548
53.8697
53.8888
53.9281
53.8277
53.7826
53.7553
53.7358
53.7252
53.7252
53.7358
53.7553
53.7826
53.8277
53.7657
53.6768
53.6356
53.6086
53.5944
53.5944
53.6087
53.6356
53.6768
53.7657
50.4008
50.4008
50.4028
50.4029
50.403
50.403
50.4029
50.4028
50.4008
50.4008
50.4995
50.5032
50.5084
50.5106
50.5118
50.5118
50.5106
50.5084
50.5032
50.4995
50.6003
50.6054
50.6123
50.6154
50.6169
50.6169
50.6154
50.6123
50.6054
50.6003
50.6688
50.6718
50.6777
50.6796
50.6805
50.6805
50.6796
50.6777
50.6718
50.6688
50.707
50.7057
50.7087
50.7083
50.7079
50.708
50.7083
50.7087
50.7057
50.707
50.722
50.7153
50.7144
50.7113
50.7095
50.7095
50.7113
50.7144
50.7153
50.722
50.7184
50.7066
50.7017
50.696
50.6928
50.6928
50.696
50.7017
50.7066
50.7184
50.7007
50.6852
50.6769
50.6691
50.6647
50.6647
50.6691
50.6769
50.6852
50.7007
50.6783
50.6593
50.6467
50.6365
50.6309
50.6309
50.6365
50.6467
50.6593
50.6783
50.6725
50.6306
50.6098
50.5955
50.5879
50.5879
50.5955
50.6098
50.6306
50.6725
47.0688
47.0719
47.0756
47.0778
47.0789
47.0789
47.0778
47.0756
47.0719
47.0688
47.1098
47.1147
47.12
47.1232
47.125
47.125
47.1232
47.12
47.1147
47.1098
47.1516
47.1576
47.1641
47.1682
47.1703
47.1703
47.1682
47.1641
47.1576
47.1516
47.1831
47.1889
47.1956
47.1996
47.2017
47.2017
47.1996
47.1956
47.1889
47.1831
47.2044
47.209
47.215
47.2183
47.22
47.22
47.2183
47.215
47.209
47.2044
47.217
47.2196
47.2243
47.2266
47.2277
47.2277
47.2266
47.2243
47.2196
47.217
47.2217
47.2224
47.2254
47.2265
47.227
47.227
47.2265
47.2254
47.2224
47.2217
47.2199
47.2189
47.2204
47.2204
47.2203
47.2203
47.2204
47.2204
47.2189
47.2199
47.2156
47.2128
47.2119
47.2105
47.2095
47.2095
47.2105
47.2119
47.2128
47.2156
47.2195
47.205
47.1991
47.1949
47.1926
47.1926
47.1949
47.1991
47.205
47.2195
43.8624
43.8628
43.8634
43.8635
43.8636
43.8636
43.8635
43.8634
43.8628
43.8624
43.8796
43.8809
43.8822
43.8829
43.8832
43.8832
43.8829
43.8822
43.8809
43.8796
43.8992
43.9012
43.9033
43.9044
43.905
43.905
43.9044
43.9033
43.9012
43.8992
43.9161
43.9185
43.9209
43.9221
43.9228
43.9228
43.9221
43.9209
43.9185
43.9161
43.9298
43.932
43.9345
43.9357
43.9363
43.9363
43.9357
43.9345
43.932
43.9298
43.9404
43.9423
43.9445
43.9455
43.9459
43.9459
43.9455
43.9445
43.9423
43.9404
43.9482
43.9496
43.9514
43.952
43.9523
43.9523
43.952
43.9514
43.9496
43.9482
43.9534
43.9543
43.9557
43.9559
43.956
43.956
43.9559
43.9557
43.9543
43.9534
43.9578
43.958
43.9584
43.958
43.9578
43.9578
43.958
43.9584
43.958
43.9578
43.9657
43.9607
43.9588
43.9572
43.9564
43.9564
43.9572
43.9588
43.9607
43.9657
40.6196
40.6202
40.6208
40.6212
40.6214
40.6214
40.6212
40.6208
40.6202
40.6196
40.6261
40.6271
40.628
40.6286
40.629
40.629
40.6286
40.628
40.6271
40.6261
40.6336
40.6349
40.6362
40.637
40.6375
40.6375
40.637
40.6362
40.6349
40.6336
40.6404
40.642
40.6435
40.6445
40.645
40.645
40.6445
40.6435
40.642
40.6404
40.6464
40.648
40.6497
40.6507
40.6512
40.6512
40.6507
40.6497
40.648
40.6464
40.6514
40.653
40.6547
40.6556
40.6561
40.6561
40.6556
40.6547
40.653
40.6514
40.6554
40.6569
40.6584
40.6592
40.6596
40.6596
40.6592
40.6584
40.6569
40.6554
40.6583
40.6596
40.661
40.6617
40.662
40.662
40.6617
40.661
40.6596
40.6583
40.6609
40.6619
40.6628
40.6632
40.6634
40.6634
40.6632
40.6629
40.6619
40.6609
40.665
40.6637
40.6635
40.6633
40.6632
40.6632
40.6633
40.6635
40.6637
40.665
37.3837
37.3838
37.3839
37.384
37.384
37.384
37.384
37.3839
37.3838
37.3837
37.3861
37.3864
37.3867
37.3868
37.3869
37.3869
37.3868
37.3867
37.3864
37.3861
37.3893
37.3897
37.3901
37.3904
37.3905
37.3905
37.3904
37.3901
37.3897
37.3893
37.3925
37.3931
37.3936
37.394
37.3941
37.3941
37.394
37.3936
37.3931
37.3925
37.3956
37.3963
37.397
37.3974
37.3976
37.3976
37.3974
37.397
37.3963
37.3956
37.3985
37.3993
37.4
37.4004
37.4006
37.4006
37.4004
37.4
37.3993
37.3985
37.4011
37.402
37.4028
37.4032
37.4034
37.4034
37.4032
37.4028
37.402
37.4011
37.4035
37.4044
37.4051
37.4055
37.4057
37.4057
37.4055
37.4051
37.4044
37.4035
37.4059
37.4067
37.4073
37.4075
37.4077
37.4077
37.4075
37.4073
37.4067
37.4059
37.4088
37.4087
37.4089
37.4089
37.4089
37.4089
37.4089
37.4089
37.4087
37.4088
34.1371
34.1372
34.1373
34.1374
34.1374
34.1374
34.1374
34.1373
34.1372
34.1371
34.1379
34.138
34.1382
34.1383
34.1384
34.1384
34.1383
34.1382
34.138
34.1379
34.1389
34.1392
34.1394
34.1395
34.1396
34.1396
34.1395
34.1394
34.1392
34.1389
34.1401
34.1404
34.1407
34.1409
34.141
34.141
34.1409
34.1407
34.1404
34.1401
34.1413
34.1417
34.142
34.1423
34.1424
34.1424
34.1423
34.142
34.1417
34.1413
34.1425
34.143
34.1433
34.1436
34.1437
34.1437
34.1436
34.1433
34.143
34.1425
34.1437
34.1441
34.1446
34.1448
34.145
34.145
34.1448
34.1446
34.1441
34.1437
34.1447
34.1452
34.1457
34.1459
34.146
34.146
34.1459
34.1457
34.1452
34.1447
34.1458
34.1463
34.1466
34.1469
34.147
34.147
34.1469
34.1466
34.1463
34.1458
34.1471
34.1472
34.1474
34.1475
34.1476
34.1476
34.1475
34.1474
34.1472
34.1471
30.8894
30.8894
30.8894
30.8894
30.8894
30.8894
30.8894
30.8894
30.8894
30.8894
30.8896
30.8896
30.8897
30.8897
30.8897
30.8897
30.8897
30.8897
30.8896
30.8896
30.89
30.89
30.8901
30.8901
30.8902
30.8902
30.8901
30.8901
30.89
30.89
30.8904
30.8906
30.8907
30.8907
30.8907
30.8907
30.8907
30.8907
30.8906
30.8904
30.891
30.8912
30.8913
30.8914
30.8914
30.8914
30.8914
30.8913
30.8912
30.891
30.8916
30.8918
30.892
30.8921
30.8921
30.8921
30.8921
30.892
30.8918
30.8916
30.8922
30.8925
30.8927
30.8928
30.8928
30.8928
30.8928
30.8927
30.8925
30.8922
30.8929
30.8931
30.8933
30.8934
30.8935
30.8935
30.8934
30.8933
30.8931
30.8929
30.8935
30.8938
30.894
30.8941
30.8941
30.8941
30.8941
30.894
30.8938
30.8935
30.8942
30.8944
30.8945
30.8946
30.8947
30.8947
30.8946
30.8945
30.8944
30.8942
27.639
27.639
27.639
27.639
27.639
27.639
27.639
27.639
27.639
27.639
27.639
27.639
27.639
27.639
27.639
27.639
27.639
27.639
27.639
27.639
27.6391
27.6391
27.6391
27.6391
27.6392
27.6392
27.6391
27.6391
27.6391
27.6391
27.6392
27.6393
27.6393
27.6393
27.6394
27.6394
27.6393
27.6393
27.6393
27.6392
27.6394
27.6395
27.6395
27.6396
27.6396
27.6396
27.6396
27.6395
27.6395
27.6394
27.6396
27.6397
27.6398
27.6399
27.6399
27.6399
27.6399
27.6398
27.6397
27.6396
27.6399
27.64
27.6401
27.6401
27.6402
27.6402
27.6401
27.6401
27.64
27.6399
27.6401
27.6403
27.6404
27.6404
27.6405
27.6405
27.6404
27.6404
27.6403
27.6401
27.6404
27.6405
27.6406
27.6407
27.6407
27.6407
27.6407
27.6406
27.6405
27.6404
27.6407
27.6408
27.6409
27.6409
27.641
27.641
27.6409
27.6409
27.6408
27.6407
24.388
24.388
24.388
24.388
24.388
24.388
24.388
24.388
24.388
24.388
24.388
24.388
24.388
24.388
24.388
24.388
24.388
24.388
24.388
24.388
24.388
24.388
24.388
24.388
24.388
24.388
24.388
24.388
24.388
24.388
24.3881
24.3881
24.3881
24.3881
24.3881
24.3881
24.3881
24.3881
24.3881
24.3881
24.3881
24.3882
24.3882
24.3882
24.3882
24.3882
24.3882
24.3882
24.3882
24.3881
24.3882
24.3883
24.3883
24.3883
24.3883
24.3883
24.3883
24.3883
24.3883
24.3882
24.3884
24.3884
24.3884
24.3885
24.3885
24.3885
24.3885
24.3884
24.3884
24.3884
24.3885
24.3885
24.3886
24.3886
24.3886
24.3886
24.3886
24.3886
24.3885
24.3885
24.3886
24.3887
24.3887
24.3888
24.3888
24.3888
24.3888
24.3887
24.3887
24.3886
24.3888
24.3888
24.3889
24.3889
24.3889
24.3889
24.3889
24.3889
24.3888
24.3888
21.1365
21.1365
21.1365
21.1365
21.1365
21.1365
21.1365
21.1365
21.1365
21.1365
21.1365
21.1365
21.1365
21.1365
21.1365
21.1365
21.1365
21.1365
21.1365
21.1365
21.1365
21.1365
21.1365
21.1365
21.1365
21.1365
21.1365
21.1365
21.1365
21.1365
21.1365
21.1365
21.1365
21.1365
21.1365
21.1365
21.1365
21.1365
21.1365
21.1365
21.1365
21.1365
21.1365
21.1365
21.1365
21.1365
21.1365
21.1365
21.1365
21.1365
21.1365
21.1365
21.1365
21.1365
21.1366
21.1366
21.1365
21.1365
21.1365
21.1365
21.1366
21.1366
21.1366
21.1366
21.1366
21.1366
21.1366
21.1366
21.1366
21.1366
21.1366
21.1366
21.1366
21.1367
21.1367
21.1367
21.1367
21.1366
21.1366
21.1366
21.1367
21.1367
21.1367
21.1367
21.1367
21.1367
21.1367
21.1367
21.1367
21.1367
21.1367
21.1367
21.1368
21.1368
21.1368
21.1368
21.1368
21.1368
21.1367
21.1367
17.8848
17.8848
17.8848
17.8848
17.8848
17.8848
17.8848
17.8848
17.8848
17.8848
17.8848
17.8848
17.8848
17.8848
17.8848
17.8848
17.8848
17.8848
17.8848
17.8848
17.8848
17.8848
17.8848
17.8848
17.8848
17.8848
17.8848
17.8848
17.8848
17.8848
17.8848
17.8848
17.8848
17.8848
17.8848
17.8848
17.8848
17.8848
17.8848
17.8848
17.8848
17.8848
17.8848
17.8848
17.8848
17.8848
17.8848
17.8848
17.8848
17.8848
17.8848
17.8848
17.8848
17.8848
17.8848
17.8848
17.8848
17.8848
17.8848
17.8848
17.8848
17.8849
17.8849
17.8849
17.8849
17.8849
17.8849
17.8849
17.8849
17.8848
17.8849
17.8849
17.8849
17.8849
17.8849
17.8849
17.8849
17.8849
17.8849
17.8849
17.8849
17.8849
17.8849
17.8849
17.8849
17.8849
17.8849
17.8849
17.8849
17.8849
17.8849
17.8849
17.8849
17.8849
17.885
17.885
17.8849
17.8849
17.8849
17.8849
14.6331
14.6331
14.6331
14.6331
14.6331
14.6331
14.6331
14.6331
14.6331
14.6331
14.6331
14.6331
14.6331
14.6331
14.6331
14.6331
14.6331
14.6331
14.6331
14.6331
14.6331
14.6331
14.6331
14.6331
14.6331
14.6331
14.6331
14.6331
14.6331
14.6331
14.6331
14.6331
14.6331
14.6331
14.6331
14.6331
14.6331
14.6331
14.6331
14.6331
14.6331
14.6331
14.6331
14.6331
14.6331
14.6331
14.6331
14.6331
14.6331
14.6331
14.6331
14.6331
14.6331
14.6331
14.6331
14.6331
14.6331
14.6331
14.6331
14.6331
14.6331
14.6331
14.6331
14.6331
14.6331
14.6331
14.6331
14.6331
14.6331
14.6331
14.6331
14.6331
14.6331
14.6331
14.6331
14.6331
14.6331
14.6331
14.6331
14.6331
14.6331
14.6331
14.6331
14.6331
14.6331
14.6331
14.6331
14.6331
14.6331
14.6331
14.6331
14.6331
14.6331
14.6331
14.6331
14.6331
14.6331
14.6331
14.6331
14.6331
11.3813
11.3813
11.3813
11.3813
11.3813
11.3813
11.3813
11.3813
11.3813
11.3813
11.3813
11.3813
11.3813
11.3813
11.3813
11.3813
11.3813
11.3813
11.3813
11.3813
11.3813
11.3813
11.3813
11.3813
11.3813
11.3813
11.3813
11.3813
11.3813
11.3813
11.3813
11.3813
11.3813
11.3813
11.3813
11.3813
11.3813
11.3813
11.3813
11.3813
11.3813
11.3813
11.3813
11.3813
11.3813
11.3813
11.3813
11.3813
11.3813
11.3813
11.3813
11.3813
11.3813
11.3813
11.3813
11.3813
11.3813
11.3813
11.3813
11.3813
11.3813
11.3813
11.3813
11.3813
11.3813
11.3813
11.3813
11.3813
11.3813
11.3813
11.3813
11.3813
11.3813
11.3813
11.3813
11.3813
11.3813
11.3813
11.3813
11.3813
11.3813
11.3813
11.3813
11.3813
11.3813
11.3813
11.3813
11.3813
11.3813
11.3813
11.3813
11.3813
11.3813
11.3813
11.3813
11.3813
11.3813
11.3813
11.3813
11.3813
8.1295
8.1295
8.12949
8.12949
8.12949
8.12949
8.12949
8.12949
8.12949
8.12949
8.12949
8.12949
8.12949
8.12949
8.12949
8.12949
8.12949
8.12949
8.12949
8.12949
8.12949
8.12949
8.12949
8.12949
8.12949
8.12949
8.12949
8.12949
8.12949
8.12949
8.12949
8.12949
8.12949
8.12949
8.12949
8.12949
8.12949
8.12949
8.12949
8.12949
8.12949
8.12949
8.12949
8.12949
8.12949
8.12949
8.12949
8.12949
8.12949
8.12949
8.12949
8.12949
8.12949
8.12949
8.12949
8.12949
8.12949
8.12949
8.12949
8.12949
8.12949
8.12949
8.12949
8.12949
8.12949
8.12949
8.12949
8.12949
8.12949
8.12949
8.12949
8.12949
8.12949
8.12949
8.12949
8.12949
8.12949
8.12949
8.12949
8.12949
8.12949
8.12949
8.12949
8.12949
8.12949
8.12949
8.12949
8.12949
8.12949
8.12949
8.12949
8.12949
8.12949
8.12949
8.12949
8.12949
8.12949
8.12949
8.12949
8.12949
4.8777
4.8777
4.8777
4.8777
4.8777
4.8777
4.8777
4.8777
4.8777
4.8777
4.8777
4.8777
4.8777
4.8777
4.8777
4.8777
4.8777
4.8777
4.8777
4.8777
4.8777
4.8777
4.8777
4.8777
4.8777
4.8777
4.8777
4.8777
4.8777
4.8777
4.87769
4.87769
4.87769
4.87769
4.87769
4.87769
4.87769
4.87769
4.87769
4.87769
4.87769
4.87769
4.87769
4.87769
4.87769
4.87769
4.87769
4.87769
4.87769
4.87769
4.87769
4.87769
4.87769
4.87769
4.87769
4.87769
4.87769
4.87769
4.87769
4.87769
4.87769
4.87769
4.87769
4.87769
4.87769
4.87769
4.87769
4.87769
4.87769
4.87769
4.87769
4.87769
4.87769
4.87769
4.87769
4.87769
4.87769
4.87769
4.87769
4.87769
4.87769
4.87769
4.87769
4.87769
4.87769
4.87769
4.87769
4.87769
4.87769
4.87769
4.87769
4.87769
4.87769
4.87769
4.87769
4.87769
4.87769
4.87769
4.87769
4.87769
1.6259
1.6259
1.6259
1.6259
1.6259
1.6259
1.6259
1.6259
1.6259
1.6259
1.6259
1.6259
1.6259
1.6259
1.6259
1.6259
1.6259
1.6259
1.6259
1.6259
1.6259
1.6259
1.6259
1.6259
1.6259
1.6259
1.6259
1.6259
1.6259
1.6259
1.6259
1.6259
1.6259
1.6259
1.6259
1.6259
1.6259
1.6259
1.6259
1.6259
1.6259
1.6259
1.6259
1.6259
1.6259
1.6259
1.6259
1.6259
1.6259
1.6259
1.6259
1.6259
1.6259
1.6259
1.6259
1.6259
1.6259
1.6259
1.6259
1.6259
1.6259
1.6259
1.6259
1.6259
1.6259
1.6259
1.6259
1.6259
1.6259
1.6259
1.6259
1.6259
1.6259
1.6259
1.6259
1.6259
1.6259
1.6259
1.6259
1.6259
1.62589
1.62589
1.62589
1.62589
1.62589
1.62589
1.62589
1.62589
1.62589
1.62589
1.62589
1.62589
1.62589
1.62589
1.62589
1.62589
1.62589
1.62589
1.62589
1.62589
99.1751
98.59
98.2225
97.9539
97.8147
97.8147
97.9539
98.2225
98.59
99.1751
89.9899
89.1356
88.5729
88.1751
87.9702
87.9702
88.1751
88.5729
89.1356
89.9899
82.3638
81.3808
80.7392
80.2922
80.0629
80.0629
80.2922
80.7392
81.3808
82.3638
77.0985
76.0886
75.438
74.9914
74.7625
74.7625
74.9914
75.438
76.0886
77.0985
73.1476
72.1451
71.5025
71.0701
70.8486
70.8486
71.0701
71.5025
72.1451
73.1476
69.9479
68.9727
68.346
67.9347
67.7245
67.7245
67.9347
68.346
68.9727
69.9479
67.309
66.3821
65.7811
65.3972
65.2017
65.2017
65.3972
65.7811
66.3821
67.309
65.1238
64.2687
63.7058
63.3548
63.1768
63.1768
63.3548
63.7058
64.2687
65.1238
63.3118
62.5448
62.0327
61.7193
61.5607
61.5607
61.7193
62.0327
62.5448
63.3118
61.8931
61.1265
60.6737
60.3983
60.2587
60.2587
60.3983
60.6737
61.1264
61.8931
63.0024
63.1761
63.3652
63.4927
63.5587
63.5587
63.4927
63.3652
63.1761
63.0024
63.4273
63.5225
63.6499
63.7317
63.7735
63.7735
63.7317
63.6499
63.5225
63.4273
63.4037
63.4009
63.4538
63.4823
63.4964
63.4964
63.4823
63.4538
63.4009
63.4037
62.9908
62.8972
62.8817
62.8631
62.853
62.853
62.8631
62.8817
62.8972
62.9908
62.3922
62.2242
62.1504
62.0942
62.0646
62.0646
62.0942
62.1504
62.2242
62.3922
61.7178
61.4937
61.3728
61.2883
61.2443
61.2443
61.2883
61.3728
61.4936
61.7177
61.0227
60.7628
60.608
60.5051
60.4518
60.4518
60.5051
60.608
60.7628
61.0226
60.3386
60.067
59.8936
59.7822
59.7246
59.7246
59.7822
59.8936
60.067
60.3386
59.7015
59.4341
59.2543
59.1415
59.0829
59.0829
59.1415
59.2543
59.4341
59.7015
59.215
58.8654
58.6808
58.5673
58.5082
58.5082
58.5673
58.6808
58.8654
59.215
58.3697
58.3552
58.357
58.3535
58.3519
58.3519
58.3535
58.357
58.3552
58.3697
58.7828
58.766
58.7671
58.762
58.7593
58.7593
58.762
58.7671
58.766
58.7828
59.1247
59.0893
59.0789
59.064
59.056
59.056
59.064
59.0789
59.0893
59.1247
59.1779
59.1091
59.0764
59.0454
59.0289
59.0289
59.0454
59.0764
59.1091
59.1779
59.0329
58.9287
58.8716
58.8245
58.7995
58.7995
58.8245
58.8716
58.9287
59.0329
58.7848
58.6499
58.5703
58.5098
58.4779
58.4779
58.5098
58.5703
58.6499
58.7848
58.482
58.3247
58.227
58.157
58.1203
58.1203
58.157
58.227
58.3247
58.482
58.1516
57.9841
57.8749
57.8
57.7608
57.7608
57.8
57.8749
57.9841
58.1516
57.8266
57.6565
57.54
57.4627
57.4224
57.4224
57.4627
57.54
57.6565
57.8266
57.5822
57.3479
57.2209
57.1399
57.0978
57.0978
57.1399
57.2209
57.3479
57.5822
53.6339
53.6537
53.6788
53.6949
53.7034
53.7034
53.6949
53.6788
53.6537
53.6339
53.845
53.8686
53.8977
53.9162
53.9259
53.9259
53.9162
53.8977
53.8686
53.8449
54.0241
54.0455
54.0743
54.0919
54.1011
54.1011
54.0919
54.0743
54.0455
54.0241
54.1103
54.1213
54.1432
54.1554
54.1617
54.1617
54.1554
54.1432
54.1213
54.1103
54.1246
54.1211
54.1326
54.1373
54.1396
54.1396
54.1373
54.1326
54.1211
54.1246
54.0905
54.0721
54.0721
54.069
54.0672
54.0672
54.069
54.0721
54.0721
54.0905
54.0217
53.9905
53.9798
53.9699
53.9646
53.9646
53.9699
53.9798
53.9905
54.0217
53.9281
53.8888
53.8697
53.8548
53.8467
53.8467
53.8548
53.8697
53.8888
53.9281
53.8277
53.7826
53.7553
53.7358
53.7252
53.7252
53.7358
53.7553
53.7826
53.8277
53.7657
53.6768
53.6356
53.6087
53.5944
53.5944
53.6086
53.6356
53.6768
53.7657
50.4008
50.4008
50.4028
50.4029
50.403
50.403
50.4029
50.4028
50.4008
50.4008
50.4995
50.5032
50.5084
50.5106
50.5118
50.5118
50.5106
50.5084
50.5032
50.4995
50.6003
50.6054
50.6123
50.6154
50.6169
50.6169
50.6154
50.6123
50.6054
50.6003
50.6688
50.6718
50.6777
50.6796
50.6805
50.6805
50.6796
50.6777
50.6718
50.6688
50.707
50.7057
50.7087
50.7083
50.708
50.7079
50.7083
50.7087
50.7057
50.707
50.722
50.7153
50.7144
50.7113
50.7095
50.7095
50.7113
50.7144
50.7153
50.722
50.7184
50.7066
50.7017
50.696
50.6928
50.6928
50.696
50.7017
50.7066
50.7184
50.7007
50.6852
50.6769
50.6691
50.6647
50.6647
50.6691
50.6769
50.6852
50.7007
50.6783
50.6593
50.6467
50.6365
50.6309
50.6309
50.6365
50.6467
50.6593
50.6782
50.6725
50.6306
50.6098
50.5955
50.5879
50.5879
50.5955
50.6098
50.6306
50.6725
47.0688
47.0719
47.0756
47.0778
47.0789
47.0789
47.0778
47.0756
47.0719
47.0688
47.1098
47.1147
47.12
47.1232
47.125
47.125
47.1232
47.12
47.1147
47.1098
47.1516
47.1576
47.1641
47.1682
47.1703
47.1703
47.1682
47.1641
47.1576
47.1516
47.1831
47.1889
47.1956
47.1996
47.2017
47.2017
47.1996
47.1956
47.1889
47.1831
47.2044
47.209
47.215
47.2183
47.22
47.22
47.2183
47.215
47.209
47.2044
47.217
47.2196
47.2243
47.2266
47.2277
47.2277
47.2266
47.2243
47.2196
47.217
47.2217
47.2224
47.2254
47.2265
47.227
47.227
47.2265
47.2254
47.2224
47.2217
47.2199
47.2189
47.2204
47.2204
47.2203
47.2203
47.2204
47.2204
47.2189
47.2199
47.2156
47.2128
47.2119
47.2105
47.2095
47.2095
47.2105
47.2119
47.2128
47.2156
47.2195
47.205
47.1991
47.1949
47.1926
47.1926
47.1949
47.1991
47.205
47.2195
43.8624
43.8628
43.8634
43.8635
43.8636
43.8636
43.8635
43.8634
43.8628
43.8624
43.8796
43.8809
43.8822
43.8829
43.8832
43.8832
43.8829
43.8822
43.8809
43.8796
43.8992
43.9012
43.9033
43.9044
43.905
43.905
43.9044
43.9033
43.9012
43.8992
43.9161
43.9185
43.9209
43.9221
43.9228
43.9228
43.9221
43.9209
43.9185
43.9161
43.9298
43.932
43.9345
43.9357
43.9363
43.9363
43.9357
43.9345
43.932
43.9298
43.9404
43.9423
43.9445
43.9455
43.9459
43.9459
43.9455
43.9445
43.9423
43.9404
43.9482
43.9496
43.9514
43.952
43.9523
43.9523
43.952
43.9514
43.9496
43.9482
43.9534
43.9543
43.9557
43.9559
43.956
43.956
43.9559
43.9557
43.9543
43.9534
43.9578
43.958
43.9584
43.958
43.9578
43.9578
43.958
43.9584
43.958
43.9578
43.9657
43.9607
43.9588
43.9572
43.9564
43.9564
43.9572
43.9588
43.9607
43.9657
40.6196
40.6202
40.6208
40.6212
40.6214
40.6214
40.6212
40.6208
40.6202
40.6196
40.6261
40.6271
40.628
40.6286
40.629
40.629
40.6286
40.628
40.6271
40.6261
40.6336
40.6349
40.6362
40.637
40.6375
40.6375
40.637
40.6362
40.6349
40.6336
40.6404
40.642
40.6435
40.6445
40.645
40.645
40.6445
40.6435
40.642
40.6404
40.6464
40.648
40.6497
40.6507
40.6512
40.6512
40.6507
40.6497
40.648
40.6464
40.6514
40.653
40.6547
40.6556
40.6561
40.6561
40.6556
40.6547
40.653
40.6514
40.6554
40.6569
40.6584
40.6592
40.6596
40.6596
40.6592
40.6584
40.6569
40.6554
40.6583
40.6596
40.661
40.6617
40.662
40.662
40.6617
40.661
40.6596
40.6583
40.6609
40.6619
40.6629
40.6632
40.6634
40.6634
40.6632
40.6628
40.6619
40.6609
40.665
40.6637
40.6635
40.6633
40.6632
40.6632
40.6633
40.6635
40.6637
40.665
37.3837
37.3838
37.3839
37.384
37.384
37.384
37.384
37.3839
37.3838
37.3837
37.3861
37.3864
37.3867
37.3868
37.3869
37.3869
37.3868
37.3867
37.3864
37.3861
37.3893
37.3897
37.3901
37.3904
37.3905
37.3905
37.3904
37.3901
37.3897
37.3893
37.3925
37.3931
37.3936
37.394
37.3941
37.3941
37.394
37.3936
37.3931
37.3925
37.3956
37.3963
37.397
37.3974
37.3976
37.3976
37.3974
37.397
37.3963
37.3956
37.3985
37.3993
37.4
37.4004
37.4006
37.4006
37.4004
37.4
37.3993
37.3985
37.4011
37.402
37.4028
37.4032
37.4034
37.4034
37.4032
37.4028
37.402
37.4011
37.4035
37.4044
37.4051
37.4055
37.4057
37.4057
37.4055
37.4051
37.4044
37.4035
37.4059
37.4067
37.4073
37.4075
37.4077
37.4077
37.4075
37.4073
37.4067
37.4059
37.4088
37.4087
37.4089
37.4089
37.4089
37.4089
37.4089
37.4089
37.4087
37.4088
34.1371
34.1372
34.1373
34.1374
34.1374
34.1374
34.1374
34.1373
34.1372
34.1371
34.1379
34.138
34.1382
34.1383
34.1384
34.1384
34.1383
34.1382
34.138
34.1379
34.1389
34.1392
34.1394
34.1395
34.1396
34.1396
34.1395
34.1394
34.1392
34.1389
34.1401
34.1404
34.1407
34.1409
34.141
34.141
34.1409
34.1407
34.1404
34.1401
34.1413
34.1417
34.142
34.1423
34.1424
34.1424
34.1423
34.142
34.1417
34.1413
34.1425
34.143
34.1433
34.1436
34.1437
34.1437
34.1436
34.1433
34.143
34.1425
34.1437
34.1441
34.1446
34.1448
34.145
34.145
34.1448
34.1446
34.1441
34.1437
34.1447
34.1452
34.1457
34.1459
34.146
34.146
34.1459
34.1457
34.1452
34.1447
34.1458
34.1463
34.1466
34.1469
34.147
34.147
34.1469
34.1466
34.1463
34.1458
34.1471
34.1472
34.1474
34.1475
34.1476
34.1476
34.1475
34.1474
34.1472
34.1471
30.8894
30.8894
30.8894
30.8894
30.8894
30.8894
30.8894
30.8894
30.8894
30.8894
30.8896
30.8896
30.8897
30.8897
30.8897
30.8897
30.8897
30.8897
30.8896
30.8896
30.89
30.89
30.8901
30.8901
30.8902
30.8902
30.8901
30.8901
30.89
30.89
30.8904
30.8906
30.8907
30.8907
30.8907
30.8907
30.8907
30.8907
30.8906
30.8904
30.891
30.8912
30.8913
30.8914
30.8914
30.8914
30.8914
30.8913
30.8912
30.891
30.8916
30.8918
30.892
30.8921
30.8921
30.8921
30.8921
30.892
30.8918
30.8916
30.8922
30.8925
30.8927
30.8928
30.8928
30.8928
30.8928
30.8927
30.8925
30.8922
30.8929
30.8931
30.8933
30.8934
30.8935
30.8935
30.8934
30.8933
30.8931
30.8929
30.8935
30.8938
30.894
30.8941
30.8941
30.8941
30.8941
30.894
30.8938
30.8935
30.8942
30.8944
30.8945
30.8946
30.8947
30.8947
30.8946
30.8945
30.8944
30.8942
27.639
27.639
27.639
27.639
27.639
27.639
27.639
27.639
27.639
27.639
27.639
27.639
27.639
27.639
27.639
27.639
27.639
27.639
27.639
27.639
27.6391
27.6391
27.6391
27.6391
27.6392
27.6392
27.6391
27.6391
27.6391
27.6391
27.6392
27.6393
27.6393
27.6393
27.6394
27.6394
27.6393
27.6393
27.6393
27.6392
27.6394
27.6395
27.6395
27.6396
27.6396
27.6396
27.6396
27.6395
27.6395
27.6394
27.6396
27.6397
27.6398
27.6399
27.6399
27.6399
27.6399
27.6398
27.6397
27.6396
27.6399
27.64
27.6401
27.6401
27.6402
27.6402
27.6401
27.6401
27.64
27.6399
27.6401
27.6403
27.6404
27.6404
27.6405
27.6405
27.6404
27.6404
27.6403
27.6401
27.6404
27.6405
27.6406
27.6407
27.6407
27.6407
27.6407
27.6406
27.6405
27.6404
27.6407
27.6408
27.6409
27.6409
27.641
27.641
27.6409
27.6409
27.6408
27.6407
24.388
24.388
24.388
24.388
24.388
24.388
24.388
24.388
24.388
24.388
24.388
24.388
24.388
24.388
24.388
24.388
24.388
24.388
24.388
24.388
24.388
24.388
24.388
24.388
24.388
24.388
24.388
24.388
24.388
24.388
24.3881
24.3881
24.3881
24.3881
24.3881
24.3881
24.3881
24.3881
24.3881
24.3881
24.3881
24.3882
24.3882
24.3882
24.3882
24.3882
24.3882
24.3882
24.3882
24.3881
24.3882
24.3883
24.3883
24.3883
24.3883
24.3883
24.3883
24.3883
24.3883
24.3882
24.3884
24.3884
24.3884
24.3885
24.3885
24.3885
24.3885
24.3884
24.3884
24.3884
24.3885
24.3885
24.3886
24.3886
24.3886
24.3886
24.3886
24.3886
24.3885
24.3885
24.3886
24.3887
24.3887
24.3888
24.3888
24.3888
24.3888
24.3887
24.3887
24.3886
24.3888
24.3888
24.3889
24.3889
24.3889
24.3889
24.3889
24.3889
24.3888
24.3888
21.1365
21.1365
21.1365
21.1365
21.1365
21.1365
21.1365
21.1365
21.1365
21.1365
21.1365
21.1365
21.1365
21.1365
21.1365
21.1365
21.1365
21.1365
21.1365
21.1365
21.1365
21.1365
21.1365
21.1365
21.1365
21.1365
21.1365
21.1365
21.1365
21.1365
21.1365
21.1365
21.1365
21.1365
21.1365
21.1365
21.1365
21.1365
21.1365
21.1365
21.1365
21.1365
21.1365
21.1365
21.1365
21.1365
21.1365
21.1365
21.1365
21.1365
21.1365
21.1365
21.1365
21.1365
21.1366
21.1366
21.1365
21.1365
21.1365
21.1365
21.1366
21.1366
21.1366
21.1366
21.1366
21.1366
21.1366
21.1366
21.1366
21.1366
21.1366
21.1366
21.1366
21.1367
21.1367
21.1367
21.1367
21.1366
21.1366
21.1366
21.1367
21.1367
21.1367
21.1367
21.1367
21.1367
21.1367
21.1367
21.1367
21.1367
21.1367
21.1367
21.1368
21.1368
21.1368
21.1368
21.1368
21.1368
21.1367
21.1367
17.8848
17.8848
17.8848
17.8848
17.8848
17.8848
17.8848
17.8848
17.8848
17.8848
17.8848
17.8848
17.8848
17.8848
17.8848
17.8848
17.8848
17.8848
17.8848
17.8848
17.8848
17.8848
17.8848
17.8848
17.8848
17.8848
17.8848
17.8848
17.8848
17.8848
17.8848
17.8848
17.8848
17.8848
17.8848
17.8848
17.8848
17.8848
17.8848
17.8848
17.8848
17.8848
17.8848
17.8848
17.8848
17.8848
17.8848
17.8848
17.8848
17.8848
17.8848
17.8848
17.8848
17.8848
17.8848
17.8848
17.8848
17.8848
17.8848
17.8848
17.8848
17.8849
17.8849
17.8849
17.8849
17.8849
17.8849
17.8849
17.8849
17.8848
17.8849
17.8849
17.8849
17.8849
17.8849
17.8849
17.8849
17.8849
17.8849
17.8849
17.8849
17.8849
17.8849
17.8849
17.8849
17.8849
17.8849
17.8849
17.8849
17.8849
17.8849
17.8849
17.8849
17.8849
17.885
17.885
17.8849
17.8849
17.8849
17.8849
14.6331
14.6331
14.6331
14.6331
14.6331
14.6331
14.6331
14.6331
14.6331
14.6331
14.6331
14.6331
14.6331
14.6331
14.6331
14.6331
14.6331
14.6331
14.6331
14.6331
14.6331
14.6331
14.6331
14.6331
14.6331
14.6331
14.6331
14.6331
14.6331
14.6331
14.6331
14.6331
14.6331
14.6331
14.6331
14.6331
14.6331
14.6331
14.6331
14.6331
14.6331
14.6331
14.6331
14.6331
14.6331
14.6331
14.6331
14.6331
14.6331
14.6331
14.6331
14.6331
14.6331
14.6331
14.6331
14.6331
14.6331
14.6331
14.6331
14.6331
14.6331
14.6331
14.6331
14.6331
14.6331
14.6331
14.6331
14.6331
14.6331
14.6331
14.6331
14.6331
14.6331
14.6331
14.6331
14.6331
14.6331
14.6331
14.6331
14.6331
14.6331
14.6331
14.6331
14.6331
14.6331
14.6331
14.6331
14.6331
14.6331
14.6331
14.6331
14.6331
14.6331
14.6331
14.6331
14.6331
14.6331
14.6331
14.6331
14.6331
11.3813
11.3813
11.3813
11.3813
11.3813
11.3813
11.3813
11.3813
11.3813
11.3813
11.3813
11.3813
11.3813
11.3813
11.3813
11.3813
11.3813
11.3813
11.3813
11.3813
11.3813
11.3813
11.3813
11.3813
11.3813
11.3813
11.3813
11.3813
11.3813
11.3813
11.3813
11.3813
11.3813
11.3813
11.3813
11.3813
11.3813
11.3813
11.3813
11.3813
11.3813
11.3813
11.3813
11.3813
11.3813
11.3813
11.3813
11.3813
11.3813
11.3813
11.3813
11.3813
11.3813
11.3813
11.3813
11.3813
11.3813
11.3813
11.3813
11.3813
11.3813
11.3813
11.3813
11.3813
11.3813
11.3813
11.3813
11.3813
11.3813
11.3813
11.3813
11.3813
11.3813
11.3813
11.3813
11.3813
11.3813
11.3813
11.3813
11.3813
11.3813
11.3813
11.3813
11.3813
11.3813
11.3813
11.3813
11.3813
11.3813
11.3813
11.3813
11.3813
11.3813
11.3813
11.3813
11.3813
11.3813
11.3813
11.3813
11.3813
8.12949
8.12949
8.12949
8.12949
8.12949
8.12949
8.12949
8.12949
8.1295
8.1295
8.12949
8.12949
8.12949
8.12949
8.12949
8.12949
8.12949
8.12949
8.12949
8.12949
8.12949
8.12949
8.12949
8.12949
8.12949
8.12949
8.12949
8.12949
8.12949
8.12949
8.12949
8.12949
8.12949
8.12949
8.12949
8.12949
8.12949
8.12949
8.12949
8.12949
8.12949
8.12949
8.12949
8.12949
8.12949
8.12949
8.12949
8.12949
8.12949
8.12949
8.12949
8.12949
8.12949
8.12949
8.12949
8.12949
8.12949
8.12949
8.12949
8.12949
8.12949
8.12949
8.12949
8.12949
8.12949
8.12949
8.12949
8.12949
8.12949
8.12949
8.12949
8.12949
8.12949
8.12949
8.12949
8.12949
8.12949
8.12949
8.12949
8.12949
8.12949
8.12949
8.12949
8.12949
8.12949
8.12949
8.12949
8.12949
8.12949
8.12949
8.12949
8.12949
8.12949
8.12949
8.12949
8.12949
8.12949
8.12949
8.12949
8.12949
4.8777
4.8777
4.8777
4.8777
4.8777
4.8777
4.8777
4.8777
4.8777
4.8777
4.8777
4.8777
4.8777
4.8777
4.8777
4.8777
4.8777
4.8777
4.8777
4.8777
4.8777
4.8777
4.8777
4.8777
4.8777
4.8777
4.8777
4.8777
4.8777
4.8777
4.87769
4.87769
4.87769
4.87769
4.87769
4.87769
4.87769
4.87769
4.87769
4.87769
4.87769
4.87769
4.87769
4.87769
4.87769
4.87769
4.87769
4.87769
4.87769
4.87769
4.87769
4.87769
4.87769
4.87769
4.87769
4.87769
4.87769
4.87769
4.87769
4.87769
4.87769
4.87769
4.87769
4.87769
4.87769
4.87769
4.87769
4.87769
4.87769
4.87769
4.87769
4.87769
4.87769
4.87769
4.87769
4.87769
4.87769
4.87769
4.87769
4.87769
4.87769
4.87769
4.87769
4.87769
4.87769
4.87769
4.87769
4.87769
4.87769
4.87769
4.87769
4.87769
4.87769
4.87769
4.87769
4.87769
4.87769
4.87769
4.87769
4.87769
1.6259
1.6259
1.6259
1.6259
1.6259
1.6259
1.6259
1.6259
1.6259
1.6259
1.6259
1.6259
1.6259
1.6259
1.6259
1.6259
1.6259
1.6259
1.6259
1.6259
1.6259
1.6259
1.6259
1.6259
1.6259
1.6259
1.6259
1.6259
1.6259
1.6259
1.6259
1.6259
1.6259
1.6259
1.6259
1.6259
1.6259
1.6259
1.6259
1.6259
1.6259
1.6259
1.6259
1.6259
1.6259
1.6259
1.6259
1.6259
1.6259
1.6259
1.6259
1.6259
1.6259
1.6259
1.6259
1.6259
1.6259
1.6259
1.6259
1.6259
1.6259
1.6259
1.6259
1.6259
1.6259
1.6259
1.6259
1.6259
1.6259
1.6259
1.6259
1.6259
1.6259
1.6259
1.6259
1.6259
1.6259
1.6259
1.6259
1.6259
1.62589
1.62589
1.62589
1.62589
1.62589
1.62589
1.62589
1.62589
1.62589
1.62589
1.62589
1.62589
1.62589
1.62589
1.62589
1.62589
1.62589
1.62589
1.62589
1.62589
99.1751
98.59
98.2225
97.9539
97.8147
97.8147
97.9539
98.2225
98.59
99.1751
89.9899
89.1356
88.5729
88.1751
87.9702
87.9702
88.1751
88.5729
89.1356
89.9898
82.3638
81.3808
80.7392
80.2922
80.0629
80.0629
80.2922
80.7392
81.3808
82.3638
77.0985
76.0886
75.438
74.9913
74.7625
74.7625
74.9913
75.4379
76.0886
77.0985
73.1476
72.1451
71.5025
71.0701
70.8486
70.8486
71.07
71.5025
72.1451
73.1476
69.9479
68.9727
68.346
67.9347
67.7245
67.7245
67.9347
68.346
68.9727
69.9479
67.309
66.3821
65.7811
65.3971
65.2017
65.2017
65.3971
65.7811
66.3821
67.309
65.1238
64.2687
63.7058
63.3548
63.1768
63.1768
63.3548
63.7058
64.2687
65.1238
63.3118
62.5448
62.0327
61.7193
61.5607
61.5607
61.7193
62.0327
62.5448
63.3118
61.8931
61.1264
60.6737
60.3983
60.2587
60.2587
60.3983
60.6737
61.1264
61.8931
63.0024
63.1761
63.3652
63.4927
63.5587
63.5587
63.4927
63.3652
63.1761
63.0024
63.4273
63.5225
63.6499
63.7317
63.7735
63.7735
63.7317
63.6499
63.5225
63.4273
63.4037
63.4009
63.4538
63.4823
63.4964
63.4964
63.4823
63.4538
63.4009
63.4037
62.9908
62.8972
62.8817
62.8631
62.853
62.853
62.8631
62.8817
62.8972
62.9908
62.3922
62.2242
62.1504
62.0942
62.0645
62.0645
62.0942
62.1504
62.2242
62.3922
61.7177
61.4936
61.3728
61.2883
61.2443
61.2443
61.2883
61.3728
61.4936
61.7177
61.0226
60.7628
60.608
60.5051
60.4518
60.4518
60.5051
60.608
60.7628
61.0226
60.3386
60.067
59.8936
59.7822
59.7246
59.7246
59.7822
59.8936
60.067
60.3386
59.7015
59.4341
59.2543
59.1415
59.0829
59.0829
59.1415
59.2543
59.4341
59.7015
59.215
58.8654
58.6808
58.5673
58.5082
58.5082
58.5673
58.6808
58.8654
59.215
58.3697
58.3552
58.357
58.3535
58.3519
58.3519
58.3535
58.357
58.3552
58.3697
58.7828
58.766
58.7671
58.762
58.7593
58.7593
58.762
58.7671
58.766
58.7828
59.1247
59.0893
59.0789
59.064
59.0559
59.0559
59.064
59.0789
59.0893
59.1247
59.1779
59.1091
59.0764
59.0454
59.0289
59.0289
59.0454
59.0764
59.1091
59.1778
59.0329
58.9287
58.8716
58.8245
58.7995
58.7995
58.8245
58.8716
58.9287
59.0329
58.7848
58.6499
58.5703
58.5098
58.4779
58.4779
58.5098
58.5703
58.6499
58.7848
58.482
58.3247
58.2269
58.157
58.1203
58.1203
58.157
58.2269
58.3247
58.482
58.1516
57.9841
57.8749
57.8
57.7608
57.7608
57.8
57.8749
57.9841
58.1516
57.8266
57.6565
57.54
57.4627
57.4224
57.4224
57.4627
57.54
57.6565
57.8266
57.5822
57.3479
57.2209
57.1399
57.0978
57.0978
57.1399
57.2209
57.3479
57.5822
53.6339
53.6537
53.6788
53.6949
53.7034
53.7034
53.6949
53.6788
53.6537
53.6339
53.8449
53.8686
53.8977
53.9162
53.9259
53.9259
53.9162
53.8977
53.8686
53.8449
54.0241
54.0455
54.0743
54.0919
54.1011
54.1011
54.0919
54.0743
54.0455
54.0241
54.1103
54.1213
54.1432
54.1553
54.1617
54.1617
54.1553
54.1432
54.1213
54.1103
54.1246
54.1211
54.1326
54.1373
54.1396
54.1396
54.1373
54.1326
54.1211
54.1246
54.0905
54.0721
54.0721
54.069
54.0672
54.0672
54.069
54.0721
54.0721
54.0905
54.0217
53.9905
53.9798
53.9699
53.9646
53.9646
53.9699
53.9798
53.9905
54.0217
53.9281
53.8888
53.8697
53.8548
53.8467
53.8467
53.8548
53.8697
53.8888
53.9281
53.8277
53.7826
53.7553
53.7358
53.7252
53.7252
53.7358
53.7553
53.7826
53.8277
53.7657
53.6767
53.6356
53.6086
53.5944
53.5944
53.6086
53.6356
53.6767
53.7657
50.4008
50.4008
50.4028
50.4029
50.403
50.403
50.4029
50.4028
50.4008
50.4008
50.4995
50.5032
50.5084
50.5106
50.5118
50.5118
50.5106
50.5084
50.5032
50.4995
50.6003
50.6054
50.6123
50.6154
50.6169
50.6169
50.6154
50.6123
50.6054
50.6003
50.6688
50.6718
50.6777
50.6796
50.6805
50.6805
50.6796
50.6777
50.6718
50.6688
50.707
50.7057
50.7087
50.7083
50.7079
50.7079
50.7083
50.7087
50.7057
50.707
50.722
50.7153
50.7144
50.7113
50.7095
50.7095
50.7113
50.7144
50.7153
50.722
50.7184
50.7066
50.7017
50.696
50.6928
50.6928
50.696
50.7017
50.7066
50.7184
50.7007
50.6852
50.6769
50.6691
50.6647
50.6647
50.6691
50.6769
50.6852
50.7007
50.6783
50.6593
50.6467
50.6365
50.6309
50.6309
50.6365
50.6467
50.6593
50.6782
50.6725
50.6306
50.6098
50.5955
50.5879
50.5879
50.5955
50.6098
50.6306
50.6725
47.0688
47.0719
47.0756
47.0778
47.0789
47.0789
47.0778
47.0756
47.0719
47.0688
47.1098
47.1147
47.12
47.1232
47.125
47.125
47.1232
47.12
47.1147
47.1098
47.1516
47.1576
47.1641
47.1682
47.1703
47.1703
47.1682
47.1641
47.1576
47.1516
47.1831
47.1889
47.1956
47.1996
47.2017
47.2017
47.1996
47.1956
47.1889
47.1831
47.2044
47.209
47.215
47.2183
47.22
47.22
47.2183
47.215
47.209
47.2044
47.217
47.2196
47.2243
47.2266
47.2277
47.2277
47.2266
47.2243
47.2196
47.217
47.2217
47.2224
47.2254
47.2265
47.227
47.227
47.2265
47.2254
47.2224
47.2217
47.2199
47.2189
47.2204
47.2204
47.2203
47.2203
47.2204
47.2204
47.2189
47.2199
47.2156
47.2128
47.2119
47.2105
47.2095
47.2095
47.2105
47.2119
47.2128
47.2156
47.2195
47.205
47.1991
47.1949
47.1926
47.1926
47.1949
47.1991
47.205
47.2195
43.8624
43.8628
43.8634
43.8635
43.8636
43.8636
43.8635
43.8634
43.8628
43.8624
43.8796
43.8809
43.8822
43.8829
43.8832
43.8832
43.8829
43.8822
43.8809
43.8796
43.8992
43.9012
43.9033
43.9044
43.905
43.905
43.9044
43.9033
43.9012
43.8992
43.9161
43.9185
43.9209
43.9221
43.9228
43.9228
43.9221
43.9209
43.9185
43.9161
43.9298
43.932
43.9345
43.9357
43.9363
43.9363
43.9357
43.9345
43.932
43.9298
43.9404
43.9423
43.9445
43.9455
43.9459
43.9459
43.9455
43.9445
43.9423
43.9404
43.9482
43.9496
43.9514
43.952
43.9523
43.9523
43.952
43.9514
43.9496
43.9482
43.9534
43.9543
43.9557
43.9559
43.956
43.956
43.9559
43.9557
43.9543
43.9534
43.9578
43.958
43.9584
43.958
43.9578
43.9578
43.958
43.9584
43.958
43.9578
43.9657
43.9607
43.9588
43.9572
43.9564
43.9564
43.9572
43.9588
43.9607
43.9657
40.6196
40.6202
40.6208
40.6212
40.6214
40.6214
40.6212
40.6208
40.6202
40.6196
40.6261
40.6271
40.628
40.6286
40.6289
40.6289
40.6286
40.628
40.6271
40.6261
40.6336
40.6349
40.6362
40.637
40.6375
40.6375
40.637
40.6362
40.6349
40.6336
40.6404
40.642
40.6435
40.6445
40.645
40.645
40.6445
40.6435
40.642
40.6404
40.6464
40.648
40.6497
40.6507
40.6512
40.6512
40.6507
40.6497
40.648
40.6464
40.6514
40.653
40.6547
40.6556
40.6561
40.6561
40.6556
40.6547
40.653
40.6514
40.6554
40.6569
40.6584
40.6592
40.6596
40.6596
40.6592
40.6584
40.6569
40.6554
40.6583
40.6596
40.661
40.6617
40.662
40.662
40.6617
40.661
40.6596
40.6583
40.6609
40.6619
40.6628
40.6632
40.6634
40.6634
40.6632
40.6628
40.6619
40.6609
40.665
40.6637
40.6635
40.6633
40.6632
40.6632
40.6633
40.6635
40.6637
40.665
37.3837
37.3838
37.3839
37.384
37.384
37.384
37.384
37.3839
37.3838
37.3837
37.3861
37.3864
37.3867
37.3868
37.3869
37.3869
37.3868
37.3867
37.3864
37.3861
37.3893
37.3897
37.3901
37.3904
37.3905
37.3905
37.3904
37.3901
37.3897
37.3893
37.3925
37.3931
37.3936
37.394
37.3941
37.3941
37.394
37.3936
37.3931
37.3925
37.3956
37.3963
37.397
37.3974
37.3975
37.3975
37.3974
37.397
37.3963
37.3956
37.3985
37.3993
37.4
37.4004
37.4006
37.4006
37.4004
37.4
37.3993
37.3985
37.4011
37.402
37.4027
37.4032
37.4034
37.4034
37.4032
37.4027
37.402
37.4011
37.4035
37.4044
37.4051
37.4055
37.4057
37.4057
37.4055
37.4051
37.4044
37.4035
37.4059
37.4067
37.4073
37.4075
37.4077
37.4077
37.4075
37.4073
37.4067
37.4059
37.4088
37.4087
37.4089
37.4089
37.4089
37.4089
37.4089
37.4089
37.4087
37.4088
34.1371
34.1372
34.1373
34.1374
34.1374
34.1374
34.1374
34.1373
34.1372
34.1371
34.1379
34.138
34.1382
34.1383
34.1384
34.1384
34.1383
34.1382
34.138
34.1379
34.1389
34.1392
34.1394
34.1395
34.1396
34.1396
34.1395
34.1394
34.1392
34.1389
34.1401
34.1404
34.1407
34.1409
34.141
34.141
34.1409
34.1407
34.1404
34.1401
34.1413
34.1417
34.142
34.1423
34.1424
34.1424
34.1423
34.142
34.1417
34.1413
34.1425
34.143
34.1433
34.1436
34.1437
34.1437
34.1436
34.1433
34.143
34.1425
34.1437
34.1441
34.1446
34.1448
34.145
34.145
34.1448
34.1446
34.1441
34.1437
34.1447
34.1452
34.1457
34.1459
34.146
34.146
34.1459
34.1457
34.1452
34.1447
34.1458
34.1463
34.1466
34.1469
34.147
34.147
34.1469
34.1466
34.1463
34.1458
34.1471
34.1472
34.1474
34.1475
34.1476
34.1476
34.1475
34.1474
34.1472
34.1471
30.8894
30.8894
30.8894
30.8894
30.8894
30.8894
30.8894
30.8894
30.8894
30.8894
30.8896
30.8896
30.8897
30.8897
30.8897
30.8897
30.8897
30.8897
30.8896
30.8896
30.89
30.89
30.8901
30.8901
30.8902
30.8902
30.8901
30.8901
30.89
30.89
30.8904
30.8906
30.8907
30.8907
30.8907
30.8907
30.8907
30.8907
30.8906
30.8904
30.891
30.8912
30.8913
30.8914
30.8914
30.8914
30.8914
30.8913
30.8912
30.891
30.8916
30.8918
30.892
30.8921
30.8921
30.8921
30.8921
30.892
30.8918
30.8916
30.8922
30.8925
30.8927
30.8928
30.8928
30.8928
30.8928
30.8927
30.8925
30.8922
30.8929
30.8931
30.8933
30.8934
30.8935
30.8935
30.8934
30.8933
30.8931
30.8929
30.8935
30.8938
30.894
30.8941
30.8941
30.8941
30.8941
30.894
30.8938
30.8935
30.8942
30.8944
30.8945
30.8946
30.8947
30.8947
30.8946
30.8945
30.8944
30.8942
27.639
27.639
27.639
27.639
27.639
27.639
27.639
27.639
27.639
27.639
27.639
27.639
27.639
27.639
27.639
27.639
27.639
27.639
27.639
27.639
27.6391
27.6391
27.6391
27.6391
27.6392
27.6392
27.6391
27.6391
27.6391
27.6391
27.6392
27.6393
27.6393
27.6393
27.6394
27.6394
27.6393
27.6393
27.6393
27.6392
27.6394
27.6395
27.6395
27.6396
27.6396
27.6396
27.6396
27.6395
27.6395
27.6394
27.6396
27.6397
27.6398
27.6399
27.6399
27.6399
27.6399
27.6398
27.6397
27.6396
27.6399
27.64
27.6401
27.6401
27.6402
27.6402
27.6401
27.6401
27.64
27.6399
27.6401
27.6403
27.6404
27.6404
27.6405
27.6405
27.6404
27.6404
27.6403
27.6401
27.6404
27.6405
27.6406
27.6407
27.6407
27.6407
27.6407
27.6406
27.6405
27.6404
27.6407
27.6408
27.6409
27.6409
27.641
27.641
27.6409
27.6409
27.6408
27.6407
24.388
24.388
24.388
24.388
24.388
24.388
24.388
24.388
24.388
24.388
24.388
24.388
24.388
24.388
24.388
24.388
24.388
24.388
24.388
24.388
24.388
24.388
24.388
24.388
24.388
24.388
24.388
24.388
24.388
24.388
24.3881
24.3881
24.3881
24.3881
24.3881
24.3881
24.3881
24.3881
24.3881
24.3881
24.3881
24.3882
24.3882
24.3882
24.3882
24.3882
24.3882
24.3882
24.3882
24.3881
24.3882
24.3883
24.3883
24.3883
24.3883
24.3883
24.3883
24.3883
24.3883
24.3882
24.3884
24.3884
24.3884
24.3885
24.3885
24.3885
24.3885
24.3884
24.3884
24.3884
24.3885
24.3885
24.3886
24.3886
24.3886
24.3886
24.3886
24.3886
24.3885
24.3885
24.3886
24.3887
24.3887
24.3888
24.3888
24.3888
24.3888
24.3887
24.3887
24.3886
24.3888
24.3888
24.3889
24.3889
24.3889
24.3889
24.3889
24.3889
24.3888
24.3888
21.1365
21.1365
21.1365
21.1365
21.1365
21.1365
21.1365
21.1365
21.1365
21.1365
21.1365
21.1365
21.1365
21.1365
21.1365
21.1365
21.1365
21.1365
21.1365
21.1365
21.1365
21.1365
21.1365
21.1365
21.1365
21.1365
21.1365
21.1365
21.1365
21.1365
21.1365
21.1365
21.1365
21.1365
21.1365
21.1365
21.1365
21.1365
21.1365
21.1365
21.1365
21.1365
21.1365
21.1365
21.1365
21.1365
21.1365
21.1365
21.1365
21.1365
21.1365
21.1365
21.1365
21.1365
21.1366
21.1366
21.1365
21.1365
21.1365
21.1365
21.1366
21.1366
21.1366
21.1366
21.1366
21.1366
21.1366
21.1366
21.1366
21.1366
21.1366
21.1366
21.1366
21.1367
21.1367
21.1367
21.1367
21.1366
21.1366
21.1366
21.1367
21.1367
21.1367
21.1367
21.1367
21.1367
21.1367
21.1367
21.1367
21.1367
21.1367
21.1367
21.1368
21.1368
21.1368
21.1368
21.1368
21.1368
21.1367
21.1367
17.8848
17.8848
17.8848
17.8848
17.8848
17.8848
17.8848
17.8848
17.8848
17.8848
17.8848
17.8848
17.8848
17.8848
17.8848
17.8848
17.8848
17.8848
17.8848
17.8848
17.8848
17.8848
17.8848
17.8848
17.8848
17.8848
17.8848
17.8848
17.8848
17.8848
17.8848
17.8848
17.8848
17.8848
17.8848
17.8848
17.8848
17.8848
17.8848
17.8848
17.8848
17.8848
17.8848
17.8848
17.8848
17.8848
17.8848
17.8848
17.8848
17.8848
17.8848
17.8848
17.8848
17.8848
17.8848
17.8848
17.8848
17.8848
17.8848
17.8848
17.8848
17.8849
17.8849
17.8849
17.8849
17.8849
17.8849
17.8849
17.8849
17.8848
17.8849
17.8849
17.8849
17.8849
17.8849
17.8849
17.8849
17.8849
17.8849
17.8849
17.8849
17.8849
17.8849
17.8849
17.8849
17.8849
17.8849
17.8849
17.8849
17.8849
17.8849
17.8849
17.8849
17.8849
17.885
17.885
17.8849
17.8849
17.8849
17.8849
14.6331
14.6331
14.6331
14.6331
14.6331
14.6331
14.6331
14.6331
14.6331
14.6331
14.6331
14.6331
14.6331
14.6331
14.6331
14.6331
14.6331
14.6331
14.6331
14.6331
14.6331
14.6331
14.6331
14.6331
14.6331
14.6331
14.6331
14.6331
14.6331
14.6331
14.6331
14.6331
14.6331
14.6331
14.6331
14.6331
14.6331
14.6331
14.6331
14.6331
14.6331
14.6331
14.6331
14.6331
14.6331
14.6331
14.6331
14.6331
14.6331
14.6331
14.6331
14.6331
14.6331
14.6331
14.6331
14.6331
14.6331
14.6331
14.6331
14.6331
14.6331
14.6331
14.6331
14.6331
14.6331
14.6331
14.6331
14.6331
14.6331
14.6331
14.6331
14.6331
14.6331
14.6331
14.6331
14.6331
14.6331
14.6331
14.6331
14.6331
14.6331
14.6331
14.6331
14.6331
14.6331
14.6331
14.6331
14.6331
14.6331
14.6331
14.6331
14.6331
14.6331
14.6331
14.6331
14.6331
14.6331
14.6331
14.6331
14.6331
11.3813
11.3813
11.3813
11.3813
11.3813
11.3813
11.3813
11.3813
11.3813
11.3813
11.3813
11.3813
11.3813
11.3813
11.3813
11.3813
11.3813
11.3813
11.3813
11.3813
11.3813
11.3813
11.3813
11.3813
11.3813
11.3813
11.3813
11.3813
11.3813
11.3813
11.3813
11.3813
11.3813
11.3813
11.3813
11.3813
11.3813
11.3813
11.3813
11.3813
11.3813
11.3813
11.3813
11.3813
11.3813
11.3813
11.3813
11.3813
11.3813
11.3813
11.3813
11.3813
11.3813
11.3813
11.3813
11.3813
11.3813
11.3813
11.3813
11.3813
11.3813
11.3813
11.3813
11.3813
11.3813
11.3813
11.3813
11.3813
11.3813
11.3813
11.3813
11.3813
11.3813
11.3813
11.3813
11.3813
11.3813
11.3813
11.3813
11.3813
11.3813
11.3813
11.3813
11.3813
11.3813
11.3813
11.3813
11.3813
11.3813
11.3813
11.3813
11.3813
11.3813
11.3813
11.3813
11.3813
11.3813
11.3813
11.3813
11.3813
8.1295
8.1295
8.12949
8.12949
8.12949
8.12949
8.1295
8.1295
8.1295
8.1295
8.12949
8.12949
8.12949
8.12949
8.12949
8.12949
8.12949
8.12949
8.12949
8.12949
8.12949
8.12949
8.12949
8.12949
8.12949
8.12949
8.12949
8.12949
8.12949
8.12949
8.12949
8.12949
8.12949
8.12949
8.12949
8.12949
8.12949
8.12949
8.12949
8.12949
8.12949
8.12949
8.12949
8.12949
8.12949
8.12949
8.12949
8.12949
8.12949
8.12949
8.12949
8.12949
8.12949
8.12949
8.12949
8.12949
8.12949
8.12949
8.12949
8.12949
8.12949
8.12949
8.12949
8.12949
8.12949
8.12949
8.12949
8.12949
8.12949
8.12949
8.12949
8.12949
8.12949
8.12949
8.12949
8.12949
8.12949
8.12949
8.12949
8.12949
8.12949
8.12949
8.12949
8.12949
8.12949
8.12949
8.12949
8.12949
8.12949
8.12949
8.12949
8.12949
8.12949
8.12949
8.12949
8.12949
8.12949
8.12949
8.12949
8.12949
4.8777
4.8777
4.8777
4.8777
4.8777
4.8777
4.8777
4.8777
4.8777
4.8777
4.8777
4.8777
4.8777
4.8777
4.8777
4.8777
4.8777
4.8777
4.8777
4.8777
4.8777
4.8777
4.8777
4.8777
4.8777
4.8777
4.8777
4.8777
4.8777
4.8777
4.87769
4.87769
4.87769
4.87769
4.87769
4.87769
4.87769
4.87769
4.8777
4.8777
4.87769
4.87769
4.87769
4.87769
4.87769
4.87769
4.87769
4.87769
4.87769
4.87769
4.87769
4.87769
4.87769
4.87769
4.87769
4.87769
4.87769
4.87769
4.87769
4.87769
4.87769
4.87769
4.87769
4.87769
4.87769
4.87769
4.87769
4.87769
4.87769
4.87769
4.87769
4.87769
4.87769
4.87769
4.87769
4.87769
4.87769
4.87769
4.87769
4.87769
4.87769
4.87769
4.87769
4.87769
4.87769
4.87769
4.87769
4.87769
4.87769
4.87769
4.87769
4.87769
4.87769
4.87769
4.87769
4.87769
4.87769
4.87769
4.87769
4.87769
1.6259
1.6259
1.6259
1.6259
1.6259
1.6259
1.6259
1.6259
1.6259
1.6259
1.6259
1.6259
1.6259
1.6259
1.6259
1.6259
1.6259
1.6259
1.6259
1.6259
1.6259
1.6259
1.6259
1.6259
1.6259
1.6259
1.6259
1.6259
1.6259
1.6259
1.6259
1.6259
1.6259
1.6259
1.6259
1.6259
1.6259
1.6259
1.6259
1.6259
1.6259
1.6259
1.6259
1.6259
1.6259
1.6259
1.6259
1.6259
1.6259
1.6259
1.6259
1.6259
1.6259
1.6259
1.6259
1.6259
1.6259
1.6259
1.6259
1.6259
1.6259
1.6259
1.6259
1.6259
1.6259
1.6259
1.6259
1.6259
1.6259
1.6259
1.6259
1.6259
1.6259
1.6259
1.6259
1.6259
1.6259
1.6259
1.6259
1.6259
1.62589
1.62589
1.62589
1.62589
1.62589
1.62589
1.62589
1.62589
1.62589
1.62589
1.62589
1.62589
1.62589
1.62589
1.62589
1.62589
1.62589
1.62589
1.62589
1.62589
60.8773
60.1869
59.7492
59.4704
59.3322
59.3322
59.4704
59.7492
60.1869
60.8773
60.1869
59.5969
59.1519
58.8549
58.7076
58.7076
58.8549
59.1519
59.5969
60.1869
59.7492
59.1519
58.6877
58.3782
58.2255
58.2255
58.3782
58.6877
59.1519
59.7492
59.4704
58.8549
58.3782
58.0627
57.9075
57.9075
58.0628
58.3782
58.8549
59.4704
59.3322
58.7076
58.2255
57.9075
57.7511
57.7511
57.9075
58.2255
58.7076
59.3322
59.3322
58.7076
58.2255
57.9075
57.7511
57.7511
57.9075
58.2255
58.7076
59.3322
59.4704
58.8549
58.3782
58.0628
57.9075
57.9075
58.0628
58.3782
58.8549
59.4704
59.7492
59.1519
58.6877
58.3782
58.2255
58.2255
58.3782
58.6877
59.1519
59.7492
60.1869
59.5969
59.1519
58.8549
58.7076
58.7076
58.8549
59.1519
59.5969
60.1869
60.8773
60.1869
59.7492
59.4704
59.3322
59.3322
59.4704
59.7492
60.1869
60.8773
58.6945
58.4159
58.2498
58.1403
58.0847
58.0847
58.1403
58.2498
58.4159
58.6945
58.4159
58.1948
58.0068
57.8758
57.8102
57.8102
57.8758
58.0068
58.1948
58.4159
58.2498
58.0068
57.7955
57.6505
57.5789
57.5789
57.6505
57.7955
58.0069
58.2498
58.1403
57.8758
57.6505
57.4982
57.4232
57.4232
57.4982
57.6505
57.8758
58.1403
58.0847
57.8102
57.5789
57.4232
57.3467
57.3467
57.4232
57.5789
57.8102
58.0847
58.0847
57.8102
57.5789
57.4232
57.3467
57.3467
57.4232
57.5789
57.8102
58.0847
58.1403
57.8758
57.6505
57.4982
57.4232
57.4232
57.4982
57.6505
57.8758
58.1403
58.2498
58.0068
57.7955
57.6505
57.5789
57.5789
57.6505
57.7955
58.0069
58.2498
58.4159
58.1948
58.0069
57.8758
57.8102
57.8102
57.8758
58.0069
58.1949
58.4159
58.6945
58.4159
58.2498
58.1403
58.0847
58.0847
58.1403
58.2498
58.4159
58.6945
57.1931
57.0407
56.9466
56.8811
56.8474
56.8474
56.8811
56.9466
57.0408
57.1931
57.0407
56.9194
56.8051
56.7223
56.6806
56.6806
56.7223
56.8051
56.9194
57.0408
56.9466
56.8051
56.6718
56.5783
56.532
56.532
56.5783
56.6718
56.8051
56.9466
56.8811
56.7223
56.5783
56.4796
56.4308
56.4308
56.4796
56.5783
56.7223
56.8811
56.8474
56.6806
56.532
56.4308
56.3809
56.3809
56.4308
56.532
56.6806
56.8474
56.8474
56.6806
56.532
56.4308
56.3809
56.3809
56.4308
56.532
56.6806
56.8474
56.8811
56.7223
56.5783
56.4796
56.4308
56.4308
56.4796
56.5783
56.7223
56.8811
56.9466
56.8051
56.6718
56.5783
56.532
56.532
56.5783
56.6718
56.8051
56.9466
57.0408
56.9194
56.8051
56.7223
56.6806
56.6806
56.7223
56.8051
56.9194
57.0408
57.1931
57.0408
56.9466
56.8811
56.8474
56.8474
56.8811
56.9466
57.0408
57.1931
53.5694
53.5341
53.5144
53.4984
53.4899
53.4899
53.4984
53.5144
53.5341
53.5694
53.5341
53.508
53.4728
53.445
53.4309
53.4309
53.445
53.4728
53.508
53.5341
53.5144
53.4728
53.4255
53.3911
53.3742
53.3742
53.3911
53.4255
53.4728
53.5144
53.4984
53.445
53.3911
53.3536
53.3352
53.3352
53.3536
53.3911
53.445
53.4984
53.4899
53.4309
53.3742
53.3352
53.316
53.316
53.3352
53.3742
53.4309
53.4899
53.4899
53.4309
53.3742
53.3352
53.316
53.316
53.3352
53.3742
53.4309
53.4899
53.4984
53.445
53.3911
53.3536
53.3352
53.3352
53.3536
53.3911
53.445
53.4984
53.5144
53.4728
53.4255
53.3911
53.3742
53.3742
53.3911
53.4255
53.4728
53.5144
53.5341
53.508
53.4728
53.445
53.4309
53.4309
53.445
53.4728
53.5081
53.5341
53.5694
53.5341
53.5144
53.4984
53.4899
53.4899
53.4984
53.5144
53.5341
53.5694
50.5703
50.5631
50.5587
50.5537
50.5508
50.5508
50.5537
50.5587
50.5631
50.5703
50.5631
50.5593
50.5467
50.5356
50.5299
50.5299
50.5356
50.5467
50.5593
50.5631
50.5587
50.5467
50.5279
50.5135
50.5064
50.5064
50.5135
50.5279
50.5467
50.5587
50.5537
50.5356
50.5135
50.4976
50.4897
50.4897
50.4976
50.5135
50.5356
50.5537
50.5508
50.5299
50.5064
50.4897
50.4815
50.4815
50.4897
50.5064
50.5299
50.5508
50.5508
50.5299
50.5064
50.4897
50.4815
50.4815
50.4897
50.5064
50.5299
50.5508
50.5537
50.5356
50.5135
50.4976
50.4897
50.4897
50.4976
50.5135
50.5356
50.5537
50.5587
50.5467
50.5279
50.5135
50.5064
50.5064
50.5135
50.5279
50.5467
50.5587
50.5631
50.5593
50.5467
50.5356
50.5299
50.5299
50.5356
50.5467
50.5593
50.5631
50.5703
50.5631
50.5587
50.5537
50.5508
50.5508
50.5537
50.5587
50.5631
50.5703
47.1709
47.1741
47.1765
47.177
47.1771
47.1771
47.177
47.1765
47.1741
47.1709
47.1741
47.1775
47.1752
47.1724
47.171
47.171
47.1724
47.1752
47.1775
47.1741
47.1765
47.1752
47.1697
47.1652
47.1631
47.1631
47.1652
47.1697
47.1752
47.1765
47.177
47.1724
47.1652
47.16
47.1575
47.1575
47.16
47.1652
47.1724
47.177
47.1771
47.171
47.1631
47.1575
47.1548
47.1548
47.1575
47.1631
47.171
47.1771
47.1771
47.171
47.1631
47.1575
47.1548
47.1548
47.1575
47.1631
47.171
47.1771
47.177
47.1724
47.1652
47.16
47.1575
47.1575
47.16
47.1652
47.1724
47.177
47.1765
47.1752
47.1697
47.1652
47.1631
47.1631
47.1652
47.1697
47.1752
47.1765
47.1741
47.1775
47.1752
47.1724
47.171
47.171
47.1724
47.1752
47.1775
47.1741
47.1709
47.1741
47.1765
47.177
47.1771
47.1771
47.177
47.1765
47.1741
47.1709
43.9456
43.9497
43.9524
43.9536
43.9541
43.9541
43.9536
43.9524
43.9497
43.9456
43.9497
43.9538
43.9546
43.9544
43.9544
43.9544
43.9544
43.9546
43.9538
43.9497
43.9524
43.9546
43.954
43.9532
43.9528
43.9528
43.9532
43.954
43.9546
43.9524
43.9536
43.9544
43.9532
43.9522
43.9517
43.9517
43.9522
43.9532
43.9544
43.9536
43.9541
43.9544
43.9528
43.9517
43.9511
43.9511
43.9517
43.9528
43.9544
43.9541
43.9541
43.9544
43.9528
43.9517
43.9511
43.9511
43.9517
43.9528
43.9544
43.9541
43.9536
43.9544
43.9532
43.9522
43.9517
43.9517
43.9522
43.9532
43.9544
43.9536
43.9524
43.9546
43.954
43.9532
43.9528
43.9528
43.9532
43.954
43.9546
43.9524
43.9497
43.9538
43.9546
43.9544
43.9544
43.9544
43.9544
43.9546
43.9538
43.9497
43.9456
43.9497
43.9524
43.9536
43.9541
43.9541
43.9536
43.9524
43.9497
43.9456
40.6565
40.6591
40.6609
40.6619
40.6624
40.6624
40.6619
40.6609
40.6591
40.6565
40.6591
40.6616
40.6625
40.6628
40.6629
40.6629
40.6628
40.6625
40.6616
40.6591
40.6609
40.6625
40.6627
40.6628
40.6628
40.6628
40.6628
40.6627
40.6625
40.6609
40.6619
40.6628
40.6628
40.6627
40.6627
40.6627
40.6627
40.6628
40.6628
40.6619
40.6624
40.6629
40.6628
40.6627
40.6626
40.6626
40.6627
40.6628
40.6629
40.6624
40.6624
40.6629
40.6628
40.6627
40.6626
40.6626
40.6627
40.6628
40.6629
40.6624
40.6619
40.6628
40.6628
40.6627
40.6627
40.6627
40.6627
40.6628
40.6628
40.6619
40.6609
40.6625
40.6627
40.6628
40.6628
40.6628
40.6628
40.6627
40.6625
40.6609
40.6591
40.6616
40.6625
40.6628
40.6629
40.6629
40.6628
40.6625
40.6616
40.6591
40.6565
40.6591
40.6609
40.6619
40.6624
40.6624
40.6619
40.6609
40.6591
40.6565
37.406
37.4077
37.4088
37.4094
37.4097
37.4097
37.4094
37.4088
37.4077
37.406
37.4077
37.4093
37.4101
37.4105
37.4107
37.4107
37.4105
37.4101
37.4093
37.4077
37.4088
37.4101
37.4107
37.411
37.4112
37.4112
37.411
37.4107
37.4101
37.4088
37.4094
37.4105
37.411
37.4113
37.4115
37.4115
37.4113
37.411
37.4105
37.4094
37.4097
37.4107
37.4112
37.4115
37.4116
37.4116
37.4115
37.4112
37.4107
37.4097
37.4097
37.4107
37.4112
37.4115
37.4116
37.4116
37.4115
37.4112
37.4107
37.4097
37.4094
37.4105
37.411
37.4113
37.4115
37.4115
37.4113
37.411
37.4105
37.4094
37.4088
37.4101
37.4107
37.411
37.4112
37.4112
37.411
37.4107
37.4101
37.4088
37.4077
37.4093
37.4101
37.4105
37.4107
37.4107
37.4105
37.4101
37.4093
37.4077
37.406
37.4077
37.4088
37.4094
37.4097
37.4097
37.4094
37.4088
37.4077
37.406
34.1461
34.1469
34.1475
34.1478
34.1479
34.1479
34.1478
34.1475
34.1469
34.1461
34.1469
34.1477
34.1481
34.1483
34.1484
34.1484
34.1483
34.1481
34.1477
34.1469
34.1475
34.1481
34.1484
34.1486
34.1487
34.1487
34.1486
34.1484
34.1481
34.1475
34.1478
34.1483
34.1486
34.1488
34.1489
34.1489
34.1488
34.1486
34.1483
34.1478
34.1479
34.1484
34.1487
34.1489
34.149
34.149
34.1489
34.1487
34.1484
34.1479
34.1479
34.1484
34.1487
34.1489
34.149
34.149
34.1489
34.1487
34.1484
34.1479
34.1478
34.1483
34.1486
34.1488
34.1489
34.1489
34.1488
34.1486
34.1483
34.1478
34.1475
34.1481
34.1484
34.1486
34.1487
34.1487
34.1486
34.1484
34.1481
34.1475
34.1469
34.1477
34.1481
34.1483
34.1484
34.1484
34.1483
34.1481
34.1477
34.1469
34.1461
34.1469
34.1475
34.1478
34.1479
34.1479
34.1478
34.1475
34.1469
34.1461
30.8941
30.8945
30.8948
30.895
30.8951
30.8951
30.895
30.8948
30.8945
30.8941
30.8945
30.8949
30.8952
30.8953
30.8954
30.8954
30.8953
30.8952
30.8949
30.8945
30.8948
30.8952
30.8954
30.8956
30.8956
30.8956
30.8956
30.8954
30.8952
30.8948
30.895
30.8953
30.8956
30.8957
30.8958
30.8958
30.8957
30.8956
30.8953
30.895
30.8951
30.8954
30.8956
30.8958
30.8959
30.8959
30.8958
30.8956
30.8954
30.8951
30.8951
30.8954
30.8956
30.8958
30.8959
30.8959
30.8958
30.8956
30.8954
30.8951
30.895
30.8953
30.8956
30.8957
30.8958
30.8958
30.8957
30.8956
30.8953
30.895
30.8948
30.8952
30.8954
30.8956
30.8956
30.8956
30.8956
30.8954
30.8952
30.8948
30.8945
30.8949
30.8952
30.8953
30.8954
30.8954
30.8953
30.8952
30.8949
30.8945
30.8941
30.8945
30.8948
30.895
30.8951
30.8951
30.895
30.8948
30.8945
30.8941
27.6407
27.6409
27.641
27.6411
27.6411
27.6411
27.6411
27.641
27.6409
27.6407
27.6409
27.641
27.6412
27.6412
27.6413
27.6413
27.6412
27.6412
27.641
27.6409
27.641
27.6412
27.6413
27.6413
27.6414
27.6414
27.6413
27.6413
27.6412
27.641
27.6411
27.6412
27.6413
27.6414
27.6415
27.6415
27.6414
27.6413
27.6412
27.6411
27.6411
27.6413
27.6414
27.6415
27.6415
27.6415
27.6415
27.6414
27.6413
27.6411
27.6411
27.6413
27.6414
27.6415
27.6415
27.6415
27.6415
27.6414
27.6413
27.6411
27.6411
27.6412
27.6413
27.6414
27.6415
27.6415
27.6414
27.6413
27.6412
27.6411
27.641
27.6412
27.6413
27.6413
27.6414
27.6414
27.6413
27.6413
27.6412
27.641
27.6409
27.641
27.6412
27.6412
27.6413
27.6413
27.6412
27.6412
27.641
27.6409
27.6407
27.6409
27.641
27.6411
27.6411
27.6411
27.6411
27.641
27.6409
27.6407
24.3888
24.3889
24.389
24.389
24.389
24.389
24.389
24.389
24.3889
24.3888
24.3889
24.389
24.3891
24.3891
24.3891
24.3891
24.3891
24.3891
24.389
24.3889
24.389
24.3891
24.3891
24.3892
24.3892
24.3892
24.3892
24.3891
24.3891
24.389
24.389
24.3891
24.3892
24.3892
24.3892
24.3892
24.3892
24.3892
24.3891
24.389
24.389
24.3891
24.3892
24.3892
24.3893
24.3893
24.3892
24.3892
24.3891
24.389
24.389
24.3891
24.3892
24.3892
24.3893
24.3893
24.3892
24.3892
24.3891
24.389
24.389
24.3891
24.3892
24.3892
24.3892
24.3892
24.3892
24.3892
24.3891
24.389
24.389
24.3891
24.3891
24.3892
24.3892
24.3892
24.3892
24.3891
24.3891
24.389
24.3889
24.389
24.3891
24.3891
24.3891
24.3891
24.3891
24.3891
24.389
24.3889
24.3888
24.3889
24.389
24.389
24.389
24.389
24.389
24.389
24.3889
24.3888
21.1367
21.1368
21.1368
21.1368
21.1368
21.1368
21.1368
21.1368
21.1368
21.1367
21.1368
21.1368
21.1368
21.1369
21.1369
21.1369
21.1369
21.1368
21.1368
21.1368
21.1368
21.1368
21.1369
21.1369
21.1369
21.1369
21.1369
21.1369
21.1368
21.1368
21.1368
21.1369
21.1369
21.1369
21.1369
21.1369
21.1369
21.1369
21.1369
21.1368
21.1368
21.1369
21.1369
21.1369
21.1369
21.1369
21.1369
21.1369
21.1369
21.1368
21.1368
21.1369
21.1369
21.1369
21.1369
21.1369
21.1369
21.1369
21.1369
21.1368
21.1368
21.1369
21.1369
21.1369
21.1369
21.1369
21.1369
21.1369
21.1369
21.1368
21.1368
21.1368
21.1369
21.1369
21.1369
21.1369
21.1369
21.1369
21.1368
21.1368
21.1368
21.1368
21.1368
21.1369
21.1369
21.1369
21.1369
21.1368
21.1368
21.1368
21.1367
21.1368
21.1368
21.1368
21.1368
21.1368
21.1368
21.1368
21.1368
21.1367
17.8849
17.885
17.885
17.885
17.885
17.885
17.885
17.885
17.885
17.8849
17.885
17.885
17.885
17.885
17.885
17.885
17.885
17.885
17.885
17.885
17.885
17.885
17.885
17.885
17.885
17.885
17.885
17.885
17.885
17.885
17.885
17.885
17.885
17.885
17.885
17.885
17.885
17.885
17.885
17.885
17.885
17.885
17.885
17.885
17.885
17.885
17.885
17.885
17.885
17.885
17.885
17.885
17.885
17.885
17.885
17.885
17.885
17.885
17.885
17.885
17.885
17.885
17.885
17.885
17.885
17.885
17.885
17.885
17.885
17.885
17.885
17.885
17.885
17.885
17.885
17.885
17.885
17.885
17.885
17.885
17.885
17.885
17.885
17.885
17.885
17.885
17.885
17.885
17.885
17.885
17.8849
17.885
17.885
17.885
17.885
17.885
17.885
17.885
17.885
17.8849
14.6331
14.6331
14.6331
14.6331
14.6331
14.6331
14.6331
14.6331
14.6331
14.6331
14.6331
14.6331
14.6331
14.6331
14.6331
14.6331
14.6331
14.6331
14.6331
14.6331
14.6331
14.6331
14.6331
14.6331
14.6331
14.6331
14.6331
14.6331
14.6331
14.6331
14.6331
14.6331
14.6331
14.6331
14.6331
14.6331
14.6331
14.6331
14.6331
14.6331
14.6331
14.6331
14.6331
14.6331
14.6331
14.6331
14.6331
14.6331
14.6331
14.6331
14.6331
14.6331
14.6331
14.6331
14.6331
14.6331
14.6331
14.6331
14.6331
14.6331
14.6331
14.6331
14.6331
14.6331
14.6331
14.6331
14.6331
14.6331
14.6331
14.6331
14.6331
14.6331
14.6331
14.6331
14.6331
14.6331
14.6331
14.6331
14.6331
14.6331
14.6331
14.6331
14.6331
14.6331
14.6331
14.6331
14.6331
14.6331
14.6331
14.6331
14.6331
14.6331
14.6331
14.6331
14.6331
14.6331
14.6331
14.6331
14.6331
14.6331
11.3813
11.3813
11.3813
11.3813
11.3813
11.3813
11.3813
11.3813
11.3813
11.3813
11.3813
11.3813
11.3813
11.3813
11.3813
11.3813
11.3813
11.3813
11.3813
11.3813
11.3813
11.3813
11.3813
11.3813
11.3813
11.3813
11.3813
11.3813
11.3813
11.3813
11.3813
11.3813
11.3813
11.3813
11.3813
11.3813
11.3813
11.3813
11.3813
11.3813
11.3813
11.3813
11.3813
11.3813
11.3813
11.3813
11.3813
11.3813
11.3813
11.3813
11.3813
11.3813
11.3813
11.3813
11.3813
11.3813
11.3813
11.3813
11.3813
11.3813
11.3813
11.3813
11.3813
11.3813
11.3813
11.3813
11.3813
11.3813
11.3813
11.3813
11.3813
11.3813
11.3813
11.3813
11.3813
11.3813
11.3813
11.3813
11.3813
11.3813
11.3813
11.3813
11.3813
11.3813
11.3813
11.3813
11.3813
11.3813
11.3813
11.3813
11.3813
11.3813
11.3813
11.3813
11.3813
11.3813
11.3813
11.3813
11.3813
11.3813
8.12949
8.12949
8.12949
8.12949
8.12949
8.12949
8.12949
8.12949
8.12949
8.12949
8.12949
8.12949
8.12949
8.1295
8.1295
8.1295
8.12949
8.12949
8.12949
8.12949
8.12949
8.12949
8.1295
8.1295
8.1295
8.1295
8.1295
8.1295
8.12949
8.12949
8.12949
8.1295
8.1295
8.1295
8.1295
8.1295
8.1295
8.1295
8.12949
8.12949
8.12949
8.1295
8.1295
8.1295
8.1295
8.1295
8.1295
8.1295
8.12949
8.12949
8.12949
8.1295
8.1295
8.1295
8.1295
8.1295
8.1295
8.1295
8.12949
8.12949
8.12949
8.12949
8.1295
8.1295
8.1295
8.1295
8.1295
8.1295
8.12949
8.12949
8.12949
8.12949
8.1295
8.1295
8.1295
8.1295
8.1295
8.12949
8.12949
8.12949
8.12949
8.12949
8.12949
8.12949
8.12949
8.12949
8.12949
8.12949
8.12949
8.12949
8.12949
8.12949
8.12949
8.12949
8.12949
8.12949
8.12949
8.12949
8.12949
8.12949
4.87769
4.87769
4.87769
4.87769
4.87769
4.87769
4.87769
4.87769
4.87769
4.87769
4.87769
4.87769
4.87769
4.87769
4.87769
4.87769
4.87769
4.87769
4.87769
4.87769
4.87769
4.87769
4.87769
4.87769
4.87769
4.87769
4.87769
4.87769
4.87769
4.87769
4.87769
4.87769
4.87769
4.87769
4.87769
4.87769
4.87769
4.87769
4.87769
4.87769
4.87769
4.87769
4.87769
4.87769
4.87769
4.87769
4.87769
4.87769
4.87769
4.87769
4.87769
4.87769
4.87769
4.87769
4.87769
4.87769
4.87769
4.87769
4.87769
4.87769
4.87769
4.87769
4.87769
4.87769
4.87769
4.87769
4.87769
4.87769
4.87769
4.87769
4.87769
4.87769
4.87769
4.87769
4.87769
4.87769
4.87769
4.87769
4.87769
4.87769
4.87769
4.87769
4.87769
4.87769
4.87769
4.87769
4.87769
4.87769
4.87769
4.87769
4.87769
4.87769
4.87769
4.87769
4.87769
4.87769
4.87769
4.87769
4.87769
4.87769
1.62589
1.62589
1.62589
1.62589
1.62589
1.62589
1.62589
1.62589
1.62589
1.62589
1.62589
1.62589
1.62589
1.62589
1.62589
1.62589
1.62589
1.62589
1.62589
1.62589
1.62589
1.62589
1.62589
1.62589
1.62589
1.62589
1.62589
1.62589
1.62589
1.62589
1.62589
1.62589
1.62589
1.62589
1.62589
1.62589
1.62589
1.62589
1.62589
1.62589
1.62589
1.62589
1.62589
1.62589
1.62589
1.62589
1.62589
1.62589
1.62589
1.62589
1.62589
1.62589
1.62589
1.62589
1.62589
1.62589
1.62589
1.62589
1.62589
1.62589
1.62589
1.62589
1.62589
1.62589
1.62589
1.62589
1.62589
1.62589
1.62589
1.62589
1.62589
1.62589
1.62589
1.62589
1.62589
1.62589
1.62589
1.62589
1.62589
1.62589
1.62589
1.62589
1.62589
1.62589
1.62589
1.62589
1.62589
1.62589
1.62589
1.62589
1.62589
1.62589
1.62589
1.62589
1.62589
1.62589
1.62589
1.62589
1.62589
1.62589
)
;

boundaryField
{
    fixedWalls
    {
        type            zeroGradient;
    }
    inlet
    {
        type            fixedGradient;
        gradient        uniform 0;
    }
    outlet
    {
        type            fixedValue;
        value           uniform 0;
    }
}


// ************************************************************************* //
