/*--------------------------------*- C++ -*----------------------------------*\
| =========                 |                                                 |
| \\      /  F ield         | OpenFOAM: The Open Source CFD Toolbox           |
|  \\    /   O peration     | Version:  2106                                  |
|   \\  /    A nd           | Website:  www.openfoam.com                      |
|    \\/     M anipulation  |                                                 |
\*---------------------------------------------------------------------------*/
FoamFile
{
    version     2.0;
    format      ascii;
    arch        "LSB;label=32;scalar=64";
    class       volScalarField;
    location    "0.28";
    object      p;
}
// * * * * * * * * * * * * * * * * * * * * * * * * * * * * * * * * * * * * * //

dimensions      [0 2 -2 0 0 0 0];

internalField   nonuniform List<scalar> 
10000
(
99.9111
99.3305
98.9658
98.6992
98.5611
98.5611
98.6992
98.9658
99.3305
99.9111
90.7892
89.9411
89.3823
88.9873
88.7838
88.7838
88.9873
89.3823
89.9411
90.7892
83.2136
82.2374
81.5999
81.1559
80.9281
80.9281
81.1559
81.5999
82.2374
83.2136
77.9822
76.9793
76.3329
75.8893
75.662
75.662
75.8893
76.3329
76.9793
77.9822
74.0577
73.0626
72.4245
71.9953
71.7756
71.7756
71.9953
72.4245
73.0626
74.0577
70.8816
69.9145
69.2929
68.8852
68.6769
68.6769
68.8852
69.2929
69.9145
70.8816
68.2653
67.3473
66.7522
66.3724
66.1791
66.1791
66.3724
66.7522
67.3473
68.2653
66.1025
65.257
64.7008
64.3545
64.179
64.179
64.3545
64.7008
65.257
66.1025
64.312
63.5555
63.0511
62.7431
62.5872
62.5872
62.7431
63.0511
63.5555
64.312
62.9115
62.1589
61.7153
61.446
61.3096
61.3096
61.446
61.7153
62.1589
62.9115
64.0429
64.2149
64.402
64.5282
64.5935
64.5935
64.5282
64.402
64.2149
64.0429
64.4537
64.5473
64.6727
64.7533
64.7945
64.7945
64.7533
64.6727
64.5473
64.4537
64.4182
64.4141
64.4652
64.4927
64.5063
64.5063
64.4927
64.4652
64.4141
64.4182
63.9986
63.9043
63.8874
63.8682
63.8577
63.8577
63.8682
63.8874
63.9043
63.9986
63.3971
63.2292
63.1545
63.0979
63.0681
63.0681
63.0979
63.1545
63.2292
63.3971
62.7225
62.4992
62.3779
62.2936
62.2496
62.2496
62.2936
62.3779
62.4992
62.7225
62.0293
61.7709
61.6162
61.5139
61.4609
61.4609
61.5139
61.6162
61.7709
62.0293
61.3488
61.0791
60.9065
60.7959
60.7389
60.7389
60.7959
60.9065
61.0791
61.3488
60.7153
60.4505
60.2723
60.1609
60.1031
60.1031
60.1609
60.2723
60.4505
60.7153
60.2272
59.886
59.7053
59.5944
59.5366
59.5366
59.5944
59.7053
59.886
60.2272
59.4388
59.4239
59.4249
59.4211
59.4194
59.4194
59.4211
59.4249
59.4239
59.4388
59.836
59.8184
59.8183
59.8125
59.8095
59.8095
59.8125
59.8183
59.8184
59.836
60.1614
60.1249
60.113
60.0973
60.0889
60.0889
60.0973
60.113
60.1249
60.1614
60.2029
60.133
60.0987
60.067
60.0501
60.0501
60.067
60.0988
60.133
60.2029
60.05
59.9449
59.8863
59.8386
59.8133
59.8133
59.8386
59.8863
59.9449
60.05
59.7963
59.6609
59.5799
59.519
59.4869
59.4869
59.519
59.58
59.6609
59.7963
59.49
59.3324
59.2334
59.163
59.1262
59.1262
59.163
59.2334
59.3324
59.49
59.1574
58.9896
58.8793
58.8042
58.7649
58.7649
58.8042
58.8793
58.9896
59.1574
58.8299
58.6598
58.5429
58.4658
58.4256
58.4256
58.4658
58.5429
58.6598
58.8299
58.5775
58.349
58.2239
58.1442
58.1028
58.1028
58.1442
58.2239
58.349
58.5775
54.6961
54.7153
54.7396
54.7552
54.7635
54.7635
54.7552
54.7396
54.7153
54.6961
54.8944
54.917
54.9448
54.9625
54.9719
54.9719
54.9625
54.9448
54.917
54.8944
55.0599
55.0797
55.1069
55.1235
55.1323
55.1323
55.1235
55.1069
55.0797
55.0599
55.1353
55.1445
55.1646
55.1757
55.1815
55.1815
55.1757
55.1646
55.1445
55.1353
55.141
55.1359
55.1454
55.1491
55.1509
55.1509
55.1491
55.1454
55.1359
55.141
55.1
55.0801
55.0781
55.0741
55.0718
55.0718
55.0741
55.0781
55.0801
55.1
55.0257
54.993
54.9803
54.9696
54.9638
54.9638
54.9696
54.9803
54.993
55.0257
54.9277
54.8868
54.8658
54.85
54.8415
54.8415
54.85
54.8658
54.8868
54.9277
54.8225
54.776
54.7473
54.7272
54.7164
54.7164
54.7272
54.7473
54.776
54.8225
54.7512
54.6656
54.625
54.5985
54.5844
54.5844
54.5985
54.625
54.6656
54.7512
51.4173
51.417
51.4185
51.4184
51.4184
51.4184
51.4184
51.4185
51.417
51.4173
51.5073
51.5102
51.5146
51.5164
51.5173
51.5173
51.5164
51.5146
51.5102
51.5073
51.5983
51.6023
51.6081
51.6105
51.6117
51.6117
51.6105
51.6081
51.6023
51.5983
51.6586
51.6604
51.6649
51.666
51.6665
51.6665
51.666
51.6649
51.6604
51.6586
51.69
51.6874
51.6889
51.6877
51.6869
51.6869
51.6877
51.6889
51.6874
51.69
51.6992
51.6911
51.6887
51.6848
51.6826
51.6826
51.6848
51.6887
51.6911
51.6992
51.6907
51.6774
51.6709
51.6644
51.6608
51.6608
51.6644
51.6709
51.6774
51.6907
51.6688
51.6517
51.6417
51.6332
51.6284
51.6284
51.6332
51.6417
51.6517
51.6688
51.6418
51.6214
51.6075
51.5967
51.5908
51.5908
51.5967
51.6075
51.6214
51.6418
51.6284
51.5883
51.5676
51.5534
51.5458
51.5458
51.5534
51.5676
51.5883
51.6284
48.0252
48.0279
48.0313
48.0333
48.0344
48.0344
48.0333
48.0313
48.0279
48.0252
48.0609
48.0652
48.07
48.0729
48.0745
48.0745
48.0729
48.07
48.0652
48.0609
48.0967
48.1019
48.1077
48.1113
48.1132
48.1132
48.1113
48.1077
48.1019
48.0967
48.123
48.1278
48.1337
48.1371
48.1389
48.1389
48.1371
48.1337
48.1278
48.123
48.1398
48.1433
48.1483
48.151
48.1524
48.1524
48.151
48.1483
48.1433
48.1398
48.1483
48.1499
48.1534
48.1551
48.1559
48.1559
48.1551
48.1534
48.1499
48.1483
48.1495
48.149
48.1508
48.1513
48.1515
48.1515
48.1513
48.1508
48.149
48.1495
48.1445
48.1423
48.1425
48.1419
48.1414
48.1414
48.1419
48.1425
48.1423
48.1445
48.1368
48.1328
48.1309
48.1289
48.1278
48.1278
48.1289
48.1309
48.1328
48.1368
48.1354
48.1217
48.1157
48.1114
48.1091
48.1091
48.1114
48.1157
48.1217
48.1355
44.7512
44.7514
44.7518
44.7519
44.7519
44.7519
44.7519
44.7518
44.7514
44.7512
44.7655
44.7665
44.7676
44.7681
44.7683
44.7683
44.7681
44.7676
44.7665
44.7655
44.7819
44.7835
44.7851
44.786
44.7864
44.7864
44.786
44.7851
44.7835
44.7819
44.7958
44.7976
44.7995
44.8004
44.8009
44.8009
44.8004
44.7995
44.7976
44.7958
44.8068
44.8084
44.8102
44.8111
44.8115
44.8115
44.8111
44.8102
44.8084
44.8068
44.8149
44.8161
44.8176
44.8182
44.8184
44.8184
44.8182
44.8176
44.8161
44.8149
44.8204
44.821
44.822
44.8223
44.8223
44.8223
44.8223
44.822
44.821
44.8204
44.8235
44.8236
44.8241
44.824
44.8238
44.8238
44.824
44.8241
44.8236
44.8235
44.8257
44.8251
44.8247
44.824
44.8236
44.8236
44.824
44.8247
44.8251
44.8257
44.8303
44.8256
44.8234
44.8217
44.8208
44.8208
44.8217
44.8234
44.8256
44.8303
41.4396
41.4401
41.4407
41.441
41.4412
41.4412
41.441
41.4407
41.4401
41.4396
41.4449
41.4457
41.4465
41.447
41.4472
41.4472
41.447
41.4465
41.4457
41.4449
41.4508
41.4518
41.4529
41.4536
41.454
41.454
41.4536
41.4529
41.4518
41.4508
41.4561
41.4573
41.4586
41.4594
41.4598
41.4598
41.4594
41.4586
41.4573
41.4561
41.4606
41.4619
41.4632
41.464
41.4644
41.4644
41.464
41.4632
41.4619
41.4606
41.4643
41.4654
41.4667
41.4674
41.4677
41.4677
41.4674
41.4667
41.4654
41.4643
41.4669
41.4679
41.469
41.4696
41.4698
41.4698
41.4696
41.469
41.4679
41.4669
41.4686
41.4694
41.4703
41.4707
41.4709
41.4709
41.4707
41.4703
41.4694
41.4686
41.4698
41.4703
41.4708
41.471
41.471
41.471
41.471
41.4708
41.4703
41.4698
41.4721
41.4708
41.4704
41.4701
41.4699
41.4699
41.4701
41.4704
41.4708
41.4721
38.1356
38.1357
38.1358
38.1358
38.1358
38.1358
38.1358
38.1358
38.1357
38.1356
38.1375
38.1378
38.1379
38.138
38.1381
38.1381
38.138
38.1379
38.1378
38.1375
38.14
38.1404
38.1407
38.1409
38.141
38.141
38.1409
38.1407
38.1404
38.14
38.1425
38.143
38.1434
38.1437
38.1438
38.1438
38.1437
38.1434
38.143
38.1425
38.1449
38.1455
38.146
38.1462
38.1464
38.1464
38.1462
38.146
38.1455
38.1449
38.1471
38.1477
38.1482
38.1485
38.1487
38.1487
38.1485
38.1482
38.1477
38.1471
38.1491
38.1497
38.1502
38.1505
38.1506
38.1506
38.1505
38.1502
38.1497
38.1491
38.1508
38.1514
38.1519
38.1521
38.1522
38.1522
38.1521
38.1519
38.1514
38.1508
38.1524
38.1529
38.1533
38.1534
38.1535
38.1535
38.1534
38.1533
38.1529
38.1524
38.1544
38.1542
38.1543
38.1542
38.1542
38.1542
38.1542
38.1543
38.1542
38.1544
34.822
34.8221
34.8222
34.8222
34.8223
34.8223
34.8222
34.8222
34.8221
34.822
34.8226
34.8228
34.8229
34.823
34.823
34.823
34.823
34.8229
34.8228
34.8226
34.8234
34.8236
34.8238
34.8239
34.824
34.824
34.8239
34.8238
34.8236
34.8234
34.8243
34.8246
34.8248
34.825
34.8251
34.8251
34.825
34.8248
34.8246
34.8243
34.8253
34.8256
34.8258
34.826
34.8261
34.8261
34.826
34.8258
34.8256
34.8253
34.8261
34.8265
34.8268
34.827
34.8271
34.8271
34.827
34.8268
34.8265
34.8261
34.827
34.8273
34.8276
34.8278
34.8279
34.8279
34.8278
34.8276
34.8273
34.827
34.8277
34.828
34.8283
34.8285
34.8286
34.8286
34.8285
34.8283
34.828
34.8277
34.8284
34.8287
34.8289
34.8291
34.8291
34.8291
34.8291
34.8289
34.8287
34.8284
34.8292
34.8293
34.8294
34.8294
34.8294
34.8294
34.8294
34.8294
34.8293
34.8292
31.5082
31.5082
31.5082
31.5082
31.5082
31.5082
31.5082
31.5082
31.5082
31.5082
31.5084
31.5084
31.5084
31.5084
31.5084
31.5084
31.5084
31.5084
31.5084
31.5084
31.5087
31.5087
31.5088
31.5088
31.5088
31.5088
31.5088
31.5088
31.5087
31.5087
31.5091
31.5092
31.5092
31.5093
31.5093
31.5093
31.5093
31.5092
31.5092
31.5091
31.5095
31.5096
31.5097
31.5098
31.5098
31.5098
31.5098
31.5097
31.5096
31.5095
31.51
31.5101
31.5103
31.5103
31.5104
31.5104
31.5103
31.5103
31.5101
31.51
31.5105
31.5106
31.5108
31.5108
31.5109
31.5109
31.5108
31.5108
31.5106
31.5105
31.5109
31.5111
31.5113
31.5113
31.5114
31.5114
31.5113
31.5113
31.5111
31.5109
31.5114
31.5116
31.5117
31.5118
31.5118
31.5118
31.5118
31.5117
31.5116
31.5114
31.5119
31.512
31.5121
31.5122
31.5122
31.5122
31.5122
31.5121
31.512
31.5119
28.1922
28.1922
28.1922
28.1922
28.1922
28.1922
28.1922
28.1922
28.1922
28.1922
28.1922
28.1922
28.1922
28.1923
28.1923
28.1923
28.1923
28.1922
28.1922
28.1922
28.1923
28.1923
28.1923
28.1924
28.1924
28.1924
28.1924
28.1923
28.1923
28.1923
28.1924
28.1925
28.1925
28.1925
28.1925
28.1925
28.1925
28.1925
28.1925
28.1924
28.1926
28.1926
28.1927
28.1927
28.1927
28.1927
28.1927
28.1927
28.1926
28.1926
28.1928
28.1928
28.1929
28.1929
28.193
28.193
28.1929
28.1929
28.1928
28.1928
28.1929
28.193
28.1931
28.1931
28.1932
28.1932
28.1931
28.1931
28.193
28.1929
28.1931
28.1932
28.1933
28.1933
28.1934
28.1934
28.1933
28.1933
28.1932
28.1931
28.1933
28.1934
28.1935
28.1935
28.1936
28.1936
28.1935
28.1935
28.1934
28.1933
28.1935
28.1936
28.1937
28.1937
28.1937
28.1937
28.1937
28.1937
28.1936
28.1935
24.8759
24.8759
24.8759
24.8759
24.8759
24.8759
24.8759
24.8759
24.8759
24.8759
24.8759
24.8759
24.8759
24.8759
24.8759
24.8759
24.8759
24.8759
24.8759
24.8759
24.876
24.876
24.876
24.876
24.876
24.876
24.876
24.876
24.876
24.876
24.876
24.876
24.876
24.8761
24.8761
24.8761
24.8761
24.876
24.876
24.876
24.8761
24.8761
24.8761
24.8761
24.8762
24.8762
24.8761
24.8761
24.8761
24.8761
24.8762
24.8762
24.8762
24.8763
24.8763
24.8763
24.8763
24.8762
24.8762
24.8762
24.8763
24.8763
24.8764
24.8764
24.8764
24.8764
24.8764
24.8764
24.8763
24.8763
24.8764
24.8764
24.8765
24.8765
24.8765
24.8765
24.8765
24.8765
24.8764
24.8764
24.8765
24.8765
24.8766
24.8766
24.8766
24.8766
24.8766
24.8766
24.8765
24.8765
24.8766
24.8767
24.8767
24.8767
24.8767
24.8767
24.8767
24.8767
24.8767
24.8766
21.5593
21.5593
21.5593
21.5593
21.5593
21.5593
21.5593
21.5593
21.5593
21.5593
21.5593
21.5593
21.5593
21.5593
21.5593
21.5593
21.5593
21.5593
21.5593
21.5593
21.5593
21.5593
21.5593
21.5593
21.5593
21.5593
21.5593
21.5593
21.5593
21.5593
21.5593
21.5593
21.5593
21.5593
21.5593
21.5593
21.5593
21.5593
21.5593
21.5593
21.5593
21.5593
21.5593
21.5593
21.5593
21.5593
21.5593
21.5593
21.5593
21.5593
21.5593
21.5594
21.5594
21.5594
21.5594
21.5594
21.5594
21.5594
21.5594
21.5593
21.5594
21.5594
21.5594
21.5594
21.5594
21.5594
21.5594
21.5594
21.5594
21.5594
21.5594
21.5594
21.5595
21.5595
21.5595
21.5595
21.5595
21.5595
21.5594
21.5594
21.5595
21.5595
21.5595
21.5595
21.5595
21.5595
21.5595
21.5595
21.5595
21.5595
21.5595
21.5595
21.5595
21.5596
21.5596
21.5596
21.5596
21.5595
21.5595
21.5595
18.2425
18.2425
18.2425
18.2425
18.2425
18.2425
18.2425
18.2425
18.2425
18.2425
18.2425
18.2425
18.2425
18.2425
18.2425
18.2425
18.2425
18.2425
18.2425
18.2425
18.2425
18.2425
18.2425
18.2425
18.2425
18.2425
18.2425
18.2425
18.2425
18.2425
18.2425
18.2425
18.2425
18.2425
18.2425
18.2425
18.2425
18.2425
18.2425
18.2425
18.2426
18.2426
18.2426
18.2426
18.2426
18.2426
18.2426
18.2426
18.2426
18.2426
18.2426
18.2426
18.2426
18.2426
18.2426
18.2426
18.2426
18.2426
18.2426
18.2426
18.2426
18.2426
18.2426
18.2426
18.2426
18.2426
18.2426
18.2426
18.2426
18.2426
18.2426
18.2426
18.2426
18.2426
18.2426
18.2426
18.2426
18.2426
18.2426
18.2426
18.2426
18.2426
18.2427
18.2427
18.2427
18.2427
18.2427
18.2427
18.2426
18.2426
18.2427
18.2427
18.2427
18.2427
18.2427
18.2427
18.2427
18.2427
18.2427
18.2427
14.9257
14.9257
14.9257
14.9257
14.9257
14.9257
14.9257
14.9257
14.9257
14.9257
14.9257
14.9257
14.9257
14.9257
14.9257
14.9257
14.9257
14.9257
14.9257
14.9257
14.9257
14.9257
14.9257
14.9257
14.9257
14.9257
14.9257
14.9257
14.9257
14.9257
14.9257
14.9257
14.9257
14.9257
14.9257
14.9257
14.9257
14.9257
14.9257
14.9257
14.9257
14.9257
14.9257
14.9257
14.9257
14.9257
14.9257
14.9257
14.9257
14.9257
14.9257
14.9257
14.9257
14.9257
14.9257
14.9257
14.9257
14.9257
14.9257
14.9257
14.9257
14.9258
14.9258
14.9258
14.9258
14.9258
14.9258
14.9258
14.9258
14.9257
14.9258
14.9258
14.9258
14.9258
14.9258
14.9258
14.9258
14.9258
14.9258
14.9258
14.9258
14.9258
14.9258
14.9258
14.9258
14.9258
14.9258
14.9258
14.9258
14.9258
14.9258
14.9258
14.9258
14.9258
14.9258
14.9258
14.9258
14.9258
14.9258
14.9258
11.6089
11.6089
11.6089
11.6089
11.6089
11.6089
11.6089
11.6089
11.6089
11.6089
11.6089
11.6089
11.6089
11.6089
11.6089
11.6089
11.6089
11.6089
11.6089
11.6089
11.6089
11.6089
11.6089
11.6089
11.6089
11.6089
11.6089
11.6089
11.6089
11.6089
11.6089
11.6089
11.6089
11.6089
11.6089
11.6089
11.6089
11.6089
11.6089
11.6089
11.6089
11.6089
11.6089
11.6089
11.6089
11.6089
11.6089
11.6089
11.6089
11.6089
11.6089
11.6089
11.6089
11.6089
11.6089
11.6089
11.6089
11.6089
11.6089
11.6089
11.6089
11.6089
11.6089
11.6089
11.6089
11.6089
11.6089
11.6089
11.6089
11.6089
11.6089
11.6089
11.6089
11.6089
11.6089
11.6089
11.6089
11.6089
11.6089
11.6089
11.6089
11.6089
11.6089
11.6089
11.6089
11.6089
11.6089
11.6089
11.6089
11.6089
11.6089
11.6089
11.6089
11.6089
11.6089
11.6089
11.6089
11.6089
11.6089
11.6089
8.29209
8.29209
8.29209
8.29209
8.29209
8.29209
8.29209
8.29209
8.29209
8.29209
8.29209
8.29209
8.29209
8.29209
8.29209
8.29209
8.29209
8.29209
8.29209
8.29209
8.29209
8.29209
8.29209
8.29209
8.29209
8.29209
8.29209
8.29209
8.29209
8.29209
8.29208
8.29209
8.29208
8.29208
8.29208
8.29208
8.29208
8.29208
8.29208
8.29208
8.29208
8.29208
8.29208
8.29208
8.29208
8.29208
8.29208
8.29208
8.29208
8.29208
8.29208
8.29209
8.29209
8.29209
8.29209
8.29209
8.29209
8.29209
8.29208
8.29208
8.29209
8.29209
8.29209
8.29209
8.29209
8.29209
8.29209
8.29209
8.29209
8.29209
8.29209
8.29209
8.29209
8.29209
8.29209
8.29209
8.29209
8.29209
8.29209
8.29209
8.29209
8.29209
8.29209
8.29209
8.29209
8.29209
8.29209
8.29209
8.29209
8.29209
8.29209
8.29209
8.29209
8.29209
8.29209
8.29209
8.29209
8.29209
8.29209
8.29209
4.97525
4.97525
4.97525
4.97525
4.97525
4.97525
4.97525
4.97525
4.97525
4.97525
4.97525
4.97525
4.97525
4.97525
4.97525
4.97525
4.97525
4.97525
4.97525
4.97525
4.97525
4.97525
4.97525
4.97525
4.97525
4.97525
4.97525
4.97525
4.97525
4.97525
4.97525
4.97525
4.97525
4.97525
4.97525
4.97525
4.97525
4.97525
4.97525
4.97525
4.97525
4.97525
4.97525
4.97525
4.97525
4.97525
4.97525
4.97525
4.97525
4.97525
4.97525
4.97525
4.97525
4.97525
4.97525
4.97525
4.97525
4.97525
4.97525
4.97525
4.97525
4.97525
4.97525
4.97525
4.97525
4.97525
4.97525
4.97525
4.97525
4.97525
4.97525
4.97525
4.97525
4.97525
4.97525
4.97525
4.97525
4.97525
4.97525
4.97525
4.97525
4.97525
4.97525
4.97525
4.97525
4.97525
4.97525
4.97525
4.97525
4.97525
4.97525
4.97525
4.97525
4.97525
4.97525
4.97525
4.97525
4.97525
4.97525
4.97525
1.65842
1.65842
1.65842
1.65842
1.65842
1.65842
1.65842
1.65842
1.65842
1.65842
1.65842
1.65842
1.65842
1.65842
1.65842
1.65842
1.65842
1.65842
1.65842
1.65842
1.65842
1.65842
1.65842
1.65842
1.65842
1.65842
1.65842
1.65842
1.65842
1.65842
1.65842
1.65842
1.65842
1.65842
1.65842
1.65842
1.65842
1.65842
1.65842
1.65842
1.65842
1.65842
1.65841
1.65841
1.65841
1.65841
1.65841
1.65841
1.65842
1.65842
1.65841
1.65841
1.65841
1.65841
1.65841
1.65841
1.65841
1.65841
1.65841
1.65841
1.65841
1.65841
1.65841
1.65841
1.65841
1.65841
1.65841
1.65841
1.65841
1.65841
1.65841
1.65841
1.65841
1.65841
1.65841
1.65841
1.65841
1.65841
1.65841
1.65841
1.65841
1.65841
1.65841
1.65841
1.65841
1.65841
1.65841
1.65841
1.65841
1.65841
1.65841
1.65841
1.65841
1.65841
1.6584
1.6584
1.6584
1.65841
1.65841
1.65841
99.9111
99.3305
98.9658
98.6993
98.5611
98.5611
98.6993
98.9658
99.3305
99.9111
90.7892
89.9411
89.3823
88.9873
88.7838
88.7838
88.9873
89.3823
89.9411
90.7892
83.2136
82.2374
81.5999
81.1559
80.9281
80.9281
81.1559
81.5999
82.2374
83.2136
77.9822
76.9793
76.3329
75.8893
75.662
75.662
75.8893
76.3329
76.9793
77.9822
74.0577
73.0626
72.4245
71.9953
71.7756
71.7756
71.9953
72.4245
73.0626
74.0577
70.8816
69.9145
69.2929
68.8853
68.6769
68.6769
68.8853
69.2929
69.9145
70.8816
68.2653
67.3473
66.7522
66.3724
66.1791
66.1791
66.3724
66.7522
67.3473
68.2653
66.1025
65.257
64.7008
64.3545
64.179
64.179
64.3545
64.7008
65.257
66.1025
64.3121
63.5555
63.0511
62.7431
62.5872
62.5872
62.7431
63.0511
63.5555
64.3121
62.9115
62.1589
61.7153
61.446
61.3096
61.3096
61.446
61.7153
62.1589
62.9115
64.0429
64.2149
64.402
64.5282
64.5935
64.5935
64.5282
64.402
64.2149
64.0429
64.4537
64.5473
64.6727
64.7533
64.7945
64.7945
64.7533
64.6727
64.5473
64.4537
64.4182
64.4141
64.4653
64.4927
64.5063
64.5063
64.4927
64.4653
64.4141
64.4182
63.9986
63.9043
63.8874
63.8682
63.8577
63.8577
63.8682
63.8874
63.9043
63.9986
63.3971
63.2292
63.1545
63.0979
63.0681
63.0681
63.0979
63.1545
63.2292
63.3971
62.7225
62.4992
62.3779
62.2936
62.2496
62.2496
62.2936
62.378
62.4992
62.7225
62.0293
61.771
61.6162
61.5139
61.4609
61.4609
61.5139
61.6162
61.771
62.0293
61.3488
61.0791
60.9065
60.7959
60.7389
60.7389
60.7959
60.9065
61.0792
61.3489
60.7153
60.4505
60.2724
60.1609
60.1032
60.1032
60.1609
60.2724
60.4505
60.7153
60.2272
59.886
59.7053
59.5944
59.5366
59.5366
59.5944
59.7053
59.886
60.2272
59.4388
59.4239
59.4249
59.4211
59.4194
59.4194
59.4211
59.4249
59.4239
59.4388
59.836
59.8184
59.8183
59.8126
59.8095
59.8095
59.8126
59.8183
59.8184
59.836
60.1614
60.1249
60.113
60.0973
60.0889
60.0889
60.0973
60.113
60.1249
60.1614
60.2029
60.133
60.0988
60.067
60.0501
60.0501
60.067
60.0988
60.133
60.2029
60.05
59.9449
59.8863
59.8386
59.8133
59.8133
59.8386
59.8863
59.9449
60.05
59.7963
59.6609
59.58
59.519
59.4869
59.4869
59.519
59.58
59.6609
59.7964
59.49
59.3324
59.2334
59.1631
59.1262
59.1262
59.1631
59.2334
59.3324
59.49
59.1574
58.9896
58.8793
58.8042
58.765
58.765
58.8042
58.8793
58.9896
59.1574
58.8299
58.6598
58.5429
58.4658
58.4256
58.4256
58.4658
58.5429
58.6598
58.8299
58.5775
58.349
58.2239
58.1442
58.1028
58.1028
58.1442
58.2239
58.349
58.5775
54.6961
54.7153
54.7396
54.7552
54.7635
54.7635
54.7552
54.7396
54.7153
54.6962
54.8944
54.917
54.9448
54.9625
54.9719
54.9719
54.9625
54.9448
54.917
54.8944
55.0599
55.0797
55.1069
55.1235
55.1323
55.1323
55.1235
55.1069
55.0798
55.0599
55.1353
55.1445
55.1646
55.1757
55.1815
55.1815
55.1757
55.1646
55.1445
55.1353
55.141
55.1359
55.1454
55.1491
55.1509
55.1509
55.1491
55.1455
55.1359
55.141
55.1
55.0801
55.0781
55.0741
55.0718
55.0718
55.0741
55.0782
55.0801
55.1
55.0257
54.993
54.9803
54.9696
54.9638
54.9638
54.9696
54.9803
54.993
55.0257
54.9277
54.8868
54.8658
54.85
54.8415
54.8415
54.85
54.8658
54.8868
54.9277
54.8225
54.776
54.7473
54.7273
54.7164
54.7164
54.7273
54.7473
54.776
54.8225
54.7512
54.6656
54.625
54.5985
54.5845
54.5845
54.5985
54.625
54.6656
54.7512
51.4173
51.417
51.4185
51.4184
51.4184
51.4184
51.4184
51.4185
51.417
51.4173
51.5073
51.5102
51.5146
51.5164
51.5173
51.5173
51.5164
51.5146
51.5102
51.5073
51.5983
51.6023
51.6081
51.6105
51.6117
51.6117
51.6105
51.6081
51.6023
51.5983
51.6586
51.6604
51.6649
51.666
51.6665
51.6665
51.666
51.6649
51.6604
51.6586
51.69
51.6874
51.6889
51.6877
51.687
51.687
51.6877
51.6889
51.6874
51.69
51.6992
51.6911
51.6887
51.6848
51.6826
51.6826
51.6848
51.6887
51.6911
51.6992
51.6907
51.6774
51.6709
51.6645
51.6608
51.6608
51.6645
51.6709
51.6774
51.6907
51.6688
51.6517
51.6417
51.6332
51.6284
51.6284
51.6332
51.6417
51.6517
51.6688
51.6418
51.6214
51.6075
51.5967
51.5908
51.5908
51.5967
51.6075
51.6214
51.6418
51.6284
51.5883
51.5676
51.5534
51.5458
51.5458
51.5534
51.5676
51.5883
51.6284
48.0252
48.0279
48.0313
48.0333
48.0344
48.0344
48.0334
48.0313
48.0279
48.0252
48.0609
48.0652
48.07
48.0729
48.0745
48.0745
48.0729
48.07
48.0652
48.0609
48.0967
48.1019
48.1077
48.1113
48.1132
48.1132
48.1113
48.1077
48.1019
48.0967
48.123
48.1278
48.1337
48.1371
48.139
48.139
48.1371
48.1337
48.1278
48.123
48.1398
48.1433
48.1483
48.151
48.1524
48.1524
48.151
48.1483
48.1433
48.1398
48.1483
48.1499
48.1534
48.1551
48.1559
48.1559
48.1551
48.1534
48.1499
48.1483
48.1495
48.149
48.1508
48.1513
48.1515
48.1515
48.1513
48.1508
48.149
48.1495
48.1445
48.1423
48.1425
48.1419
48.1415
48.1415
48.1419
48.1425
48.1423
48.1445
48.1368
48.1328
48.1309
48.1289
48.1278
48.1278
48.1289
48.1309
48.1328
48.1368
48.1355
48.1217
48.1157
48.1114
48.1091
48.1091
48.1114
48.1157
48.1217
48.1355
44.7512
44.7514
44.7518
44.7519
44.7519
44.7519
44.7519
44.7518
44.7514
44.7512
44.7655
44.7665
44.7676
44.7681
44.7683
44.7683
44.7681
44.7676
44.7665
44.7655
44.7819
44.7835
44.7851
44.786
44.7864
44.7864
44.786
44.7851
44.7835
44.7819
44.7958
44.7976
44.7995
44.8004
44.8009
44.8009
44.8004
44.7995
44.7976
44.7958
44.8068
44.8084
44.8102
44.8111
44.8115
44.8115
44.8111
44.8102
44.8084
44.8068
44.8149
44.8161
44.8176
44.8182
44.8185
44.8185
44.8182
44.8176
44.8161
44.8149
44.8204
44.821
44.8221
44.8223
44.8223
44.8223
44.8223
44.8221
44.821
44.8204
44.8235
44.8236
44.8241
44.824
44.8238
44.8238
44.824
44.8241
44.8236
44.8235
44.8257
44.8251
44.8247
44.824
44.8236
44.8236
44.824
44.8247
44.8251
44.8257
44.8303
44.8256
44.8234
44.8217
44.8208
44.8208
44.8217
44.8234
44.8256
44.8303
41.4396
41.4401
41.4407
41.441
41.4412
41.4412
41.441
41.4407
41.4401
41.4396
41.4449
41.4457
41.4465
41.447
41.4472
41.4472
41.447
41.4465
41.4457
41.4449
41.4508
41.4518
41.4529
41.4536
41.454
41.454
41.4536
41.4529
41.4518
41.4508
41.4561
41.4573
41.4586
41.4594
41.4598
41.4598
41.4594
41.4586
41.4573
41.4561
41.4606
41.4619
41.4632
41.464
41.4644
41.4644
41.464
41.4632
41.4619
41.4606
41.4643
41.4654
41.4667
41.4674
41.4677
41.4677
41.4674
41.4667
41.4654
41.4643
41.4669
41.4679
41.469
41.4696
41.4698
41.4698
41.4696
41.469
41.4679
41.4669
41.4686
41.4694
41.4703
41.4707
41.4709
41.4709
41.4707
41.4703
41.4694
41.4686
41.4698
41.4703
41.4708
41.471
41.471
41.471
41.471
41.4708
41.4703
41.4699
41.4721
41.4708
41.4704
41.4701
41.4699
41.4699
41.4701
41.4704
41.4708
41.4721
38.1356
38.1357
38.1358
38.1358
38.1358
38.1358
38.1358
38.1358
38.1357
38.1356
38.1375
38.1378
38.1379
38.138
38.1381
38.1381
38.138
38.1379
38.1378
38.1375
38.14
38.1404
38.1407
38.1409
38.141
38.141
38.1409
38.1407
38.1404
38.14
38.1425
38.143
38.1434
38.1437
38.1438
38.1438
38.1437
38.1434
38.143
38.1425
38.1449
38.1455
38.146
38.1462
38.1464
38.1464
38.1462
38.146
38.1455
38.1449
38.1471
38.1477
38.1482
38.1485
38.1487
38.1487
38.1485
38.1482
38.1477
38.1471
38.1491
38.1497
38.1502
38.1505
38.1506
38.1506
38.1505
38.1502
38.1497
38.1491
38.1508
38.1514
38.1519
38.1521
38.1522
38.1522
38.1521
38.1519
38.1514
38.1508
38.1524
38.1529
38.1533
38.1534
38.1535
38.1535
38.1534
38.1533
38.1529
38.1524
38.1544
38.1542
38.1543
38.1542
38.1542
38.1542
38.1542
38.1543
38.1542
38.1544
34.822
34.8221
34.8222
34.8222
34.8223
34.8223
34.8222
34.8222
34.8221
34.822
34.8226
34.8228
34.8229
34.823
34.823
34.823
34.823
34.8229
34.8228
34.8226
34.8234
34.8236
34.8238
34.8239
34.824
34.824
34.8239
34.8238
34.8236
34.8234
34.8243
34.8246
34.8248
34.825
34.8251
34.8251
34.825
34.8248
34.8246
34.8243
34.8253
34.8256
34.8258
34.826
34.8261
34.8261
34.826
34.8258
34.8256
34.8253
34.8261
34.8265
34.8268
34.827
34.8271
34.8271
34.827
34.8268
34.8265
34.8261
34.827
34.8273
34.8276
34.8278
34.8279
34.8279
34.8278
34.8276
34.8273
34.827
34.8277
34.828
34.8283
34.8285
34.8286
34.8286
34.8285
34.8283
34.828
34.8277
34.8284
34.8287
34.8289
34.8291
34.8291
34.8291
34.8291
34.8289
34.8287
34.8284
34.8292
34.8293
34.8294
34.8294
34.8294
34.8294
34.8294
34.8294
34.8293
34.8292
31.5082
31.5082
31.5082
31.5082
31.5082
31.5082
31.5082
31.5082
31.5082
31.5082
31.5084
31.5084
31.5084
31.5084
31.5084
31.5084
31.5084
31.5084
31.5084
31.5084
31.5087
31.5087
31.5088
31.5088
31.5088
31.5088
31.5088
31.5088
31.5087
31.5087
31.5091
31.5092
31.5092
31.5093
31.5093
31.5093
31.5093
31.5092
31.5092
31.5091
31.5095
31.5096
31.5097
31.5098
31.5098
31.5098
31.5098
31.5097
31.5096
31.5095
31.51
31.5101
31.5103
31.5103
31.5104
31.5104
31.5103
31.5103
31.5101
31.51
31.5105
31.5106
31.5108
31.5108
31.5109
31.5109
31.5108
31.5108
31.5106
31.5105
31.5109
31.5111
31.5113
31.5113
31.5114
31.5114
31.5113
31.5113
31.5111
31.5109
31.5114
31.5116
31.5117
31.5118
31.5118
31.5118
31.5118
31.5117
31.5116
31.5114
31.5119
31.512
31.5121
31.5122
31.5122
31.5122
31.5122
31.5121
31.512
31.5119
28.1922
28.1922
28.1922
28.1922
28.1922
28.1922
28.1922
28.1922
28.1922
28.1922
28.1922
28.1922
28.1922
28.1923
28.1923
28.1923
28.1923
28.1922
28.1922
28.1922
28.1923
28.1923
28.1923
28.1924
28.1924
28.1924
28.1924
28.1923
28.1923
28.1923
28.1924
28.1925
28.1925
28.1925
28.1925
28.1925
28.1925
28.1925
28.1925
28.1924
28.1926
28.1926
28.1927
28.1927
28.1927
28.1927
28.1927
28.1927
28.1926
28.1926
28.1928
28.1928
28.1929
28.1929
28.193
28.193
28.1929
28.1929
28.1928
28.1928
28.1929
28.193
28.1931
28.1931
28.1932
28.1932
28.1931
28.1931
28.193
28.1929
28.1931
28.1932
28.1933
28.1933
28.1934
28.1934
28.1933
28.1933
28.1932
28.1931
28.1933
28.1934
28.1935
28.1935
28.1936
28.1936
28.1935
28.1935
28.1934
28.1933
28.1935
28.1936
28.1937
28.1937
28.1937
28.1937
28.1937
28.1937
28.1936
28.1935
24.8759
24.8759
24.8759
24.8759
24.8759
24.8759
24.8759
24.8759
24.8759
24.8759
24.8759
24.8759
24.8759
24.8759
24.8759
24.8759
24.8759
24.8759
24.8759
24.8759
24.876
24.876
24.876
24.876
24.876
24.876
24.876
24.876
24.876
24.876
24.876
24.876
24.876
24.8761
24.8761
24.8761
24.8761
24.876
24.876
24.876
24.8761
24.8761
24.8761
24.8761
24.8762
24.8762
24.8761
24.8761
24.8761
24.8761
24.8762
24.8762
24.8762
24.8763
24.8763
24.8763
24.8763
24.8762
24.8762
24.8762
24.8763
24.8763
24.8764
24.8764
24.8764
24.8764
24.8764
24.8764
24.8763
24.8763
24.8764
24.8764
24.8765
24.8765
24.8765
24.8765
24.8765
24.8765
24.8764
24.8764
24.8765
24.8765
24.8766
24.8766
24.8766
24.8766
24.8766
24.8766
24.8765
24.8765
24.8766
24.8767
24.8767
24.8767
24.8767
24.8767
24.8767
24.8767
24.8767
24.8766
21.5593
21.5593
21.5593
21.5593
21.5593
21.5593
21.5593
21.5593
21.5593
21.5593
21.5593
21.5593
21.5593
21.5593
21.5593
21.5593
21.5593
21.5593
21.5593
21.5593
21.5593
21.5593
21.5593
21.5593
21.5593
21.5593
21.5593
21.5593
21.5593
21.5593
21.5593
21.5593
21.5593
21.5593
21.5593
21.5593
21.5593
21.5593
21.5593
21.5593
21.5593
21.5593
21.5593
21.5593
21.5593
21.5593
21.5593
21.5593
21.5593
21.5593
21.5593
21.5594
21.5594
21.5594
21.5594
21.5594
21.5594
21.5594
21.5594
21.5593
21.5594
21.5594
21.5594
21.5594
21.5594
21.5594
21.5594
21.5594
21.5594
21.5594
21.5594
21.5594
21.5595
21.5595
21.5595
21.5595
21.5595
21.5595
21.5594
21.5594
21.5595
21.5595
21.5595
21.5595
21.5595
21.5595
21.5595
21.5595
21.5595
21.5595
21.5595
21.5595
21.5595
21.5596
21.5596
21.5596
21.5596
21.5595
21.5595
21.5595
18.2425
18.2425
18.2425
18.2425
18.2425
18.2425
18.2425
18.2425
18.2425
18.2425
18.2425
18.2425
18.2425
18.2425
18.2425
18.2425
18.2425
18.2425
18.2425
18.2425
18.2425
18.2425
18.2425
18.2425
18.2425
18.2425
18.2425
18.2425
18.2425
18.2425
18.2425
18.2425
18.2425
18.2425
18.2425
18.2425
18.2425
18.2425
18.2425
18.2425
18.2426
18.2426
18.2426
18.2426
18.2426
18.2426
18.2426
18.2426
18.2426
18.2426
18.2426
18.2426
18.2426
18.2426
18.2426
18.2426
18.2426
18.2426
18.2426
18.2426
18.2426
18.2426
18.2426
18.2426
18.2426
18.2426
18.2426
18.2426
18.2426
18.2426
18.2426
18.2426
18.2426
18.2426
18.2426
18.2426
18.2426
18.2426
18.2426
18.2426
18.2426
18.2426
18.2427
18.2427
18.2427
18.2427
18.2427
18.2427
18.2426
18.2426
18.2427
18.2427
18.2427
18.2427
18.2427
18.2427
18.2427
18.2427
18.2427
18.2427
14.9257
14.9257
14.9257
14.9257
14.9257
14.9257
14.9257
14.9257
14.9257
14.9257
14.9257
14.9257
14.9257
14.9257
14.9257
14.9257
14.9257
14.9257
14.9257
14.9257
14.9257
14.9257
14.9257
14.9257
14.9257
14.9257
14.9257
14.9257
14.9257
14.9257
14.9257
14.9257
14.9257
14.9257
14.9257
14.9257
14.9257
14.9257
14.9257
14.9257
14.9257
14.9257
14.9257
14.9257
14.9257
14.9257
14.9257
14.9257
14.9257
14.9257
14.9257
14.9257
14.9257
14.9257
14.9257
14.9257
14.9257
14.9257
14.9257
14.9257
14.9257
14.9258
14.9258
14.9258
14.9258
14.9258
14.9258
14.9258
14.9258
14.9257
14.9258
14.9258
14.9258
14.9258
14.9258
14.9258
14.9258
14.9258
14.9258
14.9258
14.9258
14.9258
14.9258
14.9258
14.9258
14.9258
14.9258
14.9258
14.9258
14.9258
14.9258
14.9258
14.9258
14.9258
14.9258
14.9258
14.9258
14.9258
14.9258
14.9258
11.6089
11.6089
11.6089
11.6089
11.6089
11.6089
11.6089
11.6089
11.6089
11.6089
11.6089
11.6089
11.6089
11.6089
11.6089
11.6089
11.6089
11.6089
11.6089
11.6089
11.6089
11.6089
11.6089
11.6089
11.6089
11.6089
11.6089
11.6089
11.6089
11.6089
11.6089
11.6089
11.6089
11.6089
11.6089
11.6089
11.6089
11.6089
11.6089
11.6089
11.6089
11.6089
11.6089
11.6089
11.6089
11.6089
11.6089
11.6089
11.6089
11.6089
11.6089
11.6089
11.6089
11.6089
11.6089
11.6089
11.6089
11.6089
11.6089
11.6089
11.6089
11.6089
11.6089
11.6089
11.6089
11.6089
11.6089
11.6089
11.6089
11.6089
11.6089
11.6089
11.6089
11.6089
11.6089
11.6089
11.6089
11.6089
11.6089
11.6089
11.6089
11.6089
11.6089
11.6089
11.6089
11.6089
11.6089
11.6089
11.6089
11.6089
11.6089
11.6089
11.6089
11.6089
11.6089
11.6089
11.6089
11.6089
11.6089
11.6089
8.29209
8.29209
8.29209
8.29209
8.29209
8.29209
8.29209
8.29209
8.29209
8.29209
8.29209
8.29209
8.29209
8.29209
8.29209
8.29209
8.29209
8.29209
8.29209
8.29209
8.29209
8.29209
8.29209
8.29209
8.29208
8.29208
8.29208
8.29208
8.29208
8.29209
8.29208
8.29208
8.29208
8.29208
8.29208
8.29208
8.29208
8.29208
8.29208
8.29208
8.29208
8.29208
8.29208
8.29208
8.29208
8.29208
8.29208
8.29208
8.29208
8.29208
8.29208
8.29208
8.29208
8.29208
8.29208
8.29208
8.29208
8.29208
8.29208
8.29208
8.29209
8.29209
8.29209
8.29209
8.29209
8.29209
8.29209
8.29209
8.29208
8.29208
8.29209
8.29209
8.29209
8.29209
8.29209
8.29209
8.29209
8.29209
8.29209
8.29209
8.29209
8.29209
8.29209
8.29209
8.29209
8.29209
8.29209
8.29209
8.29209
8.29209
8.29209
8.29209
8.29209
8.29209
8.29209
8.29209
8.29209
8.29209
8.29209
8.29209
4.97525
4.97525
4.97525
4.97525
4.97525
4.97525
4.97525
4.97525
4.97525
4.97525
4.97525
4.97525
4.97525
4.97525
4.97525
4.97525
4.97525
4.97525
4.97525
4.97525
4.97525
4.97525
4.97525
4.97525
4.97525
4.97525
4.97525
4.97525
4.97525
4.97525
4.97525
4.97525
4.97525
4.97525
4.97525
4.97525
4.97525
4.97525
4.97525
4.97525
4.97525
4.97525
4.97525
4.97525
4.97525
4.97525
4.97525
4.97525
4.97525
4.97525
4.97525
4.97525
4.97525
4.97525
4.97525
4.97525
4.97525
4.97525
4.97525
4.97525
4.97525
4.97525
4.97525
4.97525
4.97525
4.97525
4.97525
4.97525
4.97525
4.97525
4.97525
4.97525
4.97525
4.97525
4.97525
4.97525
4.97525
4.97525
4.97525
4.97525
4.97525
4.97525
4.97525
4.97525
4.97525
4.97525
4.97525
4.97525
4.97525
4.97525
4.97525
4.97525
4.97525
4.97525
4.97525
4.97525
4.97525
4.97525
4.97525
4.97525
1.65842
1.65842
1.65842
1.65842
1.65842
1.65842
1.65842
1.65842
1.65842
1.65842
1.65842
1.65842
1.65842
1.65842
1.65842
1.65842
1.65842
1.65842
1.65842
1.65842
1.65842
1.65842
1.65842
1.65842
1.65842
1.65842
1.65842
1.65842
1.65842
1.65842
1.65842
1.65842
1.65842
1.65842
1.65842
1.65842
1.65842
1.65842
1.65842
1.65842
1.65842
1.65841
1.65841
1.65841
1.65841
1.65841
1.65841
1.65841
1.65841
1.65842
1.65841
1.65841
1.65841
1.65841
1.65841
1.65841
1.65841
1.65841
1.65841
1.65841
1.65841
1.65841
1.65841
1.65841
1.65841
1.65841
1.65841
1.65841
1.65841
1.65841
1.65841
1.65841
1.65841
1.65841
1.65841
1.65841
1.65841
1.65841
1.65841
1.65841
1.65841
1.65841
1.65841
1.65841
1.65841
1.65841
1.65841
1.65841
1.65841
1.65841
1.65841
1.65841
1.6584
1.6584
1.6584
1.6584
1.6584
1.6584
1.65841
1.65841
99.9111
99.3305
98.9658
98.6993
98.5611
98.5611
98.6993
98.9658
99.3305
99.9111
90.7892
89.9411
89.3823
88.9873
88.7838
88.7838
88.9873
89.3823
89.9411
90.7892
83.2136
82.2374
81.5999
81.1559
80.9281
80.9281
81.1559
81.5999
82.2374
83.2136
77.9822
76.9793
76.3329
75.8893
75.662
75.662
75.8893
76.3329
76.9793
77.9822
74.0577
73.0626
72.4245
71.9953
71.7756
71.7756
71.9953
72.4245
73.0626
74.0577
70.8816
69.9145
69.293
68.8853
68.6769
68.6769
68.8853
69.2929
69.9145
70.8816
68.2653
67.3473
66.7522
66.3724
66.1791
66.1791
66.3724
66.7522
67.3473
68.2653
66.1025
65.257
64.7008
64.3545
64.179
64.179
64.3545
64.7008
65.257
66.1025
64.3121
63.5555
63.0511
62.7431
62.5872
62.5872
62.7431
63.0511
63.5555
64.3121
62.9115
62.1589
61.7153
61.446
61.3096
61.3096
61.446
61.7153
62.1589
62.9115
64.0429
64.2149
64.402
64.5282
64.5935
64.5935
64.5282
64.402
64.2149
64.0429
64.4537
64.5473
64.6727
64.7533
64.7945
64.7945
64.7533
64.6727
64.5473
64.4537
64.4182
64.4141
64.4653
64.4927
64.5063
64.5063
64.4927
64.4653
64.4141
64.4182
63.9986
63.9043
63.8874
63.8682
63.8577
63.8577
63.8682
63.8874
63.9043
63.9986
63.3971
63.2292
63.1545
63.0979
63.0681
63.0681
63.0979
63.1545
63.2292
63.3971
62.7225
62.4992
62.378
62.2936
62.2496
62.2496
62.2936
62.3779
62.4992
62.7225
62.0293
61.771
61.6162
61.5139
61.4609
61.4609
61.5139
61.6162
61.771
62.0293
61.3489
61.0792
60.9065
60.7959
60.7389
60.7389
60.7959
60.9065
61.0791
61.3488
60.7153
60.4505
60.2724
60.1609
60.1032
60.1032
60.1609
60.2724
60.4505
60.7153
60.2272
59.886
59.7053
59.5944
59.5366
59.5366
59.5944
59.7053
59.886
60.2272
59.4388
59.4239
59.4249
59.4211
59.4194
59.4194
59.4211
59.4249
59.4239
59.4388
59.836
59.8184
59.8183
59.8126
59.8095
59.8095
59.8126
59.8183
59.8184
59.836
60.1614
60.1249
60.113
60.0973
60.0889
60.0889
60.0973
60.113
60.1249
60.1614
60.2029
60.133
60.0988
60.067
60.0501
60.0501
60.067
60.0988
60.133
60.2029
60.05
59.9449
59.8863
59.8386
59.8133
59.8133
59.8386
59.8863
59.9449
60.05
59.7964
59.6609
59.58
59.519
59.4869
59.4869
59.519
59.58
59.6609
59.7963
59.49
59.3324
59.2334
59.1631
59.1262
59.1262
59.1631
59.2334
59.3324
59.49
59.1574
58.9896
58.8793
58.8042
58.765
58.765
58.8042
58.8793
58.9896
59.1574
58.8299
58.6598
58.5429
58.4658
58.4256
58.4256
58.4658
58.5429
58.6598
58.8299
58.5775
58.349
58.2239
58.1442
58.1028
58.1028
58.1442
58.2239
58.349
58.5775
54.6962
54.7153
54.7396
54.7552
54.7635
54.7635
54.7552
54.7396
54.7153
54.6961
54.8944
54.917
54.9448
54.9625
54.9719
54.9719
54.9625
54.9448
54.917
54.8944
55.0599
55.0798
55.1069
55.1235
55.1323
55.1323
55.1235
55.1069
55.0797
55.0599
55.1353
55.1445
55.1646
55.1757
55.1815
55.1815
55.1757
55.1646
55.1445
55.1353
55.141
55.1359
55.1455
55.1491
55.1509
55.1509
55.1491
55.1454
55.1359
55.141
55.1
55.0801
55.0782
55.0741
55.0718
55.0718
55.0741
55.0781
55.0801
55.1
55.0257
54.993
54.9803
54.9696
54.9638
54.9638
54.9696
54.9803
54.993
55.0257
54.9277
54.8868
54.8658
54.85
54.8415
54.8415
54.85
54.8658
54.8868
54.9277
54.8225
54.776
54.7473
54.7273
54.7164
54.7164
54.7273
54.7473
54.776
54.8225
54.7512
54.6656
54.625
54.5985
54.5845
54.5845
54.5985
54.625
54.6656
54.7512
51.4173
51.417
51.4185
51.4184
51.4184
51.4184
51.4184
51.4185
51.417
51.4173
51.5073
51.5102
51.5146
51.5164
51.5173
51.5173
51.5164
51.5146
51.5102
51.5073
51.5983
51.6023
51.6081
51.6105
51.6117
51.6117
51.6105
51.6081
51.6023
51.5983
51.6586
51.6604
51.6649
51.666
51.6665
51.6665
51.666
51.6649
51.6604
51.6586
51.69
51.6874
51.6889
51.6877
51.687
51.687
51.6877
51.6889
51.6874
51.69
51.6992
51.6911
51.6887
51.6848
51.6826
51.6826
51.6848
51.6887
51.6911
51.6992
51.6907
51.6774
51.6709
51.6645
51.6608
51.6608
51.6645
51.6709
51.6774
51.6907
51.6688
51.6517
51.6417
51.6332
51.6284
51.6284
51.6332
51.6417
51.6517
51.6688
51.6418
51.6214
51.6075
51.5967
51.5908
51.5908
51.5967
51.6075
51.6214
51.6418
51.6284
51.5883
51.5676
51.5534
51.5458
51.5458
51.5534
51.5676
51.5883
51.6284
48.0252
48.0279
48.0313
48.0334
48.0344
48.0344
48.0333
48.0313
48.0279
48.0252
48.0609
48.0652
48.07
48.0729
48.0745
48.0745
48.0729
48.07
48.0652
48.0609
48.0967
48.1019
48.1077
48.1113
48.1132
48.1132
48.1113
48.1077
48.1019
48.0967
48.123
48.1278
48.1337
48.1371
48.139
48.139
48.1371
48.1337
48.1278
48.123
48.1398
48.1433
48.1483
48.151
48.1524
48.1524
48.151
48.1483
48.1433
48.1398
48.1483
48.1499
48.1534
48.1551
48.1559
48.1559
48.1551
48.1534
48.1499
48.1483
48.1495
48.149
48.1508
48.1513
48.1515
48.1515
48.1513
48.1508
48.149
48.1495
48.1445
48.1423
48.1425
48.1419
48.1415
48.1415
48.1419
48.1425
48.1423
48.1445
48.1368
48.1328
48.1309
48.1289
48.1278
48.1278
48.1289
48.1309
48.1328
48.1368
48.1355
48.1217
48.1157
48.1114
48.1091
48.1091
48.1114
48.1157
48.1217
48.1355
44.7512
44.7514
44.7518
44.7519
44.7519
44.7519
44.7519
44.7518
44.7514
44.7512
44.7655
44.7665
44.7676
44.7681
44.7683
44.7683
44.7681
44.7676
44.7665
44.7655
44.7819
44.7835
44.7851
44.786
44.7864
44.7864
44.786
44.7851
44.7835
44.7819
44.7958
44.7976
44.7995
44.8004
44.8009
44.8009
44.8004
44.7995
44.7976
44.7958
44.8068
44.8084
44.8102
44.8111
44.8115
44.8115
44.8111
44.8102
44.8084
44.8068
44.8149
44.8161
44.8176
44.8182
44.8185
44.8185
44.8182
44.8176
44.8161
44.8149
44.8204
44.821
44.8221
44.8223
44.8223
44.8223
44.8223
44.8221
44.821
44.8204
44.8235
44.8236
44.8241
44.824
44.8238
44.8238
44.824
44.8241
44.8236
44.8235
44.8257
44.8251
44.8247
44.824
44.8236
44.8236
44.824
44.8247
44.8251
44.8257
44.8303
44.8256
44.8234
44.8217
44.8208
44.8208
44.8217
44.8234
44.8256
44.8303
41.4396
41.4401
41.4407
41.441
41.4412
41.4412
41.441
41.4407
41.4401
41.4396
41.4449
41.4457
41.4465
41.447
41.4472
41.4472
41.447
41.4465
41.4457
41.4449
41.4508
41.4518
41.4529
41.4536
41.454
41.454
41.4536
41.4529
41.4518
41.4508
41.4561
41.4573
41.4586
41.4594
41.4598
41.4598
41.4594
41.4586
41.4573
41.4561
41.4606
41.4619
41.4632
41.464
41.4644
41.4644
41.464
41.4632
41.4619
41.4606
41.4643
41.4654
41.4667
41.4674
41.4677
41.4677
41.4674
41.4667
41.4654
41.4643
41.4669
41.4679
41.469
41.4696
41.4698
41.4698
41.4696
41.469
41.4679
41.4669
41.4686
41.4694
41.4703
41.4707
41.4709
41.4709
41.4707
41.4703
41.4694
41.4686
41.4699
41.4703
41.4708
41.471
41.471
41.471
41.471
41.4708
41.4703
41.4699
41.4721
41.4708
41.4704
41.4701
41.4699
41.4699
41.4701
41.4704
41.4708
41.4721
38.1356
38.1357
38.1358
38.1358
38.1358
38.1358
38.1358
38.1358
38.1357
38.1356
38.1375
38.1378
38.1379
38.138
38.1381
38.1381
38.138
38.1379
38.1378
38.1375
38.14
38.1404
38.1407
38.1409
38.141
38.141
38.1409
38.1407
38.1404
38.14
38.1425
38.143
38.1434
38.1437
38.1438
38.1438
38.1437
38.1434
38.143
38.1425
38.1449
38.1455
38.146
38.1462
38.1464
38.1464
38.1462
38.146
38.1455
38.1449
38.1471
38.1477
38.1482
38.1485
38.1487
38.1487
38.1485
38.1482
38.1477
38.1471
38.1491
38.1497
38.1502
38.1505
38.1506
38.1506
38.1505
38.1502
38.1497
38.1491
38.1508
38.1514
38.1519
38.1521
38.1522
38.1522
38.1521
38.1519
38.1514
38.1508
38.1524
38.1529
38.1533
38.1534
38.1535
38.1535
38.1534
38.1533
38.1529
38.1524
38.1544
38.1542
38.1543
38.1542
38.1542
38.1542
38.1542
38.1543
38.1542
38.1544
34.822
34.8221
34.8222
34.8222
34.8223
34.8223
34.8222
34.8222
34.8221
34.822
34.8226
34.8228
34.8229
34.823
34.823
34.823
34.823
34.8229
34.8228
34.8226
34.8234
34.8236
34.8238
34.8239
34.824
34.824
34.8239
34.8238
34.8236
34.8234
34.8243
34.8246
34.8248
34.825
34.8251
34.8251
34.825
34.8248
34.8246
34.8243
34.8253
34.8256
34.8258
34.826
34.8261
34.8261
34.826
34.8258
34.8256
34.8253
34.8261
34.8265
34.8268
34.827
34.8271
34.8271
34.827
34.8268
34.8265
34.8261
34.827
34.8273
34.8276
34.8278
34.8279
34.8279
34.8278
34.8276
34.8273
34.827
34.8277
34.828
34.8283
34.8285
34.8286
34.8286
34.8285
34.8283
34.828
34.8277
34.8284
34.8287
34.8289
34.8291
34.8291
34.8291
34.8291
34.8289
34.8287
34.8284
34.8292
34.8293
34.8294
34.8294
34.8294
34.8294
34.8294
34.8294
34.8293
34.8292
31.5082
31.5082
31.5082
31.5082
31.5082
31.5082
31.5082
31.5082
31.5082
31.5082
31.5084
31.5084
31.5084
31.5084
31.5084
31.5084
31.5084
31.5084
31.5084
31.5084
31.5087
31.5087
31.5088
31.5088
31.5088
31.5088
31.5088
31.5088
31.5087
31.5087
31.5091
31.5092
31.5092
31.5093
31.5093
31.5093
31.5093
31.5092
31.5092
31.5091
31.5095
31.5096
31.5097
31.5098
31.5098
31.5098
31.5098
31.5097
31.5096
31.5095
31.51
31.5101
31.5103
31.5103
31.5104
31.5104
31.5103
31.5103
31.5101
31.51
31.5105
31.5106
31.5108
31.5108
31.5109
31.5109
31.5108
31.5108
31.5106
31.5105
31.5109
31.5111
31.5113
31.5113
31.5114
31.5114
31.5113
31.5113
31.5111
31.5109
31.5114
31.5116
31.5117
31.5118
31.5118
31.5118
31.5118
31.5117
31.5116
31.5114
31.5119
31.512
31.5121
31.5122
31.5122
31.5122
31.5122
31.5121
31.512
31.5119
28.1922
28.1922
28.1922
28.1922
28.1922
28.1922
28.1922
28.1922
28.1922
28.1922
28.1922
28.1922
28.1922
28.1923
28.1923
28.1923
28.1923
28.1922
28.1922
28.1922
28.1923
28.1923
28.1923
28.1924
28.1924
28.1924
28.1924
28.1923
28.1923
28.1923
28.1924
28.1925
28.1925
28.1925
28.1925
28.1925
28.1925
28.1925
28.1925
28.1924
28.1926
28.1926
28.1927
28.1927
28.1927
28.1927
28.1927
28.1927
28.1926
28.1926
28.1928
28.1928
28.1929
28.1929
28.193
28.193
28.1929
28.1929
28.1928
28.1928
28.1929
28.193
28.1931
28.1931
28.1932
28.1932
28.1931
28.1931
28.193
28.1929
28.1931
28.1932
28.1933
28.1933
28.1934
28.1934
28.1933
28.1933
28.1932
28.1931
28.1933
28.1934
28.1935
28.1935
28.1936
28.1936
28.1935
28.1935
28.1934
28.1933
28.1935
28.1936
28.1937
28.1937
28.1937
28.1937
28.1937
28.1937
28.1936
28.1935
24.8759
24.8759
24.8759
24.8759
24.8759
24.8759
24.8759
24.8759
24.8759
24.8759
24.8759
24.8759
24.8759
24.8759
24.8759
24.8759
24.8759
24.8759
24.8759
24.8759
24.876
24.876
24.876
24.876
24.876
24.876
24.876
24.876
24.876
24.876
24.876
24.876
24.876
24.8761
24.8761
24.8761
24.8761
24.876
24.876
24.876
24.8761
24.8761
24.8761
24.8761
24.8762
24.8762
24.8761
24.8761
24.8761
24.8761
24.8762
24.8762
24.8762
24.8763
24.8763
24.8763
24.8763
24.8762
24.8762
24.8762
24.8763
24.8763
24.8764
24.8764
24.8764
24.8764
24.8764
24.8764
24.8763
24.8763
24.8764
24.8764
24.8765
24.8765
24.8765
24.8765
24.8765
24.8765
24.8764
24.8764
24.8765
24.8765
24.8766
24.8766
24.8766
24.8766
24.8766
24.8766
24.8765
24.8765
24.8766
24.8767
24.8767
24.8767
24.8767
24.8767
24.8767
24.8767
24.8767
24.8766
21.5593
21.5593
21.5593
21.5593
21.5593
21.5593
21.5593
21.5593
21.5593
21.5593
21.5593
21.5593
21.5593
21.5593
21.5593
21.5593
21.5593
21.5593
21.5593
21.5593
21.5593
21.5593
21.5593
21.5593
21.5593
21.5593
21.5593
21.5593
21.5593
21.5593
21.5593
21.5593
21.5593
21.5593
21.5593
21.5593
21.5593
21.5593
21.5593
21.5593
21.5593
21.5593
21.5593
21.5593
21.5593
21.5593
21.5593
21.5593
21.5593
21.5593
21.5593
21.5594
21.5594
21.5594
21.5594
21.5594
21.5594
21.5594
21.5594
21.5593
21.5594
21.5594
21.5594
21.5594
21.5594
21.5594
21.5594
21.5594
21.5594
21.5594
21.5594
21.5594
21.5595
21.5595
21.5595
21.5595
21.5595
21.5595
21.5594
21.5594
21.5595
21.5595
21.5595
21.5595
21.5595
21.5595
21.5595
21.5595
21.5595
21.5595
21.5595
21.5595
21.5595
21.5596
21.5596
21.5596
21.5596
21.5595
21.5595
21.5595
18.2425
18.2425
18.2425
18.2425
18.2425
18.2425
18.2425
18.2425
18.2425
18.2425
18.2425
18.2425
18.2425
18.2425
18.2425
18.2425
18.2425
18.2425
18.2425
18.2425
18.2425
18.2425
18.2425
18.2425
18.2425
18.2425
18.2425
18.2425
18.2425
18.2425
18.2425
18.2425
18.2425
18.2425
18.2425
18.2425
18.2425
18.2425
18.2425
18.2425
18.2426
18.2426
18.2426
18.2426
18.2426
18.2426
18.2426
18.2426
18.2426
18.2426
18.2426
18.2426
18.2426
18.2426
18.2426
18.2426
18.2426
18.2426
18.2426
18.2426
18.2426
18.2426
18.2426
18.2426
18.2426
18.2426
18.2426
18.2426
18.2426
18.2426
18.2426
18.2426
18.2426
18.2426
18.2426
18.2426
18.2426
18.2426
18.2426
18.2426
18.2426
18.2426
18.2427
18.2427
18.2427
18.2427
18.2427
18.2427
18.2426
18.2426
18.2427
18.2427
18.2427
18.2427
18.2427
18.2427
18.2427
18.2427
18.2427
18.2427
14.9257
14.9257
14.9257
14.9257
14.9257
14.9257
14.9257
14.9257
14.9257
14.9257
14.9257
14.9257
14.9257
14.9257
14.9257
14.9257
14.9257
14.9257
14.9257
14.9257
14.9257
14.9257
14.9257
14.9257
14.9257
14.9257
14.9257
14.9257
14.9257
14.9257
14.9257
14.9257
14.9257
14.9257
14.9257
14.9257
14.9257
14.9257
14.9257
14.9257
14.9257
14.9257
14.9257
14.9257
14.9257
14.9257
14.9257
14.9257
14.9257
14.9257
14.9257
14.9257
14.9257
14.9257
14.9257
14.9257
14.9257
14.9257
14.9257
14.9257
14.9257
14.9258
14.9258
14.9258
14.9258
14.9258
14.9258
14.9258
14.9258
14.9257
14.9258
14.9258
14.9258
14.9258
14.9258
14.9258
14.9258
14.9258
14.9258
14.9258
14.9258
14.9258
14.9258
14.9258
14.9258
14.9258
14.9258
14.9258
14.9258
14.9258
14.9258
14.9258
14.9258
14.9258
14.9258
14.9258
14.9258
14.9258
14.9258
14.9258
11.6089
11.6089
11.6089
11.6089
11.6089
11.6089
11.6089
11.6089
11.6089
11.6089
11.6089
11.6089
11.6089
11.6089
11.6089
11.6089
11.6089
11.6089
11.6089
11.6089
11.6089
11.6089
11.6089
11.6089
11.6089
11.6089
11.6089
11.6089
11.6089
11.6089
11.6089
11.6089
11.6089
11.6089
11.6089
11.6089
11.6089
11.6089
11.6089
11.6089
11.6089
11.6089
11.6089
11.6089
11.6089
11.6089
11.6089
11.6089
11.6089
11.6089
11.6089
11.6089
11.6089
11.6089
11.6089
11.6089
11.6089
11.6089
11.6089
11.6089
11.6089
11.6089
11.6089
11.6089
11.6089
11.6089
11.6089
11.6089
11.6089
11.6089
11.6089
11.6089
11.6089
11.6089
11.6089
11.6089
11.6089
11.6089
11.6089
11.6089
11.6089
11.6089
11.6089
11.6089
11.6089
11.6089
11.6089
11.6089
11.6089
11.6089
11.6089
11.6089
11.6089
11.6089
11.6089
11.6089
11.6089
11.6089
11.6089
11.6089
8.29209
8.29209
8.29209
8.29209
8.29209
8.29209
8.29209
8.29209
8.29209
8.29209
8.29209
8.29209
8.29209
8.29209
8.29209
8.29209
8.29209
8.29209
8.29209
8.29209
8.29209
8.29208
8.29208
8.29208
8.29208
8.29208
8.29209
8.29209
8.29209
8.29209
8.29208
8.29208
8.29208
8.29208
8.29208
8.29208
8.29208
8.29208
8.29208
8.29208
8.29208
8.29208
8.29208
8.29208
8.29208
8.29208
8.29208
8.29208
8.29208
8.29208
8.29208
8.29208
8.29208
8.29208
8.29208
8.29208
8.29208
8.29208
8.29208
8.29208
8.29208
8.29208
8.29209
8.29209
8.29209
8.29209
8.29209
8.29209
8.29209
8.29209
8.29209
8.29209
8.29209
8.29209
8.29209
8.29209
8.29209
8.29209
8.29209
8.29209
8.29209
8.29209
8.29209
8.29209
8.29209
8.29209
8.29209
8.29209
8.29209
8.29209
8.29209
8.29209
8.29209
8.29209
8.29209
8.29209
8.29209
8.29209
8.29209
8.29209
4.97525
4.97525
4.97525
4.97525
4.97525
4.97525
4.97525
4.97525
4.97525
4.97525
4.97525
4.97525
4.97525
4.97525
4.97525
4.97525
4.97525
4.97525
4.97525
4.97525
4.97525
4.97525
4.97525
4.97525
4.97525
4.97525
4.97525
4.97525
4.97525
4.97525
4.97525
4.97525
4.97525
4.97525
4.97525
4.97525
4.97525
4.97525
4.97525
4.97525
4.97525
4.97525
4.97525
4.97525
4.97525
4.97525
4.97525
4.97525
4.97525
4.97525
4.97525
4.97525
4.97525
4.97525
4.97525
4.97525
4.97525
4.97525
4.97525
4.97525
4.97525
4.97525
4.97525
4.97525
4.97525
4.97525
4.97525
4.97525
4.97525
4.97525
4.97525
4.97525
4.97525
4.97525
4.97525
4.97525
4.97525
4.97525
4.97525
4.97525
4.97525
4.97525
4.97525
4.97525
4.97525
4.97525
4.97525
4.97525
4.97525
4.97525
4.97525
4.97525
4.97525
4.97525
4.97525
4.97525
4.97525
4.97525
4.97525
4.97525
1.65842
1.65842
1.65842
1.65842
1.65842
1.65842
1.65842
1.65842
1.65842
1.65842
1.65842
1.65842
1.65842
1.65842
1.65842
1.65842
1.65842
1.65842
1.65842
1.65842
1.65842
1.65842
1.65842
1.65842
1.65842
1.65842
1.65842
1.65842
1.65842
1.65842
1.65842
1.65842
1.65842
1.65842
1.65842
1.65842
1.65842
1.65842
1.65842
1.65842
1.65842
1.65841
1.65841
1.65841
1.65841
1.65841
1.65841
1.65841
1.65841
1.65842
1.65841
1.65841
1.65841
1.65841
1.65841
1.65841
1.65841
1.65841
1.65841
1.65841
1.65841
1.65841
1.65841
1.65841
1.65841
1.65841
1.65841
1.65841
1.65841
1.65841
1.65841
1.65841
1.65841
1.65841
1.65841
1.65841
1.65841
1.65841
1.65841
1.65841
1.65841
1.65841
1.65841
1.65841
1.65841
1.65841
1.65841
1.65841
1.65841
1.65841
1.65841
1.65841
1.6584
1.6584
1.6584
1.6584
1.6584
1.6584
1.65841
1.65841
99.9111
99.3305
98.9658
98.6992
98.5611
98.5611
98.6992
98.9658
99.3305
99.9111
90.7892
89.9411
89.3823
88.9873
88.7838
88.7838
88.9873
89.3823
89.9411
90.7892
83.2136
82.2374
81.5999
81.1559
80.9281
80.9281
81.1559
81.5999
82.2374
83.2136
77.9822
76.9793
76.3329
75.8893
75.662
75.662
75.8893
76.3329
76.9793
77.9822
74.0577
73.0626
72.4245
71.9953
71.7756
71.7756
71.9953
72.4245
73.0626
74.0577
70.8816
69.9145
69.2929
68.8852
68.6769
68.6769
68.8852
69.2929
69.9145
70.8816
68.2653
67.3473
66.7522
66.3724
66.1791
66.1791
66.3724
66.7522
67.3473
68.2653
66.1025
65.257
64.7008
64.3545
64.179
64.179
64.3545
64.7008
65.257
66.1025
64.3121
63.5555
63.0511
62.7431
62.5872
62.5872
62.7431
63.0511
63.5555
64.312
62.9115
62.1589
61.7153
61.446
61.3096
61.3096
61.446
61.7153
62.1589
62.9115
64.0429
64.2149
64.402
64.5282
64.5935
64.5935
64.5282
64.402
64.2149
64.0429
64.4537
64.5473
64.6727
64.7533
64.7945
64.7945
64.7533
64.6727
64.5473
64.4537
64.4182
64.4141
64.4652
64.4927
64.5063
64.5063
64.4927
64.4652
64.4141
64.4182
63.9986
63.9043
63.8874
63.8682
63.8577
63.8577
63.8682
63.8874
63.9043
63.9986
63.3971
63.2292
63.1545
63.0979
63.0681
63.0681
63.0979
63.1545
63.2292
63.3971
62.7225
62.4992
62.3779
62.2936
62.2496
62.2496
62.2936
62.3779
62.4992
62.7225
62.0293
61.7709
61.6162
61.5139
61.4609
61.4609
61.5139
61.6162
61.7709
62.0293
61.3488
61.0791
60.9065
60.7959
60.7389
60.7389
60.7959
60.9065
61.0791
61.3488
60.7153
60.4505
60.2723
60.1609
60.1031
60.1031
60.1609
60.2723
60.4505
60.7153
60.2272
59.886
59.7053
59.5944
59.5366
59.5366
59.5944
59.7053
59.886
60.2272
59.4388
59.4239
59.4249
59.4211
59.4194
59.4194
59.4211
59.4249
59.4239
59.4388
59.836
59.8184
59.8183
59.8125
59.8095
59.8095
59.8125
59.8183
59.8184
59.836
60.1614
60.1249
60.113
60.0973
60.0889
60.0889
60.0973
60.113
60.1249
60.1614
60.2029
60.133
60.0988
60.067
60.0501
60.0501
60.067
60.0987
60.133
60.2029
60.05
59.9449
59.8863
59.8386
59.8133
59.8133
59.8386
59.8863
59.9449
60.05
59.7963
59.6609
59.58
59.519
59.4869
59.4869
59.519
59.5799
59.6609
59.7963
59.49
59.3324
59.2334
59.163
59.1262
59.1262
59.163
59.2334
59.3324
59.49
59.1574
58.9896
58.8793
58.8042
58.7649
58.7649
58.8042
58.8793
58.9896
59.1574
58.8299
58.6598
58.5429
58.4658
58.4256
58.4256
58.4658
58.5429
58.6598
58.8299
58.5775
58.349
58.2239
58.1442
58.1028
58.1028
58.1442
58.2239
58.349
58.5775
54.6961
54.7153
54.7396
54.7552
54.7635
54.7635
54.7552
54.7396
54.7153
54.6961
54.8944
54.917
54.9448
54.9625
54.9719
54.9719
54.9625
54.9448
54.917
54.8944
55.0599
55.0797
55.1069
55.1235
55.1323
55.1323
55.1235
55.1069
55.0797
55.0599
55.1353
55.1445
55.1646
55.1757
55.1815
55.1815
55.1757
55.1646
55.1445
55.1353
55.141
55.1359
55.1454
55.1491
55.1509
55.1509
55.1491
55.1454
55.1359
55.141
55.1
55.0801
55.0781
55.0741
55.0718
55.0718
55.0741
55.0781
55.0801
55.1
55.0257
54.993
54.9803
54.9696
54.9638
54.9638
54.9696
54.9803
54.993
55.0257
54.9277
54.8868
54.8658
54.85
54.8415
54.8415
54.85
54.8658
54.8868
54.9277
54.8225
54.776
54.7473
54.7272
54.7164
54.7164
54.7272
54.7473
54.776
54.8225
54.7512
54.6656
54.625
54.5985
54.5844
54.5844
54.5985
54.625
54.6656
54.7512
51.4173
51.417
51.4185
51.4184
51.4184
51.4184
51.4184
51.4185
51.417
51.4173
51.5073
51.5102
51.5146
51.5164
51.5173
51.5173
51.5164
51.5146
51.5102
51.5073
51.5983
51.6023
51.6081
51.6105
51.6117
51.6117
51.6105
51.6081
51.6023
51.5983
51.6586
51.6604
51.6649
51.666
51.6665
51.6665
51.666
51.6649
51.6604
51.6586
51.69
51.6874
51.6889
51.6877
51.6869
51.6869
51.6877
51.6889
51.6874
51.69
51.6992
51.6911
51.6887
51.6848
51.6826
51.6826
51.6848
51.6887
51.6911
51.6992
51.6907
51.6774
51.6709
51.6644
51.6608
51.6608
51.6644
51.6709
51.6774
51.6907
51.6688
51.6517
51.6417
51.6332
51.6284
51.6284
51.6332
51.6417
51.6517
51.6688
51.6418
51.6214
51.6075
51.5967
51.5908
51.5908
51.5967
51.6075
51.6214
51.6418
51.6284
51.5883
51.5676
51.5534
51.5458
51.5458
51.5534
51.5676
51.5883
51.6284
48.0252
48.0279
48.0313
48.0333
48.0344
48.0344
48.0333
48.0313
48.0279
48.0252
48.0609
48.0652
48.07
48.0729
48.0745
48.0745
48.0729
48.07
48.0652
48.0609
48.0967
48.1019
48.1077
48.1113
48.1132
48.1132
48.1113
48.1077
48.1019
48.0967
48.123
48.1278
48.1337
48.1371
48.1389
48.1389
48.1371
48.1337
48.1278
48.123
48.1398
48.1433
48.1483
48.151
48.1524
48.1524
48.151
48.1483
48.1433
48.1398
48.1483
48.1499
48.1534
48.1551
48.1559
48.1559
48.1551
48.1534
48.1499
48.1483
48.1495
48.149
48.1508
48.1513
48.1515
48.1515
48.1513
48.1508
48.149
48.1495
48.1445
48.1423
48.1425
48.1419
48.1414
48.1414
48.1419
48.1425
48.1423
48.1445
48.1368
48.1328
48.1309
48.1289
48.1278
48.1278
48.1289
48.1309
48.1328
48.1368
48.1355
48.1217
48.1157
48.1114
48.1091
48.1091
48.1114
48.1157
48.1217
48.1354
44.7512
44.7514
44.7518
44.7519
44.7519
44.7519
44.7519
44.7518
44.7514
44.7512
44.7655
44.7665
44.7676
44.7681
44.7683
44.7683
44.7681
44.7676
44.7665
44.7655
44.7819
44.7835
44.7851
44.786
44.7864
44.7864
44.786
44.7851
44.7835
44.7819
44.7958
44.7976
44.7995
44.8004
44.8009
44.8009
44.8004
44.7995
44.7976
44.7958
44.8068
44.8084
44.8102
44.8111
44.8115
44.8115
44.8111
44.8102
44.8084
44.8068
44.8149
44.8161
44.8176
44.8182
44.8184
44.8184
44.8182
44.8176
44.8161
44.8149
44.8204
44.821
44.822
44.8223
44.8223
44.8223
44.8223
44.822
44.821
44.8204
44.8235
44.8236
44.8241
44.824
44.8238
44.8238
44.824
44.8241
44.8236
44.8235
44.8257
44.8251
44.8247
44.824
44.8236
44.8236
44.824
44.8247
44.8251
44.8257
44.8303
44.8256
44.8234
44.8217
44.8208
44.8208
44.8217
44.8234
44.8256
44.8303
41.4396
41.4401
41.4407
41.441
41.4412
41.4412
41.441
41.4407
41.4401
41.4396
41.4449
41.4457
41.4465
41.447
41.4472
41.4472
41.447
41.4465
41.4457
41.4449
41.4508
41.4518
41.4529
41.4536
41.454
41.454
41.4536
41.4529
41.4518
41.4508
41.4561
41.4573
41.4586
41.4594
41.4598
41.4598
41.4594
41.4586
41.4573
41.4561
41.4606
41.4619
41.4632
41.464
41.4644
41.4644
41.464
41.4632
41.4619
41.4606
41.4643
41.4654
41.4667
41.4674
41.4677
41.4677
41.4674
41.4667
41.4654
41.4643
41.4669
41.4679
41.469
41.4696
41.4698
41.4698
41.4696
41.469
41.4679
41.4669
41.4686
41.4694
41.4703
41.4707
41.4709
41.4709
41.4707
41.4703
41.4694
41.4686
41.4698
41.4703
41.4708
41.471
41.471
41.471
41.471
41.4708
41.4703
41.4698
41.4721
41.4708
41.4704
41.4701
41.4699
41.4699
41.4701
41.4704
41.4708
41.4721
38.1356
38.1357
38.1358
38.1358
38.1358
38.1358
38.1358
38.1358
38.1357
38.1356
38.1375
38.1378
38.1379
38.138
38.1381
38.1381
38.138
38.1379
38.1378
38.1375
38.14
38.1404
38.1407
38.1409
38.141
38.141
38.1409
38.1407
38.1404
38.14
38.1425
38.143
38.1434
38.1437
38.1438
38.1438
38.1437
38.1434
38.143
38.1425
38.1449
38.1455
38.146
38.1462
38.1464
38.1464
38.1462
38.146
38.1455
38.1449
38.1471
38.1477
38.1482
38.1485
38.1487
38.1487
38.1485
38.1482
38.1477
38.1471
38.1491
38.1497
38.1502
38.1505
38.1506
38.1506
38.1505
38.1502
38.1497
38.1491
38.1508
38.1514
38.1519
38.1521
38.1522
38.1522
38.1521
38.1519
38.1514
38.1508
38.1524
38.1529
38.1533
38.1534
38.1535
38.1535
38.1534
38.1533
38.1529
38.1524
38.1544
38.1542
38.1543
38.1542
38.1542
38.1542
38.1542
38.1543
38.1542
38.1544
34.822
34.8221
34.8222
34.8222
34.8223
34.8223
34.8222
34.8222
34.8221
34.822
34.8226
34.8228
34.8229
34.823
34.823
34.823
34.823
34.8229
34.8228
34.8226
34.8234
34.8236
34.8238
34.8239
34.824
34.824
34.8239
34.8238
34.8236
34.8234
34.8243
34.8246
34.8248
34.825
34.8251
34.8251
34.825
34.8248
34.8246
34.8243
34.8253
34.8256
34.8258
34.826
34.8261
34.8261
34.826
34.8258
34.8256
34.8253
34.8261
34.8265
34.8268
34.827
34.8271
34.8271
34.827
34.8268
34.8265
34.8261
34.827
34.8273
34.8276
34.8278
34.8279
34.8279
34.8278
34.8276
34.8273
34.827
34.8277
34.828
34.8283
34.8285
34.8286
34.8286
34.8285
34.8283
34.828
34.8277
34.8284
34.8287
34.8289
34.8291
34.8291
34.8291
34.8291
34.8289
34.8287
34.8284
34.8292
34.8293
34.8294
34.8294
34.8294
34.8294
34.8294
34.8294
34.8293
34.8292
31.5082
31.5082
31.5082
31.5082
31.5082
31.5082
31.5082
31.5082
31.5082
31.5082
31.5084
31.5084
31.5084
31.5084
31.5084
31.5084
31.5084
31.5084
31.5084
31.5084
31.5087
31.5087
31.5088
31.5088
31.5088
31.5088
31.5088
31.5088
31.5087
31.5087
31.5091
31.5092
31.5092
31.5093
31.5093
31.5093
31.5093
31.5092
31.5092
31.5091
31.5095
31.5096
31.5097
31.5098
31.5098
31.5098
31.5098
31.5097
31.5096
31.5095
31.51
31.5101
31.5103
31.5103
31.5104
31.5104
31.5103
31.5103
31.5101
31.51
31.5105
31.5106
31.5108
31.5108
31.5109
31.5109
31.5108
31.5108
31.5106
31.5105
31.5109
31.5111
31.5113
31.5113
31.5114
31.5114
31.5113
31.5113
31.5111
31.5109
31.5114
31.5116
31.5117
31.5118
31.5118
31.5118
31.5118
31.5117
31.5116
31.5114
31.5119
31.512
31.5121
31.5122
31.5122
31.5122
31.5122
31.5121
31.512
31.5119
28.1922
28.1922
28.1922
28.1922
28.1922
28.1922
28.1922
28.1922
28.1922
28.1922
28.1922
28.1922
28.1922
28.1923
28.1923
28.1923
28.1923
28.1922
28.1922
28.1922
28.1923
28.1923
28.1923
28.1924
28.1924
28.1924
28.1924
28.1923
28.1923
28.1923
28.1924
28.1925
28.1925
28.1925
28.1925
28.1925
28.1925
28.1925
28.1925
28.1924
28.1926
28.1926
28.1927
28.1927
28.1927
28.1927
28.1927
28.1927
28.1926
28.1926
28.1928
28.1928
28.1929
28.1929
28.193
28.193
28.1929
28.1929
28.1928
28.1928
28.1929
28.193
28.1931
28.1931
28.1932
28.1932
28.1931
28.1931
28.193
28.1929
28.1931
28.1932
28.1933
28.1933
28.1934
28.1934
28.1933
28.1933
28.1932
28.1931
28.1933
28.1934
28.1935
28.1935
28.1936
28.1936
28.1935
28.1935
28.1934
28.1933
28.1935
28.1936
28.1937
28.1937
28.1937
28.1937
28.1937
28.1937
28.1936
28.1935
24.8759
24.8759
24.8759
24.8759
24.8759
24.8759
24.8759
24.8759
24.8759
24.8759
24.8759
24.8759
24.8759
24.8759
24.8759
24.8759
24.8759
24.8759
24.8759
24.8759
24.876
24.876
24.876
24.876
24.876
24.876
24.876
24.876
24.876
24.876
24.876
24.876
24.876
24.8761
24.8761
24.8761
24.8761
24.876
24.876
24.876
24.8761
24.8761
24.8761
24.8761
24.8762
24.8762
24.8761
24.8761
24.8761
24.8761
24.8762
24.8762
24.8762
24.8763
24.8763
24.8763
24.8763
24.8762
24.8762
24.8762
24.8763
24.8763
24.8764
24.8764
24.8764
24.8764
24.8764
24.8764
24.8763
24.8763
24.8764
24.8764
24.8765
24.8765
24.8765
24.8765
24.8765
24.8765
24.8764
24.8764
24.8765
24.8765
24.8766
24.8766
24.8766
24.8766
24.8766
24.8766
24.8765
24.8765
24.8766
24.8767
24.8767
24.8767
24.8767
24.8767
24.8767
24.8767
24.8767
24.8766
21.5593
21.5593
21.5593
21.5593
21.5593
21.5593
21.5593
21.5593
21.5593
21.5593
21.5593
21.5593
21.5593
21.5593
21.5593
21.5593
21.5593
21.5593
21.5593
21.5593
21.5593
21.5593
21.5593
21.5593
21.5593
21.5593
21.5593
21.5593
21.5593
21.5593
21.5593
21.5593
21.5593
21.5593
21.5593
21.5593
21.5593
21.5593
21.5593
21.5593
21.5593
21.5593
21.5593
21.5593
21.5593
21.5593
21.5593
21.5593
21.5593
21.5593
21.5593
21.5594
21.5594
21.5594
21.5594
21.5594
21.5594
21.5594
21.5594
21.5593
21.5594
21.5594
21.5594
21.5594
21.5594
21.5594
21.5594
21.5594
21.5594
21.5594
21.5594
21.5594
21.5595
21.5595
21.5595
21.5595
21.5595
21.5595
21.5594
21.5594
21.5595
21.5595
21.5595
21.5595
21.5595
21.5595
21.5595
21.5595
21.5595
21.5595
21.5595
21.5595
21.5595
21.5596
21.5596
21.5596
21.5596
21.5595
21.5595
21.5595
18.2425
18.2425
18.2425
18.2425
18.2425
18.2425
18.2425
18.2425
18.2425
18.2425
18.2425
18.2425
18.2425
18.2425
18.2425
18.2425
18.2425
18.2425
18.2425
18.2425
18.2425
18.2425
18.2425
18.2425
18.2425
18.2425
18.2425
18.2425
18.2425
18.2425
18.2425
18.2425
18.2425
18.2425
18.2425
18.2425
18.2425
18.2425
18.2425
18.2425
18.2426
18.2426
18.2426
18.2426
18.2426
18.2426
18.2426
18.2426
18.2426
18.2426
18.2426
18.2426
18.2426
18.2426
18.2426
18.2426
18.2426
18.2426
18.2426
18.2426
18.2426
18.2426
18.2426
18.2426
18.2426
18.2426
18.2426
18.2426
18.2426
18.2426
18.2426
18.2426
18.2426
18.2426
18.2426
18.2426
18.2426
18.2426
18.2426
18.2426
18.2426
18.2426
18.2427
18.2427
18.2427
18.2427
18.2427
18.2427
18.2426
18.2426
18.2427
18.2427
18.2427
18.2427
18.2427
18.2427
18.2427
18.2427
18.2427
18.2427
14.9257
14.9257
14.9257
14.9257
14.9257
14.9257
14.9257
14.9257
14.9257
14.9257
14.9257
14.9257
14.9257
14.9257
14.9257
14.9257
14.9257
14.9257
14.9257
14.9257
14.9257
14.9257
14.9257
14.9257
14.9257
14.9257
14.9257
14.9257
14.9257
14.9257
14.9257
14.9257
14.9257
14.9257
14.9257
14.9257
14.9257
14.9257
14.9257
14.9257
14.9257
14.9257
14.9257
14.9257
14.9257
14.9257
14.9257
14.9257
14.9257
14.9257
14.9257
14.9257
14.9257
14.9257
14.9257
14.9257
14.9257
14.9257
14.9257
14.9257
14.9257
14.9258
14.9258
14.9258
14.9258
14.9258
14.9258
14.9258
14.9258
14.9257
14.9258
14.9258
14.9258
14.9258
14.9258
14.9258
14.9258
14.9258
14.9258
14.9258
14.9258
14.9258
14.9258
14.9258
14.9258
14.9258
14.9258
14.9258
14.9258
14.9258
14.9258
14.9258
14.9258
14.9258
14.9258
14.9258
14.9258
14.9258
14.9258
14.9258
11.6089
11.6089
11.6089
11.6089
11.6089
11.6089
11.6089
11.6089
11.6089
11.6089
11.6089
11.6089
11.6089
11.6089
11.6089
11.6089
11.6089
11.6089
11.6089
11.6089
11.6089
11.6089
11.6089
11.6089
11.6089
11.6089
11.6089
11.6089
11.6089
11.6089
11.6089
11.6089
11.6089
11.6089
11.6089
11.6089
11.6089
11.6089
11.6089
11.6089
11.6089
11.6089
11.6089
11.6089
11.6089
11.6089
11.6089
11.6089
11.6089
11.6089
11.6089
11.6089
11.6089
11.6089
11.6089
11.6089
11.6089
11.6089
11.6089
11.6089
11.6089
11.6089
11.6089
11.6089
11.6089
11.6089
11.6089
11.6089
11.6089
11.6089
11.6089
11.6089
11.6089
11.6089
11.6089
11.6089
11.6089
11.6089
11.6089
11.6089
11.6089
11.6089
11.6089
11.6089
11.6089
11.6089
11.6089
11.6089
11.6089
11.6089
11.6089
11.6089
11.6089
11.6089
11.6089
11.6089
11.6089
11.6089
11.6089
11.6089
8.29209
8.29209
8.29209
8.29209
8.29209
8.29209
8.29209
8.29209
8.29209
8.29209
8.29209
8.29209
8.29209
8.29209
8.29209
8.29209
8.29209
8.29209
8.29209
8.29209
8.29209
8.29209
8.29209
8.29209
8.29209
8.29209
8.29209
8.29209
8.29209
8.29209
8.29208
8.29208
8.29208
8.29208
8.29208
8.29208
8.29208
8.29208
8.29208
8.29208
8.29208
8.29208
8.29208
8.29208
8.29208
8.29208
8.29208
8.29208
8.29208
8.29208
8.29208
8.29208
8.29209
8.29209
8.29209
8.29209
8.29209
8.29209
8.29209
8.29208
8.29209
8.29209
8.29209
8.29209
8.29209
8.29209
8.29209
8.29209
8.29209
8.29209
8.29209
8.29209
8.29209
8.29209
8.29209
8.29209
8.29209
8.29209
8.29209
8.29209
8.29209
8.29209
8.29209
8.29209
8.29209
8.29209
8.29209
8.29209
8.29209
8.29209
8.29209
8.29209
8.29209
8.29209
8.29209
8.29209
8.29209
8.29209
8.29209
8.29209
4.97525
4.97525
4.97525
4.97525
4.97525
4.97525
4.97525
4.97525
4.97525
4.97525
4.97525
4.97525
4.97525
4.97525
4.97525
4.97525
4.97525
4.97525
4.97525
4.97525
4.97525
4.97525
4.97525
4.97525
4.97525
4.97525
4.97525
4.97525
4.97525
4.97525
4.97525
4.97525
4.97525
4.97525
4.97525
4.97525
4.97525
4.97525
4.97525
4.97525
4.97525
4.97525
4.97525
4.97525
4.97525
4.97525
4.97525
4.97525
4.97525
4.97525
4.97525
4.97525
4.97525
4.97525
4.97525
4.97525
4.97525
4.97525
4.97525
4.97525
4.97525
4.97525
4.97525
4.97525
4.97525
4.97525
4.97525
4.97525
4.97525
4.97525
4.97525
4.97525
4.97525
4.97525
4.97525
4.97525
4.97525
4.97525
4.97525
4.97525
4.97525
4.97525
4.97525
4.97525
4.97525
4.97525
4.97525
4.97525
4.97525
4.97525
4.97525
4.97525
4.97525
4.97525
4.97525
4.97525
4.97525
4.97525
4.97525
4.97525
1.65842
1.65842
1.65842
1.65842
1.65842
1.65842
1.65842
1.65842
1.65842
1.65842
1.65842
1.65842
1.65842
1.65842
1.65842
1.65842
1.65842
1.65842
1.65842
1.65842
1.65842
1.65842
1.65842
1.65842
1.65842
1.65842
1.65842
1.65842
1.65842
1.65842
1.65842
1.65842
1.65842
1.65842
1.65842
1.65842
1.65842
1.65842
1.65842
1.65842
1.65842
1.65842
1.65841
1.65841
1.65841
1.65841
1.65841
1.65841
1.65842
1.65842
1.65841
1.65841
1.65841
1.65841
1.65841
1.65841
1.65841
1.65841
1.65841
1.65841
1.65841
1.65841
1.65841
1.65841
1.65841
1.65841
1.65841
1.65841
1.65841
1.65841
1.65841
1.65841
1.65841
1.65841
1.65841
1.65841
1.65841
1.65841
1.65841
1.65841
1.65841
1.65841
1.65841
1.65841
1.65841
1.65841
1.65841
1.65841
1.65841
1.65841
1.65841
1.65841
1.65841
1.6584
1.6584
1.6584
1.65841
1.65841
1.65841
1.65841
61.9226
61.2422
60.8121
60.5389
60.4034
60.4034
60.5389
60.8121
61.2422
61.9226
61.2422
60.6625
60.2269
59.9367
59.7929
59.7929
59.9367
60.2269
60.6625
61.2422
60.8121
60.2269
59.7735
59.4717
59.3229
59.3229
59.4717
59.7735
60.2269
60.8121
60.5389
59.9367
59.4717
59.1645
59.0134
59.0135
59.1645
59.4717
59.9367
60.5389
60.4034
59.7929
59.3229
59.0135
58.8614
58.8614
59.0135
59.3229
59.7929
60.4034
60.4034
59.7929
59.3229
59.0135
58.8614
58.8614
59.0135
59.3229
59.7929
60.4034
60.5389
59.9367
59.4717
59.1645
59.0135
59.0135
59.1645
59.4717
59.9367
60.5389
60.8121
60.2269
59.7735
59.4717
59.3229
59.3229
59.4717
59.7735
60.2269
60.8121
61.2422
60.6625
60.2269
59.9367
59.7929
59.7929
59.9367
60.2269
60.6625
61.2422
61.9226
61.2422
60.8121
60.5389
60.4034
60.4034
60.5389
60.8121
61.2422
61.9226
59.7286
59.45
59.2839
59.175
59.1197
59.1197
59.175
59.2839
59.45
59.7286
59.45
59.2277
59.0415
58.9122
58.8475
58.8475
58.9122
59.0415
59.2277
59.45
59.2839
59.0415
58.833
58.6903
58.6197
58.6197
58.6903
58.833
59.0415
59.2839
59.175
58.9122
58.6903
58.5404
58.4666
58.4666
58.5404
58.6903
58.9122
59.175
59.1197
58.8475
58.6197
58.4666
58.3912
58.3912
58.4666
58.6197
58.8475
59.1197
59.1197
58.8475
58.6197
58.4666
58.3912
58.3912
58.4666
58.6197
58.8475
59.1197
59.175
58.9122
58.6903
58.5404
58.4666
58.4666
58.5404
58.6903
58.9122
59.175
59.2839
59.0415
58.833
58.6903
58.6197
58.6197
58.6903
58.833
59.0415
59.2839
59.45
59.2277
59.0415
58.9122
58.8475
58.8475
58.9122
59.0415
59.2277
59.45
59.7286
59.45
59.2839
59.175
59.1197
59.1197
59.175
59.2839
59.45
59.7286
58.2071
58.0512
57.9545
57.8878
57.8534
57.8534
57.8878
57.9545
58.0512
58.2071
58.0512
57.9247
57.8093
57.7264
57.6846
57.6846
57.7264
57.8093
57.9247
58.0512
57.9545
57.8093
57.6757
57.5824
57.536
57.536
57.5824
57.6757
57.8093
57.9545
57.8878
57.7264
57.5824
57.4837
57.4349
57.4349
57.4837
57.5824
57.7264
57.8878
57.8534
57.6846
57.536
57.4349
57.3849
57.3849
57.4349
57.536
57.6846
57.8534
57.8534
57.6846
57.536
57.4349
57.3849
57.3849
57.4349
57.536
57.6846
57.8534
57.8878
57.7264
57.5824
57.4837
57.4349
57.4349
57.4837
57.5824
57.7264
57.8878
57.9545
57.8093
57.6757
57.5824
57.536
57.536
57.5824
57.6757
57.8093
57.9546
58.0512
57.9247
57.8093
57.7264
57.6846
57.6846
57.7264
57.8093
57.9247
58.0512
58.2071
58.0512
57.9545
57.8878
57.8534
57.8535
57.8878
57.9546
58.0512
58.2072
54.569
54.5289
54.506
54.4882
54.4787
54.4787
54.4882
54.506
54.5289
54.569
54.5289
54.4971
54.4596
54.4308
54.4162
54.4162
54.4308
54.4596
54.4971
54.529
54.506
54.4596
54.4107
54.3755
54.3581
54.3581
54.3755
54.4107
54.4596
54.506
54.4882
54.4308
54.3755
54.3371
54.3181
54.3181
54.3371
54.3755
54.4308
54.4882
54.4787
54.4162
54.3581
54.3181
54.2984
54.2984
54.3181
54.3581
54.4162
54.4787
54.4787
54.4162
54.3581
54.3181
54.2984
54.2984
54.3181
54.3581
54.4162
54.4787
54.4882
54.4308
54.3755
54.3371
54.3181
54.3181
54.3371
54.3755
54.4308
54.4882
54.506
54.4596
54.4107
54.3755
54.3581
54.3581
54.3755
54.4107
54.4597
54.506
54.5289
54.4971
54.4596
54.4308
54.4162
54.4162
54.4308
54.4597
54.4971
54.529
54.569
54.529
54.506
54.4882
54.4787
54.4787
54.4882
54.506
54.529
54.569
51.5358
51.5245
51.5173
51.5107
51.507
51.507
51.5107
51.5173
51.5245
51.5358
51.5245
51.5159
51.5014
51.4892
51.4829
51.4829
51.4892
51.5014
51.5159
51.5245
51.5173
51.5014
51.4808
51.4655
51.4578
51.4578
51.4655
51.4808
51.5014
51.5174
51.5107
51.4892
51.4655
51.4486
51.4402
51.4402
51.4486
51.4655
51.4892
51.5107
51.507
51.4829
51.4578
51.4402
51.4314
51.4314
51.4402
51.4578
51.4829
51.507
51.507
51.4829
51.4578
51.4402
51.4314
51.4314
51.4402
51.4578
51.4829
51.507
51.5107
51.4892
51.4655
51.4486
51.4402
51.4402
51.4486
51.4655
51.4892
51.5107
51.5173
51.5014
51.4808
51.4655
51.4578
51.4578
51.4655
51.4808
51.5014
51.5174
51.5245
51.5159
51.5014
51.4892
51.4829
51.4829
51.4892
51.5014
51.5159
51.5245
51.5358
51.5245
51.5174
51.5107
51.507
51.507
51.5107
51.5174
51.5245
51.5358
48.0926
48.0928
48.0932
48.0926
48.0921
48.0921
48.0926
48.0932
48.0928
48.0926
48.0928
48.0929
48.0891
48.0855
48.0836
48.0836
48.0855
48.0891
48.0929
48.0928
48.0932
48.0891
48.0823
48.0771
48.0745
48.0745
48.0771
48.0823
48.0891
48.0932
48.0926
48.0855
48.0771
48.071
48.0681
48.0681
48.071
48.0771
48.0855
48.0926
48.0921
48.0836
48.0745
48.0681
48.0649
48.0649
48.0681
48.0745
48.0836
48.0921
48.0921
48.0836
48.0745
48.0681
48.0649
48.0649
48.0681
48.0745
48.0836
48.0921
48.0926
48.0855
48.0771
48.071
48.0681
48.0681
48.071
48.0771
48.0855
48.0926
48.0932
48.0891
48.0823
48.0771
48.0745
48.0745
48.0771
48.0823
48.0891
48.0933
48.0928
48.0929
48.0891
48.0855
48.0836
48.0836
48.0855
48.0891
48.0929
48.0929
48.0926
48.0928
48.0932
48.0926
48.0921
48.0921
48.0926
48.0933
48.0929
48.0926
44.8133
44.8155
44.8169
44.8173
44.8175
44.8175
44.8173
44.8169
44.8155
44.8133
44.8155
44.8176
44.8173
44.8166
44.8162
44.8162
44.8166
44.8173
44.8176
44.8155
44.8169
44.8173
44.8158
44.8145
44.8138
44.8138
44.8145
44.8158
44.8173
44.8169
44.8173
44.8166
44.8145
44.8129
44.8121
44.8121
44.8129
44.8145
44.8166
44.8173
44.8175
44.8162
44.8138
44.8121
44.8112
44.8112
44.8121
44.8138
44.8162
44.8175
44.8175
44.8162
44.8138
44.8121
44.8112
44.8112
44.8121
44.8138
44.8162
44.8175
44.8173
44.8166
44.8145
44.8129
44.8121
44.8121
44.8129
44.8145
44.8166
44.8173
44.8169
44.8173
44.8158
44.8145
44.8138
44.8138
44.8145
44.8158
44.8173
44.8169
44.8155
44.8176
44.8173
44.8166
44.8162
44.8162
44.8166
44.8173
44.8176
44.8155
44.8133
44.8155
44.8169
44.8173
44.8175
44.8175
44.8173
44.8169
44.8155
44.8133
41.465
41.4666
41.4676
41.4681
41.4684
41.4684
41.4681
41.4676
41.4666
41.465
41.4666
41.4679
41.4681
41.4681
41.4681
41.4681
41.4681
41.4681
41.4679
41.4666
41.4676
41.4681
41.4679
41.4675
41.4674
41.4674
41.4675
41.4679
41.4681
41.4676
41.4681
41.4681
41.4675
41.4671
41.4669
41.4669
41.4671
41.4675
41.4681
41.4681
41.4684
41.4681
41.4674
41.4669
41.4666
41.4666
41.4669
41.4674
41.4681
41.4684
41.4684
41.4681
41.4674
41.4669
41.4666
41.4666
41.4669
41.4674
41.4681
41.4684
41.4681
41.4681
41.4675
41.4671
41.4669
41.4669
41.4671
41.4675
41.4681
41.4681
41.4676
41.4681
41.4679
41.4675
41.4674
41.4674
41.4675
41.4679
41.4681
41.4676
41.4666
41.4679
41.4681
41.4681
41.4681
41.4681
41.4681
41.4681
41.4679
41.4666
41.465
41.4666
41.4676
41.4681
41.4684
41.4684
41.4681
41.4676
41.4666
41.465
38.1522
38.1532
38.154
38.1544
38.1545
38.1545
38.1544
38.154
38.1532
38.1522
38.1532
38.1543
38.1547
38.1549
38.155
38.155
38.1549
38.1547
38.1543
38.1532
38.154
38.1547
38.155
38.1551
38.1552
38.1552
38.1551
38.155
38.1547
38.154
38.1544
38.1549
38.1551
38.1552
38.1553
38.1553
38.1552
38.1551
38.1549
38.1544
38.1545
38.155
38.1552
38.1553
38.1553
38.1553
38.1553
38.1552
38.155
38.1545
38.1545
38.155
38.1552
38.1553
38.1553
38.1553
38.1553
38.1552
38.155
38.1545
38.1544
38.1549
38.1551
38.1552
38.1553
38.1553
38.1552
38.1551
38.1549
38.1544
38.154
38.1547
38.155
38.1551
38.1552
38.1552
38.1551
38.155
38.1547
38.154
38.1532
38.1543
38.1547
38.1549
38.155
38.155
38.1549
38.1547
38.1543
38.1532
38.1522
38.1532
38.154
38.1544
38.1545
38.1545
38.1544
38.154
38.1532
38.1522
34.8284
34.8289
34.8293
34.8295
34.8296
34.8296
34.8295
34.8293
34.8289
34.8284
34.8289
34.8294
34.8296
34.8298
34.8298
34.8298
34.8298
34.8296
34.8294
34.8289
34.8293
34.8296
34.8298
34.8299
34.8299
34.8299
34.8299
34.8298
34.8296
34.8293
34.8295
34.8298
34.8299
34.83
34.83
34.83
34.83
34.8299
34.8298
34.8295
34.8296
34.8298
34.8299
34.83
34.8301
34.8301
34.83
34.83
34.8298
34.8296
34.8296
34.8298
34.8299
34.83
34.8301
34.8301
34.83
34.83
34.8298
34.8296
34.8295
34.8298
34.8299
34.83
34.83
34.83
34.83
34.8299
34.8298
34.8295
34.8293
34.8296
34.8298
34.8299
34.83
34.83
34.8299
34.8298
34.8296
34.8293
34.8289
34.8294
34.8296
34.8298
34.8298
34.8298
34.8298
34.8296
34.8294
34.8289
34.8284
34.8289
34.8293
34.8295
34.8296
34.8296
34.8295
34.8293
34.8289
34.8284
31.5118
31.5121
31.5123
31.5124
31.5125
31.5125
31.5124
31.5123
31.5121
31.5118
31.5121
31.5124
31.5125
31.5126
31.5127
31.5127
31.5126
31.5125
31.5124
31.5121
31.5123
31.5125
31.5127
31.5128
31.5128
31.5128
31.5128
31.5127
31.5125
31.5123
31.5124
31.5126
31.5128
31.5129
31.5129
31.5129
31.5129
31.5128
31.5126
31.5124
31.5125
31.5127
31.5128
31.5129
31.513
31.513
31.5129
31.5128
31.5127
31.5125
31.5125
31.5127
31.5128
31.5129
31.513
31.513
31.5129
31.5128
31.5127
31.5125
31.5124
31.5126
31.5128
31.5129
31.5129
31.5129
31.5129
31.5128
31.5126
31.5124
31.5123
31.5125
31.5127
31.5128
31.5128
31.5128
31.5128
31.5127
31.5125
31.5123
31.5121
31.5124
31.5125
31.5126
31.5127
31.5127
31.5126
31.5125
31.5124
31.5121
31.5118
31.5121
31.5123
31.5124
31.5125
31.5125
31.5124
31.5123
31.5121
31.5118
28.1935
28.1936
28.1937
28.1938
28.1938
28.1938
28.1938
28.1937
28.1936
28.1935
28.1936
28.1938
28.1938
28.1939
28.1939
28.1939
28.1939
28.1938
28.1938
28.1936
28.1937
28.1938
28.1939
28.194
28.194
28.194
28.194
28.1939
28.1938
28.1937
28.1938
28.1939
28.194
28.194
28.194
28.194
28.194
28.194
28.1939
28.1938
28.1938
28.1939
28.194
28.194
28.1941
28.1941
28.194
28.194
28.1939
28.1938
28.1938
28.1939
28.194
28.194
28.1941
28.1941
28.194
28.194
28.1939
28.1938
28.1938
28.1939
28.194
28.194
28.194
28.194
28.194
28.194
28.1939
28.1938
28.1937
28.1938
28.1939
28.194
28.194
28.194
28.194
28.1939
28.1938
28.1937
28.1936
28.1938
28.1938
28.1939
28.1939
28.1939
28.1939
28.1938
28.1938
28.1936
28.1935
28.1936
28.1937
28.1938
28.1938
28.1938
28.1938
28.1937
28.1936
28.1935
24.8766
24.8767
24.8768
24.8768
24.8768
24.8768
24.8768
24.8768
24.8767
24.8766
24.8767
24.8768
24.8768
24.8769
24.8769
24.8769
24.8769
24.8768
24.8768
24.8767
24.8768
24.8768
24.8769
24.8769
24.8769
24.8769
24.8769
24.8769
24.8768
24.8768
24.8768
24.8769
24.8769
24.8769
24.8769
24.8769
24.8769
24.8769
24.8769
24.8768
24.8768
24.8769
24.8769
24.8769
24.877
24.877
24.8769
24.8769
24.8769
24.8768
24.8768
24.8769
24.8769
24.8769
24.877
24.877
24.8769
24.8769
24.8769
24.8768
24.8768
24.8769
24.8769
24.8769
24.8769
24.8769
24.8769
24.8769
24.8769
24.8768
24.8768
24.8768
24.8769
24.8769
24.8769
24.8769
24.8769
24.8769
24.8768
24.8768
24.8767
24.8768
24.8768
24.8769
24.8769
24.8769
24.8769
24.8768
24.8768
24.8767
24.8766
24.8767
24.8768
24.8768
24.8768
24.8768
24.8768
24.8768
24.8767
24.8766
21.5595
21.5595
21.5596
21.5596
21.5596
21.5596
21.5596
21.5596
21.5595
21.5595
21.5595
21.5596
21.5596
21.5596
21.5596
21.5596
21.5596
21.5596
21.5596
21.5595
21.5596
21.5596
21.5596
21.5596
21.5596
21.5596
21.5596
21.5596
21.5596
21.5596
21.5596
21.5596
21.5596
21.5596
21.5597
21.5597
21.5596
21.5596
21.5596
21.5596
21.5596
21.5596
21.5596
21.5597
21.5597
21.5597
21.5597
21.5596
21.5596
21.5596
21.5596
21.5596
21.5596
21.5597
21.5597
21.5597
21.5597
21.5596
21.5596
21.5596
21.5596
21.5596
21.5596
21.5596
21.5597
21.5597
21.5596
21.5596
21.5596
21.5596
21.5596
21.5596
21.5596
21.5596
21.5596
21.5596
21.5596
21.5596
21.5596
21.5596
21.5595
21.5596
21.5596
21.5596
21.5596
21.5596
21.5596
21.5596
21.5596
21.5595
21.5595
21.5595
21.5596
21.5596
21.5596
21.5596
21.5596
21.5596
21.5595
21.5595
18.2427
18.2427
18.2427
18.2427
18.2427
18.2427
18.2427
18.2427
18.2427
18.2427
18.2427
18.2427
18.2427
18.2427
18.2427
18.2427
18.2427
18.2427
18.2427
18.2427
18.2427
18.2427
18.2427
18.2427
18.2427
18.2427
18.2427
18.2427
18.2427
18.2427
18.2427
18.2427
18.2427
18.2427
18.2427
18.2427
18.2427
18.2427
18.2427
18.2427
18.2427
18.2427
18.2427
18.2427
18.2427
18.2427
18.2427
18.2427
18.2427
18.2427
18.2427
18.2427
18.2427
18.2427
18.2427
18.2427
18.2427
18.2427
18.2427
18.2427
18.2427
18.2427
18.2427
18.2427
18.2427
18.2427
18.2427
18.2427
18.2427
18.2427
18.2427
18.2427
18.2427
18.2427
18.2427
18.2427
18.2427
18.2427
18.2427
18.2427
18.2427
18.2427
18.2427
18.2427
18.2427
18.2427
18.2427
18.2427
18.2427
18.2427
18.2427
18.2427
18.2427
18.2427
18.2427
18.2427
18.2427
18.2427
18.2427
18.2427
14.9258
14.9258
14.9258
14.9258
14.9258
14.9258
14.9258
14.9258
14.9258
14.9258
14.9258
14.9258
14.9258
14.9258
14.9258
14.9258
14.9258
14.9258
14.9258
14.9258
14.9258
14.9258
14.9258
14.9258
14.9258
14.9258
14.9258
14.9258
14.9258
14.9258
14.9258
14.9258
14.9258
14.9258
14.9258
14.9258
14.9258
14.9258
14.9258
14.9258
14.9258
14.9258
14.9258
14.9258
14.9258
14.9258
14.9258
14.9258
14.9258
14.9258
14.9258
14.9258
14.9258
14.9258
14.9258
14.9258
14.9258
14.9258
14.9258
14.9258
14.9258
14.9258
14.9258
14.9258
14.9258
14.9258
14.9258
14.9258
14.9258
14.9258
14.9258
14.9258
14.9258
14.9258
14.9258
14.9258
14.9258
14.9258
14.9258
14.9258
14.9258
14.9258
14.9258
14.9258
14.9258
14.9258
14.9258
14.9258
14.9258
14.9258
14.9258
14.9258
14.9258
14.9258
14.9258
14.9258
14.9258
14.9258
14.9258
14.9258
11.6089
11.6089
11.6089
11.6089
11.6089
11.6089
11.6089
11.6089
11.6089
11.6089
11.6089
11.6089
11.6089
11.6089
11.6089
11.6089
11.6089
11.6089
11.6089
11.6089
11.6089
11.6089
11.6089
11.6089
11.6089
11.6089
11.6089
11.6089
11.6089
11.6089
11.6089
11.6089
11.6089
11.6089
11.609
11.609
11.6089
11.6089
11.6089
11.6089
11.6089
11.6089
11.6089
11.609
11.609
11.609
11.6089
11.6089
11.6089
11.6089
11.6089
11.6089
11.6089
11.609
11.609
11.609
11.6089
11.6089
11.6089
11.6089
11.6089
11.6089
11.6089
11.6089
11.6089
11.6089
11.6089
11.6089
11.6089
11.6089
11.6089
11.6089
11.6089
11.6089
11.6089
11.6089
11.6089
11.6089
11.6089
11.6089
11.6089
11.6089
11.6089
11.6089
11.6089
11.6089
11.6089
11.6089
11.6089
11.6089
11.6089
11.6089
11.6089
11.6089
11.6089
11.6089
11.6089
11.6089
11.6089
11.6089
8.29209
8.29209
8.29209
8.29209
8.29209
8.29209
8.29209
8.29209
8.29209
8.29209
8.29209
8.29209
8.29209
8.29209
8.29209
8.29209
8.29209
8.29209
8.29209
8.29209
8.29209
8.29209
8.29209
8.29209
8.29209
8.29209
8.29209
8.29209
8.29209
8.29209
8.29209
8.29209
8.29209
8.29209
8.29209
8.29209
8.29209
8.29209
8.29209
8.29209
8.29209
8.29209
8.29209
8.29209
8.29209
8.29209
8.29209
8.29209
8.29209
8.29209
8.29209
8.29209
8.29209
8.29209
8.29209
8.29209
8.29209
8.29209
8.29209
8.29209
8.29209
8.29209
8.29209
8.29209
8.29209
8.29209
8.29209
8.29209
8.29209
8.29209
8.29209
8.29209
8.29209
8.29209
8.29209
8.29209
8.29209
8.29209
8.29209
8.29209
8.29209
8.29209
8.29209
8.29209
8.29209
8.29209
8.29209
8.29209
8.29209
8.29209
8.29209
8.29209
8.29209
8.29209
8.29209
8.29209
8.29209
8.29209
8.29209
8.29209
4.97525
4.97525
4.97525
4.97525
4.97525
4.97525
4.97525
4.97525
4.97525
4.97525
4.97525
4.97525
4.97525
4.97525
4.97525
4.97524
4.97524
4.97524
4.97524
4.97525
4.97525
4.97525
4.97525
4.97524
4.97524
4.97524
4.97524
4.97524
4.97524
4.97524
4.97525
4.97525
4.97524
4.97524
4.97524
4.97524
4.97524
4.97524
4.97524
4.97524
4.97525
4.97525
4.97524
4.97524
4.97524
4.97524
4.97524
4.97524
4.97524
4.97524
4.97525
4.97524
4.97524
4.97524
4.97524
4.97524
4.97524
4.97524
4.97524
4.97524
4.97525
4.97524
4.97524
4.97524
4.97524
4.97524
4.97524
4.97524
4.97524
4.97524
4.97525
4.97524
4.97524
4.97524
4.97524
4.97524
4.97524
4.97524
4.97524
4.97524
4.97525
4.97524
4.97524
4.97524
4.97524
4.97524
4.97524
4.97524
4.97524
4.97524
4.97525
4.97525
4.97524
4.97524
4.97524
4.97524
4.97524
4.97524
4.97524
4.97524
1.65841
1.6584
1.6584
1.6584
1.6584
1.6584
1.6584
1.6584
1.6584
1.6584
1.6584
1.6584
1.6584
1.6584
1.6584
1.6584
1.6584
1.6584
1.6584
1.6584
1.6584
1.6584
1.6584
1.6584
1.6584
1.6584
1.6584
1.6584
1.6584
1.6584
1.6584
1.6584
1.6584
1.6584
1.6584
1.6584
1.6584
1.6584
1.6584
1.6584
1.6584
1.6584
1.6584
1.6584
1.6584
1.6584
1.6584
1.6584
1.6584
1.6584
1.6584
1.6584
1.6584
1.6584
1.6584
1.6584
1.6584
1.6584
1.6584
1.6584
1.6584
1.6584
1.6584
1.6584
1.6584
1.6584
1.6584
1.6584
1.6584
1.6584
1.6584
1.6584
1.6584
1.6584
1.6584
1.6584
1.6584
1.6584
1.6584
1.6584
1.6584
1.6584
1.6584
1.6584
1.6584
1.6584
1.6584
1.6584
1.6584
1.6584
1.6584
1.6584
1.6584
1.6584
1.6584
1.6584
1.6584
1.6584
1.6584
1.6584
)
;

boundaryField
{
    fixedWalls
    {
        type            zeroGradient;
    }
    inlet
    {
        type            fixedGradient;
        gradient        uniform 0;
    }
    outlet
    {
        type            fixedValue;
        value           uniform 0;
    }
}


// ************************************************************************* //
