/*--------------------------------*- C++ -*----------------------------------*\
| =========                 |                                                 |
| \\      /  F ield         | OpenFOAM: The Open Source CFD Toolbox           |
|  \\    /   O peration     | Version:  2106                                  |
|   \\  /    A nd           | Website:  www.openfoam.com                      |
|    \\/     M anipulation  |                                                 |
\*---------------------------------------------------------------------------*/
FoamFile
{
    version     2.0;
    format      ascii;
    arch        "LSB;label=32;scalar=64";
    class       volScalarField;
    location    "0.8";
    object      p;
}
// * * * * * * * * * * * * * * * * * * * * * * * * * * * * * * * * * * * * * //

dimensions      [0 2 -2 0 0 0 0];

internalField   nonuniform List<scalar> 
10000
(
98.195
97.6144
97.2499
96.9834
96.8452
96.8452
96.9834
97.2499
97.6145
98.195
89.0805
88.2328
87.6745
87.2799
87.0765
87.0765
87.2799
87.6745
88.2328
89.0805
81.5134
80.5379
79.9013
79.4578
79.2302
79.2302
79.4578
79.9013
80.5379
81.5134
76.2887
75.2866
74.641
74.1978
73.9707
73.9707
74.1978
74.641
75.2866
76.2887
72.3682
71.3734
70.7357
70.3065
70.0868
70.0868
70.3065
70.7357
71.3734
72.3682
69.1929
68.225
67.6031
67.1949
66.9862
66.9862
67.1949
67.6031
68.225
69.1929
66.5738
65.6537
65.0572
64.6761
64.4821
64.4821
64.6761
65.0572
65.6537
66.5738
64.4047
63.5558
62.997
62.6485
62.4718
62.4718
62.6485
62.997
63.5558
64.4047
62.6058
61.8442
61.3357
61.0245
60.8669
60.8669
61.0245
61.3357
61.8442
62.6058
61.1972
60.4358
59.986
59.7124
59.5737
59.5737
59.7124
59.986
60.4358
61.1972
62.3043
62.4767
62.6644
62.7909
62.8564
62.8564
62.7909
62.6644
62.4767
62.3043
62.7269
62.8215
62.948
63.0291
63.0706
63.0706
63.0291
62.948
62.8215
62.7269
62.7044
62.7016
62.7542
62.7825
62.7965
62.7965
62.7825
62.7542
62.7016
62.7044
62.2951
62.2023
62.187
62.1686
62.1586
62.1586
62.1686
62.187
62.2023
62.2951
61.7014
61.5347
61.4616
61.4058
61.3764
61.3764
61.4058
61.4616
61.5347
61.7014
61.0323
60.8099
60.69
60.6062
60.5625
60.5625
60.6062
60.69
60.8099
61.0323
60.3425
60.0847
59.931
59.8289
59.776
59.776
59.8289
59.931
60.0847
60.3425
59.6636
59.394
59.222
59.1113
59.0542
59.0542
59.1113
59.222
59.394
59.6636
59.0313
58.7658
58.5873
58.4752
58.4171
58.4171
58.4752
58.5873
58.7658
59.0313
58.5487
58.2013
58.0179
57.9051
57.8463
57.8463
57.9051
58.0179
58.2013
58.5487
57.7138
57.6994
57.7012
57.6978
57.6962
57.6962
57.6978
57.7012
57.6994
57.7138
58.1246
58.108
58.1092
58.1041
58.1015
58.1015
58.1041
58.1092
58.108
58.1246
58.4648
58.4299
58.4196
58.4049
58.3969
58.3969
58.4049
58.4196
58.4299
58.4648
58.5183
58.4502
58.4179
58.3872
58.3708
58.3708
58.3872
58.4179
58.4502
58.5183
58.3751
58.2717
58.2152
58.1685
58.1437
58.1437
58.1685
58.2152
58.2717
58.3751
58.1292
57.9954
57.9165
57.8565
57.8249
57.8249
57.8565
57.9165
57.9954
58.1292
57.829
57.6729
57.576
57.5066
57.4702
57.4702
57.5066
57.576
57.673
57.829
57.5012
57.335
57.2268
57.1524
57.1136
57.1136
57.1524
57.2268
57.335
57.5012
57.1789
57.0101
56.8945
56.8178
56.7778
56.7778
56.8178
56.8945
57.0101
57.1789
56.9369
56.704
56.5778
56.4973
56.4555
56.4555
56.4973
56.5778
56.704
56.9369
53.0227
53.0424
53.0674
53.0833
53.0918
53.0918
53.0833
53.0674
53.0424
53.0227
53.2329
53.2565
53.2854
53.3038
53.3135
53.3135
53.3038
53.2854
53.2565
53.2329
53.4116
53.4329
53.4616
53.4791
53.4883
53.4883
53.4791
53.4616
53.4329
53.4115
53.4979
53.5088
53.5307
53.5428
53.5491
53.5491
53.5428
53.5307
53.5088
53.4979
53.5126
53.5092
53.5208
53.5254
53.5278
53.5278
53.5254
53.5208
53.5092
53.5126
53.4792
53.4611
53.4612
53.4582
53.4564
53.4564
53.4582
53.4612
53.4611
53.4792
53.4113
53.3804
53.3699
53.3602
53.3549
53.3549
53.3602
53.3699
53.3804
53.4113
53.3187
53.2798
53.2609
53.2462
53.2382
53.2382
53.2462
53.2609
53.2798
53.3187
53.2193
53.1746
53.1476
53.1283
53.1178
53.1178
53.1283
53.1476
53.1746
53.2193
53.1584
53.0699
53.029
53.0022
52.988
52.988
53.0022
53.029
53.0699
53.1584
49.8247
49.8248
49.8269
49.827
49.8271
49.8271
49.827
49.8269
49.8248
49.8247
49.9233
49.927
49.9323
49.9345
49.9357
49.9357
49.9345
49.9323
49.927
49.9233
50.024
50.0292
50.0361
50.0392
50.0407
50.0407
50.0392
50.0361
50.0292
50.024
50.0926
50.0957
50.1016
50.1035
50.1045
50.1045
50.1035
50.1016
50.0957
50.0926
50.131
50.1298
50.1329
50.1325
50.1322
50.1322
50.1325
50.1329
50.1298
50.131
50.1463
50.1397
50.139
50.136
50.1342
50.1342
50.136
50.139
50.1397
50.1463
50.1431
50.1314
50.1267
50.1211
50.1179
50.1179
50.1211
50.1267
50.1314
50.1431
50.1258
50.1105
50.1024
50.0947
50.0904
50.0904
50.0947
50.1024
50.1105
50.1258
50.1038
50.0851
50.0726
50.0626
50.057
50.057
50.0626
50.0726
50.0851
50.1038
50.0986
50.0569
50.0363
50.022
50.0144
50.0144
50.022
50.0363
50.0569
50.0986
46.5296
46.5326
46.5364
46.5385
46.5397
46.5397
46.5385
46.5364
46.5326
46.5296
46.5707
46.5756
46.5809
46.5841
46.5859
46.5859
46.5841
46.5809
46.5756
46.5707
46.6127
46.6186
46.6252
46.6293
46.6314
46.6314
46.6293
46.6252
46.6186
46.6127
46.6444
46.6502
46.6569
46.6609
46.663
46.663
46.6609
46.6569
46.6502
46.6444
46.6659
46.6705
46.6765
46.6799
46.6816
46.6816
46.6799
46.6765
46.6705
46.6659
46.6787
46.6814
46.6861
46.6884
46.6896
46.6896
46.6884
46.6861
46.6814
46.6787
46.6837
46.6844
46.6875
46.6887
46.6892
46.6892
46.6887
46.6875
46.6844
46.6837
46.682
46.6812
46.6828
46.6828
46.6827
46.6827
46.6828
46.6828
46.6812
46.682
46.678
46.6754
46.6746
46.6732
46.6723
46.6723
46.6732
46.6746
46.6754
46.678
46.6824
46.6678
46.662
46.6578
46.6556
46.6556
46.6578
46.662
46.6678
46.6824
43.3598
43.3602
43.3608
43.3609
43.361
43.361
43.3609
43.3608
43.3602
43.3598
43.3771
43.3784
43.3798
43.3805
43.3808
43.3808
43.3805
43.3798
43.3784
43.3771
43.3969
43.3989
43.401
43.4021
43.4027
43.4027
43.4021
43.401
43.3989
43.3969
43.4139
43.4163
43.4188
43.4201
43.4207
43.4207
43.4201
43.4188
43.4163
43.4139
43.4277
43.4301
43.4326
43.4338
43.4344
43.4344
43.4338
43.4326
43.4301
43.4277
43.4386
43.4405
43.4428
43.4437
43.4442
43.4442
43.4437
43.4428
43.4405
43.4386
43.4465
43.4479
43.4498
43.4504
43.4507
43.4507
43.4504
43.4498
43.4479
43.4465
43.4518
43.4528
43.4542
43.4545
43.4546
43.4546
43.4545
43.4542
43.4528
43.4518
43.4564
43.4567
43.4571
43.4568
43.4565
43.4565
43.4568
43.4571
43.4567
43.4564
43.4645
43.4596
43.4576
43.4561
43.4552
43.4552
43.4561
43.4576
43.4596
43.4645
40.1541
40.1547
40.1553
40.1557
40.1559
40.1559
40.1557
40.1553
40.1547
40.1541
40.1608
40.1617
40.1627
40.1633
40.1636
40.1636
40.1633
40.1627
40.1617
40.1608
40.1683
40.1697
40.171
40.1718
40.1723
40.1723
40.1718
40.171
40.1697
40.1683
40.1753
40.1769
40.1784
40.1794
40.1799
40.1799
40.1794
40.1784
40.1769
40.1753
40.1814
40.1831
40.1847
40.1857
40.1863
40.1863
40.1857
40.1847
40.1831
40.1814
40.1865
40.1882
40.1898
40.1908
40.1913
40.1913
40.1908
40.1898
40.1882
40.1865
40.1906
40.1921
40.1937
40.1945
40.1949
40.1949
40.1945
40.1937
40.1921
40.1906
40.1936
40.195
40.1964
40.1971
40.1974
40.1974
40.1971
40.1964
40.195
40.1936
40.1963
40.1974
40.1983
40.1987
40.1989
40.1989
40.1987
40.1983
40.1974
40.1963
40.2006
40.1993
40.1991
40.1989
40.1988
40.1988
40.1989
40.1991
40.1993
40.2006
36.9555
36.9556
36.9557
36.9557
36.9558
36.9558
36.9557
36.9557
36.9556
36.9555
36.958
36.9582
36.9585
36.9586
36.9587
36.9587
36.9586
36.9585
36.9582
36.958
36.9612
36.9616
36.9621
36.9623
36.9624
36.9624
36.9623
36.9621
36.9616
36.9612
36.9644
36.9651
36.9656
36.966
36.9661
36.9661
36.966
36.9656
36.9651
36.9644
36.9676
36.9684
36.969
36.9694
36.9696
36.9696
36.9694
36.969
36.9684
36.9676
36.9706
36.9714
36.9722
36.9726
36.9728
36.9728
36.9726
36.9722
36.9714
36.9706
36.9733
36.9742
36.975
36.9754
36.9756
36.9756
36.9754
36.975
36.9742
36.9733
36.9758
36.9766
36.9774
36.9778
36.978
36.978
36.9778
36.9774
36.9766
36.9758
36.9782
36.979
36.9796
36.9799
36.98
36.98
36.9799
36.9796
36.979
36.9782
36.9812
36.9811
36.9813
36.9813
36.9813
36.9813
36.9813
36.9813
36.9811
36.9812
33.7462
33.7463
33.7464
33.7464
33.7465
33.7465
33.7464
33.7464
33.7463
33.7462
33.747
33.7471
33.7473
33.7474
33.7475
33.7475
33.7474
33.7473
33.7471
33.747
33.748
33.7483
33.7485
33.7487
33.7488
33.7488
33.7487
33.7485
33.7483
33.748
33.7492
33.7496
33.7499
33.7501
33.7502
33.7502
33.7501
33.7499
33.7496
33.7492
33.7505
33.7509
33.7513
33.7515
33.7516
33.7516
33.7515
33.7513
33.7509
33.7505
33.7518
33.7522
33.7526
33.7529
33.753
33.753
33.7529
33.7526
33.7522
33.7518
33.753
33.7535
33.7539
33.7542
33.7543
33.7543
33.7542
33.7539
33.7535
33.753
33.7541
33.7546
33.755
33.7553
33.7554
33.7554
33.7553
33.755
33.7546
33.7541
33.7552
33.7557
33.756
33.7563
33.7564
33.7564
33.7563
33.756
33.7557
33.7552
33.7565
33.7566
33.7568
33.757
33.757
33.757
33.757
33.7568
33.7566
33.7565
30.5357
30.5358
30.5358
30.5358
30.5358
30.5358
30.5358
30.5358
30.5358
30.5357
30.536
30.536
30.536
30.5361
30.5361
30.5361
30.5361
30.536
30.536
30.536
30.5363
30.5364
30.5365
30.5365
30.5366
30.5366
30.5365
30.5365
30.5364
30.5363
30.5368
30.537
30.5371
30.5371
30.5372
30.5372
30.5371
30.5371
30.537
30.5368
30.5374
30.5376
30.5377
30.5378
30.5379
30.5379
30.5378
30.5377
30.5376
30.5374
30.538
30.5383
30.5384
30.5385
30.5386
30.5386
30.5385
30.5384
30.5383
30.538
30.5387
30.5389
30.5391
30.5393
30.5393
30.5393
30.5393
30.5391
30.5389
30.5387
30.5393
30.5396
30.5398
30.54
30.54
30.54
30.54
30.5398
30.5396
30.5393
30.54
30.5403
30.5405
30.5406
30.5407
30.5407
30.5406
30.5405
30.5403
30.54
30.5408
30.5409
30.5411
30.5412
30.5412
30.5412
30.5412
30.5411
30.5409
30.5408
27.3226
27.3226
27.3226
27.3226
27.3226
27.3226
27.3226
27.3226
27.3226
27.3226
27.3226
27.3226
27.3227
27.3227
27.3227
27.3227
27.3227
27.3227
27.3226
27.3226
27.3227
27.3227
27.3228
27.3228
27.3228
27.3228
27.3228
27.3228
27.3227
27.3227
27.3229
27.3229
27.323
27.323
27.323
27.323
27.323
27.323
27.3229
27.3229
27.3231
27.3231
27.3232
27.3232
27.3233
27.3233
27.3232
27.3232
27.3231
27.3231
27.3233
27.3234
27.3235
27.3235
27.3236
27.3236
27.3235
27.3235
27.3234
27.3233
27.3236
27.3237
27.3238
27.3238
27.3239
27.3239
27.3238
27.3238
27.3237
27.3236
27.3238
27.324
27.3241
27.3241
27.3242
27.3242
27.3241
27.3241
27.324
27.3238
27.3241
27.3242
27.3243
27.3244
27.3244
27.3244
27.3244
27.3243
27.3242
27.3241
27.3244
27.3245
27.3246
27.3246
27.3247
27.3247
27.3246
27.3246
27.3245
27.3244
24.1089
24.1089
24.1089
24.1089
24.1089
24.1089
24.1089
24.1089
24.1089
24.1089
24.1089
24.1089
24.1089
24.1089
24.1089
24.1089
24.1089
24.1089
24.1089
24.1089
24.1089
24.1089
24.1089
24.1089
24.1089
24.1089
24.1089
24.1089
24.1089
24.1089
24.1089
24.109
24.109
24.109
24.109
24.109
24.109
24.109
24.109
24.1089
24.109
24.109
24.1091
24.1091
24.1091
24.1091
24.1091
24.1091
24.109
24.109
24.1091
24.1092
24.1092
24.1092
24.1092
24.1092
24.1092
24.1092
24.1092
24.1091
24.1092
24.1093
24.1093
24.1094
24.1094
24.1094
24.1094
24.1093
24.1093
24.1092
24.1094
24.1094
24.1095
24.1095
24.1095
24.1095
24.1095
24.1095
24.1094
24.1094
24.1095
24.1096
24.1096
24.1097
24.1097
24.1097
24.1097
24.1096
24.1096
24.1095
24.1097
24.1097
24.1098
24.1098
24.1098
24.1098
24.1098
24.1098
24.1097
24.1097
20.8946
20.8946
20.8946
20.8946
20.8946
20.8946
20.8946
20.8946
20.8946
20.8946
20.8946
20.8946
20.8946
20.8946
20.8946
20.8946
20.8946
20.8946
20.8946
20.8946
20.8946
20.8946
20.8946
20.8946
20.8946
20.8946
20.8946
20.8946
20.8946
20.8946
20.8946
20.8946
20.8946
20.8946
20.8946
20.8946
20.8946
20.8946
20.8946
20.8946
20.8946
20.8946
20.8946
20.8946
20.8946
20.8946
20.8946
20.8946
20.8946
20.8946
20.8946
20.8946
20.8947
20.8947
20.8947
20.8947
20.8947
20.8947
20.8946
20.8946
20.8947
20.8947
20.8947
20.8947
20.8947
20.8947
20.8947
20.8947
20.8947
20.8947
20.8947
20.8947
20.8948
20.8948
20.8948
20.8948
20.8948
20.8948
20.8947
20.8947
20.8948
20.8948
20.8948
20.8948
20.8948
20.8948
20.8948
20.8948
20.8948
20.8948
20.8948
20.8949
20.8949
20.8949
20.8949
20.8949
20.8949
20.8949
20.8949
20.8948
17.6802
17.6802
17.6802
17.6802
17.6802
17.6802
17.6802
17.6802
17.6802
17.6802
17.6802
17.6801
17.6801
17.6801
17.6801
17.6801
17.6801
17.6801
17.6801
17.6802
17.6801
17.6801
17.6801
17.6801
17.6801
17.6801
17.6801
17.6801
17.6801
17.6801
17.6801
17.6801
17.6801
17.6801
17.6801
17.6801
17.6801
17.6801
17.6801
17.6801
17.6801
17.6801
17.6801
17.6802
17.6802
17.6802
17.6802
17.6801
17.6801
17.6801
17.6802
17.6802
17.6802
17.6802
17.6802
17.6802
17.6802
17.6802
17.6802
17.6802
17.6802
17.6802
17.6802
17.6802
17.6802
17.6802
17.6802
17.6802
17.6802
17.6802
17.6802
17.6802
17.6802
17.6802
17.6802
17.6802
17.6802
17.6802
17.6802
17.6802
17.6802
17.6802
17.6802
17.6803
17.6803
17.6803
17.6803
17.6802
17.6802
17.6802
17.6802
17.6803
17.6803
17.6803
17.6803
17.6803
17.6803
17.6803
17.6803
17.6802
14.4656
14.4656
14.4656
14.4656
14.4656
14.4656
14.4656
14.4656
14.4656
14.4656
14.4656
14.4656
14.4656
14.4656
14.4656
14.4656
14.4656
14.4656
14.4656
14.4656
14.4656
14.4656
14.4656
14.4656
14.4656
14.4656
14.4656
14.4656
14.4656
14.4656
14.4656
14.4656
14.4656
14.4656
14.4656
14.4656
14.4656
14.4656
14.4656
14.4656
14.4656
14.4656
14.4656
14.4656
14.4656
14.4656
14.4656
14.4656
14.4656
14.4656
14.4656
14.4656
14.4656
14.4656
14.4656
14.4656
14.4656
14.4656
14.4656
14.4656
14.4656
14.4656
14.4656
14.4656
14.4656
14.4656
14.4656
14.4656
14.4656
14.4656
14.4656
14.4656
14.4656
14.4656
14.4656
14.4656
14.4656
14.4656
14.4656
14.4656
14.4656
14.4656
14.4656
14.4656
14.4656
14.4656
14.4656
14.4656
14.4656
14.4656
14.4656
14.4656
14.4656
14.4656
14.4656
14.4656
14.4656
14.4656
14.4656
14.4656
11.2511
11.2511
11.2511
11.2511
11.2511
11.2511
11.2511
11.2511
11.2511
11.2511
11.251
11.251
11.251
11.251
11.251
11.251
11.251
11.251
11.251
11.251
11.251
11.251
11.251
11.251
11.251
11.251
11.251
11.251
11.251
11.251
11.251
11.251
11.251
11.251
11.251
11.251
11.251
11.251
11.251
11.251
11.251
11.251
11.251
11.251
11.251
11.251
11.251
11.251
11.251
11.251
11.251
11.251
11.251
11.251
11.251
11.251
11.251
11.251
11.251
11.251
11.251
11.251
11.251
11.251
11.251
11.251
11.251
11.251
11.251
11.251
11.251
11.251
11.251
11.2511
11.2511
11.2511
11.2511
11.251
11.251
11.251
11.2511
11.2511
11.2511
11.2511
11.2511
11.2511
11.2511
11.2511
11.2511
11.2511
11.2511
11.2511
11.2511
11.2511
11.2511
11.2511
11.2511
11.2511
11.2511
11.2511
8.03647
8.03647
8.03647
8.03647
8.03647
8.03647
8.03647
8.03647
8.03647
8.03647
8.03647
8.03647
8.03647
8.03647
8.03647
8.03647
8.03647
8.03647
8.03647
8.03647
8.03646
8.03646
8.03646
8.03646
8.03646
8.03646
8.03646
8.03646
8.03646
8.03646
8.03646
8.03646
8.03646
8.03646
8.03646
8.03646
8.03646
8.03646
8.03646
8.03646
8.03646
8.03646
8.03646
8.03646
8.03646
8.03646
8.03646
8.03646
8.03646
8.03646
8.03646
8.03646
8.03646
8.03646
8.03646
8.03646
8.03646
8.03646
8.03646
8.03646
8.03646
8.03646
8.03646
8.03646
8.03646
8.03646
8.03646
8.03646
8.03646
8.03646
8.03646
8.03646
8.03646
8.03646
8.03646
8.03646
8.03646
8.03646
8.03646
8.03646
8.03646
8.03646
8.03646
8.03647
8.03647
8.03647
8.03647
8.03646
8.03646
8.03646
8.03646
8.03647
8.03647
8.03647
8.03647
8.03647
8.03647
8.03647
8.03647
8.03646
4.82188
4.82188
4.82188
4.82188
4.82188
4.82188
4.82188
4.82188
4.82188
4.82188
4.82188
4.82188
4.82188
4.82188
4.82188
4.82188
4.82188
4.82188
4.82188
4.82188
4.82188
4.82188
4.82188
4.82188
4.82188
4.82188
4.82188
4.82188
4.82188
4.82188
4.82188
4.82188
4.82188
4.82188
4.82188
4.82188
4.82188
4.82188
4.82188
4.82188
4.82188
4.82188
4.82188
4.82188
4.82188
4.82188
4.82188
4.82188
4.82188
4.82188
4.82188
4.82188
4.82188
4.82188
4.82188
4.82188
4.82188
4.82188
4.82188
4.82188
4.82188
4.82188
4.82188
4.82188
4.82188
4.82188
4.82188
4.82188
4.82188
4.82188
4.82188
4.82188
4.82188
4.82188
4.82188
4.82188
4.82188
4.82188
4.82188
4.82188
4.82188
4.82188
4.82188
4.82188
4.82188
4.82188
4.82188
4.82188
4.82188
4.82188
4.82188
4.82188
4.82188
4.82188
4.82188
4.82188
4.82188
4.82188
4.82188
4.82188
1.60729
1.60729
1.60729
1.60729
1.60729
1.60729
1.60729
1.60729
1.60729
1.60729
1.60729
1.60729
1.60729
1.60729
1.60729
1.60729
1.60729
1.60729
1.60729
1.60729
1.60729
1.60729
1.60729
1.60729
1.60729
1.60729
1.60729
1.60729
1.60729
1.60729
1.60729
1.60729
1.60729
1.60729
1.60729
1.60729
1.60729
1.60729
1.60729
1.60729
1.60729
1.60729
1.60729
1.60729
1.60729
1.60729
1.60729
1.60729
1.60729
1.60729
1.60729
1.60729
1.60729
1.60729
1.60729
1.60729
1.60729
1.60729
1.60729
1.60729
1.60729
1.60729
1.60729
1.60729
1.60729
1.60729
1.60729
1.60729
1.60729
1.60729
1.60729
1.60729
1.60729
1.60729
1.60729
1.60729
1.60729
1.60729
1.60729
1.60729
1.60729
1.60729
1.60729
1.60729
1.60729
1.60729
1.60729
1.60729
1.60729
1.60729
1.60729
1.60729
1.60729
1.60729
1.60729
1.60729
1.60729
1.60729
1.60729
1.60729
98.195
97.6145
97.2499
96.9834
96.8452
96.8452
96.9834
97.2499
97.6145
98.195
89.0805
88.2328
87.6746
87.2799
87.0765
87.0765
87.2799
87.6746
88.2328
89.0805
81.5134
80.5379
79.9013
79.4578
79.2302
79.2302
79.4578
79.9013
80.5379
81.5134
76.2887
75.2866
74.641
74.1978
73.9707
73.9707
74.1978
74.641
75.2866
76.2887
72.3682
71.3734
70.7357
70.3065
70.0868
70.0868
70.3065
70.7357
71.3734
72.3683
69.1929
68.225
67.6031
67.1949
66.9862
66.9862
67.1949
67.6031
68.225
69.1929
66.5738
65.6537
65.0572
64.6761
64.4821
64.4821
64.6761
65.0572
65.6537
66.5738
64.4047
63.5558
62.997
62.6485
62.4718
62.4718
62.6485
62.997
63.5558
64.4047
62.6058
61.8442
61.3357
61.0245
60.8669
60.8669
61.0245
61.3357
61.8442
62.6058
61.1972
60.4358
59.986
59.7124
59.5738
59.5738
59.7124
59.986
60.4358
61.1972
62.3043
62.4767
62.6644
62.7909
62.8564
62.8564
62.7909
62.6644
62.4767
62.3043
62.7269
62.8215
62.948
63.0291
63.0706
63.0706
63.0291
62.948
62.8215
62.7269
62.7044
62.7016
62.7542
62.7825
62.7965
62.7965
62.7825
62.7542
62.7016
62.7044
62.2951
62.2023
62.187
62.1686
62.1586
62.1586
62.1686
62.187
62.2023
62.2951
61.7014
61.5347
61.4616
61.4058
61.3764
61.3764
61.4058
61.4616
61.5347
61.7014
61.0323
60.8099
60.69
60.6062
60.5625
60.5625
60.6062
60.69
60.8099
61.0323
60.3425
60.0847
59.931
59.8289
59.776
59.776
59.8289
59.931
60.0847
60.3425
59.6636
59.394
59.222
59.1113
59.0542
59.0542
59.1113
59.222
59.394
59.6636
59.0313
58.7658
58.5873
58.4752
58.4171
58.4171
58.4752
58.5873
58.7658
59.0313
58.5487
58.2013
58.0179
57.9051
57.8463
57.8463
57.9051
58.0179
58.2013
58.5487
57.7138
57.6994
57.7012
57.6978
57.6962
57.6962
57.6978
57.7012
57.6994
57.7138
58.1246
58.108
58.1092
58.1041
58.1015
58.1015
58.1041
58.1092
58.108
58.1246
58.4648
58.4299
58.4196
58.4049
58.3969
58.3969
58.4049
58.4196
58.4299
58.4648
58.5183
58.4502
58.4179
58.3872
58.3708
58.3708
58.3872
58.4179
58.4502
58.5183
58.3751
58.2717
58.2152
58.1685
58.1437
58.1437
58.1685
58.2152
58.2717
58.3751
58.1292
57.9954
57.9165
57.8565
57.8249
57.8249
57.8565
57.9165
57.9954
58.1292
57.829
57.673
57.576
57.5066
57.4702
57.4702
57.5066
57.576
57.673
57.829
57.5012
57.335
57.2268
57.1524
57.1136
57.1136
57.1524
57.2268
57.335
57.5012
57.1789
57.0101
56.8945
56.8178
56.7778
56.7778
56.8178
56.8945
57.0101
57.1789
56.9369
56.704
56.5778
56.4973
56.4555
56.4555
56.4973
56.5778
56.704
56.9369
53.0227
53.0424
53.0674
53.0833
53.0918
53.0918
53.0833
53.0674
53.0424
53.0227
53.2329
53.2565
53.2854
53.3038
53.3135
53.3135
53.3038
53.2854
53.2565
53.2329
53.4115
53.4329
53.4616
53.4791
53.4883
53.4883
53.4791
53.4616
53.4329
53.4116
53.4979
53.5088
53.5307
53.5428
53.5491
53.5491
53.5428
53.5307
53.5088
53.4979
53.5126
53.5092
53.5208
53.5254
53.5278
53.5278
53.5254
53.5208
53.5092
53.5126
53.4792
53.4611
53.4612
53.4582
53.4564
53.4564
53.4582
53.4612
53.4611
53.4792
53.4113
53.3804
53.3699
53.3602
53.3549
53.3549
53.3602
53.3699
53.3804
53.4113
53.3187
53.2798
53.2609
53.2462
53.2382
53.2382
53.2462
53.2609
53.2798
53.3187
53.2193
53.1746
53.1476
53.1283
53.1178
53.1178
53.1283
53.1476
53.1746
53.2193
53.1584
53.0699
53.029
53.0022
52.988
52.988
53.0022
53.029
53.0699
53.1584
49.8247
49.8248
49.8269
49.827
49.8271
49.8271
49.827
49.8269
49.8248
49.8247
49.9233
49.927
49.9323
49.9345
49.9357
49.9357
49.9345
49.9323
49.927
49.9233
50.024
50.0292
50.0361
50.0392
50.0407
50.0407
50.0392
50.0361
50.0292
50.024
50.0926
50.0957
50.1016
50.1035
50.1045
50.1045
50.1035
50.1016
50.0957
50.0926
50.131
50.1298
50.1329
50.1326
50.1322
50.1322
50.1326
50.1329
50.1298
50.131
50.1463
50.1397
50.139
50.136
50.1342
50.1342
50.136
50.139
50.1397
50.1463
50.1431
50.1314
50.1267
50.1211
50.1179
50.1179
50.1211
50.1267
50.1314
50.1431
50.1258
50.1105
50.1024
50.0947
50.0904
50.0904
50.0947
50.1024
50.1105
50.1258
50.1038
50.0851
50.0726
50.0626
50.057
50.057
50.0626
50.0726
50.0851
50.1038
50.0986
50.0569
50.0363
50.022
50.0144
50.0144
50.022
50.0363
50.0569
50.0986
46.5296
46.5326
46.5364
46.5385
46.5397
46.5397
46.5385
46.5364
46.5326
46.5296
46.5707
46.5756
46.5809
46.5841
46.5859
46.5859
46.5841
46.5809
46.5756
46.5707
46.6127
46.6186
46.6252
46.6293
46.6314
46.6314
46.6293
46.6252
46.6186
46.6127
46.6444
46.6502
46.6569
46.6609
46.663
46.663
46.6609
46.6569
46.6502
46.6444
46.6659
46.6705
46.6765
46.6799
46.6816
46.6816
46.6799
46.6765
46.6705
46.6659
46.6787
46.6814
46.6861
46.6884
46.6896
46.6896
46.6884
46.6861
46.6814
46.6787
46.6837
46.6844
46.6875
46.6887
46.6892
46.6892
46.6887
46.6875
46.6844
46.6837
46.682
46.6812
46.6828
46.6828
46.6827
46.6827
46.6828
46.6828
46.6812
46.682
46.678
46.6754
46.6746
46.6732
46.6723
46.6723
46.6732
46.6746
46.6754
46.678
46.6824
46.6678
46.662
46.6578
46.6556
46.6556
46.6578
46.662
46.6678
46.6824
43.3598
43.3602
43.3608
43.3609
43.361
43.361
43.3609
43.3608
43.3602
43.3598
43.3771
43.3784
43.3798
43.3805
43.3808
43.3808
43.3805
43.3798
43.3784
43.3771
43.3969
43.3989
43.401
43.4021
43.4027
43.4027
43.4021
43.401
43.3989
43.3969
43.4139
43.4163
43.4188
43.4201
43.4207
43.4207
43.4201
43.4188
43.4163
43.4139
43.4277
43.4301
43.4326
43.4338
43.4344
43.4344
43.4338
43.4326
43.4301
43.4277
43.4386
43.4405
43.4428
43.4437
43.4442
43.4442
43.4437
43.4428
43.4405
43.4386
43.4465
43.4479
43.4498
43.4504
43.4507
43.4507
43.4504
43.4498
43.4479
43.4465
43.4518
43.4528
43.4542
43.4545
43.4546
43.4546
43.4545
43.4542
43.4528
43.4518
43.4564
43.4567
43.4571
43.4568
43.4565
43.4565
43.4568
43.4571
43.4567
43.4564
43.4645
43.4596
43.4576
43.4561
43.4552
43.4552
43.4561
43.4576
43.4596
43.4645
40.1541
40.1547
40.1553
40.1557
40.1559
40.1559
40.1557
40.1553
40.1547
40.1541
40.1608
40.1617
40.1627
40.1633
40.1636
40.1636
40.1633
40.1627
40.1617
40.1608
40.1683
40.1697
40.171
40.1718
40.1723
40.1723
40.1718
40.171
40.1697
40.1683
40.1753
40.1769
40.1784
40.1794
40.1799
40.1799
40.1794
40.1784
40.1769
40.1753
40.1814
40.1831
40.1847
40.1857
40.1863
40.1863
40.1857
40.1847
40.1831
40.1814
40.1865
40.1882
40.1898
40.1908
40.1913
40.1913
40.1908
40.1898
40.1882
40.1865
40.1906
40.1921
40.1937
40.1945
40.1949
40.1949
40.1945
40.1937
40.1921
40.1906
40.1936
40.195
40.1964
40.1971
40.1974
40.1974
40.1971
40.1964
40.195
40.1936
40.1963
40.1974
40.1983
40.1987
40.1989
40.1989
40.1987
40.1983
40.1974
40.1963
40.2006
40.1993
40.1991
40.1989
40.1988
40.1988
40.1989
40.1991
40.1993
40.2006
36.9555
36.9556
36.9557
36.9557
36.9558
36.9558
36.9557
36.9557
36.9556
36.9555
36.958
36.9582
36.9585
36.9586
36.9587
36.9587
36.9586
36.9585
36.9582
36.958
36.9612
36.9616
36.9621
36.9623
36.9624
36.9624
36.9623
36.9621
36.9616
36.9612
36.9644
36.9651
36.9656
36.966
36.9661
36.9661
36.966
36.9656
36.9651
36.9644
36.9676
36.9684
36.969
36.9694
36.9696
36.9696
36.9694
36.969
36.9684
36.9676
36.9706
36.9714
36.9722
36.9726
36.9728
36.9728
36.9726
36.9722
36.9714
36.9706
36.9733
36.9742
36.975
36.9754
36.9756
36.9756
36.9754
36.975
36.9742
36.9733
36.9758
36.9766
36.9774
36.9778
36.978
36.978
36.9778
36.9774
36.9766
36.9758
36.9782
36.979
36.9796
36.9799
36.98
36.98
36.9799
36.9796
36.979
36.9782
36.9812
36.9811
36.9813
36.9813
36.9813
36.9813
36.9813
36.9813
36.9811
36.9812
33.7462
33.7463
33.7464
33.7464
33.7465
33.7465
33.7464
33.7464
33.7463
33.7462
33.747
33.7471
33.7473
33.7474
33.7475
33.7475
33.7474
33.7473
33.7471
33.747
33.748
33.7483
33.7485
33.7487
33.7488
33.7488
33.7487
33.7485
33.7483
33.748
33.7492
33.7496
33.7499
33.7501
33.7502
33.7502
33.7501
33.7499
33.7496
33.7492
33.7505
33.7509
33.7513
33.7515
33.7516
33.7516
33.7515
33.7513
33.7509
33.7505
33.7518
33.7522
33.7526
33.7529
33.753
33.753
33.7529
33.7526
33.7522
33.7518
33.753
33.7535
33.7539
33.7542
33.7543
33.7543
33.7542
33.7539
33.7535
33.753
33.7541
33.7546
33.755
33.7553
33.7554
33.7554
33.7553
33.755
33.7546
33.7541
33.7552
33.7557
33.756
33.7563
33.7564
33.7564
33.7563
33.756
33.7557
33.7552
33.7565
33.7566
33.7568
33.757
33.757
33.757
33.757
33.7568
33.7566
33.7565
30.5357
30.5358
30.5358
30.5358
30.5358
30.5358
30.5358
30.5358
30.5358
30.5357
30.536
30.536
30.536
30.5361
30.5361
30.5361
30.5361
30.536
30.536
30.536
30.5363
30.5364
30.5365
30.5365
30.5366
30.5366
30.5365
30.5365
30.5364
30.5363
30.5368
30.537
30.5371
30.5371
30.5372
30.5372
30.5371
30.5371
30.537
30.5368
30.5374
30.5376
30.5377
30.5378
30.5379
30.5379
30.5378
30.5377
30.5376
30.5374
30.538
30.5383
30.5384
30.5385
30.5386
30.5386
30.5385
30.5384
30.5383
30.538
30.5387
30.5389
30.5391
30.5393
30.5393
30.5393
30.5393
30.5391
30.5389
30.5387
30.5393
30.5396
30.5398
30.54
30.54
30.54
30.54
30.5398
30.5396
30.5393
30.54
30.5403
30.5405
30.5406
30.5407
30.5407
30.5406
30.5405
30.5403
30.54
30.5408
30.5409
30.5411
30.5412
30.5412
30.5412
30.5412
30.5411
30.5409
30.5408
27.3226
27.3226
27.3226
27.3226
27.3226
27.3226
27.3226
27.3226
27.3226
27.3226
27.3226
27.3226
27.3227
27.3227
27.3227
27.3227
27.3227
27.3227
27.3226
27.3226
27.3227
27.3227
27.3228
27.3228
27.3228
27.3228
27.3228
27.3228
27.3227
27.3227
27.3229
27.3229
27.323
27.323
27.323
27.323
27.323
27.323
27.3229
27.3229
27.3231
27.3231
27.3232
27.3232
27.3233
27.3233
27.3232
27.3232
27.3231
27.3231
27.3233
27.3234
27.3235
27.3235
27.3236
27.3236
27.3235
27.3235
27.3234
27.3233
27.3236
27.3237
27.3238
27.3238
27.3239
27.3239
27.3238
27.3238
27.3237
27.3236
27.3238
27.324
27.3241
27.3241
27.3242
27.3242
27.3241
27.3241
27.324
27.3238
27.3241
27.3242
27.3243
27.3244
27.3244
27.3244
27.3244
27.3243
27.3242
27.3241
27.3244
27.3245
27.3246
27.3246
27.3247
27.3247
27.3246
27.3246
27.3245
27.3244
24.1089
24.1089
24.1089
24.1089
24.1089
24.1089
24.1089
24.1089
24.1089
24.1089
24.1089
24.1089
24.1089
24.1089
24.1089
24.1089
24.1089
24.1089
24.1089
24.1089
24.1089
24.1089
24.1089
24.1089
24.1089
24.1089
24.1089
24.1089
24.1089
24.1089
24.1089
24.109
24.109
24.109
24.109
24.109
24.109
24.109
24.109
24.1089
24.109
24.109
24.1091
24.1091
24.1091
24.1091
24.1091
24.1091
24.109
24.109
24.1091
24.1092
24.1092
24.1092
24.1092
24.1092
24.1092
24.1092
24.1092
24.1091
24.1092
24.1093
24.1093
24.1094
24.1094
24.1094
24.1094
24.1093
24.1093
24.1092
24.1094
24.1094
24.1095
24.1095
24.1095
24.1095
24.1095
24.1095
24.1094
24.1094
24.1095
24.1096
24.1096
24.1097
24.1097
24.1097
24.1097
24.1096
24.1096
24.1095
24.1097
24.1097
24.1098
24.1098
24.1098
24.1098
24.1098
24.1098
24.1097
24.1097
20.8946
20.8946
20.8946
20.8946
20.8946
20.8946
20.8946
20.8946
20.8946
20.8946
20.8946
20.8946
20.8946
20.8946
20.8946
20.8946
20.8946
20.8946
20.8946
20.8946
20.8946
20.8946
20.8946
20.8946
20.8946
20.8946
20.8946
20.8946
20.8946
20.8946
20.8946
20.8946
20.8946
20.8946
20.8946
20.8946
20.8946
20.8946
20.8946
20.8946
20.8946
20.8946
20.8946
20.8946
20.8946
20.8946
20.8946
20.8946
20.8946
20.8946
20.8946
20.8946
20.8947
20.8947
20.8947
20.8947
20.8947
20.8947
20.8946
20.8946
20.8947
20.8947
20.8947
20.8947
20.8947
20.8947
20.8947
20.8947
20.8947
20.8947
20.8947
20.8947
20.8948
20.8948
20.8948
20.8948
20.8948
20.8948
20.8947
20.8947
20.8948
20.8948
20.8948
20.8948
20.8948
20.8948
20.8948
20.8948
20.8948
20.8948
20.8948
20.8949
20.8949
20.8949
20.8949
20.8949
20.8949
20.8949
20.8949
20.8948
17.6802
17.6802
17.6802
17.6802
17.6802
17.6802
17.6802
17.6802
17.6802
17.6802
17.6802
17.6801
17.6801
17.6801
17.6801
17.6801
17.6801
17.6801
17.6801
17.6802
17.6801
17.6801
17.6801
17.6801
17.6801
17.6801
17.6801
17.6801
17.6801
17.6801
17.6801
17.6801
17.6801
17.6801
17.6801
17.6801
17.6801
17.6801
17.6801
17.6801
17.6801
17.6801
17.6801
17.6802
17.6802
17.6802
17.6802
17.6801
17.6801
17.6801
17.6802
17.6802
17.6802
17.6802
17.6802
17.6802
17.6802
17.6802
17.6802
17.6802
17.6802
17.6802
17.6802
17.6802
17.6802
17.6802
17.6802
17.6802
17.6802
17.6802
17.6802
17.6802
17.6802
17.6802
17.6802
17.6802
17.6802
17.6802
17.6802
17.6802
17.6802
17.6802
17.6802
17.6803
17.6803
17.6803
17.6803
17.6802
17.6802
17.6802
17.6802
17.6803
17.6803
17.6803
17.6803
17.6803
17.6803
17.6803
17.6803
17.6802
14.4656
14.4656
14.4656
14.4656
14.4656
14.4656
14.4656
14.4656
14.4656
14.4656
14.4656
14.4656
14.4656
14.4656
14.4656
14.4656
14.4656
14.4656
14.4656
14.4656
14.4656
14.4656
14.4656
14.4656
14.4656
14.4656
14.4656
14.4656
14.4656
14.4656
14.4656
14.4656
14.4656
14.4656
14.4656
14.4656
14.4656
14.4656
14.4656
14.4656
14.4656
14.4656
14.4656
14.4656
14.4656
14.4656
14.4656
14.4656
14.4656
14.4656
14.4656
14.4656
14.4656
14.4656
14.4656
14.4656
14.4656
14.4656
14.4656
14.4656
14.4656
14.4656
14.4656
14.4656
14.4656
14.4656
14.4656
14.4656
14.4656
14.4656
14.4656
14.4656
14.4656
14.4656
14.4656
14.4656
14.4656
14.4656
14.4656
14.4656
14.4656
14.4656
14.4656
14.4656
14.4656
14.4656
14.4656
14.4656
14.4656
14.4656
14.4656
14.4656
14.4656
14.4656
14.4656
14.4656
14.4656
14.4656
14.4656
14.4656
11.2511
11.2511
11.2511
11.2511
11.2511
11.2511
11.2511
11.2511
11.2511
11.2511
11.251
11.251
11.251
11.251
11.251
11.251
11.251
11.251
11.251
11.251
11.251
11.251
11.251
11.251
11.251
11.251
11.251
11.251
11.251
11.251
11.251
11.251
11.251
11.251
11.251
11.251
11.251
11.251
11.251
11.251
11.251
11.251
11.251
11.251
11.251
11.251
11.251
11.251
11.251
11.251
11.251
11.251
11.251
11.251
11.251
11.251
11.251
11.251
11.251
11.251
11.251
11.251
11.251
11.251
11.251
11.251
11.251
11.251
11.251
11.251
11.251
11.251
11.251
11.2511
11.2511
11.2511
11.2511
11.251
11.251
11.251
11.2511
11.2511
11.2511
11.2511
11.2511
11.2511
11.2511
11.2511
11.2511
11.2511
11.2511
11.2511
11.2511
11.2511
11.2511
11.2511
11.2511
11.2511
11.2511
11.2511
8.03647
8.03647
8.03647
8.03647
8.03647
8.03647
8.03647
8.03647
8.03647
8.03647
8.03647
8.03647
8.03647
8.03647
8.03647
8.03647
8.03647
8.03647
8.03647
8.03647
8.03646
8.03646
8.03646
8.03646
8.03646
8.03646
8.03646
8.03646
8.03646
8.03646
8.03646
8.03646
8.03646
8.03646
8.03646
8.03646
8.03646
8.03646
8.03646
8.03646
8.03646
8.03646
8.03646
8.03646
8.03646
8.03646
8.03646
8.03646
8.03646
8.03646
8.03646
8.03646
8.03646
8.03646
8.03646
8.03646
8.03646
8.03646
8.03646
8.03646
8.03646
8.03646
8.03646
8.03646
8.03646
8.03646
8.03646
8.03646
8.03646
8.03646
8.03646
8.03646
8.03646
8.03646
8.03646
8.03646
8.03646
8.03646
8.03646
8.03646
8.03646
8.03646
8.03646
8.03647
8.03647
8.03647
8.03647
8.03646
8.03646
8.03646
8.03646
8.03647
8.03647
8.03647
8.03647
8.03647
8.03647
8.03647
8.03647
8.03646
4.82188
4.82188
4.82188
4.82188
4.82188
4.82188
4.82188
4.82188
4.82188
4.82188
4.82188
4.82188
4.82188
4.82188
4.82188
4.82188
4.82188
4.82188
4.82188
4.82188
4.82188
4.82188
4.82188
4.82188
4.82188
4.82188
4.82188
4.82188
4.82188
4.82188
4.82188
4.82188
4.82188
4.82188
4.82188
4.82188
4.82188
4.82188
4.82188
4.82188
4.82188
4.82188
4.82188
4.82188
4.82188
4.82188
4.82188
4.82188
4.82188
4.82188
4.82188
4.82188
4.82188
4.82188
4.82188
4.82188
4.82188
4.82188
4.82188
4.82188
4.82188
4.82188
4.82188
4.82188
4.82188
4.82188
4.82188
4.82188
4.82188
4.82188
4.82188
4.82188
4.82188
4.82188
4.82188
4.82188
4.82188
4.82188
4.82188
4.82188
4.82188
4.82188
4.82188
4.82188
4.82188
4.82188
4.82188
4.82188
4.82188
4.82188
4.82188
4.82188
4.82188
4.82188
4.82188
4.82188
4.82188
4.82188
4.82188
4.82188
1.60729
1.60729
1.60729
1.60729
1.60729
1.60729
1.60729
1.60729
1.60729
1.60729
1.60729
1.60729
1.60729
1.60729
1.60729
1.60729
1.60729
1.60729
1.60729
1.60729
1.60729
1.60729
1.60729
1.60729
1.60729
1.60729
1.60729
1.60729
1.60729
1.60729
1.60729
1.60729
1.60729
1.60729
1.60729
1.60729
1.60729
1.60729
1.60729
1.60729
1.60729
1.60729
1.60729
1.60729
1.60729
1.60729
1.60729
1.60729
1.60729
1.60729
1.60729
1.60729
1.60729
1.60729
1.60729
1.60729
1.60729
1.60729
1.60729
1.60729
1.60729
1.60729
1.60729
1.60729
1.60729
1.60729
1.60729
1.60729
1.60729
1.60729
1.60729
1.60729
1.60729
1.60729
1.60729
1.60729
1.60729
1.60729
1.60729
1.60729
1.60729
1.60729
1.60729
1.60729
1.60729
1.60729
1.60729
1.60729
1.60729
1.60729
1.60729
1.60729
1.60729
1.60729
1.60729
1.60729
1.60729
1.60729
1.60729
1.60729
98.195
97.6145
97.2499
96.9834
96.8452
96.8452
96.9834
97.2499
97.6145
98.195
89.0805
88.2328
87.6746
87.2799
87.0765
87.0765
87.2799
87.6746
88.2328
89.0805
81.5134
80.5379
79.9013
79.4578
79.2302
79.2302
79.4578
79.9013
80.5379
81.5134
76.2887
75.2866
74.641
74.1978
73.9707
73.9707
74.1978
74.641
75.2866
76.2887
72.3683
71.3734
70.7357
70.3065
70.0868
70.0868
70.3065
70.7357
71.3734
72.3682
69.1929
68.225
67.6031
67.1949
66.9862
66.9862
67.1949
67.6031
68.225
69.1929
66.5738
65.6537
65.0572
64.6761
64.4821
64.4821
64.6761
65.0572
65.6537
66.5738
64.4047
63.5558
62.997
62.6485
62.4718
62.4718
62.6485
62.997
63.5558
64.4047
62.6058
61.8442
61.3357
61.0245
60.8669
60.8669
61.0245
61.3357
61.8442
62.6058
61.1972
60.4358
59.986
59.7124
59.5738
59.5738
59.7124
59.986
60.4358
61.1972
62.3043
62.4767
62.6644
62.7909
62.8564
62.8564
62.7909
62.6644
62.4767
62.3043
62.7269
62.8215
62.948
63.0291
63.0706
63.0706
63.0291
62.948
62.8215
62.7269
62.7044
62.7016
62.7542
62.7825
62.7965
62.7965
62.7825
62.7542
62.7016
62.7044
62.2951
62.2023
62.187
62.1686
62.1586
62.1586
62.1686
62.187
62.2023
62.2951
61.7014
61.5347
61.4616
61.4058
61.3764
61.3764
61.4058
61.4616
61.5347
61.7014
61.0323
60.8099
60.69
60.6062
60.5625
60.5625
60.6062
60.69
60.8099
61.0323
60.3425
60.0847
59.931
59.8289
59.776
59.776
59.8289
59.931
60.0847
60.3425
59.6636
59.394
59.222
59.1113
59.0542
59.0542
59.1113
59.222
59.394
59.6636
59.0313
58.7658
58.5873
58.4752
58.4171
58.4171
58.4752
58.5873
58.7658
59.0313
58.5487
58.2013
58.0179
57.9051
57.8463
57.8463
57.9051
58.0179
58.2013
58.5487
57.7138
57.6994
57.7012
57.6978
57.6962
57.6962
57.6978
57.7012
57.6994
57.7138
58.1246
58.108
58.1092
58.1041
58.1015
58.1015
58.1041
58.1092
58.108
58.1246
58.4648
58.4299
58.4196
58.4049
58.3969
58.3969
58.4049
58.4196
58.4299
58.4648
58.5183
58.4502
58.4179
58.3872
58.3708
58.3708
58.3872
58.4179
58.4502
58.5183
58.3751
58.2717
58.2152
58.1685
58.1437
58.1437
58.1685
58.2152
58.2717
58.3751
58.1292
57.9954
57.9165
57.8565
57.8249
57.8249
57.8565
57.9165
57.9954
58.1292
57.829
57.673
57.576
57.5066
57.4702
57.4702
57.5066
57.576
57.673
57.829
57.5012
57.335
57.2268
57.1524
57.1136
57.1136
57.1524
57.2268
57.335
57.5012
57.1789
57.0101
56.8945
56.8178
56.7778
56.7778
56.8178
56.8945
57.0101
57.1789
56.9369
56.704
56.5778
56.4973
56.4555
56.4555
56.4973
56.5778
56.704
56.9369
53.0227
53.0424
53.0674
53.0833
53.0918
53.0918
53.0833
53.0674
53.0424
53.0227
53.2329
53.2565
53.2854
53.3038
53.3135
53.3135
53.3038
53.2854
53.2565
53.2329
53.4116
53.4329
53.4616
53.4791
53.4883
53.4883
53.4791
53.4616
53.4329
53.4115
53.4979
53.5088
53.5307
53.5428
53.5491
53.5491
53.5428
53.5307
53.5088
53.4979
53.5126
53.5092
53.5208
53.5254
53.5278
53.5278
53.5254
53.5208
53.5092
53.5126
53.4792
53.4611
53.4612
53.4582
53.4564
53.4564
53.4582
53.4612
53.4611
53.4792
53.4113
53.3804
53.3699
53.3602
53.3549
53.3549
53.3602
53.3699
53.3804
53.4113
53.3187
53.2798
53.2609
53.2462
53.2382
53.2382
53.2462
53.2609
53.2798
53.3187
53.2193
53.1746
53.1476
53.1283
53.1178
53.1178
53.1283
53.1476
53.1746
53.2193
53.1584
53.0699
53.029
53.0022
52.988
52.988
53.0022
53.029
53.0699
53.1584
49.8247
49.8248
49.8269
49.827
49.8271
49.8271
49.827
49.8269
49.8248
49.8247
49.9233
49.927
49.9323
49.9345
49.9357
49.9357
49.9345
49.9323
49.927
49.9233
50.024
50.0292
50.0361
50.0392
50.0407
50.0407
50.0392
50.0361
50.0292
50.024
50.0926
50.0957
50.1016
50.1035
50.1045
50.1045
50.1035
50.1016
50.0957
50.0926
50.131
50.1298
50.1329
50.1326
50.1322
50.1322
50.1326
50.1329
50.1298
50.131
50.1463
50.1397
50.139
50.136
50.1342
50.1342
50.136
50.139
50.1397
50.1463
50.1431
50.1314
50.1267
50.1211
50.1179
50.1179
50.1211
50.1267
50.1314
50.1431
50.1258
50.1105
50.1024
50.0947
50.0904
50.0904
50.0947
50.1024
50.1105
50.1258
50.1038
50.0851
50.0726
50.0626
50.057
50.057
50.0626
50.0726
50.0851
50.1038
50.0986
50.0569
50.0363
50.022
50.0144
50.0144
50.022
50.0363
50.0569
50.0986
46.5296
46.5326
46.5364
46.5385
46.5397
46.5397
46.5385
46.5364
46.5326
46.5296
46.5707
46.5756
46.5809
46.5841
46.5859
46.5859
46.5841
46.5809
46.5756
46.5707
46.6127
46.6186
46.6252
46.6293
46.6314
46.6314
46.6293
46.6252
46.6186
46.6127
46.6444
46.6502
46.6569
46.6609
46.663
46.663
46.6609
46.6569
46.6502
46.6444
46.6659
46.6705
46.6765
46.6799
46.6816
46.6816
46.6799
46.6765
46.6705
46.6659
46.6787
46.6814
46.6861
46.6884
46.6896
46.6896
46.6884
46.6861
46.6814
46.6787
46.6837
46.6844
46.6875
46.6887
46.6892
46.6892
46.6887
46.6875
46.6844
46.6837
46.682
46.6812
46.6828
46.6828
46.6827
46.6827
46.6828
46.6828
46.6812
46.682
46.678
46.6754
46.6746
46.6732
46.6723
46.6723
46.6732
46.6746
46.6754
46.678
46.6824
46.6678
46.662
46.6578
46.6556
46.6556
46.6578
46.662
46.6678
46.6824
43.3598
43.3602
43.3608
43.3609
43.361
43.361
43.3609
43.3608
43.3602
43.3598
43.3771
43.3784
43.3798
43.3805
43.3808
43.3808
43.3805
43.3798
43.3784
43.3771
43.3969
43.3989
43.401
43.4021
43.4027
43.4027
43.4021
43.401
43.3989
43.3969
43.4139
43.4163
43.4188
43.4201
43.4207
43.4207
43.4201
43.4188
43.4163
43.4139
43.4277
43.4301
43.4326
43.4338
43.4344
43.4344
43.4338
43.4326
43.4301
43.4277
43.4386
43.4405
43.4428
43.4437
43.4442
43.4442
43.4437
43.4428
43.4405
43.4386
43.4465
43.4479
43.4498
43.4504
43.4507
43.4507
43.4504
43.4498
43.4479
43.4465
43.4518
43.4528
43.4542
43.4545
43.4546
43.4546
43.4545
43.4542
43.4528
43.4518
43.4564
43.4567
43.4571
43.4568
43.4565
43.4565
43.4568
43.4571
43.4567
43.4564
43.4645
43.4596
43.4576
43.4561
43.4552
43.4552
43.4561
43.4576
43.4596
43.4645
40.1541
40.1547
40.1553
40.1557
40.1559
40.1559
40.1557
40.1553
40.1547
40.1541
40.1608
40.1617
40.1627
40.1633
40.1636
40.1636
40.1633
40.1627
40.1617
40.1608
40.1683
40.1697
40.171
40.1718
40.1723
40.1723
40.1718
40.171
40.1697
40.1683
40.1753
40.1769
40.1784
40.1794
40.1799
40.1799
40.1794
40.1784
40.1769
40.1753
40.1814
40.1831
40.1847
40.1857
40.1863
40.1863
40.1857
40.1847
40.1831
40.1814
40.1865
40.1882
40.1898
40.1908
40.1913
40.1913
40.1908
40.1898
40.1882
40.1865
40.1906
40.1921
40.1937
40.1945
40.1949
40.1949
40.1945
40.1937
40.1921
40.1906
40.1936
40.195
40.1964
40.1971
40.1974
40.1974
40.1971
40.1964
40.195
40.1936
40.1963
40.1974
40.1983
40.1987
40.1989
40.1989
40.1987
40.1983
40.1974
40.1963
40.2006
40.1993
40.1991
40.1989
40.1988
40.1988
40.1989
40.1991
40.1993
40.2006
36.9555
36.9556
36.9557
36.9557
36.9558
36.9558
36.9557
36.9557
36.9556
36.9555
36.958
36.9582
36.9585
36.9586
36.9587
36.9587
36.9586
36.9585
36.9582
36.958
36.9612
36.9616
36.9621
36.9623
36.9624
36.9624
36.9623
36.9621
36.9616
36.9612
36.9644
36.9651
36.9656
36.966
36.9661
36.9661
36.966
36.9656
36.9651
36.9644
36.9676
36.9684
36.969
36.9694
36.9696
36.9696
36.9694
36.969
36.9684
36.9676
36.9706
36.9714
36.9722
36.9726
36.9728
36.9728
36.9726
36.9722
36.9714
36.9706
36.9733
36.9742
36.975
36.9754
36.9756
36.9756
36.9754
36.975
36.9742
36.9733
36.9758
36.9766
36.9774
36.9778
36.978
36.978
36.9778
36.9774
36.9766
36.9758
36.9782
36.979
36.9796
36.9799
36.98
36.98
36.9799
36.9796
36.979
36.9782
36.9812
36.9811
36.9813
36.9813
36.9813
36.9813
36.9813
36.9813
36.9811
36.9812
33.7462
33.7463
33.7464
33.7464
33.7465
33.7465
33.7464
33.7464
33.7463
33.7462
33.747
33.7471
33.7473
33.7474
33.7475
33.7475
33.7474
33.7473
33.7471
33.747
33.748
33.7483
33.7485
33.7487
33.7488
33.7488
33.7487
33.7485
33.7483
33.748
33.7492
33.7496
33.7499
33.7501
33.7502
33.7502
33.7501
33.7499
33.7496
33.7492
33.7505
33.7509
33.7513
33.7515
33.7516
33.7516
33.7515
33.7513
33.7509
33.7505
33.7518
33.7522
33.7526
33.7529
33.753
33.753
33.7529
33.7526
33.7522
33.7518
33.753
33.7535
33.7539
33.7542
33.7543
33.7543
33.7542
33.7539
33.7535
33.753
33.7541
33.7546
33.755
33.7553
33.7554
33.7554
33.7553
33.755
33.7546
33.7541
33.7552
33.7557
33.756
33.7563
33.7564
33.7564
33.7563
33.756
33.7557
33.7552
33.7565
33.7566
33.7568
33.757
33.757
33.757
33.757
33.7568
33.7566
33.7565
30.5357
30.5358
30.5358
30.5358
30.5358
30.5358
30.5358
30.5358
30.5358
30.5357
30.536
30.536
30.536
30.5361
30.5361
30.5361
30.5361
30.536
30.536
30.536
30.5363
30.5364
30.5365
30.5365
30.5366
30.5366
30.5365
30.5365
30.5364
30.5363
30.5368
30.537
30.5371
30.5371
30.5372
30.5372
30.5371
30.5371
30.537
30.5368
30.5374
30.5376
30.5377
30.5378
30.5379
30.5379
30.5378
30.5377
30.5376
30.5374
30.538
30.5383
30.5384
30.5385
30.5386
30.5386
30.5385
30.5384
30.5383
30.538
30.5387
30.5389
30.5391
30.5393
30.5393
30.5393
30.5393
30.5391
30.5389
30.5387
30.5393
30.5396
30.5398
30.54
30.54
30.54
30.54
30.5398
30.5396
30.5393
30.54
30.5403
30.5405
30.5406
30.5407
30.5407
30.5406
30.5405
30.5403
30.54
30.5408
30.5409
30.5411
30.5412
30.5412
30.5412
30.5412
30.5411
30.5409
30.5408
27.3226
27.3226
27.3226
27.3226
27.3226
27.3226
27.3226
27.3226
27.3226
27.3226
27.3226
27.3226
27.3227
27.3227
27.3227
27.3227
27.3227
27.3227
27.3226
27.3226
27.3227
27.3227
27.3228
27.3228
27.3228
27.3228
27.3228
27.3228
27.3227
27.3227
27.3229
27.3229
27.323
27.323
27.323
27.323
27.323
27.323
27.3229
27.3229
27.3231
27.3231
27.3232
27.3232
27.3233
27.3233
27.3232
27.3232
27.3231
27.3231
27.3233
27.3234
27.3235
27.3235
27.3236
27.3236
27.3235
27.3235
27.3234
27.3233
27.3236
27.3237
27.3238
27.3238
27.3239
27.3239
27.3238
27.3238
27.3237
27.3236
27.3238
27.324
27.3241
27.3241
27.3242
27.3242
27.3241
27.3241
27.324
27.3238
27.3241
27.3242
27.3243
27.3244
27.3244
27.3244
27.3244
27.3243
27.3242
27.3241
27.3244
27.3245
27.3246
27.3246
27.3247
27.3247
27.3246
27.3246
27.3245
27.3244
24.1089
24.1089
24.1089
24.1089
24.1089
24.1089
24.1089
24.1089
24.1089
24.1089
24.1089
24.1089
24.1089
24.1089
24.1089
24.1089
24.1089
24.1089
24.1089
24.1089
24.1089
24.1089
24.1089
24.1089
24.1089
24.1089
24.1089
24.1089
24.1089
24.1089
24.1089
24.109
24.109
24.109
24.109
24.109
24.109
24.109
24.109
24.1089
24.109
24.109
24.1091
24.1091
24.1091
24.1091
24.1091
24.1091
24.109
24.109
24.1091
24.1092
24.1092
24.1092
24.1092
24.1092
24.1092
24.1092
24.1092
24.1091
24.1092
24.1093
24.1093
24.1094
24.1094
24.1094
24.1094
24.1093
24.1093
24.1092
24.1094
24.1094
24.1095
24.1095
24.1095
24.1095
24.1095
24.1095
24.1094
24.1094
24.1095
24.1096
24.1096
24.1097
24.1097
24.1097
24.1097
24.1096
24.1096
24.1095
24.1097
24.1097
24.1098
24.1098
24.1098
24.1098
24.1098
24.1098
24.1097
24.1097
20.8946
20.8946
20.8946
20.8946
20.8946
20.8946
20.8946
20.8946
20.8946
20.8946
20.8946
20.8946
20.8946
20.8946
20.8946
20.8946
20.8946
20.8946
20.8946
20.8946
20.8946
20.8946
20.8946
20.8946
20.8946
20.8946
20.8946
20.8946
20.8946
20.8946
20.8946
20.8946
20.8946
20.8946
20.8946
20.8946
20.8946
20.8946
20.8946
20.8946
20.8946
20.8946
20.8946
20.8946
20.8946
20.8946
20.8946
20.8946
20.8946
20.8946
20.8946
20.8946
20.8947
20.8947
20.8947
20.8947
20.8947
20.8947
20.8946
20.8946
20.8947
20.8947
20.8947
20.8947
20.8947
20.8947
20.8947
20.8947
20.8947
20.8947
20.8947
20.8947
20.8948
20.8948
20.8948
20.8948
20.8948
20.8948
20.8947
20.8947
20.8948
20.8948
20.8948
20.8948
20.8948
20.8948
20.8948
20.8948
20.8948
20.8948
20.8948
20.8949
20.8949
20.8949
20.8949
20.8949
20.8949
20.8949
20.8949
20.8948
17.6802
17.6802
17.6802
17.6802
17.6802
17.6802
17.6802
17.6802
17.6802
17.6802
17.6802
17.6801
17.6801
17.6801
17.6801
17.6801
17.6801
17.6801
17.6801
17.6802
17.6801
17.6801
17.6801
17.6801
17.6801
17.6801
17.6801
17.6801
17.6801
17.6801
17.6801
17.6801
17.6801
17.6801
17.6801
17.6801
17.6801
17.6801
17.6801
17.6801
17.6801
17.6801
17.6801
17.6802
17.6802
17.6802
17.6802
17.6801
17.6801
17.6801
17.6802
17.6802
17.6802
17.6802
17.6802
17.6802
17.6802
17.6802
17.6802
17.6802
17.6802
17.6802
17.6802
17.6802
17.6802
17.6802
17.6802
17.6802
17.6802
17.6802
17.6802
17.6802
17.6802
17.6802
17.6802
17.6802
17.6802
17.6802
17.6802
17.6802
17.6802
17.6802
17.6802
17.6803
17.6803
17.6803
17.6803
17.6802
17.6802
17.6802
17.6802
17.6803
17.6803
17.6803
17.6803
17.6803
17.6803
17.6803
17.6803
17.6802
14.4656
14.4656
14.4656
14.4656
14.4656
14.4656
14.4656
14.4656
14.4656
14.4656
14.4656
14.4656
14.4656
14.4656
14.4656
14.4656
14.4656
14.4656
14.4656
14.4656
14.4656
14.4656
14.4656
14.4656
14.4656
14.4656
14.4656
14.4656
14.4656
14.4656
14.4656
14.4656
14.4656
14.4656
14.4656
14.4656
14.4656
14.4656
14.4656
14.4656
14.4656
14.4656
14.4656
14.4656
14.4656
14.4656
14.4656
14.4656
14.4656
14.4656
14.4656
14.4656
14.4656
14.4656
14.4656
14.4656
14.4656
14.4656
14.4656
14.4656
14.4656
14.4656
14.4656
14.4656
14.4656
14.4656
14.4656
14.4656
14.4656
14.4656
14.4656
14.4656
14.4656
14.4656
14.4656
14.4656
14.4656
14.4656
14.4656
14.4656
14.4656
14.4656
14.4656
14.4656
14.4656
14.4656
14.4656
14.4656
14.4656
14.4656
14.4656
14.4656
14.4656
14.4656
14.4656
14.4656
14.4656
14.4656
14.4656
14.4656
11.2511
11.2511
11.2511
11.2511
11.2511
11.2511
11.2511
11.2511
11.2511
11.2511
11.251
11.251
11.251
11.251
11.251
11.251
11.251
11.251
11.251
11.251
11.251
11.251
11.251
11.251
11.251
11.251
11.251
11.251
11.251
11.251
11.251
11.251
11.251
11.251
11.251
11.251
11.251
11.251
11.251
11.251
11.251
11.251
11.251
11.251
11.251
11.251
11.251
11.251
11.251
11.251
11.251
11.251
11.251
11.251
11.251
11.251
11.251
11.251
11.251
11.251
11.251
11.251
11.251
11.251
11.251
11.251
11.251
11.251
11.251
11.251
11.251
11.251
11.251
11.2511
11.2511
11.2511
11.2511
11.251
11.251
11.251
11.2511
11.2511
11.2511
11.2511
11.2511
11.2511
11.2511
11.2511
11.2511
11.2511
11.2511
11.2511
11.2511
11.2511
11.2511
11.2511
11.2511
11.2511
11.2511
11.2511
8.03647
8.03647
8.03647
8.03647
8.03647
8.03647
8.03647
8.03647
8.03647
8.03647
8.03647
8.03647
8.03647
8.03647
8.03647
8.03647
8.03647
8.03647
8.03647
8.03647
8.03646
8.03646
8.03646
8.03646
8.03646
8.03646
8.03646
8.03646
8.03646
8.03646
8.03646
8.03646
8.03646
8.03646
8.03646
8.03646
8.03646
8.03646
8.03646
8.03646
8.03646
8.03646
8.03646
8.03646
8.03646
8.03646
8.03646
8.03646
8.03646
8.03646
8.03646
8.03646
8.03646
8.03646
8.03646
8.03646
8.03646
8.03646
8.03646
8.03646
8.03646
8.03646
8.03646
8.03646
8.03646
8.03646
8.03646
8.03646
8.03646
8.03646
8.03646
8.03646
8.03646
8.03646
8.03646
8.03646
8.03646
8.03646
8.03646
8.03646
8.03646
8.03646
8.03646
8.03647
8.03647
8.03647
8.03647
8.03646
8.03646
8.03646
8.03646
8.03647
8.03647
8.03647
8.03647
8.03647
8.03647
8.03647
8.03647
8.03646
4.82188
4.82188
4.82188
4.82188
4.82188
4.82188
4.82188
4.82188
4.82188
4.82188
4.82188
4.82188
4.82188
4.82188
4.82188
4.82188
4.82188
4.82188
4.82188
4.82188
4.82188
4.82188
4.82188
4.82188
4.82188
4.82188
4.82188
4.82188
4.82188
4.82188
4.82188
4.82188
4.82188
4.82188
4.82188
4.82188
4.82188
4.82188
4.82188
4.82188
4.82188
4.82188
4.82188
4.82188
4.82188
4.82188
4.82188
4.82188
4.82188
4.82188
4.82188
4.82188
4.82188
4.82188
4.82188
4.82188
4.82188
4.82188
4.82188
4.82188
4.82188
4.82188
4.82188
4.82188
4.82188
4.82188
4.82188
4.82188
4.82188
4.82188
4.82188
4.82188
4.82188
4.82188
4.82188
4.82188
4.82188
4.82188
4.82188
4.82188
4.82188
4.82188
4.82188
4.82188
4.82188
4.82188
4.82188
4.82188
4.82188
4.82188
4.82188
4.82188
4.82188
4.82188
4.82188
4.82188
4.82188
4.82188
4.82188
4.82188
1.60729
1.60729
1.60729
1.60729
1.60729
1.60729
1.60729
1.60729
1.60729
1.60729
1.60729
1.60729
1.60729
1.60729
1.60729
1.60729
1.60729
1.60729
1.60729
1.60729
1.60729
1.60729
1.60729
1.60729
1.60729
1.60729
1.60729
1.60729
1.60729
1.60729
1.60729
1.60729
1.60729
1.60729
1.60729
1.60729
1.60729
1.60729
1.60729
1.60729
1.60729
1.60729
1.60729
1.60729
1.60729
1.60729
1.60729
1.60729
1.60729
1.60729
1.60729
1.60729
1.60729
1.60729
1.60729
1.60729
1.60729
1.60729
1.60729
1.60729
1.60729
1.60729
1.60729
1.60729
1.60729
1.60729
1.60729
1.60729
1.60729
1.60729
1.60729
1.60729
1.60729
1.60729
1.60729
1.60729
1.60729
1.60729
1.60729
1.60729
1.60729
1.60729
1.60729
1.60729
1.60729
1.60729
1.60729
1.60729
1.60729
1.60729
1.60729
1.60729
1.60729
1.60729
1.60729
1.60729
1.60729
1.60729
1.60729
1.60729
98.195
97.6145
97.2499
96.9834
96.8452
96.8452
96.9834
97.2499
97.6144
98.195
89.0805
88.2328
87.6745
87.2799
87.0765
87.0765
87.2799
87.6745
88.2328
89.0805
81.5134
80.5379
79.9013
79.4578
79.2302
79.2302
79.4578
79.9013
80.5379
81.5134
76.2887
75.2866
74.641
74.1978
73.9707
73.9707
74.1978
74.641
75.2866
76.2887
72.3682
71.3734
70.7357
70.3065
70.0868
70.0868
70.3065
70.7357
71.3734
72.3682
69.1929
68.225
67.6031
67.1949
66.9862
66.9862
67.1949
67.6031
68.225
69.1929
66.5738
65.6537
65.0572
64.6761
64.4821
64.4821
64.6761
65.0572
65.6537
66.5738
64.4047
63.5558
62.997
62.6485
62.4718
62.4718
62.6485
62.997
63.5558
64.4047
62.6058
61.8442
61.3357
61.0245
60.8669
60.8669
61.0245
61.3357
61.8442
62.6058
61.1972
60.4358
59.986
59.7124
59.5737
59.5737
59.7124
59.986
60.4358
61.1972
62.3043
62.4767
62.6644
62.7909
62.8564
62.8564
62.7909
62.6644
62.4767
62.3043
62.7269
62.8215
62.948
63.0291
63.0706
63.0706
63.0291
62.948
62.8215
62.7269
62.7044
62.7016
62.7542
62.7825
62.7965
62.7965
62.7825
62.7542
62.7016
62.7044
62.2951
62.2023
62.187
62.1686
62.1586
62.1586
62.1686
62.187
62.2023
62.2951
61.7014
61.5347
61.4616
61.4058
61.3764
61.3764
61.4058
61.4616
61.5347
61.7014
61.0323
60.8099
60.69
60.6062
60.5625
60.5625
60.6062
60.69
60.8099
61.0323
60.3425
60.0847
59.931
59.8289
59.776
59.776
59.8289
59.931
60.0847
60.3425
59.6636
59.394
59.222
59.1113
59.0542
59.0542
59.1113
59.222
59.394
59.6636
59.0313
58.7658
58.5873
58.4752
58.4171
58.4171
58.4752
58.5873
58.7658
59.0313
58.5487
58.2013
58.0179
57.9051
57.8463
57.8463
57.9051
58.0179
58.2013
58.5487
57.7138
57.6994
57.7012
57.6978
57.6962
57.6962
57.6978
57.7012
57.6994
57.7138
58.1246
58.108
58.1092
58.1041
58.1015
58.1015
58.1041
58.1092
58.108
58.1246
58.4648
58.4299
58.4196
58.4049
58.3969
58.3969
58.4049
58.4196
58.4299
58.4648
58.5183
58.4502
58.4179
58.3872
58.3708
58.3708
58.3872
58.4179
58.4502
58.5183
58.3751
58.2717
58.2152
58.1685
58.1437
58.1437
58.1685
58.2152
58.2717
58.3751
58.1292
57.9954
57.9165
57.8565
57.8249
57.8249
57.8565
57.9165
57.9954
58.1292
57.829
57.673
57.576
57.5066
57.4702
57.4702
57.5066
57.576
57.6729
57.829
57.5012
57.335
57.2268
57.1524
57.1136
57.1136
57.1524
57.2268
57.335
57.5012
57.1789
57.0101
56.8945
56.8178
56.7778
56.7778
56.8178
56.8945
57.0101
57.1789
56.9369
56.704
56.5778
56.4973
56.4555
56.4555
56.4973
56.5778
56.704
56.9369
53.0227
53.0424
53.0674
53.0833
53.0918
53.0918
53.0833
53.0674
53.0424
53.0227
53.2329
53.2565
53.2854
53.3038
53.3135
53.3135
53.3038
53.2854
53.2565
53.2329
53.4115
53.4329
53.4616
53.4791
53.4883
53.4883
53.4791
53.4616
53.4329
53.4116
53.4979
53.5088
53.5307
53.5428
53.5491
53.5491
53.5428
53.5307
53.5088
53.4979
53.5126
53.5092
53.5208
53.5254
53.5278
53.5278
53.5254
53.5208
53.5092
53.5126
53.4792
53.4611
53.4612
53.4582
53.4564
53.4564
53.4582
53.4612
53.4611
53.4792
53.4113
53.3804
53.3699
53.3602
53.3549
53.3549
53.3602
53.3699
53.3804
53.4113
53.3187
53.2798
53.2609
53.2462
53.2382
53.2382
53.2462
53.2609
53.2798
53.3187
53.2193
53.1746
53.1476
53.1283
53.1178
53.1178
53.1283
53.1476
53.1746
53.2193
53.1584
53.0699
53.029
53.0022
52.988
52.988
53.0022
53.029
53.0699
53.1584
49.8247
49.8248
49.8269
49.827
49.8271
49.8271
49.827
49.8269
49.8248
49.8247
49.9233
49.927
49.9323
49.9345
49.9357
49.9357
49.9345
49.9323
49.927
49.9233
50.024
50.0292
50.0361
50.0392
50.0407
50.0407
50.0392
50.0361
50.0292
50.024
50.0926
50.0957
50.1016
50.1035
50.1045
50.1045
50.1035
50.1016
50.0957
50.0926
50.131
50.1298
50.1329
50.1325
50.1322
50.1322
50.1325
50.1329
50.1298
50.131
50.1463
50.1397
50.139
50.136
50.1342
50.1342
50.136
50.139
50.1397
50.1463
50.1431
50.1314
50.1267
50.1211
50.1179
50.1179
50.1211
50.1267
50.1314
50.1431
50.1258
50.1105
50.1024
50.0947
50.0904
50.0904
50.0947
50.1024
50.1105
50.1258
50.1038
50.0851
50.0726
50.0626
50.057
50.057
50.0626
50.0726
50.0851
50.1038
50.0986
50.0569
50.0363
50.022
50.0144
50.0144
50.022
50.0363
50.0569
50.0986
46.5296
46.5326
46.5364
46.5385
46.5397
46.5397
46.5385
46.5364
46.5326
46.5296
46.5707
46.5756
46.5809
46.5841
46.5859
46.5859
46.5841
46.5809
46.5756
46.5707
46.6127
46.6186
46.6252
46.6293
46.6314
46.6314
46.6293
46.6252
46.6186
46.6127
46.6444
46.6502
46.6569
46.6609
46.663
46.663
46.6609
46.6569
46.6502
46.6444
46.6659
46.6705
46.6765
46.6799
46.6816
46.6816
46.6799
46.6765
46.6705
46.6659
46.6787
46.6814
46.6861
46.6884
46.6896
46.6896
46.6884
46.6861
46.6814
46.6787
46.6837
46.6844
46.6875
46.6887
46.6892
46.6892
46.6887
46.6875
46.6844
46.6837
46.682
46.6812
46.6828
46.6828
46.6827
46.6827
46.6828
46.6828
46.6812
46.682
46.678
46.6754
46.6746
46.6732
46.6723
46.6723
46.6732
46.6746
46.6754
46.678
46.6824
46.6678
46.662
46.6578
46.6556
46.6556
46.6578
46.662
46.6678
46.6824
43.3598
43.3602
43.3608
43.3609
43.361
43.361
43.3609
43.3608
43.3602
43.3598
43.3771
43.3784
43.3798
43.3805
43.3808
43.3808
43.3805
43.3798
43.3784
43.3771
43.3969
43.3989
43.401
43.4021
43.4027
43.4027
43.4021
43.401
43.3989
43.3969
43.4139
43.4163
43.4188
43.4201
43.4207
43.4207
43.4201
43.4188
43.4163
43.4139
43.4277
43.4301
43.4326
43.4338
43.4344
43.4344
43.4338
43.4326
43.4301
43.4277
43.4386
43.4405
43.4428
43.4437
43.4442
43.4442
43.4437
43.4428
43.4405
43.4386
43.4465
43.4479
43.4498
43.4504
43.4507
43.4507
43.4504
43.4498
43.4479
43.4465
43.4518
43.4528
43.4542
43.4545
43.4546
43.4546
43.4545
43.4542
43.4528
43.4518
43.4564
43.4567
43.4571
43.4568
43.4565
43.4565
43.4568
43.4571
43.4567
43.4564
43.4645
43.4596
43.4576
43.4561
43.4552
43.4552
43.4561
43.4576
43.4596
43.4645
40.1541
40.1547
40.1553
40.1557
40.1559
40.1559
40.1557
40.1553
40.1547
40.1541
40.1608
40.1617
40.1627
40.1633
40.1636
40.1636
40.1633
40.1627
40.1617
40.1608
40.1683
40.1697
40.171
40.1718
40.1723
40.1723
40.1718
40.171
40.1697
40.1683
40.1753
40.1769
40.1784
40.1794
40.1799
40.1799
40.1794
40.1784
40.1769
40.1753
40.1814
40.1831
40.1847
40.1857
40.1863
40.1863
40.1857
40.1847
40.1831
40.1814
40.1865
40.1882
40.1898
40.1908
40.1913
40.1913
40.1908
40.1898
40.1882
40.1865
40.1906
40.1921
40.1937
40.1945
40.1949
40.1949
40.1945
40.1937
40.1921
40.1906
40.1936
40.195
40.1964
40.1971
40.1974
40.1974
40.1971
40.1964
40.195
40.1936
40.1963
40.1974
40.1983
40.1987
40.1989
40.1989
40.1987
40.1983
40.1974
40.1963
40.2006
40.1993
40.1991
40.1989
40.1988
40.1988
40.1989
40.1991
40.1993
40.2006
36.9555
36.9556
36.9557
36.9557
36.9558
36.9558
36.9557
36.9557
36.9556
36.9555
36.958
36.9582
36.9585
36.9586
36.9587
36.9587
36.9586
36.9585
36.9582
36.958
36.9612
36.9616
36.9621
36.9623
36.9624
36.9624
36.9623
36.9621
36.9616
36.9612
36.9644
36.9651
36.9656
36.966
36.9661
36.9661
36.966
36.9656
36.9651
36.9644
36.9676
36.9684
36.969
36.9694
36.9696
36.9696
36.9694
36.969
36.9684
36.9676
36.9706
36.9714
36.9722
36.9726
36.9728
36.9728
36.9726
36.9722
36.9714
36.9706
36.9733
36.9742
36.975
36.9754
36.9756
36.9756
36.9754
36.975
36.9742
36.9733
36.9758
36.9766
36.9774
36.9778
36.978
36.978
36.9778
36.9774
36.9766
36.9758
36.9782
36.979
36.9796
36.9799
36.98
36.98
36.9799
36.9796
36.979
36.9782
36.9812
36.9811
36.9813
36.9813
36.9813
36.9813
36.9813
36.9813
36.9811
36.9812
33.7462
33.7463
33.7464
33.7464
33.7465
33.7465
33.7464
33.7464
33.7463
33.7462
33.747
33.7471
33.7473
33.7474
33.7475
33.7475
33.7474
33.7473
33.7471
33.747
33.748
33.7483
33.7485
33.7487
33.7488
33.7488
33.7487
33.7485
33.7483
33.748
33.7492
33.7496
33.7499
33.7501
33.7502
33.7502
33.7501
33.7499
33.7496
33.7492
33.7505
33.7509
33.7513
33.7515
33.7516
33.7516
33.7515
33.7513
33.7509
33.7505
33.7518
33.7522
33.7526
33.7529
33.753
33.753
33.7529
33.7526
33.7522
33.7518
33.753
33.7535
33.7539
33.7542
33.7543
33.7543
33.7542
33.7539
33.7535
33.753
33.7541
33.7546
33.755
33.7553
33.7554
33.7554
33.7553
33.755
33.7546
33.7541
33.7552
33.7557
33.756
33.7563
33.7564
33.7564
33.7563
33.756
33.7557
33.7552
33.7565
33.7566
33.7568
33.757
33.757
33.757
33.757
33.7568
33.7566
33.7565
30.5357
30.5358
30.5358
30.5358
30.5358
30.5358
30.5358
30.5358
30.5358
30.5357
30.536
30.536
30.536
30.5361
30.5361
30.5361
30.5361
30.536
30.536
30.536
30.5363
30.5364
30.5365
30.5365
30.5366
30.5366
30.5365
30.5365
30.5364
30.5363
30.5368
30.537
30.5371
30.5371
30.5372
30.5372
30.5371
30.5371
30.537
30.5368
30.5374
30.5376
30.5377
30.5378
30.5379
30.5379
30.5378
30.5377
30.5376
30.5374
30.538
30.5383
30.5384
30.5385
30.5386
30.5386
30.5385
30.5384
30.5383
30.538
30.5387
30.5389
30.5391
30.5393
30.5393
30.5393
30.5393
30.5391
30.5389
30.5387
30.5393
30.5396
30.5398
30.54
30.54
30.54
30.54
30.5398
30.5396
30.5393
30.54
30.5403
30.5405
30.5406
30.5407
30.5407
30.5406
30.5405
30.5403
30.54
30.5408
30.5409
30.5411
30.5412
30.5412
30.5412
30.5412
30.5411
30.5409
30.5408
27.3226
27.3226
27.3226
27.3226
27.3226
27.3226
27.3226
27.3226
27.3226
27.3226
27.3226
27.3226
27.3227
27.3227
27.3227
27.3227
27.3227
27.3227
27.3226
27.3226
27.3227
27.3227
27.3228
27.3228
27.3228
27.3228
27.3228
27.3228
27.3227
27.3227
27.3229
27.3229
27.323
27.323
27.323
27.323
27.323
27.323
27.3229
27.3229
27.3231
27.3231
27.3232
27.3232
27.3233
27.3233
27.3232
27.3232
27.3231
27.3231
27.3233
27.3234
27.3235
27.3235
27.3236
27.3236
27.3235
27.3235
27.3234
27.3233
27.3236
27.3237
27.3238
27.3238
27.3239
27.3239
27.3238
27.3238
27.3237
27.3236
27.3238
27.324
27.3241
27.3241
27.3242
27.3242
27.3241
27.3241
27.324
27.3238
27.3241
27.3242
27.3243
27.3244
27.3244
27.3244
27.3244
27.3243
27.3242
27.3241
27.3244
27.3245
27.3246
27.3246
27.3247
27.3247
27.3246
27.3246
27.3245
27.3244
24.1089
24.1089
24.1089
24.1089
24.1089
24.1089
24.1089
24.1089
24.1089
24.1089
24.1089
24.1089
24.1089
24.1089
24.1089
24.1089
24.1089
24.1089
24.1089
24.1089
24.1089
24.1089
24.1089
24.1089
24.1089
24.1089
24.1089
24.1089
24.1089
24.1089
24.1089
24.109
24.109
24.109
24.109
24.109
24.109
24.109
24.109
24.1089
24.109
24.109
24.1091
24.1091
24.1091
24.1091
24.1091
24.1091
24.109
24.109
24.1091
24.1092
24.1092
24.1092
24.1092
24.1092
24.1092
24.1092
24.1092
24.1091
24.1092
24.1093
24.1093
24.1094
24.1094
24.1094
24.1094
24.1093
24.1093
24.1092
24.1094
24.1094
24.1095
24.1095
24.1095
24.1095
24.1095
24.1095
24.1094
24.1094
24.1095
24.1096
24.1096
24.1097
24.1097
24.1097
24.1097
24.1096
24.1096
24.1095
24.1097
24.1097
24.1098
24.1098
24.1098
24.1098
24.1098
24.1098
24.1097
24.1097
20.8946
20.8946
20.8946
20.8946
20.8946
20.8946
20.8946
20.8946
20.8946
20.8946
20.8946
20.8946
20.8946
20.8946
20.8946
20.8946
20.8946
20.8946
20.8946
20.8946
20.8946
20.8946
20.8946
20.8946
20.8946
20.8946
20.8946
20.8946
20.8946
20.8946
20.8946
20.8946
20.8946
20.8946
20.8946
20.8946
20.8946
20.8946
20.8946
20.8946
20.8946
20.8946
20.8946
20.8946
20.8946
20.8946
20.8946
20.8946
20.8946
20.8946
20.8946
20.8946
20.8947
20.8947
20.8947
20.8947
20.8947
20.8947
20.8946
20.8946
20.8947
20.8947
20.8947
20.8947
20.8947
20.8947
20.8947
20.8947
20.8947
20.8947
20.8947
20.8947
20.8948
20.8948
20.8948
20.8948
20.8948
20.8948
20.8947
20.8947
20.8948
20.8948
20.8948
20.8948
20.8948
20.8948
20.8948
20.8948
20.8948
20.8948
20.8948
20.8949
20.8949
20.8949
20.8949
20.8949
20.8949
20.8949
20.8949
20.8948
17.6802
17.6802
17.6802
17.6802
17.6802
17.6802
17.6802
17.6802
17.6802
17.6802
17.6802
17.6801
17.6801
17.6801
17.6801
17.6801
17.6801
17.6801
17.6801
17.6802
17.6801
17.6801
17.6801
17.6801
17.6801
17.6801
17.6801
17.6801
17.6801
17.6801
17.6801
17.6801
17.6801
17.6801
17.6801
17.6801
17.6801
17.6801
17.6801
17.6801
17.6801
17.6801
17.6801
17.6802
17.6802
17.6802
17.6802
17.6801
17.6801
17.6801
17.6802
17.6802
17.6802
17.6802
17.6802
17.6802
17.6802
17.6802
17.6802
17.6802
17.6802
17.6802
17.6802
17.6802
17.6802
17.6802
17.6802
17.6802
17.6802
17.6802
17.6802
17.6802
17.6802
17.6802
17.6802
17.6802
17.6802
17.6802
17.6802
17.6802
17.6802
17.6802
17.6802
17.6803
17.6803
17.6803
17.6803
17.6802
17.6802
17.6802
17.6802
17.6803
17.6803
17.6803
17.6803
17.6803
17.6803
17.6803
17.6803
17.6802
14.4656
14.4656
14.4656
14.4656
14.4656
14.4656
14.4656
14.4656
14.4656
14.4656
14.4656
14.4656
14.4656
14.4656
14.4656
14.4656
14.4656
14.4656
14.4656
14.4656
14.4656
14.4656
14.4656
14.4656
14.4656
14.4656
14.4656
14.4656
14.4656
14.4656
14.4656
14.4656
14.4656
14.4656
14.4656
14.4656
14.4656
14.4656
14.4656
14.4656
14.4656
14.4656
14.4656
14.4656
14.4656
14.4656
14.4656
14.4656
14.4656
14.4656
14.4656
14.4656
14.4656
14.4656
14.4656
14.4656
14.4656
14.4656
14.4656
14.4656
14.4656
14.4656
14.4656
14.4656
14.4656
14.4656
14.4656
14.4656
14.4656
14.4656
14.4656
14.4656
14.4656
14.4656
14.4656
14.4656
14.4656
14.4656
14.4656
14.4656
14.4656
14.4656
14.4656
14.4656
14.4656
14.4656
14.4656
14.4656
14.4656
14.4656
14.4656
14.4656
14.4656
14.4656
14.4656
14.4656
14.4656
14.4656
14.4656
14.4656
11.2511
11.2511
11.2511
11.2511
11.2511
11.2511
11.2511
11.2511
11.2511
11.2511
11.251
11.251
11.251
11.251
11.251
11.251
11.251
11.251
11.251
11.251
11.251
11.251
11.251
11.251
11.251
11.251
11.251
11.251
11.251
11.251
11.251
11.251
11.251
11.251
11.251
11.251
11.251
11.251
11.251
11.251
11.251
11.251
11.251
11.251
11.251
11.251
11.251
11.251
11.251
11.251
11.251
11.251
11.251
11.251
11.251
11.251
11.251
11.251
11.251
11.251
11.251
11.251
11.251
11.251
11.251
11.251
11.251
11.251
11.251
11.251
11.251
11.251
11.251
11.2511
11.2511
11.2511
11.2511
11.251
11.251
11.251
11.2511
11.2511
11.2511
11.2511
11.2511
11.2511
11.2511
11.2511
11.2511
11.2511
11.2511
11.2511
11.2511
11.2511
11.2511
11.2511
11.2511
11.2511
11.2511
11.2511
8.03647
8.03647
8.03647
8.03647
8.03647
8.03647
8.03647
8.03647
8.03647
8.03647
8.03647
8.03647
8.03647
8.03647
8.03647
8.03647
8.03647
8.03647
8.03647
8.03647
8.03646
8.03646
8.03646
8.03646
8.03646
8.03646
8.03646
8.03646
8.03646
8.03646
8.03646
8.03646
8.03646
8.03646
8.03646
8.03646
8.03646
8.03646
8.03646
8.03646
8.03646
8.03646
8.03646
8.03646
8.03646
8.03646
8.03646
8.03646
8.03646
8.03646
8.03646
8.03646
8.03646
8.03646
8.03646
8.03646
8.03646
8.03646
8.03646
8.03646
8.03646
8.03646
8.03646
8.03646
8.03646
8.03646
8.03646
8.03646
8.03646
8.03646
8.03646
8.03646
8.03646
8.03646
8.03646
8.03646
8.03646
8.03646
8.03646
8.03646
8.03646
8.03646
8.03646
8.03647
8.03647
8.03647
8.03647
8.03646
8.03646
8.03646
8.03646
8.03647
8.03647
8.03647
8.03647
8.03647
8.03647
8.03647
8.03647
8.03646
4.82188
4.82188
4.82188
4.82188
4.82188
4.82188
4.82188
4.82188
4.82188
4.82188
4.82188
4.82188
4.82188
4.82188
4.82188
4.82188
4.82188
4.82188
4.82188
4.82188
4.82188
4.82188
4.82188
4.82188
4.82188
4.82188
4.82188
4.82188
4.82188
4.82188
4.82188
4.82188
4.82188
4.82188
4.82188
4.82188
4.82188
4.82188
4.82188
4.82188
4.82188
4.82188
4.82188
4.82188
4.82188
4.82188
4.82188
4.82188
4.82188
4.82188
4.82188
4.82188
4.82188
4.82188
4.82188
4.82188
4.82188
4.82188
4.82188
4.82188
4.82188
4.82188
4.82188
4.82188
4.82188
4.82188
4.82188
4.82188
4.82188
4.82188
4.82188
4.82188
4.82188
4.82188
4.82188
4.82188
4.82188
4.82188
4.82188
4.82188
4.82188
4.82188
4.82188
4.82188
4.82188
4.82188
4.82188
4.82188
4.82188
4.82188
4.82188
4.82188
4.82188
4.82188
4.82188
4.82188
4.82188
4.82188
4.82188
4.82188
1.60729
1.60729
1.60729
1.60729
1.60729
1.60729
1.60729
1.60729
1.60729
1.60729
1.60729
1.60729
1.60729
1.60729
1.60729
1.60729
1.60729
1.60729
1.60729
1.60729
1.60729
1.60729
1.60729
1.60729
1.60729
1.60729
1.60729
1.60729
1.60729
1.60729
1.60729
1.60729
1.60729
1.60729
1.60729
1.60729
1.60729
1.60729
1.60729
1.60729
1.60729
1.60729
1.60729
1.60729
1.60729
1.60729
1.60729
1.60729
1.60729
1.60729
1.60729
1.60729
1.60729
1.60729
1.60729
1.60729
1.60729
1.60729
1.60729
1.60729
1.60729
1.60729
1.60729
1.60729
1.60729
1.60729
1.60729
1.60729
1.60729
1.60729
1.60729
1.60729
1.60729
1.60729
1.60729
1.60729
1.60729
1.60729
1.60729
1.60729
1.60729
1.60729
1.60729
1.60729
1.60729
1.60729
1.60729
1.60729
1.60729
1.60729
1.60729
1.60729
1.60729
1.60729
1.60729
1.60729
1.60729
1.60729
1.60729
1.60729
60.1878
59.5022
59.0674
58.7906
58.6532
58.6532
58.7906
59.0674
59.5022
60.1878
59.5022
58.9162
58.4742
58.1791
58.0327
58.0327
58.1791
58.4742
58.9162
59.5022
59.0674
58.4742
58.013
57.7054
57.5536
57.5536
57.7054
58.013
58.4742
59.0674
58.7906
58.1791
57.7054
57.3919
57.2376
57.2376
57.3919
57.7054
58.1791
58.7906
58.6532
58.0327
57.5536
57.2376
57.0822
57.0822
57.2376
57.5536
58.0327
58.6532
58.6532
58.0327
57.5536
57.2376
57.0822
57.0822
57.2376
57.5536
58.0327
58.6532
58.7906
58.1791
57.7054
57.3919
57.2376
57.2376
57.3919
57.7054
58.1791
58.7906
59.0674
58.4742
58.013
57.7054
57.5536
57.5536
57.7054
58.013
58.4742
59.0674
59.5022
58.9162
58.4742
58.1791
58.0327
58.0327
58.1791
58.4742
58.9162
59.5022
60.1878
59.5022
59.0674
58.7906
58.6532
58.6532
58.7906
59.0674
59.5022
60.1878
58.0309
57.7544
57.5896
57.4809
57.4257
57.4257
57.4809
57.5896
57.7544
58.0309
57.7544
57.5352
57.3485
57.2183
57.1532
57.1532
57.2183
57.3485
57.5352
57.7544
57.5896
57.3485
57.1386
56.9946
56.9235
56.9235
56.9946
57.1386
57.3485
57.5896
57.4809
57.2183
56.9946
56.8433
56.7689
56.7689
56.8433
56.9946
57.2183
57.4809
57.4257
57.1532
56.9235
56.7689
56.6928
56.6928
56.7689
56.9235
57.1532
57.4257
57.4257
57.1532
56.9235
56.7689
56.6928
56.6928
56.7689
56.9235
57.1532
57.4257
57.4809
57.2183
56.9946
56.8433
56.7689
56.7689
56.8433
56.9946
57.2183
57.4809
57.5896
57.3485
57.1386
56.9946
56.9235
56.9235
56.9946
57.1387
57.3485
57.5896
57.7544
57.5352
57.3485
57.2183
57.1532
57.1532
57.2183
57.3485
57.5352
57.7544
58.0309
57.7544
57.5896
57.4809
57.4257
57.4257
57.4809
57.5896
57.7544
58.0309
56.5495
56.3985
56.3052
56.2403
56.2069
56.2069
56.2403
56.3052
56.3985
56.5495
56.3985
56.2784
56.165
56.0829
56.0415
56.0415
56.0829
56.165
56.2784
56.3985
56.3052
56.165
56.0327
55.94
55.894
55.894
55.94
56.0327
56.165
56.3052
56.2403
56.0829
55.94
55.842
55.7936
55.7936
55.842
55.94
56.0829
56.2403
56.2069
56.0415
55.894
55.7936
55.744
55.744
55.7936
55.894
56.0415
56.2069
56.2069
56.0415
55.894
55.7936
55.744
55.744
55.7936
55.894
56.0415
56.2069
56.2403
56.0829
55.94
55.842
55.7936
55.7936
55.842
55.94
56.0829
56.2403
56.3052
56.165
56.0327
55.94
55.894
55.894
55.94
56.0327
56.165
56.3052
56.3985
56.2784
56.165
56.0829
56.0415
56.0415
56.0829
56.165
56.2784
56.3985
56.5495
56.3985
56.3052
56.2403
56.2069
56.2069
56.2403
56.3052
56.3985
56.5495
52.9626
52.9278
52.9085
52.8928
52.8843
52.8843
52.8928
52.9085
52.9278
52.9626
52.9278
52.9024
52.8675
52.84
52.826
52.826
52.84
52.8675
52.9024
52.9278
52.9085
52.8675
52.8206
52.7866
52.7698
52.7698
52.7866
52.8206
52.8675
52.9085
52.8928
52.84
52.7866
52.7494
52.7311
52.7311
52.7494
52.7866
52.84
52.8928
52.8843
52.826
52.7698
52.7311
52.7121
52.7121
52.7311
52.7698
52.826
52.8843
52.8843
52.826
52.7698
52.7311
52.7121
52.7121
52.7311
52.7698
52.826
52.8843
52.8928
52.84
52.7866
52.7494
52.7311
52.7311
52.7494
52.7866
52.84
52.8928
52.9085
52.8675
52.8206
52.7866
52.7698
52.7698
52.7866
52.8206
52.8675
52.9085
52.9278
52.9024
52.8675
52.84
52.826
52.826
52.84
52.8675
52.9024
52.9278
52.9626
52.9278
52.9085
52.8928
52.8843
52.8843
52.8928
52.9085
52.9278
52.9626
49.9964
49.9895
49.9854
49.9805
49.9777
49.9777
49.9805
49.9854
49.9895
49.9964
49.9895
49.9861
49.9738
49.9628
49.9572
49.9572
49.9628
49.9738
49.9861
49.9895
49.9854
49.9738
49.9552
49.9409
49.9339
49.9339
49.9409
49.9552
49.9738
49.9854
49.9805
49.9628
49.9409
49.9252
49.9174
49.9174
49.9252
49.9409
49.9628
49.9805
49.9777
49.9572
49.9339
49.9174
49.9093
49.9093
49.9174
49.9339
49.9572
49.9777
49.9777
49.9572
49.9339
49.9174
49.9093
49.9093
49.9174
49.9339
49.9572
49.9777
49.9805
49.9628
49.9409
49.9252
49.9174
49.9174
49.9252
49.9409
49.9628
49.9805
49.9854
49.9738
49.9552
49.9409
49.9339
49.9339
49.9409
49.9552
49.9738
49.9854
49.9895
49.9861
49.9738
49.9628
49.9572
49.9572
49.9628
49.9738
49.9861
49.9895
49.9964
49.9895
49.9854
49.9805
49.9777
49.9777
49.9805
49.9854
49.9895
49.9964
46.6336
46.637
46.6396
46.6401
46.6403
46.6403
46.6401
46.6396
46.637
46.6336
46.637
46.6406
46.6385
46.6357
46.6343
46.6343
46.6357
46.6385
46.6406
46.637
46.6396
46.6385
46.6331
46.6287
46.6266
46.6266
46.6287
46.6331
46.6385
46.6396
46.6401
46.6357
46.6287
46.6236
46.6211
46.6211
46.6236
46.6287
46.6357
46.6401
46.6403
46.6343
46.6266
46.6211
46.6184
46.6184
46.6211
46.6266
46.6343
46.6403
46.6403
46.6343
46.6266
46.6211
46.6184
46.6184
46.6211
46.6266
46.6343
46.6403
46.6401
46.6357
46.6287
46.6236
46.6211
46.6211
46.6236
46.6287
46.6357
46.6401
46.6396
46.6385
46.6331
46.6287
46.6266
46.6266
46.6287
46.6331
46.6385
46.6396
46.637
46.6406
46.6385
46.6357
46.6343
46.6343
46.6357
46.6385
46.6406
46.637
46.6336
46.637
46.6396
46.6401
46.6403
46.6403
46.6401
46.6396
46.637
46.6336
43.4443
43.4485
43.4513
43.4525
43.4531
43.4531
43.4525
43.4513
43.4485
43.4443
43.4485
43.4528
43.4536
43.4535
43.4534
43.4534
43.4535
43.4536
43.4528
43.4485
43.4513
43.4536
43.4531
43.4523
43.452
43.452
43.4523
43.4531
43.4536
43.4513
43.4525
43.4535
43.4523
43.4513
43.4508
43.4508
43.4513
43.4523
43.4535
43.4525
43.4531
43.4534
43.452
43.4508
43.4503
43.4503
43.4508
43.452
43.4534
43.4531
43.4531
43.4534
43.452
43.4508
43.4503
43.4503
43.4508
43.452
43.4534
43.4531
43.4525
43.4535
43.4523
43.4513
43.4508
43.4508
43.4513
43.4523
43.4535
43.4525
43.4513
43.4536
43.4531
43.4523
43.452
43.452
43.4523
43.4531
43.4536
43.4513
43.4485
43.4528
43.4536
43.4535
43.4534
43.4534
43.4535
43.4536
43.4528
43.4485
43.4443
43.4485
43.4513
43.4525
43.4531
43.4531
43.4525
43.4513
43.4485
43.4443
40.1919
40.1947
40.1965
40.1975
40.198
40.198
40.1975
40.1965
40.1947
40.1919
40.1947
40.1972
40.1982
40.1985
40.1987
40.1987
40.1985
40.1982
40.1972
40.1947
40.1965
40.1982
40.1985
40.1985
40.1986
40.1986
40.1985
40.1985
40.1982
40.1965
40.1975
40.1985
40.1985
40.1985
40.1985
40.1985
40.1985
40.1985
40.1985
40.1975
40.198
40.1987
40.1986
40.1985
40.1984
40.1984
40.1985
40.1986
40.1987
40.198
40.198
40.1987
40.1986
40.1985
40.1984
40.1984
40.1985
40.1986
40.1987
40.198
40.1975
40.1985
40.1985
40.1985
40.1985
40.1985
40.1985
40.1985
40.1985
40.1975
40.1965
40.1982
40.1985
40.1985
40.1986
40.1986
40.1985
40.1985
40.1982
40.1965
40.1947
40.1972
40.1982
40.1985
40.1987
40.1987
40.1985
40.1982
40.1972
40.1947
40.1919
40.1947
40.1965
40.1975
40.198
40.198
40.1975
40.1965
40.1947
40.1919
36.9783
36.98
36.9812
36.9818
36.9822
36.9822
36.9818
36.9812
36.98
36.9783
36.98
36.9817
36.9825
36.983
36.9832
36.9832
36.983
36.9825
36.9817
36.98
36.9812
36.9825
36.9831
36.9835
36.9837
36.9837
36.9835
36.9831
36.9825
36.9812
36.9818
36.983
36.9835
36.9838
36.984
36.984
36.9838
36.9835
36.983
36.9818
36.9822
36.9832
36.9837
36.984
36.9842
36.9842
36.984
36.9837
36.9832
36.9822
36.9822
36.9832
36.9837
36.984
36.9842
36.9842
36.984
36.9837
36.9832
36.9822
36.9818
36.983
36.9835
36.9838
36.984
36.984
36.9838
36.9835
36.983
36.9818
36.9812
36.9825
36.9831
36.9835
36.9837
36.9837
36.9835
36.9831
36.9825
36.9812
36.98
36.9817
36.9825
36.983
36.9832
36.9832
36.983
36.9825
36.9817
36.98
36.9783
36.98
36.9812
36.9818
36.9822
36.9822
36.9818
36.9812
36.98
36.9783
33.7555
33.7563
33.7569
33.7572
33.7574
33.7574
33.7572
33.7569
33.7563
33.7555
33.7563
33.7571
33.7575
33.7578
33.7579
33.7579
33.7578
33.7575
33.7571
33.7563
33.7569
33.7575
33.7579
33.7581
33.7582
33.7582
33.7581
33.7579
33.7575
33.7569
33.7572
33.7578
33.7581
33.7583
33.7584
33.7584
33.7583
33.7581
33.7578
33.7572
33.7574
33.7579
33.7582
33.7584
33.7586
33.7586
33.7584
33.7582
33.7579
33.7574
33.7574
33.7579
33.7582
33.7584
33.7586
33.7586
33.7584
33.7582
33.7579
33.7574
33.7572
33.7578
33.7581
33.7583
33.7584
33.7584
33.7583
33.7581
33.7578
33.7572
33.7569
33.7575
33.7579
33.7581
33.7582
33.7582
33.7581
33.7579
33.7575
33.7569
33.7563
33.7571
33.7575
33.7578
33.7579
33.7579
33.7578
33.7575
33.7571
33.7563
33.7555
33.7563
33.7569
33.7572
33.7574
33.7574
33.7572
33.7569
33.7563
33.7555
30.5406
30.541
30.5413
30.5415
30.5416
30.5416
30.5415
30.5413
30.541
30.5406
30.541
30.5415
30.5417
30.5419
30.542
30.542
30.5419
30.5417
30.5415
30.541
30.5413
30.5417
30.542
30.5421
30.5422
30.5422
30.5421
30.542
30.5417
30.5413
30.5415
30.5419
30.5421
30.5423
30.5424
30.5424
30.5423
30.5421
30.5419
30.5415
30.5416
30.542
30.5422
30.5424
30.5425
30.5425
30.5424
30.5422
30.542
30.5416
30.5416
30.542
30.5422
30.5424
30.5425
30.5425
30.5424
30.5422
30.542
30.5416
30.5415
30.5419
30.5421
30.5423
30.5424
30.5424
30.5423
30.5421
30.5419
30.5415
30.5413
30.5417
30.542
30.5421
30.5422
30.5422
30.5421
30.542
30.5417
30.5413
30.541
30.5415
30.5417
30.5419
30.542
30.542
30.5419
30.5417
30.5415
30.541
30.5406
30.541
30.5413
30.5415
30.5416
30.5416
30.5415
30.5413
30.541
30.5406
27.3244
27.3246
27.3247
27.3248
27.3248
27.3248
27.3248
27.3247
27.3246
27.3244
27.3246
27.3248
27.3249
27.325
27.325
27.325
27.325
27.3249
27.3248
27.3246
27.3247
27.3249
27.325
27.3251
27.3251
27.3251
27.3251
27.325
27.3249
27.3247
27.3248
27.325
27.3251
27.3252
27.3252
27.3252
27.3252
27.3251
27.325
27.3248
27.3248
27.325
27.3251
27.3252
27.3252
27.3252
27.3252
27.3251
27.325
27.3248
27.3248
27.325
27.3251
27.3252
27.3252
27.3252
27.3252
27.3251
27.325
27.3248
27.3248
27.325
27.3251
27.3252
27.3252
27.3252
27.3252
27.3251
27.325
27.3248
27.3247
27.3249
27.325
27.3251
27.3251
27.3251
27.3251
27.325
27.3249
27.3247
27.3246
27.3248
27.3249
27.325
27.325
27.325
27.325
27.3249
27.3248
27.3246
27.3244
27.3246
27.3247
27.3248
27.3248
27.3248
27.3248
27.3247
27.3246
27.3244
24.1097
24.1098
24.1099
24.1099
24.1099
24.1099
24.1099
24.1099
24.1098
24.1097
24.1098
24.1099
24.11
24.11
24.11
24.11
24.11
24.11
24.1099
24.1098
24.1099
24.11
24.11
24.1101
24.1101
24.1101
24.1101
24.11
24.11
24.1099
24.1099
24.11
24.1101
24.1101
24.1102
24.1102
24.1101
24.1101
24.11
24.1099
24.1099
24.11
24.1101
24.1102
24.1102
24.1102
24.1102
24.1101
24.11
24.1099
24.1099
24.11
24.1101
24.1102
24.1102
24.1102
24.1102
24.1101
24.11
24.1099
24.1099
24.11
24.1101
24.1101
24.1102
24.1102
24.1101
24.1101
24.11
24.1099
24.1099
24.11
24.11
24.1101
24.1101
24.1101
24.1101
24.11
24.11
24.1099
24.1098
24.1099
24.11
24.11
24.11
24.11
24.11
24.11
24.1099
24.1098
24.1097
24.1098
24.1099
24.1099
24.1099
24.1099
24.1099
24.1099
24.1098
24.1097
20.8949
20.8949
20.8949
20.8949
20.895
20.895
20.8949
20.8949
20.8949
20.8949
20.8949
20.8949
20.895
20.895
20.895
20.895
20.895
20.895
20.8949
20.8949
20.8949
20.895
20.895
20.895
20.895
20.895
20.895
20.895
20.895
20.8949
20.8949
20.895
20.895
20.895
20.895
20.895
20.895
20.895
20.895
20.8949
20.895
20.895
20.895
20.895
20.895
20.895
20.895
20.895
20.895
20.895
20.895
20.895
20.895
20.895
20.895
20.895
20.895
20.895
20.895
20.895
20.8949
20.895
20.895
20.895
20.895
20.895
20.895
20.895
20.895
20.8949
20.8949
20.895
20.895
20.895
20.895
20.895
20.895
20.895
20.895
20.8949
20.8949
20.8949
20.895
20.895
20.895
20.895
20.895
20.895
20.8949
20.8949
20.8949
20.8949
20.8949
20.8949
20.895
20.895
20.8949
20.8949
20.8949
20.8949
17.6803
17.6803
17.6803
17.6803
17.6803
17.6803
17.6803
17.6803
17.6803
17.6803
17.6803
17.6803
17.6803
17.6803
17.6803
17.6803
17.6803
17.6803
17.6803
17.6803
17.6803
17.6803
17.6803
17.6803
17.6803
17.6803
17.6803
17.6803
17.6803
17.6803
17.6803
17.6803
17.6803
17.6803
17.6804
17.6804
17.6803
17.6803
17.6803
17.6803
17.6803
17.6803
17.6803
17.6804
17.6804
17.6804
17.6804
17.6803
17.6803
17.6803
17.6803
17.6803
17.6803
17.6804
17.6804
17.6804
17.6804
17.6803
17.6803
17.6803
17.6803
17.6803
17.6803
17.6803
17.6804
17.6804
17.6803
17.6803
17.6803
17.6803
17.6803
17.6803
17.6803
17.6803
17.6803
17.6803
17.6803
17.6803
17.6803
17.6803
17.6803
17.6803
17.6803
17.6803
17.6803
17.6803
17.6803
17.6803
17.6803
17.6803
17.6803
17.6803
17.6803
17.6803
17.6803
17.6803
17.6803
17.6803
17.6803
17.6803
14.4656
14.4657
14.4657
14.4657
14.4657
14.4657
14.4657
14.4657
14.4657
14.4656
14.4657
14.4657
14.4657
14.4657
14.4657
14.4657
14.4657
14.4657
14.4657
14.4657
14.4657
14.4657
14.4657
14.4657
14.4657
14.4657
14.4657
14.4657
14.4657
14.4657
14.4657
14.4657
14.4657
14.4657
14.4657
14.4657
14.4657
14.4657
14.4657
14.4657
14.4657
14.4657
14.4657
14.4657
14.4657
14.4657
14.4657
14.4657
14.4657
14.4657
14.4657
14.4657
14.4657
14.4657
14.4657
14.4657
14.4657
14.4657
14.4657
14.4657
14.4657
14.4657
14.4657
14.4657
14.4657
14.4657
14.4657
14.4657
14.4657
14.4657
14.4657
14.4657
14.4657
14.4657
14.4657
14.4657
14.4657
14.4657
14.4657
14.4657
14.4657
14.4657
14.4657
14.4657
14.4657
14.4657
14.4657
14.4657
14.4657
14.4657
14.4656
14.4657
14.4657
14.4657
14.4657
14.4657
14.4657
14.4657
14.4657
14.4656
11.2511
11.2511
11.2511
11.2511
11.2511
11.2511
11.2511
11.2511
11.2511
11.2511
11.2511
11.2511
11.2511
11.2511
11.2511
11.2511
11.2511
11.2511
11.2511
11.2511
11.2511
11.2511
11.2511
11.2511
11.2511
11.2511
11.2511
11.2511
11.2511
11.2511
11.2511
11.2511
11.2511
11.2511
11.2511
11.2511
11.2511
11.2511
11.2511
11.2511
11.2511
11.2511
11.2511
11.2511
11.2511
11.2511
11.2511
11.2511
11.2511
11.2511
11.2511
11.2511
11.2511
11.2511
11.2511
11.2511
11.2511
11.2511
11.2511
11.2511
11.2511
11.2511
11.2511
11.2511
11.2511
11.2511
11.2511
11.2511
11.2511
11.2511
11.2511
11.2511
11.2511
11.2511
11.2511
11.2511
11.2511
11.2511
11.2511
11.2511
11.2511
11.2511
11.2511
11.2511
11.2511
11.2511
11.2511
11.2511
11.2511
11.2511
11.2511
11.2511
11.2511
11.2511
11.2511
11.2511
11.2511
11.2511
11.2511
11.2511
8.03647
8.03647
8.03647
8.03647
8.03647
8.03647
8.03647
8.03647
8.03647
8.03647
8.03647
8.03647
8.03647
8.03647
8.03647
8.03647
8.03647
8.03647
8.03647
8.03647
8.03647
8.03647
8.03647
8.03647
8.03647
8.03647
8.03647
8.03647
8.03647
8.03647
8.03647
8.03647
8.03647
8.03647
8.03647
8.03647
8.03647
8.03647
8.03647
8.03647
8.03647
8.03647
8.03647
8.03647
8.03647
8.03647
8.03647
8.03647
8.03647
8.03647
8.03647
8.03647
8.03647
8.03647
8.03647
8.03647
8.03647
8.03647
8.03647
8.03647
8.03647
8.03647
8.03647
8.03647
8.03647
8.03647
8.03647
8.03647
8.03647
8.03647
8.03647
8.03647
8.03647
8.03647
8.03647
8.03647
8.03647
8.03647
8.03647
8.03647
8.03647
8.03647
8.03647
8.03647
8.03647
8.03647
8.03647
8.03647
8.03647
8.03647
8.03647
8.03647
8.03647
8.03647
8.03647
8.03647
8.03647
8.03647
8.03647
8.03647
4.82188
4.82188
4.82188
4.82188
4.82188
4.82188
4.82188
4.82188
4.82188
4.82188
4.82188
4.82188
4.82188
4.82188
4.82188
4.82188
4.82188
4.82188
4.82188
4.82188
4.82188
4.82188
4.82188
4.82188
4.82188
4.82188
4.82188
4.82188
4.82188
4.82188
4.82188
4.82188
4.82188
4.82188
4.82188
4.82188
4.82188
4.82188
4.82188
4.82188
4.82188
4.82188
4.82188
4.82188
4.82188
4.82188
4.82188
4.82188
4.82188
4.82188
4.82188
4.82188
4.82188
4.82188
4.82188
4.82188
4.82188
4.82188
4.82188
4.82188
4.82188
4.82188
4.82188
4.82188
4.82188
4.82188
4.82188
4.82188
4.82188
4.82188
4.82188
4.82188
4.82188
4.82188
4.82188
4.82188
4.82188
4.82188
4.82188
4.82188
4.82188
4.82188
4.82188
4.82188
4.82188
4.82188
4.82188
4.82188
4.82188
4.82188
4.82188
4.82188
4.82188
4.82188
4.82188
4.82188
4.82188
4.82188
4.82188
4.82188
1.60729
1.60729
1.60729
1.60729
1.60729
1.60729
1.60729
1.60729
1.60729
1.60729
1.60729
1.60729
1.60729
1.60729
1.60729
1.60729
1.60729
1.60729
1.60729
1.60729
1.60729
1.60729
1.60729
1.60729
1.60729
1.60729
1.60729
1.60729
1.60729
1.60729
1.60729
1.60729
1.60729
1.60729
1.60729
1.60729
1.60729
1.60729
1.60729
1.60729
1.60729
1.60729
1.60729
1.60729
1.60729
1.60729
1.60729
1.60729
1.60729
1.60729
1.60729
1.60729
1.60729
1.60729
1.60729
1.60729
1.60729
1.60729
1.60729
1.60729
1.60729
1.60729
1.60729
1.60729
1.60729
1.60729
1.60729
1.60729
1.60729
1.60729
1.60729
1.60729
1.60729
1.60729
1.60729
1.60729
1.60729
1.60729
1.60729
1.60729
1.60729
1.60729
1.60729
1.60729
1.60729
1.60729
1.60729
1.60729
1.60729
1.60729
1.60729
1.60729
1.60729
1.60729
1.60729
1.60729
1.60729
1.60729
1.60729
1.60729
)
;

boundaryField
{
    fixedWalls
    {
        type            zeroGradient;
    }
    inlet
    {
        type            fixedGradient;
        gradient        uniform 0;
    }
    outlet
    {
        type            fixedValue;
        value           uniform 0;
    }
}


// ************************************************************************* //
