/*--------------------------------*- C++ -*----------------------------------*\
| =========                 |                                                 |
| \\      /  F ield         | OpenFOAM: The Open Source CFD Toolbox           |
|  \\    /   O peration     | Version:  2106                                  |
|   \\  /    A nd           | Website:  www.openfoam.com                      |
|    \\/     M anipulation  |                                                 |
\*---------------------------------------------------------------------------*/
FoamFile
{
    version     2.0;
    format      ascii;
    arch        "LSB;label=32;scalar=64";
    class       volScalarField;
    location    "0.49";
    object      p;
}
// * * * * * * * * * * * * * * * * * * * * * * * * * * * * * * * * * * * * * //

dimensions      [0 2 -2 0 0 0 0];

internalField   nonuniform List<scalar> 
10000
(
100.322
99.738
99.3712
99.103
98.9639
98.9639
99.103
99.3712
99.738
100.322
91.1539
90.3012
89.7394
89.3423
89.1377
89.1377
89.3423
89.7394
90.3012
91.1539
83.5417
82.5605
81.9198
81.4735
81.2445
81.2445
81.4735
81.9198
82.5605
83.5417
78.2856
77.2776
76.6279
76.1821
75.9536
75.9536
76.1821
76.6279
77.2776
78.2856
74.342
73.3415
72.7
72.2684
72.0474
72.0474
72.2684
72.7
73.3415
74.342
71.149
70.176
69.5507
69.1404
68.9307
68.9307
69.1404
69.5507
70.176
71.149
68.5167
67.5923
66.993
66.6102
66.4154
66.4154
66.6102
66.993
67.5923
68.5167
66.3383
65.4859
64.9249
64.5752
64.398
64.398
64.5752
64.9249
65.4859
66.3383
64.5328
63.7688
63.259
62.9472
62.7893
62.7893
62.9472
63.259
63.7688
64.5328
63.1193
62.3572
61.9071
61.6335
61.4949
61.4949
61.6335
61.9071
62.3572
63.1193
64.19
64.3633
64.5518
64.6789
64.7447
64.7447
64.6789
64.5518
64.3633
64.19
64.609
64.7037
64.8304
64.9118
64.9534
64.9534
64.9118
64.8304
64.7037
64.609
64.5796
64.5763
64.6286
64.6567
64.6706
64.6706
64.6567
64.6286
64.5763
64.5797
64.1629
64.069
64.0529
64.0341
64.0238
64.0238
64.0341
64.0529
64.069
64.1629
63.562
63.3939
63.3197
63.2633
63.2336
63.2336
63.2633
63.3197
63.3939
63.562
62.8864
62.6624
62.5413
62.4568
62.4127
62.4127
62.4568
62.5413
62.6624
62.8864
62.1909
61.9313
61.7764
61.6736
61.6204
61.6204
61.6736
61.7764
61.9313
62.1909
61.507
61.2358
61.0626
60.9514
60.8939
60.8939
60.9514
61.0626
61.2358
61.507
60.8701
60.6034
60.4241
60.3116
60.2532
60.2532
60.3116
60.4241
60.6035
60.8701
60.3821
60.0353
59.8518
59.7391
59.6804
59.6804
59.7391
59.8518
60.0353
60.3821
59.5253
59.5106
59.512
59.5083
59.5066
59.5066
59.5083
59.512
59.5106
59.5253
59.9325
59.9154
59.916
59.9105
59.9077
59.9077
59.9105
59.916
59.9154
59.9325
60.2683
60.2324
60.2213
60.2061
60.1979
60.1979
60.2061
60.2213
60.2324
60.2683
60.317
60.2477
60.2144
60.183
60.1663
60.1663
60.183
60.2144
60.2477
60.317
60.169
60.0643
60.0065
59.9591
59.934
59.934
59.9591
60.0065
60.0643
60.169
59.9186
59.7833
59.7031
59.6423
59.6103
59.6103
59.6423
59.7031
59.7833
59.9186
59.6142
59.4566
59.3582
59.288
59.2512
59.2512
59.288
59.3582
59.4566
59.6142
59.2827
59.1149
59.0052
58.93
58.8908
58.8908
58.93
59.0052
59.1149
59.2827
58.9566
58.7863
58.6695
58.5922
58.5518
58.5518
58.5922
58.6695
58.7863
58.9566
58.7093
58.4768
58.3502
58.2696
58.2276
58.2276
58.2696
58.3502
58.4768
58.7093
54.7393
54.759
54.7838
54.7997
54.8082
54.8082
54.7997
54.7838
54.759
54.7393
54.9459
54.9692
54.9979
55.0161
55.0257
55.0257
55.0161
54.9979
54.9692
54.9459
55.1201
55.141
55.1692
55.1865
55.1956
55.1956
55.1865
55.1692
55.141
55.1201
55.2024
55.2127
55.234
55.2458
55.2519
55.2519
55.2458
55.234
55.2127
55.2024
55.2134
55.2093
55.2201
55.2244
55.2265
55.2265
55.2244
55.2201
55.2093
55.2134
55.1766
55.1576
55.157
55.1535
55.1515
55.1515
55.1535
55.157
55.1576
55.1766
55.1056
55.0738
55.0624
55.0522
55.0466
55.0466
55.0522
55.0624
55.0738
55.1056
55.0101
54.9702
54.9503
54.9351
54.9269
54.9269
54.9351
54.9503
54.9702
55.0101
54.9077
54.862
54.8342
54.8144
54.8037
54.8037
54.8144
54.8342
54.862
54.9077
54.8422
54.7543
54.7132
54.6863
54.6721
54.6721
54.6863
54.7132
54.7543
54.8422
51.4462
51.4461
51.4479
51.448
51.448
51.448
51.448
51.4479
51.4461
51.4462
51.5419
51.5453
51.5502
51.5523
51.5534
51.5534
51.5523
51.5502
51.5453
51.5419
51.6393
51.644
51.6505
51.6533
51.6547
51.6547
51.6533
51.6505
51.644
51.6393
51.7049
51.7075
51.7128
51.7145
51.7152
51.7152
51.7145
51.7128
51.7075
51.7049
51.7407
51.7389
51.7414
51.7407
51.7402
51.7402
51.7407
51.7414
51.7389
51.7407
51.7536
51.7464
51.7449
51.7415
51.7396
51.7396
51.7415
51.7449
51.7464
51.7536
51.7483
51.7359
51.7304
51.7244
51.721
51.721
51.7244
51.7304
51.7359
51.7483
51.729
51.7129
51.7039
51.6959
51.6914
51.6914
51.6959
51.7039
51.7129
51.729
51.7049
51.6854
51.6723
51.6618
51.6561
51.6561
51.6618
51.6723
51.6854
51.7049
51.6965
51.6551
51.6343
51.6199
51.6123
51.6123
51.6199
51.6343
51.6551
51.6965
48.0487
48.0517
48.0553
48.0574
48.0586
48.0586
48.0574
48.0553
48.0517
48.0487
48.0879
48.0925
48.0977
48.1008
48.1025
48.1025
48.1008
48.0977
48.0925
48.0879
48.1275
48.1332
48.1395
48.1434
48.1454
48.1454
48.1434
48.1395
48.1332
48.1276
48.1572
48.1626
48.169
48.1728
48.1748
48.1748
48.1728
48.169
48.1626
48.1572
48.1768
48.181
48.1866
48.1898
48.1914
48.1914
48.1898
48.1866
48.181
48.1768
48.1879
48.1902
48.1944
48.1965
48.1975
48.1975
48.1965
48.1944
48.1902
48.1879
48.1913
48.1915
48.1941
48.195
48.1954
48.1954
48.195
48.1941
48.1915
48.1913
48.1882
48.1868
48.1878
48.1876
48.1874
48.1874
48.1876
48.1878
48.1868
48.1882
48.1827
48.1795
48.1782
48.1765
48.1755
48.1755
48.1765
48.1782
48.1795
48.1827
48.1847
48.1704
48.1644
48.1602
48.1579
48.1579
48.1602
48.1644
48.1704
48.1847
44.7747
44.7751
44.7756
44.7757
44.7758
44.7758
44.7757
44.7756
44.7751
44.7747
44.7909
44.792
44.7933
44.7939
44.7942
44.7942
44.7939
44.7933
44.792
44.7909
44.8092
44.8111
44.813
44.814
44.8146
44.8146
44.814
44.813
44.8111
44.8092
44.825
44.8272
44.8294
44.8306
44.8312
44.8312
44.8306
44.8294
44.8272
44.825
44.8377
44.8398
44.842
44.843
44.8436
44.8436
44.843
44.842
44.8398
44.8377
44.8475
44.8491
44.851
44.8518
44.8522
44.8522
44.8518
44.851
44.8491
44.8475
44.8544
44.8555
44.857
44.8575
44.8576
44.8576
44.8575
44.857
44.8555
44.8544
44.8588
44.8594
44.8605
44.8606
44.8605
44.8605
44.8606
44.8605
44.8594
44.8588
44.8624
44.8623
44.8624
44.8619
44.8616
44.8616
44.8619
44.8624
44.8623
44.8624
44.8691
44.8642
44.8622
44.8606
44.8597
44.8597
44.8606
44.8622
44.8642
44.8691
41.4635
41.4641
41.4647
41.465
41.4652
41.4652
41.465
41.4647
41.4641
41.4635
41.4695
41.4704
41.4713
41.4719
41.4722
41.4722
41.4719
41.4713
41.4704
41.4695
41.4764
41.4776
41.4788
41.4796
41.48
41.48
41.4796
41.4788
41.4776
41.4764
41.4826
41.4841
41.4855
41.4864
41.4868
41.4868
41.4864
41.4855
41.4841
41.4826
41.488
41.4895
41.491
41.492
41.4924
41.4924
41.492
41.491
41.4895
41.488
41.4925
41.4939
41.4954
41.4963
41.4967
41.4967
41.4963
41.4954
41.4939
41.4925
41.496
41.4972
41.4986
41.4993
41.4997
41.4997
41.4993
41.4986
41.4972
41.496
41.4984
41.4995
41.5007
41.5013
41.5016
41.5016
41.5013
41.5007
41.4995
41.4984
41.5005
41.5013
41.5021
41.5024
41.5025
41.5025
41.5024
41.5021
41.5013
41.5005
41.5039
41.5026
41.5023
41.5021
41.5019
41.5019
41.5021
41.5023
41.5026
41.5039
38.1594
38.1595
38.1596
38.1596
38.1596
38.1596
38.1596
38.1596
38.1595
38.1594
38.1616
38.1618
38.162
38.1622
38.1622
38.1622
38.1622
38.162
38.1618
38.1616
38.1644
38.1648
38.1652
38.1654
38.1655
38.1655
38.1654
38.1652
38.1648
38.1644
38.1673
38.1679
38.1684
38.1687
38.1688
38.1688
38.1687
38.1684
38.1679
38.1673
38.1701
38.1708
38.1714
38.1717
38.1719
38.1719
38.1717
38.1714
38.1708
38.1701
38.1728
38.1735
38.1741
38.1745
38.1747
38.1747
38.1745
38.1741
38.1735
38.1728
38.1751
38.1759
38.1766
38.1769
38.1771
38.1771
38.1769
38.1766
38.1759
38.1751
38.1773
38.178
38.1786
38.179
38.1791
38.1791
38.179
38.1786
38.178
38.1773
38.1793
38.18
38.1805
38.1807
38.1808
38.1808
38.1807
38.1805
38.18
38.1793
38.1819
38.1818
38.1819
38.1819
38.1819
38.1819
38.1819
38.1819
38.1818
38.1819
34.8447
34.8448
34.8449
34.845
34.845
34.845
34.845
34.8449
34.8448
34.8447
34.8454
34.8456
34.8457
34.8458
34.8459
34.8459
34.8458
34.8457
34.8456
34.8454
34.8463
34.8466
34.8468
34.8469
34.847
34.847
34.8469
34.8468
34.8466
34.8463
34.8474
34.8477
34.8479
34.8481
34.8482
34.8482
34.8481
34.8479
34.8477
34.8474
34.8485
34.8488
34.8491
34.8493
34.8494
34.8494
34.8493
34.8491
34.8488
34.8485
34.8495
34.8499
34.8503
34.8505
34.8506
34.8506
34.8505
34.8503
34.8499
34.8495
34.8506
34.851
34.8514
34.8516
34.8517
34.8517
34.8516
34.8514
34.851
34.8506
34.8515
34.8519
34.8523
34.8525
34.8526
34.8526
34.8525
34.8523
34.8519
34.8515
34.8524
34.8528
34.8531
34.8533
34.8534
34.8534
34.8533
34.8531
34.8528
34.8524
34.8535
34.8536
34.8537
34.8538
34.8539
34.8539
34.8538
34.8538
34.8536
34.8535
31.5293
31.5293
31.5293
31.5293
31.5293
31.5293
31.5293
31.5293
31.5293
31.5293
31.5295
31.5295
31.5295
31.5295
31.5296
31.5296
31.5295
31.5295
31.5295
31.5295
31.5298
31.5299
31.5299
31.53
31.53
31.53
31.53
31.5299
31.5299
31.5298
31.5302
31.5303
31.5304
31.5305
31.5305
31.5305
31.5305
31.5304
31.5303
31.5302
31.5307
31.5309
31.531
31.5311
31.5311
31.5311
31.5311
31.531
31.5309
31.5307
31.5313
31.5315
31.5316
31.5317
31.5317
31.5317
31.5317
31.5316
31.5315
31.5313
31.5318
31.532
31.5322
31.5323
31.5324
31.5324
31.5323
31.5322
31.532
31.5318
31.5324
31.5326
31.5328
31.5329
31.533
31.533
31.5329
31.5328
31.5326
31.5324
31.533
31.5332
31.5334
31.5335
31.5335
31.5335
31.5335
31.5334
31.5332
31.533
31.5336
31.5338
31.5339
31.534
31.534
31.534
31.534
31.5339
31.5338
31.5336
28.2113
28.2113
28.2113
28.2113
28.2113
28.2113
28.2113
28.2113
28.2113
28.2113
28.2113
28.2114
28.2114
28.2114
28.2114
28.2114
28.2114
28.2114
28.2114
28.2113
28.2114
28.2114
28.2115
28.2115
28.2115
28.2115
28.2115
28.2115
28.2114
28.2114
28.2115
28.2116
28.2116
28.2117
28.2117
28.2117
28.2117
28.2116
28.2116
28.2115
28.2117
28.2118
28.2118
28.2119
28.2119
28.2119
28.2119
28.2118
28.2118
28.2117
28.2119
28.212
28.2121
28.2121
28.2121
28.2121
28.2121
28.2121
28.212
28.2119
28.2121
28.2122
28.2123
28.2124
28.2124
28.2124
28.2124
28.2123
28.2122
28.2121
28.2124
28.2125
28.2126
28.2126
28.2126
28.2126
28.2126
28.2126
28.2125
28.2124
28.2126
28.2127
28.2128
28.2129
28.2129
28.2129
28.2129
28.2128
28.2127
28.2126
28.2129
28.2129
28.213
28.2131
28.2131
28.2131
28.2131
28.213
28.2129
28.2129
24.8929
24.8929
24.8929
24.8929
24.8929
24.8929
24.8929
24.8929
24.8929
24.8929
24.8929
24.8929
24.8929
24.8929
24.8929
24.8929
24.8929
24.8929
24.8929
24.8929
24.8929
24.8929
24.8929
24.893
24.893
24.893
24.893
24.8929
24.8929
24.8929
24.893
24.893
24.893
24.893
24.893
24.893
24.893
24.893
24.893
24.893
24.8931
24.8931
24.8931
24.8931
24.8931
24.8931
24.8931
24.8931
24.8931
24.8931
24.8932
24.8932
24.8932
24.8932
24.8932
24.8932
24.8932
24.8932
24.8932
24.8932
24.8933
24.8933
24.8933
24.8934
24.8934
24.8934
24.8934
24.8933
24.8933
24.8933
24.8934
24.8934
24.8935
24.8935
24.8935
24.8935
24.8935
24.8935
24.8934
24.8934
24.8935
24.8936
24.8936
24.8936
24.8936
24.8936
24.8936
24.8936
24.8936
24.8935
24.8936
24.8937
24.8937
24.8938
24.8938
24.8938
24.8938
24.8937
24.8937
24.8936
21.574
21.574
21.574
21.574
21.574
21.574
21.574
21.574
21.574
21.574
21.574
21.574
21.574
21.574
21.574
21.574
21.574
21.574
21.574
21.574
21.574
21.574
21.574
21.574
21.574
21.574
21.574
21.574
21.574
21.574
21.574
21.574
21.574
21.574
21.574
21.574
21.574
21.574
21.574
21.574
21.574
21.5741
21.5741
21.5741
21.5741
21.5741
21.5741
21.5741
21.5741
21.574
21.5741
21.5741
21.5741
21.5741
21.5741
21.5741
21.5741
21.5741
21.5741
21.5741
21.5741
21.5741
21.5742
21.5742
21.5742
21.5742
21.5742
21.5742
21.5741
21.5741
21.5742
21.5742
21.5742
21.5742
21.5742
21.5742
21.5742
21.5742
21.5742
21.5742
21.5742
21.5742
21.5743
21.5743
21.5743
21.5743
21.5743
21.5743
21.5742
21.5742
21.5743
21.5743
21.5743
21.5743
21.5743
21.5743
21.5743
21.5743
21.5743
21.5743
18.2551
18.2551
18.2551
18.2551
18.2551
18.2551
18.2551
18.2551
18.2551
18.2551
18.255
18.255
18.255
18.255
18.255
18.255
18.255
18.255
18.255
18.255
18.255
18.255
18.255
18.255
18.255
18.255
18.255
18.255
18.255
18.255
18.255
18.255
18.255
18.255
18.255
18.255
18.255
18.255
18.255
18.255
18.255
18.2551
18.2551
18.2551
18.2551
18.2551
18.2551
18.2551
18.2551
18.255
18.2551
18.2551
18.2551
18.2551
18.2551
18.2551
18.2551
18.2551
18.2551
18.2551
18.2551
18.2551
18.2551
18.2551
18.2551
18.2551
18.2551
18.2551
18.2551
18.2551
18.2551
18.2551
18.2551
18.2551
18.2551
18.2551
18.2551
18.2551
18.2551
18.2551
18.2551
18.2551
18.2551
18.2552
18.2552
18.2552
18.2552
18.2551
18.2551
18.2551
18.2552
18.2552
18.2552
18.2552
18.2552
18.2552
18.2552
18.2552
18.2552
18.2552
14.936
14.936
14.936
14.936
14.936
14.936
14.936
14.936
14.936
14.936
14.936
14.936
14.936
14.936
14.936
14.936
14.936
14.936
14.936
14.936
14.936
14.936
14.936
14.936
14.936
14.936
14.936
14.936
14.936
14.936
14.936
14.936
14.936
14.936
14.936
14.936
14.936
14.936
14.936
14.936
14.936
14.936
14.936
14.936
14.936
14.936
14.936
14.936
14.936
14.936
14.936
14.936
14.936
14.936
14.936
14.936
14.936
14.936
14.936
14.936
14.936
14.936
14.936
14.936
14.936
14.936
14.936
14.936
14.936
14.936
14.936
14.936
14.936
14.936
14.936
14.936
14.936
14.936
14.936
14.936
14.936
14.936
14.936
14.936
14.936
14.936
14.936
14.936
14.936
14.936
14.936
14.936
14.936
14.936
14.936
14.936
14.936
14.936
14.936
14.936
11.6169
11.6169
11.6169
11.6169
11.6169
11.6169
11.6169
11.6169
11.6169
11.6169
11.6169
11.6169
11.6169
11.6169
11.6169
11.6169
11.6169
11.6169
11.6169
11.6169
11.6169
11.6169
11.6169
11.6169
11.6169
11.6169
11.6169
11.6169
11.6169
11.6169
11.6169
11.6169
11.6169
11.6169
11.6169
11.6169
11.6169
11.6169
11.6169
11.6169
11.6169
11.6169
11.6169
11.6169
11.6169
11.6169
11.6169
11.6169
11.6169
11.6169
11.6169
11.6169
11.6169
11.6169
11.6169
11.6169
11.6169
11.6169
11.6169
11.6169
11.6169
11.6169
11.6169
11.6169
11.6169
11.6169
11.6169
11.6169
11.6169
11.6169
11.6169
11.6169
11.6169
11.6169
11.6169
11.6169
11.6169
11.6169
11.6169
11.6169
11.6169
11.6169
11.6169
11.6169
11.6169
11.6169
11.6169
11.6169
11.6169
11.6169
11.6169
11.6169
11.6169
11.6169
11.6169
11.6169
11.6169
11.6169
11.6169
11.6169
8.29777
8.29777
8.29777
8.29777
8.29777
8.29777
8.29777
8.29777
8.29777
8.29777
8.29777
8.29777
8.29777
8.29777
8.29777
8.29777
8.29777
8.29777
8.29777
8.29777
8.29777
8.29777
8.29777
8.29777
8.29777
8.29777
8.29777
8.29777
8.29777
8.29777
8.29777
8.29777
8.29777
8.29777
8.29777
8.29777
8.29777
8.29777
8.29777
8.29777
8.29777
8.29777
8.29777
8.29777
8.29777
8.29777
8.29777
8.29777
8.29777
8.29777
8.29777
8.29777
8.29777
8.29777
8.29777
8.29777
8.29777
8.29777
8.29777
8.29777
8.29777
8.29777
8.29777
8.29777
8.29777
8.29777
8.29777
8.29777
8.29777
8.29777
8.29777
8.29777
8.29777
8.29777
8.29777
8.29777
8.29777
8.29777
8.29777
8.29777
8.29777
8.29777
8.29777
8.29777
8.29777
8.29777
8.29777
8.29777
8.29777
8.29777
8.29777
8.29777
8.29777
8.29777
8.29777
8.29777
8.29777
8.29777
8.29777
8.29777
4.97866
4.97866
4.97866
4.97866
4.97866
4.97866
4.97866
4.97866
4.97866
4.97866
4.97866
4.97866
4.97866
4.97866
4.97866
4.97866
4.97866
4.97866
4.97866
4.97866
4.97866
4.97866
4.97866
4.97866
4.97866
4.97866
4.97866
4.97866
4.97866
4.97866
4.97866
4.97866
4.97866
4.97866
4.97866
4.97866
4.97866
4.97866
4.97866
4.97866
4.97866
4.97866
4.97866
4.97866
4.97866
4.97866
4.97866
4.97866
4.97866
4.97866
4.97866
4.97866
4.97866
4.97866
4.97866
4.97866
4.97866
4.97866
4.97866
4.97866
4.97866
4.97866
4.97866
4.97866
4.97866
4.97866
4.97866
4.97866
4.97866
4.97866
4.97866
4.97866
4.97866
4.97866
4.97866
4.97866
4.97866
4.97866
4.97866
4.97866
4.97866
4.97866
4.97866
4.97866
4.97866
4.97866
4.97866
4.97866
4.97866
4.97866
4.97866
4.97866
4.97866
4.97866
4.97866
4.97866
4.97866
4.97866
4.97866
4.97866
1.65955
1.65955
1.65955
1.65955
1.65955
1.65955
1.65955
1.65955
1.65955
1.65955
1.65955
1.65955
1.65955
1.65955
1.65955
1.65955
1.65955
1.65955
1.65955
1.65955
1.65955
1.65955
1.65955
1.65955
1.65955
1.65955
1.65955
1.65955
1.65955
1.65955
1.65955
1.65955
1.65955
1.65955
1.65955
1.65955
1.65955
1.65955
1.65955
1.65955
1.65955
1.65955
1.65955
1.65955
1.65955
1.65955
1.65955
1.65955
1.65955
1.65955
1.65955
1.65955
1.65955
1.65955
1.65955
1.65955
1.65955
1.65955
1.65955
1.65955
1.65955
1.65955
1.65955
1.65955
1.65955
1.65955
1.65955
1.65955
1.65955
1.65955
1.65955
1.65955
1.65955
1.65955
1.65955
1.65955
1.65955
1.65955
1.65955
1.65955
1.65955
1.65955
1.65955
1.65955
1.65955
1.65955
1.65955
1.65955
1.65955
1.65955
1.65955
1.65955
1.65955
1.65955
1.65955
1.65955
1.65955
1.65955
1.65955
1.65955
100.322
99.738
99.3712
99.103
98.9639
98.9639
99.103
99.3712
99.738
100.322
91.1539
90.3012
89.7394
89.3423
89.1377
89.1377
89.3423
89.7395
90.3012
91.1539
83.5417
82.5605
81.9198
81.4735
81.2446
81.2446
81.4735
81.9198
82.5605
83.5417
78.2856
77.2776
76.6279
76.1821
75.9536
75.9536
76.1821
76.6279
77.2776
78.2856
74.342
73.3415
72.7
72.2684
72.0474
72.0474
72.2684
72.7
73.3415
74.342
71.149
70.176
69.5507
69.1404
68.9307
68.9307
69.1404
69.5507
70.176
71.149
68.5167
67.5923
66.993
66.6102
66.4154
66.4154
66.6102
66.993
67.5923
68.5168
66.3383
65.4859
64.9249
64.5753
64.398
64.398
64.5753
64.9249
65.4859
66.3383
64.5328
63.7688
63.259
62.9472
62.7893
62.7893
62.9472
63.259
63.7688
64.5328
63.1193
62.3572
61.9072
61.6335
61.4949
61.4949
61.6335
61.9072
62.3572
63.1194
64.19
64.3633
64.5518
64.6789
64.7447
64.7447
64.6789
64.5518
64.3633
64.19
64.609
64.7037
64.8304
64.9118
64.9535
64.9535
64.9118
64.8304
64.7037
64.609
64.5797
64.5763
64.6286
64.6567
64.6707
64.6707
64.6567
64.6286
64.5763
64.5797
64.1629
64.069
64.0529
64.0341
64.0238
64.0238
64.0341
64.0529
64.069
64.1629
63.562
63.3939
63.3197
63.2633
63.2336
63.2336
63.2633
63.3197
63.3939
63.562
62.8864
62.6624
62.5413
62.4568
62.4127
62.4127
62.4568
62.5413
62.6624
62.8864
62.1909
61.9314
61.7764
61.6736
61.6204
61.6204
61.6736
61.7764
61.9314
62.1909
61.507
61.2358
61.0626
60.9514
60.8939
60.8939
60.9514
61.0626
61.2358
61.5071
60.8701
60.6035
60.4241
60.3116
60.2533
60.2533
60.3116
60.4241
60.6035
60.8702
60.3821
60.0353
59.8518
59.7391
59.6804
59.6804
59.7391
59.8519
60.0353
60.3821
59.5253
59.5106
59.512
59.5083
59.5066
59.5066
59.5083
59.512
59.5106
59.5253
59.9325
59.9154
59.916
59.9105
59.9077
59.9077
59.9105
59.916
59.9154
59.9325
60.2683
60.2324
60.2213
60.2061
60.1979
60.1979
60.2061
60.2214
60.2324
60.2683
60.317
60.2477
60.2144
60.183
60.1663
60.1663
60.183
60.2144
60.2477
60.317
60.169
60.0643
60.0065
59.9591
59.934
59.934
59.9591
60.0065
60.0643
60.169
59.9186
59.7833
59.7031
59.6423
59.6103
59.6103
59.6423
59.7031
59.7833
59.9186
59.6142
59.4566
59.3582
59.288
59.2512
59.2512
59.288
59.3583
59.4566
59.6142
59.2827
59.1149
59.0052
58.9301
58.8908
58.8908
58.9301
59.0052
59.1149
59.2827
58.9566
58.7863
58.6695
58.5922
58.5518
58.5518
58.5922
58.6695
58.7863
58.9566
58.7093
58.4768
58.3502
58.2696
58.2276
58.2276
58.2696
58.3503
58.4768
58.7093
54.7393
54.759
54.7838
54.7997
54.8082
54.8082
54.7997
54.7838
54.759
54.7393
54.9459
54.9692
54.9979
55.0161
55.0257
55.0257
55.0161
54.9979
54.9692
54.9459
55.1201
55.141
55.1692
55.1865
55.1956
55.1956
55.1865
55.1692
55.141
55.1201
55.2024
55.2127
55.234
55.2458
55.2519
55.2519
55.2458
55.234
55.2127
55.2024
55.2134
55.2093
55.2201
55.2244
55.2265
55.2265
55.2244
55.2202
55.2093
55.2134
55.1766
55.1576
55.157
55.1535
55.1515
55.1515
55.1535
55.157
55.1576
55.1766
55.1056
55.0738
55.0624
55.0522
55.0466
55.0466
55.0522
55.0624
55.0738
55.1056
55.0101
54.9702
54.9504
54.9351
54.9269
54.9269
54.9351
54.9504
54.9702
55.0101
54.9077
54.862
54.8342
54.8144
54.8037
54.8037
54.8144
54.8342
54.862
54.9077
54.8422
54.7543
54.7132
54.6863
54.6721
54.6721
54.6863
54.7132
54.7543
54.8422
51.4462
51.4461
51.4479
51.448
51.448
51.448
51.448
51.448
51.4461
51.4462
51.5419
51.5453
51.5502
51.5523
51.5534
51.5534
51.5523
51.5502
51.5453
51.5419
51.6393
51.644
51.6505
51.6533
51.6547
51.6547
51.6533
51.6505
51.644
51.6393
51.7049
51.7075
51.7128
51.7145
51.7152
51.7152
51.7145
51.7128
51.7075
51.7049
51.7407
51.7389
51.7414
51.7407
51.7402
51.7402
51.7407
51.7414
51.7389
51.7407
51.7536
51.7464
51.7449
51.7415
51.7396
51.7396
51.7415
51.7449
51.7464
51.7536
51.7483
51.7359
51.7304
51.7244
51.721
51.721
51.7244
51.7304
51.7359
51.7483
51.729
51.7129
51.704
51.6959
51.6914
51.6914
51.6959
51.704
51.7129
51.729
51.7049
51.6854
51.6723
51.6618
51.6561
51.6561
51.6618
51.6723
51.6854
51.7049
51.6965
51.6551
51.6343
51.6199
51.6123
51.6123
51.6199
51.6343
51.6551
51.6965
48.0487
48.0517
48.0553
48.0574
48.0586
48.0586
48.0574
48.0553
48.0517
48.0487
48.0879
48.0925
48.0977
48.1008
48.1025
48.1025
48.1008
48.0977
48.0925
48.0879
48.1276
48.1332
48.1395
48.1434
48.1455
48.1455
48.1434
48.1395
48.1332
48.1276
48.1572
48.1626
48.169
48.1728
48.1748
48.1748
48.1728
48.169
48.1626
48.1572
48.1768
48.181
48.1867
48.1898
48.1914
48.1914
48.1898
48.1867
48.181
48.1768
48.1879
48.1902
48.1944
48.1965
48.1975
48.1975
48.1965
48.1944
48.1902
48.1879
48.1913
48.1915
48.1941
48.195
48.1954
48.1954
48.195
48.1941
48.1915
48.1913
48.1882
48.1868
48.1879
48.1876
48.1874
48.1874
48.1876
48.1879
48.1868
48.1883
48.1827
48.1795
48.1782
48.1765
48.1755
48.1755
48.1765
48.1782
48.1795
48.1827
48.1847
48.1704
48.1644
48.1602
48.1579
48.1579
48.1602
48.1644
48.1704
48.1847
44.7747
44.7751
44.7756
44.7757
44.7758
44.7758
44.7757
44.7756
44.7751
44.7747
44.7909
44.792
44.7933
44.7939
44.7942
44.7942
44.7939
44.7933
44.792
44.7909
44.8092
44.8111
44.813
44.814
44.8146
44.8146
44.814
44.813
44.8111
44.8093
44.825
44.8272
44.8294
44.8306
44.8312
44.8312
44.8306
44.8294
44.8272
44.825
44.8377
44.8398
44.842
44.843
44.8436
44.8436
44.843
44.842
44.8398
44.8377
44.8475
44.8491
44.851
44.8519
44.8522
44.8522
44.8519
44.851
44.8491
44.8475
44.8544
44.8555
44.857
44.8575
44.8576
44.8577
44.8575
44.857
44.8555
44.8544
44.8588
44.8594
44.8605
44.8606
44.8605
44.8605
44.8606
44.8605
44.8594
44.8588
44.8624
44.8623
44.8624
44.8619
44.8616
44.8616
44.8619
44.8624
44.8623
44.8624
44.8691
44.8642
44.8622
44.8606
44.8597
44.8597
44.8606
44.8622
44.8642
44.8691
41.4635
41.4641
41.4647
41.465
41.4652
41.4652
41.465
41.4647
41.4641
41.4635
41.4695
41.4704
41.4713
41.4719
41.4722
41.4722
41.4719
41.4713
41.4704
41.4695
41.4764
41.4776
41.4788
41.4796
41.48
41.48
41.4796
41.4788
41.4776
41.4764
41.4826
41.4841
41.4855
41.4864
41.4868
41.4868
41.4864
41.4855
41.4841
41.4826
41.488
41.4895
41.491
41.492
41.4924
41.4924
41.492
41.491
41.4895
41.488
41.4925
41.4939
41.4954
41.4963
41.4967
41.4967
41.4963
41.4954
41.4939
41.4925
41.496
41.4972
41.4986
41.4993
41.4997
41.4997
41.4993
41.4986
41.4972
41.496
41.4984
41.4995
41.5007
41.5013
41.5016
41.5016
41.5013
41.5007
41.4995
41.4984
41.5005
41.5013
41.5021
41.5024
41.5025
41.5025
41.5024
41.5021
41.5013
41.5005
41.5039
41.5026
41.5023
41.5021
41.5019
41.5019
41.5021
41.5023
41.5026
41.5039
38.1594
38.1595
38.1596
38.1596
38.1596
38.1596
38.1596
38.1596
38.1595
38.1594
38.1616
38.1618
38.162
38.1622
38.1622
38.1622
38.1622
38.162
38.1618
38.1616
38.1644
38.1648
38.1652
38.1654
38.1655
38.1655
38.1654
38.1652
38.1648
38.1644
38.1673
38.1679
38.1684
38.1687
38.1688
38.1688
38.1687
38.1684
38.1679
38.1673
38.1701
38.1708
38.1714
38.1717
38.1719
38.1719
38.1717
38.1714
38.1708
38.1701
38.1728
38.1735
38.1741
38.1745
38.1747
38.1747
38.1745
38.1741
38.1735
38.1728
38.1751
38.1759
38.1766
38.1769
38.1771
38.1771
38.1769
38.1766
38.1759
38.1752
38.1773
38.178
38.1786
38.179
38.1791
38.1791
38.179
38.1786
38.178
38.1773
38.1793
38.18
38.1805
38.1807
38.1808
38.1808
38.1807
38.1805
38.18
38.1793
38.1819
38.1818
38.1819
38.1819
38.1819
38.1819
38.1819
38.1819
38.1818
38.1819
34.8447
34.8448
34.8449
34.845
34.845
34.845
34.845
34.8449
34.8448
34.8447
34.8454
34.8456
34.8457
34.8458
34.8459
34.8459
34.8458
34.8457
34.8456
34.8454
34.8463
34.8466
34.8468
34.8469
34.847
34.847
34.8469
34.8468
34.8466
34.8463
34.8474
34.8477
34.8479
34.8481
34.8482
34.8482
34.8481
34.8479
34.8477
34.8474
34.8485
34.8488
34.8491
34.8493
34.8494
34.8494
34.8493
34.8491
34.8488
34.8485
34.8495
34.8499
34.8503
34.8505
34.8506
34.8506
34.8505
34.8503
34.8499
34.8495
34.8506
34.851
34.8514
34.8516
34.8517
34.8517
34.8516
34.8514
34.851
34.8506
34.8515
34.8519
34.8523
34.8525
34.8526
34.8526
34.8525
34.8523
34.8519
34.8515
34.8524
34.8528
34.8531
34.8533
34.8534
34.8534
34.8533
34.8531
34.8528
34.8524
34.8535
34.8536
34.8538
34.8538
34.8539
34.8539
34.8538
34.8538
34.8536
34.8535
31.5293
31.5293
31.5293
31.5293
31.5293
31.5293
31.5293
31.5293
31.5293
31.5293
31.5295
31.5295
31.5295
31.5295
31.5296
31.5296
31.5295
31.5295
31.5295
31.5295
31.5298
31.5299
31.5299
31.53
31.53
31.53
31.53
31.5299
31.5299
31.5298
31.5302
31.5303
31.5304
31.5305
31.5305
31.5305
31.5305
31.5304
31.5303
31.5302
31.5307
31.5309
31.531
31.5311
31.5311
31.5311
31.5311
31.531
31.5309
31.5307
31.5313
31.5315
31.5316
31.5317
31.5317
31.5317
31.5317
31.5316
31.5315
31.5313
31.5318
31.532
31.5322
31.5323
31.5324
31.5324
31.5323
31.5322
31.532
31.5318
31.5324
31.5326
31.5328
31.5329
31.533
31.533
31.5329
31.5328
31.5326
31.5324
31.533
31.5332
31.5334
31.5335
31.5335
31.5335
31.5335
31.5334
31.5332
31.533
31.5336
31.5338
31.5339
31.534
31.534
31.534
31.534
31.5339
31.5338
31.5336
28.2113
28.2113
28.2113
28.2113
28.2113
28.2113
28.2113
28.2113
28.2113
28.2113
28.2113
28.2114
28.2114
28.2114
28.2114
28.2114
28.2114
28.2114
28.2114
28.2113
28.2114
28.2114
28.2115
28.2115
28.2115
28.2115
28.2115
28.2115
28.2114
28.2114
28.2115
28.2116
28.2116
28.2117
28.2117
28.2117
28.2117
28.2116
28.2116
28.2115
28.2117
28.2118
28.2118
28.2119
28.2119
28.2119
28.2119
28.2118
28.2118
28.2117
28.2119
28.212
28.2121
28.2121
28.2121
28.2121
28.2121
28.2121
28.212
28.2119
28.2121
28.2122
28.2123
28.2124
28.2124
28.2124
28.2124
28.2123
28.2122
28.2121
28.2124
28.2125
28.2126
28.2126
28.2126
28.2126
28.2126
28.2126
28.2125
28.2124
28.2126
28.2127
28.2128
28.2129
28.2129
28.2129
28.2129
28.2128
28.2127
28.2126
28.2129
28.2129
28.213
28.2131
28.2131
28.2131
28.2131
28.213
28.2129
28.2129
24.8929
24.8929
24.8929
24.8929
24.8929
24.8929
24.8929
24.8929
24.8929
24.8929
24.8929
24.8929
24.8929
24.8929
24.8929
24.8929
24.8929
24.8929
24.8929
24.8929
24.8929
24.8929
24.8929
24.893
24.893
24.893
24.893
24.8929
24.8929
24.8929
24.893
24.893
24.893
24.893
24.893
24.893
24.893
24.893
24.893
24.893
24.8931
24.8931
24.8931
24.8931
24.8931
24.8931
24.8931
24.8931
24.8931
24.8931
24.8932
24.8932
24.8932
24.8932
24.8932
24.8932
24.8932
24.8932
24.8932
24.8932
24.8933
24.8933
24.8933
24.8934
24.8934
24.8934
24.8934
24.8933
24.8933
24.8933
24.8934
24.8934
24.8935
24.8935
24.8935
24.8935
24.8935
24.8935
24.8934
24.8934
24.8935
24.8936
24.8936
24.8936
24.8936
24.8936
24.8936
24.8936
24.8936
24.8935
24.8936
24.8937
24.8937
24.8938
24.8938
24.8938
24.8938
24.8937
24.8937
24.8936
21.574
21.574
21.574
21.574
21.574
21.574
21.574
21.574
21.574
21.574
21.574
21.574
21.574
21.574
21.574
21.574
21.574
21.574
21.574
21.574
21.574
21.574
21.574
21.574
21.574
21.574
21.574
21.574
21.574
21.574
21.574
21.574
21.574
21.574
21.574
21.574
21.574
21.574
21.574
21.574
21.574
21.5741
21.5741
21.5741
21.5741
21.5741
21.5741
21.5741
21.5741
21.574
21.5741
21.5741
21.5741
21.5741
21.5741
21.5741
21.5741
21.5741
21.5741
21.5741
21.5741
21.5741
21.5742
21.5742
21.5742
21.5742
21.5742
21.5742
21.5741
21.5741
21.5742
21.5742
21.5742
21.5742
21.5742
21.5742
21.5742
21.5742
21.5742
21.5742
21.5742
21.5742
21.5743
21.5743
21.5743
21.5743
21.5743
21.5743
21.5742
21.5742
21.5743
21.5743
21.5743
21.5743
21.5743
21.5743
21.5743
21.5743
21.5743
21.5743
18.2551
18.2551
18.2551
18.2551
18.2551
18.2551
18.2551
18.2551
18.2551
18.2551
18.255
18.255
18.255
18.255
18.255
18.255
18.255
18.255
18.255
18.255
18.255
18.255
18.255
18.255
18.255
18.255
18.255
18.255
18.255
18.255
18.255
18.255
18.255
18.255
18.255
18.255
18.255
18.255
18.255
18.255
18.255
18.2551
18.2551
18.2551
18.2551
18.2551
18.2551
18.2551
18.2551
18.255
18.2551
18.2551
18.2551
18.2551
18.2551
18.2551
18.2551
18.2551
18.2551
18.2551
18.2551
18.2551
18.2551
18.2551
18.2551
18.2551
18.2551
18.2551
18.2551
18.2551
18.2551
18.2551
18.2551
18.2551
18.2551
18.2551
18.2551
18.2551
18.2551
18.2551
18.2551
18.2551
18.2551
18.2552
18.2552
18.2552
18.2552
18.2551
18.2551
18.2551
18.2552
18.2552
18.2552
18.2552
18.2552
18.2552
18.2552
18.2552
18.2552
18.2552
14.936
14.936
14.936
14.936
14.936
14.936
14.936
14.936
14.936
14.936
14.936
14.936
14.936
14.936
14.936
14.936
14.936
14.936
14.936
14.936
14.936
14.936
14.936
14.936
14.936
14.936
14.936
14.936
14.936
14.936
14.936
14.936
14.936
14.936
14.936
14.936
14.936
14.936
14.936
14.936
14.936
14.936
14.936
14.936
14.936
14.936
14.936
14.936
14.936
14.936
14.936
14.936
14.936
14.936
14.936
14.936
14.936
14.936
14.936
14.936
14.936
14.936
14.936
14.936
14.936
14.936
14.936
14.936
14.936
14.936
14.936
14.936
14.936
14.936
14.936
14.936
14.936
14.936
14.936
14.936
14.936
14.936
14.936
14.936
14.936
14.936
14.936
14.936
14.936
14.936
14.936
14.936
14.936
14.936
14.936
14.936
14.936
14.936
14.936
14.936
11.6169
11.6169
11.6169
11.6169
11.6169
11.6169
11.6169
11.6169
11.6169
11.6169
11.6169
11.6169
11.6169
11.6169
11.6169
11.6169
11.6169
11.6169
11.6169
11.6169
11.6169
11.6169
11.6169
11.6169
11.6169
11.6169
11.6169
11.6169
11.6169
11.6169
11.6169
11.6169
11.6169
11.6169
11.6169
11.6169
11.6169
11.6169
11.6169
11.6169
11.6169
11.6169
11.6169
11.6169
11.6169
11.6169
11.6169
11.6169
11.6169
11.6169
11.6169
11.6169
11.6169
11.6169
11.6169
11.6169
11.6169
11.6169
11.6169
11.6169
11.6169
11.6169
11.6169
11.6169
11.6169
11.6169
11.6169
11.6169
11.6169
11.6169
11.6169
11.6169
11.6169
11.6169
11.6169
11.6169
11.6169
11.6169
11.6169
11.6169
11.6169
11.6169
11.6169
11.6169
11.6169
11.6169
11.6169
11.6169
11.6169
11.6169
11.6169
11.6169
11.6169
11.6169
11.6169
11.6169
11.6169
11.6169
11.6169
11.6169
8.29777
8.29777
8.29777
8.29777
8.29777
8.29777
8.29777
8.29777
8.29777
8.29777
8.29777
8.29777
8.29777
8.29777
8.29777
8.29777
8.29777
8.29777
8.29777
8.29777
8.29777
8.29777
8.29777
8.29777
8.29777
8.29777
8.29777
8.29777
8.29777
8.29777
8.29777
8.29777
8.29777
8.29777
8.29777
8.29777
8.29777
8.29777
8.29777
8.29777
8.29777
8.29777
8.29777
8.29777
8.29777
8.29777
8.29777
8.29777
8.29777
8.29777
8.29777
8.29777
8.29777
8.29777
8.29777
8.29777
8.29777
8.29777
8.29777
8.29777
8.29777
8.29777
8.29777
8.29777
8.29777
8.29777
8.29777
8.29777
8.29777
8.29777
8.29777
8.29777
8.29777
8.29777
8.29777
8.29777
8.29777
8.29777
8.29777
8.29777
8.29777
8.29777
8.29777
8.29777
8.29777
8.29777
8.29777
8.29777
8.29777
8.29777
8.29777
8.29777
8.29777
8.29777
8.29777
8.29777
8.29777
8.29777
8.29777
8.29777
4.97866
4.97866
4.97866
4.97866
4.97866
4.97866
4.97866
4.97866
4.97866
4.97866
4.97866
4.97866
4.97866
4.97866
4.97866
4.97866
4.97866
4.97866
4.97866
4.97866
4.97866
4.97866
4.97866
4.97866
4.97866
4.97866
4.97866
4.97866
4.97866
4.97866
4.97866
4.97866
4.97866
4.97866
4.97866
4.97866
4.97866
4.97866
4.97866
4.97866
4.97866
4.97866
4.97866
4.97866
4.97866
4.97866
4.97866
4.97866
4.97866
4.97866
4.97866
4.97866
4.97866
4.97866
4.97866
4.97866
4.97866
4.97866
4.97866
4.97866
4.97866
4.97866
4.97866
4.97866
4.97866
4.97866
4.97866
4.97866
4.97866
4.97866
4.97866
4.97866
4.97866
4.97866
4.97866
4.97866
4.97866
4.97866
4.97866
4.97866
4.97866
4.97866
4.97866
4.97866
4.97866
4.97866
4.97866
4.97866
4.97866
4.97866
4.97866
4.97866
4.97866
4.97866
4.97866
4.97866
4.97866
4.97866
4.97866
4.97866
1.65955
1.65955
1.65955
1.65955
1.65955
1.65955
1.65955
1.65955
1.65955
1.65955
1.65955
1.65955
1.65955
1.65955
1.65955
1.65955
1.65955
1.65955
1.65955
1.65955
1.65955
1.65955
1.65955
1.65955
1.65955
1.65955
1.65955
1.65955
1.65955
1.65955
1.65955
1.65955
1.65955
1.65955
1.65955
1.65955
1.65955
1.65955
1.65955
1.65955
1.65955
1.65955
1.65955
1.65955
1.65955
1.65955
1.65955
1.65955
1.65955
1.65955
1.65955
1.65955
1.65955
1.65955
1.65955
1.65955
1.65955
1.65955
1.65955
1.65955
1.65955
1.65955
1.65955
1.65955
1.65955
1.65955
1.65955
1.65955
1.65955
1.65955
1.65955
1.65955
1.65955
1.65955
1.65955
1.65955
1.65955
1.65955
1.65955
1.65955
1.65955
1.65955
1.65955
1.65955
1.65955
1.65955
1.65955
1.65955
1.65955
1.65955
1.65955
1.65955
1.65955
1.65954
1.65954
1.65954
1.65954
1.65954
1.65955
1.65955
100.322
99.738
99.3712
99.103
98.9639
98.9639
99.103
99.3712
99.738
100.322
91.1539
90.3012
89.7395
89.3423
89.1377
89.1377
89.3423
89.7394
90.3012
91.1539
83.5417
82.5605
81.9198
81.4735
81.2446
81.2446
81.4735
81.9198
82.5605
83.5417
78.2856
77.2776
76.6279
76.1821
75.9536
75.9536
76.1821
76.6279
77.2776
78.2856
74.342
73.3415
72.7
72.2684
72.0474
72.0474
72.2684
72.7
73.3415
74.342
71.149
70.176
69.5507
69.1404
68.9307
68.9307
69.1404
69.5507
70.176
71.149
68.5168
67.5923
66.993
66.6102
66.4154
66.4154
66.6102
66.993
67.5923
68.5167
66.3383
65.4859
64.9249
64.5753
64.398
64.398
64.5753
64.9249
65.4859
66.3383
64.5328
63.7688
63.259
62.9472
62.7893
62.7893
62.9472
63.259
63.7688
64.5328
63.1194
62.3572
61.9072
61.6335
61.4949
61.4949
61.6335
61.9072
62.3572
63.1193
64.19
64.3633
64.5518
64.6789
64.7447
64.7447
64.6789
64.5518
64.3633
64.19
64.609
64.7037
64.8305
64.9118
64.9535
64.9535
64.9118
64.8304
64.7037
64.609
64.5797
64.5763
64.6286
64.6567
64.6707
64.6707
64.6567
64.6286
64.5763
64.5797
64.1629
64.069
64.0529
64.0341
64.0238
64.0238
64.0341
64.0529
64.069
64.1629
63.562
63.3939
63.3197
63.2633
63.2336
63.2336
63.2633
63.3197
63.3939
63.562
62.8864
62.6624
62.5413
62.4568
62.4127
62.4127
62.4568
62.5413
62.6624
62.8864
62.1909
61.9314
61.7764
61.6736
61.6204
61.6204
61.6736
61.7764
61.9314
62.1909
61.5071
61.2358
61.0626
60.9514
60.8939
60.8939
60.9514
61.0626
61.2358
61.507
60.8702
60.6035
60.4241
60.3116
60.2533
60.2533
60.3116
60.4241
60.6035
60.8701
60.3821
60.0353
59.8519
59.7391
59.6804
59.6804
59.7391
59.8518
60.0353
60.3821
59.5253
59.5106
59.512
59.5083
59.5066
59.5066
59.5083
59.512
59.5106
59.5253
59.9325
59.9154
59.916
59.9105
59.9077
59.9077
59.9105
59.916
59.9154
59.9325
60.2683
60.2324
60.2214
60.2061
60.1979
60.1979
60.2061
60.2213
60.2324
60.2683
60.317
60.2477
60.2144
60.183
60.1663
60.1663
60.183
60.2144
60.2477
60.317
60.169
60.0643
60.0065
59.9591
59.934
59.934
59.9591
60.0065
60.0643
60.169
59.9186
59.7833
59.7031
59.6423
59.6103
59.6103
59.6423
59.7031
59.7833
59.9186
59.6142
59.4566
59.3583
59.288
59.2512
59.2512
59.288
59.3582
59.4566
59.6142
59.2827
59.1149
59.0052
58.9301
58.8908
58.8908
58.9301
59.0052
59.1149
59.2827
58.9566
58.7863
58.6695
58.5922
58.5518
58.5518
58.5922
58.6695
58.7863
58.9566
58.7093
58.4768
58.3503
58.2696
58.2276
58.2276
58.2696
58.3502
58.4768
58.7093
54.7393
54.759
54.7838
54.7997
54.8082
54.8082
54.7997
54.7838
54.759
54.7393
54.9459
54.9692
54.9979
55.0161
55.0257
55.0257
55.0161
54.9979
54.9692
54.9459
55.1201
55.141
55.1692
55.1865
55.1956
55.1956
55.1865
55.1692
55.141
55.1201
55.2024
55.2127
55.234
55.2458
55.2519
55.2519
55.2458
55.234
55.2127
55.2024
55.2134
55.2093
55.2202
55.2244
55.2265
55.2265
55.2244
55.2201
55.2093
55.2134
55.1766
55.1576
55.157
55.1535
55.1515
55.1515
55.1535
55.157
55.1576
55.1766
55.1056
55.0738
55.0624
55.0522
55.0466
55.0466
55.0522
55.0624
55.0738
55.1056
55.0101
54.9702
54.9504
54.9351
54.9269
54.9269
54.9351
54.9504
54.9702
55.0101
54.9077
54.862
54.8342
54.8144
54.8037
54.8037
54.8144
54.8342
54.862
54.9077
54.8422
54.7543
54.7132
54.6863
54.6721
54.6721
54.6863
54.7132
54.7543
54.8422
51.4462
51.4461
51.448
51.448
51.448
51.448
51.448
51.4479
51.4461
51.4462
51.5419
51.5453
51.5502
51.5523
51.5534
51.5534
51.5523
51.5502
51.5453
51.5419
51.6393
51.644
51.6505
51.6533
51.6547
51.6547
51.6533
51.6505
51.644
51.6393
51.7049
51.7075
51.7128
51.7145
51.7152
51.7152
51.7145
51.7128
51.7075
51.7049
51.7407
51.7389
51.7414
51.7407
51.7402
51.7402
51.7407
51.7414
51.7389
51.7407
51.7536
51.7464
51.7449
51.7415
51.7396
51.7396
51.7415
51.7449
51.7464
51.7536
51.7483
51.7359
51.7304
51.7244
51.721
51.721
51.7244
51.7304
51.7359
51.7483
51.729
51.7129
51.704
51.6959
51.6914
51.6914
51.6959
51.7039
51.7129
51.729
51.7049
51.6854
51.6723
51.6618
51.6561
51.6561
51.6618
51.6723
51.6854
51.7049
51.6965
51.6551
51.6343
51.6199
51.6123
51.6123
51.6199
51.6343
51.6551
51.6965
48.0487
48.0517
48.0553
48.0574
48.0586
48.0586
48.0574
48.0553
48.0517
48.0487
48.0879
48.0925
48.0977
48.1008
48.1025
48.1025
48.1008
48.0977
48.0925
48.0879
48.1276
48.1332
48.1395
48.1434
48.1455
48.1455
48.1434
48.1395
48.1332
48.1276
48.1572
48.1626
48.169
48.1728
48.1748
48.1748
48.1728
48.169
48.1626
48.1572
48.1768
48.181
48.1867
48.1898
48.1914
48.1914
48.1898
48.1867
48.181
48.1768
48.1879
48.1902
48.1944
48.1965
48.1975
48.1975
48.1965
48.1944
48.1902
48.1879
48.1913
48.1915
48.1941
48.195
48.1954
48.1954
48.195
48.1941
48.1915
48.1913
48.1883
48.1868
48.1879
48.1876
48.1874
48.1874
48.1876
48.1879
48.1868
48.1882
48.1827
48.1795
48.1782
48.1765
48.1755
48.1755
48.1765
48.1782
48.1795
48.1827
48.1847
48.1704
48.1644
48.1602
48.1579
48.1579
48.1602
48.1644
48.1704
48.1847
44.7747
44.7751
44.7756
44.7757
44.7758
44.7758
44.7757
44.7756
44.7751
44.7747
44.7909
44.792
44.7933
44.7939
44.7942
44.7942
44.7939
44.7933
44.792
44.7909
44.8093
44.8111
44.813
44.814
44.8146
44.8146
44.814
44.813
44.8111
44.8092
44.825
44.8272
44.8294
44.8306
44.8312
44.8312
44.8306
44.8294
44.8272
44.825
44.8377
44.8398
44.842
44.843
44.8436
44.8436
44.843
44.842
44.8398
44.8377
44.8475
44.8491
44.851
44.8519
44.8522
44.8522
44.8519
44.851
44.8491
44.8475
44.8544
44.8555
44.857
44.8575
44.8577
44.8576
44.8575
44.857
44.8555
44.8544
44.8588
44.8594
44.8605
44.8606
44.8605
44.8605
44.8606
44.8605
44.8594
44.8588
44.8624
44.8623
44.8624
44.8619
44.8616
44.8616
44.8619
44.8624
44.8623
44.8624
44.8691
44.8642
44.8622
44.8606
44.8597
44.8597
44.8606
44.8622
44.8642
44.8691
41.4635
41.4641
41.4647
41.465
41.4652
41.4652
41.465
41.4647
41.4641
41.4635
41.4695
41.4704
41.4713
41.4719
41.4722
41.4722
41.4719
41.4713
41.4704
41.4695
41.4764
41.4776
41.4788
41.4796
41.48
41.48
41.4796
41.4788
41.4776
41.4764
41.4826
41.4841
41.4855
41.4864
41.4868
41.4868
41.4864
41.4855
41.4841
41.4826
41.488
41.4895
41.491
41.492
41.4924
41.4924
41.492
41.491
41.4895
41.488
41.4925
41.4939
41.4954
41.4963
41.4967
41.4967
41.4963
41.4954
41.4939
41.4925
41.496
41.4972
41.4986
41.4993
41.4997
41.4997
41.4993
41.4986
41.4972
41.496
41.4984
41.4995
41.5007
41.5013
41.5016
41.5016
41.5013
41.5007
41.4995
41.4984
41.5005
41.5013
41.5021
41.5024
41.5025
41.5025
41.5024
41.5021
41.5013
41.5005
41.5039
41.5026
41.5023
41.5021
41.5019
41.5019
41.5021
41.5023
41.5026
41.5039
38.1594
38.1595
38.1596
38.1596
38.1596
38.1596
38.1596
38.1596
38.1595
38.1594
38.1616
38.1618
38.162
38.1622
38.1622
38.1622
38.1622
38.162
38.1618
38.1616
38.1644
38.1648
38.1652
38.1654
38.1655
38.1655
38.1654
38.1652
38.1648
38.1644
38.1673
38.1679
38.1684
38.1687
38.1688
38.1688
38.1687
38.1684
38.1679
38.1673
38.1701
38.1708
38.1714
38.1717
38.1719
38.1719
38.1717
38.1714
38.1708
38.1701
38.1728
38.1735
38.1741
38.1745
38.1747
38.1747
38.1745
38.1741
38.1735
38.1728
38.1752
38.1759
38.1766
38.1769
38.1771
38.1771
38.1769
38.1766
38.1759
38.1751
38.1773
38.178
38.1786
38.179
38.1791
38.1791
38.179
38.1786
38.178
38.1773
38.1793
38.18
38.1805
38.1807
38.1808
38.1808
38.1807
38.1805
38.18
38.1793
38.1819
38.1818
38.1819
38.1819
38.1819
38.1819
38.1819
38.1819
38.1818
38.1819
34.8447
34.8448
34.8449
34.845
34.845
34.845
34.845
34.8449
34.8448
34.8447
34.8454
34.8456
34.8457
34.8458
34.8459
34.8459
34.8458
34.8457
34.8456
34.8454
34.8463
34.8466
34.8468
34.8469
34.847
34.847
34.8469
34.8468
34.8466
34.8463
34.8474
34.8477
34.8479
34.8481
34.8482
34.8482
34.8481
34.8479
34.8477
34.8474
34.8485
34.8488
34.8491
34.8493
34.8494
34.8494
34.8493
34.8491
34.8488
34.8485
34.8495
34.8499
34.8503
34.8505
34.8506
34.8506
34.8505
34.8503
34.8499
34.8495
34.8506
34.851
34.8514
34.8516
34.8517
34.8517
34.8516
34.8514
34.851
34.8506
34.8515
34.8519
34.8523
34.8525
34.8526
34.8526
34.8525
34.8523
34.8519
34.8515
34.8524
34.8528
34.8531
34.8533
34.8534
34.8534
34.8533
34.8531
34.8528
34.8524
34.8535
34.8536
34.8538
34.8538
34.8539
34.8539
34.8538
34.8538
34.8536
34.8535
31.5293
31.5293
31.5293
31.5293
31.5293
31.5293
31.5293
31.5293
31.5293
31.5293
31.5295
31.5295
31.5295
31.5295
31.5296
31.5296
31.5295
31.5295
31.5295
31.5295
31.5298
31.5299
31.5299
31.53
31.53
31.53
31.53
31.5299
31.5299
31.5298
31.5302
31.5303
31.5304
31.5305
31.5305
31.5305
31.5305
31.5304
31.5303
31.5302
31.5307
31.5309
31.531
31.5311
31.5311
31.5311
31.5311
31.531
31.5309
31.5307
31.5313
31.5315
31.5316
31.5317
31.5317
31.5317
31.5317
31.5316
31.5315
31.5313
31.5318
31.532
31.5322
31.5323
31.5324
31.5324
31.5323
31.5322
31.532
31.5318
31.5324
31.5326
31.5328
31.5329
31.533
31.533
31.5329
31.5328
31.5326
31.5324
31.533
31.5332
31.5334
31.5335
31.5335
31.5335
31.5335
31.5334
31.5332
31.533
31.5336
31.5338
31.5339
31.534
31.534
31.534
31.534
31.5339
31.5338
31.5336
28.2113
28.2113
28.2113
28.2113
28.2113
28.2113
28.2113
28.2113
28.2113
28.2113
28.2113
28.2114
28.2114
28.2114
28.2114
28.2114
28.2114
28.2114
28.2114
28.2113
28.2114
28.2114
28.2115
28.2115
28.2115
28.2115
28.2115
28.2115
28.2114
28.2114
28.2115
28.2116
28.2116
28.2117
28.2117
28.2117
28.2117
28.2116
28.2116
28.2115
28.2117
28.2118
28.2118
28.2119
28.2119
28.2119
28.2119
28.2118
28.2118
28.2117
28.2119
28.212
28.2121
28.2121
28.2121
28.2121
28.2121
28.2121
28.212
28.2119
28.2121
28.2122
28.2123
28.2124
28.2124
28.2124
28.2124
28.2123
28.2122
28.2121
28.2124
28.2125
28.2126
28.2126
28.2126
28.2126
28.2126
28.2126
28.2125
28.2124
28.2126
28.2127
28.2128
28.2129
28.2129
28.2129
28.2129
28.2128
28.2127
28.2126
28.2129
28.2129
28.213
28.2131
28.2131
28.2131
28.2131
28.213
28.2129
28.2129
24.8929
24.8929
24.8929
24.8929
24.8929
24.8929
24.8929
24.8929
24.8929
24.8929
24.8929
24.8929
24.8929
24.8929
24.8929
24.8929
24.8929
24.8929
24.8929
24.8929
24.8929
24.8929
24.8929
24.893
24.893
24.893
24.893
24.8929
24.8929
24.8929
24.893
24.893
24.893
24.893
24.893
24.893
24.893
24.893
24.893
24.893
24.8931
24.8931
24.8931
24.8931
24.8931
24.8931
24.8931
24.8931
24.8931
24.8931
24.8932
24.8932
24.8932
24.8932
24.8932
24.8932
24.8932
24.8932
24.8932
24.8932
24.8933
24.8933
24.8933
24.8934
24.8934
24.8934
24.8934
24.8933
24.8933
24.8933
24.8934
24.8934
24.8935
24.8935
24.8935
24.8935
24.8935
24.8935
24.8934
24.8934
24.8935
24.8936
24.8936
24.8936
24.8936
24.8936
24.8936
24.8936
24.8936
24.8935
24.8936
24.8937
24.8937
24.8938
24.8938
24.8938
24.8938
24.8937
24.8937
24.8936
21.574
21.574
21.574
21.574
21.574
21.574
21.574
21.574
21.574
21.574
21.574
21.574
21.574
21.574
21.574
21.574
21.574
21.574
21.574
21.574
21.574
21.574
21.574
21.574
21.574
21.574
21.574
21.574
21.574
21.574
21.574
21.574
21.574
21.574
21.574
21.574
21.574
21.574
21.574
21.574
21.574
21.5741
21.5741
21.5741
21.5741
21.5741
21.5741
21.5741
21.5741
21.574
21.5741
21.5741
21.5741
21.5741
21.5741
21.5741
21.5741
21.5741
21.5741
21.5741
21.5741
21.5741
21.5742
21.5742
21.5742
21.5742
21.5742
21.5742
21.5741
21.5741
21.5742
21.5742
21.5742
21.5742
21.5742
21.5742
21.5742
21.5742
21.5742
21.5742
21.5742
21.5742
21.5743
21.5743
21.5743
21.5743
21.5743
21.5743
21.5742
21.5742
21.5743
21.5743
21.5743
21.5743
21.5743
21.5743
21.5743
21.5743
21.5743
21.5743
18.2551
18.2551
18.2551
18.2551
18.2551
18.2551
18.2551
18.2551
18.2551
18.2551
18.255
18.255
18.255
18.255
18.255
18.255
18.255
18.255
18.255
18.255
18.255
18.255
18.255
18.255
18.255
18.255
18.255
18.255
18.255
18.255
18.255
18.255
18.255
18.255
18.255
18.255
18.255
18.255
18.255
18.255
18.255
18.2551
18.2551
18.2551
18.2551
18.2551
18.2551
18.2551
18.2551
18.255
18.2551
18.2551
18.2551
18.2551
18.2551
18.2551
18.2551
18.2551
18.2551
18.2551
18.2551
18.2551
18.2551
18.2551
18.2551
18.2551
18.2551
18.2551
18.2551
18.2551
18.2551
18.2551
18.2551
18.2551
18.2551
18.2551
18.2551
18.2551
18.2551
18.2551
18.2551
18.2551
18.2551
18.2552
18.2552
18.2552
18.2552
18.2551
18.2551
18.2551
18.2552
18.2552
18.2552
18.2552
18.2552
18.2552
18.2552
18.2552
18.2552
18.2552
14.936
14.936
14.936
14.936
14.936
14.936
14.936
14.936
14.936
14.936
14.936
14.936
14.936
14.936
14.936
14.936
14.936
14.936
14.936
14.936
14.936
14.936
14.936
14.936
14.936
14.936
14.936
14.936
14.936
14.936
14.936
14.936
14.936
14.936
14.936
14.936
14.936
14.936
14.936
14.936
14.936
14.936
14.936
14.936
14.936
14.936
14.936
14.936
14.936
14.936
14.936
14.936
14.936
14.936
14.936
14.936
14.936
14.936
14.936
14.936
14.936
14.936
14.936
14.936
14.936
14.936
14.936
14.936
14.936
14.936
14.936
14.936
14.936
14.936
14.936
14.936
14.936
14.936
14.936
14.936
14.936
14.936
14.936
14.936
14.936
14.936
14.936
14.936
14.936
14.936
14.936
14.936
14.936
14.936
14.936
14.936
14.936
14.936
14.936
14.936
11.6169
11.6169
11.6169
11.6169
11.6169
11.6169
11.6169
11.6169
11.6169
11.6169
11.6169
11.6169
11.6169
11.6169
11.6169
11.6169
11.6169
11.6169
11.6169
11.6169
11.6169
11.6169
11.6169
11.6169
11.6169
11.6169
11.6169
11.6169
11.6169
11.6169
11.6169
11.6169
11.6169
11.6169
11.6169
11.6169
11.6169
11.6169
11.6169
11.6169
11.6169
11.6169
11.6169
11.6169
11.6169
11.6169
11.6169
11.6169
11.6169
11.6169
11.6169
11.6169
11.6169
11.6169
11.6169
11.6169
11.6169
11.6169
11.6169
11.6169
11.6169
11.6169
11.6169
11.6169
11.6169
11.6169
11.6169
11.6169
11.6169
11.6169
11.6169
11.6169
11.6169
11.6169
11.6169
11.6169
11.6169
11.6169
11.6169
11.6169
11.6169
11.6169
11.6169
11.6169
11.6169
11.6169
11.6169
11.6169
11.6169
11.6169
11.6169
11.6169
11.6169
11.6169
11.6169
11.6169
11.6169
11.6169
11.6169
11.6169
8.29777
8.29777
8.29777
8.29777
8.29777
8.29777
8.29777
8.29777
8.29777
8.29777
8.29777
8.29777
8.29777
8.29777
8.29777
8.29777
8.29777
8.29777
8.29777
8.29777
8.29777
8.29777
8.29777
8.29777
8.29777
8.29777
8.29777
8.29777
8.29777
8.29777
8.29777
8.29777
8.29777
8.29777
8.29777
8.29777
8.29777
8.29777
8.29777
8.29777
8.29777
8.29777
8.29777
8.29777
8.29777
8.29777
8.29777
8.29777
8.29777
8.29777
8.29777
8.29777
8.29777
8.29777
8.29777
8.29777
8.29777
8.29777
8.29777
8.29777
8.29777
8.29777
8.29777
8.29777
8.29777
8.29777
8.29777
8.29777
8.29777
8.29777
8.29777
8.29777
8.29777
8.29777
8.29777
8.29777
8.29777
8.29777
8.29777
8.29777
8.29777
8.29777
8.29777
8.29777
8.29777
8.29777
8.29777
8.29777
8.29777
8.29777
8.29777
8.29777
8.29777
8.29777
8.29777
8.29777
8.29777
8.29777
8.29777
8.29777
4.97866
4.97866
4.97866
4.97866
4.97866
4.97866
4.97866
4.97866
4.97866
4.97866
4.97866
4.97866
4.97866
4.97866
4.97866
4.97866
4.97866
4.97866
4.97866
4.97866
4.97866
4.97866
4.97866
4.97866
4.97866
4.97866
4.97866
4.97866
4.97866
4.97866
4.97866
4.97866
4.97866
4.97866
4.97866
4.97866
4.97866
4.97866
4.97866
4.97866
4.97866
4.97866
4.97866
4.97866
4.97866
4.97866
4.97866
4.97866
4.97866
4.97866
4.97866
4.97866
4.97866
4.97866
4.97866
4.97866
4.97866
4.97866
4.97866
4.97866
4.97866
4.97866
4.97866
4.97866
4.97866
4.97866
4.97866
4.97866
4.97866
4.97866
4.97866
4.97866
4.97866
4.97866
4.97866
4.97866
4.97866
4.97866
4.97866
4.97866
4.97866
4.97866
4.97866
4.97866
4.97866
4.97866
4.97866
4.97866
4.97866
4.97866
4.97866
4.97866
4.97866
4.97866
4.97866
4.97866
4.97866
4.97866
4.97866
4.97866
1.65955
1.65955
1.65955
1.65955
1.65955
1.65955
1.65955
1.65955
1.65955
1.65955
1.65955
1.65955
1.65955
1.65955
1.65955
1.65955
1.65955
1.65955
1.65955
1.65955
1.65955
1.65955
1.65955
1.65955
1.65955
1.65955
1.65955
1.65955
1.65955
1.65955
1.65955
1.65955
1.65955
1.65955
1.65955
1.65955
1.65955
1.65955
1.65955
1.65955
1.65955
1.65955
1.65955
1.65955
1.65955
1.65955
1.65955
1.65955
1.65955
1.65955
1.65955
1.65955
1.65955
1.65955
1.65955
1.65955
1.65955
1.65955
1.65955
1.65955
1.65955
1.65955
1.65955
1.65955
1.65955
1.65955
1.65955
1.65955
1.65955
1.65955
1.65955
1.65955
1.65955
1.65955
1.65955
1.65955
1.65955
1.65955
1.65955
1.65955
1.65955
1.65955
1.65955
1.65955
1.65955
1.65955
1.65955
1.65955
1.65955
1.65955
1.65955
1.65955
1.65954
1.65954
1.65954
1.65954
1.65954
1.65955
1.65955
1.65955
100.322
99.738
99.3712
99.103
98.9639
98.9639
99.103
99.3712
99.738
100.322
91.1539
90.3012
89.7394
89.3423
89.1377
89.1377
89.3423
89.7394
90.3012
91.1539
83.5417
82.5605
81.9198
81.4735
81.2445
81.2445
81.4735
81.9198
82.5605
83.5417
78.2856
77.2776
76.6279
76.1821
75.9536
75.9536
76.1821
76.6279
77.2776
78.2856
74.342
73.3415
72.7
72.2684
72.0474
72.0474
72.2684
72.7
73.3415
74.342
71.149
70.176
69.5507
69.1404
68.9307
68.9307
69.1404
69.5507
70.176
71.149
68.5167
67.5923
66.993
66.6102
66.4154
66.4154
66.6102
66.993
67.5923
68.5167
66.3383
65.4859
64.9249
64.5752
64.398
64.398
64.5752
64.9249
65.4859
66.3383
64.5328
63.7688
63.259
62.9472
62.7893
62.7893
62.9472
63.259
63.7688
64.5328
63.1193
62.3572
61.9071
61.6335
61.4949
61.4949
61.6335
61.9071
62.3572
63.1193
64.19
64.3633
64.5518
64.6789
64.7447
64.7447
64.6789
64.5518
64.3633
64.19
64.609
64.7037
64.8304
64.9118
64.9534
64.9534
64.9118
64.8304
64.7037
64.609
64.5797
64.5763
64.6286
64.6567
64.6706
64.6706
64.6567
64.6286
64.5763
64.5796
64.1629
64.069
64.0529
64.0341
64.0238
64.0238
64.0341
64.0529
64.069
64.1629
63.562
63.3939
63.3197
63.2633
63.2336
63.2336
63.2633
63.3197
63.3939
63.562
62.8864
62.6624
62.5413
62.4568
62.4127
62.4127
62.4568
62.5413
62.6624
62.8864
62.1909
61.9314
61.7764
61.6736
61.6204
61.6204
61.6736
61.7764
61.9313
62.1909
61.507
61.2358
61.0626
60.9514
60.8939
60.8939
60.9514
61.0626
61.2358
61.507
60.8701
60.6035
60.4241
60.3116
60.2532
60.2532
60.3116
60.4241
60.6034
60.8701
60.3821
60.0353
59.8518
59.7391
59.6804
59.6804
59.7391
59.8518
60.0353
60.3821
59.5253
59.5106
59.512
59.5083
59.5066
59.5066
59.5083
59.512
59.5106
59.5253
59.9325
59.9154
59.916
59.9105
59.9077
59.9077
59.9105
59.916
59.9154
59.9325
60.2683
60.2324
60.2213
60.2061
60.1979
60.1979
60.2061
60.2213
60.2324
60.2683
60.317
60.2477
60.2144
60.183
60.1663
60.1663
60.183
60.2144
60.2477
60.317
60.169
60.0643
60.0065
59.9591
59.934
59.934
59.9591
60.0065
60.0643
60.169
59.9186
59.7833
59.7031
59.6423
59.6103
59.6103
59.6423
59.7031
59.7833
59.9186
59.6142
59.4566
59.3582
59.288
59.2512
59.2512
59.288
59.3582
59.4566
59.6142
59.2827
59.1149
59.0052
58.93
58.8908
58.8908
58.93
59.0052
59.1149
59.2827
58.9566
58.7863
58.6695
58.5922
58.5518
58.5518
58.5922
58.6695
58.7863
58.9566
58.7093
58.4768
58.3502
58.2696
58.2276
58.2276
58.2696
58.3502
58.4768
58.7093
54.7393
54.759
54.7838
54.7997
54.8082
54.8082
54.7997
54.7838
54.759
54.7393
54.9459
54.9692
54.9979
55.0161
55.0257
55.0257
55.0161
54.9979
54.9692
54.9459
55.1201
55.141
55.1692
55.1865
55.1956
55.1956
55.1865
55.1692
55.141
55.1201
55.2024
55.2127
55.234
55.2458
55.2519
55.2519
55.2458
55.234
55.2127
55.2024
55.2134
55.2093
55.2201
55.2244
55.2265
55.2265
55.2244
55.2201
55.2093
55.2134
55.1766
55.1576
55.157
55.1535
55.1515
55.1515
55.1535
55.157
55.1576
55.1766
55.1056
55.0738
55.0624
55.0522
55.0466
55.0466
55.0522
55.0624
55.0738
55.1056
55.0101
54.9702
54.9504
54.9351
54.9269
54.9269
54.9351
54.9503
54.9702
55.0101
54.9077
54.862
54.8342
54.8144
54.8037
54.8037
54.8144
54.8342
54.862
54.9077
54.8422
54.7543
54.7132
54.6863
54.6721
54.6721
54.6863
54.7132
54.7543
54.8422
51.4462
51.4461
51.4479
51.448
51.448
51.448
51.448
51.4479
51.4461
51.4462
51.5419
51.5453
51.5502
51.5523
51.5534
51.5534
51.5523
51.5502
51.5453
51.5419
51.6393
51.644
51.6505
51.6533
51.6547
51.6547
51.6533
51.6505
51.644
51.6393
51.7049
51.7075
51.7128
51.7145
51.7152
51.7152
51.7145
51.7128
51.7075
51.7049
51.7407
51.7389
51.7414
51.7407
51.7402
51.7402
51.7407
51.7414
51.7389
51.7407
51.7536
51.7464
51.7449
51.7415
51.7396
51.7396
51.7415
51.7449
51.7464
51.7536
51.7483
51.7359
51.7304
51.7244
51.721
51.721
51.7244
51.7304
51.7359
51.7483
51.729
51.7129
51.7039
51.6959
51.6914
51.6914
51.6959
51.7039
51.7129
51.729
51.7049
51.6854
51.6723
51.6618
51.6561
51.6561
51.6618
51.6723
51.6854
51.7049
51.6965
51.6551
51.6343
51.6199
51.6123
51.6123
51.6199
51.6343
51.6551
51.6965
48.0487
48.0517
48.0553
48.0574
48.0586
48.0586
48.0574
48.0553
48.0517
48.0487
48.0879
48.0925
48.0977
48.1008
48.1025
48.1025
48.1008
48.0977
48.0925
48.0879
48.1276
48.1332
48.1395
48.1434
48.1454
48.1454
48.1434
48.1395
48.1332
48.1275
48.1572
48.1626
48.169
48.1728
48.1748
48.1748
48.1728
48.169
48.1626
48.1572
48.1768
48.181
48.1867
48.1898
48.1914
48.1914
48.1898
48.1866
48.181
48.1768
48.1879
48.1902
48.1944
48.1965
48.1975
48.1975
48.1965
48.1944
48.1902
48.1879
48.1913
48.1915
48.1941
48.195
48.1954
48.1954
48.195
48.1941
48.1915
48.1913
48.1882
48.1868
48.1878
48.1876
48.1874
48.1874
48.1876
48.1878
48.1868
48.1882
48.1827
48.1795
48.1782
48.1765
48.1755
48.1755
48.1765
48.1782
48.1795
48.1827
48.1847
48.1704
48.1644
48.1602
48.1579
48.1579
48.1602
48.1644
48.1704
48.1847
44.7747
44.7751
44.7756
44.7757
44.7758
44.7758
44.7757
44.7756
44.7751
44.7747
44.7909
44.792
44.7933
44.7939
44.7942
44.7942
44.7939
44.7933
44.792
44.7909
44.8092
44.8111
44.813
44.814
44.8146
44.8146
44.814
44.813
44.8111
44.8092
44.825
44.8272
44.8294
44.8306
44.8312
44.8312
44.8306
44.8294
44.8272
44.825
44.8377
44.8398
44.842
44.843
44.8436
44.8436
44.843
44.842
44.8398
44.8377
44.8475
44.8491
44.851
44.8518
44.8522
44.8522
44.8518
44.851
44.8491
44.8475
44.8544
44.8555
44.857
44.8575
44.8576
44.8576
44.8575
44.857
44.8555
44.8544
44.8588
44.8594
44.8605
44.8606
44.8605
44.8605
44.8606
44.8605
44.8594
44.8588
44.8624
44.8623
44.8624
44.8619
44.8616
44.8616
44.8619
44.8624
44.8623
44.8624
44.8691
44.8642
44.8622
44.8606
44.8597
44.8597
44.8606
44.8622
44.8642
44.8691
41.4635
41.4641
41.4647
41.465
41.4652
41.4652
41.465
41.4647
41.4641
41.4635
41.4695
41.4704
41.4713
41.4719
41.4722
41.4722
41.4719
41.4713
41.4704
41.4695
41.4764
41.4776
41.4788
41.4796
41.48
41.48
41.4796
41.4788
41.4776
41.4764
41.4826
41.4841
41.4855
41.4864
41.4868
41.4868
41.4864
41.4855
41.4841
41.4826
41.488
41.4895
41.491
41.492
41.4924
41.4924
41.492
41.491
41.4895
41.488
41.4925
41.4939
41.4954
41.4963
41.4967
41.4967
41.4963
41.4954
41.4939
41.4925
41.496
41.4972
41.4986
41.4993
41.4997
41.4997
41.4993
41.4986
41.4972
41.496
41.4984
41.4995
41.5007
41.5013
41.5016
41.5016
41.5013
41.5007
41.4995
41.4984
41.5005
41.5013
41.5021
41.5024
41.5025
41.5025
41.5024
41.5021
41.5013
41.5005
41.5039
41.5026
41.5023
41.5021
41.5019
41.5019
41.5021
41.5023
41.5026
41.5039
38.1594
38.1595
38.1596
38.1596
38.1596
38.1596
38.1596
38.1596
38.1595
38.1594
38.1616
38.1618
38.162
38.1622
38.1622
38.1622
38.1622
38.162
38.1618
38.1616
38.1644
38.1648
38.1652
38.1654
38.1655
38.1655
38.1654
38.1652
38.1648
38.1644
38.1673
38.1679
38.1684
38.1687
38.1688
38.1688
38.1687
38.1684
38.1679
38.1673
38.1701
38.1708
38.1714
38.1717
38.1719
38.1719
38.1717
38.1714
38.1708
38.1701
38.1728
38.1735
38.1741
38.1745
38.1747
38.1747
38.1745
38.1741
38.1735
38.1728
38.1751
38.1759
38.1766
38.1769
38.1771
38.1771
38.1769
38.1766
38.1759
38.1751
38.1773
38.178
38.1786
38.179
38.1791
38.1791
38.179
38.1786
38.178
38.1773
38.1793
38.18
38.1805
38.1807
38.1808
38.1808
38.1807
38.1805
38.18
38.1793
38.1819
38.1818
38.1819
38.1819
38.1819
38.1819
38.1819
38.1819
38.1818
38.1819
34.8447
34.8448
34.8449
34.845
34.845
34.845
34.845
34.8449
34.8448
34.8447
34.8454
34.8456
34.8457
34.8458
34.8459
34.8459
34.8458
34.8457
34.8456
34.8454
34.8463
34.8466
34.8468
34.8469
34.847
34.847
34.8469
34.8468
34.8466
34.8463
34.8474
34.8477
34.8479
34.8481
34.8482
34.8482
34.8481
34.8479
34.8477
34.8474
34.8485
34.8488
34.8491
34.8493
34.8494
34.8494
34.8493
34.8491
34.8488
34.8485
34.8495
34.8499
34.8503
34.8505
34.8506
34.8506
34.8505
34.8503
34.8499
34.8495
34.8506
34.851
34.8514
34.8516
34.8517
34.8517
34.8516
34.8514
34.851
34.8506
34.8515
34.8519
34.8523
34.8525
34.8526
34.8526
34.8525
34.8523
34.8519
34.8515
34.8524
34.8528
34.8531
34.8533
34.8534
34.8534
34.8533
34.8531
34.8528
34.8524
34.8535
34.8536
34.8538
34.8538
34.8539
34.8539
34.8538
34.8537
34.8536
34.8535
31.5293
31.5293
31.5293
31.5293
31.5293
31.5293
31.5293
31.5293
31.5293
31.5293
31.5295
31.5295
31.5295
31.5295
31.5296
31.5296
31.5295
31.5295
31.5295
31.5295
31.5298
31.5299
31.5299
31.53
31.53
31.53
31.53
31.5299
31.5299
31.5298
31.5302
31.5303
31.5304
31.5305
31.5305
31.5305
31.5305
31.5304
31.5303
31.5302
31.5307
31.5309
31.531
31.5311
31.5311
31.5311
31.5311
31.531
31.5309
31.5307
31.5313
31.5315
31.5316
31.5317
31.5317
31.5317
31.5317
31.5316
31.5315
31.5313
31.5318
31.532
31.5322
31.5323
31.5324
31.5324
31.5323
31.5322
31.532
31.5318
31.5324
31.5326
31.5328
31.5329
31.533
31.533
31.5329
31.5328
31.5326
31.5324
31.533
31.5332
31.5334
31.5335
31.5335
31.5335
31.5335
31.5334
31.5332
31.533
31.5336
31.5338
31.5339
31.534
31.534
31.534
31.534
31.5339
31.5338
31.5336
28.2113
28.2113
28.2113
28.2113
28.2113
28.2113
28.2113
28.2113
28.2113
28.2113
28.2113
28.2114
28.2114
28.2114
28.2114
28.2114
28.2114
28.2114
28.2114
28.2113
28.2114
28.2114
28.2115
28.2115
28.2115
28.2115
28.2115
28.2115
28.2114
28.2114
28.2115
28.2116
28.2116
28.2117
28.2117
28.2117
28.2117
28.2116
28.2116
28.2115
28.2117
28.2118
28.2118
28.2119
28.2119
28.2119
28.2119
28.2118
28.2118
28.2117
28.2119
28.212
28.2121
28.2121
28.2121
28.2121
28.2121
28.2121
28.212
28.2119
28.2121
28.2122
28.2123
28.2124
28.2124
28.2124
28.2124
28.2123
28.2122
28.2121
28.2124
28.2125
28.2126
28.2126
28.2126
28.2126
28.2126
28.2126
28.2125
28.2124
28.2126
28.2127
28.2128
28.2129
28.2129
28.2129
28.2129
28.2128
28.2127
28.2126
28.2129
28.2129
28.213
28.2131
28.2131
28.2131
28.2131
28.213
28.2129
28.2129
24.8929
24.8929
24.8929
24.8929
24.8929
24.8929
24.8929
24.8929
24.8929
24.8929
24.8929
24.8929
24.8929
24.8929
24.8929
24.8929
24.8929
24.8929
24.8929
24.8929
24.8929
24.8929
24.8929
24.893
24.893
24.893
24.893
24.8929
24.8929
24.8929
24.893
24.893
24.893
24.893
24.893
24.893
24.893
24.893
24.893
24.893
24.8931
24.8931
24.8931
24.8931
24.8931
24.8931
24.8931
24.8931
24.8931
24.8931
24.8932
24.8932
24.8932
24.8932
24.8932
24.8932
24.8932
24.8932
24.8932
24.8932
24.8933
24.8933
24.8933
24.8934
24.8934
24.8934
24.8934
24.8933
24.8933
24.8933
24.8934
24.8934
24.8935
24.8935
24.8935
24.8935
24.8935
24.8935
24.8934
24.8934
24.8935
24.8936
24.8936
24.8936
24.8936
24.8936
24.8936
24.8936
24.8936
24.8935
24.8936
24.8937
24.8937
24.8938
24.8938
24.8938
24.8938
24.8937
24.8937
24.8936
21.574
21.574
21.574
21.574
21.574
21.574
21.574
21.574
21.574
21.574
21.574
21.574
21.574
21.574
21.574
21.574
21.574
21.574
21.574
21.574
21.574
21.574
21.574
21.574
21.574
21.574
21.574
21.574
21.574
21.574
21.574
21.574
21.574
21.574
21.574
21.574
21.574
21.574
21.574
21.574
21.574
21.5741
21.5741
21.5741
21.5741
21.5741
21.5741
21.5741
21.5741
21.574
21.5741
21.5741
21.5741
21.5741
21.5741
21.5741
21.5741
21.5741
21.5741
21.5741
21.5741
21.5741
21.5742
21.5742
21.5742
21.5742
21.5742
21.5742
21.5741
21.5741
21.5742
21.5742
21.5742
21.5742
21.5742
21.5742
21.5742
21.5742
21.5742
21.5742
21.5742
21.5742
21.5743
21.5743
21.5743
21.5743
21.5743
21.5743
21.5742
21.5742
21.5743
21.5743
21.5743
21.5743
21.5743
21.5743
21.5743
21.5743
21.5743
21.5743
18.2551
18.2551
18.2551
18.2551
18.2551
18.2551
18.2551
18.2551
18.2551
18.2551
18.255
18.255
18.255
18.255
18.255
18.255
18.255
18.255
18.255
18.255
18.255
18.255
18.255
18.255
18.255
18.255
18.255
18.255
18.255
18.255
18.255
18.255
18.255
18.255
18.255
18.255
18.255
18.255
18.255
18.255
18.255
18.2551
18.2551
18.2551
18.2551
18.2551
18.2551
18.2551
18.2551
18.255
18.2551
18.2551
18.2551
18.2551
18.2551
18.2551
18.2551
18.2551
18.2551
18.2551
18.2551
18.2551
18.2551
18.2551
18.2551
18.2551
18.2551
18.2551
18.2551
18.2551
18.2551
18.2551
18.2551
18.2551
18.2551
18.2551
18.2551
18.2551
18.2551
18.2551
18.2551
18.2551
18.2551
18.2552
18.2552
18.2552
18.2552
18.2551
18.2551
18.2551
18.2552
18.2552
18.2552
18.2552
18.2552
18.2552
18.2552
18.2552
18.2552
18.2552
14.936
14.936
14.936
14.936
14.936
14.936
14.936
14.936
14.936
14.936
14.936
14.936
14.936
14.936
14.936
14.936
14.936
14.936
14.936
14.936
14.936
14.936
14.936
14.936
14.936
14.936
14.936
14.936
14.936
14.936
14.936
14.936
14.936
14.936
14.936
14.936
14.936
14.936
14.936
14.936
14.936
14.936
14.936
14.936
14.936
14.936
14.936
14.936
14.936
14.936
14.936
14.936
14.936
14.936
14.936
14.936
14.936
14.936
14.936
14.936
14.936
14.936
14.936
14.936
14.936
14.936
14.936
14.936
14.936
14.936
14.936
14.936
14.936
14.936
14.936
14.936
14.936
14.936
14.936
14.936
14.936
14.936
14.936
14.936
14.936
14.936
14.936
14.936
14.936
14.936
14.936
14.936
14.936
14.936
14.936
14.936
14.936
14.936
14.936
14.936
11.6169
11.6169
11.6169
11.6169
11.6169
11.6169
11.6169
11.6169
11.6169
11.6169
11.6169
11.6169
11.6169
11.6169
11.6169
11.6169
11.6169
11.6169
11.6169
11.6169
11.6169
11.6169
11.6169
11.6169
11.6169
11.6169
11.6169
11.6169
11.6169
11.6169
11.6169
11.6169
11.6169
11.6169
11.6169
11.6169
11.6169
11.6169
11.6169
11.6169
11.6169
11.6169
11.6169
11.6169
11.6169
11.6169
11.6169
11.6169
11.6169
11.6169
11.6169
11.6169
11.6169
11.6169
11.6169
11.6169
11.6169
11.6169
11.6169
11.6169
11.6169
11.6169
11.6169
11.6169
11.6169
11.6169
11.6169
11.6169
11.6169
11.6169
11.6169
11.6169
11.6169
11.6169
11.6169
11.6169
11.6169
11.6169
11.6169
11.6169
11.6169
11.6169
11.6169
11.6169
11.6169
11.6169
11.6169
11.6169
11.6169
11.6169
11.6169
11.6169
11.6169
11.6169
11.6169
11.6169
11.6169
11.6169
11.6169
11.6169
8.29777
8.29777
8.29777
8.29777
8.29777
8.29777
8.29777
8.29777
8.29777
8.29777
8.29777
8.29777
8.29777
8.29777
8.29777
8.29777
8.29777
8.29777
8.29777
8.29777
8.29777
8.29777
8.29777
8.29777
8.29777
8.29777
8.29777
8.29777
8.29777
8.29777
8.29777
8.29777
8.29777
8.29777
8.29777
8.29777
8.29777
8.29777
8.29777
8.29777
8.29777
8.29777
8.29777
8.29777
8.29777
8.29777
8.29777
8.29777
8.29777
8.29777
8.29777
8.29777
8.29777
8.29777
8.29777
8.29777
8.29777
8.29777
8.29777
8.29777
8.29777
8.29777
8.29777
8.29777
8.29777
8.29777
8.29777
8.29777
8.29777
8.29777
8.29777
8.29777
8.29777
8.29777
8.29777
8.29777
8.29777
8.29777
8.29777
8.29777
8.29777
8.29777
8.29777
8.29777
8.29777
8.29777
8.29777
8.29777
8.29777
8.29777
8.29777
8.29777
8.29777
8.29777
8.29777
8.29777
8.29777
8.29777
8.29777
8.29777
4.97866
4.97866
4.97866
4.97866
4.97866
4.97866
4.97866
4.97866
4.97866
4.97866
4.97866
4.97866
4.97866
4.97866
4.97866
4.97866
4.97866
4.97866
4.97866
4.97866
4.97866
4.97866
4.97866
4.97866
4.97866
4.97866
4.97866
4.97866
4.97866
4.97866
4.97866
4.97866
4.97866
4.97866
4.97866
4.97866
4.97866
4.97866
4.97866
4.97866
4.97866
4.97866
4.97866
4.97866
4.97866
4.97866
4.97866
4.97866
4.97866
4.97866
4.97866
4.97866
4.97866
4.97866
4.97866
4.97866
4.97866
4.97866
4.97866
4.97866
4.97866
4.97866
4.97866
4.97866
4.97866
4.97866
4.97866
4.97866
4.97866
4.97866
4.97866
4.97866
4.97866
4.97866
4.97866
4.97866
4.97866
4.97866
4.97866
4.97866
4.97866
4.97866
4.97866
4.97866
4.97866
4.97866
4.97866
4.97866
4.97866
4.97866
4.97866
4.97866
4.97866
4.97866
4.97866
4.97866
4.97866
4.97866
4.97866
4.97866
1.65955
1.65955
1.65955
1.65955
1.65955
1.65955
1.65955
1.65955
1.65955
1.65955
1.65955
1.65955
1.65955
1.65955
1.65955
1.65955
1.65955
1.65955
1.65955
1.65955
1.65955
1.65955
1.65955
1.65955
1.65955
1.65955
1.65955
1.65955
1.65955
1.65955
1.65955
1.65955
1.65955
1.65955
1.65955
1.65955
1.65955
1.65955
1.65955
1.65955
1.65955
1.65955
1.65955
1.65955
1.65955
1.65955
1.65955
1.65955
1.65955
1.65955
1.65955
1.65955
1.65955
1.65955
1.65955
1.65955
1.65955
1.65955
1.65955
1.65955
1.65955
1.65955
1.65955
1.65955
1.65955
1.65955
1.65955
1.65955
1.65955
1.65955
1.65955
1.65955
1.65955
1.65955
1.65955
1.65955
1.65955
1.65955
1.65955
1.65955
1.65955
1.65955
1.65955
1.65955
1.65955
1.65955
1.65955
1.65955
1.65955
1.65955
1.65955
1.65955
1.65955
1.65955
1.65955
1.65955
1.65955
1.65955
1.65955
1.65955
62.1116
61.4245
60.9891
60.712
60.5745
60.5745
60.712
60.9891
61.4245
62.1116
61.4245
60.8375
60.3953
60.1003
59.9541
59.9541
60.1003
60.3953
60.8375
61.4245
60.9891
60.3953
59.9343
59.6271
59.4755
59.4755
59.6271
59.9343
60.3953
60.9891
60.712
60.1003
59.6271
59.3141
59.16
59.1601
59.3141
59.6271
60.1004
60.712
60.5745
59.9541
59.4755
59.16
59.005
59.005
59.1601
59.4755
59.9541
60.5745
60.5745
59.9541
59.4755
59.1601
59.005
59.005
59.1601
59.4755
59.9541
60.5745
60.712
60.1003
59.6271
59.3141
59.1601
59.1601
59.3141
59.6271
60.1004
60.712
60.9891
60.3953
59.9343
59.6271
59.4755
59.4755
59.6271
59.9343
60.3953
60.9891
61.4245
60.8375
60.3953
60.1004
59.9541
59.9541
60.1004
60.3953
60.8375
61.4245
62.1116
61.4245
60.9891
60.712
60.5745
60.5745
60.712
60.9891
61.4245
62.1116
59.8681
59.5895
59.4232
59.3138
59.2583
59.2583
59.3139
59.4232
59.5895
59.8681
59.5895
59.3677
59.1801
59.0494
58.9841
58.9841
59.0494
59.1801
59.3678
59.5895
59.4232
59.1801
58.9694
58.825
58.7536
58.7536
58.825
58.9694
59.1801
59.4232
59.3138
59.0494
58.825
58.6732
58.5985
58.5985
58.6732
58.825
59.0494
59.3139
59.2583
58.9841
58.7536
58.5985
58.5223
58.5223
58.5985
58.7536
58.9841
59.2583
59.2583
58.9841
58.7536
58.5985
58.5223
58.5223
58.5985
58.7536
58.9841
59.2583
59.3139
59.0494
58.825
58.6732
58.5985
58.5985
58.6732
58.825
59.0494
59.3139
59.4232
59.1801
58.9694
58.825
58.7536
58.7536
58.825
58.9694
59.1801
59.4233
59.5895
59.3678
59.1801
59.0494
58.9841
58.9841
59.0494
59.1801
59.3678
59.5895
59.8681
59.5895
59.4233
59.3139
59.2583
59.2583
59.3139
59.4233
59.5895
59.8681
58.3259
58.1724
58.0773
58.0113
57.9774
57.9774
58.0113
58.0773
58.1724
58.3259
58.1724
58.0492
57.9344
57.8515
57.8097
57.8097
57.8515
57.9344
58.0492
58.1724
58.0773
57.9344
57.8009
57.7074
57.661
57.661
57.7074
57.8009
57.9344
58.0773
58.0113
57.8515
57.7074
57.6086
57.5597
57.5597
57.6086
57.7074
57.8515
58.0113
57.9774
57.8097
57.661
57.5597
57.5097
57.5097
57.5597
57.661
57.8097
57.9774
57.9774
57.8097
57.661
57.5597
57.5097
57.5097
57.5597
57.661
57.8097
57.9774
58.0113
57.8515
57.7074
57.6086
57.5597
57.5597
57.6086
57.7074
57.8515
58.0113
58.0773
57.9344
57.8009
57.7074
57.661
57.661
57.7074
57.8009
57.9344
58.0773
58.1724
58.0492
57.9344
57.8515
57.8097
57.8097
57.8515
57.9344
58.0492
58.1724
58.3259
58.1724
58.0773
58.0113
57.9774
57.9774
58.0113
58.0773
58.1724
58.3259
54.6502
54.6132
54.5924
54.5758
54.5668
54.5668
54.5758
54.5924
54.6132
54.6502
54.6132
54.5851
54.549
54.5208
54.5065
54.5065
54.5208
54.549
54.5851
54.6132
54.5924
54.549
54.501
54.4663
54.4492
54.4492
54.4663
54.501
54.549
54.5924
54.5758
54.5208
54.4663
54.4284
54.4097
54.4097
54.4284
54.4663
54.5208
54.5758
54.5668
54.5065
54.4492
54.4097
54.3903
54.3903
54.4097
54.4492
54.5065
54.5669
54.5668
54.5065
54.4492
54.4097
54.3903
54.3903
54.4097
54.4492
54.5065
54.5669
54.5758
54.5208
54.4663
54.4284
54.4097
54.4097
54.4284
54.4663
54.5208
54.5758
54.5924
54.549
54.501
54.4663
54.4492
54.4492
54.4663
54.501
54.5491
54.5924
54.6132
54.5851
54.549
54.5208
54.5065
54.5065
54.5208
54.5491
54.5851
54.6133
54.6502
54.6132
54.5924
54.5758
54.5669
54.5669
54.5758
54.5924
54.6133
54.6502
51.5973
51.5887
51.5834
51.5777
51.5746
51.5746
51.5777
51.5834
51.5887
51.5973
51.5887
51.5833
51.57
51.5585
51.5525
51.5525
51.5585
51.57
51.5833
51.5887
51.5834
51.57
51.5505
51.5357
51.5284
51.5284
51.5358
51.5505
51.57
51.5834
51.5777
51.5585
51.5357
51.5195
51.5114
51.5114
51.5195
51.5358
51.5585
51.5777
51.5746
51.5525
51.5284
51.5114
51.503
51.503
51.5114
51.5284
51.5525
51.5746
51.5746
51.5525
51.5284
51.5114
51.503
51.503
51.5114
51.5284
51.5525
51.5746
51.5777
51.5585
51.5358
51.5195
51.5114
51.5114
51.5195
51.5358
51.5585
51.5777
51.5834
51.57
51.5505
51.5358
51.5284
51.5284
51.5358
51.5505
51.57
51.5834
51.5887
51.5833
51.57
51.5585
51.5525
51.5525
51.5585
51.57
51.5833
51.5887
51.5973
51.5887
51.5834
51.5777
51.5746
51.5746
51.5777
51.5834
51.5887
51.5973
48.138
48.1401
48.1418
48.1419
48.1418
48.1418
48.1419
48.1418
48.1401
48.138
48.1401
48.1423
48.1395
48.1363
48.1347
48.1347
48.1363
48.1395
48.1423
48.1401
48.1418
48.1395
48.1335
48.1287
48.1264
48.1264
48.1287
48.1335
48.1395
48.1418
48.1419
48.1363
48.1287
48.1232
48.1205
48.1205
48.1232
48.1287
48.1363
48.1419
48.1418
48.1347
48.1264
48.1205
48.1176
48.1176
48.1205
48.1264
48.1347
48.1418
48.1418
48.1347
48.1264
48.1205
48.1176
48.1176
48.1205
48.1264
48.1347
48.1418
48.1419
48.1363
48.1287
48.1232
48.1205
48.1205
48.1232
48.1287
48.1363
48.1419
48.1418
48.1395
48.1335
48.1287
48.1264
48.1264
48.1287
48.1335
48.1395
48.1418
48.1401
48.1423
48.1395
48.1363
48.1347
48.1347
48.1363
48.1395
48.1423
48.1401
48.138
48.1401
48.1418
48.1419
48.1418
48.1418
48.1419
48.1418
48.1401
48.138
44.8501
44.8535
44.8557
44.8566
44.857
44.857
44.8566
44.8557
44.8535
44.8501
44.8535
44.8569
44.8572
44.8569
44.8567
44.8567
44.8569
44.8572
44.8569
44.8535
44.8557
44.8572
44.8563
44.8553
44.8549
44.8549
44.8553
44.8563
44.8572
44.8557
44.8566
44.8569
44.8553
44.8541
44.8535
44.8535
44.8541
44.8553
44.8569
44.8566
44.857
44.8567
44.8549
44.8535
44.8528
44.8528
44.8535
44.8549
44.8567
44.857
44.857
44.8567
44.8549
44.8535
44.8528
44.8528
44.8535
44.8549
44.8567
44.857
44.8566
44.8569
44.8553
44.8541
44.8535
44.8535
44.8541
44.8553
44.8569
44.8566
44.8557
44.8572
44.8563
44.8553
44.8549
44.8549
44.8553
44.8563
44.8572
44.8557
44.8535
44.8569
44.8572
44.8569
44.8567
44.8567
44.8569
44.8572
44.8569
44.8535
44.8501
44.8535
44.8557
44.8566
44.857
44.857
44.8566
44.8557
44.8535
44.8501
41.4959
41.4981
41.4996
41.5004
41.5008
41.5008
41.5004
41.4996
41.4981
41.4959
41.4981
41.5002
41.5008
41.501
41.5011
41.5011
41.501
41.5008
41.5002
41.4981
41.4996
41.5008
41.5008
41.5007
41.5007
41.5007
41.5007
41.5008
41.5008
41.4996
41.5004
41.501
41.5007
41.5005
41.5004
41.5004
41.5005
41.5007
41.501
41.5004
41.5008
41.5011
41.5007
41.5004
41.5003
41.5003
41.5004
41.5007
41.5011
41.5008
41.5008
41.5011
41.5007
41.5004
41.5003
41.5003
41.5004
41.5007
41.5011
41.5008
41.5004
41.501
41.5007
41.5005
41.5004
41.5004
41.5005
41.5007
41.501
41.5004
41.4996
41.5008
41.5008
41.5007
41.5007
41.5007
41.5007
41.5008
41.5008
41.4996
41.4981
41.5002
41.5008
41.501
41.5011
41.5011
41.501
41.5008
41.5002
41.4981
41.4959
41.4981
41.4996
41.5004
41.5008
41.5008
41.5004
41.4996
41.4981
41.4959
38.1793
38.1808
38.1817
38.1822
38.1825
38.1825
38.1822
38.1817
38.1808
38.1793
38.1808
38.1821
38.1828
38.1831
38.1833
38.1833
38.1831
38.1828
38.1821
38.1808
38.1817
38.1828
38.1833
38.1835
38.1837
38.1837
38.1835
38.1833
38.1828
38.1817
38.1822
38.1831
38.1835
38.1837
38.1839
38.1839
38.1837
38.1835
38.1831
38.1822
38.1825
38.1833
38.1837
38.1839
38.184
38.184
38.1839
38.1837
38.1833
38.1825
38.1825
38.1833
38.1837
38.1839
38.184
38.184
38.1839
38.1837
38.1833
38.1825
38.1822
38.1831
38.1835
38.1837
38.1839
38.1839
38.1837
38.1835
38.1831
38.1822
38.1817
38.1828
38.1833
38.1835
38.1837
38.1837
38.1835
38.1833
38.1828
38.1817
38.1808
38.1821
38.1828
38.1831
38.1833
38.1833
38.1831
38.1828
38.1821
38.1808
38.1793
38.1808
38.1817
38.1822
38.1825
38.1825
38.1822
38.1817
38.1808
38.1793
34.8526
34.8533
34.8537
34.854
34.8542
34.8542
34.854
34.8537
34.8533
34.8526
34.8533
34.8539
34.8542
34.8544
34.8545
34.8545
34.8544
34.8542
34.8539
34.8533
34.8537
34.8542
34.8545
34.8547
34.8548
34.8548
34.8547
34.8545
34.8542
34.8537
34.854
34.8544
34.8547
34.8548
34.8549
34.8549
34.8548
34.8547
34.8544
34.854
34.8542
34.8545
34.8548
34.8549
34.855
34.855
34.8549
34.8548
34.8545
34.8542
34.8542
34.8545
34.8548
34.8549
34.855
34.855
34.8549
34.8548
34.8545
34.8542
34.854
34.8544
34.8547
34.8548
34.8549
34.8549
34.8548
34.8547
34.8544
34.854
34.8537
34.8542
34.8545
34.8547
34.8548
34.8548
34.8547
34.8545
34.8542
34.8537
34.8533
34.8539
34.8542
34.8544
34.8545
34.8545
34.8544
34.8542
34.8539
34.8533
34.8526
34.8533
34.8537
34.854
34.8542
34.8542
34.854
34.8537
34.8533
34.8526
31.5335
31.5338
31.5341
31.5342
31.5343
31.5343
31.5342
31.5341
31.5338
31.5335
31.5338
31.5342
31.5344
31.5346
31.5346
31.5346
31.5346
31.5344
31.5342
31.5338
31.5341
31.5344
31.5346
31.5348
31.5348
31.5348
31.5348
31.5346
31.5344
31.5341
31.5342
31.5346
31.5348
31.5349
31.535
31.535
31.5349
31.5348
31.5346
31.5342
31.5343
31.5346
31.5348
31.535
31.535
31.535
31.535
31.5348
31.5346
31.5343
31.5343
31.5346
31.5348
31.535
31.535
31.535
31.535
31.5348
31.5346
31.5343
31.5342
31.5346
31.5348
31.5349
31.535
31.535
31.5349
31.5348
31.5346
31.5342
31.5341
31.5344
31.5346
31.5348
31.5348
31.5348
31.5348
31.5346
31.5344
31.5341
31.5338
31.5342
31.5344
31.5346
31.5346
31.5346
31.5346
31.5344
31.5342
31.5338
31.5335
31.5338
31.5341
31.5342
31.5343
31.5343
31.5342
31.5341
31.5338
31.5335
28.2128
28.213
28.2131
28.2132
28.2132
28.2132
28.2132
28.2131
28.213
28.2128
28.213
28.2131
28.2132
28.2133
28.2133
28.2133
28.2133
28.2132
28.2131
28.213
28.2131
28.2132
28.2133
28.2134
28.2134
28.2134
28.2134
28.2133
28.2132
28.2131
28.2132
28.2133
28.2134
28.2135
28.2135
28.2135
28.2135
28.2134
28.2133
28.2132
28.2132
28.2133
28.2134
28.2135
28.2135
28.2135
28.2135
28.2134
28.2133
28.2132
28.2132
28.2133
28.2134
28.2135
28.2135
28.2135
28.2135
28.2134
28.2133
28.2132
28.2132
28.2133
28.2134
28.2135
28.2135
28.2135
28.2135
28.2134
28.2133
28.2132
28.2131
28.2132
28.2133
28.2134
28.2134
28.2134
28.2134
28.2133
28.2132
28.2131
28.213
28.2131
28.2132
28.2133
28.2133
28.2133
28.2133
28.2132
28.2131
28.213
28.2128
28.213
28.2131
28.2132
28.2132
28.2132
28.2132
28.2131
28.213
28.2128
24.8937
24.8938
24.8938
24.8938
24.8939
24.8939
24.8938
24.8938
24.8938
24.8937
24.8938
24.8938
24.8939
24.8939
24.8939
24.8939
24.8939
24.8939
24.8938
24.8938
24.8938
24.8939
24.8939
24.894
24.894
24.894
24.894
24.8939
24.8939
24.8938
24.8938
24.8939
24.894
24.894
24.894
24.894
24.894
24.894
24.8939
24.8938
24.8939
24.8939
24.894
24.894
24.8941
24.8941
24.894
24.894
24.8939
24.8939
24.8939
24.8939
24.894
24.894
24.8941
24.8941
24.894
24.894
24.8939
24.8939
24.8938
24.8939
24.894
24.894
24.894
24.894
24.894
24.894
24.8939
24.8938
24.8938
24.8939
24.8939
24.894
24.894
24.894
24.894
24.8939
24.8939
24.8938
24.8938
24.8938
24.8939
24.8939
24.8939
24.8939
24.8939
24.8939
24.8938
24.8938
24.8937
24.8938
24.8938
24.8938
24.8939
24.8939
24.8938
24.8938
24.8938
24.8937
21.5743
21.5743
21.5743
21.5744
21.5744
21.5744
21.5744
21.5743
21.5743
21.5743
21.5743
21.5744
21.5744
21.5744
21.5744
21.5744
21.5744
21.5744
21.5744
21.5743
21.5743
21.5744
21.5744
21.5744
21.5744
21.5744
21.5744
21.5744
21.5744
21.5743
21.5744
21.5744
21.5744
21.5744
21.5744
21.5744
21.5744
21.5744
21.5744
21.5744
21.5744
21.5744
21.5744
21.5744
21.5745
21.5745
21.5744
21.5744
21.5744
21.5744
21.5744
21.5744
21.5744
21.5744
21.5745
21.5745
21.5744
21.5744
21.5744
21.5744
21.5744
21.5744
21.5744
21.5744
21.5744
21.5744
21.5744
21.5744
21.5744
21.5744
21.5743
21.5744
21.5744
21.5744
21.5744
21.5744
21.5744
21.5744
21.5744
21.5743
21.5743
21.5744
21.5744
21.5744
21.5744
21.5744
21.5744
21.5744
21.5744
21.5743
21.5743
21.5743
21.5743
21.5744
21.5744
21.5744
21.5744
21.5743
21.5743
21.5743
18.2552
18.2552
18.2552
18.2552
18.2552
18.2552
18.2552
18.2552
18.2552
18.2552
18.2552
18.2552
18.2552
18.2552
18.2552
18.2552
18.2552
18.2552
18.2552
18.2552
18.2552
18.2552
18.2552
18.2552
18.2552
18.2552
18.2552
18.2552
18.2552
18.2552
18.2552
18.2552
18.2552
18.2552
18.2552
18.2552
18.2552
18.2552
18.2552
18.2552
18.2552
18.2552
18.2552
18.2552
18.2552
18.2552
18.2552
18.2552
18.2552
18.2552
18.2552
18.2552
18.2552
18.2552
18.2552
18.2552
18.2552
18.2552
18.2552
18.2552
18.2552
18.2552
18.2552
18.2552
18.2552
18.2552
18.2552
18.2552
18.2552
18.2552
18.2552
18.2552
18.2552
18.2552
18.2552
18.2552
18.2552
18.2552
18.2552
18.2552
18.2552
18.2552
18.2552
18.2552
18.2552
18.2552
18.2552
18.2552
18.2552
18.2552
18.2552
18.2552
18.2552
18.2552
18.2552
18.2552
18.2552
18.2552
18.2552
18.2552
14.936
14.936
14.936
14.936
14.936
14.936
14.936
14.936
14.936
14.936
14.936
14.936
14.936
14.936
14.936
14.936
14.936
14.936
14.936
14.936
14.936
14.936
14.936
14.936
14.936
14.936
14.936
14.936
14.936
14.936
14.936
14.936
14.936
14.936
14.936
14.936
14.936
14.936
14.936
14.936
14.936
14.936
14.936
14.936
14.936
14.936
14.936
14.936
14.936
14.936
14.936
14.936
14.936
14.936
14.936
14.936
14.936
14.936
14.936
14.936
14.936
14.936
14.936
14.936
14.936
14.936
14.936
14.936
14.936
14.936
14.936
14.936
14.936
14.936
14.936
14.936
14.936
14.936
14.936
14.936
14.936
14.936
14.936
14.936
14.936
14.936
14.936
14.936
14.936
14.936
14.936
14.936
14.936
14.936
14.936
14.936
14.936
14.936
14.936
14.936
11.6169
11.6169
11.6169
11.6169
11.6169
11.6169
11.6169
11.6169
11.6169
11.6169
11.6169
11.6169
11.6169
11.6169
11.6169
11.6169
11.6169
11.6169
11.6169
11.6169
11.6169
11.6169
11.6169
11.6169
11.6169
11.6169
11.6169
11.6169
11.6169
11.6169
11.6169
11.6169
11.6169
11.6169
11.6169
11.6169
11.6169
11.6169
11.6169
11.6169
11.6169
11.6169
11.6169
11.6169
11.6169
11.6169
11.6169
11.6169
11.6169
11.6169
11.6169
11.6169
11.6169
11.6169
11.6169
11.6169
11.6169
11.6169
11.6169
11.6169
11.6169
11.6169
11.6169
11.6169
11.6169
11.6169
11.6169
11.6169
11.6169
11.6169
11.6169
11.6169
11.6169
11.6169
11.6169
11.6169
11.6169
11.6169
11.6169
11.6169
11.6169
11.6169
11.6169
11.6169
11.6169
11.6169
11.6169
11.6169
11.6169
11.6169
11.6169
11.6169
11.6169
11.6169
11.6169
11.6169
11.6169
11.6169
11.6169
11.6169
8.29777
8.29777
8.29777
8.29777
8.29777
8.29777
8.29777
8.29777
8.29777
8.29777
8.29777
8.29777
8.29777
8.29777
8.29778
8.29777
8.29777
8.29777
8.29777
8.29777
8.29777
8.29777
8.29778
8.29778
8.29778
8.29778
8.29778
8.29777
8.29777
8.29777
8.29777
8.29777
8.29778
8.29778
8.29778
8.29778
8.29778
8.29777
8.29777
8.29777
8.29777
8.29778
8.29778
8.29778
8.29778
8.29778
8.29778
8.29778
8.29777
8.29777
8.29777
8.29777
8.29778
8.29778
8.29778
8.29778
8.29778
8.29777
8.29777
8.29777
8.29777
8.29777
8.29778
8.29778
8.29778
8.29778
8.29778
8.29777
8.29777
8.29777
8.29777
8.29777
8.29777
8.29777
8.29778
8.29777
8.29777
8.29777
8.29777
8.29777
8.29777
8.29777
8.29777
8.29777
8.29777
8.29777
8.29777
8.29777
8.29777
8.29777
8.29777
8.29777
8.29777
8.29777
8.29777
8.29777
8.29777
8.29777
8.29777
8.29777
4.97866
4.97866
4.97866
4.97866
4.97866
4.97866
4.97866
4.97866
4.97866
4.97866
4.97866
4.97866
4.97866
4.97866
4.97866
4.97865
4.97865
4.97865
4.97865
4.97866
4.97866
4.97866
4.97866
4.97865
4.97865
4.97865
4.97865
4.97865
4.97865
4.97865
4.97866
4.97866
4.97865
4.97865
4.97865
4.97865
4.97865
4.97865
4.97865
4.97865
4.97866
4.97866
4.97865
4.97865
4.97865
4.97865
4.97865
4.97865
4.97865
4.97865
4.97866
4.97865
4.97865
4.97865
4.97865
4.97865
4.97865
4.97865
4.97865
4.97865
4.97866
4.97865
4.97865
4.97865
4.97865
4.97865
4.97865
4.97865
4.97865
4.97865
4.97866
4.97865
4.97865
4.97865
4.97865
4.97865
4.97865
4.97865
4.97865
4.97865
4.97866
4.97865
4.97865
4.97865
4.97865
4.97865
4.97865
4.97865
4.97865
4.97865
4.97866
4.97866
4.97865
4.97865
4.97865
4.97865
4.97865
4.97865
4.97865
4.97865
1.65955
1.65954
1.65954
1.65954
1.65954
1.65954
1.65954
1.65954
1.65954
1.65954
1.65954
1.65954
1.65954
1.65954
1.65954
1.65954
1.65954
1.65954
1.65954
1.65954
1.65954
1.65954
1.65954
1.65954
1.65954
1.65954
1.65954
1.65954
1.65954
1.65954
1.65954
1.65954
1.65954
1.65954
1.65954
1.65954
1.65954
1.65954
1.65954
1.65954
1.65954
1.65954
1.65954
1.65954
1.65954
1.65954
1.65954
1.65954
1.65954
1.65954
1.65954
1.65954
1.65954
1.65954
1.65954
1.65954
1.65954
1.65954
1.65954
1.65954
1.65954
1.65954
1.65954
1.65954
1.65954
1.65954
1.65954
1.65954
1.65954
1.65954
1.65954
1.65954
1.65954
1.65954
1.65954
1.65954
1.65954
1.65954
1.65954
1.65954
1.65954
1.65954
1.65954
1.65954
1.65954
1.65954
1.65954
1.65954
1.65954
1.65954
1.65954
1.65954
1.65954
1.65954
1.65954
1.65954
1.65954
1.65954
1.65954
1.65954
)
;

boundaryField
{
    fixedWalls
    {
        type            zeroGradient;
    }
    inlet
    {
        type            fixedGradient;
        gradient        uniform 0;
    }
    outlet
    {
        type            fixedValue;
        value           uniform 0;
    }
}


// ************************************************************************* //
