/*--------------------------------*- C++ -*----------------------------------*\
| =========                 |                                                 |
| \\      /  F ield         | OpenFOAM: The Open Source CFD Toolbox           |
|  \\    /   O peration     | Version:  2106                                  |
|   \\  /    A nd           | Website:  www.openfoam.com                      |
|    \\/     M anipulation  |                                                 |
\*---------------------------------------------------------------------------*/
FoamFile
{
    version     2.0;
    format      ascii;
    arch        "LSB;label=32;scalar=64";
    class       volScalarField;
    location    "0.42";
    object      p;
}
// * * * * * * * * * * * * * * * * * * * * * * * * * * * * * * * * * * * * * //

dimensions      [0 2 -2 0 0 0 0];

internalField   nonuniform List<scalar> 
10000
(
101.621
101.039
100.673
100.405
100.267
100.267
100.405
100.673
101.039
101.621
92.4797
91.6295
91.0691
90.673
90.4689
90.4689
90.673
91.0691
91.6295
92.4797
84.8893
83.9108
83.2718
82.8266
82.5982
82.5982
82.8266
83.2718
83.9108
84.8893
79.6479
78.6428
77.9948
77.5501
77.3222
77.3222
77.5501
77.9948
78.6428
79.6479
75.7157
74.7183
74.0786
73.6483
73.428
73.428
73.6483
74.0786
74.7183
75.7157
72.533
71.5634
70.9402
70.5313
70.3224
70.3224
70.5313
70.9402
71.5634
72.533
69.9105
68.9897
68.3928
68.0117
67.8177
67.8177
68.0117
68.3928
68.9897
69.9105
67.7415
66.893
66.3347
65.9868
65.8105
65.8105
65.9868
66.3347
66.893
67.7415
65.945
65.1851
64.6783
64.3685
64.2116
64.2116
64.3685
64.6783
65.1851
65.945
64.5387
63.7823
63.3357
63.0643
62.9268
62.9268
63.0643
63.3357
63.7823
64.5387
65.5578
65.7303
65.918
66.0446
66.1101
66.1101
66.0446
65.918
65.7303
65.5578
65.9694
66.0633
66.1893
66.2701
66.3115
66.3115
66.2701
66.1893
66.0633
65.9694
65.9332
65.9292
65.9808
66.0084
66.0222
66.0222
66.0084
65.9808
65.9292
65.9332
65.5122
65.4179
65.4013
65.3822
65.3717
65.3717
65.3822
65.4013
65.4179
65.5122
64.9091
64.7409
64.6664
64.6098
64.5801
64.5801
64.6098
64.6664
64.7409
64.9091
64.2325
64.0088
63.8875
63.803
63.759
63.759
63.8031
63.8875
64.0088
64.2325
63.537
63.278
63.1232
63.0206
62.9675
62.9675
63.0206
63.1232
63.278
63.537
62.8539
62.5834
62.4105
62.2995
62.2423
62.2423
62.2995
62.4105
62.5834
62.8539
62.2177
61.952
61.7732
61.6613
61.6033
61.6033
61.6613
61.7732
61.952
62.2177
61.7283
61.3849
61.2029
61.0911
61.0329
61.0329
61.0911
61.2029
61.3849
61.7283
60.8541
60.8391
60.8401
60.8362
60.8345
60.8345
60.8362
60.8401
60.8391
60.8541
61.2544
61.2368
61.2368
61.231
61.228
61.228
61.231
61.2368
61.2368
61.2544
61.583
61.5465
61.5347
61.519
61.5106
61.5106
61.519
61.5347
61.5465
61.583
61.6267
61.5568
61.5227
61.491
61.4741
61.4741
61.491
61.5227
61.5568
61.6267
61.4753
61.3701
61.3117
61.2639
61.2386
61.2386
61.2639
61.3117
61.3701
61.4753
61.2225
61.087
61.0061
60.9451
60.9129
60.9129
60.9451
61.0061
61.087
61.2226
60.9167
60.7589
60.66
60.5895
60.5526
60.5526
60.5895
60.66
60.7589
60.9167
60.5844
60.4163
60.3061
60.2308
60.1915
60.1915
60.2308
60.3061
60.4163
60.5844
60.2573
60.087
59.9699
59.8926
59.8522
59.8522
59.8926
59.9699
60.087
60.2573
60.007
59.7768
59.6508
59.5705
59.5288
59.5288
59.5705
59.6508
59.7768
60.007
56.0075
56.0269
56.0515
56.0672
56.0756
56.0756
56.0672
56.0515
56.0269
56.0075
56.2091
56.2319
56.2602
56.2781
56.2876
56.2876
56.2781
56.2602
56.2319
56.2091
56.3779
56.3981
56.4258
56.4427
56.4516
56.4516
56.4427
56.4258
56.3981
56.3779
56.4558
56.4654
56.486
56.4975
56.5034
56.5034
56.4975
56.486
56.4654
56.4558
56.4634
56.4586
56.4687
56.4726
56.4745
56.4745
56.4726
56.4687
56.4586
56.4634
56.4237
56.4041
56.4027
56.3989
56.3967
56.3967
56.3989
56.4027
56.4041
56.4237
56.3504
56.3179
56.3057
56.2952
56.2895
56.2895
56.2952
56.3057
56.3179
56.3504
56.2529
56.2123
56.1918
56.1762
56.1678
56.1678
56.1762
56.1918
56.2123
56.2529
56.1484
56.1021
56.0738
56.0538
56.0429
56.0429
56.0538
56.0738
56.1021
56.1484
56.0794
55.9925
55.9515
55.9248
55.9106
55.9106
55.9248
55.9515
55.9925
56.0794
52.6426
52.6424
52.644
52.6439
52.6439
52.6439
52.6439
52.644
52.6424
52.6426
52.7352
52.7383
52.7429
52.7448
52.7458
52.7458
52.7448
52.7429
52.7383
52.7352
52.8291
52.8334
52.8395
52.8421
52.8434
52.8434
52.8421
52.8395
52.8334
52.8291
52.8918
52.8939
52.8988
52.9001
52.9007
52.9007
52.9001
52.8988
52.8939
52.8918
52.9252
52.9229
52.9248
52.9238
52.9231
52.9231
52.9238
52.9248
52.9229
52.9252
52.936
52.9282
52.9262
52.9225
52.9204
52.9204
52.9225
52.9262
52.9282
52.936
52.9288
52.9159
52.9098
52.9035
52.9
52.9
52.9035
52.9098
52.9159
52.9288
52.908
52.8913
52.8818
52.8734
52.8687
52.8687
52.8734
52.8818
52.8913
52.908
52.8823
52.8622
52.8486
52.8379
52.8321
52.8321
52.8379
52.8486
52.8622
52.8823
52.8712
52.8304
52.8095
52.7952
52.7876
52.7876
52.7952
52.8095
52.8304
52.8712
49.1683
49.1712
49.1747
49.1768
49.1779
49.1779
49.1768
49.1747
49.1712
49.1683
49.2058
49.2102
49.2152
49.2182
49.2199
49.2199
49.2182
49.2152
49.2102
49.2058
49.2434
49.2488
49.2549
49.2586
49.2606
49.2606
49.2586
49.2549
49.2488
49.2434
49.2712
49.2764
49.2825
49.2861
49.288
49.288
49.2861
49.2825
49.2764
49.2712
49.2893
49.2932
49.2985
49.3014
49.3029
49.3029
49.3014
49.2985
49.2932
49.2893
49.299
49.3009
49.3048
49.3066
49.3075
49.3075
49.3066
49.3048
49.3009
49.299
49.3011
49.3009
49.3031
49.3038
49.3041
49.3041
49.3038
49.3031
49.3009
49.3011
49.2969
49.295
49.2956
49.2952
49.2948
49.2948
49.2952
49.2956
49.295
49.2969
49.2901
49.2865
49.2848
49.283
49.2819
49.2819
49.283
49.2848
49.2865
49.2901
49.2903
49.2762
49.2701
49.2658
49.2635
49.2635
49.2658
49.2701
49.2762
49.2903
45.8162
45.8165
45.8169
45.817
45.8171
45.8171
45.817
45.8169
45.8165
45.8162
45.8314
45.8325
45.8337
45.8342
45.8345
45.8345
45.8342
45.8337
45.8325
45.8314
45.8488
45.8505
45.8523
45.8532
45.8537
45.8537
45.8532
45.8523
45.8505
45.8488
45.8636
45.8656
45.8677
45.8687
45.8693
45.8693
45.8687
45.8677
45.8656
45.8636
45.8754
45.8773
45.8793
45.8802
45.8807
45.8807
45.8802
45.8793
45.8773
45.8754
45.8844
45.8858
45.8875
45.8881
45.8885
45.8885
45.8881
45.8875
45.8858
45.8844
45.8905
45.8913
45.8926
45.8929
45.8931
45.8931
45.8929
45.8926
45.8913
45.8905
45.8943
45.8946
45.8953
45.8953
45.8952
45.8952
45.8953
45.8953
45.8946
45.8943
45.8971
45.8967
45.8965
45.8959
45.8955
45.8955
45.8959
45.8965
45.8967
45.8971
45.9027
45.8978
45.8957
45.894
45.8931
45.8931
45.894
45.8957
45.8978
45.9027
42.4266
42.4272
42.4277
42.4281
42.4282
42.4282
42.4281
42.4277
42.4272
42.4266
42.4323
42.4331
42.434
42.4345
42.4348
42.4348
42.4345
42.434
42.4331
42.4323
42.4386
42.4398
42.4409
42.4417
42.442
42.442
42.4417
42.4409
42.4398
42.4386
42.4444
42.4457
42.4471
42.4479
42.4484
42.4484
42.4479
42.4471
42.4457
42.4444
42.4494
42.4507
42.4521
42.453
42.4534
42.4534
42.453
42.4521
42.4507
42.4494
42.4534
42.4547
42.456
42.4568
42.4572
42.4572
42.4568
42.456
42.4547
42.4534
42.4564
42.4575
42.4587
42.4594
42.4597
42.4597
42.4594
42.4587
42.4575
42.4564
42.4584
42.4594
42.4604
42.4609
42.4611
42.4611
42.4609
42.4604
42.4594
42.4584
42.4601
42.4607
42.4613
42.4615
42.4616
42.4616
42.4615
42.4613
42.4607
42.4601
42.4629
42.4615
42.4612
42.4609
42.4607
42.4607
42.4609
42.4612
42.4615
42.4629
39.0446
39.0447
39.0448
39.0448
39.0448
39.0448
39.0448
39.0448
39.0447
39.0446
39.0466
39.0469
39.0471
39.0472
39.0473
39.0473
39.0472
39.0471
39.0469
39.0466
39.0493
39.0497
39.05
39.0502
39.0503
39.0503
39.0502
39.05
39.0497
39.0493
39.052
39.0525
39.053
39.0532
39.0534
39.0534
39.0532
39.053
39.0525
39.052
39.0546
39.0552
39.0558
39.0561
39.0562
39.0562
39.0561
39.0558
39.0552
39.0546
39.057
39.0577
39.0583
39.0586
39.0587
39.0587
39.0586
39.0583
39.0577
39.057
39.0592
39.0599
39.0604
39.0607
39.0609
39.0609
39.0607
39.0604
39.0599
39.0592
39.0611
39.0617
39.0623
39.0626
39.0627
39.0627
39.0626
39.0623
39.0617
39.0611
39.0629
39.0635
39.0639
39.0641
39.0642
39.0642
39.0641
39.0639
39.0635
39.0629
39.0652
39.065
39.0651
39.0651
39.065
39.065
39.0651
39.0651
39.065
39.0652
35.6524
35.6525
35.6526
35.6527
35.6527
35.6527
35.6527
35.6526
35.6525
35.6524
35.6531
35.6532
35.6534
35.6535
35.6535
35.6535
35.6535
35.6534
35.6532
35.6531
35.654
35.6542
35.6544
35.6545
35.6546
35.6546
35.6545
35.6544
35.6542
35.654
35.6549
35.6552
35.6554
35.6556
35.6557
35.6557
35.6556
35.6554
35.6552
35.6549
35.6559
35.6562
35.6565
35.6567
35.6568
35.6568
35.6567
35.6565
35.6562
35.6559
35.6569
35.6573
35.6576
35.6578
35.6579
35.6579
35.6578
35.6576
35.6573
35.6569
35.6578
35.6582
35.6585
35.6587
35.6588
35.6588
35.6587
35.6585
35.6582
35.6578
35.6586
35.659
35.6593
35.6595
35.6596
35.6596
35.6595
35.6593
35.659
35.6586
35.6594
35.6598
35.66
35.6602
35.6603
35.6603
35.6602
35.66
35.6598
35.6594
35.6603
35.6604
35.6606
35.6606
35.6607
35.6607
35.6606
35.6606
35.6604
35.6603
32.2598
32.2598
32.2598
32.2598
32.2598
32.2598
32.2598
32.2598
32.2598
32.2598
32.26
32.26
32.26
32.2601
32.2601
32.2601
32.2601
32.26
32.26
32.26
32.2603
32.2604
32.2604
32.2604
32.2605
32.2605
32.2604
32.2604
32.2604
32.2603
32.2607
32.2608
32.2609
32.2609
32.261
32.261
32.2609
32.2609
32.2608
32.2607
32.2612
32.2613
32.2614
32.2615
32.2615
32.2615
32.2615
32.2614
32.2613
32.2612
32.2617
32.2619
32.262
32.2621
32.2621
32.2621
32.2621
32.262
32.2619
32.2617
32.2622
32.2624
32.2625
32.2626
32.2627
32.2627
32.2626
32.2625
32.2624
32.2622
32.2627
32.2629
32.2631
32.2632
32.2632
32.2632
32.2632
32.2631
32.2629
32.2627
32.2632
32.2634
32.2636
32.2637
32.2637
32.2637
32.2637
32.2636
32.2634
32.2632
32.2638
32.2639
32.264
32.2641
32.2641
32.2641
32.2641
32.264
32.2639
32.2638
28.8648
28.8648
28.8648
28.8648
28.8648
28.8648
28.8648
28.8648
28.8648
28.8648
28.8648
28.8648
28.8649
28.8649
28.8649
28.8649
28.8649
28.8649
28.8648
28.8648
28.8649
28.8649
28.865
28.865
28.865
28.865
28.865
28.865
28.8649
28.8649
28.865
28.8651
28.8651
28.8651
28.8652
28.8652
28.8651
28.8651
28.8651
28.865
28.8652
28.8653
28.8653
28.8653
28.8654
28.8654
28.8653
28.8653
28.8653
28.8652
28.8654
28.8655
28.8655
28.8656
28.8656
28.8656
28.8656
28.8655
28.8655
28.8654
28.8656
28.8657
28.8658
28.8658
28.8658
28.8658
28.8658
28.8658
28.8657
28.8656
28.8658
28.8659
28.866
28.866
28.8661
28.8661
28.866
28.866
28.8659
28.8658
28.866
28.8661
28.8662
28.8662
28.8663
28.8663
28.8662
28.8662
28.8661
28.866
28.8662
28.8663
28.8664
28.8664
28.8664
28.8664
28.8664
28.8664
28.8663
28.8662
25.4695
25.4695
25.4695
25.4695
25.4695
25.4695
25.4695
25.4695
25.4695
25.4695
25.4695
25.4695
25.4695
25.4695
25.4695
25.4695
25.4695
25.4695
25.4695
25.4695
25.4695
25.4695
25.4695
25.4695
25.4695
25.4695
25.4695
25.4695
25.4695
25.4695
25.4696
25.4696
25.4696
25.4696
25.4696
25.4696
25.4696
25.4696
25.4696
25.4696
25.4696
25.4696
25.4697
25.4697
25.4697
25.4697
25.4697
25.4697
25.4696
25.4696
25.4697
25.4698
25.4698
25.4698
25.4698
25.4698
25.4698
25.4698
25.4698
25.4697
25.4698
25.4699
25.4699
25.4699
25.4699
25.4699
25.4699
25.4699
25.4699
25.4698
25.4699
25.47
25.47
25.47
25.47
25.47
25.47
25.47
25.47
25.4699
25.4701
25.4701
25.4701
25.4702
25.4702
25.4702
25.4702
25.4701
25.4701
25.4701
25.4702
25.4702
25.4703
25.4703
25.4703
25.4703
25.4703
25.4703
25.4702
25.4702
22.0737
22.0737
22.0737
22.0737
22.0737
22.0737
22.0737
22.0737
22.0737
22.0737
22.0737
22.0737
22.0737
22.0737
22.0737
22.0737
22.0737
22.0737
22.0737
22.0737
22.0737
22.0737
22.0737
22.0737
22.0737
22.0737
22.0737
22.0737
22.0737
22.0737
22.0737
22.0737
22.0737
22.0737
22.0737
22.0737
22.0737
22.0737
22.0737
22.0737
22.0737
22.0737
22.0737
22.0737
22.0737
22.0737
22.0737
22.0737
22.0737
22.0737
22.0738
22.0738
22.0738
22.0738
22.0738
22.0738
22.0738
22.0738
22.0738
22.0738
22.0738
22.0738
22.0738
22.0738
22.0738
22.0738
22.0738
22.0738
22.0738
22.0738
22.0738
22.0739
22.0739
22.0739
22.0739
22.0739
22.0739
22.0739
22.0739
22.0738
22.0739
22.0739
22.0739
22.0739
22.0739
22.0739
22.0739
22.0739
22.0739
22.0739
22.0739
22.0739
22.074
22.074
22.074
22.074
22.074
22.074
22.0739
22.0739
18.6778
18.6778
18.6778
18.6778
18.6778
18.6778
18.6778
18.6778
18.6778
18.6778
18.6778
18.6778
18.6778
18.6778
18.6778
18.6778
18.6778
18.6778
18.6778
18.6778
18.6778
18.6778
18.6778
18.6778
18.6778
18.6778
18.6778
18.6778
18.6778
18.6778
18.6778
18.6778
18.6778
18.6778
18.6778
18.6778
18.6778
18.6778
18.6778
18.6778
18.6778
18.6778
18.6778
18.6778
18.6778
18.6778
18.6778
18.6778
18.6778
18.6778
18.6779
18.6779
18.6779
18.6779
18.6779
18.6779
18.6779
18.6779
18.6779
18.6779
18.6779
18.6779
18.6779
18.6779
18.6779
18.6779
18.6779
18.6779
18.6779
18.6779
18.6779
18.6779
18.6779
18.6779
18.6779
18.6779
18.6779
18.6779
18.6779
18.6779
18.6779
18.6779
18.6779
18.6779
18.6779
18.6779
18.6779
18.6779
18.6779
18.6779
18.6779
18.6779
18.678
18.678
18.678
18.678
18.678
18.678
18.6779
18.6779
15.2819
15.2819
15.2819
15.2819
15.2819
15.2819
15.2819
15.2819
15.2819
15.2819
15.2819
15.2819
15.2819
15.2819
15.2819
15.2819
15.2819
15.2819
15.2819
15.2819
15.2819
15.2819
15.2819
15.2819
15.2819
15.2819
15.2819
15.2819
15.2819
15.2819
15.2819
15.2819
15.2819
15.2819
15.2819
15.2819
15.2819
15.2819
15.2819
15.2819
15.2819
15.2819
15.2819
15.2819
15.2819
15.2819
15.2819
15.2819
15.2819
15.2819
15.2819
15.2819
15.2819
15.2819
15.2819
15.2819
15.2819
15.2819
15.2819
15.2819
15.2819
15.2819
15.2819
15.2819
15.2819
15.2819
15.2819
15.2819
15.2819
15.2819
15.2819
15.2819
15.2819
15.2819
15.2819
15.2819
15.2819
15.2819
15.2819
15.2819
15.2819
15.2819
15.2819
15.2819
15.2819
15.2819
15.2819
15.2819
15.2819
15.2819
15.2819
15.2819
15.2819
15.2819
15.2819
15.2819
15.2819
15.2819
15.2819
15.2819
11.8859
11.8859
11.8859
11.8859
11.8859
11.8859
11.8859
11.8859
11.8859
11.8859
11.8859
11.8859
11.8859
11.8859
11.8859
11.8859
11.8859
11.8859
11.8859
11.8859
11.8859
11.8859
11.8859
11.8859
11.8859
11.8859
11.8859
11.8859
11.8859
11.8859
11.8859
11.8859
11.8859
11.8859
11.8859
11.8859
11.8859
11.8859
11.8859
11.8859
11.8859
11.8859
11.8859
11.8859
11.8859
11.8859
11.8859
11.8859
11.8859
11.8859
11.8859
11.8859
11.8859
11.8859
11.8859
11.8859
11.8859
11.8859
11.8859
11.8859
11.8859
11.8859
11.8859
11.8859
11.8859
11.8859
11.8859
11.8859
11.8859
11.8859
11.8859
11.8859
11.8859
11.8859
11.8859
11.8859
11.8859
11.8859
11.8859
11.8859
11.8859
11.8859
11.8859
11.8859
11.8859
11.8859
11.8859
11.8859
11.8859
11.8859
11.8859
11.8859
11.8859
11.8859
11.8859
11.8859
11.8859
11.8859
11.8859
11.8859
8.48994
8.48994
8.48994
8.48994
8.48994
8.48994
8.48994
8.48994
8.48994
8.48994
8.48994
8.48994
8.48994
8.48994
8.48994
8.48994
8.48994
8.48994
8.48994
8.48994
8.48994
8.48994
8.48994
8.48994
8.48994
8.48994
8.48994
8.48994
8.48994
8.48994
8.48994
8.48994
8.48994
8.48994
8.48994
8.48994
8.48994
8.48994
8.48994
8.48994
8.48994
8.48994
8.48994
8.48994
8.48994
8.48994
8.48994
8.48994
8.48994
8.48994
8.48994
8.48994
8.48994
8.48994
8.48994
8.48994
8.48994
8.48994
8.48994
8.48994
8.48994
8.48994
8.48994
8.48994
8.48994
8.48994
8.48994
8.48994
8.48994
8.48994
8.48994
8.48994
8.48994
8.48994
8.48994
8.48994
8.48994
8.48994
8.48994
8.48994
8.48994
8.48994
8.48994
8.48994
8.48994
8.48994
8.48994
8.48994
8.48994
8.48994
8.48994
8.48994
8.48994
8.48995
8.48995
8.48995
8.48994
8.48994
8.48994
8.48994
5.09396
5.09396
5.09396
5.09396
5.09396
5.09396
5.09396
5.09396
5.09396
5.09396
5.09396
5.09396
5.09396
5.09396
5.09396
5.09396
5.09396
5.09396
5.09396
5.09396
5.09396
5.09396
5.09396
5.09396
5.09396
5.09396
5.09396
5.09396
5.09396
5.09396
5.09396
5.09396
5.09396
5.09396
5.09396
5.09396
5.09396
5.09396
5.09396
5.09396
5.09396
5.09396
5.09396
5.09396
5.09396
5.09396
5.09396
5.09396
5.09396
5.09396
5.09396
5.09396
5.09396
5.09396
5.09396
5.09396
5.09396
5.09396
5.09396
5.09396
5.09396
5.09396
5.09396
5.09396
5.09396
5.09396
5.09396
5.09396
5.09396
5.09396
5.09396
5.09396
5.09396
5.09396
5.09396
5.09396
5.09396
5.09396
5.09396
5.09396
5.09396
5.09396
5.09396
5.09396
5.09396
5.09396
5.09396
5.09396
5.09396
5.09396
5.09396
5.09396
5.09396
5.09396
5.09396
5.09396
5.09396
5.09396
5.09396
5.09396
1.69799
1.69799
1.69799
1.69799
1.69799
1.69799
1.69799
1.69799
1.69799
1.69799
1.69798
1.69798
1.69798
1.69798
1.69798
1.69798
1.69798
1.69798
1.69798
1.69798
1.69798
1.69798
1.69798
1.69798
1.69798
1.69798
1.69798
1.69798
1.69798
1.69798
1.69798
1.69798
1.69798
1.69798
1.69798
1.69798
1.69798
1.69798
1.69798
1.69798
1.69798
1.69798
1.69798
1.69798
1.69798
1.69798
1.69798
1.69798
1.69798
1.69798
1.69798
1.69798
1.69798
1.69798
1.69798
1.69798
1.69798
1.69798
1.69798
1.69798
1.69798
1.69798
1.69798
1.69798
1.69798
1.69798
1.69798
1.69798
1.69798
1.69798
1.69798
1.69798
1.69798
1.69798
1.69798
1.69798
1.69798
1.69798
1.69798
1.69798
1.69798
1.69798
1.69798
1.69798
1.69798
1.69798
1.69798
1.69798
1.69798
1.69798
1.69798
1.69798
1.69798
1.69798
1.69798
1.69798
1.69798
1.69798
1.69798
1.69798
101.621
101.039
100.673
100.405
100.267
100.267
100.405
100.673
101.039
101.621
92.4797
91.6295
91.0691
90.673
90.4689
90.4689
90.673
91.0691
91.6295
92.4797
84.8893
83.9108
83.2718
82.8266
82.5982
82.5982
82.8266
83.2718
83.9108
84.8893
79.6479
78.6428
77.9948
77.5501
77.3222
77.3222
77.5501
77.9948
78.6428
79.6479
75.7157
74.7183
74.0786
73.6484
73.428
73.428
73.6484
74.0786
74.7183
75.7157
72.533
71.5634
70.9402
70.5313
70.3224
70.3224
70.5313
70.9402
71.5634
72.533
69.9105
68.9897
68.3928
68.0117
67.8177
67.8177
68.0117
68.3928
68.9898
69.9105
67.7415
66.893
66.3347
65.9869
65.8105
65.8105
65.9869
66.3347
66.893
67.7415
65.945
65.1851
64.6783
64.3685
64.2117
64.2117
64.3685
64.6783
65.1851
65.945
64.5387
63.7823
63.3357
63.0644
62.9269
62.9269
63.0644
63.3358
63.7823
64.5387
65.5578
65.7303
65.918
66.0446
66.1101
66.1101
66.0446
65.918
65.7303
65.5578
65.9694
66.0634
66.1893
66.2702
66.3115
66.3115
66.2702
66.1893
66.0634
65.9694
65.9332
65.9292
65.9808
66.0084
66.0222
66.0222
66.0084
65.9808
65.9292
65.9332
65.5122
65.4179
65.4013
65.3822
65.3717
65.3717
65.3822
65.4013
65.418
65.5122
64.9091
64.7409
64.6664
64.6098
64.5801
64.5801
64.6098
64.6664
64.7409
64.9091
64.2325
64.0088
63.8875
63.8031
63.759
63.759
63.8031
63.8875
64.0088
64.2325
63.537
63.278
63.1232
63.0206
62.9675
62.9675
63.0206
63.1232
63.278
63.537
62.8539
62.5834
62.4105
62.2996
62.2423
62.2423
62.2996
62.4105
62.5834
62.8539
62.2177
61.952
61.7733
61.6613
61.6033
61.6033
61.6613
61.7733
61.952
62.2177
61.7283
61.3849
61.2029
61.0911
61.0329
61.0329
61.0911
61.2029
61.3849
61.7283
60.8541
60.8391
60.8401
60.8362
60.8345
60.8345
60.8362
60.8401
60.8391
60.8541
61.2544
61.2368
61.2368
61.231
61.228
61.228
61.231
61.2368
61.2368
61.2544
61.583
61.5465
61.5347
61.519
61.5106
61.5107
61.519
61.5347
61.5465
61.583
61.6267
61.5568
61.5227
61.491
61.4741
61.4741
61.491
61.5227
61.5568
61.6267
61.4753
61.3701
61.3117
61.2639
61.2386
61.2386
61.2639
61.3117
61.3701
61.4753
61.2226
61.087
61.0061
60.9451
60.9129
60.9129
60.9451
61.0061
61.087
61.2226
60.9167
60.7589
60.66
60.5895
60.5526
60.5526
60.5895
60.66
60.7589
60.9167
60.5844
60.4163
60.3061
60.2308
60.1915
60.1915
60.2308
60.3061
60.4163
60.5844
60.2573
60.087
59.9699
59.8926
59.8522
59.8522
59.8926
59.9699
60.087
60.2573
60.007
59.7768
59.6508
59.5705
59.5288
59.5288
59.5705
59.6508
59.7768
60.0071
56.0075
56.0269
56.0515
56.0672
56.0756
56.0756
56.0672
56.0515
56.0269
56.0075
56.2091
56.2319
56.2602
56.2781
56.2876
56.2876
56.2781
56.2602
56.2319
56.2091
56.3779
56.3981
56.4258
56.4427
56.4516
56.4516
56.4427
56.4258
56.3982
56.3779
56.4558
56.4654
56.486
56.4975
56.5034
56.5034
56.4975
56.486
56.4655
56.4558
56.4634
56.4586
56.4687
56.4726
56.4745
56.4745
56.4726
56.4687
56.4586
56.4634
56.4237
56.4041
56.4027
56.3989
56.3967
56.3967
56.3989
56.4027
56.4041
56.4237
56.3504
56.3179
56.3057
56.2952
56.2895
56.2895
56.2952
56.3057
56.3179
56.3504
56.2529
56.2123
56.1918
56.1762
56.1678
56.1678
56.1762
56.1918
56.2123
56.2529
56.1484
56.1022
56.0738
56.0538
56.0429
56.0429
56.0538
56.0738
56.1022
56.1485
56.0794
55.9925
55.9515
55.9248
55.9106
55.9106
55.9248
55.9515
55.9925
56.0794
52.6426
52.6424
52.644
52.6439
52.644
52.644
52.6439
52.644
52.6424
52.6426
52.7352
52.7383
52.7429
52.7448
52.7458
52.7458
52.7448
52.7429
52.7383
52.7352
52.8291
52.8334
52.8395
52.8421
52.8434
52.8434
52.8421
52.8395
52.8334
52.8291
52.8918
52.8939
52.8988
52.9001
52.9007
52.9007
52.9001
52.8988
52.8939
52.8918
52.9252
52.9229
52.9248
52.9238
52.9231
52.9231
52.9238
52.9248
52.9229
52.9252
52.936
52.9282
52.9262
52.9225
52.9204
52.9204
52.9225
52.9262
52.9282
52.936
52.9288
52.9159
52.9098
52.9035
52.9
52.9
52.9035
52.9098
52.9159
52.9289
52.908
52.8913
52.8818
52.8734
52.8687
52.8687
52.8734
52.8818
52.8913
52.908
52.8823
52.8622
52.8486
52.838
52.8321
52.8321
52.838
52.8486
52.8622
52.8823
52.8712
52.8304
52.8096
52.7952
52.7876
52.7876
52.7952
52.8096
52.8304
52.8712
49.1683
49.1712
49.1747
49.1768
49.1779
49.1779
49.1768
49.1747
49.1712
49.1683
49.2058
49.2102
49.2152
49.2182
49.2199
49.2199
49.2182
49.2152
49.2102
49.2058
49.2434
49.2488
49.2549
49.2586
49.2606
49.2606
49.2586
49.2549
49.2488
49.2434
49.2712
49.2764
49.2825
49.2861
49.288
49.288
49.2861
49.2825
49.2764
49.2712
49.2893
49.2932
49.2985
49.3014
49.3029
49.3029
49.3014
49.2985
49.2932
49.2893
49.299
49.3009
49.3048
49.3066
49.3075
49.3075
49.3066
49.3048
49.3009
49.299
49.3011
49.3009
49.3031
49.3038
49.3041
49.3041
49.3038
49.3031
49.3009
49.3011
49.2969
49.295
49.2956
49.2952
49.2948
49.2948
49.2952
49.2956
49.2951
49.2969
49.2901
49.2865
49.2848
49.283
49.2819
49.2819
49.283
49.2848
49.2865
49.2901
49.2903
49.2762
49.2701
49.2658
49.2635
49.2635
49.2658
49.2701
49.2762
49.2903
45.8162
45.8165
45.8169
45.817
45.8171
45.8171
45.817
45.8169
45.8165
45.8162
45.8314
45.8325
45.8337
45.8342
45.8345
45.8345
45.8342
45.8337
45.8325
45.8314
45.8488
45.8505
45.8523
45.8532
45.8537
45.8537
45.8532
45.8523
45.8505
45.8488
45.8636
45.8656
45.8677
45.8687
45.8693
45.8693
45.8687
45.8677
45.8656
45.8636
45.8754
45.8773
45.8793
45.8802
45.8807
45.8807
45.8802
45.8793
45.8773
45.8754
45.8844
45.8858
45.8875
45.8881
45.8885
45.8885
45.8881
45.8875
45.8858
45.8844
45.8905
45.8913
45.8926
45.8929
45.8931
45.8931
45.8929
45.8926
45.8914
45.8905
45.8943
45.8946
45.8953
45.8953
45.8952
45.8952
45.8953
45.8953
45.8946
45.8943
45.8971
45.8967
45.8965
45.8959
45.8955
45.8955
45.8959
45.8965
45.8967
45.8971
45.9027
45.8978
45.8957
45.894
45.8931
45.8931
45.8941
45.8957
45.8978
45.9027
42.4266
42.4272
42.4277
42.4281
42.4282
42.4282
42.4281
42.4277
42.4272
42.4266
42.4323
42.4331
42.434
42.4345
42.4348
42.4348
42.4345
42.434
42.4331
42.4323
42.4386
42.4398
42.4409
42.4417
42.442
42.442
42.4417
42.4409
42.4398
42.4386
42.4444
42.4457
42.4471
42.4479
42.4484
42.4484
42.4479
42.4471
42.4457
42.4444
42.4494
42.4507
42.4521
42.453
42.4534
42.4534
42.453
42.4521
42.4507
42.4494
42.4534
42.4547
42.456
42.4568
42.4572
42.4572
42.4568
42.456
42.4547
42.4534
42.4564
42.4575
42.4588
42.4594
42.4597
42.4597
42.4594
42.4588
42.4575
42.4564
42.4584
42.4594
42.4604
42.4609
42.4611
42.4611
42.4609
42.4604
42.4594
42.4585
42.4601
42.4607
42.4613
42.4615
42.4616
42.4616
42.4615
42.4613
42.4607
42.4601
42.4629
42.4615
42.4612
42.4609
42.4607
42.4607
42.4609
42.4612
42.4615
42.4629
39.0446
39.0447
39.0448
39.0448
39.0448
39.0448
39.0448
39.0448
39.0447
39.0446
39.0466
39.0469
39.0471
39.0472
39.0473
39.0473
39.0472
39.0471
39.0469
39.0467
39.0493
39.0497
39.05
39.0502
39.0503
39.0503
39.0502
39.05
39.0497
39.0493
39.052
39.0525
39.053
39.0532
39.0534
39.0534
39.0532
39.053
39.0525
39.052
39.0546
39.0552
39.0558
39.0561
39.0562
39.0562
39.0561
39.0558
39.0552
39.0546
39.057
39.0577
39.0583
39.0586
39.0587
39.0587
39.0586
39.0583
39.0577
39.057
39.0592
39.0599
39.0604
39.0607
39.0609
39.0609
39.0607
39.0604
39.0599
39.0592
39.0611
39.0617
39.0623
39.0626
39.0627
39.0627
39.0626
39.0623
39.0617
39.0611
39.0629
39.0635
39.0639
39.0641
39.0642
39.0642
39.0641
39.0639
39.0635
39.0629
39.0652
39.065
39.0651
39.0651
39.065
39.065
39.0651
39.0651
39.065
39.0652
35.6524
35.6525
35.6526
35.6527
35.6527
35.6527
35.6527
35.6526
35.6525
35.6524
35.6531
35.6532
35.6534
35.6535
35.6535
35.6535
35.6535
35.6534
35.6532
35.6531
35.654
35.6542
35.6544
35.6545
35.6546
35.6546
35.6545
35.6544
35.6542
35.654
35.6549
35.6552
35.6554
35.6556
35.6557
35.6557
35.6556
35.6554
35.6552
35.6549
35.6559
35.6562
35.6565
35.6567
35.6568
35.6568
35.6567
35.6565
35.6562
35.6559
35.6569
35.6573
35.6576
35.6578
35.6579
35.6579
35.6578
35.6576
35.6573
35.6569
35.6578
35.6582
35.6585
35.6587
35.6588
35.6588
35.6587
35.6585
35.6582
35.6578
35.6586
35.659
35.6593
35.6595
35.6596
35.6596
35.6595
35.6593
35.659
35.6586
35.6594
35.6598
35.66
35.6602
35.6603
35.6603
35.6602
35.66
35.6598
35.6594
35.6603
35.6604
35.6606
35.6606
35.6607
35.6607
35.6606
35.6606
35.6604
35.6603
32.2598
32.2598
32.2598
32.2598
32.2598
32.2598
32.2598
32.2598
32.2598
32.2598
32.26
32.26
32.26
32.2601
32.2601
32.2601
32.2601
32.26
32.26
32.26
32.2603
32.2604
32.2604
32.2604
32.2605
32.2605
32.2604
32.2604
32.2604
32.2603
32.2607
32.2608
32.2609
32.2609
32.261
32.261
32.2609
32.2609
32.2608
32.2607
32.2612
32.2613
32.2614
32.2615
32.2615
32.2615
32.2615
32.2614
32.2613
32.2612
32.2617
32.2619
32.262
32.2621
32.2621
32.2621
32.2621
32.262
32.2619
32.2617
32.2622
32.2624
32.2625
32.2626
32.2627
32.2627
32.2626
32.2625
32.2624
32.2622
32.2627
32.2629
32.2631
32.2632
32.2632
32.2632
32.2632
32.2631
32.2629
32.2627
32.2632
32.2634
32.2636
32.2637
32.2637
32.2637
32.2637
32.2636
32.2635
32.2632
32.2638
32.2639
32.264
32.2641
32.2641
32.2641
32.2641
32.264
32.2639
32.2638
28.8648
28.8648
28.8648
28.8648
28.8648
28.8648
28.8648
28.8648
28.8648
28.8648
28.8648
28.8648
28.8649
28.8649
28.8649
28.8649
28.8649
28.8649
28.8648
28.8648
28.8649
28.8649
28.865
28.865
28.865
28.865
28.865
28.865
28.8649
28.8649
28.865
28.8651
28.8651
28.8651
28.8652
28.8652
28.8651
28.8651
28.8651
28.865
28.8652
28.8653
28.8653
28.8653
28.8654
28.8654
28.8653
28.8653
28.8653
28.8652
28.8654
28.8655
28.8655
28.8656
28.8656
28.8656
28.8656
28.8655
28.8655
28.8654
28.8656
28.8657
28.8658
28.8658
28.8658
28.8658
28.8658
28.8658
28.8657
28.8656
28.8658
28.8659
28.866
28.866
28.8661
28.8661
28.866
28.866
28.8659
28.8658
28.866
28.8661
28.8662
28.8662
28.8663
28.8663
28.8662
28.8662
28.8661
28.866
28.8662
28.8663
28.8664
28.8664
28.8664
28.8664
28.8664
28.8664
28.8663
28.8662
25.4695
25.4695
25.4695
25.4695
25.4695
25.4695
25.4695
25.4695
25.4695
25.4695
25.4695
25.4695
25.4695
25.4695
25.4695
25.4695
25.4695
25.4695
25.4695
25.4695
25.4695
25.4695
25.4695
25.4695
25.4695
25.4695
25.4695
25.4695
25.4695
25.4695
25.4696
25.4696
25.4696
25.4696
25.4696
25.4696
25.4696
25.4696
25.4696
25.4696
25.4696
25.4696
25.4697
25.4697
25.4697
25.4697
25.4697
25.4697
25.4696
25.4696
25.4697
25.4698
25.4698
25.4698
25.4698
25.4698
25.4698
25.4698
25.4698
25.4697
25.4698
25.4699
25.4699
25.4699
25.4699
25.4699
25.4699
25.4699
25.4699
25.4698
25.4699
25.47
25.47
25.47
25.47
25.47
25.47
25.47
25.47
25.4699
25.4701
25.4701
25.4701
25.4702
25.4702
25.4702
25.4702
25.4701
25.4701
25.4701
25.4702
25.4702
25.4703
25.4703
25.4703
25.4703
25.4703
25.4703
25.4702
25.4702
22.0737
22.0737
22.0737
22.0737
22.0737
22.0737
22.0737
22.0737
22.0737
22.0737
22.0737
22.0737
22.0737
22.0737
22.0737
22.0737
22.0737
22.0737
22.0737
22.0737
22.0737
22.0737
22.0737
22.0737
22.0737
22.0737
22.0737
22.0737
22.0737
22.0737
22.0737
22.0737
22.0737
22.0737
22.0737
22.0737
22.0737
22.0737
22.0737
22.0737
22.0737
22.0737
22.0737
22.0737
22.0737
22.0737
22.0737
22.0737
22.0737
22.0737
22.0738
22.0738
22.0738
22.0738
22.0738
22.0738
22.0738
22.0738
22.0738
22.0738
22.0738
22.0738
22.0738
22.0738
22.0738
22.0738
22.0738
22.0738
22.0738
22.0738
22.0738
22.0739
22.0739
22.0739
22.0739
22.0739
22.0739
22.0739
22.0739
22.0738
22.0739
22.0739
22.0739
22.0739
22.0739
22.0739
22.0739
22.0739
22.0739
22.0739
22.0739
22.0739
22.074
22.074
22.074
22.074
22.074
22.074
22.0739
22.0739
18.6778
18.6778
18.6778
18.6778
18.6778
18.6778
18.6778
18.6778
18.6778
18.6778
18.6778
18.6778
18.6778
18.6778
18.6778
18.6778
18.6778
18.6778
18.6778
18.6778
18.6778
18.6778
18.6778
18.6778
18.6778
18.6778
18.6778
18.6778
18.6778
18.6778
18.6778
18.6778
18.6778
18.6778
18.6778
18.6778
18.6778
18.6778
18.6778
18.6778
18.6778
18.6778
18.6778
18.6778
18.6778
18.6778
18.6778
18.6778
18.6778
18.6778
18.6779
18.6779
18.6779
18.6779
18.6779
18.6779
18.6779
18.6779
18.6779
18.6779
18.6779
18.6779
18.6779
18.6779
18.6779
18.6779
18.6779
18.6779
18.6779
18.6779
18.6779
18.6779
18.6779
18.6779
18.6779
18.6779
18.6779
18.6779
18.6779
18.6779
18.6779
18.6779
18.6779
18.6779
18.6779
18.6779
18.6779
18.6779
18.6779
18.6779
18.6779
18.6779
18.678
18.678
18.678
18.678
18.678
18.678
18.6779
18.6779
15.2819
15.2819
15.2819
15.2819
15.2819
15.2819
15.2819
15.2819
15.2819
15.2819
15.2819
15.2819
15.2819
15.2819
15.2819
15.2819
15.2819
15.2819
15.2819
15.2819
15.2819
15.2819
15.2819
15.2819
15.2819
15.2819
15.2819
15.2819
15.2819
15.2819
15.2819
15.2819
15.2819
15.2819
15.2819
15.2819
15.2819
15.2819
15.2819
15.2819
15.2819
15.2819
15.2819
15.2819
15.2819
15.2819
15.2819
15.2819
15.2819
15.2819
15.2819
15.2819
15.2819
15.2819
15.2819
15.2819
15.2819
15.2819
15.2819
15.2819
15.2819
15.2819
15.2819
15.2819
15.2819
15.2819
15.2819
15.2819
15.2819
15.2819
15.2819
15.2819
15.2819
15.2819
15.2819
15.2819
15.2819
15.2819
15.2819
15.2819
15.2819
15.2819
15.2819
15.2819
15.2819
15.2819
15.2819
15.2819
15.2819
15.2819
15.2819
15.2819
15.2819
15.2819
15.2819
15.2819
15.2819
15.2819
15.2819
15.2819
11.8859
11.8859
11.8859
11.8859
11.8859
11.8859
11.8859
11.8859
11.8859
11.8859
11.8859
11.8859
11.8859
11.8859
11.8859
11.8859
11.8859
11.8859
11.8859
11.8859
11.8859
11.8859
11.8859
11.8859
11.8859
11.8859
11.8859
11.8859
11.8859
11.8859
11.8859
11.8859
11.8859
11.8859
11.8859
11.8859
11.8859
11.8859
11.8859
11.8859
11.8859
11.8859
11.8859
11.8859
11.8859
11.8859
11.8859
11.8859
11.8859
11.8859
11.8859
11.8859
11.8859
11.8859
11.8859
11.8859
11.8859
11.8859
11.8859
11.8859
11.8859
11.8859
11.8859
11.8859
11.8859
11.8859
11.8859
11.8859
11.8859
11.8859
11.8859
11.8859
11.8859
11.8859
11.8859
11.8859
11.8859
11.8859
11.8859
11.8859
11.8859
11.8859
11.8859
11.8859
11.8859
11.8859
11.8859
11.8859
11.8859
11.8859
11.8859
11.8859
11.8859
11.8859
11.8859
11.8859
11.8859
11.8859
11.8859
11.8859
8.48994
8.48994
8.48994
8.48994
8.48994
8.48994
8.48994
8.48994
8.48994
8.48994
8.48994
8.48994
8.48994
8.48994
8.48994
8.48994
8.48994
8.48994
8.48994
8.48994
8.48994
8.48994
8.48994
8.48994
8.48994
8.48994
8.48994
8.48994
8.48994
8.48994
8.48994
8.48994
8.48994
8.48994
8.48994
8.48994
8.48994
8.48994
8.48994
8.48994
8.48994
8.48994
8.48994
8.48994
8.48994
8.48994
8.48994
8.48994
8.48994
8.48994
8.48994
8.48994
8.48994
8.48994
8.48994
8.48994
8.48994
8.48994
8.48994
8.48994
8.48994
8.48994
8.48994
8.48994
8.48994
8.48994
8.48994
8.48994
8.48994
8.48994
8.48994
8.48994
8.48994
8.48994
8.48994
8.48994
8.48994
8.48994
8.48994
8.48994
8.48994
8.48994
8.48994
8.48994
8.48994
8.48994
8.48994
8.48994
8.48994
8.48994
8.48994
8.48994
8.48994
8.48994
8.48994
8.48994
8.48994
8.48994
8.48994
8.48994
5.09396
5.09396
5.09396
5.09396
5.09396
5.09396
5.09396
5.09396
5.09396
5.09396
5.09396
5.09396
5.09396
5.09396
5.09396
5.09396
5.09396
5.09396
5.09396
5.09396
5.09396
5.09396
5.09396
5.09396
5.09396
5.09396
5.09396
5.09396
5.09396
5.09396
5.09396
5.09396
5.09396
5.09396
5.09396
5.09396
5.09396
5.09396
5.09396
5.09396
5.09396
5.09396
5.09396
5.09396
5.09396
5.09396
5.09396
5.09396
5.09396
5.09396
5.09396
5.09396
5.09396
5.09396
5.09396
5.09396
5.09396
5.09396
5.09396
5.09396
5.09396
5.09396
5.09396
5.09396
5.09396
5.09396
5.09396
5.09396
5.09396
5.09396
5.09396
5.09396
5.09396
5.09396
5.09396
5.09396
5.09396
5.09396
5.09396
5.09396
5.09396
5.09396
5.09396
5.09396
5.09396
5.09396
5.09396
5.09396
5.09396
5.09396
5.09396
5.09396
5.09396
5.09396
5.09396
5.09396
5.09396
5.09396
5.09396
5.09396
1.69799
1.69799
1.69799
1.69799
1.69799
1.69799
1.69799
1.69799
1.69799
1.69799
1.69798
1.69798
1.69798
1.69798
1.69798
1.69798
1.69798
1.69798
1.69798
1.69798
1.69798
1.69798
1.69798
1.69798
1.69798
1.69798
1.69798
1.69798
1.69798
1.69798
1.69798
1.69798
1.69798
1.69798
1.69798
1.69798
1.69798
1.69798
1.69798
1.69798
1.69798
1.69798
1.69798
1.69798
1.69798
1.69798
1.69798
1.69798
1.69798
1.69798
1.69798
1.69798
1.69798
1.69798
1.69798
1.69798
1.69798
1.69798
1.69798
1.69798
1.69798
1.69798
1.69798
1.69798
1.69798
1.69798
1.69798
1.69798
1.69798
1.69798
1.69798
1.69798
1.69798
1.69798
1.69798
1.69798
1.69798
1.69798
1.69798
1.69798
1.69798
1.69798
1.69798
1.69798
1.69798
1.69798
1.69798
1.69798
1.69798
1.69798
1.69798
1.69798
1.69798
1.69798
1.69798
1.69798
1.69798
1.69798
1.69798
1.69798
101.621
101.039
100.673
100.405
100.267
100.267
100.405
100.673
101.039
101.621
92.4797
91.6295
91.0691
90.673
90.4689
90.4689
90.673
91.0691
91.6295
92.4797
84.8893
83.9108
83.2718
82.8266
82.5982
82.5982
82.8266
83.2718
83.9108
84.8893
79.6479
78.6428
77.9948
77.5501
77.3222
77.3222
77.5501
77.9948
78.6428
79.6479
75.7157
74.7183
74.0786
73.6484
73.428
73.428
73.6484
74.0786
74.7183
75.7157
72.533
71.5634
70.9402
70.5313
70.3224
70.3224
70.5313
70.9402
71.5634
72.533
69.9105
68.9898
68.3928
68.0117
67.8177
67.8177
68.0117
68.3928
68.9897
69.9105
67.7415
66.893
66.3347
65.9869
65.8105
65.8105
65.9869
66.3347
66.893
67.7415
65.945
65.1851
64.6783
64.3685
64.2117
64.2117
64.3685
64.6783
65.1851
65.945
64.5387
63.7823
63.3358
63.0644
62.9269
62.9269
63.0644
63.3357
63.7823
64.5387
65.5578
65.7303
65.918
66.0446
66.1101
66.1101
66.0446
65.918
65.7303
65.5578
65.9694
66.0634
66.1893
66.2702
66.3115
66.3115
66.2702
66.1893
66.0634
65.9694
65.9332
65.9292
65.9808
66.0084
66.0222
66.0222
66.0084
65.9808
65.9292
65.9332
65.5122
65.418
65.4013
65.3822
65.3717
65.3717
65.3822
65.4013
65.4179
65.5122
64.9091
64.7409
64.6664
64.6098
64.5801
64.5801
64.6098
64.6664
64.7409
64.9091
64.2325
64.0088
63.8875
63.8031
63.759
63.759
63.8031
63.8875
64.0088
64.2325
63.537
63.278
63.1232
63.0206
62.9675
62.9675
63.0206
63.1232
63.278
63.537
62.8539
62.5834
62.4105
62.2996
62.2423
62.2423
62.2996
62.4105
62.5834
62.8539
62.2177
61.952
61.7733
61.6613
61.6033
61.6033
61.6613
61.7733
61.952
62.2177
61.7283
61.3849
61.2029
61.0911
61.0329
61.0329
61.0911
61.2029
61.3849
61.7283
60.8541
60.8391
60.8401
60.8362
60.8345
60.8345
60.8362
60.8401
60.8391
60.8541
61.2544
61.2368
61.2368
61.231
61.228
61.228
61.231
61.2368
61.2368
61.2544
61.583
61.5465
61.5347
61.519
61.5107
61.5106
61.519
61.5347
61.5465
61.583
61.6267
61.5568
61.5227
61.491
61.4741
61.4741
61.491
61.5227
61.5568
61.6267
61.4753
61.3701
61.3117
61.2639
61.2386
61.2386
61.2639
61.3117
61.3701
61.4753
61.2226
61.087
61.0061
60.9451
60.9129
60.9129
60.9451
61.0061
61.087
61.2226
60.9167
60.7589
60.66
60.5895
60.5526
60.5526
60.5895
60.66
60.7589
60.9167
60.5844
60.4163
60.3061
60.2308
60.1915
60.1915
60.2308
60.3061
60.4163
60.5844
60.2573
60.087
59.9699
59.8926
59.8522
59.8522
59.8926
59.9699
60.087
60.2573
60.0071
59.7768
59.6508
59.5705
59.5288
59.5288
59.5705
59.6508
59.7768
60.007
56.0075
56.0269
56.0515
56.0672
56.0756
56.0756
56.0672
56.0515
56.0269
56.0075
56.2091
56.2319
56.2602
56.2781
56.2876
56.2876
56.2781
56.2602
56.2319
56.2091
56.3779
56.3982
56.4258
56.4427
56.4516
56.4516
56.4427
56.4258
56.3981
56.3779
56.4558
56.4655
56.486
56.4975
56.5034
56.5034
56.4975
56.486
56.4654
56.4558
56.4634
56.4586
56.4687
56.4726
56.4745
56.4745
56.4726
56.4687
56.4586
56.4634
56.4237
56.4041
56.4027
56.3989
56.3967
56.3967
56.3989
56.4027
56.4041
56.4237
56.3504
56.3179
56.3057
56.2952
56.2895
56.2895
56.2952
56.3057
56.3179
56.3504
56.2529
56.2123
56.1918
56.1762
56.1678
56.1678
56.1762
56.1918
56.2123
56.2529
56.1485
56.1022
56.0738
56.0538
56.0429
56.0429
56.0538
56.0738
56.1022
56.1484
56.0794
55.9925
55.9515
55.9248
55.9106
55.9106
55.9248
55.9515
55.9925
56.0794
52.6426
52.6424
52.644
52.6439
52.644
52.644
52.6439
52.644
52.6424
52.6426
52.7352
52.7383
52.7429
52.7448
52.7458
52.7458
52.7448
52.7429
52.7383
52.7352
52.8291
52.8334
52.8395
52.8421
52.8434
52.8434
52.8421
52.8395
52.8334
52.8291
52.8918
52.8939
52.8988
52.9001
52.9007
52.9007
52.9001
52.8988
52.8939
52.8918
52.9252
52.9229
52.9248
52.9238
52.9231
52.9231
52.9238
52.9248
52.9229
52.9252
52.936
52.9282
52.9262
52.9225
52.9204
52.9204
52.9225
52.9262
52.9282
52.936
52.9289
52.9159
52.9098
52.9035
52.9
52.9
52.9035
52.9098
52.9159
52.9288
52.908
52.8913
52.8818
52.8734
52.8687
52.8687
52.8734
52.8818
52.8913
52.908
52.8823
52.8622
52.8486
52.838
52.8321
52.8321
52.838
52.8486
52.8622
52.8823
52.8712
52.8304
52.8096
52.7952
52.7876
52.7876
52.7952
52.8096
52.8304
52.8712
49.1683
49.1712
49.1747
49.1768
49.1779
49.1779
49.1768
49.1747
49.1712
49.1683
49.2058
49.2102
49.2152
49.2182
49.2199
49.2199
49.2182
49.2152
49.2102
49.2058
49.2434
49.2488
49.2549
49.2586
49.2606
49.2606
49.2586
49.2549
49.2488
49.2434
49.2712
49.2764
49.2825
49.2861
49.288
49.288
49.2861
49.2825
49.2764
49.2712
49.2893
49.2932
49.2985
49.3014
49.3029
49.3029
49.3014
49.2985
49.2932
49.2893
49.299
49.3009
49.3048
49.3066
49.3075
49.3075
49.3066
49.3048
49.3009
49.299
49.3011
49.3009
49.3031
49.3038
49.3041
49.3041
49.3038
49.3031
49.3009
49.3011
49.2969
49.2951
49.2956
49.2952
49.2948
49.2948
49.2952
49.2956
49.295
49.2969
49.2901
49.2865
49.2848
49.283
49.2819
49.2819
49.283
49.2848
49.2865
49.2901
49.2903
49.2762
49.2701
49.2658
49.2635
49.2635
49.2658
49.2701
49.2762
49.2903
45.8162
45.8165
45.8169
45.817
45.8171
45.8171
45.817
45.8169
45.8165
45.8162
45.8314
45.8325
45.8337
45.8342
45.8345
45.8345
45.8342
45.8337
45.8325
45.8314
45.8488
45.8505
45.8523
45.8532
45.8537
45.8537
45.8532
45.8523
45.8505
45.8488
45.8636
45.8656
45.8677
45.8687
45.8693
45.8693
45.8687
45.8677
45.8656
45.8636
45.8754
45.8773
45.8793
45.8802
45.8807
45.8807
45.8802
45.8793
45.8773
45.8754
45.8844
45.8858
45.8875
45.8882
45.8885
45.8885
45.8881
45.8875
45.8858
45.8844
45.8905
45.8914
45.8926
45.8929
45.8931
45.8931
45.8929
45.8926
45.8913
45.8905
45.8943
45.8946
45.8953
45.8953
45.8952
45.8952
45.8953
45.8953
45.8946
45.8943
45.8971
45.8967
45.8965
45.8959
45.8955
45.8955
45.8959
45.8965
45.8967
45.8971
45.9027
45.8978
45.8957
45.8941
45.8931
45.8931
45.894
45.8957
45.8978
45.9027
42.4266
42.4272
42.4277
42.4281
42.4282
42.4282
42.4281
42.4277
42.4272
42.4266
42.4323
42.4331
42.434
42.4345
42.4348
42.4348
42.4345
42.434
42.4331
42.4323
42.4386
42.4398
42.4409
42.4417
42.442
42.442
42.4417
42.4409
42.4398
42.4386
42.4444
42.4457
42.4471
42.4479
42.4484
42.4484
42.4479
42.4471
42.4457
42.4444
42.4494
42.4507
42.4521
42.453
42.4534
42.4534
42.453
42.4521
42.4507
42.4494
42.4534
42.4547
42.456
42.4568
42.4572
42.4572
42.4568
42.456
42.4547
42.4534
42.4564
42.4575
42.4588
42.4594
42.4597
42.4597
42.4594
42.4588
42.4575
42.4564
42.4585
42.4594
42.4604
42.4609
42.4611
42.4611
42.4609
42.4604
42.4594
42.4584
42.4601
42.4607
42.4613
42.4615
42.4616
42.4616
42.4615
42.4613
42.4607
42.4601
42.4629
42.4615
42.4612
42.4609
42.4607
42.4607
42.4609
42.4612
42.4615
42.4629
39.0446
39.0447
39.0448
39.0448
39.0448
39.0448
39.0448
39.0448
39.0447
39.0446
39.0467
39.0469
39.0471
39.0472
39.0473
39.0473
39.0472
39.0471
39.0469
39.0466
39.0493
39.0497
39.05
39.0502
39.0503
39.0503
39.0502
39.05
39.0497
39.0493
39.052
39.0525
39.053
39.0532
39.0534
39.0534
39.0532
39.053
39.0525
39.052
39.0546
39.0552
39.0558
39.0561
39.0562
39.0562
39.0561
39.0558
39.0552
39.0546
39.057
39.0577
39.0583
39.0586
39.0587
39.0587
39.0586
39.0583
39.0577
39.057
39.0592
39.0599
39.0604
39.0607
39.0609
39.0609
39.0607
39.0604
39.0599
39.0592
39.0611
39.0617
39.0623
39.0626
39.0627
39.0627
39.0626
39.0623
39.0617
39.0611
39.0629
39.0635
39.0639
39.0641
39.0642
39.0642
39.0641
39.0639
39.0635
39.0629
39.0652
39.065
39.0651
39.0651
39.065
39.065
39.0651
39.0651
39.065
39.0652
35.6524
35.6525
35.6526
35.6527
35.6527
35.6527
35.6527
35.6526
35.6525
35.6524
35.6531
35.6532
35.6534
35.6535
35.6535
35.6535
35.6535
35.6534
35.6532
35.6531
35.654
35.6542
35.6544
35.6545
35.6546
35.6546
35.6545
35.6544
35.6542
35.654
35.6549
35.6552
35.6554
35.6556
35.6557
35.6557
35.6556
35.6554
35.6552
35.6549
35.6559
35.6562
35.6565
35.6567
35.6568
35.6568
35.6567
35.6565
35.6562
35.6559
35.6569
35.6573
35.6576
35.6578
35.6579
35.6579
35.6578
35.6576
35.6573
35.6569
35.6578
35.6582
35.6585
35.6587
35.6588
35.6588
35.6587
35.6585
35.6582
35.6578
35.6586
35.659
35.6593
35.6595
35.6596
35.6596
35.6595
35.6593
35.659
35.6586
35.6594
35.6598
35.66
35.6602
35.6603
35.6603
35.6602
35.66
35.6598
35.6594
35.6603
35.6604
35.6606
35.6606
35.6607
35.6607
35.6606
35.6606
35.6604
35.6603
32.2598
32.2598
32.2598
32.2598
32.2598
32.2598
32.2598
32.2598
32.2598
32.2598
32.26
32.26
32.26
32.2601
32.2601
32.2601
32.2601
32.26
32.26
32.26
32.2603
32.2604
32.2604
32.2604
32.2605
32.2605
32.2604
32.2604
32.2604
32.2603
32.2607
32.2608
32.2609
32.2609
32.261
32.261
32.2609
32.2609
32.2608
32.2607
32.2612
32.2613
32.2614
32.2615
32.2615
32.2615
32.2615
32.2614
32.2613
32.2612
32.2617
32.2619
32.262
32.2621
32.2621
32.2621
32.2621
32.262
32.2619
32.2617
32.2622
32.2624
32.2625
32.2626
32.2627
32.2627
32.2626
32.2625
32.2624
32.2622
32.2627
32.2629
32.2631
32.2632
32.2632
32.2632
32.2632
32.2631
32.2629
32.2627
32.2632
32.2635
32.2636
32.2637
32.2637
32.2637
32.2637
32.2636
32.2634
32.2632
32.2638
32.2639
32.264
32.2641
32.2641
32.2641
32.2641
32.264
32.2639
32.2638
28.8648
28.8648
28.8648
28.8648
28.8648
28.8648
28.8648
28.8648
28.8648
28.8648
28.8648
28.8648
28.8649
28.8649
28.8649
28.8649
28.8649
28.8649
28.8648
28.8648
28.8649
28.8649
28.865
28.865
28.865
28.865
28.865
28.865
28.8649
28.8649
28.865
28.8651
28.8651
28.8651
28.8652
28.8652
28.8651
28.8651
28.8651
28.865
28.8652
28.8653
28.8653
28.8653
28.8654
28.8654
28.8653
28.8653
28.8653
28.8652
28.8654
28.8655
28.8655
28.8656
28.8656
28.8656
28.8656
28.8655
28.8655
28.8654
28.8656
28.8657
28.8658
28.8658
28.8658
28.8658
28.8658
28.8658
28.8657
28.8656
28.8658
28.8659
28.866
28.866
28.8661
28.8661
28.866
28.866
28.8659
28.8658
28.866
28.8661
28.8662
28.8662
28.8663
28.8663
28.8662
28.8662
28.8661
28.866
28.8662
28.8663
28.8664
28.8664
28.8664
28.8664
28.8664
28.8664
28.8663
28.8662
25.4695
25.4695
25.4695
25.4695
25.4695
25.4695
25.4695
25.4695
25.4695
25.4695
25.4695
25.4695
25.4695
25.4695
25.4695
25.4695
25.4695
25.4695
25.4695
25.4695
25.4695
25.4695
25.4695
25.4695
25.4695
25.4695
25.4695
25.4695
25.4695
25.4695
25.4696
25.4696
25.4696
25.4696
25.4696
25.4696
25.4696
25.4696
25.4696
25.4696
25.4696
25.4696
25.4697
25.4697
25.4697
25.4697
25.4697
25.4697
25.4696
25.4696
25.4697
25.4698
25.4698
25.4698
25.4698
25.4698
25.4698
25.4698
25.4698
25.4697
25.4698
25.4699
25.4699
25.4699
25.4699
25.4699
25.4699
25.4699
25.4699
25.4698
25.4699
25.47
25.47
25.47
25.47
25.47
25.47
25.47
25.47
25.4699
25.4701
25.4701
25.4701
25.4702
25.4702
25.4702
25.4702
25.4701
25.4701
25.4701
25.4702
25.4702
25.4703
25.4703
25.4703
25.4703
25.4703
25.4703
25.4702
25.4702
22.0737
22.0737
22.0737
22.0737
22.0737
22.0737
22.0737
22.0737
22.0737
22.0737
22.0737
22.0737
22.0737
22.0737
22.0737
22.0737
22.0737
22.0737
22.0737
22.0737
22.0737
22.0737
22.0737
22.0737
22.0737
22.0737
22.0737
22.0737
22.0737
22.0737
22.0737
22.0737
22.0737
22.0737
22.0737
22.0737
22.0737
22.0737
22.0737
22.0737
22.0737
22.0737
22.0737
22.0737
22.0737
22.0737
22.0737
22.0737
22.0737
22.0737
22.0738
22.0738
22.0738
22.0738
22.0738
22.0738
22.0738
22.0738
22.0738
22.0738
22.0738
22.0738
22.0738
22.0738
22.0738
22.0738
22.0738
22.0738
22.0738
22.0738
22.0738
22.0739
22.0739
22.0739
22.0739
22.0739
22.0739
22.0739
22.0739
22.0738
22.0739
22.0739
22.0739
22.0739
22.0739
22.0739
22.0739
22.0739
22.0739
22.0739
22.0739
22.0739
22.074
22.074
22.074
22.074
22.074
22.074
22.0739
22.0739
18.6778
18.6778
18.6778
18.6778
18.6778
18.6778
18.6778
18.6778
18.6778
18.6778
18.6778
18.6778
18.6778
18.6778
18.6778
18.6778
18.6778
18.6778
18.6778
18.6778
18.6778
18.6778
18.6778
18.6778
18.6778
18.6778
18.6778
18.6778
18.6778
18.6778
18.6778
18.6778
18.6778
18.6778
18.6778
18.6778
18.6778
18.6778
18.6778
18.6778
18.6778
18.6778
18.6778
18.6778
18.6778
18.6778
18.6778
18.6778
18.6778
18.6778
18.6779
18.6779
18.6779
18.6779
18.6779
18.6779
18.6779
18.6779
18.6779
18.6779
18.6779
18.6779
18.6779
18.6779
18.6779
18.6779
18.6779
18.6779
18.6779
18.6779
18.6779
18.6779
18.6779
18.6779
18.6779
18.6779
18.6779
18.6779
18.6779
18.6779
18.6779
18.6779
18.6779
18.6779
18.6779
18.6779
18.6779
18.6779
18.6779
18.6779
18.6779
18.6779
18.678
18.678
18.678
18.678
18.678
18.678
18.6779
18.6779
15.2819
15.2819
15.2819
15.2819
15.2819
15.2819
15.2819
15.2819
15.2819
15.2819
15.2819
15.2819
15.2819
15.2819
15.2819
15.2819
15.2819
15.2819
15.2819
15.2819
15.2819
15.2819
15.2819
15.2819
15.2819
15.2819
15.2819
15.2819
15.2819
15.2819
15.2819
15.2819
15.2819
15.2819
15.2819
15.2819
15.2819
15.2819
15.2819
15.2819
15.2819
15.2819
15.2819
15.2819
15.2819
15.2819
15.2819
15.2819
15.2819
15.2819
15.2819
15.2819
15.2819
15.2819
15.2819
15.2819
15.2819
15.2819
15.2819
15.2819
15.2819
15.2819
15.2819
15.2819
15.2819
15.2819
15.2819
15.2819
15.2819
15.2819
15.2819
15.2819
15.2819
15.2819
15.2819
15.2819
15.2819
15.2819
15.2819
15.2819
15.2819
15.2819
15.2819
15.2819
15.2819
15.2819
15.2819
15.2819
15.2819
15.2819
15.2819
15.2819
15.2819
15.2819
15.2819
15.2819
15.2819
15.2819
15.2819
15.2819
11.8859
11.8859
11.8859
11.8859
11.8859
11.8859
11.8859
11.8859
11.8859
11.8859
11.8859
11.8859
11.8859
11.8859
11.8859
11.8859
11.8859
11.8859
11.8859
11.8859
11.8859
11.8859
11.8859
11.8859
11.8859
11.8859
11.8859
11.8859
11.8859
11.8859
11.8859
11.8859
11.8859
11.8859
11.8859
11.8859
11.8859
11.8859
11.8859
11.8859
11.8859
11.8859
11.8859
11.8859
11.8859
11.8859
11.8859
11.8859
11.8859
11.8859
11.8859
11.8859
11.8859
11.8859
11.8859
11.8859
11.8859
11.8859
11.8859
11.8859
11.8859
11.8859
11.8859
11.8859
11.8859
11.8859
11.8859
11.8859
11.8859
11.8859
11.8859
11.8859
11.8859
11.8859
11.8859
11.8859
11.8859
11.8859
11.8859
11.8859
11.8859
11.8859
11.8859
11.8859
11.8859
11.8859
11.8859
11.8859
11.8859
11.8859
11.8859
11.8859
11.8859
11.8859
11.8859
11.8859
11.8859
11.8859
11.8859
11.8859
8.48994
8.48994
8.48994
8.48994
8.48994
8.48994
8.48994
8.48994
8.48994
8.48994
8.48994
8.48994
8.48994
8.48994
8.48994
8.48994
8.48994
8.48994
8.48994
8.48994
8.48994
8.48994
8.48994
8.48994
8.48994
8.48994
8.48994
8.48994
8.48994
8.48994
8.48994
8.48994
8.48994
8.48994
8.48994
8.48994
8.48994
8.48994
8.48994
8.48994
8.48994
8.48994
8.48994
8.48994
8.48994
8.48994
8.48994
8.48994
8.48994
8.48994
8.48994
8.48994
8.48994
8.48994
8.48994
8.48994
8.48994
8.48994
8.48994
8.48994
8.48994
8.48994
8.48994
8.48994
8.48994
8.48994
8.48994
8.48994
8.48994
8.48994
8.48994
8.48994
8.48994
8.48994
8.48994
8.48994
8.48994
8.48994
8.48994
8.48994
8.48994
8.48994
8.48994
8.48994
8.48994
8.48994
8.48994
8.48994
8.48994
8.48994
8.48994
8.48994
8.48994
8.48994
8.48994
8.48994
8.48994
8.48994
8.48994
8.48994
5.09396
5.09396
5.09396
5.09396
5.09396
5.09396
5.09396
5.09396
5.09396
5.09396
5.09396
5.09396
5.09396
5.09396
5.09396
5.09396
5.09396
5.09396
5.09396
5.09396
5.09396
5.09396
5.09396
5.09396
5.09396
5.09396
5.09396
5.09396
5.09396
5.09396
5.09396
5.09396
5.09396
5.09396
5.09396
5.09396
5.09396
5.09396
5.09396
5.09396
5.09396
5.09396
5.09396
5.09396
5.09396
5.09396
5.09396
5.09396
5.09396
5.09396
5.09396
5.09396
5.09396
5.09396
5.09396
5.09396
5.09396
5.09396
5.09396
5.09396
5.09396
5.09396
5.09396
5.09396
5.09396
5.09396
5.09396
5.09396
5.09396
5.09396
5.09396
5.09396
5.09396
5.09396
5.09396
5.09396
5.09396
5.09396
5.09396
5.09396
5.09396
5.09396
5.09396
5.09396
5.09396
5.09396
5.09396
5.09396
5.09396
5.09396
5.09396
5.09396
5.09396
5.09396
5.09396
5.09396
5.09396
5.09396
5.09396
5.09396
1.69799
1.69799
1.69799
1.69799
1.69799
1.69799
1.69799
1.69799
1.69799
1.69799
1.69798
1.69798
1.69798
1.69798
1.69798
1.69798
1.69798
1.69798
1.69798
1.69798
1.69798
1.69798
1.69798
1.69798
1.69798
1.69798
1.69798
1.69798
1.69798
1.69798
1.69798
1.69798
1.69798
1.69798
1.69798
1.69798
1.69798
1.69798
1.69798
1.69798
1.69798
1.69798
1.69798
1.69798
1.69798
1.69798
1.69798
1.69798
1.69798
1.69798
1.69798
1.69798
1.69798
1.69798
1.69798
1.69798
1.69798
1.69798
1.69798
1.69798
1.69798
1.69798
1.69798
1.69798
1.69798
1.69798
1.69798
1.69798
1.69798
1.69798
1.69798
1.69798
1.69798
1.69798
1.69798
1.69798
1.69798
1.69798
1.69798
1.69798
1.69798
1.69798
1.69798
1.69798
1.69798
1.69798
1.69798
1.69798
1.69798
1.69798
1.69798
1.69798
1.69798
1.69798
1.69798
1.69798
1.69798
1.69798
1.69798
1.69798
101.621
101.039
100.673
100.405
100.267
100.267
100.405
100.673
101.039
101.621
92.4797
91.6295
91.0691
90.673
90.4689
90.4689
90.673
91.0691
91.6295
92.4797
84.8893
83.9108
83.2718
82.8266
82.5982
82.5982
82.8266
83.2718
83.9108
84.8893
79.6479
78.6428
77.9948
77.5501
77.3222
77.3222
77.5501
77.9948
78.6428
79.6479
75.7157
74.7183
74.0786
73.6483
73.428
73.428
73.6483
74.0786
74.7183
75.7157
72.533
71.5634
70.9402
70.5313
70.3224
70.3224
70.5313
70.9402
71.5634
72.533
69.9105
68.9897
68.3928
68.0117
67.8177
67.8177
68.0117
68.3928
68.9897
69.9105
67.7415
66.893
66.3347
65.9868
65.8105
65.8105
65.9868
66.3347
66.893
67.7415
65.945
65.1851
64.6783
64.3685
64.2116
64.2116
64.3685
64.6783
65.1851
65.945
64.5387
63.7823
63.3357
63.0643
62.9268
62.9268
63.0643
63.3357
63.7823
64.5387
65.5578
65.7303
65.918
66.0446
66.1101
66.1101
66.0446
65.918
65.7303
65.5578
65.9694
66.0634
66.1893
66.2701
66.3115
66.3115
66.2701
66.1893
66.0633
65.9694
65.9332
65.9292
65.9808
66.0084
66.0222
66.0222
66.0084
65.9808
65.9292
65.9332
65.5122
65.4179
65.4013
65.3822
65.3717
65.3717
65.3822
65.4013
65.4179
65.5122
64.9091
64.7409
64.6664
64.6098
64.5801
64.5801
64.6098
64.6664
64.7409
64.9091
64.2325
64.0088
63.8875
63.8031
63.759
63.759
63.803
63.8875
64.0088
64.2325
63.537
63.278
63.1232
63.0206
62.9675
62.9675
63.0206
63.1232
63.278
63.537
62.8539
62.5834
62.4105
62.2995
62.2423
62.2423
62.2995
62.4105
62.5834
62.8539
62.2177
61.952
61.7732
61.6613
61.6033
61.6033
61.6613
61.7732
61.952
62.2177
61.7283
61.3849
61.2029
61.0911
61.0329
61.0329
61.0911
61.2029
61.3849
61.7283
60.8541
60.8391
60.8401
60.8362
60.8345
60.8345
60.8362
60.8401
60.8391
60.8541
61.2544
61.2368
61.2368
61.231
61.228
61.228
61.231
61.2368
61.2368
61.2544
61.583
61.5465
61.5347
61.519
61.5106
61.5106
61.519
61.5347
61.5465
61.583
61.6267
61.5568
61.5227
61.491
61.4741
61.4741
61.491
61.5227
61.5568
61.6267
61.4753
61.3701
61.3117
61.2639
61.2386
61.2386
61.2639
61.3117
61.3701
61.4753
61.2226
61.087
61.0061
60.9451
60.9129
60.9129
60.9451
61.0061
61.087
61.2225
60.9167
60.7589
60.66
60.5895
60.5526
60.5526
60.5895
60.66
60.7589
60.9167
60.5844
60.4163
60.3061
60.2308
60.1915
60.1915
60.2308
60.3061
60.4163
60.5844
60.2573
60.087
59.9699
59.8926
59.8522
59.8522
59.8926
59.9699
60.087
60.2573
60.007
59.7768
59.6508
59.5705
59.5288
59.5288
59.5705
59.6508
59.7768
60.007
56.0075
56.0269
56.0515
56.0672
56.0756
56.0756
56.0672
56.0515
56.0269
56.0075
56.2091
56.2319
56.2602
56.2781
56.2876
56.2876
56.2781
56.2602
56.2319
56.2091
56.3779
56.3981
56.4258
56.4427
56.4516
56.4516
56.4427
56.4258
56.3981
56.3779
56.4558
56.4654
56.486
56.4975
56.5034
56.5034
56.4975
56.486
56.4654
56.4558
56.4634
56.4586
56.4687
56.4726
56.4745
56.4745
56.4726
56.4687
56.4586
56.4634
56.4237
56.4041
56.4027
56.3989
56.3967
56.3967
56.3989
56.4027
56.4041
56.4237
56.3504
56.3179
56.3057
56.2952
56.2895
56.2895
56.2952
56.3057
56.3179
56.3504
56.2529
56.2123
56.1918
56.1762
56.1678
56.1678
56.1762
56.1918
56.2123
56.2529
56.1484
56.1021
56.0738
56.0538
56.0429
56.0429
56.0538
56.0738
56.1021
56.1484
56.0794
55.9925
55.9515
55.9248
55.9106
55.9106
55.9248
55.9515
55.9925
56.0794
52.6426
52.6424
52.644
52.6439
52.6439
52.6439
52.6439
52.644
52.6424
52.6426
52.7352
52.7383
52.7429
52.7448
52.7458
52.7458
52.7448
52.7429
52.7383
52.7352
52.8291
52.8334
52.8395
52.8421
52.8434
52.8434
52.8421
52.8395
52.8334
52.8291
52.8918
52.8939
52.8988
52.9001
52.9007
52.9007
52.9001
52.8988
52.8939
52.8918
52.9252
52.9229
52.9248
52.9238
52.9231
52.9231
52.9238
52.9248
52.9229
52.9252
52.936
52.9282
52.9262
52.9225
52.9204
52.9204
52.9225
52.9262
52.9282
52.936
52.9288
52.9159
52.9098
52.9035
52.9
52.9
52.9035
52.9098
52.9159
52.9288
52.908
52.8913
52.8818
52.8734
52.8687
52.8687
52.8734
52.8818
52.8913
52.908
52.8823
52.8622
52.8486
52.8379
52.8321
52.8321
52.8379
52.8486
52.8622
52.8823
52.8712
52.8304
52.8095
52.7952
52.7876
52.7876
52.7952
52.8095
52.8304
52.8712
49.1683
49.1712
49.1747
49.1768
49.1779
49.1779
49.1768
49.1747
49.1712
49.1683
49.2058
49.2102
49.2152
49.2182
49.2199
49.2199
49.2182
49.2152
49.2102
49.2058
49.2434
49.2488
49.2549
49.2586
49.2606
49.2606
49.2586
49.2549
49.2488
49.2434
49.2712
49.2764
49.2825
49.2861
49.288
49.288
49.2861
49.2825
49.2764
49.2712
49.2893
49.2932
49.2985
49.3014
49.3029
49.3029
49.3014
49.2985
49.2932
49.2893
49.299
49.3009
49.3048
49.3066
49.3075
49.3075
49.3066
49.3048
49.3009
49.299
49.3011
49.3009
49.3031
49.3038
49.3041
49.3041
49.3038
49.3031
49.3009
49.3011
49.2969
49.295
49.2956
49.2952
49.2948
49.2948
49.2952
49.2956
49.295
49.2969
49.2901
49.2865
49.2848
49.283
49.2819
49.2819
49.283
49.2848
49.2865
49.2901
49.2903
49.2762
49.2701
49.2658
49.2635
49.2635
49.2658
49.2701
49.2762
49.2903
45.8162
45.8165
45.8169
45.817
45.8171
45.8171
45.817
45.8169
45.8165
45.8162
45.8314
45.8325
45.8337
45.8342
45.8345
45.8345
45.8342
45.8337
45.8325
45.8314
45.8488
45.8505
45.8523
45.8532
45.8537
45.8537
45.8532
45.8523
45.8505
45.8488
45.8636
45.8656
45.8677
45.8687
45.8693
45.8693
45.8687
45.8677
45.8656
45.8636
45.8754
45.8773
45.8793
45.8802
45.8807
45.8807
45.8802
45.8793
45.8773
45.8754
45.8844
45.8858
45.8875
45.8881
45.8885
45.8885
45.8881
45.8875
45.8858
45.8844
45.8905
45.8913
45.8926
45.8929
45.8931
45.8931
45.8929
45.8926
45.8913
45.8905
45.8943
45.8946
45.8953
45.8953
45.8952
45.8952
45.8953
45.8953
45.8946
45.8943
45.8971
45.8967
45.8965
45.8959
45.8955
45.8955
45.8959
45.8965
45.8967
45.8971
45.9027
45.8978
45.8957
45.894
45.8931
45.8931
45.894
45.8957
45.8978
45.9027
42.4266
42.4272
42.4277
42.4281
42.4282
42.4282
42.4281
42.4277
42.4272
42.4266
42.4323
42.4331
42.434
42.4345
42.4348
42.4348
42.4345
42.434
42.4331
42.4323
42.4386
42.4398
42.4409
42.4417
42.442
42.442
42.4417
42.4409
42.4398
42.4386
42.4444
42.4457
42.4471
42.4479
42.4484
42.4484
42.4479
42.4471
42.4457
42.4444
42.4494
42.4507
42.4521
42.453
42.4534
42.4534
42.453
42.4521
42.4507
42.4494
42.4534
42.4547
42.456
42.4568
42.4572
42.4572
42.4568
42.456
42.4547
42.4534
42.4564
42.4575
42.4587
42.4594
42.4597
42.4597
42.4594
42.4587
42.4575
42.4564
42.4584
42.4594
42.4604
42.4609
42.4611
42.4611
42.4609
42.4604
42.4594
42.4584
42.4601
42.4607
42.4613
42.4615
42.4616
42.4616
42.4615
42.4613
42.4607
42.4601
42.4629
42.4615
42.4612
42.4609
42.4607
42.4607
42.4609
42.4612
42.4615
42.4629
39.0446
39.0447
39.0448
39.0448
39.0448
39.0448
39.0448
39.0448
39.0447
39.0446
39.0466
39.0469
39.0471
39.0472
39.0473
39.0473
39.0472
39.0471
39.0469
39.0466
39.0493
39.0497
39.05
39.0502
39.0503
39.0503
39.0502
39.05
39.0497
39.0493
39.052
39.0525
39.053
39.0532
39.0534
39.0534
39.0532
39.053
39.0525
39.052
39.0546
39.0552
39.0558
39.0561
39.0562
39.0562
39.0561
39.0558
39.0552
39.0546
39.057
39.0577
39.0583
39.0586
39.0587
39.0587
39.0586
39.0583
39.0577
39.057
39.0592
39.0599
39.0604
39.0607
39.0609
39.0609
39.0607
39.0604
39.0599
39.0592
39.0611
39.0617
39.0623
39.0626
39.0627
39.0627
39.0626
39.0623
39.0617
39.0611
39.0629
39.0635
39.0639
39.0641
39.0642
39.0642
39.0641
39.0639
39.0635
39.0629
39.0652
39.065
39.0651
39.0651
39.065
39.065
39.0651
39.0651
39.065
39.0652
35.6524
35.6525
35.6526
35.6527
35.6527
35.6527
35.6527
35.6526
35.6525
35.6524
35.6531
35.6532
35.6534
35.6535
35.6535
35.6535
35.6535
35.6534
35.6532
35.6531
35.654
35.6542
35.6544
35.6545
35.6546
35.6546
35.6545
35.6544
35.6542
35.654
35.6549
35.6552
35.6554
35.6556
35.6557
35.6557
35.6556
35.6554
35.6552
35.6549
35.6559
35.6562
35.6565
35.6567
35.6568
35.6568
35.6567
35.6565
35.6562
35.6559
35.6569
35.6573
35.6576
35.6578
35.6579
35.6579
35.6578
35.6576
35.6573
35.6569
35.6578
35.6582
35.6585
35.6587
35.6588
35.6588
35.6587
35.6585
35.6582
35.6578
35.6586
35.659
35.6593
35.6595
35.6596
35.6596
35.6595
35.6593
35.659
35.6586
35.6594
35.6598
35.66
35.6602
35.6603
35.6603
35.6602
35.66
35.6598
35.6594
35.6603
35.6604
35.6606
35.6606
35.6607
35.6607
35.6606
35.6606
35.6604
35.6603
32.2598
32.2598
32.2598
32.2598
32.2598
32.2598
32.2598
32.2598
32.2598
32.2598
32.26
32.26
32.26
32.2601
32.2601
32.2601
32.2601
32.26
32.26
32.26
32.2603
32.2604
32.2604
32.2604
32.2605
32.2605
32.2604
32.2604
32.2604
32.2603
32.2607
32.2608
32.2609
32.2609
32.261
32.261
32.2609
32.2609
32.2608
32.2607
32.2612
32.2613
32.2614
32.2615
32.2615
32.2615
32.2615
32.2614
32.2613
32.2612
32.2617
32.2619
32.262
32.2621
32.2621
32.2621
32.2621
32.262
32.2619
32.2617
32.2622
32.2624
32.2625
32.2626
32.2627
32.2627
32.2626
32.2625
32.2624
32.2622
32.2627
32.2629
32.2631
32.2632
32.2632
32.2632
32.2632
32.2631
32.2629
32.2627
32.2632
32.2634
32.2636
32.2637
32.2637
32.2637
32.2637
32.2636
32.2634
32.2632
32.2638
32.2639
32.264
32.2641
32.2641
32.2641
32.2641
32.264
32.2639
32.2638
28.8648
28.8648
28.8648
28.8648
28.8648
28.8648
28.8648
28.8648
28.8648
28.8648
28.8648
28.8648
28.8649
28.8649
28.8649
28.8649
28.8649
28.8649
28.8648
28.8648
28.8649
28.8649
28.865
28.865
28.865
28.865
28.865
28.865
28.8649
28.8649
28.865
28.8651
28.8651
28.8651
28.8652
28.8652
28.8651
28.8651
28.8651
28.865
28.8652
28.8653
28.8653
28.8653
28.8654
28.8654
28.8653
28.8653
28.8653
28.8652
28.8654
28.8655
28.8655
28.8656
28.8656
28.8656
28.8656
28.8655
28.8655
28.8654
28.8656
28.8657
28.8658
28.8658
28.8658
28.8658
28.8658
28.8658
28.8657
28.8656
28.8658
28.8659
28.866
28.866
28.8661
28.8661
28.866
28.866
28.8659
28.8658
28.866
28.8661
28.8662
28.8662
28.8663
28.8663
28.8662
28.8662
28.8661
28.866
28.8662
28.8663
28.8664
28.8664
28.8664
28.8664
28.8664
28.8664
28.8663
28.8662
25.4695
25.4695
25.4695
25.4695
25.4695
25.4695
25.4695
25.4695
25.4695
25.4695
25.4695
25.4695
25.4695
25.4695
25.4695
25.4695
25.4695
25.4695
25.4695
25.4695
25.4695
25.4695
25.4695
25.4695
25.4695
25.4695
25.4695
25.4695
25.4695
25.4695
25.4696
25.4696
25.4696
25.4696
25.4696
25.4696
25.4696
25.4696
25.4696
25.4696
25.4696
25.4696
25.4697
25.4697
25.4697
25.4697
25.4697
25.4697
25.4696
25.4696
25.4697
25.4698
25.4698
25.4698
25.4698
25.4698
25.4698
25.4698
25.4698
25.4697
25.4698
25.4699
25.4699
25.4699
25.4699
25.4699
25.4699
25.4699
25.4699
25.4698
25.4699
25.47
25.47
25.47
25.47
25.47
25.47
25.47
25.47
25.4699
25.4701
25.4701
25.4701
25.4702
25.4702
25.4702
25.4702
25.4701
25.4701
25.4701
25.4702
25.4702
25.4703
25.4703
25.4703
25.4703
25.4703
25.4703
25.4702
25.4702
22.0737
22.0737
22.0737
22.0737
22.0737
22.0737
22.0737
22.0737
22.0737
22.0737
22.0737
22.0737
22.0737
22.0737
22.0737
22.0737
22.0737
22.0737
22.0737
22.0737
22.0737
22.0737
22.0737
22.0737
22.0737
22.0737
22.0737
22.0737
22.0737
22.0737
22.0737
22.0737
22.0737
22.0737
22.0737
22.0737
22.0737
22.0737
22.0737
22.0737
22.0737
22.0737
22.0737
22.0737
22.0737
22.0737
22.0737
22.0737
22.0737
22.0737
22.0738
22.0738
22.0738
22.0738
22.0738
22.0738
22.0738
22.0738
22.0738
22.0738
22.0738
22.0738
22.0738
22.0738
22.0738
22.0738
22.0738
22.0738
22.0738
22.0738
22.0738
22.0739
22.0739
22.0739
22.0739
22.0739
22.0739
22.0739
22.0739
22.0738
22.0739
22.0739
22.0739
22.0739
22.0739
22.0739
22.0739
22.0739
22.0739
22.0739
22.0739
22.0739
22.074
22.074
22.074
22.074
22.074
22.074
22.0739
22.0739
18.6778
18.6778
18.6778
18.6778
18.6778
18.6778
18.6778
18.6778
18.6778
18.6778
18.6778
18.6778
18.6778
18.6778
18.6778
18.6778
18.6778
18.6778
18.6778
18.6778
18.6778
18.6778
18.6778
18.6778
18.6778
18.6778
18.6778
18.6778
18.6778
18.6778
18.6778
18.6778
18.6778
18.6778
18.6778
18.6778
18.6778
18.6778
18.6778
18.6778
18.6778
18.6778
18.6778
18.6778
18.6778
18.6778
18.6778
18.6778
18.6778
18.6778
18.6779
18.6779
18.6779
18.6779
18.6779
18.6779
18.6779
18.6779
18.6779
18.6779
18.6779
18.6779
18.6779
18.6779
18.6779
18.6779
18.6779
18.6779
18.6779
18.6779
18.6779
18.6779
18.6779
18.6779
18.6779
18.6779
18.6779
18.6779
18.6779
18.6779
18.6779
18.6779
18.6779
18.6779
18.6779
18.6779
18.6779
18.6779
18.6779
18.6779
18.6779
18.6779
18.678
18.678
18.678
18.678
18.678
18.678
18.6779
18.6779
15.2819
15.2819
15.2819
15.2819
15.2819
15.2819
15.2819
15.2819
15.2819
15.2819
15.2819
15.2819
15.2819
15.2819
15.2819
15.2819
15.2819
15.2819
15.2819
15.2819
15.2819
15.2819
15.2819
15.2819
15.2819
15.2819
15.2819
15.2819
15.2819
15.2819
15.2819
15.2819
15.2819
15.2819
15.2819
15.2819
15.2819
15.2819
15.2819
15.2819
15.2819
15.2819
15.2819
15.2819
15.2819
15.2819
15.2819
15.2819
15.2819
15.2819
15.2819
15.2819
15.2819
15.2819
15.2819
15.2819
15.2819
15.2819
15.2819
15.2819
15.2819
15.2819
15.2819
15.2819
15.2819
15.2819
15.2819
15.2819
15.2819
15.2819
15.2819
15.2819
15.2819
15.2819
15.2819
15.2819
15.2819
15.2819
15.2819
15.2819
15.2819
15.2819
15.2819
15.2819
15.2819
15.2819
15.2819
15.2819
15.2819
15.2819
15.2819
15.2819
15.2819
15.2819
15.2819
15.2819
15.2819
15.2819
15.2819
15.2819
11.8859
11.8859
11.8859
11.8859
11.8859
11.8859
11.8859
11.8859
11.8859
11.8859
11.8859
11.8859
11.8859
11.8859
11.8859
11.8859
11.8859
11.8859
11.8859
11.8859
11.8859
11.8859
11.8859
11.8859
11.8859
11.8859
11.8859
11.8859
11.8859
11.8859
11.8859
11.8859
11.8859
11.8859
11.8859
11.8859
11.8859
11.8859
11.8859
11.8859
11.8859
11.8859
11.8859
11.8859
11.8859
11.8859
11.8859
11.8859
11.8859
11.8859
11.8859
11.8859
11.8859
11.8859
11.8859
11.8859
11.8859
11.8859
11.8859
11.8859
11.8859
11.8859
11.8859
11.8859
11.8859
11.8859
11.8859
11.8859
11.8859
11.8859
11.8859
11.8859
11.8859
11.8859
11.8859
11.8859
11.8859
11.8859
11.8859
11.8859
11.8859
11.8859
11.8859
11.8859
11.8859
11.8859
11.8859
11.8859
11.8859
11.8859
11.8859
11.8859
11.8859
11.8859
11.8859
11.8859
11.8859
11.8859
11.8859
11.8859
8.48994
8.48994
8.48994
8.48994
8.48994
8.48994
8.48994
8.48994
8.48994
8.48994
8.48994
8.48994
8.48994
8.48994
8.48994
8.48994
8.48994
8.48994
8.48994
8.48994
8.48994
8.48994
8.48994
8.48994
8.48994
8.48994
8.48994
8.48994
8.48994
8.48994
8.48994
8.48994
8.48994
8.48994
8.48994
8.48994
8.48994
8.48994
8.48994
8.48994
8.48994
8.48994
8.48994
8.48994
8.48994
8.48994
8.48994
8.48994
8.48994
8.48994
8.48994
8.48994
8.48994
8.48994
8.48994
8.48994
8.48994
8.48994
8.48994
8.48994
8.48994
8.48994
8.48994
8.48994
8.48994
8.48994
8.48994
8.48994
8.48994
8.48994
8.48994
8.48994
8.48994
8.48994
8.48994
8.48994
8.48994
8.48994
8.48994
8.48994
8.48994
8.48994
8.48994
8.48994
8.48994
8.48994
8.48994
8.48994
8.48994
8.48994
8.48994
8.48994
8.48994
8.48994
8.48995
8.48995
8.48995
8.48994
8.48994
8.48994
5.09396
5.09396
5.09396
5.09396
5.09396
5.09396
5.09396
5.09396
5.09396
5.09396
5.09396
5.09396
5.09396
5.09396
5.09396
5.09396
5.09396
5.09396
5.09396
5.09396
5.09396
5.09396
5.09396
5.09396
5.09396
5.09396
5.09396
5.09396
5.09396
5.09396
5.09396
5.09396
5.09396
5.09396
5.09396
5.09396
5.09396
5.09396
5.09396
5.09396
5.09396
5.09396
5.09396
5.09396
5.09396
5.09396
5.09396
5.09396
5.09396
5.09396
5.09396
5.09396
5.09396
5.09396
5.09396
5.09396
5.09396
5.09396
5.09396
5.09396
5.09396
5.09396
5.09396
5.09396
5.09396
5.09396
5.09396
5.09396
5.09396
5.09396
5.09396
5.09396
5.09396
5.09396
5.09396
5.09396
5.09396
5.09396
5.09396
5.09396
5.09396
5.09396
5.09396
5.09396
5.09396
5.09396
5.09396
5.09396
5.09396
5.09396
5.09396
5.09396
5.09396
5.09396
5.09396
5.09396
5.09396
5.09396
5.09396
5.09396
1.69799
1.69799
1.69799
1.69799
1.69799
1.69799
1.69799
1.69799
1.69799
1.69799
1.69798
1.69798
1.69798
1.69798
1.69798
1.69798
1.69798
1.69798
1.69798
1.69798
1.69798
1.69798
1.69798
1.69798
1.69798
1.69798
1.69798
1.69798
1.69798
1.69798
1.69798
1.69798
1.69798
1.69798
1.69798
1.69798
1.69798
1.69798
1.69798
1.69798
1.69798
1.69798
1.69798
1.69798
1.69798
1.69798
1.69798
1.69798
1.69798
1.69798
1.69798
1.69798
1.69798
1.69798
1.69798
1.69798
1.69798
1.69798
1.69798
1.69798
1.69798
1.69798
1.69798
1.69798
1.69798
1.69798
1.69798
1.69798
1.69798
1.69798
1.69798
1.69798
1.69798
1.69798
1.69798
1.69798
1.69798
1.69798
1.69798
1.69798
1.69798
1.69798
1.69798
1.69798
1.69798
1.69798
1.69798
1.69798
1.69798
1.69798
1.69798
1.69798
1.69798
1.69798
1.69798
1.69798
1.69798
1.69798
1.69798
1.69798
63.5409
62.8581
62.4257
62.1506
62.0142
62.0142
62.1506
62.4257
62.8581
63.5409
62.8581
62.275
61.8363
61.5439
61.3989
61.3989
61.5439
61.8363
62.275
62.8581
62.4257
61.8363
61.3793
61.0749
60.9247
60.9247
61.0749
61.3793
61.8363
62.4257
62.1506
61.5439
61.0749
60.7648
60.6123
60.6123
60.7648
61.0749
61.5439
62.1506
62.0142
61.3989
60.9247
60.6123
60.4587
60.4587
60.6123
60.9247
61.3989
62.0142
62.0142
61.3989
60.9247
60.6123
60.4587
60.4588
60.6123
60.9247
61.3989
62.0142
62.1506
61.5439
61.0749
60.7648
60.6123
60.6123
60.7648
61.0749
61.5439
62.1507
62.4257
61.8363
61.3793
61.0749
60.9247
60.9247
61.0749
61.3793
61.8363
62.4257
62.8581
62.275
61.8363
61.5439
61.3989
61.3989
61.5439
61.8363
62.275
62.8581
63.5409
62.8581
62.4257
62.1506
62.0142
62.0142
62.1507
62.4257
62.8581
63.5409
61.2216
60.9435
60.7773
60.6681
60.6126
60.6126
60.6681
60.7773
60.9435
61.2216
60.9435
60.7212
60.5341
60.404
60.3389
60.3389
60.404
60.5341
60.7212
60.9435
60.7773
60.5341
60.3243
60.1806
60.1095
60.1095
60.1806
60.3243
60.5341
60.7773
60.6681
60.404
60.1806
60.0296
59.9553
59.9553
60.0296
60.1806
60.404
60.6681
60.6126
60.3389
60.1095
59.9553
59.8794
59.8794
59.9553
60.1095
60.3389
60.6126
60.6126
60.3389
60.1095
59.9553
59.8794
59.8794
59.9553
60.1095
60.3389
60.6126
60.6681
60.404
60.1806
60.0296
59.9553
59.9553
60.0296
60.1806
60.404
60.6681
60.7773
60.5341
60.3243
60.1806
60.1095
60.1095
60.1806
60.3243
60.5341
60.7773
60.9435
60.7212
60.5341
60.404
60.3389
60.3389
60.404
60.5341
60.7212
60.9435
61.2216
60.9435
60.7773
60.6681
60.6126
60.6126
60.6681
60.7773
60.9435
61.2216
59.6302
59.4756
59.3797
59.3132
59.279
59.279
59.3132
59.3797
59.4756
59.6302
59.4756
59.3506
59.2354
59.1524
59.1106
59.1106
59.1524
59.2354
59.3506
59.4756
59.3797
59.2354
59.1017
59.0082
58.9618
58.9618
59.0083
59.1017
59.2354
59.3797
59.3132
59.1524
59.0082
58.9095
58.8606
58.8606
58.9095
59.0083
59.1524
59.3132
59.279
59.1106
58.9618
58.8606
58.8106
58.8106
58.8606
58.9618
59.1106
59.279
59.279
59.1106
58.9618
58.8606
58.8106
58.8106
58.8606
58.9618
59.1106
59.279
59.3132
59.1524
59.0083
58.9095
58.8606
58.8606
58.9095
59.0083
59.1524
59.3132
59.3797
59.2354
59.1017
59.0083
58.9618
58.9618
59.0083
59.1017
59.2354
59.3797
59.4756
59.3506
59.2354
59.1524
59.1106
59.1106
59.1524
59.2354
59.3506
59.4756
59.6302
59.4756
59.3797
59.3132
59.279
59.279
59.3132
59.3797
59.4756
59.6302
55.8918
55.8532
55.8312
55.8138
55.8046
55.8046
55.8138
55.8312
55.8532
55.8918
55.8532
55.823
55.786
55.7573
55.7428
55.7428
55.7573
55.786
55.823
55.8532
55.8312
55.786
55.7373
55.7022
55.6848
55.6848
55.7022
55.7373
55.786
55.8312
55.8138
55.7573
55.7022
55.6639
55.645
55.645
55.6639
55.7022
55.7573
55.8138
55.8046
55.7428
55.6848
55.645
55.6254
55.6254
55.645
55.6848
55.7428
55.8046
55.8046
55.7428
55.6848
55.645
55.6254
55.6254
55.645
55.6848
55.7428
55.8046
55.8138
55.7573
55.7022
55.6639
55.645
55.645
55.6639
55.7022
55.7573
55.8138
55.8312
55.786
55.7373
55.7022
55.6848
55.6848
55.7022
55.7373
55.786
55.8312
55.8532
55.823
55.786
55.7573
55.7428
55.7428
55.7573
55.786
55.823
55.8532
55.8918
55.8532
55.8312
55.8138
55.8046
55.8046
55.8138
55.8312
55.8532
55.8918
52.7751
52.7651
52.7588
52.7526
52.7491
52.7491
52.7526
52.7588
52.7651
52.7751
52.7651
52.758
52.744
52.7321
52.726
52.726
52.7321
52.744
52.758
52.7651
52.7588
52.744
52.7239
52.7088
52.7013
52.7013
52.7088
52.7239
52.744
52.7588
52.7526
52.7321
52.7088
52.6922
52.6839
52.6839
52.6922
52.7088
52.7321
52.7526
52.7491
52.726
52.7013
52.6839
52.6753
52.6753
52.6839
52.7013
52.726
52.7491
52.7491
52.726
52.7013
52.6839
52.6753
52.6753
52.6839
52.7013
52.726
52.7491
52.7526
52.7321
52.7088
52.6922
52.6839
52.6839
52.6922
52.7088
52.7321
52.7526
52.7588
52.744
52.7239
52.7088
52.7013
52.7013
52.7088
52.7239
52.744
52.7588
52.7651
52.758
52.744
52.7321
52.726
52.726
52.7321
52.744
52.758
52.7651
52.7751
52.7651
52.7588
52.7526
52.7491
52.7491
52.7526
52.7588
52.7651
52.7751
49.2453
49.2465
49.2474
49.2471
49.2468
49.2468
49.2471
49.2474
49.2465
49.2453
49.2465
49.2475
49.2441
49.2407
49.2389
49.2389
49.2407
49.2441
49.2475
49.2465
49.2474
49.2441
49.2376
49.2326
49.2301
49.2301
49.2326
49.2376
49.2441
49.2475
49.2471
49.2407
49.2326
49.2268
49.2239
49.2239
49.2268
49.2326
49.2407
49.2471
49.2468
49.2389
49.2301
49.2239
49.2208
49.2208
49.2239
49.2301
49.2389
49.2468
49.2468
49.2389
49.2301
49.2239
49.2208
49.2208
49.2239
49.2301
49.2389
49.2468
49.2471
49.2407
49.2326
49.2268
49.2239
49.2239
49.2268
49.2326
49.2407
49.2471
49.2474
49.2441
49.2376
49.2326
49.2301
49.2301
49.2326
49.2376
49.2441
49.2475
49.2465
49.2475
49.2441
49.2407
49.2389
49.2389
49.2407
49.2441
49.2475
49.2465
49.2453
49.2465
49.2475
49.2471
49.2468
49.2468
49.2471
49.2475
49.2465
49.2454
45.8846
45.8874
45.8892
45.8898
45.8901
45.8901
45.8898
45.8892
45.8874
45.8846
45.8874
45.8901
45.8901
45.8896
45.8893
45.8893
45.8896
45.8901
45.8901
45.8874
45.8892
45.8901
45.8889
45.8877
45.8871
45.8871
45.8877
45.8889
45.8901
45.8892
45.8898
45.8896
45.8877
45.8863
45.8855
45.8855
45.8863
45.8877
45.8896
45.8898
45.8901
45.8893
45.8871
45.8855
45.8848
45.8848
45.8855
45.8871
45.8893
45.8901
45.8901
45.8893
45.8871
45.8855
45.8848
45.8848
45.8855
45.8871
45.8893
45.8901
45.8898
45.8896
45.8877
45.8863
45.8855
45.8855
45.8863
45.8877
45.8896
45.8898
45.8892
45.8901
45.8889
45.8877
45.8871
45.8871
45.8877
45.8889
45.8901
45.8892
45.8874
45.8901
45.8901
45.8896
45.8893
45.8893
45.8896
45.8901
45.8901
45.8874
45.8846
45.8874
45.8892
45.8898
45.8901
45.8901
45.8898
45.8892
45.8874
45.8846
42.4552
42.4571
42.4584
42.4591
42.4594
42.4594
42.4591
42.4584
42.4571
42.4552
42.4571
42.4588
42.4592
42.4593
42.4593
42.4593
42.4593
42.4592
42.4588
42.4571
42.4584
42.4592
42.4591
42.4589
42.4588
42.4588
42.4589
42.4591
42.4592
42.4584
42.4591
42.4593
42.4589
42.4585
42.4584
42.4584
42.4585
42.4589
42.4593
42.4591
42.4594
42.4593
42.4588
42.4584
42.4582
42.4582
42.4584
42.4588
42.4593
42.4594
42.4594
42.4593
42.4588
42.4584
42.4582
42.4582
42.4584
42.4588
42.4593
42.4594
42.4591
42.4593
42.4589
42.4585
42.4584
42.4584
42.4585
42.4589
42.4593
42.4591
42.4584
42.4592
42.4591
42.4589
42.4588
42.4588
42.4589
42.4591
42.4592
42.4584
42.4571
42.4588
42.4592
42.4593
42.4593
42.4593
42.4593
42.4592
42.4588
42.4571
42.4552
42.4571
42.4584
42.4591
42.4594
42.4594
42.4591
42.4584
42.4571
42.4552
39.0628
39.064
39.0648
39.0653
39.0655
39.0655
39.0653
39.0648
39.064
39.0628
39.064
39.0652
39.0657
39.066
39.0662
39.0662
39.066
39.0657
39.0652
39.064
39.0648
39.0657
39.0661
39.0663
39.0664
39.0664
39.0663
39.0661
39.0657
39.0648
39.0653
39.066
39.0663
39.0665
39.0666
39.0666
39.0665
39.0663
39.066
39.0653
39.0655
39.0662
39.0664
39.0666
39.0666
39.0666
39.0666
39.0664
39.0662
39.0655
39.0655
39.0662
39.0664
39.0666
39.0666
39.0666
39.0666
39.0664
39.0662
39.0655
39.0653
39.066
39.0663
39.0665
39.0666
39.0666
39.0665
39.0663
39.066
39.0653
39.0648
39.0657
39.0661
39.0663
39.0664
39.0664
39.0663
39.0661
39.0657
39.0648
39.064
39.0652
39.0657
39.066
39.0662
39.0662
39.066
39.0657
39.0652
39.064
39.0628
39.064
39.0648
39.0653
39.0655
39.0655
39.0653
39.0648
39.064
39.0628
35.6595
35.6601
35.6605
35.6607
35.6609
35.6609
35.6607
35.6605
35.6601
35.6595
35.6601
35.6606
35.6609
35.6611
35.6612
35.6612
35.6611
35.6609
35.6606
35.6601
35.6605
35.6609
35.6611
35.6613
35.6613
35.6613
35.6613
35.6611
35.6609
35.6605
35.6607
35.6611
35.6613
35.6614
35.6615
35.6615
35.6614
35.6613
35.6611
35.6607
35.6609
35.6612
35.6613
35.6615
35.6615
35.6615
35.6615
35.6613
35.6612
35.6609
35.6609
35.6612
35.6613
35.6615
35.6615
35.6615
35.6615
35.6613
35.6612
35.6609
35.6607
35.6611
35.6613
35.6614
35.6615
35.6615
35.6614
35.6613
35.6611
35.6607
35.6605
35.6609
35.6611
35.6613
35.6613
35.6613
35.6613
35.6611
35.6609
35.6605
35.6601
35.6606
35.6609
35.6611
35.6612
35.6612
35.6611
35.6609
35.6606
35.6601
35.6595
35.6601
35.6605
35.6607
35.6609
35.6609
35.6607
35.6605
35.6601
35.6595
32.2637
32.264
32.2642
32.2644
32.2644
32.2644
32.2644
32.2642
32.264
32.2637
32.264
32.2643
32.2645
32.2646
32.2647
32.2647
32.2646
32.2645
32.2643
32.264
32.2642
32.2645
32.2647
32.2648
32.2649
32.2649
32.2648
32.2647
32.2645
32.2642
32.2644
32.2646
32.2648
32.2649
32.265
32.265
32.2649
32.2648
32.2646
32.2644
32.2644
32.2647
32.2649
32.265
32.265
32.265
32.265
32.2649
32.2647
32.2644
32.2644
32.2647
32.2649
32.265
32.265
32.265
32.265
32.2649
32.2647
32.2644
32.2644
32.2646
32.2648
32.2649
32.265
32.265
32.2649
32.2648
32.2646
32.2644
32.2642
32.2645
32.2647
32.2648
32.2649
32.2649
32.2648
32.2647
32.2645
32.2642
32.264
32.2643
32.2645
32.2646
32.2647
32.2647
32.2646
32.2645
32.2643
32.264
32.2637
32.264
32.2642
32.2644
32.2644
32.2644
32.2644
32.2642
32.264
32.2637
28.8662
28.8664
28.8665
28.8665
28.8665
28.8665
28.8665
28.8665
28.8664
28.8662
28.8664
28.8665
28.8666
28.8666
28.8667
28.8667
28.8666
28.8666
28.8665
28.8664
28.8665
28.8666
28.8667
28.8667
28.8667
28.8667
28.8667
28.8667
28.8666
28.8665
28.8665
28.8666
28.8667
28.8668
28.8668
28.8668
28.8668
28.8667
28.8666
28.8665
28.8665
28.8667
28.8667
28.8668
28.8668
28.8668
28.8668
28.8667
28.8667
28.8665
28.8665
28.8667
28.8667
28.8668
28.8668
28.8668
28.8668
28.8667
28.8667
28.8665
28.8665
28.8666
28.8667
28.8668
28.8668
28.8668
28.8668
28.8667
28.8666
28.8665
28.8665
28.8666
28.8667
28.8667
28.8667
28.8667
28.8667
28.8667
28.8666
28.8665
28.8664
28.8665
28.8666
28.8666
28.8667
28.8667
28.8666
28.8666
28.8665
28.8664
28.8662
28.8664
28.8665
28.8665
28.8665
28.8665
28.8665
28.8665
28.8664
28.8662
25.4702
25.4703
25.4703
25.4704
25.4704
25.4704
25.4704
25.4703
25.4703
25.4702
25.4703
25.4703
25.4704
25.4704
25.4704
25.4704
25.4704
25.4704
25.4703
25.4703
25.4703
25.4704
25.4704
25.4705
25.4705
25.4705
25.4705
25.4704
25.4704
25.4703
25.4704
25.4704
25.4705
25.4705
25.4705
25.4705
25.4705
25.4705
25.4704
25.4704
25.4704
25.4704
25.4705
25.4705
25.4706
25.4706
25.4705
25.4705
25.4704
25.4704
25.4704
25.4704
25.4705
25.4705
25.4706
25.4706
25.4705
25.4705
25.4704
25.4704
25.4704
25.4704
25.4705
25.4705
25.4705
25.4705
25.4705
25.4705
25.4704
25.4704
25.4703
25.4704
25.4704
25.4705
25.4705
25.4705
25.4705
25.4704
25.4704
25.4703
25.4703
25.4703
25.4704
25.4704
25.4704
25.4704
25.4704
25.4704
25.4703
25.4703
25.4702
25.4703
25.4703
25.4704
25.4704
25.4704
25.4704
25.4703
25.4703
25.4702
22.0739
22.074
22.074
22.074
22.074
22.074
22.074
22.074
22.074
22.0739
22.074
22.074
22.074
22.074
22.074
22.074
22.074
22.074
22.074
22.074
22.074
22.074
22.074
22.0741
22.0741
22.0741
22.0741
22.074
22.074
22.074
22.074
22.074
22.0741
22.0741
22.0741
22.0741
22.0741
22.0741
22.074
22.074
22.074
22.074
22.0741
22.0741
22.0741
22.0741
22.0741
22.0741
22.074
22.074
22.074
22.074
22.0741
22.0741
22.0741
22.0741
22.0741
22.0741
22.074
22.074
22.074
22.074
22.0741
22.0741
22.0741
22.0741
22.0741
22.0741
22.074
22.074
22.074
22.074
22.074
22.0741
22.0741
22.0741
22.0741
22.074
22.074
22.074
22.074
22.074
22.074
22.074
22.074
22.074
22.074
22.074
22.074
22.074
22.0739
22.074
22.074
22.074
22.074
22.074
22.074
22.074
22.074
22.0739
18.678
18.678
18.678
18.678
18.678
18.678
18.678
18.678
18.678
18.678
18.678
18.678
18.678
18.678
18.678
18.678
18.678
18.678
18.678
18.678
18.678
18.678
18.678
18.678
18.678
18.678
18.678
18.678
18.678
18.678
18.678
18.678
18.678
18.678
18.678
18.678
18.678
18.678
18.678
18.678
18.678
18.678
18.678
18.678
18.678
18.678
18.678
18.678
18.678
18.678
18.678
18.678
18.678
18.678
18.678
18.678
18.678
18.678
18.678
18.678
18.678
18.678
18.678
18.678
18.678
18.678
18.678
18.678
18.678
18.678
18.678
18.678
18.678
18.678
18.678
18.678
18.678
18.678
18.678
18.678
18.678
18.678
18.678
18.678
18.678
18.678
18.678
18.678
18.678
18.678
18.678
18.678
18.678
18.678
18.678
18.678
18.678
18.678
18.678
18.678
15.2819
15.2819
15.2819
15.2819
15.2819
15.2819
15.2819
15.2819
15.2819
15.2819
15.2819
15.2819
15.2819
15.2819
15.2819
15.2819
15.2819
15.2819
15.2819
15.2819
15.2819
15.2819
15.2819
15.2819
15.2819
15.2819
15.2819
15.2819
15.2819
15.2819
15.2819
15.2819
15.2819
15.2819
15.2819
15.2819
15.2819
15.2819
15.2819
15.2819
15.2819
15.2819
15.2819
15.2819
15.2819
15.2819
15.2819
15.2819
15.2819
15.2819
15.2819
15.2819
15.2819
15.2819
15.2819
15.2819
15.2819
15.2819
15.2819
15.2819
15.2819
15.2819
15.2819
15.2819
15.2819
15.2819
15.2819
15.2819
15.2819
15.2819
15.2819
15.2819
15.2819
15.2819
15.2819
15.2819
15.2819
15.2819
15.2819
15.2819
15.2819
15.2819
15.2819
15.2819
15.2819
15.2819
15.2819
15.2819
15.2819
15.2819
15.2819
15.2819
15.2819
15.2819
15.2819
15.2819
15.2819
15.2819
15.2819
15.2819
11.8859
11.8859
11.8859
11.8859
11.8859
11.8859
11.8859
11.8859
11.8859
11.8859
11.8859
11.8859
11.8859
11.8859
11.8859
11.8859
11.8859
11.8859
11.8859
11.8859
11.8859
11.8859
11.8859
11.8859
11.8859
11.8859
11.8859
11.8859
11.8859
11.8859
11.8859
11.8859
11.8859
11.8859
11.8859
11.8859
11.8859
11.8859
11.8859
11.8859
11.8859
11.8859
11.8859
11.8859
11.8859
11.8859
11.8859
11.8859
11.8859
11.8859
11.8859
11.8859
11.8859
11.8859
11.8859
11.8859
11.8859
11.8859
11.8859
11.8859
11.8859
11.8859
11.8859
11.8859
11.8859
11.8859
11.8859
11.8859
11.8859
11.8859
11.8859
11.8859
11.8859
11.8859
11.8859
11.8859
11.8859
11.8859
11.8859
11.8859
11.8859
11.8859
11.8859
11.8859
11.8859
11.8859
11.8859
11.8859
11.8859
11.8859
11.8859
11.8859
11.8859
11.8859
11.8859
11.8859
11.8859
11.8859
11.8859
11.8859
8.48994
8.48995
8.48995
8.48995
8.48995
8.48995
8.48995
8.48995
8.48995
8.48994
8.48995
8.48995
8.48995
8.48995
8.48995
8.48995
8.48995
8.48995
8.48995
8.48994
8.48995
8.48995
8.48995
8.48995
8.48995
8.48995
8.48995
8.48995
8.48995
8.48995
8.48995
8.48995
8.48995
8.48995
8.48995
8.48995
8.48995
8.48995
8.48995
8.48995
8.48995
8.48995
8.48995
8.48995
8.48995
8.48995
8.48995
8.48995
8.48995
8.48995
8.48995
8.48995
8.48995
8.48995
8.48995
8.48995
8.48995
8.48995
8.48995
8.48995
8.48995
8.48995
8.48995
8.48995
8.48995
8.48995
8.48995
8.48995
8.48995
8.48995
8.48995
8.48995
8.48995
8.48995
8.48995
8.48995
8.48995
8.48995
8.48995
8.48994
8.48994
8.48995
8.48995
8.48995
8.48995
8.48995
8.48995
8.48995
8.48994
8.48994
8.48994
8.48994
8.48995
8.48995
8.48995
8.48995
8.48995
8.48994
8.48994
8.48994
5.09396
5.09396
5.09396
5.09396
5.09396
5.09396
5.09396
5.09396
5.09396
5.09396
5.09396
5.09396
5.09396
5.09396
5.09396
5.09396
5.09396
5.09396
5.09396
5.09396
5.09396
5.09396
5.09396
5.09396
5.09396
5.09396
5.09396
5.09396
5.09396
5.09396
5.09396
5.09396
5.09396
5.09396
5.09396
5.09396
5.09396
5.09396
5.09396
5.09396
5.09396
5.09396
5.09396
5.09396
5.09396
5.09396
5.09396
5.09396
5.09396
5.09396
5.09396
5.09396
5.09396
5.09396
5.09396
5.09396
5.09396
5.09396
5.09396
5.09396
5.09396
5.09396
5.09396
5.09396
5.09396
5.09396
5.09396
5.09396
5.09396
5.09396
5.09396
5.09396
5.09396
5.09396
5.09396
5.09396
5.09396
5.09396
5.09396
5.09396
5.09396
5.09396
5.09396
5.09396
5.09396
5.09396
5.09396
5.09396
5.09396
5.09396
5.09396
5.09396
5.09396
5.09396
5.09396
5.09396
5.09396
5.09396
5.09396
5.09396
1.69798
1.69798
1.69798
1.69798
1.69798
1.69798
1.69798
1.69798
1.69798
1.69798
1.69798
1.69798
1.69798
1.69797
1.69797
1.69797
1.69797
1.69797
1.69798
1.69798
1.69798
1.69798
1.69797
1.69797
1.69797
1.69797
1.69797
1.69797
1.69797
1.69798
1.69798
1.69797
1.69797
1.69797
1.69797
1.69797
1.69797
1.69797
1.69797
1.69798
1.69798
1.69797
1.69797
1.69797
1.69797
1.69797
1.69797
1.69797
1.69797
1.69798
1.69798
1.69797
1.69797
1.69797
1.69797
1.69797
1.69797
1.69797
1.69797
1.69798
1.69798
1.69797
1.69797
1.69797
1.69797
1.69797
1.69797
1.69797
1.69797
1.69798
1.69798
1.69797
1.69797
1.69797
1.69797
1.69797
1.69797
1.69797
1.69797
1.69798
1.69798
1.69798
1.69797
1.69797
1.69797
1.69797
1.69797
1.69797
1.69797
1.69798
1.69798
1.69798
1.69798
1.69798
1.69798
1.69798
1.69798
1.69798
1.69798
1.69798
)
;

boundaryField
{
    fixedWalls
    {
        type            zeroGradient;
    }
    inlet
    {
        type            fixedGradient;
        gradient        uniform 0;
    }
    outlet
    {
        type            fixedValue;
        value           uniform 0;
    }
}


// ************************************************************************* //
