/*--------------------------------*- C++ -*----------------------------------*\
| =========                 |                                                 |
| \\      /  F ield         | OpenFOAM: The Open Source CFD Toolbox           |
|  \\    /   O peration     | Version:  2106                                  |
|   \\  /    A nd           | Website:  www.openfoam.com                      |
|    \\/     M anipulation  |                                                 |
\*---------------------------------------------------------------------------*/
FoamFile
{
    version     2.0;
    format      ascii;
    arch        "LSB;label=32;scalar=64";
    class       volScalarField;
    location    "0.65";
    object      p;
}
// * * * * * * * * * * * * * * * * * * * * * * * * * * * * * * * * * * * * * //

dimensions      [0 2 -2 0 0 0 0];

internalField   nonuniform List<scalar> 
10000
(
98.3681
97.7875
97.4229
97.1564
97.0182
97.0182
97.1564
97.4229
97.7875
98.3681
89.2535
88.4058
87.8475
87.4528
87.2495
87.2495
87.4528
87.8475
88.4058
89.2535
81.6864
80.7109
80.0743
79.6307
79.4031
79.4031
79.6307
80.0743
80.7109
81.6864
76.4617
75.4595
74.8139
74.3707
74.1436
74.1436
74.3707
74.8139
75.4595
76.4617
72.5411
71.5462
70.9085
70.4794
70.2596
70.2596
70.4794
70.9085
71.5462
72.5411
69.3657
68.3979
67.7759
67.3677
67.159
67.159
67.3677
67.7759
68.3979
69.3658
66.7467
65.8266
65.2301
64.849
64.6549
64.6549
64.849
65.2301
65.8266
66.7467
64.5777
63.7288
63.17
62.8215
62.6448
62.6448
62.8215
63.17
63.7288
64.5777
62.7788
62.0173
61.5088
61.1977
61.0401
61.0401
61.1977
61.5088
62.0173
62.7788
61.3704
60.609
60.1593
59.8857
59.7471
59.7471
59.8857
60.1593
60.609
61.3704
62.4698
62.6422
62.8299
62.9564
63.0219
63.0219
62.9564
62.8299
62.6422
62.4698
62.8922
62.9867
63.1132
63.1944
63.2359
63.2359
63.1944
63.1132
62.9867
62.8922
62.8694
62.8666
62.9192
62.9475
62.9615
62.9615
62.9475
62.9192
62.8666
62.8694
62.4599
62.3671
62.3518
62.3334
62.3233
62.3233
62.3334
62.3518
62.3671
62.4599
61.8661
61.6993
61.6262
61.5704
61.541
61.541
61.5704
61.6262
61.6993
61.8661
61.1968
60.9744
60.8545
60.7706
60.7269
60.7269
60.7706
60.8545
60.9744
61.1968
60.5069
60.249
60.0953
59.9932
59.9403
59.9403
59.9932
60.0953
60.249
60.5069
59.8279
59.5582
59.3862
59.2755
59.2184
59.2184
59.2755
59.3862
59.5582
59.8279
59.1955
58.93
58.7515
58.6394
58.5812
58.5812
58.6394
58.7515
58.93
59.1955
58.7127
58.3654
58.182
58.0692
58.0105
58.0105
58.0692
58.182
58.3654
58.7127
57.8719
57.8576
57.8594
57.8559
57.8544
57.8544
57.8559
57.8594
57.8576
57.8719
58.2825
58.266
58.2671
58.2621
58.2594
58.2594
58.2621
58.2671
58.266
58.2825
58.6225
58.5876
58.5773
58.5625
58.5546
58.5546
58.5625
58.5773
58.5876
58.6225
58.6759
58.6077
58.5754
58.5446
58.5283
58.5283
58.5446
58.5754
58.6077
58.6759
58.5324
58.4291
58.3725
58.3257
58.301
58.301
58.3258
58.3725
58.4291
58.5324
58.2864
58.1526
58.0737
58.0136
57.982
57.982
58.0136
58.0737
58.1526
58.2864
57.986
57.83
57.733
57.6636
57.6272
57.6272
57.6636
57.733
57.83
57.9861
57.6582
57.492
57.3837
57.3093
57.2705
57.2705
57.3093
57.3837
57.492
57.6582
57.3358
57.167
57.0513
56.9746
56.9346
56.9346
56.9746
57.0513
57.167
57.3358
57.0936
56.8608
56.7346
56.6541
56.6123
56.6123
56.6541
56.7346
56.8608
57.0936
53.1731
53.1928
53.2177
53.2337
53.2421
53.2421
53.2337
53.2177
53.1928
53.1731
53.3831
53.4066
53.4356
53.4539
53.4636
53.4636
53.4539
53.4356
53.4066
53.3831
53.5615
53.5828
53.6114
53.6289
53.6381
53.6381
53.6289
53.6114
53.5828
53.5615
53.6476
53.6585
53.6804
53.6925
53.6988
53.6988
53.6925
53.6804
53.6585
53.6476
53.6621
53.6588
53.6703
53.6749
53.6772
53.6772
53.6749
53.6703
53.6588
53.6621
53.6286
53.6104
53.6106
53.6075
53.6058
53.6058
53.6075
53.6106
53.6104
53.6286
53.5606
53.5297
53.5191
53.5094
53.5041
53.5041
53.5094
53.5191
53.5297
53.5606
53.4679
53.4289
53.4101
53.3953
53.3873
53.3873
53.3953
53.4101
53.4289
53.4679
53.3684
53.3237
53.2966
53.2773
53.2667
53.2667
53.2773
53.2966
53.3237
53.3684
53.3073
53.2188
53.1779
53.1511
53.137
53.137
53.1511
53.1779
53.2188
53.3073
49.9668
49.9669
49.9689
49.969
49.9691
49.9691
49.969
49.9689
49.9669
49.9668
50.0652
50.0689
50.0741
50.0764
50.0775
50.0775
50.0764
50.0741
50.0689
50.0652
50.1657
50.1709
50.1777
50.1808
50.1824
50.1824
50.1808
50.1777
50.1709
50.1657
50.234
50.2372
50.243
50.2449
50.2459
50.2459
50.2449
50.243
50.2372
50.2341
50.2724
50.2711
50.2742
50.2738
50.2735
50.2735
50.2738
50.2742
50.2711
50.2724
50.2875
50.2809
50.2801
50.2771
50.2753
50.2753
50.2771
50.2801
50.2809
50.2875
50.2842
50.2725
50.2677
50.2621
50.2589
50.2589
50.2621
50.2677
50.2725
50.2842
50.2668
50.2515
50.2433
50.2356
50.2313
50.2313
50.2356
50.2433
50.2515
50.2668
50.2447
50.2259
50.2134
50.2034
50.1978
50.1978
50.2034
50.2134
50.2259
50.2447
50.2393
50.1976
50.177
50.1627
50.1552
50.1552
50.1627
50.177
50.1976
50.2393
46.663
46.6661
46.6698
46.6719
46.6731
46.6731
46.6719
46.6698
46.6661
46.663
46.704
46.7088
46.7141
46.7174
46.7191
46.7191
46.7174
46.7141
46.7088
46.704
46.7458
46.7517
46.7583
46.7623
46.7644
46.7644
46.7623
46.7583
46.7517
46.7458
46.7773
46.7831
46.7898
46.7938
46.7959
46.7959
46.7938
46.7898
46.7831
46.7773
46.7987
46.8033
46.8093
46.8126
46.8143
46.8143
46.8126
46.8093
46.8033
46.7987
46.8114
46.8141
46.8188
46.8211
46.8222
46.8222
46.8211
46.8188
46.8141
46.8114
46.8163
46.817
46.8201
46.8212
46.8217
46.8217
46.8212
46.8201
46.817
46.8163
46.8146
46.8137
46.8152
46.8153
46.8152
46.8152
46.8153
46.8152
46.8137
46.8146
46.8105
46.8078
46.807
46.8055
46.8046
46.8046
46.8055
46.807
46.8078
46.8105
46.8146
46.8002
46.7944
46.7902
46.7879
46.7879
46.7902
46.7944
46.8002
46.8146
43.4842
43.4847
43.4852
43.4854
43.4855
43.4855
43.4854
43.4852
43.4847
43.4842
43.5015
43.5028
43.5041
43.5048
43.5051
43.5051
43.5048
43.5041
43.5028
43.5015
43.5211
43.5232
43.5252
43.5263
43.5269
43.5269
43.5263
43.5252
43.5232
43.5211
43.538
43.5404
43.5429
43.5441
43.5448
43.5448
43.5441
43.5429
43.5404
43.538
43.5518
43.5541
43.5565
43.5578
43.5584
43.5584
43.5578
43.5565
43.5541
43.5518
43.5625
43.5644
43.5667
43.5676
43.5681
43.5681
43.5676
43.5667
43.5644
43.5625
43.5704
43.5718
43.5736
43.5742
43.5745
43.5745
43.5742
43.5736
43.5718
43.5704
43.5756
43.5766
43.578
43.5783
43.5783
43.5783
43.5783
43.578
43.5766
43.5756
43.5801
43.5804
43.5808
43.5804
43.5802
43.5802
43.5804
43.5808
43.5804
43.5801
43.5881
43.5832
43.5813
43.5797
43.5789
43.5789
43.5797
43.5813
43.5832
43.5881
40.2694
40.27
40.2707
40.271
40.2712
40.2712
40.271
40.2707
40.27
40.2694
40.276
40.277
40.2779
40.2785
40.2788
40.2788
40.2785
40.2779
40.277
40.276
40.2835
40.2849
40.2862
40.287
40.2874
40.2874
40.287
40.2862
40.2849
40.2835
40.2904
40.292
40.2935
40.2945
40.295
40.295
40.2945
40.2935
40.292
40.2904
40.2965
40.2981
40.2998
40.3007
40.3013
40.3013
40.3007
40.2998
40.2981
40.2965
40.3015
40.3031
40.3048
40.3057
40.3062
40.3062
40.3057
40.3048
40.3031
40.3015
40.3055
40.307
40.3086
40.3094
40.3098
40.3098
40.3094
40.3086
40.307
40.3056
40.3085
40.3099
40.3112
40.3119
40.3123
40.3123
40.3119
40.3112
40.3099
40.3085
40.3112
40.3122
40.3131
40.3135
40.3137
40.3137
40.3135
40.3131
40.3122
40.3112
40.3154
40.3141
40.3139
40.3137
40.3135
40.3135
40.3137
40.3139
40.3141
40.3154
37.0616
37.0617
37.0618
37.0619
37.0619
37.0619
37.0619
37.0618
37.0617
37.0616
37.064
37.0643
37.0646
37.0647
37.0648
37.0648
37.0647
37.0646
37.0643
37.064
37.0672
37.0677
37.0681
37.0683
37.0685
37.0685
37.0683
37.0681
37.0677
37.0672
37.0704
37.071
37.0716
37.0719
37.0721
37.0721
37.0719
37.0716
37.071
37.0704
37.0735
37.0743
37.075
37.0754
37.0756
37.0756
37.0754
37.075
37.0743
37.0735
37.0765
37.0773
37.0781
37.0785
37.0787
37.0787
37.0785
37.0781
37.0773
37.0765
37.0792
37.08
37.0808
37.0812
37.0814
37.0814
37.0812
37.0808
37.08
37.0792
37.0816
37.0825
37.0832
37.0836
37.0838
37.0838
37.0836
37.0832
37.0825
37.0816
37.084
37.0848
37.0854
37.0857
37.0858
37.0858
37.0857
37.0854
37.0848
37.084
37.0869
37.0869
37.087
37.0871
37.0871
37.0871
37.0871
37.087
37.0869
37.0869
33.843
33.8431
33.8432
33.8433
33.8433
33.8433
33.8433
33.8432
33.8431
33.843
33.8438
33.844
33.8441
33.8442
33.8443
33.8443
33.8442
33.8441
33.844
33.8438
33.8449
33.8451
33.8453
33.8455
33.8456
33.8456
33.8455
33.8453
33.8451
33.8449
33.846
33.8464
33.8467
33.8469
33.847
33.847
33.8469
33.8467
33.8464
33.846
33.8473
33.8477
33.848
33.8483
33.8484
33.8484
33.8483
33.848
33.8477
33.8473
33.8485
33.849
33.8494
33.8496
33.8497
33.8497
33.8496
33.8494
33.849
33.8485
33.8497
33.8502
33.8506
33.8509
33.851
33.851
33.8509
33.8506
33.8502
33.8497
33.8508
33.8513
33.8517
33.852
33.8521
33.8521
33.852
33.8517
33.8513
33.8508
33.8518
33.8523
33.8527
33.8529
33.853
33.853
33.8529
33.8527
33.8523
33.8519
33.8532
33.8533
33.8535
33.8536
33.8537
33.8537
33.8536
33.8535
33.8533
33.8532
30.6233
30.6234
30.6234
30.6234
30.6234
30.6234
30.6234
30.6234
30.6234
30.6233
30.6236
30.6236
30.6236
30.6237
30.6237
30.6237
30.6237
30.6236
30.6236
30.6236
30.6239
30.624
30.6241
30.6241
30.6241
30.6241
30.6241
30.6241
30.624
30.6239
30.6244
30.6245
30.6246
30.6247
30.6247
30.6247
30.6247
30.6246
30.6245
30.6244
30.625
30.6252
30.6253
30.6254
30.6254
30.6254
30.6254
30.6253
30.6252
30.625
30.6256
30.6258
30.626
30.6261
30.6261
30.6261
30.6261
30.626
30.6258
30.6256
30.6262
30.6265
30.6267
30.6268
30.6268
30.6268
30.6268
30.6267
30.6265
30.6262
30.6269
30.6271
30.6274
30.6275
30.6275
30.6275
30.6275
30.6274
30.6271
30.6269
30.6275
30.6278
30.628
30.6281
30.6282
30.6282
30.6281
30.628
30.6278
30.6275
30.6283
30.6284
30.6286
30.6287
30.6287
30.6287
30.6287
30.6286
30.6285
30.6283
27.401
27.401
27.401
27.401
27.401
27.401
27.401
27.401
27.401
27.401
27.401
27.401
27.401
27.401
27.401
27.401
27.401
27.401
27.401
27.401
27.4011
27.4011
27.4011
27.4012
27.4012
27.4012
27.4012
27.4011
27.4011
27.4011
27.4012
27.4013
27.4013
27.4013
27.4014
27.4014
27.4013
27.4013
27.4013
27.4012
27.4014
27.4015
27.4015
27.4016
27.4016
27.4016
27.4016
27.4015
27.4015
27.4014
27.4016
27.4017
27.4018
27.4019
27.4019
27.4019
27.4019
27.4018
27.4017
27.4016
27.4019
27.402
27.4021
27.4022
27.4022
27.4022
27.4022
27.4021
27.402
27.4019
27.4022
27.4023
27.4024
27.4024
27.4025
27.4025
27.4024
27.4024
27.4023
27.4022
27.4024
27.4026
27.4027
27.4027
27.4028
27.4028
27.4027
27.4027
27.4026
27.4024
27.4027
27.4028
27.4029
27.403
27.403
27.403
27.403
27.4029
27.4028
27.4027
24.178
24.178
24.178
24.178
24.178
24.178
24.178
24.178
24.178
24.178
24.178
24.178
24.178
24.178
24.178
24.178
24.178
24.178
24.178
24.178
24.178
24.178
24.178
24.178
24.178
24.178
24.178
24.178
24.178
24.178
24.1781
24.1781
24.1781
24.1781
24.1781
24.1781
24.1781
24.1781
24.1781
24.1781
24.1781
24.1782
24.1782
24.1782
24.1782
24.1782
24.1782
24.1782
24.1782
24.1781
24.1782
24.1783
24.1783
24.1783
24.1783
24.1783
24.1783
24.1783
24.1783
24.1782
24.1784
24.1784
24.1785
24.1785
24.1785
24.1785
24.1785
24.1785
24.1784
24.1784
24.1785
24.1786
24.1786
24.1786
24.1786
24.1786
24.1786
24.1786
24.1786
24.1785
24.1786
24.1787
24.1788
24.1788
24.1788
24.1788
24.1788
24.1788
24.1787
24.1786
24.1788
24.1789
24.1789
24.1789
24.1789
24.1789
24.1789
24.1789
24.1789
24.1788
20.9545
20.9545
20.9545
20.9545
20.9545
20.9545
20.9545
20.9545
20.9545
20.9545
20.9545
20.9545
20.9545
20.9545
20.9545
20.9545
20.9545
20.9545
20.9545
20.9545
20.9545
20.9545
20.9545
20.9545
20.9545
20.9545
20.9545
20.9545
20.9545
20.9545
20.9545
20.9545
20.9545
20.9545
20.9545
20.9545
20.9545
20.9545
20.9545
20.9545
20.9545
20.9545
20.9545
20.9545
20.9545
20.9545
20.9545
20.9545
20.9545
20.9545
20.9545
20.9545
20.9546
20.9546
20.9546
20.9546
20.9546
20.9546
20.9545
20.9545
20.9546
20.9546
20.9546
20.9546
20.9546
20.9546
20.9546
20.9546
20.9546
20.9546
20.9546
20.9546
20.9547
20.9547
20.9547
20.9547
20.9547
20.9547
20.9546
20.9546
20.9547
20.9547
20.9547
20.9547
20.9547
20.9547
20.9547
20.9547
20.9547
20.9547
20.9547
20.9548
20.9548
20.9548
20.9548
20.9548
20.9548
20.9548
20.9548
20.9547
17.7308
17.7308
17.7308
17.7308
17.7308
17.7308
17.7308
17.7308
17.7308
17.7308
17.7308
17.7308
17.7308
17.7308
17.7308
17.7308
17.7308
17.7308
17.7308
17.7308
17.7308
17.7308
17.7308
17.7308
17.7308
17.7308
17.7308
17.7308
17.7308
17.7308
17.7308
17.7308
17.7308
17.7308
17.7308
17.7308
17.7308
17.7308
17.7308
17.7308
17.7308
17.7308
17.7308
17.7308
17.7308
17.7308
17.7308
17.7308
17.7308
17.7308
17.7308
17.7308
17.7309
17.7309
17.7309
17.7309
17.7309
17.7309
17.7308
17.7308
17.7309
17.7309
17.7309
17.7309
17.7309
17.7309
17.7309
17.7309
17.7309
17.7309
17.7309
17.7309
17.7309
17.7309
17.7309
17.7309
17.7309
17.7309
17.7309
17.7309
17.7309
17.7309
17.7309
17.7309
17.7309
17.7309
17.7309
17.7309
17.7309
17.7309
17.7309
17.7309
17.731
17.731
17.731
17.731
17.731
17.731
17.7309
17.7309
14.5071
14.5071
14.5071
14.5071
14.5071
14.5071
14.5071
14.5071
14.5071
14.5071
14.5071
14.5071
14.5071
14.5071
14.5071
14.5071
14.5071
14.5071
14.5071
14.5071
14.5071
14.5071
14.5071
14.5071
14.5071
14.5071
14.5071
14.5071
14.5071
14.5071
14.5071
14.5071
14.5071
14.5071
14.5071
14.5071
14.5071
14.5071
14.5071
14.5071
14.5071
14.5071
14.5071
14.5071
14.5071
14.5071
14.5071
14.5071
14.5071
14.5071
14.5071
14.5071
14.5071
14.5071
14.5071
14.5071
14.5071
14.5071
14.5071
14.5071
14.5071
14.5071
14.5071
14.5071
14.5071
14.5071
14.5071
14.5071
14.5071
14.5071
14.5071
14.5071
14.5071
14.5071
14.5071
14.5071
14.5071
14.5071
14.5071
14.5071
14.5071
14.5071
14.5071
14.5071
14.5071
14.5071
14.5071
14.5071
14.5071
14.5071
14.5071
14.5071
14.5071
14.5071
14.5071
14.5071
14.5071
14.5071
14.5071
14.5071
11.2833
11.2833
11.2833
11.2833
11.2833
11.2833
11.2833
11.2833
11.2833
11.2833
11.2833
11.2833
11.2833
11.2833
11.2833
11.2833
11.2833
11.2833
11.2833
11.2833
11.2833
11.2833
11.2833
11.2833
11.2833
11.2833
11.2833
11.2833
11.2833
11.2833
11.2833
11.2833
11.2833
11.2833
11.2833
11.2833
11.2833
11.2833
11.2833
11.2833
11.2833
11.2833
11.2833
11.2833
11.2833
11.2833
11.2833
11.2833
11.2833
11.2833
11.2833
11.2833
11.2833
11.2833
11.2833
11.2833
11.2833
11.2833
11.2833
11.2833
11.2833
11.2833
11.2833
11.2833
11.2833
11.2833
11.2833
11.2833
11.2833
11.2833
11.2833
11.2833
11.2833
11.2833
11.2833
11.2833
11.2833
11.2833
11.2833
11.2833
11.2833
11.2833
11.2833
11.2833
11.2833
11.2833
11.2833
11.2833
11.2833
11.2833
11.2833
11.2833
11.2833
11.2833
11.2833
11.2833
11.2833
11.2833
11.2833
11.2833
8.0595
8.0595
8.0595
8.0595
8.0595
8.0595
8.0595
8.0595
8.0595
8.0595
8.0595
8.0595
8.0595
8.0595
8.0595
8.0595
8.0595
8.0595
8.0595
8.0595
8.0595
8.0595
8.0595
8.0595
8.0595
8.0595
8.0595
8.0595
8.0595
8.0595
8.0595
8.0595
8.0595
8.0595
8.0595
8.0595
8.0595
8.0595
8.0595
8.0595
8.0595
8.0595
8.0595
8.0595
8.0595
8.0595
8.0595
8.0595
8.0595
8.0595
8.0595
8.0595
8.0595
8.0595
8.0595
8.0595
8.0595
8.0595
8.0595
8.0595
8.0595
8.0595
8.0595
8.0595
8.0595
8.0595
8.0595
8.0595
8.0595
8.0595
8.0595
8.0595
8.0595
8.0595
8.0595
8.0595
8.0595
8.0595
8.0595
8.0595
8.0595
8.0595
8.0595
8.0595
8.0595
8.0595
8.0595
8.0595
8.0595
8.0595
8.0595
8.0595
8.0595
8.0595
8.0595
8.0595
8.0595
8.0595
8.0595
8.0595
4.8357
4.8357
4.8357
4.8357
4.8357
4.8357
4.8357
4.8357
4.8357
4.8357
4.8357
4.8357
4.8357
4.8357
4.8357
4.8357
4.8357
4.8357
4.8357
4.8357
4.8357
4.8357
4.8357
4.8357
4.8357
4.8357
4.8357
4.8357
4.8357
4.8357
4.8357
4.8357
4.8357
4.8357
4.8357
4.8357
4.8357
4.8357
4.8357
4.8357
4.8357
4.8357
4.8357
4.8357
4.8357
4.8357
4.8357
4.8357
4.8357
4.8357
4.8357
4.8357
4.8357
4.8357
4.8357
4.8357
4.8357
4.8357
4.8357
4.8357
4.8357
4.8357
4.8357
4.8357
4.8357
4.8357
4.8357
4.8357
4.8357
4.8357
4.8357
4.8357
4.8357
4.8357
4.8357
4.8357
4.8357
4.8357
4.8357
4.8357
4.8357
4.8357
4.8357
4.8357
4.8357
4.8357
4.8357
4.8357
4.8357
4.8357
4.8357
4.8357
4.8357
4.8357
4.8357
4.8357
4.8357
4.8357
4.8357
4.8357
1.6119
1.6119
1.6119
1.6119
1.6119
1.6119
1.6119
1.6119
1.6119
1.6119
1.6119
1.6119
1.6119
1.6119
1.6119
1.6119
1.6119
1.6119
1.6119
1.6119
1.6119
1.6119
1.6119
1.6119
1.6119
1.6119
1.6119
1.6119
1.6119
1.6119
1.6119
1.6119
1.6119
1.6119
1.6119
1.6119
1.6119
1.6119
1.6119
1.6119
1.6119
1.6119
1.6119
1.6119
1.6119
1.6119
1.6119
1.6119
1.6119
1.6119
1.6119
1.6119
1.6119
1.6119
1.6119
1.6119
1.6119
1.6119
1.6119
1.6119
1.6119
1.6119
1.6119
1.6119
1.6119
1.6119
1.6119
1.6119
1.6119
1.6119
1.6119
1.6119
1.6119
1.6119
1.6119
1.6119
1.6119
1.6119
1.6119
1.6119
1.6119
1.6119
1.6119
1.6119
1.6119
1.6119
1.6119
1.6119
1.6119
1.6119
1.6119
1.6119
1.61189
1.61189
1.61189
1.61189
1.61189
1.61189
1.6119
1.6119
98.3681
97.7875
97.4229
97.1564
97.0182
97.0182
97.1564
97.4229
97.7875
98.3681
89.2535
88.4058
87.8475
87.4528
87.2495
87.2495
87.4528
87.8475
88.4058
89.2535
81.6864
80.7109
80.0743
79.6307
79.4031
79.4031
79.6307
80.0743
80.7109
81.6864
76.4617
75.4595
74.8139
74.3707
74.1436
74.1436
74.3707
74.8139
75.4595
76.4617
72.5411
71.5462
70.9085
70.4794
70.2596
70.2596
70.4794
70.9085
71.5462
72.5412
69.3658
68.3979
67.7759
67.3677
67.159
67.159
67.3677
67.7759
68.3979
69.3658
66.7467
65.8266
65.2301
64.849
64.6549
64.6549
64.849
65.2301
65.8266
66.7467
64.5777
63.7288
63.17
62.8215
62.6448
62.6448
62.8215
63.17
63.7288
64.5777
62.7788
62.0173
61.5088
61.1977
61.0401
61.0401
61.1977
61.5088
62.0173
62.7788
61.3704
60.609
60.1593
59.8858
59.7471
59.7471
59.8858
60.1593
60.609
61.3704
62.4698
62.6422
62.8299
62.9564
63.0219
63.0219
62.9564
62.8299
62.6422
62.4698
62.8922
62.9867
63.1132
63.1944
63.2359
63.2359
63.1944
63.1132
62.9867
62.8922
62.8694
62.8666
62.9192
62.9475
62.9615
62.9615
62.9475
62.9192
62.8666
62.8694
62.4599
62.3671
62.3518
62.3334
62.3233
62.3233
62.3334
62.3518
62.3671
62.4599
61.8661
61.6993
61.6262
61.5704
61.541
61.541
61.5704
61.6262
61.6993
61.8661
61.1968
60.9744
60.8545
60.7706
60.7269
60.7269
60.7706
60.8545
60.9744
61.1968
60.5069
60.249
60.0953
59.9932
59.9403
59.9403
59.9932
60.0953
60.249
60.5069
59.8279
59.5582
59.3862
59.2755
59.2184
59.2184
59.2755
59.3862
59.5582
59.8279
59.1955
58.93
58.7515
58.6394
58.5812
58.5812
58.6394
58.7515
58.93
59.1955
58.7127
58.3654
58.182
58.0692
58.0105
58.0105
58.0692
58.182
58.3654
58.7127
57.8719
57.8576
57.8594
57.8559
57.8544
57.8544
57.8559
57.8594
57.8576
57.8719
58.2825
58.266
58.2671
58.2621
58.2594
58.2594
58.2621
58.2671
58.266
58.2825
58.6225
58.5876
58.5773
58.5625
58.5546
58.5546
58.5625
58.5773
58.5876
58.6225
58.6759
58.6077
58.5754
58.5446
58.5283
58.5283
58.5446
58.5754
58.6077
58.6759
58.5324
58.4291
58.3725
58.3258
58.301
58.301
58.3258
58.3725
58.4291
58.5324
58.2864
58.1526
58.0737
58.0136
57.982
57.982
58.0136
58.0737
58.1526
58.2864
57.9861
57.83
57.733
57.6636
57.6272
57.6272
57.6636
57.733
57.83
57.9861
57.6582
57.492
57.3837
57.3093
57.2705
57.2705
57.3093
57.3837
57.492
57.6582
57.3358
57.167
57.0513
56.9746
56.9346
56.9346
56.9746
57.0513
57.167
57.3358
57.0936
56.8608
56.7346
56.6541
56.6123
56.6123
56.6541
56.7346
56.8608
57.0936
53.1731
53.1928
53.2177
53.2337
53.2421
53.2421
53.2337
53.2177
53.1928
53.1731
53.3831
53.4066
53.4356
53.4539
53.4636
53.4636
53.4539
53.4356
53.4066
53.3831
53.5615
53.5828
53.6114
53.6289
53.6381
53.6381
53.6289
53.6114
53.5828
53.5615
53.6476
53.6585
53.6804
53.6925
53.6988
53.6988
53.6925
53.6804
53.6585
53.6476
53.6621
53.6588
53.6703
53.6749
53.6772
53.6772
53.6749
53.6703
53.6588
53.6621
53.6286
53.6104
53.6106
53.6075
53.6058
53.6058
53.6075
53.6106
53.6104
53.6286
53.5606
53.5297
53.5191
53.5094
53.5041
53.5041
53.5094
53.5191
53.5297
53.5606
53.4679
53.4289
53.4101
53.3953
53.3873
53.3873
53.3953
53.4101
53.4289
53.4679
53.3684
53.3237
53.2966
53.2773
53.2668
53.2668
53.2773
53.2966
53.3237
53.3684
53.3073
53.2188
53.1779
53.1511
53.137
53.137
53.1511
53.1779
53.2188
53.3073
49.9668
49.9669
49.9689
49.969
49.9691
49.9691
49.969
49.9689
49.9669
49.9668
50.0652
50.0689
50.0741
50.0764
50.0775
50.0775
50.0764
50.0741
50.0689
50.0652
50.1657
50.1709
50.1777
50.1808
50.1824
50.1824
50.1808
50.1778
50.1709
50.1657
50.2341
50.2372
50.243
50.2449
50.2459
50.2459
50.245
50.243
50.2372
50.2341
50.2724
50.2711
50.2742
50.2738
50.2735
50.2735
50.2738
50.2742
50.2711
50.2724
50.2875
50.2809
50.2801
50.2771
50.2753
50.2753
50.2771
50.2801
50.2809
50.2875
50.2842
50.2725
50.2677
50.2621
50.2589
50.2589
50.2621
50.2677
50.2725
50.2842
50.2668
50.2515
50.2433
50.2356
50.2313
50.2313
50.2356
50.2433
50.2515
50.2668
50.2447
50.2259
50.2134
50.2034
50.1978
50.1978
50.2034
50.2134
50.2259
50.2447
50.2393
50.1976
50.177
50.1627
50.1552
50.1552
50.1627
50.177
50.1976
50.2393
46.663
46.6661
46.6698
46.6719
46.6731
46.6731
46.6719
46.6698
46.6661
46.663
46.704
46.7088
46.7141
46.7174
46.7191
46.7191
46.7174
46.7141
46.7088
46.704
46.7458
46.7517
46.7583
46.7623
46.7644
46.7644
46.7623
46.7583
46.7517
46.7458
46.7773
46.7831
46.7898
46.7938
46.7959
46.7959
46.7938
46.7898
46.7831
46.7773
46.7987
46.8033
46.8093
46.8126
46.8143
46.8143
46.8126
46.8093
46.8033
46.7987
46.8114
46.8141
46.8188
46.8211
46.8222
46.8222
46.8211
46.8188
46.8141
46.8114
46.8163
46.817
46.8201
46.8212
46.8217
46.8217
46.8212
46.8201
46.817
46.8163
46.8146
46.8137
46.8152
46.8153
46.8152
46.8152
46.8153
46.8152
46.8137
46.8146
46.8105
46.8078
46.807
46.8055
46.8046
46.8046
46.8055
46.807
46.8078
46.8105
46.8146
46.8002
46.7944
46.7902
46.7879
46.7879
46.7902
46.7944
46.8002
46.8147
43.4842
43.4847
43.4852
43.4854
43.4855
43.4855
43.4854
43.4852
43.4847
43.4842
43.5015
43.5028
43.5041
43.5048
43.5051
43.5051
43.5048
43.5041
43.5028
43.5015
43.5211
43.5232
43.5252
43.5263
43.5269
43.5269
43.5263
43.5252
43.5232
43.5211
43.538
43.5404
43.5429
43.5441
43.5448
43.5448
43.5441
43.5429
43.5404
43.538
43.5518
43.5541
43.5565
43.5578
43.5584
43.5584
43.5578
43.5565
43.5541
43.5518
43.5625
43.5644
43.5667
43.5676
43.5681
43.5681
43.5676
43.5667
43.5644
43.5625
43.5704
43.5718
43.5736
43.5742
43.5745
43.5745
43.5742
43.5736
43.5718
43.5704
43.5756
43.5766
43.578
43.5783
43.5783
43.5783
43.5783
43.578
43.5766
43.5756
43.5801
43.5804
43.5808
43.5804
43.5802
43.5802
43.5804
43.5808
43.5804
43.5802
43.5881
43.5832
43.5813
43.5797
43.5789
43.5789
43.5797
43.5813
43.5832
43.5881
40.2694
40.27
40.2707
40.271
40.2712
40.2712
40.271
40.2707
40.27
40.2694
40.276
40.277
40.2779
40.2785
40.2789
40.2789
40.2785
40.2779
40.277
40.276
40.2835
40.2849
40.2862
40.287
40.2874
40.2874
40.287
40.2862
40.2849
40.2835
40.2904
40.292
40.2935
40.2945
40.295
40.295
40.2945
40.2935
40.292
40.2904
40.2965
40.2981
40.2998
40.3007
40.3013
40.3013
40.3007
40.2998
40.2981
40.2965
40.3015
40.3031
40.3048
40.3057
40.3062
40.3062
40.3057
40.3048
40.3031
40.3015
40.3056
40.307
40.3086
40.3094
40.3098
40.3098
40.3094
40.3086
40.307
40.3056
40.3085
40.3099
40.3112
40.3119
40.3123
40.3123
40.3119
40.3112
40.3099
40.3085
40.3112
40.3122
40.3131
40.3135
40.3137
40.3137
40.3135
40.3131
40.3122
40.3112
40.3154
40.3141
40.3139
40.3137
40.3135
40.3135
40.3137
40.3139
40.3141
40.3154
37.0616
37.0617
37.0618
37.0619
37.0619
37.0619
37.0619
37.0618
37.0617
37.0616
37.064
37.0643
37.0646
37.0647
37.0648
37.0648
37.0647
37.0646
37.0643
37.064
37.0672
37.0677
37.0681
37.0683
37.0685
37.0685
37.0683
37.0681
37.0677
37.0672
37.0704
37.071
37.0716
37.0719
37.0721
37.0721
37.0719
37.0716
37.071
37.0704
37.0735
37.0743
37.075
37.0754
37.0756
37.0756
37.0754
37.075
37.0743
37.0735
37.0765
37.0773
37.0781
37.0785
37.0787
37.0787
37.0785
37.0781
37.0773
37.0765
37.0792
37.08
37.0808
37.0812
37.0814
37.0814
37.0812
37.0808
37.08
37.0792
37.0816
37.0825
37.0832
37.0836
37.0838
37.0838
37.0836
37.0832
37.0825
37.0816
37.084
37.0848
37.0854
37.0857
37.0858
37.0858
37.0857
37.0854
37.0848
37.084
37.0869
37.0869
37.087
37.0871
37.0871
37.0871
37.0871
37.087
37.0869
37.0869
33.843
33.8431
33.8432
33.8433
33.8433
33.8433
33.8433
33.8432
33.8431
33.843
33.8438
33.844
33.8441
33.8442
33.8443
33.8443
33.8442
33.8441
33.844
33.8438
33.8449
33.8451
33.8453
33.8455
33.8456
33.8456
33.8455
33.8453
33.8451
33.8449
33.846
33.8464
33.8467
33.8469
33.847
33.847
33.8469
33.8467
33.8464
33.846
33.8473
33.8477
33.848
33.8483
33.8484
33.8484
33.8483
33.848
33.8477
33.8473
33.8485
33.849
33.8494
33.8496
33.8497
33.8497
33.8496
33.8494
33.849
33.8485
33.8497
33.8502
33.8506
33.8509
33.851
33.851
33.8509
33.8506
33.8502
33.8497
33.8508
33.8513
33.8517
33.852
33.8521
33.8521
33.852
33.8517
33.8513
33.8508
33.8519
33.8523
33.8527
33.8529
33.853
33.853
33.8529
33.8527
33.8523
33.8519
33.8532
33.8533
33.8535
33.8536
33.8537
33.8537
33.8536
33.8535
33.8533
33.8532
30.6233
30.6234
30.6234
30.6234
30.6234
30.6234
30.6234
30.6234
30.6234
30.6233
30.6236
30.6236
30.6236
30.6237
30.6237
30.6237
30.6237
30.6236
30.6236
30.6236
30.6239
30.624
30.6241
30.6241
30.6241
30.6241
30.6241
30.6241
30.624
30.6239
30.6244
30.6245
30.6246
30.6247
30.6247
30.6247
30.6247
30.6246
30.6245
30.6244
30.625
30.6252
30.6253
30.6254
30.6254
30.6254
30.6254
30.6253
30.6252
30.625
30.6256
30.6258
30.626
30.6261
30.6261
30.6261
30.6261
30.626
30.6258
30.6256
30.6262
30.6265
30.6267
30.6268
30.6268
30.6268
30.6268
30.6267
30.6265
30.6262
30.6269
30.6271
30.6274
30.6275
30.6275
30.6275
30.6275
30.6274
30.6271
30.6269
30.6275
30.6278
30.628
30.6281
30.6282
30.6282
30.6281
30.628
30.6278
30.6275
30.6283
30.6285
30.6286
30.6287
30.6287
30.6287
30.6287
30.6286
30.6285
30.6283
27.401
27.401
27.401
27.401
27.401
27.401
27.401
27.401
27.401
27.401
27.401
27.401
27.401
27.401
27.401
27.401
27.401
27.401
27.401
27.401
27.4011
27.4011
27.4011
27.4012
27.4012
27.4012
27.4012
27.4011
27.4011
27.4011
27.4012
27.4013
27.4013
27.4013
27.4014
27.4014
27.4013
27.4013
27.4013
27.4012
27.4014
27.4015
27.4015
27.4016
27.4016
27.4016
27.4016
27.4015
27.4015
27.4014
27.4016
27.4017
27.4018
27.4019
27.4019
27.4019
27.4019
27.4018
27.4017
27.4016
27.4019
27.402
27.4021
27.4022
27.4022
27.4022
27.4022
27.4021
27.402
27.4019
27.4022
27.4023
27.4024
27.4024
27.4025
27.4025
27.4024
27.4024
27.4023
27.4022
27.4024
27.4026
27.4027
27.4027
27.4028
27.4028
27.4027
27.4027
27.4026
27.4024
27.4027
27.4028
27.4029
27.403
27.403
27.403
27.403
27.4029
27.4028
27.4027
24.178
24.178
24.178
24.178
24.178
24.178
24.178
24.178
24.178
24.178
24.178
24.178
24.178
24.178
24.178
24.178
24.178
24.178
24.178
24.178
24.178
24.178
24.178
24.178
24.178
24.178
24.178
24.178
24.178
24.178
24.1781
24.1781
24.1781
24.1781
24.1781
24.1781
24.1781
24.1781
24.1781
24.1781
24.1781
24.1782
24.1782
24.1782
24.1782
24.1782
24.1782
24.1782
24.1782
24.1781
24.1782
24.1783
24.1783
24.1783
24.1783
24.1783
24.1783
24.1783
24.1783
24.1782
24.1784
24.1784
24.1785
24.1785
24.1785
24.1785
24.1785
24.1785
24.1784
24.1784
24.1785
24.1786
24.1786
24.1786
24.1786
24.1786
24.1786
24.1786
24.1786
24.1785
24.1786
24.1787
24.1788
24.1788
24.1788
24.1788
24.1788
24.1788
24.1787
24.1786
24.1788
24.1789
24.1789
24.1789
24.1789
24.1789
24.1789
24.1789
24.1789
24.1788
20.9545
20.9545
20.9545
20.9545
20.9545
20.9545
20.9545
20.9545
20.9545
20.9545
20.9545
20.9545
20.9545
20.9545
20.9545
20.9545
20.9545
20.9545
20.9545
20.9545
20.9545
20.9545
20.9545
20.9545
20.9545
20.9545
20.9545
20.9545
20.9545
20.9545
20.9545
20.9545
20.9545
20.9545
20.9545
20.9545
20.9545
20.9545
20.9545
20.9545
20.9545
20.9545
20.9545
20.9545
20.9545
20.9545
20.9545
20.9545
20.9545
20.9545
20.9545
20.9545
20.9546
20.9546
20.9546
20.9546
20.9546
20.9546
20.9545
20.9545
20.9546
20.9546
20.9546
20.9546
20.9546
20.9546
20.9546
20.9546
20.9546
20.9546
20.9546
20.9546
20.9547
20.9547
20.9547
20.9547
20.9547
20.9547
20.9546
20.9546
20.9547
20.9547
20.9547
20.9547
20.9547
20.9547
20.9547
20.9547
20.9547
20.9547
20.9547
20.9548
20.9548
20.9548
20.9548
20.9548
20.9548
20.9548
20.9548
20.9547
17.7308
17.7308
17.7308
17.7308
17.7308
17.7308
17.7308
17.7308
17.7308
17.7308
17.7308
17.7308
17.7308
17.7308
17.7308
17.7308
17.7308
17.7308
17.7308
17.7308
17.7308
17.7308
17.7308
17.7308
17.7308
17.7308
17.7308
17.7308
17.7308
17.7308
17.7308
17.7308
17.7308
17.7308
17.7308
17.7308
17.7308
17.7308
17.7308
17.7308
17.7308
17.7308
17.7308
17.7308
17.7308
17.7308
17.7308
17.7308
17.7308
17.7308
17.7308
17.7308
17.7309
17.7309
17.7309
17.7309
17.7309
17.7309
17.7308
17.7308
17.7309
17.7309
17.7309
17.7309
17.7309
17.7309
17.7309
17.7309
17.7309
17.7309
17.7309
17.7309
17.7309
17.7309
17.7309
17.7309
17.7309
17.7309
17.7309
17.7309
17.7309
17.7309
17.7309
17.7309
17.7309
17.7309
17.7309
17.7309
17.7309
17.7309
17.7309
17.7309
17.731
17.731
17.731
17.731
17.731
17.731
17.7309
17.7309
14.5071
14.5071
14.5071
14.5071
14.5071
14.5071
14.5071
14.5071
14.5071
14.5071
14.5071
14.5071
14.5071
14.5071
14.5071
14.5071
14.5071
14.5071
14.5071
14.5071
14.5071
14.5071
14.5071
14.5071
14.5071
14.5071
14.5071
14.5071
14.5071
14.5071
14.5071
14.5071
14.5071
14.5071
14.5071
14.5071
14.5071
14.5071
14.5071
14.5071
14.5071
14.5071
14.5071
14.5071
14.5071
14.5071
14.5071
14.5071
14.5071
14.5071
14.5071
14.5071
14.5071
14.5071
14.5071
14.5071
14.5071
14.5071
14.5071
14.5071
14.5071
14.5071
14.5071
14.5071
14.5071
14.5071
14.5071
14.5071
14.5071
14.5071
14.5071
14.5071
14.5071
14.5071
14.5071
14.5071
14.5071
14.5071
14.5071
14.5071
14.5071
14.5071
14.5071
14.5071
14.5071
14.5071
14.5071
14.5071
14.5071
14.5071
14.5071
14.5071
14.5071
14.5071
14.5071
14.5071
14.5071
14.5071
14.5071
14.5071
11.2833
11.2833
11.2833
11.2833
11.2833
11.2833
11.2833
11.2833
11.2833
11.2833
11.2833
11.2833
11.2833
11.2833
11.2833
11.2833
11.2833
11.2833
11.2833
11.2833
11.2833
11.2833
11.2833
11.2833
11.2833
11.2833
11.2833
11.2833
11.2833
11.2833
11.2833
11.2833
11.2833
11.2833
11.2833
11.2833
11.2833
11.2833
11.2833
11.2833
11.2833
11.2833
11.2833
11.2833
11.2833
11.2833
11.2833
11.2833
11.2833
11.2833
11.2833
11.2833
11.2833
11.2833
11.2833
11.2833
11.2833
11.2833
11.2833
11.2833
11.2833
11.2833
11.2833
11.2833
11.2833
11.2833
11.2833
11.2833
11.2833
11.2833
11.2833
11.2833
11.2833
11.2833
11.2833
11.2833
11.2833
11.2833
11.2833
11.2833
11.2833
11.2833
11.2833
11.2833
11.2833
11.2833
11.2833
11.2833
11.2833
11.2833
11.2833
11.2833
11.2833
11.2833
11.2833
11.2833
11.2833
11.2833
11.2833
11.2833
8.0595
8.0595
8.0595
8.0595
8.0595
8.0595
8.0595
8.0595
8.0595
8.0595
8.0595
8.0595
8.0595
8.0595
8.0595
8.0595
8.0595
8.0595
8.0595
8.0595
8.0595
8.0595
8.0595
8.0595
8.0595
8.0595
8.0595
8.0595
8.0595
8.0595
8.0595
8.0595
8.0595
8.0595
8.0595
8.0595
8.0595
8.0595
8.0595
8.0595
8.0595
8.0595
8.0595
8.0595
8.0595
8.0595
8.0595
8.0595
8.0595
8.0595
8.0595
8.0595
8.0595
8.0595
8.0595
8.0595
8.0595
8.0595
8.0595
8.0595
8.0595
8.0595
8.0595
8.0595
8.0595
8.0595
8.0595
8.0595
8.0595
8.0595
8.0595
8.0595
8.0595
8.0595
8.0595
8.0595
8.0595
8.0595
8.0595
8.0595
8.0595
8.0595
8.0595
8.0595
8.0595
8.0595
8.0595
8.0595
8.0595
8.0595
8.0595
8.0595
8.0595
8.0595
8.0595
8.0595
8.0595
8.0595
8.0595
8.0595
4.8357
4.8357
4.8357
4.8357
4.8357
4.8357
4.8357
4.8357
4.8357
4.8357
4.8357
4.8357
4.8357
4.8357
4.8357
4.8357
4.8357
4.8357
4.8357
4.8357
4.8357
4.8357
4.8357
4.8357
4.8357
4.8357
4.8357
4.8357
4.8357
4.8357
4.8357
4.8357
4.8357
4.8357
4.8357
4.8357
4.8357
4.8357
4.8357
4.8357
4.8357
4.8357
4.8357
4.8357
4.8357
4.8357
4.8357
4.8357
4.8357
4.8357
4.8357
4.8357
4.8357
4.8357
4.8357
4.8357
4.8357
4.8357
4.8357
4.8357
4.8357
4.8357
4.8357
4.8357
4.8357
4.8357
4.8357
4.8357
4.8357
4.8357
4.8357
4.8357
4.8357
4.8357
4.8357
4.8357
4.8357
4.8357
4.8357
4.8357
4.8357
4.8357
4.8357
4.8357
4.8357
4.8357
4.8357
4.8357
4.8357
4.8357
4.8357
4.8357
4.8357
4.8357
4.8357
4.8357
4.8357
4.8357
4.8357
4.8357
1.6119
1.6119
1.6119
1.6119
1.6119
1.6119
1.6119
1.6119
1.6119
1.6119
1.6119
1.6119
1.6119
1.6119
1.6119
1.6119
1.6119
1.6119
1.6119
1.6119
1.6119
1.6119
1.6119
1.6119
1.6119
1.6119
1.6119
1.6119
1.6119
1.6119
1.6119
1.6119
1.6119
1.6119
1.6119
1.6119
1.6119
1.6119
1.6119
1.6119
1.6119
1.6119
1.6119
1.6119
1.6119
1.6119
1.6119
1.6119
1.6119
1.6119
1.6119
1.6119
1.6119
1.6119
1.6119
1.6119
1.6119
1.6119
1.6119
1.6119
1.6119
1.6119
1.6119
1.6119
1.6119
1.6119
1.6119
1.6119
1.6119
1.6119
1.6119
1.6119
1.6119
1.6119
1.6119
1.6119
1.6119
1.6119
1.6119
1.6119
1.6119
1.6119
1.6119
1.6119
1.6119
1.6119
1.6119
1.6119
1.6119
1.6119
1.6119
1.6119
1.61189
1.61189
1.61189
1.61189
1.61189
1.61189
1.61189
1.6119
98.3681
97.7875
97.4229
97.1564
97.0182
97.0182
97.1564
97.4229
97.7875
98.3681
89.2535
88.4058
87.8475
87.4528
87.2495
87.2495
87.4528
87.8475
88.4058
89.2535
81.6864
80.7109
80.0743
79.6307
79.4031
79.4031
79.6307
80.0743
80.7109
81.6864
76.4617
75.4595
74.8139
74.3707
74.1436
74.1436
74.3707
74.8139
75.4595
76.4617
72.5412
71.5462
70.9085
70.4794
70.2596
70.2596
70.4794
70.9085
71.5462
72.5411
69.3658
68.3979
67.7759
67.3677
67.159
67.159
67.3677
67.7759
68.3979
69.3658
66.7467
65.8266
65.2301
64.849
64.6549
64.6549
64.849
65.2301
65.8266
66.7467
64.5777
63.7288
63.17
62.8215
62.6448
62.6448
62.8215
63.17
63.7288
64.5777
62.7788
62.0173
61.5088
61.1977
61.0401
61.0401
61.1977
61.5088
62.0173
62.7788
61.3704
60.609
60.1593
59.8858
59.7471
59.7471
59.8858
60.1593
60.609
61.3704
62.4698
62.6422
62.8299
62.9564
63.0219
63.0219
62.9564
62.8299
62.6422
62.4698
62.8922
62.9867
63.1132
63.1944
63.2359
63.2359
63.1944
63.1132
62.9867
62.8922
62.8694
62.8666
62.9192
62.9475
62.9615
62.9615
62.9475
62.9192
62.8666
62.8694
62.4599
62.3671
62.3518
62.3334
62.3233
62.3233
62.3334
62.3518
62.3671
62.4599
61.8661
61.6993
61.6262
61.5704
61.541
61.541
61.5704
61.6262
61.6993
61.8661
61.1968
60.9744
60.8545
60.7706
60.7269
60.7269
60.7706
60.8545
60.9744
61.1968
60.5069
60.249
60.0953
59.9932
59.9403
59.9403
59.9932
60.0953
60.249
60.5069
59.8279
59.5582
59.3862
59.2755
59.2184
59.2184
59.2755
59.3862
59.5582
59.8279
59.1955
58.93
58.7515
58.6394
58.5812
58.5812
58.6394
58.7515
58.93
59.1955
58.7127
58.3654
58.182
58.0692
58.0105
58.0105
58.0692
58.182
58.3654
58.7127
57.8719
57.8576
57.8594
57.8559
57.8544
57.8544
57.8559
57.8594
57.8576
57.8719
58.2825
58.266
58.2671
58.2621
58.2594
58.2594
58.2621
58.2671
58.266
58.2825
58.6225
58.5876
58.5773
58.5625
58.5546
58.5546
58.5625
58.5773
58.5876
58.6225
58.6759
58.6077
58.5754
58.5446
58.5283
58.5283
58.5446
58.5754
58.6077
58.6759
58.5324
58.4291
58.3725
58.3258
58.301
58.301
58.3258
58.3725
58.4291
58.5324
58.2864
58.1526
58.0737
58.0136
57.982
57.982
58.0136
58.0737
58.1526
58.2864
57.9861
57.83
57.733
57.6636
57.6272
57.6272
57.6636
57.733
57.83
57.9861
57.6582
57.492
57.3837
57.3093
57.2705
57.2705
57.3093
57.3837
57.492
57.6582
57.3358
57.167
57.0513
56.9746
56.9346
56.9346
56.9746
57.0513
57.167
57.3358
57.0936
56.8608
56.7346
56.6541
56.6123
56.6123
56.6541
56.7346
56.8608
57.0936
53.1731
53.1928
53.2177
53.2337
53.2421
53.2421
53.2337
53.2177
53.1928
53.1731
53.3831
53.4066
53.4356
53.4539
53.4636
53.4636
53.4539
53.4356
53.4066
53.3831
53.5615
53.5828
53.6114
53.6289
53.6381
53.6381
53.6289
53.6114
53.5828
53.5615
53.6476
53.6585
53.6804
53.6925
53.6988
53.6988
53.6925
53.6804
53.6585
53.6476
53.6621
53.6588
53.6703
53.6749
53.6772
53.6772
53.6749
53.6703
53.6588
53.6621
53.6286
53.6104
53.6106
53.6075
53.6058
53.6058
53.6075
53.6106
53.6104
53.6286
53.5606
53.5297
53.5191
53.5094
53.5041
53.5041
53.5094
53.5191
53.5297
53.5606
53.4679
53.4289
53.4101
53.3953
53.3873
53.3873
53.3953
53.4101
53.4289
53.4679
53.3684
53.3237
53.2966
53.2773
53.2668
53.2668
53.2773
53.2966
53.3237
53.3684
53.3073
53.2188
53.1779
53.1511
53.137
53.137
53.1511
53.1779
53.2188
53.3073
49.9668
49.9669
49.9689
49.969
49.9691
49.9691
49.969
49.9689
49.9669
49.9668
50.0652
50.0689
50.0741
50.0764
50.0775
50.0775
50.0764
50.0741
50.0689
50.0652
50.1657
50.1709
50.1778
50.1808
50.1824
50.1824
50.1808
50.1777
50.1709
50.1657
50.2341
50.2372
50.243
50.245
50.2459
50.2459
50.2449
50.243
50.2372
50.2341
50.2724
50.2711
50.2742
50.2738
50.2735
50.2735
50.2738
50.2742
50.2711
50.2724
50.2875
50.2809
50.2801
50.2771
50.2753
50.2753
50.2771
50.2801
50.2809
50.2875
50.2842
50.2725
50.2677
50.2621
50.2589
50.2589
50.2621
50.2677
50.2725
50.2842
50.2668
50.2515
50.2433
50.2356
50.2313
50.2313
50.2356
50.2433
50.2515
50.2668
50.2447
50.2259
50.2134
50.2034
50.1978
50.1978
50.2034
50.2134
50.2259
50.2447
50.2393
50.1976
50.177
50.1627
50.1552
50.1552
50.1627
50.177
50.1976
50.2393
46.663
46.6661
46.6698
46.6719
46.6731
46.6731
46.6719
46.6698
46.6661
46.663
46.704
46.7088
46.7141
46.7174
46.7191
46.7191
46.7174
46.7141
46.7088
46.704
46.7458
46.7517
46.7583
46.7623
46.7644
46.7644
46.7623
46.7583
46.7517
46.7458
46.7773
46.7831
46.7898
46.7938
46.7959
46.7959
46.7938
46.7898
46.7831
46.7773
46.7987
46.8033
46.8093
46.8126
46.8143
46.8143
46.8126
46.8093
46.8033
46.7987
46.8114
46.8141
46.8188
46.8211
46.8222
46.8222
46.8211
46.8188
46.8141
46.8114
46.8163
46.817
46.8201
46.8212
46.8217
46.8217
46.8212
46.8201
46.817
46.8163
46.8146
46.8137
46.8152
46.8153
46.8152
46.8152
46.8153
46.8152
46.8137
46.8146
46.8105
46.8078
46.807
46.8055
46.8046
46.8046
46.8055
46.807
46.8078
46.8105
46.8147
46.8002
46.7944
46.7902
46.7879
46.7879
46.7902
46.7944
46.8002
46.8146
43.4842
43.4847
43.4852
43.4854
43.4855
43.4855
43.4854
43.4852
43.4847
43.4842
43.5015
43.5028
43.5041
43.5048
43.5051
43.5051
43.5048
43.5041
43.5028
43.5015
43.5211
43.5232
43.5252
43.5263
43.5269
43.5269
43.5263
43.5252
43.5232
43.5211
43.538
43.5404
43.5429
43.5441
43.5448
43.5448
43.5441
43.5429
43.5404
43.538
43.5518
43.5541
43.5565
43.5578
43.5584
43.5584
43.5578
43.5565
43.5541
43.5518
43.5625
43.5644
43.5667
43.5676
43.5681
43.5681
43.5676
43.5667
43.5644
43.5625
43.5704
43.5718
43.5736
43.5742
43.5745
43.5745
43.5742
43.5736
43.5718
43.5704
43.5756
43.5766
43.578
43.5783
43.5783
43.5783
43.5783
43.578
43.5766
43.5756
43.5802
43.5804
43.5808
43.5804
43.5802
43.5802
43.5804
43.5808
43.5804
43.5801
43.5881
43.5832
43.5813
43.5797
43.5789
43.5789
43.5797
43.5813
43.5832
43.5881
40.2694
40.27
40.2707
40.271
40.2712
40.2712
40.271
40.2707
40.27
40.2694
40.276
40.277
40.2779
40.2785
40.2789
40.2789
40.2785
40.2779
40.277
40.276
40.2835
40.2849
40.2862
40.287
40.2874
40.2874
40.287
40.2862
40.2849
40.2835
40.2904
40.292
40.2935
40.2945
40.295
40.295
40.2945
40.2935
40.292
40.2904
40.2965
40.2981
40.2998
40.3007
40.3013
40.3013
40.3007
40.2998
40.2981
40.2965
40.3015
40.3031
40.3048
40.3057
40.3062
40.3062
40.3057
40.3048
40.3031
40.3015
40.3056
40.307
40.3086
40.3094
40.3098
40.3098
40.3094
40.3086
40.307
40.3056
40.3085
40.3099
40.3112
40.3119
40.3123
40.3123
40.3119
40.3112
40.3099
40.3085
40.3112
40.3122
40.3131
40.3135
40.3137
40.3137
40.3135
40.3131
40.3122
40.3112
40.3154
40.3141
40.3139
40.3137
40.3135
40.3135
40.3137
40.3139
40.3141
40.3154
37.0616
37.0617
37.0618
37.0619
37.0619
37.0619
37.0619
37.0618
37.0617
37.0616
37.064
37.0643
37.0646
37.0647
37.0648
37.0648
37.0647
37.0646
37.0643
37.064
37.0672
37.0677
37.0681
37.0683
37.0685
37.0685
37.0683
37.0681
37.0677
37.0672
37.0704
37.071
37.0716
37.0719
37.0721
37.0721
37.0719
37.0716
37.071
37.0704
37.0735
37.0743
37.075
37.0754
37.0756
37.0756
37.0754
37.075
37.0743
37.0735
37.0765
37.0773
37.0781
37.0785
37.0787
37.0787
37.0785
37.0781
37.0773
37.0765
37.0792
37.08
37.0808
37.0812
37.0814
37.0814
37.0812
37.0808
37.08
37.0792
37.0816
37.0825
37.0832
37.0836
37.0838
37.0838
37.0836
37.0832
37.0825
37.0816
37.084
37.0848
37.0854
37.0857
37.0858
37.0858
37.0857
37.0854
37.0848
37.084
37.0869
37.0869
37.087
37.0871
37.0871
37.0871
37.0871
37.087
37.0869
37.0869
33.843
33.8431
33.8432
33.8433
33.8433
33.8433
33.8433
33.8432
33.8431
33.843
33.8438
33.844
33.8441
33.8442
33.8443
33.8443
33.8442
33.8441
33.844
33.8438
33.8449
33.8451
33.8453
33.8455
33.8456
33.8456
33.8455
33.8453
33.8451
33.8449
33.846
33.8464
33.8467
33.8469
33.847
33.847
33.8469
33.8467
33.8464
33.846
33.8473
33.8477
33.848
33.8483
33.8484
33.8484
33.8483
33.848
33.8477
33.8473
33.8485
33.849
33.8494
33.8496
33.8497
33.8497
33.8496
33.8494
33.849
33.8485
33.8497
33.8502
33.8506
33.8509
33.851
33.851
33.8509
33.8506
33.8502
33.8497
33.8508
33.8513
33.8517
33.852
33.8521
33.8521
33.852
33.8517
33.8513
33.8508
33.8519
33.8523
33.8527
33.8529
33.853
33.853
33.8529
33.8527
33.8523
33.8519
33.8532
33.8533
33.8535
33.8536
33.8537
33.8537
33.8536
33.8535
33.8533
33.8532
30.6233
30.6234
30.6234
30.6234
30.6234
30.6234
30.6234
30.6234
30.6234
30.6233
30.6236
30.6236
30.6236
30.6237
30.6237
30.6237
30.6237
30.6236
30.6236
30.6236
30.6239
30.624
30.6241
30.6241
30.6241
30.6241
30.6241
30.6241
30.624
30.6239
30.6244
30.6245
30.6246
30.6247
30.6247
30.6247
30.6247
30.6246
30.6245
30.6244
30.625
30.6252
30.6253
30.6254
30.6254
30.6254
30.6254
30.6253
30.6252
30.625
30.6256
30.6258
30.626
30.6261
30.6261
30.6261
30.6261
30.626
30.6258
30.6256
30.6262
30.6265
30.6267
30.6268
30.6268
30.6268
30.6268
30.6267
30.6265
30.6262
30.6269
30.6271
30.6274
30.6275
30.6275
30.6275
30.6275
30.6274
30.6271
30.6269
30.6275
30.6278
30.628
30.6281
30.6282
30.6282
30.6281
30.628
30.6278
30.6275
30.6283
30.6285
30.6286
30.6287
30.6287
30.6287
30.6287
30.6286
30.6285
30.6283
27.401
27.401
27.401
27.401
27.401
27.401
27.401
27.401
27.401
27.401
27.401
27.401
27.401
27.401
27.401
27.401
27.401
27.401
27.401
27.401
27.4011
27.4011
27.4011
27.4012
27.4012
27.4012
27.4012
27.4011
27.4011
27.4011
27.4012
27.4013
27.4013
27.4013
27.4014
27.4014
27.4013
27.4013
27.4013
27.4012
27.4014
27.4015
27.4015
27.4016
27.4016
27.4016
27.4016
27.4015
27.4015
27.4014
27.4016
27.4017
27.4018
27.4019
27.4019
27.4019
27.4019
27.4018
27.4017
27.4016
27.4019
27.402
27.4021
27.4022
27.4022
27.4022
27.4022
27.4021
27.402
27.4019
27.4022
27.4023
27.4024
27.4024
27.4025
27.4025
27.4024
27.4024
27.4023
27.4022
27.4024
27.4026
27.4027
27.4027
27.4028
27.4028
27.4027
27.4027
27.4026
27.4024
27.4027
27.4028
27.4029
27.403
27.403
27.403
27.403
27.4029
27.4028
27.4027
24.178
24.178
24.178
24.178
24.178
24.178
24.178
24.178
24.178
24.178
24.178
24.178
24.178
24.178
24.178
24.178
24.178
24.178
24.178
24.178
24.178
24.178
24.178
24.178
24.178
24.178
24.178
24.178
24.178
24.178
24.1781
24.1781
24.1781
24.1781
24.1781
24.1781
24.1781
24.1781
24.1781
24.1781
24.1781
24.1782
24.1782
24.1782
24.1782
24.1782
24.1782
24.1782
24.1782
24.1781
24.1782
24.1783
24.1783
24.1783
24.1783
24.1783
24.1783
24.1783
24.1783
24.1782
24.1784
24.1784
24.1785
24.1785
24.1785
24.1785
24.1785
24.1785
24.1784
24.1784
24.1785
24.1786
24.1786
24.1786
24.1786
24.1786
24.1786
24.1786
24.1786
24.1785
24.1786
24.1787
24.1788
24.1788
24.1788
24.1788
24.1788
24.1788
24.1787
24.1786
24.1788
24.1789
24.1789
24.1789
24.1789
24.1789
24.1789
24.1789
24.1789
24.1788
20.9545
20.9545
20.9545
20.9545
20.9545
20.9545
20.9545
20.9545
20.9545
20.9545
20.9545
20.9545
20.9545
20.9545
20.9545
20.9545
20.9545
20.9545
20.9545
20.9545
20.9545
20.9545
20.9545
20.9545
20.9545
20.9545
20.9545
20.9545
20.9545
20.9545
20.9545
20.9545
20.9545
20.9545
20.9545
20.9545
20.9545
20.9545
20.9545
20.9545
20.9545
20.9545
20.9545
20.9545
20.9545
20.9545
20.9545
20.9545
20.9545
20.9545
20.9545
20.9545
20.9546
20.9546
20.9546
20.9546
20.9546
20.9546
20.9545
20.9545
20.9546
20.9546
20.9546
20.9546
20.9546
20.9546
20.9546
20.9546
20.9546
20.9546
20.9546
20.9546
20.9547
20.9547
20.9547
20.9547
20.9547
20.9547
20.9546
20.9546
20.9547
20.9547
20.9547
20.9547
20.9547
20.9547
20.9547
20.9547
20.9547
20.9547
20.9547
20.9548
20.9548
20.9548
20.9548
20.9548
20.9548
20.9548
20.9548
20.9547
17.7308
17.7308
17.7308
17.7308
17.7308
17.7308
17.7308
17.7308
17.7308
17.7308
17.7308
17.7308
17.7308
17.7308
17.7308
17.7308
17.7308
17.7308
17.7308
17.7308
17.7308
17.7308
17.7308
17.7308
17.7308
17.7308
17.7308
17.7308
17.7308
17.7308
17.7308
17.7308
17.7308
17.7308
17.7308
17.7308
17.7308
17.7308
17.7308
17.7308
17.7308
17.7308
17.7308
17.7308
17.7308
17.7308
17.7308
17.7308
17.7308
17.7308
17.7308
17.7308
17.7309
17.7309
17.7309
17.7309
17.7309
17.7309
17.7308
17.7308
17.7309
17.7309
17.7309
17.7309
17.7309
17.7309
17.7309
17.7309
17.7309
17.7309
17.7309
17.7309
17.7309
17.7309
17.7309
17.7309
17.7309
17.7309
17.7309
17.7309
17.7309
17.7309
17.7309
17.7309
17.7309
17.7309
17.7309
17.7309
17.7309
17.7309
17.7309
17.7309
17.731
17.731
17.731
17.731
17.731
17.731
17.7309
17.7309
14.5071
14.5071
14.5071
14.5071
14.5071
14.5071
14.5071
14.5071
14.5071
14.5071
14.5071
14.5071
14.5071
14.5071
14.5071
14.5071
14.5071
14.5071
14.5071
14.5071
14.5071
14.5071
14.5071
14.5071
14.5071
14.5071
14.5071
14.5071
14.5071
14.5071
14.5071
14.5071
14.5071
14.5071
14.5071
14.5071
14.5071
14.5071
14.5071
14.5071
14.5071
14.5071
14.5071
14.5071
14.5071
14.5071
14.5071
14.5071
14.5071
14.5071
14.5071
14.5071
14.5071
14.5071
14.5071
14.5071
14.5071
14.5071
14.5071
14.5071
14.5071
14.5071
14.5071
14.5071
14.5071
14.5071
14.5071
14.5071
14.5071
14.5071
14.5071
14.5071
14.5071
14.5071
14.5071
14.5071
14.5071
14.5071
14.5071
14.5071
14.5071
14.5071
14.5071
14.5071
14.5071
14.5071
14.5071
14.5071
14.5071
14.5071
14.5071
14.5071
14.5071
14.5071
14.5071
14.5071
14.5071
14.5071
14.5071
14.5071
11.2833
11.2833
11.2833
11.2833
11.2833
11.2833
11.2833
11.2833
11.2833
11.2833
11.2833
11.2833
11.2833
11.2833
11.2833
11.2833
11.2833
11.2833
11.2833
11.2833
11.2833
11.2833
11.2833
11.2833
11.2833
11.2833
11.2833
11.2833
11.2833
11.2833
11.2833
11.2833
11.2833
11.2833
11.2833
11.2833
11.2833
11.2833
11.2833
11.2833
11.2833
11.2833
11.2833
11.2833
11.2833
11.2833
11.2833
11.2833
11.2833
11.2833
11.2833
11.2833
11.2833
11.2833
11.2833
11.2833
11.2833
11.2833
11.2833
11.2833
11.2833
11.2833
11.2833
11.2833
11.2833
11.2833
11.2833
11.2833
11.2833
11.2833
11.2833
11.2833
11.2833
11.2833
11.2833
11.2833
11.2833
11.2833
11.2833
11.2833
11.2833
11.2833
11.2833
11.2833
11.2833
11.2833
11.2833
11.2833
11.2833
11.2833
11.2833
11.2833
11.2833
11.2833
11.2833
11.2833
11.2833
11.2833
11.2833
11.2833
8.0595
8.0595
8.0595
8.0595
8.0595
8.0595
8.0595
8.0595
8.0595
8.0595
8.0595
8.0595
8.0595
8.0595
8.0595
8.0595
8.0595
8.0595
8.0595
8.0595
8.0595
8.0595
8.0595
8.0595
8.0595
8.0595
8.0595
8.0595
8.0595
8.0595
8.0595
8.0595
8.0595
8.0595
8.0595
8.0595
8.0595
8.0595
8.0595
8.0595
8.0595
8.0595
8.0595
8.0595
8.0595
8.0595
8.0595
8.0595
8.0595
8.0595
8.0595
8.0595
8.0595
8.0595
8.0595
8.0595
8.0595
8.0595
8.0595
8.0595
8.0595
8.0595
8.0595
8.0595
8.0595
8.0595
8.0595
8.0595
8.0595
8.0595
8.0595
8.0595
8.0595
8.0595
8.0595
8.0595
8.0595
8.0595
8.0595
8.0595
8.0595
8.0595
8.0595
8.0595
8.0595
8.0595
8.0595
8.0595
8.0595
8.0595
8.0595
8.0595
8.0595
8.0595
8.0595
8.0595
8.0595
8.0595
8.0595
8.0595
4.8357
4.8357
4.8357
4.8357
4.8357
4.8357
4.8357
4.8357
4.8357
4.8357
4.8357
4.8357
4.8357
4.8357
4.8357
4.8357
4.8357
4.8357
4.8357
4.8357
4.8357
4.8357
4.8357
4.8357
4.8357
4.8357
4.8357
4.8357
4.8357
4.8357
4.8357
4.8357
4.8357
4.8357
4.8357
4.8357
4.8357
4.8357
4.8357
4.8357
4.8357
4.8357
4.8357
4.8357
4.8357
4.8357
4.8357
4.8357
4.8357
4.8357
4.8357
4.8357
4.8357
4.8357
4.8357
4.8357
4.8357
4.8357
4.8357
4.8357
4.8357
4.8357
4.8357
4.8357
4.8357
4.8357
4.8357
4.8357
4.8357
4.8357
4.8357
4.8357
4.8357
4.8357
4.8357
4.8357
4.8357
4.8357
4.8357
4.8357
4.8357
4.8357
4.8357
4.8357
4.8357
4.8357
4.8357
4.8357
4.8357
4.8357
4.8357
4.8357
4.8357
4.8357
4.8357
4.8357
4.8357
4.8357
4.8357
4.8357
1.6119
1.6119
1.6119
1.6119
1.6119
1.6119
1.6119
1.6119
1.6119
1.6119
1.6119
1.6119
1.6119
1.6119
1.6119
1.6119
1.6119
1.6119
1.6119
1.6119
1.6119
1.6119
1.6119
1.6119
1.6119
1.6119
1.6119
1.6119
1.6119
1.6119
1.6119
1.6119
1.6119
1.6119
1.6119
1.6119
1.6119
1.6119
1.6119
1.6119
1.6119
1.6119
1.6119
1.6119
1.6119
1.6119
1.6119
1.6119
1.6119
1.6119
1.6119
1.6119
1.6119
1.6119
1.6119
1.6119
1.6119
1.6119
1.6119
1.6119
1.6119
1.6119
1.6119
1.6119
1.6119
1.6119
1.6119
1.6119
1.6119
1.6119
1.6119
1.6119
1.6119
1.6119
1.6119
1.6119
1.6119
1.6119
1.6119
1.6119
1.6119
1.6119
1.6119
1.6119
1.6119
1.6119
1.6119
1.6119
1.6119
1.6119
1.6119
1.61189
1.61189
1.61189
1.61189
1.61189
1.61189
1.61189
1.6119
1.6119
98.3681
97.7875
97.4229
97.1564
97.0182
97.0182
97.1564
97.4229
97.7875
98.3681
89.2535
88.4058
87.8475
87.4528
87.2495
87.2495
87.4528
87.8475
88.4058
89.2535
81.6864
80.7109
80.0743
79.6307
79.4031
79.4031
79.6307
80.0743
80.7109
81.6864
76.4617
75.4595
74.8139
74.3707
74.1436
74.1436
74.3707
74.8139
75.4595
76.4617
72.5411
71.5462
70.9085
70.4794
70.2596
70.2596
70.4794
70.9085
71.5462
72.5411
69.3658
68.3979
67.7759
67.3677
67.159
67.159
67.3677
67.7759
68.3979
69.3657
66.7467
65.8266
65.2301
64.849
64.6549
64.6549
64.849
65.2301
65.8266
66.7467
64.5777
63.7288
63.17
62.8215
62.6448
62.6448
62.8215
63.17
63.7288
64.5777
62.7788
62.0173
61.5088
61.1977
61.0401
61.0401
61.1977
61.5088
62.0173
62.7788
61.3704
60.609
60.1593
59.8857
59.7471
59.7471
59.8857
60.1593
60.609
61.3704
62.4698
62.6422
62.8299
62.9564
63.0219
63.0219
62.9564
62.8299
62.6422
62.4698
62.8922
62.9867
63.1132
63.1944
63.2359
63.2359
63.1944
63.1132
62.9867
62.8922
62.8694
62.8666
62.9192
62.9475
62.9615
62.9615
62.9475
62.9192
62.8666
62.8694
62.4599
62.3671
62.3518
62.3334
62.3233
62.3233
62.3334
62.3518
62.3671
62.4599
61.8661
61.6993
61.6262
61.5704
61.541
61.541
61.5704
61.6262
61.6993
61.8661
61.1968
60.9744
60.8545
60.7706
60.7269
60.7269
60.7706
60.8545
60.9744
61.1968
60.5069
60.249
60.0953
59.9932
59.9403
59.9403
59.9932
60.0953
60.249
60.5069
59.8279
59.5582
59.3862
59.2755
59.2184
59.2184
59.2755
59.3862
59.5582
59.8279
59.1955
58.93
58.7515
58.6394
58.5812
58.5812
58.6394
58.7515
58.93
59.1955
58.7127
58.3654
58.182
58.0692
58.0105
58.0105
58.0692
58.182
58.3654
58.7127
57.8719
57.8576
57.8594
57.8559
57.8544
57.8544
57.8559
57.8594
57.8576
57.8719
58.2825
58.266
58.2671
58.2621
58.2594
58.2594
58.2621
58.2671
58.266
58.2825
58.6225
58.5876
58.5773
58.5625
58.5546
58.5546
58.5625
58.5773
58.5876
58.6225
58.6759
58.6077
58.5754
58.5446
58.5283
58.5283
58.5446
58.5754
58.6077
58.6759
58.5324
58.4291
58.3725
58.3258
58.301
58.301
58.3257
58.3725
58.4291
58.5324
58.2864
58.1526
58.0737
58.0136
57.982
57.982
58.0136
58.0737
58.1526
58.2864
57.9861
57.83
57.733
57.6636
57.6272
57.6272
57.6636
57.733
57.83
57.986
57.6582
57.492
57.3837
57.3093
57.2705
57.2705
57.3093
57.3837
57.492
57.6582
57.3358
57.167
57.0513
56.9746
56.9346
56.9346
56.9746
57.0513
57.167
57.3358
57.0936
56.8608
56.7346
56.6541
56.6123
56.6123
56.6541
56.7346
56.8608
57.0936
53.1731
53.1928
53.2177
53.2337
53.2421
53.2421
53.2337
53.2177
53.1928
53.1731
53.3831
53.4066
53.4356
53.4539
53.4636
53.4636
53.4539
53.4356
53.4066
53.3831
53.5615
53.5828
53.6114
53.6289
53.6381
53.6381
53.6289
53.6114
53.5828
53.5615
53.6476
53.6585
53.6804
53.6925
53.6988
53.6988
53.6925
53.6804
53.6585
53.6476
53.6621
53.6588
53.6703
53.6749
53.6772
53.6772
53.6749
53.6703
53.6588
53.6621
53.6286
53.6104
53.6106
53.6075
53.6058
53.6058
53.6075
53.6106
53.6104
53.6286
53.5606
53.5297
53.5191
53.5094
53.5041
53.5041
53.5094
53.5191
53.5297
53.5606
53.4679
53.4289
53.4101
53.3953
53.3873
53.3873
53.3953
53.4101
53.4289
53.4679
53.3684
53.3237
53.2966
53.2773
53.2667
53.2667
53.2773
53.2966
53.3237
53.3684
53.3073
53.2188
53.1779
53.1511
53.137
53.137
53.1511
53.1779
53.2188
53.3073
49.9668
49.9669
49.9689
49.969
49.9691
49.9691
49.969
49.9689
49.9669
49.9668
50.0652
50.0689
50.0741
50.0764
50.0775
50.0775
50.0764
50.0741
50.0689
50.0652
50.1657
50.1709
50.1777
50.1808
50.1824
50.1824
50.1808
50.1777
50.1709
50.1657
50.2341
50.2372
50.243
50.2449
50.2459
50.2459
50.2449
50.243
50.2372
50.234
50.2724
50.2711
50.2742
50.2738
50.2735
50.2735
50.2738
50.2742
50.2711
50.2724
50.2875
50.2809
50.2801
50.2771
50.2753
50.2753
50.2771
50.2801
50.2809
50.2875
50.2842
50.2725
50.2677
50.2621
50.2589
50.2589
50.2621
50.2677
50.2725
50.2842
50.2668
50.2515
50.2433
50.2356
50.2313
50.2313
50.2356
50.2433
50.2515
50.2668
50.2447
50.2259
50.2134
50.2034
50.1978
50.1978
50.2034
50.2134
50.2259
50.2447
50.2393
50.1976
50.177
50.1627
50.1552
50.1552
50.1627
50.177
50.1976
50.2393
46.663
46.6661
46.6698
46.6719
46.6731
46.6731
46.6719
46.6698
46.6661
46.663
46.704
46.7088
46.7141
46.7174
46.7191
46.7191
46.7174
46.7141
46.7088
46.704
46.7458
46.7517
46.7583
46.7623
46.7644
46.7644
46.7623
46.7583
46.7517
46.7458
46.7773
46.7831
46.7898
46.7938
46.7959
46.7959
46.7938
46.7898
46.7831
46.7773
46.7987
46.8033
46.8093
46.8126
46.8143
46.8143
46.8126
46.8093
46.8033
46.7987
46.8114
46.8141
46.8188
46.8211
46.8222
46.8222
46.8211
46.8188
46.8141
46.8114
46.8163
46.817
46.8201
46.8212
46.8217
46.8217
46.8212
46.8201
46.817
46.8163
46.8146
46.8137
46.8152
46.8153
46.8152
46.8152
46.8153
46.8152
46.8137
46.8146
46.8105
46.8078
46.807
46.8055
46.8046
46.8046
46.8055
46.807
46.8078
46.8105
46.8146
46.8002
46.7944
46.7902
46.7879
46.7879
46.7902
46.7944
46.8002
46.8146
43.4842
43.4847
43.4852
43.4854
43.4855
43.4855
43.4854
43.4852
43.4847
43.4842
43.5015
43.5028
43.5041
43.5048
43.5051
43.5051
43.5048
43.5041
43.5028
43.5015
43.5211
43.5232
43.5252
43.5263
43.5269
43.5269
43.5263
43.5252
43.5232
43.5211
43.538
43.5404
43.5429
43.5441
43.5448
43.5448
43.5441
43.5429
43.5404
43.538
43.5518
43.5541
43.5565
43.5578
43.5584
43.5584
43.5578
43.5565
43.5541
43.5518
43.5625
43.5644
43.5667
43.5676
43.5681
43.5681
43.5676
43.5667
43.5644
43.5625
43.5704
43.5718
43.5736
43.5742
43.5745
43.5745
43.5742
43.5736
43.5718
43.5704
43.5756
43.5766
43.578
43.5783
43.5783
43.5783
43.5783
43.578
43.5766
43.5756
43.5801
43.5804
43.5808
43.5804
43.5802
43.5802
43.5804
43.5808
43.5804
43.5801
43.5881
43.5832
43.5813
43.5797
43.5789
43.5789
43.5797
43.5813
43.5832
43.5881
40.2694
40.27
40.2707
40.271
40.2712
40.2712
40.271
40.2707
40.27
40.2694
40.276
40.277
40.2779
40.2785
40.2788
40.2788
40.2785
40.2779
40.277
40.276
40.2835
40.2849
40.2862
40.287
40.2874
40.2874
40.287
40.2862
40.2849
40.2835
40.2904
40.292
40.2935
40.2945
40.295
40.295
40.2945
40.2935
40.292
40.2904
40.2965
40.2981
40.2998
40.3007
40.3013
40.3013
40.3007
40.2998
40.2981
40.2965
40.3015
40.3031
40.3048
40.3057
40.3062
40.3062
40.3057
40.3048
40.3031
40.3015
40.3056
40.307
40.3086
40.3094
40.3098
40.3098
40.3094
40.3086
40.307
40.3055
40.3085
40.3099
40.3112
40.3119
40.3123
40.3123
40.3119
40.3112
40.3099
40.3085
40.3112
40.3122
40.3131
40.3135
40.3137
40.3137
40.3135
40.3131
40.3122
40.3112
40.3154
40.3141
40.3139
40.3137
40.3135
40.3135
40.3137
40.3139
40.3141
40.3154
37.0616
37.0617
37.0618
37.0619
37.0619
37.0619
37.0619
37.0618
37.0617
37.0616
37.064
37.0643
37.0646
37.0647
37.0648
37.0648
37.0647
37.0646
37.0643
37.064
37.0672
37.0677
37.0681
37.0683
37.0685
37.0685
37.0683
37.0681
37.0677
37.0672
37.0704
37.071
37.0716
37.0719
37.0721
37.0721
37.0719
37.0716
37.071
37.0704
37.0735
37.0743
37.075
37.0754
37.0756
37.0756
37.0754
37.075
37.0743
37.0735
37.0765
37.0773
37.0781
37.0785
37.0787
37.0787
37.0785
37.0781
37.0773
37.0765
37.0792
37.08
37.0808
37.0812
37.0814
37.0814
37.0812
37.0808
37.08
37.0792
37.0816
37.0825
37.0832
37.0836
37.0838
37.0838
37.0836
37.0832
37.0825
37.0816
37.084
37.0848
37.0854
37.0857
37.0858
37.0858
37.0857
37.0854
37.0848
37.084
37.0869
37.0869
37.087
37.0871
37.0871
37.0871
37.0871
37.087
37.0869
37.0869
33.843
33.8431
33.8432
33.8433
33.8433
33.8433
33.8433
33.8432
33.8431
33.843
33.8438
33.844
33.8441
33.8442
33.8443
33.8443
33.8442
33.8441
33.844
33.8438
33.8449
33.8451
33.8453
33.8455
33.8456
33.8456
33.8455
33.8453
33.8451
33.8449
33.846
33.8464
33.8467
33.8469
33.847
33.847
33.8469
33.8467
33.8464
33.846
33.8473
33.8477
33.848
33.8483
33.8484
33.8484
33.8483
33.848
33.8477
33.8473
33.8485
33.849
33.8494
33.8496
33.8497
33.8497
33.8496
33.8494
33.849
33.8485
33.8497
33.8502
33.8506
33.8509
33.851
33.851
33.8509
33.8506
33.8502
33.8497
33.8508
33.8513
33.8517
33.852
33.8521
33.8521
33.852
33.8517
33.8513
33.8508
33.8519
33.8523
33.8527
33.8529
33.853
33.853
33.8529
33.8527
33.8523
33.8518
33.8532
33.8533
33.8535
33.8536
33.8537
33.8537
33.8536
33.8535
33.8533
33.8532
30.6233
30.6234
30.6234
30.6234
30.6234
30.6234
30.6234
30.6234
30.6234
30.6233
30.6236
30.6236
30.6236
30.6237
30.6237
30.6237
30.6237
30.6236
30.6236
30.6236
30.6239
30.624
30.6241
30.6241
30.6241
30.6241
30.6241
30.6241
30.624
30.6239
30.6244
30.6245
30.6246
30.6247
30.6247
30.6247
30.6247
30.6246
30.6245
30.6244
30.625
30.6252
30.6253
30.6254
30.6254
30.6254
30.6254
30.6253
30.6252
30.625
30.6256
30.6258
30.626
30.6261
30.6261
30.6261
30.6261
30.626
30.6258
30.6256
30.6262
30.6265
30.6267
30.6268
30.6268
30.6268
30.6268
30.6267
30.6265
30.6262
30.6269
30.6271
30.6274
30.6275
30.6275
30.6275
30.6275
30.6274
30.6271
30.6269
30.6275
30.6278
30.628
30.6281
30.6282
30.6282
30.6281
30.628
30.6278
30.6275
30.6283
30.6285
30.6286
30.6287
30.6287
30.6287
30.6287
30.6286
30.6284
30.6283
27.401
27.401
27.401
27.401
27.401
27.401
27.401
27.401
27.401
27.401
27.401
27.401
27.401
27.401
27.401
27.401
27.401
27.401
27.401
27.401
27.4011
27.4011
27.4011
27.4012
27.4012
27.4012
27.4012
27.4011
27.4011
27.4011
27.4012
27.4013
27.4013
27.4013
27.4014
27.4014
27.4013
27.4013
27.4013
27.4012
27.4014
27.4015
27.4015
27.4016
27.4016
27.4016
27.4016
27.4015
27.4015
27.4014
27.4016
27.4017
27.4018
27.4019
27.4019
27.4019
27.4019
27.4018
27.4017
27.4016
27.4019
27.402
27.4021
27.4022
27.4022
27.4022
27.4022
27.4021
27.402
27.4019
27.4022
27.4023
27.4024
27.4024
27.4025
27.4025
27.4024
27.4024
27.4023
27.4022
27.4024
27.4026
27.4027
27.4027
27.4028
27.4028
27.4027
27.4027
27.4026
27.4024
27.4027
27.4028
27.4029
27.403
27.403
27.403
27.403
27.4029
27.4028
27.4027
24.178
24.178
24.178
24.178
24.178
24.178
24.178
24.178
24.178
24.178
24.178
24.178
24.178
24.178
24.178
24.178
24.178
24.178
24.178
24.178
24.178
24.178
24.178
24.178
24.178
24.178
24.178
24.178
24.178
24.178
24.1781
24.1781
24.1781
24.1781
24.1781
24.1781
24.1781
24.1781
24.1781
24.1781
24.1781
24.1782
24.1782
24.1782
24.1782
24.1782
24.1782
24.1782
24.1782
24.1781
24.1782
24.1783
24.1783
24.1783
24.1783
24.1783
24.1783
24.1783
24.1783
24.1782
24.1784
24.1784
24.1785
24.1785
24.1785
24.1785
24.1785
24.1785
24.1784
24.1784
24.1785
24.1786
24.1786
24.1786
24.1786
24.1786
24.1786
24.1786
24.1786
24.1785
24.1786
24.1787
24.1788
24.1788
24.1788
24.1788
24.1788
24.1788
24.1787
24.1786
24.1788
24.1789
24.1789
24.1789
24.1789
24.1789
24.1789
24.1789
24.1789
24.1788
20.9545
20.9545
20.9545
20.9545
20.9545
20.9545
20.9545
20.9545
20.9545
20.9545
20.9545
20.9545
20.9545
20.9545
20.9545
20.9545
20.9545
20.9545
20.9545
20.9545
20.9545
20.9545
20.9545
20.9545
20.9545
20.9545
20.9545
20.9545
20.9545
20.9545
20.9545
20.9545
20.9545
20.9545
20.9545
20.9545
20.9545
20.9545
20.9545
20.9545
20.9545
20.9545
20.9545
20.9545
20.9545
20.9545
20.9545
20.9545
20.9545
20.9545
20.9545
20.9545
20.9546
20.9546
20.9546
20.9546
20.9546
20.9546
20.9545
20.9545
20.9546
20.9546
20.9546
20.9546
20.9546
20.9546
20.9546
20.9546
20.9546
20.9546
20.9546
20.9546
20.9547
20.9547
20.9547
20.9547
20.9547
20.9547
20.9546
20.9546
20.9547
20.9547
20.9547
20.9547
20.9547
20.9547
20.9547
20.9547
20.9547
20.9547
20.9547
20.9548
20.9548
20.9548
20.9548
20.9548
20.9548
20.9548
20.9548
20.9547
17.7308
17.7308
17.7308
17.7308
17.7308
17.7308
17.7308
17.7308
17.7308
17.7308
17.7308
17.7308
17.7308
17.7308
17.7308
17.7308
17.7308
17.7308
17.7308
17.7308
17.7308
17.7308
17.7308
17.7308
17.7308
17.7308
17.7308
17.7308
17.7308
17.7308
17.7308
17.7308
17.7308
17.7308
17.7308
17.7308
17.7308
17.7308
17.7308
17.7308
17.7308
17.7308
17.7308
17.7308
17.7308
17.7308
17.7308
17.7308
17.7308
17.7308
17.7308
17.7308
17.7309
17.7309
17.7309
17.7309
17.7309
17.7309
17.7308
17.7308
17.7309
17.7309
17.7309
17.7309
17.7309
17.7309
17.7309
17.7309
17.7309
17.7309
17.7309
17.7309
17.7309
17.7309
17.7309
17.7309
17.7309
17.7309
17.7309
17.7309
17.7309
17.7309
17.7309
17.7309
17.7309
17.7309
17.7309
17.7309
17.7309
17.7309
17.7309
17.7309
17.731
17.731
17.731
17.731
17.731
17.731
17.7309
17.7309
14.5071
14.5071
14.5071
14.5071
14.5071
14.5071
14.5071
14.5071
14.5071
14.5071
14.5071
14.5071
14.5071
14.5071
14.5071
14.5071
14.5071
14.5071
14.5071
14.5071
14.5071
14.5071
14.5071
14.5071
14.5071
14.5071
14.5071
14.5071
14.5071
14.5071
14.5071
14.5071
14.5071
14.5071
14.5071
14.5071
14.5071
14.5071
14.5071
14.5071
14.5071
14.5071
14.5071
14.5071
14.5071
14.5071
14.5071
14.5071
14.5071
14.5071
14.5071
14.5071
14.5071
14.5071
14.5071
14.5071
14.5071
14.5071
14.5071
14.5071
14.5071
14.5071
14.5071
14.5071
14.5071
14.5071
14.5071
14.5071
14.5071
14.5071
14.5071
14.5071
14.5071
14.5071
14.5071
14.5071
14.5071
14.5071
14.5071
14.5071
14.5071
14.5071
14.5071
14.5071
14.5071
14.5071
14.5071
14.5071
14.5071
14.5071
14.5071
14.5071
14.5071
14.5071
14.5071
14.5071
14.5071
14.5071
14.5071
14.5071
11.2833
11.2833
11.2833
11.2833
11.2833
11.2833
11.2833
11.2833
11.2833
11.2833
11.2833
11.2833
11.2833
11.2833
11.2833
11.2833
11.2833
11.2833
11.2833
11.2833
11.2833
11.2833
11.2833
11.2833
11.2833
11.2833
11.2833
11.2833
11.2833
11.2833
11.2833
11.2833
11.2833
11.2833
11.2833
11.2833
11.2833
11.2833
11.2833
11.2833
11.2833
11.2833
11.2833
11.2833
11.2833
11.2833
11.2833
11.2833
11.2833
11.2833
11.2833
11.2833
11.2833
11.2833
11.2833
11.2833
11.2833
11.2833
11.2833
11.2833
11.2833
11.2833
11.2833
11.2833
11.2833
11.2833
11.2833
11.2833
11.2833
11.2833
11.2833
11.2833
11.2833
11.2833
11.2833
11.2833
11.2833
11.2833
11.2833
11.2833
11.2833
11.2833
11.2833
11.2833
11.2833
11.2833
11.2833
11.2833
11.2833
11.2833
11.2833
11.2833
11.2833
11.2833
11.2833
11.2833
11.2833
11.2833
11.2833
11.2833
8.0595
8.0595
8.0595
8.0595
8.0595
8.0595
8.0595
8.0595
8.0595
8.0595
8.0595
8.0595
8.0595
8.0595
8.0595
8.0595
8.0595
8.0595
8.0595
8.0595
8.0595
8.0595
8.0595
8.0595
8.0595
8.0595
8.0595
8.0595
8.0595
8.0595
8.0595
8.0595
8.0595
8.0595
8.0595
8.0595
8.0595
8.0595
8.0595
8.0595
8.0595
8.0595
8.0595
8.0595
8.0595
8.0595
8.0595
8.0595
8.0595
8.0595
8.0595
8.0595
8.0595
8.0595
8.0595
8.0595
8.0595
8.0595
8.0595
8.0595
8.0595
8.0595
8.0595
8.0595
8.0595
8.0595
8.0595
8.0595
8.0595
8.0595
8.0595
8.0595
8.0595
8.0595
8.0595
8.0595
8.0595
8.0595
8.0595
8.0595
8.0595
8.0595
8.0595
8.0595
8.0595
8.0595
8.0595
8.0595
8.0595
8.0595
8.0595
8.0595
8.0595
8.0595
8.0595
8.0595
8.0595
8.0595
8.0595
8.0595
4.8357
4.8357
4.8357
4.8357
4.8357
4.8357
4.8357
4.8357
4.8357
4.8357
4.8357
4.8357
4.8357
4.8357
4.8357
4.8357
4.8357
4.8357
4.8357
4.8357
4.8357
4.8357
4.8357
4.8357
4.8357
4.8357
4.8357
4.8357
4.8357
4.8357
4.8357
4.8357
4.8357
4.8357
4.8357
4.8357
4.8357
4.8357
4.8357
4.8357
4.8357
4.8357
4.8357
4.8357
4.8357
4.8357
4.8357
4.8357
4.8357
4.8357
4.8357
4.8357
4.8357
4.8357
4.8357
4.8357
4.8357
4.8357
4.8357
4.8357
4.8357
4.8357
4.8357
4.8357
4.8357
4.8357
4.8357
4.8357
4.8357
4.8357
4.8357
4.8357
4.8357
4.8357
4.8357
4.8357
4.8357
4.8357
4.8357
4.8357
4.8357
4.8357
4.8357
4.8357
4.8357
4.8357
4.8357
4.8357
4.8357
4.8357
4.8357
4.8357
4.8357
4.8357
4.8357
4.8357
4.8357
4.8357
4.8357
4.8357
1.6119
1.6119
1.6119
1.6119
1.6119
1.6119
1.6119
1.6119
1.6119
1.6119
1.6119
1.6119
1.6119
1.6119
1.6119
1.6119
1.6119
1.6119
1.6119
1.6119
1.6119
1.6119
1.6119
1.6119
1.6119
1.6119
1.6119
1.6119
1.6119
1.6119
1.6119
1.6119
1.6119
1.6119
1.6119
1.6119
1.6119
1.6119
1.6119
1.6119
1.6119
1.6119
1.6119
1.6119
1.6119
1.6119
1.6119
1.6119
1.6119
1.6119
1.6119
1.6119
1.6119
1.6119
1.6119
1.6119
1.6119
1.6119
1.6119
1.6119
1.6119
1.6119
1.6119
1.6119
1.6119
1.6119
1.6119
1.6119
1.6119
1.6119
1.6119
1.6119
1.6119
1.6119
1.6119
1.6119
1.6119
1.6119
1.6119
1.6119
1.6119
1.6119
1.6119
1.6119
1.6119
1.6119
1.6119
1.6119
1.6119
1.6119
1.6119
1.6119
1.61189
1.61189
1.61189
1.61189
1.61189
1.61189
1.6119
1.6119
60.3612
59.6756
59.2409
58.9641
58.8268
58.8268
58.9641
59.2409
59.6756
60.3612
59.6756
59.0897
58.6478
58.3527
58.2064
58.2064
58.3527
58.6478
59.0897
59.6756
59.2409
58.6478
58.1867
57.8792
57.7274
57.7274
57.8792
58.1867
58.6478
59.2409
58.9641
58.3527
57.8792
57.5658
57.4115
57.4115
57.5658
57.8792
58.3528
58.9641
58.8268
58.2064
57.7274
57.4115
57.2561
57.2561
57.4115
57.7274
58.2064
58.8268
58.8268
58.2064
57.7274
57.4115
57.2561
57.2561
57.4115
57.7274
58.2064
58.8268
58.9641
58.3527
57.8792
57.5658
57.4115
57.4115
57.5658
57.8792
58.3528
58.9641
59.2409
58.6478
58.1867
57.8792
57.7274
57.7274
57.8792
58.1867
58.6478
59.241
59.6756
59.0897
58.6478
58.3528
58.2064
58.2064
58.3528
58.6478
59.0897
59.6756
60.3612
59.6756
59.2409
58.9641
58.8268
58.8268
58.9641
59.241
59.6756
60.3612
58.1952
57.9186
57.7537
57.6451
57.5899
57.5899
57.6451
57.7537
57.9186
58.1952
57.9186
57.6993
57.5126
57.3825
57.3173
57.3173
57.3825
57.5126
57.6993
57.9187
57.7537
57.5126
57.3028
57.1588
57.0876
57.0876
57.1588
57.3028
57.5126
57.7537
57.6451
57.3825
57.1588
57.0074
56.933
56.933
57.0074
57.1588
57.3825
57.6451
57.5899
57.3173
57.0876
56.933
56.8569
56.8569
56.933
57.0876
57.3173
57.5899
57.5899
57.3173
57.0876
56.933
56.8569
56.8569
56.933
57.0876
57.3173
57.5899
57.6451
57.3825
57.1588
57.0074
56.933
56.933
57.0074
57.1588
57.3825
57.6451
57.7537
57.5126
57.3028
57.1588
57.0876
57.0876
57.1588
57.3028
57.5126
57.7537
57.9186
57.6993
57.5126
57.3825
57.3173
57.3173
57.3825
57.5126
57.6993
57.9187
58.1952
57.9187
57.7537
57.6451
57.5899
57.5899
57.6451
57.7537
57.9187
58.1952
56.7064
56.5554
56.4621
56.3971
56.3636
56.3636
56.3971
56.4621
56.5554
56.7064
56.5554
56.4351
56.3218
56.2396
56.1982
56.1982
56.2396
56.3218
56.4352
56.5554
56.4621
56.3218
56.1894
56.0967
56.0507
56.0507
56.0967
56.1894
56.3218
56.4621
56.3971
56.2396
56.0967
55.9986
55.9502
55.9502
55.9986
56.0967
56.2396
56.3971
56.3636
56.1982
56.0507
55.9502
55.9007
55.9007
55.9502
56.0507
56.1982
56.3636
56.3636
56.1982
56.0507
55.9502
55.9007
55.9007
55.9502
56.0507
56.1982
56.3636
56.3971
56.2396
56.0967
55.9986
55.9502
55.9502
55.9986
56.0967
56.2396
56.3971
56.4621
56.3218
56.1894
56.0967
56.0507
56.0507
56.0967
56.1894
56.3218
56.4621
56.5554
56.4352
56.3218
56.2396
56.1982
56.1982
56.2396
56.3218
56.4352
56.5554
56.7064
56.5554
56.4621
56.3971
56.3636
56.3636
56.3971
56.4621
56.5554
56.7065
53.1117
53.0769
53.0575
53.0417
53.0332
53.0332
53.0417
53.0575
53.0769
53.1117
53.0769
53.0513
53.0164
52.9888
52.9748
52.9748
52.9888
53.0164
53.0513
53.0769
53.0575
53.0164
52.9694
52.9354
52.9186
52.9186
52.9354
52.9695
53.0164
53.0575
53.0417
52.9888
52.9354
52.8982
52.8799
52.8799
52.8982
52.9354
52.9888
53.0417
53.0332
52.9748
52.9186
52.8799
52.8609
52.8609
52.8799
52.9186
52.9749
53.0332
53.0332
52.9748
52.9186
52.8799
52.8609
52.8609
52.8799
52.9186
52.9749
53.0332
53.0417
52.9888
52.9354
52.8982
52.8799
52.8799
52.8982
52.9354
52.9888
53.0417
53.0575
53.0164
52.9695
52.9354
52.9186
52.9186
52.9354
52.9695
53.0164
53.0575
53.0769
53.0513
53.0164
52.9888
52.9749
52.9749
52.9888
53.0164
53.0513
53.0769
53.1117
53.0769
53.0575
53.0417
53.0332
53.0332
53.0417
53.0575
53.0769
53.1117
50.1374
50.1304
50.1262
50.1212
50.1184
50.1184
50.1212
50.1262
50.1304
50.1374
50.1304
50.1268
50.1145
50.1035
50.0978
50.0978
50.1035
50.1145
50.1269
50.1304
50.1262
50.1145
50.0958
50.0815
50.0745
50.0745
50.0815
50.0958
50.1145
50.1262
50.1212
50.1035
50.0815
50.0658
50.058
50.058
50.0658
50.0815
50.1035
50.1212
50.1184
50.0978
50.0745
50.058
50.0499
50.0499
50.058
50.0745
50.0978
50.1184
50.1184
50.0978
50.0745
50.058
50.0499
50.0499
50.058
50.0745
50.0978
50.1184
50.1212
50.1035
50.0815
50.0658
50.058
50.058
50.0658
50.0815
50.1035
50.1212
50.1262
50.1145
50.0958
50.0815
50.0745
50.0745
50.0815
50.0958
50.1145
50.1262
50.1304
50.1269
50.1145
50.1035
50.0978
50.0978
50.1035
50.1145
50.1269
50.1304
50.1374
50.1304
50.1262
50.1212
50.1184
50.1184
50.1212
50.1262
50.1304
50.1374
46.7661
46.7694
46.7719
46.7724
46.7726
46.7726
46.7724
46.7719
46.7694
46.7661
46.7694
46.7729
46.7707
46.768
46.7666
46.7666
46.768
46.7707
46.7729
46.7694
46.7719
46.7707
46.7653
46.7609
46.7588
46.7588
46.7609
46.7653
46.7707
46.7719
46.7724
46.768
46.7609
46.7558
46.7533
46.7533
46.7558
46.7609
46.768
46.7724
46.7726
46.7666
46.7588
46.7533
46.7506
46.7506
46.7533
46.7588
46.7666
46.7726
46.7726
46.7666
46.7588
46.7533
46.7506
46.7506
46.7533
46.7588
46.7666
46.7726
46.7724
46.768
46.7609
46.7558
46.7533
46.7533
46.7558
46.7609
46.768
46.7724
46.7719
46.7707
46.7653
46.7609
46.7588
46.7588
46.7609
46.7653
46.7707
46.7719
46.7694
46.7729
46.7707
46.768
46.7666
46.7666
46.768
46.7707
46.7729
46.7694
46.7661
46.7694
46.7719
46.7724
46.7726
46.7726
46.7724
46.7719
46.7694
46.7661
43.568
43.5722
43.5749
43.5761
43.5767
43.5767
43.5761
43.5749
43.5722
43.568
43.5722
43.5764
43.5772
43.5771
43.577
43.577
43.5771
43.5772
43.5764
43.5722
43.5749
43.5772
43.5766
43.5759
43.5755
43.5755
43.5759
43.5766
43.5772
43.5749
43.5761
43.5771
43.5759
43.5748
43.5744
43.5744
43.5748
43.5759
43.5771
43.5761
43.5767
43.577
43.5755
43.5744
43.5738
43.5738
43.5744
43.5755
43.577
43.5767
43.5767
43.577
43.5755
43.5744
43.5738
43.5738
43.5744
43.5755
43.577
43.5767
43.5761
43.5771
43.5759
43.5748
43.5744
43.5744
43.5748
43.5759
43.5771
43.5761
43.5749
43.5772
43.5766
43.5759
43.5755
43.5755
43.5759
43.5766
43.5772
43.5749
43.5722
43.5764
43.5772
43.5771
43.577
43.577
43.5771
43.5772
43.5764
43.5722
43.568
43.5722
43.5749
43.5761
43.5767
43.5767
43.5761
43.5749
43.5722
43.568
40.3068
40.3095
40.3113
40.3123
40.3128
40.3128
40.3123
40.3113
40.3095
40.3068
40.3095
40.312
40.3129
40.3132
40.3134
40.3134
40.3132
40.3129
40.312
40.3095
40.3113
40.3129
40.3132
40.3132
40.3133
40.3133
40.3132
40.3132
40.3129
40.3113
40.3123
40.3132
40.3132
40.3132
40.3131
40.3131
40.3132
40.3132
40.3132
40.3123
40.3128
40.3134
40.3133
40.3131
40.3131
40.3131
40.3131
40.3133
40.3134
40.3128
40.3128
40.3134
40.3133
40.3131
40.3131
40.3131
40.3131
40.3133
40.3134
40.3128
40.3123
40.3132
40.3132
40.3132
40.3131
40.3131
40.3132
40.3132
40.3132
40.3123
40.3113
40.3129
40.3132
40.3132
40.3133
40.3133
40.3132
40.3132
40.3129
40.3113
40.3095
40.312
40.3129
40.3132
40.3134
40.3134
40.3132
40.3129
40.312
40.3095
40.3068
40.3095
40.3113
40.3123
40.3128
40.3128
40.3123
40.3113
40.3095
40.3068
37.0841
37.0858
37.0869
37.0876
37.0879
37.0879
37.0876
37.0869
37.0858
37.0841
37.0858
37.0874
37.0882
37.0887
37.0889
37.0889
37.0887
37.0882
37.0874
37.0858
37.0869
37.0882
37.0889
37.0892
37.0894
37.0894
37.0892
37.0889
37.0882
37.0869
37.0876
37.0887
37.0892
37.0895
37.0897
37.0897
37.0895
37.0892
37.0887
37.0876
37.0879
37.0889
37.0894
37.0897
37.0899
37.0899
37.0897
37.0894
37.0889
37.0879
37.0879
37.0889
37.0894
37.0897
37.0899
37.0899
37.0897
37.0894
37.0889
37.0879
37.0876
37.0887
37.0892
37.0895
37.0897
37.0897
37.0895
37.0892
37.0887
37.0876
37.0869
37.0882
37.0889
37.0892
37.0894
37.0894
37.0892
37.0889
37.0882
37.0869
37.0858
37.0874
37.0882
37.0887
37.0889
37.0889
37.0887
37.0882
37.0874
37.0858
37.0841
37.0858
37.0869
37.0876
37.0879
37.0879
37.0876
37.0869
37.0858
37.0841
33.8522
33.853
33.8535
33.8539
33.854
33.854
33.8539
33.8535
33.853
33.8522
33.853
33.8538
33.8542
33.8544
33.8546
33.8546
33.8544
33.8542
33.8538
33.853
33.8535
33.8542
33.8545
33.8547
33.8549
33.8549
33.8547
33.8545
33.8542
33.8535
33.8539
33.8544
33.8547
33.855
33.8551
33.8551
33.855
33.8547
33.8544
33.8539
33.854
33.8546
33.8549
33.8551
33.8552
33.8552
33.8551
33.8549
33.8546
33.854
33.854
33.8546
33.8549
33.8551
33.8552
33.8552
33.8551
33.8549
33.8546
33.854
33.8539
33.8544
33.8547
33.855
33.8551
33.8551
33.855
33.8547
33.8544
33.8539
33.8535
33.8542
33.8545
33.8547
33.8549
33.8549
33.8547
33.8545
33.8542
33.8535
33.853
33.8538
33.8542
33.8544
33.8546
33.8546
33.8544
33.8542
33.8538
33.853
33.8522
33.853
33.8535
33.8539
33.854
33.854
33.8539
33.8535
33.853
33.8522
30.6281
30.6285
30.6288
30.629
30.6291
30.6291
30.629
30.6288
30.6285
30.6281
30.6285
30.629
30.6292
30.6294
30.6295
30.6295
30.6294
30.6292
30.629
30.6285
30.6288
30.6292
30.6295
30.6296
30.6297
30.6297
30.6296
30.6295
30.6292
30.6288
30.629
30.6294
30.6296
30.6298
30.6299
30.6299
30.6298
30.6296
30.6294
30.629
30.6291
30.6295
30.6297
30.6299
30.6299
30.6299
30.6299
30.6297
30.6295
30.6291
30.6291
30.6295
30.6297
30.6299
30.6299
30.6299
30.6299
30.6297
30.6295
30.6291
30.629
30.6294
30.6296
30.6298
30.6299
30.6299
30.6298
30.6296
30.6294
30.629
30.6288
30.6292
30.6295
30.6296
30.6297
30.6297
30.6296
30.6295
30.6292
30.6288
30.6285
30.629
30.6292
30.6294
30.6295
30.6295
30.6294
30.6292
30.629
30.6285
30.6281
30.6285
30.6288
30.629
30.6291
30.6291
30.629
30.6288
30.6285
30.6281
27.4027
27.4029
27.403
27.4031
27.4032
27.4032
27.4031
27.403
27.4029
27.4027
27.4029
27.4031
27.4032
27.4033
27.4033
27.4033
27.4033
27.4032
27.4031
27.4029
27.403
27.4032
27.4033
27.4034
27.4034
27.4034
27.4034
27.4033
27.4032
27.403
27.4031
27.4033
27.4034
27.4035
27.4035
27.4035
27.4035
27.4034
27.4033
27.4031
27.4032
27.4033
27.4034
27.4035
27.4035
27.4035
27.4035
27.4034
27.4033
27.4032
27.4032
27.4033
27.4034
27.4035
27.4035
27.4035
27.4035
27.4034
27.4033
27.4032
27.4031
27.4033
27.4034
27.4035
27.4035
27.4035
27.4035
27.4034
27.4033
27.4031
27.403
27.4032
27.4033
27.4034
27.4034
27.4034
27.4034
27.4033
27.4032
27.403
27.4029
27.4031
27.4032
27.4033
27.4033
27.4033
27.4033
27.4032
27.4031
27.4029
27.4027
27.4029
27.403
27.4031
27.4032
27.4032
27.4031
27.403
27.4029
27.4027
24.1789
24.1789
24.179
24.179
24.1791
24.1791
24.179
24.179
24.1789
24.1789
24.1789
24.179
24.1791
24.1791
24.1791
24.1791
24.1791
24.1791
24.179
24.1789
24.179
24.1791
24.1791
24.1792
24.1792
24.1792
24.1792
24.1791
24.1791
24.179
24.179
24.1791
24.1792
24.1792
24.1793
24.1793
24.1792
24.1792
24.1791
24.179
24.1791
24.1791
24.1792
24.1793
24.1793
24.1793
24.1793
24.1792
24.1791
24.1791
24.1791
24.1791
24.1792
24.1793
24.1793
24.1793
24.1793
24.1792
24.1791
24.1791
24.179
24.1791
24.1792
24.1792
24.1793
24.1793
24.1792
24.1792
24.1791
24.179
24.179
24.1791
24.1791
24.1792
24.1792
24.1792
24.1792
24.1791
24.1791
24.179
24.1789
24.179
24.1791
24.1791
24.1791
24.1791
24.1791
24.1791
24.179
24.1789
24.1789
24.1789
24.179
24.179
24.1791
24.1791
24.179
24.179
24.1789
24.1789
20.9548
20.9548
20.9548
20.9548
20.9548
20.9548
20.9548
20.9548
20.9548
20.9548
20.9548
20.9548
20.9549
20.9549
20.9549
20.9549
20.9549
20.9549
20.9548
20.9548
20.9548
20.9549
20.9549
20.9549
20.9549
20.9549
20.9549
20.9549
20.9549
20.9548
20.9548
20.9549
20.9549
20.9549
20.9549
20.9549
20.9549
20.9549
20.9549
20.9548
20.9548
20.9549
20.9549
20.9549
20.9549
20.9549
20.9549
20.9549
20.9549
20.9548
20.9548
20.9549
20.9549
20.9549
20.9549
20.9549
20.9549
20.9549
20.9549
20.9548
20.9548
20.9549
20.9549
20.9549
20.9549
20.9549
20.9549
20.9549
20.9549
20.9548
20.9548
20.9549
20.9549
20.9549
20.9549
20.9549
20.9549
20.9549
20.9549
20.9548
20.9548
20.9548
20.9549
20.9549
20.9549
20.9549
20.9549
20.9549
20.9548
20.9548
20.9548
20.9548
20.9548
20.9548
20.9548
20.9548
20.9548
20.9548
20.9548
20.9548
17.731
17.731
17.731
17.731
17.731
17.731
17.731
17.731
17.731
17.731
17.731
17.731
17.731
17.731
17.731
17.731
17.731
17.731
17.731
17.731
17.731
17.731
17.731
17.731
17.731
17.731
17.731
17.731
17.731
17.731
17.731
17.731
17.731
17.731
17.731
17.731
17.731
17.731
17.731
17.731
17.731
17.731
17.731
17.731
17.731
17.731
17.731
17.731
17.731
17.731
17.731
17.731
17.731
17.731
17.731
17.731
17.731
17.731
17.731
17.731
17.731
17.731
17.731
17.731
17.731
17.731
17.731
17.731
17.731
17.731
17.731
17.731
17.731
17.731
17.731
17.731
17.731
17.731
17.731
17.731
17.731
17.731
17.731
17.731
17.731
17.731
17.731
17.731
17.731
17.731
17.731
17.731
17.731
17.731
17.731
17.731
17.731
17.731
17.731
17.731
14.5071
14.5071
14.5071
14.5071
14.5071
14.5071
14.5071
14.5071
14.5071
14.5071
14.5071
14.5071
14.5071
14.5071
14.5071
14.5071
14.5071
14.5071
14.5071
14.5071
14.5071
14.5071
14.5071
14.5071
14.5071
14.5071
14.5071
14.5071
14.5071
14.5071
14.5071
14.5071
14.5071
14.5071
14.5071
14.5071
14.5071
14.5071
14.5071
14.5071
14.5071
14.5071
14.5071
14.5071
14.5071
14.5071
14.5071
14.5071
14.5071
14.5071
14.5071
14.5071
14.5071
14.5071
14.5071
14.5071
14.5071
14.5071
14.5071
14.5071
14.5071
14.5071
14.5071
14.5071
14.5071
14.5071
14.5071
14.5071
14.5071
14.5071
14.5071
14.5071
14.5071
14.5071
14.5071
14.5071
14.5071
14.5071
14.5071
14.5071
14.5071
14.5071
14.5071
14.5071
14.5071
14.5071
14.5071
14.5071
14.5071
14.5071
14.5071
14.5071
14.5071
14.5071
14.5071
14.5071
14.5071
14.5071
14.5071
14.5071
11.2833
11.2833
11.2833
11.2833
11.2833
11.2833
11.2833
11.2833
11.2833
11.2833
11.2833
11.2833
11.2833
11.2833
11.2833
11.2833
11.2833
11.2833
11.2833
11.2833
11.2833
11.2833
11.2833
11.2833
11.2833
11.2833
11.2833
11.2833
11.2833
11.2833
11.2833
11.2833
11.2833
11.2833
11.2833
11.2833
11.2833
11.2833
11.2833
11.2833
11.2833
11.2833
11.2833
11.2833
11.2833
11.2833
11.2833
11.2833
11.2833
11.2833
11.2833
11.2833
11.2833
11.2833
11.2833
11.2833
11.2833
11.2833
11.2833
11.2833
11.2833
11.2833
11.2833
11.2833
11.2833
11.2833
11.2833
11.2833
11.2833
11.2833
11.2833
11.2833
11.2833
11.2833
11.2833
11.2833
11.2833
11.2833
11.2833
11.2833
11.2833
11.2833
11.2833
11.2833
11.2833
11.2833
11.2833
11.2833
11.2833
11.2833
11.2833
11.2833
11.2833
11.2833
11.2833
11.2833
11.2833
11.2833
11.2833
11.2833
8.0595
8.0595
8.0595
8.0595
8.0595
8.0595
8.0595
8.0595
8.0595
8.0595
8.0595
8.0595
8.0595
8.0595
8.0595
8.0595
8.0595
8.0595
8.0595
8.0595
8.0595
8.0595
8.0595
8.0595
8.0595
8.0595
8.0595
8.0595
8.0595
8.0595
8.0595
8.0595
8.0595
8.0595
8.0595
8.0595
8.0595
8.0595
8.0595
8.0595
8.0595
8.0595
8.0595
8.0595
8.0595
8.0595
8.0595
8.0595
8.0595
8.0595
8.0595
8.0595
8.0595
8.0595
8.0595
8.0595
8.0595
8.0595
8.0595
8.0595
8.0595
8.0595
8.0595
8.0595
8.0595
8.0595
8.0595
8.0595
8.0595
8.0595
8.0595
8.0595
8.0595
8.0595
8.0595
8.0595
8.0595
8.0595
8.0595
8.0595
8.0595
8.0595
8.0595
8.0595
8.0595
8.0595
8.0595
8.0595
8.0595
8.0595
8.0595
8.0595
8.0595
8.0595
8.0595
8.0595
8.0595
8.0595
8.0595
8.0595
4.8357
4.8357
4.8357
4.8357
4.8357
4.8357
4.8357
4.8357
4.8357
4.8357
4.8357
4.8357
4.8357
4.8357
4.8357
4.8357
4.8357
4.8357
4.8357
4.8357
4.8357
4.8357
4.8357
4.8357
4.83569
4.83569
4.83569
4.83569
4.8357
4.8357
4.8357
4.8357
4.8357
4.83569
4.83569
4.83569
4.83569
4.83569
4.83569
4.8357
4.8357
4.8357
4.83569
4.83569
4.83569
4.83569
4.83569
4.83569
4.83569
4.8357
4.8357
4.8357
4.83569
4.83569
4.83569
4.83569
4.83569
4.83569
4.83569
4.83569
4.8357
4.8357
4.83569
4.83569
4.83569
4.83569
4.83569
4.83569
4.83569
4.8357
4.8357
4.8357
4.83569
4.83569
4.83569
4.83569
4.83569
4.83569
4.83569
4.8357
4.8357
4.8357
4.8357
4.83569
4.83569
4.83569
4.83569
4.83569
4.83569
4.8357
4.8357
4.8357
4.8357
4.8357
4.8357
4.83569
4.8357
4.8357
4.8357
4.8357
1.61189
1.61189
1.61189
1.61189
1.61189
1.61189
1.61189
1.61189
1.61189
1.61189
1.61189
1.61189
1.61189
1.61189
1.61189
1.61189
1.61189
1.61189
1.61189
1.61189
1.61189
1.61189
1.61189
1.61189
1.61189
1.61189
1.61189
1.61189
1.61189
1.61189
1.61189
1.61189
1.61189
1.61189
1.61189
1.61189
1.61189
1.61189
1.61189
1.61189
1.61189
1.61189
1.61189
1.61189
1.61189
1.61189
1.61189
1.61189
1.61189
1.61189
1.61189
1.61189
1.61189
1.61189
1.61189
1.61189
1.61189
1.61189
1.61189
1.61189
1.61189
1.61189
1.61189
1.61189
1.61189
1.61189
1.61189
1.61189
1.61189
1.61189
1.61189
1.61189
1.61189
1.61189
1.61189
1.61189
1.61189
1.61189
1.61189
1.61189
1.61189
1.61189
1.61189
1.61189
1.61189
1.61189
1.61189
1.61189
1.61189
1.61189
1.61189
1.61189
1.61189
1.61189
1.61189
1.61189
1.61189
1.61189
1.61189
1.61189
)
;

boundaryField
{
    fixedWalls
    {
        type            zeroGradient;
    }
    inlet
    {
        type            fixedGradient;
        gradient        uniform 0;
    }
    outlet
    {
        type            fixedValue;
        value           uniform 0;
    }
}


// ************************************************************************* //
