/*--------------------------------*- C++ -*----------------------------------*\
| =========                 |                                                 |
| \\      /  F ield         | OpenFOAM: The Open Source CFD Toolbox           |
|  \\    /   O peration     | Version:  2106                                  |
|   \\  /    A nd           | Website:  www.openfoam.com                      |
|    \\/     M anipulation  |                                                 |
\*---------------------------------------------------------------------------*/
FoamFile
{
    version     2.0;
    format      ascii;
    arch        "LSB;label=32;scalar=64";
    class       volScalarField;
    location    "0.09";
    object      p;
}
// * * * * * * * * * * * * * * * * * * * * * * * * * * * * * * * * * * * * * //

dimensions      [0 2 -2 0 0 0 0];

internalField   nonuniform List<scalar> 
10000
(
114.996
114.415
114.047
113.779
113.64
113.64
113.779
114.047
114.415
114.996
105.762
104.908
104.342
103.943
103.737
103.737
103.943
104.342
104.908
105.762
98.0732
97.0911
96.4452
95.9966
95.7664
95.7664
95.9966
96.4452
97.0911
98.0732
92.7754
91.7716
91.1206
90.6755
90.4475
90.4475
90.6755
91.1206
91.7716
92.7754
88.8349
87.8482
87.213
86.7878
86.5702
86.5702
86.7878
87.213
87.8482
88.8349
85.6856
84.7379
84.1288
83.7315
83.5287
83.5287
83.7315
84.1288
84.7379
85.6856
83.1296
82.2415
81.6684
81.305
81.1204
81.1204
81.305
81.6684
82.2416
83.1296
81.0501
80.2428
79.7165
79.3914
79.227
79.227
79.3914
79.7165
80.2428
81.0502
79.3498
78.64
78.1733
77.8904
77.7476
77.7476
77.8904
78.1733
78.64
79.3498
78.0144
77.3457
76.9494
76.709
76.5873
76.5873
76.709
76.9494
77.3457
78.0145
79.2461
79.4124
79.591
79.7125
79.7753
79.7753
79.7125
79.591
79.4124
79.2461
79.5121
79.5945
79.7067
79.7794
79.8165
79.8165
79.7794
79.7067
79.5945
79.5121
79.3209
79.3026
79.3373
79.3552
79.3638
79.3638
79.3552
79.3373
79.3026
79.3209
78.7877
78.6804
78.6469
78.6186
78.6033
78.6033
78.6186
78.6469
78.6804
78.7877
78.1114
77.934
77.8451
77.7815
77.7481
77.7481
77.7815
77.8451
77.934
78.1114
77.3903
77.1626
77.0311
76.9424
76.8964
76.8964
76.9424
77.0311
77.1626
77.3903
76.673
76.4153
76.2548
76.1511
76.0976
76.0976
76.1511
76.2548
76.4153
76.673
75.9856
75.7201
75.5462
75.437
75.3809
75.3809
75.437
75.5462
75.7201
75.9856
75.3473
75.0938
74.9219
74.8156
74.7607
74.7607
74.8156
74.9219
75.0938
75.3473
74.8209
74.5397
74.3794
74.2796
74.2277
74.2277
74.2796
74.3794
74.5397
74.8209
74.2861
74.2659
74.2608
74.2542
74.251
74.251
74.2542
74.2608
74.2659
74.2861
74.5654
74.5376
74.5272
74.5159
74.51
74.51
74.5159
74.5272
74.5376
74.5654
74.7629
74.7129
74.6874
74.6642
74.652
74.652
74.6642
74.6874
74.7129
74.7629
74.7046
74.6202
74.5709
74.5312
74.5102
74.5102
74.5312
74.5709
74.6202
74.7046
74.4758
74.3565
74.2825
74.227
74.1978
74.1978
74.227
74.2825
74.3565
74.4758
74.1624
74.0134
73.9176
73.8495
73.8138
73.8138
73.8495
73.9176
74.0134
74.1624
73.8091
73.6386
73.5257
73.4488
73.4087
73.4087
73.4488
73.5257
73.6386
73.8091
73.4405
73.2595
73.1363
73.0552
73.0132
73.0132
73.0552
73.1363
73.2595
73.4405
73.0777
72.8971
72.7715
72.6905
72.6486
72.6486
72.6905
72.7715
72.8971
73.0777
72.7611
72.5614
72.4393
72.3609
72.3204
72.3204
72.3609
72.4394
72.5614
72.7611
68.6845
68.7017
68.7234
68.7381
68.7459
68.7459
68.7381
68.7234
68.7017
68.6845
68.8126
68.83
68.8525
68.8674
68.8754
68.8754
68.8674
68.8525
68.83
68.8126
68.8986
68.9105
68.9295
68.9417
68.9481
68.9481
68.9417
68.9295
68.9105
68.8986
68.9073
68.9069
68.9172
68.9229
68.9259
68.9259
68.9229
68.9172
68.9069
68.9073
68.8578
68.8423
68.8411
68.8388
68.8376
68.8376
68.8388
68.8411
68.8423
68.8578
68.7697
68.739
68.7258
68.7157
68.7103
68.7103
68.7157
68.7258
68.739
68.7697
68.6547
68.6111
68.587
68.5702
68.5613
68.5613
68.5702
68.587
68.6111
68.6548
68.5216
68.4693
68.437
68.4153
68.4038
68.4038
68.4153
68.437
68.4693
68.5216
68.3805
68.3241
68.2868
68.2621
68.249
68.249
68.2621
68.2868
68.3242
68.3805
68.256
68.1827
68.1412
68.114
68.0997
68.0997
68.114
68.1412
68.1827
68.256
64.5878
64.585
64.584
64.5826
64.5819
64.5819
64.5826
64.584
64.585
64.5878
64.6432
64.642
64.6423
64.6417
64.6415
64.6415
64.6417
64.6423
64.642
64.6432
64.6957
64.6939
64.6941
64.6932
64.6927
64.6927
64.6932
64.6941
64.6939
64.6957
64.7218
64.7166
64.7145
64.7118
64.7103
64.7103
64.7118
64.7145
64.7166
64.7218
64.7231
64.7127
64.7067
64.7014
64.6984
64.6984
64.7014
64.7067
64.7127
64.7231
64.7052
64.6887
64.6783
64.6699
64.6654
64.6654
64.6699
64.6783
64.6887
64.7052
64.6724
64.6501
64.6351
64.624
64.6181
64.6181
64.624
64.6351
64.6501
64.6724
64.6287
64.6018
64.583
64.5697
64.5626
64.5626
64.5697
64.583
64.6018
64.6287
64.5795
64.5495
64.5277
64.5127
64.5048
64.5048
64.5127
64.5277
64.5495
64.5795
64.5342
64.4961
64.4719
64.4555
64.447
64.447
64.4556
64.4719
64.4961
64.5342
60.2679
60.2704
60.2737
60.2758
60.277
60.277
60.2758
60.2737
60.2704
60.2679
60.2887
60.2918
60.2957
60.2983
60.2997
60.2997
60.2983
60.2957
60.2918
60.2887
60.3057
60.3087
60.3127
60.3153
60.3167
60.3167
60.3153
60.3127
60.3087
60.3057
60.3136
60.3153
60.3185
60.3205
60.3215
60.3215
60.3205
60.3185
60.3153
60.3136
60.3126
60.3123
60.3139
60.3147
60.3152
60.3152
60.3147
60.3139
60.3123
60.3126
60.304
60.301
60.3005
60.3
60.2996
60.2996
60.3
60.3005
60.301
60.304
60.2886
60.2829
60.2803
60.2782
60.2771
60.2771
60.2782
60.2803
60.2829
60.2886
60.2677
60.2597
60.2551
60.2517
60.2499
60.2499
60.2517
60.2551
60.2597
60.2677
60.2433
60.2336
60.2272
60.2227
60.2203
60.2203
60.2227
60.2272
60.2336
60.2433
60.2208
60.2061
60.1978
60.1921
60.1891
60.1891
60.1921
60.1978
60.2061
60.2208
56.1395
56.1391
56.1388
56.1384
56.1382
56.1382
56.1384
56.1388
56.1391
56.1395
56.1485
56.1484
56.1485
56.1483
56.1483
56.1483
56.1483
56.1485
56.1484
56.1485
56.1583
56.1584
56.1586
56.1586
56.1586
56.1586
56.1586
56.1586
56.1584
56.1583
56.1654
56.1652
56.1654
56.1652
56.1651
56.1651
56.1652
56.1654
56.1652
56.1654
56.1693
56.1686
56.1683
56.1679
56.1676
56.1676
56.1679
56.1683
56.1686
56.1693
56.1704
56.1689
56.168
56.1671
56.1666
56.1666
56.1671
56.168
56.1689
56.1704
56.169
56.1666
56.165
56.1636
56.1628
56.1628
56.1636
56.165
56.1666
56.169
56.1656
56.1623
56.1599
56.158
56.157
56.157
56.158
56.1599
56.1623
56.1656
56.1609
56.1568
56.1537
56.1514
56.1501
56.1501
56.1514
56.1537
56.1568
56.1609
56.1567
56.1506
56.1466
56.1439
56.1424
56.1424
56.1439
56.1466
56.1506
56.1567
51.9579
51.9584
51.9591
51.9595
51.9597
51.9597
51.9595
51.9591
51.9584
51.9579
51.9614
51.962
51.9627
51.9632
51.9635
51.9635
51.9632
51.9627
51.962
51.9614
51.9644
51.9651
51.9659
51.9664
51.9667
51.9667
51.9664
51.9659
51.9651
51.9644
51.9662
51.9668
51.9675
51.968
51.9683
51.9683
51.968
51.9675
51.9668
51.9662
51.9668
51.9671
51.9676
51.968
51.9682
51.9682
51.968
51.9676
51.9671
51.9668
51.9661
51.966
51.9662
51.9664
51.9664
51.9664
51.9664
51.9662
51.966
51.9661
51.9642
51.9636
51.9635
51.9633
51.9633
51.9633
51.9633
51.9635
51.9636
51.9642
51.9611
51.9601
51.9596
51.9592
51.959
51.959
51.9592
51.9596
51.9601
51.9611
51.9573
51.9559
51.9549
51.9543
51.9539
51.9539
51.9543
51.9549
51.9559
51.9573
51.9537
51.9511
51.9497
51.9487
51.9482
51.9482
51.9487
51.9497
51.9511
51.9537
47.808
47.8079
47.8079
47.8078
47.8078
47.8078
47.8078
47.8079
47.8079
47.808
47.8095
47.8095
47.8096
47.8095
47.8095
47.8095
47.8095
47.8096
47.8095
47.8095
47.8114
47.8115
47.8115
47.8115
47.8116
47.8116
47.8115
47.8115
47.8115
47.8114
47.8129
47.813
47.8131
47.8131
47.8131
47.8131
47.8131
47.8131
47.813
47.813
47.8141
47.8142
47.8142
47.8142
47.8142
47.8142
47.8142
47.8142
47.8142
47.8141
47.815
47.8149
47.8149
47.8148
47.8148
47.8148
47.8148
47.8149
47.8149
47.815
47.8154
47.8153
47.8152
47.815
47.815
47.815
47.815
47.8152
47.8153
47.8154
47.8156
47.8153
47.8151
47.8149
47.8148
47.8148
47.8149
47.8151
47.8153
47.8156
47.8156
47.8152
47.8148
47.8145
47.8144
47.8144
47.8145
47.8148
47.8152
47.8156
47.8157
47.8148
47.8143
47.8139
47.8137
47.8137
47.8139
47.8143
47.8148
47.8157
43.6477
43.6478
43.6479
43.648
43.648
43.648
43.648
43.6479
43.6478
43.6477
43.6483
43.6484
43.6485
43.6486
43.6487
43.6487
43.6486
43.6485
43.6484
43.6483
43.6489
43.649
43.6492
43.6493
43.6493
43.6493
43.6493
43.6492
43.649
43.6489
43.6493
43.6494
43.6496
43.6497
43.6497
43.6497
43.6497
43.6496
43.6494
43.6493
43.6495
43.6496
43.6498
43.6499
43.6499
43.6499
43.6499
43.6498
43.6496
43.6495
43.6496
43.6496
43.6497
43.6498
43.6498
43.6498
43.6498
43.6497
43.6496
43.6496
43.6494
43.6494
43.6495
43.6495
43.6495
43.6495
43.6495
43.6495
43.6494
43.6494
43.6491
43.649
43.649
43.6489
43.6489
43.6489
43.6489
43.649
43.649
43.6491
43.6486
43.6484
43.6483
43.6482
43.6482
43.6482
43.6482
43.6483
43.6484
43.6486
43.6481
43.6477
43.6475
43.6474
43.6473
43.6473
43.6474
43.6475
43.6477
43.6481
39.492
39.492
39.492
39.492
39.492
39.492
39.492
39.492
39.492
39.492
39.4923
39.4923
39.4923
39.4923
39.4923
39.4923
39.4923
39.4923
39.4923
39.4923
39.4926
39.4927
39.4927
39.4927
39.4927
39.4927
39.4927
39.4927
39.4927
39.4926
39.493
39.493
39.493
39.493
39.4931
39.4931
39.493
39.493
39.493
39.493
39.4932
39.4933
39.4933
39.4933
39.4933
39.4933
39.4933
39.4933
39.4933
39.4932
39.4935
39.4935
39.4935
39.4936
39.4936
39.4936
39.4936
39.4935
39.4935
39.4935
39.4937
39.4937
39.4937
39.4937
39.4937
39.4937
39.4937
39.4937
39.4937
39.4937
39.4938
39.4938
39.4939
39.4938
39.4938
39.4938
39.4938
39.4939
39.4938
39.4938
39.494
39.494
39.4939
39.4939
39.4939
39.4939
39.4939
39.4939
39.494
39.494
39.4941
39.494
39.494
39.4939
39.4939
39.4939
39.4939
39.494
39.494
39.4941
35.3347
35.3347
35.3348
35.3348
35.3348
35.3348
35.3348
35.3348
35.3347
35.3347
35.3348
35.3349
35.3349
35.3349
35.3349
35.3349
35.3349
35.3349
35.3349
35.3348
35.335
35.335
35.335
35.335
35.335
35.335
35.335
35.335
35.335
35.335
35.3351
35.3351
35.3351
35.3351
35.3352
35.3352
35.3351
35.3351
35.3351
35.3351
35.3351
35.3352
35.3352
35.3352
35.3352
35.3352
35.3352
35.3352
35.3352
35.3351
35.3352
35.3352
35.3353
35.3353
35.3353
35.3353
35.3353
35.3353
35.3352
35.3352
35.3352
35.3352
35.3353
35.3353
35.3353
35.3353
35.3353
35.3353
35.3352
35.3352
35.3352
35.3352
35.3352
35.3353
35.3353
35.3353
35.3353
35.3352
35.3352
35.3352
35.3352
35.3352
35.3352
35.3352
35.3352
35.3352
35.3352
35.3352
35.3352
35.3352
35.3352
35.3351
35.3351
35.3351
35.3351
35.3351
35.3351
35.3351
35.3351
35.3352
31.1779
31.1779
31.1779
31.1779
31.1779
31.1779
31.1779
31.1779
31.1779
31.1779
31.178
31.178
31.178
31.178
31.178
31.178
31.178
31.178
31.178
31.178
31.178
31.178
31.1781
31.1781
31.1781
31.1781
31.1781
31.1781
31.178
31.178
31.1781
31.1781
31.1781
31.1781
31.1781
31.1781
31.1781
31.1781
31.1781
31.1781
31.1782
31.1782
31.1782
31.1782
31.1782
31.1782
31.1782
31.1782
31.1782
31.1782
31.1782
31.1782
31.1782
31.1783
31.1783
31.1783
31.1783
31.1782
31.1782
31.1782
31.1783
31.1783
31.1783
31.1783
31.1783
31.1783
31.1783
31.1783
31.1783
31.1783
31.1783
31.1783
31.1783
31.1783
31.1783
31.1783
31.1783
31.1783
31.1783
31.1783
31.1784
31.1784
31.1784
31.1784
31.1784
31.1784
31.1784
31.1784
31.1784
31.1784
31.1784
31.1784
31.1784
31.1784
31.1784
31.1784
31.1784
31.1784
31.1784
31.1784
27.0209
27.0209
27.0209
27.0209
27.0209
27.0209
27.0209
27.0209
27.0209
27.0209
27.0209
27.0209
27.0209
27.0209
27.0209
27.0209
27.0209
27.0209
27.0209
27.0209
27.0209
27.021
27.021
27.021
27.021
27.021
27.021
27.021
27.021
27.0209
27.021
27.021
27.021
27.021
27.021
27.021
27.021
27.021
27.021
27.021
27.021
27.021
27.021
27.021
27.021
27.021
27.021
27.021
27.021
27.021
27.021
27.021
27.021
27.021
27.021
27.021
27.021
27.021
27.021
27.021
27.021
27.021
27.021
27.0211
27.0211
27.0211
27.0211
27.021
27.021
27.021
27.021
27.0211
27.0211
27.0211
27.0211
27.0211
27.0211
27.0211
27.0211
27.021
27.0211
27.0211
27.0211
27.0211
27.0211
27.0211
27.0211
27.0211
27.0211
27.0211
27.0211
27.0211
27.0211
27.0211
27.0211
27.0211
27.0211
27.0211
27.0211
27.0211
22.8639
22.8639
22.8639
22.8639
22.8639
22.8639
22.8639
22.8639
22.8639
22.8639
22.8639
22.8639
22.8639
22.8639
22.8639
22.8639
22.8639
22.8639
22.8639
22.8639
22.8639
22.8639
22.8639
22.8639
22.8639
22.8639
22.8639
22.8639
22.8639
22.8639
22.8639
22.8639
22.8639
22.8639
22.8639
22.8639
22.8639
22.8639
22.8639
22.8639
22.8639
22.8639
22.8639
22.8639
22.8639
22.8639
22.8639
22.8639
22.8639
22.8639
22.8639
22.8639
22.864
22.864
22.864
22.864
22.864
22.864
22.8639
22.8639
22.864
22.864
22.864
22.864
22.864
22.864
22.864
22.864
22.864
22.864
22.864
22.864
22.864
22.864
22.864
22.864
22.864
22.864
22.864
22.864
22.864
22.864
22.864
22.864
22.864
22.864
22.864
22.864
22.864
22.864
22.864
22.864
22.864
22.864
22.864
22.864
22.864
22.864
22.864
22.864
18.7069
18.7069
18.7069
18.7069
18.7069
18.7069
18.7069
18.7069
18.7069
18.7069
18.7069
18.7069
18.7069
18.7069
18.7069
18.7069
18.7069
18.7069
18.7069
18.7069
18.7069
18.7069
18.7069
18.7069
18.7069
18.7069
18.7069
18.7069
18.7069
18.7069
18.7069
18.7069
18.7069
18.7069
18.7069
18.7069
18.7069
18.7069
18.7069
18.7069
18.7069
18.7069
18.7069
18.7069
18.7069
18.7069
18.7069
18.7069
18.7069
18.7069
18.7069
18.7069
18.7069
18.7069
18.7069
18.7069
18.7069
18.7069
18.7069
18.7069
18.7069
18.7069
18.7069
18.7069
18.7069
18.7069
18.7069
18.7069
18.7069
18.7069
18.7069
18.7069
18.7069
18.7069
18.7069
18.7069
18.7069
18.7069
18.7069
18.7069
18.7069
18.7069
18.7069
18.7069
18.7069
18.7069
18.7069
18.7069
18.7069
18.7069
18.7069
18.7069
18.7069
18.7069
18.7069
18.7069
18.7069
18.7069
18.7069
18.7069
14.5498
14.5498
14.5498
14.5498
14.5498
14.5498
14.5498
14.5498
14.5498
14.5498
14.5498
14.5498
14.5498
14.5498
14.5498
14.5498
14.5498
14.5498
14.5498
14.5498
14.5498
14.5498
14.5498
14.5498
14.5498
14.5498
14.5498
14.5498
14.5498
14.5498
14.5498
14.5498
14.5498
14.5498
14.5498
14.5498
14.5498
14.5498
14.5498
14.5498
14.5498
14.5498
14.5498
14.5498
14.5498
14.5498
14.5498
14.5498
14.5498
14.5498
14.5498
14.5498
14.5498
14.5498
14.5498
14.5498
14.5498
14.5498
14.5498
14.5498
14.5498
14.5498
14.5498
14.5498
14.5498
14.5498
14.5498
14.5498
14.5498
14.5498
14.5498
14.5498
14.5498
14.5498
14.5498
14.5498
14.5498
14.5498
14.5498
14.5498
14.5498
14.5498
14.5498
14.5498
14.5498
14.5498
14.5498
14.5498
14.5498
14.5498
14.5498
14.5498
14.5498
14.5498
14.5498
14.5498
14.5498
14.5498
14.5498
14.5498
10.3928
10.3928
10.3928
10.3928
10.3928
10.3928
10.3928
10.3928
10.3928
10.3928
10.3928
10.3928
10.3928
10.3928
10.3928
10.3928
10.3928
10.3928
10.3928
10.3928
10.3928
10.3928
10.3928
10.3928
10.3928
10.3928
10.3928
10.3928
10.3928
10.3928
10.3928
10.3928
10.3928
10.3928
10.3928
10.3928
10.3928
10.3928
10.3928
10.3928
10.3928
10.3928
10.3928
10.3927
10.3927
10.3927
10.3927
10.3928
10.3928
10.3928
10.3927
10.3927
10.3927
10.3927
10.3927
10.3927
10.3927
10.3927
10.3927
10.3927
10.3927
10.3927
10.3927
10.3927
10.3927
10.3927
10.3927
10.3927
10.3927
10.3927
10.3927
10.3927
10.3927
10.3927
10.3927
10.3927
10.3927
10.3927
10.3927
10.3927
10.3927
10.3927
10.3927
10.3927
10.3927
10.3927
10.3927
10.3927
10.3927
10.3927
10.3927
10.3927
10.3927
10.3927
10.3927
10.3927
10.3927
10.3927
10.3927
10.3927
6.23575
6.23574
6.23574
6.23573
6.23573
6.23573
6.23573
6.23574
6.23574
6.23575
6.23569
6.23569
6.23569
6.23568
6.23568
6.23568
6.23568
6.23569
6.23569
6.23569
6.23567
6.23567
6.23566
6.23566
6.23566
6.23566
6.23566
6.23566
6.23566
6.23567
6.23566
6.23566
6.23566
6.23565
6.23565
6.23565
6.23565
6.23566
6.23566
6.23566
6.23566
6.23566
6.23565
6.23565
6.23565
6.23565
6.23565
6.23565
6.23566
6.23566
6.23565
6.23565
6.23565
6.23565
6.23565
6.23565
6.23565
6.23565
6.23565
6.23565
6.23565
6.23565
6.23564
6.23564
6.23564
6.23564
6.23564
6.23564
6.23565
6.23565
6.23565
6.23564
6.23564
6.23564
6.23564
6.23564
6.23564
6.23564
6.23564
6.23565
6.23565
6.23564
6.23564
6.23564
6.23564
6.23564
6.23564
6.23564
6.23564
6.23564
6.23564
6.23564
6.23564
6.23564
6.23564
6.23564
6.23564
6.23564
6.23564
6.23564
2.07865
2.07864
2.07864
2.07863
2.07862
2.07862
2.07863
2.07864
2.07864
2.07865
2.0786
2.0786
2.07859
2.07858
2.07858
2.07858
2.07858
2.07859
2.0786
2.0786
2.07858
2.07857
2.07856
2.07856
2.07855
2.07855
2.07856
2.07856
2.07857
2.07858
2.07856
2.07855
2.07854
2.07854
2.07853
2.07853
2.07854
2.07854
2.07855
2.07856
2.07853
2.07852
2.07852
2.07851
2.07851
2.07851
2.07851
2.07852
2.07852
2.07853
2.0785
2.07849
2.07849
2.07848
2.07848
2.07848
2.07848
2.07849
2.07849
2.0785
2.07847
2.07846
2.07846
2.07846
2.07845
2.07845
2.07846
2.07846
2.07846
2.07847
2.07845
2.07844
2.07844
2.07844
2.07843
2.07843
2.07844
2.07844
2.07844
2.07845
2.07843
2.07843
2.07842
2.07842
2.07842
2.07842
2.07842
2.07842
2.07843
2.07843
2.07842
2.07842
2.07842
2.07842
2.07841
2.07841
2.07841
2.07842
2.07842
2.07842
114.996
114.415
114.047
113.779
113.64
113.64
113.779
114.047
114.415
114.996
105.762
104.908
104.342
103.943
103.737
103.737
103.943
104.342
104.908
105.762
98.0732
97.0911
96.4452
95.9966
95.7664
95.7664
95.9966
96.4452
97.0911
98.0732
92.7754
91.7716
91.1206
90.6755
90.4475
90.4475
90.6755
91.1206
91.7716
92.7754
88.835
87.8482
87.213
86.7878
86.5702
86.5702
86.7878
87.213
87.8482
88.835
85.6856
84.7379
84.1288
83.7315
83.5287
83.5287
83.7315
84.1288
84.7379
85.6856
83.1296
82.2416
81.6684
81.305
81.1204
81.1204
81.305
81.6684
82.2416
83.1296
81.0502
80.2428
79.7165
79.3914
79.227
79.227
79.3914
79.7165
80.2428
81.0502
79.3498
78.64
78.1733
77.8905
77.7476
77.7476
77.8905
78.1733
78.64
79.3498
78.0145
77.3457
76.9494
76.709
76.5873
76.5873
76.709
76.9494
77.3457
78.0145
79.2461
79.4124
79.591
79.7125
79.7753
79.7753
79.7125
79.591
79.4124
79.2461
79.5121
79.5945
79.7067
79.7795
79.8165
79.8166
79.7795
79.7067
79.5945
79.5121
79.3209
79.3026
79.3373
79.3552
79.3638
79.3638
79.3552
79.3373
79.3026
79.3209
78.7877
78.6804
78.6469
78.6186
78.6033
78.6033
78.6186
78.6469
78.6804
78.7877
78.1114
77.934
77.8451
77.7815
77.7481
77.7481
77.7815
77.8451
77.934
78.1114
77.3903
77.1626
77.0311
76.9425
76.8964
76.8964
76.9425
77.0311
77.1626
77.3903
76.673
76.4153
76.2548
76.1511
76.0976
76.0976
76.1511
76.2548
76.4153
76.673
75.9856
75.7201
75.5462
75.437
75.3809
75.3809
75.437
75.5462
75.7201
75.9856
75.3473
75.0938
74.9219
74.8156
74.7607
74.7607
74.8156
74.9219
75.0938
75.3474
74.8209
74.5397
74.3794
74.2797
74.2277
74.2277
74.2797
74.3794
74.5397
74.8209
74.2861
74.2659
74.2608
74.2542
74.251
74.251
74.2542
74.2608
74.2659
74.2861
74.5654
74.5376
74.5272
74.5159
74.51
74.51
74.5159
74.5272
74.5376
74.5654
74.7629
74.7129
74.6874
74.6642
74.652
74.652
74.6642
74.6874
74.7129
74.763
74.7046
74.6202
74.5709
74.5312
74.5102
74.5102
74.5312
74.5709
74.6202
74.7046
74.4758
74.3565
74.2825
74.2271
74.1978
74.1978
74.2271
74.2825
74.3565
74.4758
74.1624
74.0134
73.9176
73.8495
73.8138
73.8138
73.8495
73.9176
74.0135
74.1624
73.8091
73.6386
73.5257
73.4488
73.4087
73.4087
73.4488
73.5257
73.6386
73.8091
73.4405
73.2595
73.1363
73.0552
73.0132
73.0132
73.0552
73.1363
73.2595
73.4405
73.0777
72.8971
72.7715
72.6905
72.6486
72.6486
72.6905
72.7716
72.8971
73.0777
72.7611
72.5614
72.4394
72.3609
72.3204
72.3204
72.3609
72.4394
72.5614
72.7611
68.6845
68.7017
68.7234
68.7381
68.7459
68.7459
68.7381
68.7234
68.7017
68.6845
68.8126
68.83
68.8525
68.8674
68.8754
68.8754
68.8674
68.8525
68.83
68.8126
68.8986
68.9105
68.9295
68.9417
68.9482
68.9482
68.9417
68.9295
68.9105
68.8986
68.9073
68.9069
68.9172
68.9229
68.9259
68.9259
68.9229
68.9172
68.9069
68.9073
68.8578
68.8423
68.8411
68.8388
68.8376
68.8376
68.8388
68.8411
68.8423
68.8578
68.7697
68.7391
68.7258
68.7157
68.7103
68.7103
68.7157
68.7258
68.7391
68.7697
68.6548
68.6111
68.587
68.5702
68.5613
68.5613
68.5702
68.587
68.6111
68.6548
68.5216
68.4693
68.437
68.4153
68.4039
68.4039
68.4153
68.437
68.4693
68.5216
68.3805
68.3242
68.2868
68.2621
68.249
68.249
68.2621
68.2868
68.3242
68.3805
68.256
68.1827
68.1412
68.114
68.0997
68.0997
68.114
68.1413
68.1827
68.256
64.5878
64.585
64.584
64.5826
64.5819
64.5819
64.5826
64.584
64.585
64.5878
64.6432
64.642
64.6423
64.6417
64.6415
64.6415
64.6417
64.6423
64.642
64.6432
64.6957
64.6939
64.6941
64.6932
64.6927
64.6927
64.6932
64.6941
64.6939
64.6957
64.7218
64.7166
64.7145
64.7118
64.7103
64.7103
64.7118
64.7145
64.7166
64.7218
64.7231
64.7127
64.7068
64.7014
64.6984
64.6984
64.7014
64.7068
64.7127
64.7231
64.7052
64.6887
64.6783
64.6699
64.6654
64.6654
64.6699
64.6783
64.6887
64.7052
64.6724
64.6501
64.6351
64.624
64.6181
64.6181
64.624
64.6351
64.6501
64.6724
64.6287
64.6018
64.583
64.5697
64.5626
64.5626
64.5697
64.583
64.6018
64.6287
64.5795
64.5495
64.5277
64.5127
64.5048
64.5048
64.5127
64.5277
64.5495
64.5795
64.5342
64.4961
64.4719
64.4556
64.447
64.447
64.4556
64.4719
64.4961
64.5342
60.2679
60.2705
60.2737
60.2758
60.277
60.277
60.2758
60.2737
60.2705
60.2679
60.2887
60.2918
60.2957
60.2983
60.2997
60.2997
60.2983
60.2957
60.2918
60.2887
60.3057
60.3087
60.3127
60.3153
60.3167
60.3167
60.3153
60.3127
60.3088
60.3057
60.3136
60.3153
60.3185
60.3205
60.3215
60.3215
60.3205
60.3185
60.3153
60.3136
60.3126
60.3123
60.3139
60.3147
60.3152
60.3152
60.3147
60.3139
60.3123
60.3126
60.304
60.301
60.3005
60.3
60.2997
60.2997
60.3
60.3005
60.301
60.304
60.2886
60.2829
60.2803
60.2782
60.2771
60.2771
60.2782
60.2803
60.2829
60.2886
60.2677
60.2597
60.2551
60.2517
60.2499
60.2499
60.2517
60.2551
60.2597
60.2677
60.2433
60.2336
60.2272
60.2227
60.2203
60.2203
60.2227
60.2272
60.2336
60.2433
60.2208
60.2061
60.1978
60.1921
60.1891
60.1891
60.1921
60.1978
60.2061
60.2208
56.1395
56.1391
56.1388
56.1384
56.1383
56.1383
56.1384
56.1388
56.1391
56.1395
56.1485
56.1484
56.1485
56.1483
56.1483
56.1483
56.1483
56.1485
56.1484
56.1485
56.1583
56.1584
56.1586
56.1586
56.1586
56.1586
56.1586
56.1586
56.1584
56.1583
56.1654
56.1652
56.1654
56.1652
56.1651
56.1651
56.1652
56.1654
56.1652
56.1654
56.1693
56.1686
56.1683
56.1679
56.1676
56.1676
56.1679
56.1683
56.1686
56.1693
56.1704
56.1689
56.168
56.1671
56.1666
56.1666
56.1671
56.168
56.1689
56.1704
56.169
56.1666
56.165
56.1636
56.1628
56.1628
56.1636
56.165
56.1666
56.169
56.1656
56.1623
56.1599
56.158
56.157
56.157
56.158
56.1599
56.1623
56.1656
56.1609
56.1568
56.1537
56.1514
56.1501
56.1501
56.1514
56.1537
56.1568
56.1609
56.1566
56.1506
56.1466
56.1439
56.1424
56.1424
56.1439
56.1466
56.1506
56.1567
51.9579
51.9584
51.9591
51.9595
51.9597
51.9597
51.9595
51.9591
51.9584
51.9579
51.9614
51.962
51.9627
51.9632
51.9635
51.9635
51.9633
51.9627
51.962
51.9614
51.9644
51.9651
51.9659
51.9664
51.9667
51.9667
51.9664
51.9659
51.9651
51.9644
51.9662
51.9668
51.9675
51.968
51.9683
51.9683
51.968
51.9675
51.9668
51.9662
51.9668
51.9671
51.9676
51.968
51.9682
51.9682
51.968
51.9676
51.9671
51.9668
51.9661
51.966
51.9662
51.9664
51.9664
51.9664
51.9664
51.9662
51.966
51.9661
51.9642
51.9636
51.9635
51.9633
51.9633
51.9633
51.9633
51.9635
51.9636
51.9642
51.9611
51.9601
51.9596
51.9592
51.959
51.959
51.9592
51.9596
51.9601
51.9611
51.9573
51.9559
51.9549
51.9543
51.9539
51.9539
51.9543
51.9549
51.9559
51.9573
51.9537
51.9511
51.9497
51.9487
51.9482
51.9482
51.9487
51.9497
51.9511
51.9537
47.808
47.8079
47.8079
47.8078
47.8078
47.8078
47.8078
47.8079
47.8079
47.808
47.8095
47.8095
47.8096
47.8095
47.8095
47.8095
47.8095
47.8096
47.8095
47.8095
47.8114
47.8115
47.8115
47.8115
47.8116
47.8116
47.8115
47.8115
47.8115
47.8114
47.813
47.813
47.8131
47.8131
47.8131
47.8131
47.8131
47.8131
47.813
47.813
47.8141
47.8142
47.8142
47.8142
47.8142
47.8142
47.8142
47.8142
47.8142
47.8141
47.815
47.8149
47.8149
47.8148
47.8148
47.8148
47.8148
47.8149
47.8149
47.815
47.8155
47.8153
47.8152
47.815
47.815
47.815
47.815
47.8152
47.8153
47.8155
47.8156
47.8153
47.8151
47.8149
47.8148
47.8148
47.8149
47.8151
47.8153
47.8156
47.8156
47.8152
47.8148
47.8145
47.8144
47.8144
47.8145
47.8148
47.8152
47.8156
47.8157
47.8148
47.8143
47.8139
47.8137
47.8137
47.8139
47.8143
47.8148
47.8157
43.6477
43.6478
43.6479
43.648
43.648
43.648
43.648
43.6479
43.6478
43.6477
43.6483
43.6484
43.6485
43.6486
43.6487
43.6487
43.6486
43.6485
43.6484
43.6483
43.6489
43.649
43.6492
43.6493
43.6493
43.6493
43.6493
43.6492
43.649
43.6489
43.6493
43.6494
43.6496
43.6497
43.6497
43.6497
43.6497
43.6496
43.6494
43.6493
43.6495
43.6496
43.6498
43.6499
43.6499
43.6499
43.6499
43.6498
43.6496
43.6495
43.6496
43.6496
43.6497
43.6498
43.6498
43.6498
43.6498
43.6497
43.6496
43.6496
43.6494
43.6494
43.6495
43.6495
43.6495
43.6495
43.6495
43.6495
43.6494
43.6494
43.6491
43.649
43.649
43.6489
43.6489
43.6489
43.6489
43.649
43.649
43.6491
43.6486
43.6484
43.6483
43.6482
43.6482
43.6482
43.6482
43.6483
43.6484
43.6486
43.6481
43.6477
43.6475
43.6474
43.6473
43.6473
43.6474
43.6475
43.6477
43.6481
39.492
39.492
39.492
39.492
39.492
39.492
39.492
39.492
39.492
39.492
39.4923
39.4923
39.4923
39.4923
39.4923
39.4923
39.4923
39.4923
39.4923
39.4923
39.4926
39.4927
39.4927
39.4927
39.4927
39.4927
39.4927
39.4927
39.4927
39.4926
39.493
39.493
39.493
39.493
39.4931
39.4931
39.493
39.493
39.493
39.493
39.4932
39.4933
39.4933
39.4933
39.4933
39.4933
39.4933
39.4933
39.4933
39.4932
39.4935
39.4935
39.4935
39.4936
39.4936
39.4936
39.4936
39.4935
39.4935
39.4935
39.4937
39.4937
39.4937
39.4937
39.4937
39.4937
39.4937
39.4937
39.4937
39.4937
39.4938
39.4938
39.4939
39.4938
39.4938
39.4938
39.4938
39.4939
39.4938
39.4938
39.494
39.494
39.4939
39.4939
39.4939
39.4939
39.4939
39.4939
39.494
39.494
39.4941
39.494
39.494
39.4939
39.4939
39.4939
39.4939
39.494
39.494
39.4941
35.3347
35.3347
35.3348
35.3348
35.3348
35.3348
35.3348
35.3348
35.3347
35.3347
35.3348
35.3349
35.3349
35.3349
35.3349
35.3349
35.3349
35.3349
35.3349
35.3348
35.335
35.335
35.335
35.335
35.335
35.335
35.335
35.335
35.335
35.335
35.3351
35.3351
35.3351
35.3351
35.3352
35.3352
35.3351
35.3351
35.3351
35.3351
35.3351
35.3352
35.3352
35.3352
35.3352
35.3352
35.3352
35.3352
35.3352
35.3351
35.3352
35.3352
35.3353
35.3353
35.3353
35.3353
35.3353
35.3353
35.3352
35.3352
35.3352
35.3352
35.3353
35.3353
35.3353
35.3353
35.3353
35.3353
35.3352
35.3352
35.3352
35.3352
35.3352
35.3353
35.3353
35.3353
35.3353
35.3352
35.3352
35.3352
35.3352
35.3352
35.3352
35.3352
35.3352
35.3352
35.3352
35.3352
35.3352
35.3352
35.3352
35.3351
35.3351
35.3351
35.3351
35.3351
35.3351
35.3351
35.3351
35.3352
31.1779
31.1779
31.1779
31.1779
31.1779
31.1779
31.1779
31.1779
31.1779
31.1779
31.178
31.178
31.178
31.178
31.178
31.178
31.178
31.178
31.178
31.178
31.178
31.178
31.1781
31.1781
31.1781
31.1781
31.1781
31.1781
31.178
31.178
31.1781
31.1781
31.1781
31.1781
31.1781
31.1781
31.1781
31.1781
31.1781
31.1781
31.1782
31.1782
31.1782
31.1782
31.1782
31.1782
31.1782
31.1782
31.1782
31.1782
31.1782
31.1782
31.1782
31.1783
31.1783
31.1783
31.1783
31.1782
31.1782
31.1782
31.1783
31.1783
31.1783
31.1783
31.1783
31.1783
31.1783
31.1783
31.1783
31.1783
31.1783
31.1783
31.1783
31.1783
31.1783
31.1783
31.1783
31.1783
31.1783
31.1783
31.1784
31.1784
31.1784
31.1784
31.1784
31.1784
31.1784
31.1784
31.1784
31.1784
31.1784
31.1784
31.1784
31.1784
31.1784
31.1784
31.1784
31.1784
31.1784
31.1784
27.0209
27.0209
27.0209
27.0209
27.0209
27.0209
27.0209
27.0209
27.0209
27.0209
27.0209
27.0209
27.0209
27.0209
27.0209
27.0209
27.0209
27.0209
27.0209
27.0209
27.0209
27.021
27.021
27.021
27.021
27.021
27.021
27.021
27.021
27.0209
27.021
27.021
27.021
27.021
27.021
27.021
27.021
27.021
27.021
27.021
27.021
27.021
27.021
27.021
27.021
27.021
27.021
27.021
27.021
27.021
27.021
27.021
27.021
27.021
27.021
27.021
27.021
27.021
27.021
27.021
27.021
27.021
27.021
27.0211
27.0211
27.0211
27.0211
27.021
27.021
27.021
27.021
27.0211
27.0211
27.0211
27.0211
27.0211
27.0211
27.0211
27.0211
27.021
27.0211
27.0211
27.0211
27.0211
27.0211
27.0211
27.0211
27.0211
27.0211
27.0211
27.0211
27.0211
27.0211
27.0211
27.0211
27.0211
27.0211
27.0211
27.0211
27.0211
22.8639
22.8639
22.8639
22.8639
22.8639
22.8639
22.8639
22.8639
22.8639
22.8639
22.8639
22.8639
22.8639
22.8639
22.8639
22.8639
22.8639
22.8639
22.8639
22.8639
22.8639
22.8639
22.8639
22.8639
22.8639
22.8639
22.8639
22.8639
22.8639
22.8639
22.8639
22.8639
22.8639
22.8639
22.8639
22.8639
22.8639
22.8639
22.8639
22.8639
22.8639
22.8639
22.8639
22.8639
22.8639
22.8639
22.8639
22.8639
22.8639
22.8639
22.8639
22.8639
22.864
22.864
22.864
22.864
22.864
22.864
22.8639
22.8639
22.864
22.864
22.864
22.864
22.864
22.864
22.864
22.864
22.864
22.864
22.864
22.864
22.864
22.864
22.864
22.864
22.864
22.864
22.864
22.864
22.864
22.864
22.864
22.864
22.864
22.864
22.864
22.864
22.864
22.864
22.864
22.864
22.864
22.864
22.864
22.864
22.864
22.864
22.864
22.864
18.7069
18.7069
18.7069
18.7069
18.7069
18.7069
18.7069
18.7069
18.7069
18.7069
18.7069
18.7069
18.7069
18.7069
18.7069
18.7069
18.7069
18.7069
18.7069
18.7069
18.7069
18.7069
18.7069
18.7069
18.7069
18.7069
18.7069
18.7069
18.7069
18.7069
18.7069
18.7069
18.7069
18.7069
18.7069
18.7069
18.7069
18.7069
18.7069
18.7069
18.7069
18.7069
18.7069
18.7069
18.7069
18.7069
18.7069
18.7069
18.7069
18.7069
18.7069
18.7069
18.7069
18.7069
18.7069
18.7069
18.7069
18.7069
18.7069
18.7069
18.7069
18.7069
18.7069
18.7069
18.7069
18.7069
18.7069
18.7069
18.7069
18.7069
18.7069
18.7069
18.7069
18.7069
18.7069
18.7069
18.7069
18.7069
18.7069
18.7069
18.7069
18.7069
18.7069
18.7069
18.7069
18.7069
18.7069
18.7069
18.7069
18.7069
18.7069
18.7069
18.7069
18.7069
18.7069
18.7069
18.7069
18.7069
18.7069
18.7069
14.5498
14.5498
14.5498
14.5498
14.5498
14.5498
14.5498
14.5498
14.5498
14.5498
14.5498
14.5498
14.5498
14.5498
14.5498
14.5498
14.5498
14.5498
14.5498
14.5498
14.5498
14.5498
14.5498
14.5498
14.5498
14.5498
14.5498
14.5498
14.5498
14.5498
14.5498
14.5498
14.5498
14.5498
14.5498
14.5498
14.5498
14.5498
14.5498
14.5498
14.5498
14.5498
14.5498
14.5498
14.5498
14.5498
14.5498
14.5498
14.5498
14.5498
14.5498
14.5498
14.5498
14.5498
14.5498
14.5498
14.5498
14.5498
14.5498
14.5498
14.5498
14.5498
14.5498
14.5498
14.5498
14.5498
14.5498
14.5498
14.5498
14.5498
14.5498
14.5498
14.5498
14.5498
14.5498
14.5498
14.5498
14.5498
14.5498
14.5498
14.5498
14.5498
14.5498
14.5498
14.5498
14.5498
14.5498
14.5498
14.5498
14.5498
14.5498
14.5498
14.5498
14.5498
14.5498
14.5498
14.5498
14.5498
14.5498
14.5498
10.3928
10.3928
10.3928
10.3928
10.3928
10.3928
10.3928
10.3928
10.3928
10.3928
10.3928
10.3928
10.3928
10.3928
10.3928
10.3928
10.3928
10.3928
10.3928
10.3928
10.3928
10.3928
10.3928
10.3928
10.3928
10.3928
10.3928
10.3928
10.3928
10.3928
10.3928
10.3928
10.3928
10.3928
10.3928
10.3928
10.3928
10.3928
10.3928
10.3928
10.3928
10.3928
10.3928
10.3927
10.3927
10.3927
10.3927
10.3928
10.3928
10.3928
10.3927
10.3927
10.3927
10.3927
10.3927
10.3927
10.3927
10.3927
10.3927
10.3927
10.3927
10.3927
10.3927
10.3927
10.3927
10.3927
10.3927
10.3927
10.3927
10.3927
10.3927
10.3927
10.3927
10.3927
10.3927
10.3927
10.3927
10.3927
10.3927
10.3927
10.3927
10.3927
10.3927
10.3927
10.3927
10.3927
10.3927
10.3927
10.3927
10.3927
10.3927
10.3927
10.3927
10.3927
10.3927
10.3927
10.3927
10.3927
10.3927
10.3927
6.23575
6.23574
6.23574
6.23573
6.23573
6.23573
6.23573
6.23574
6.23574
6.23575
6.23569
6.23569
6.23569
6.23568
6.23568
6.23568
6.23568
6.23569
6.23569
6.23569
6.23567
6.23566
6.23566
6.23566
6.23566
6.23566
6.23566
6.23566
6.23566
6.23567
6.23566
6.23566
6.23566
6.23565
6.23565
6.23565
6.23565
6.23566
6.23566
6.23566
6.23566
6.23566
6.23565
6.23565
6.23565
6.23565
6.23565
6.23565
6.23566
6.23566
6.23565
6.23565
6.23565
6.23565
6.23564
6.23564
6.23565
6.23565
6.23565
6.23565
6.23565
6.23565
6.23564
6.23564
6.23564
6.23564
6.23564
6.23564
6.23565
6.23565
6.23565
6.23564
6.23564
6.23564
6.23564
6.23564
6.23564
6.23564
6.23564
6.23564
6.23564
6.23564
6.23564
6.23564
6.23564
6.23564
6.23564
6.23564
6.23564
6.23564
6.23564
6.23564
6.23564
6.23564
6.23564
6.23564
6.23564
6.23564
6.23564
6.23564
2.07865
2.07864
2.07864
2.07863
2.07862
2.07862
2.07863
2.07864
2.07864
2.07865
2.0786
2.0786
2.07859
2.07858
2.07858
2.07858
2.07858
2.07859
2.0786
2.0786
2.07858
2.07857
2.07856
2.07856
2.07855
2.07855
2.07856
2.07856
2.07857
2.07858
2.07856
2.07855
2.07854
2.07854
2.07853
2.07853
2.07854
2.07854
2.07855
2.07856
2.07853
2.07852
2.07852
2.07851
2.07851
2.07851
2.07851
2.07852
2.07852
2.07853
2.0785
2.07849
2.07849
2.07848
2.07848
2.07848
2.07848
2.07849
2.07849
2.0785
2.07847
2.07846
2.07846
2.07846
2.07845
2.07845
2.07845
2.07846
2.07846
2.07847
2.07845
2.07844
2.07844
2.07844
2.07843
2.07843
2.07844
2.07844
2.07844
2.07845
2.07843
2.07843
2.07842
2.07842
2.07842
2.07842
2.07842
2.07842
2.07842
2.07843
2.07842
2.07842
2.07842
2.07841
2.07841
2.07841
2.07841
2.07841
2.07842
2.07842
114.996
114.415
114.047
113.779
113.64
113.64
113.779
114.047
114.415
114.996
105.762
104.908
104.342
103.943
103.737
103.737
103.943
104.342
104.908
105.762
98.0732
97.0911
96.4452
95.9966
95.7664
95.7664
95.9966
96.4452
97.0911
98.0732
92.7754
91.7716
91.1206
90.6755
90.4475
90.4475
90.6755
91.1206
91.7716
92.7754
88.835
87.8482
87.213
86.7878
86.5702
86.5702
86.7878
87.213
87.8482
88.835
85.6856
84.7379
84.1288
83.7315
83.5287
83.5287
83.7315
84.1288
84.7379
85.6856
83.1296
82.2416
81.6684
81.305
81.1204
81.1204
81.305
81.6684
82.2416
83.1296
81.0502
80.2428
79.7165
79.3914
79.227
79.227
79.3914
79.7165
80.2428
81.0502
79.3498
78.64
78.1733
77.8905
77.7476
77.7476
77.8905
78.1733
78.64
79.3498
78.0145
77.3457
76.9494
76.709
76.5873
76.5873
76.709
76.9494
77.3457
78.0145
79.2461
79.4124
79.591
79.7125
79.7753
79.7753
79.7125
79.591
79.4124
79.2461
79.5121
79.5945
79.7067
79.7795
79.8166
79.8165
79.7795
79.7067
79.5945
79.5121
79.3209
79.3026
79.3373
79.3552
79.3638
79.3638
79.3552
79.3373
79.3026
79.3209
78.7877
78.6804
78.6469
78.6186
78.6033
78.6033
78.6186
78.6469
78.6804
78.7877
78.1114
77.934
77.8451
77.7815
77.7481
77.7481
77.7815
77.8451
77.934
78.1114
77.3903
77.1626
77.0311
76.9425
76.8964
76.8964
76.9425
77.0311
77.1626
77.3903
76.673
76.4153
76.2548
76.1511
76.0976
76.0976
76.1511
76.2548
76.4153
76.673
75.9856
75.7201
75.5462
75.437
75.3809
75.3809
75.437
75.5462
75.7201
75.9856
75.3474
75.0938
74.9219
74.8156
74.7607
74.7607
74.8156
74.9219
75.0938
75.3473
74.8209
74.5397
74.3794
74.2797
74.2277
74.2277
74.2797
74.3794
74.5397
74.8209
74.2861
74.2659
74.2608
74.2542
74.251
74.251
74.2542
74.2608
74.2659
74.2861
74.5654
74.5376
74.5272
74.5159
74.51
74.51
74.5159
74.5272
74.5376
74.5654
74.763
74.7129
74.6874
74.6642
74.652
74.652
74.6642
74.6874
74.7129
74.7629
74.7046
74.6202
74.5709
74.5312
74.5102
74.5102
74.5312
74.5709
74.6202
74.7046
74.4758
74.3565
74.2825
74.2271
74.1978
74.1978
74.2271
74.2825
74.3565
74.4758
74.1624
74.0135
73.9176
73.8495
73.8138
73.8138
73.8495
73.9176
74.0134
74.1624
73.8091
73.6386
73.5257
73.4488
73.4087
73.4087
73.4488
73.5257
73.6386
73.8091
73.4405
73.2595
73.1363
73.0552
73.0132
73.0132
73.0552
73.1363
73.2595
73.4405
73.0777
72.8971
72.7716
72.6905
72.6486
72.6486
72.6905
72.7715
72.8971
73.0777
72.7611
72.5614
72.4394
72.3609
72.3204
72.3204
72.3609
72.4394
72.5614
72.7611
68.6845
68.7017
68.7234
68.7381
68.7459
68.7459
68.7381
68.7234
68.7017
68.6845
68.8126
68.83
68.8525
68.8674
68.8754
68.8754
68.8674
68.8525
68.83
68.8126
68.8986
68.9105
68.9295
68.9417
68.9482
68.9482
68.9417
68.9295
68.9105
68.8986
68.9073
68.9069
68.9172
68.9229
68.9259
68.9259
68.9229
68.9172
68.9069
68.9073
68.8578
68.8423
68.8411
68.8388
68.8376
68.8376
68.8388
68.8411
68.8423
68.8578
68.7697
68.7391
68.7258
68.7157
68.7103
68.7103
68.7157
68.7258
68.7391
68.7697
68.6548
68.6111
68.587
68.5702
68.5613
68.5613
68.5702
68.587
68.6111
68.6548
68.5216
68.4693
68.437
68.4153
68.4039
68.4039
68.4153
68.437
68.4693
68.5216
68.3805
68.3242
68.2868
68.2621
68.249
68.249
68.2621
68.2868
68.3242
68.3805
68.256
68.1827
68.1413
68.114
68.0997
68.0997
68.114
68.1412
68.1827
68.256
64.5878
64.585
64.584
64.5826
64.5819
64.5819
64.5826
64.584
64.585
64.5878
64.6432
64.642
64.6423
64.6417
64.6415
64.6415
64.6417
64.6423
64.642
64.6432
64.6957
64.6939
64.6941
64.6932
64.6927
64.6927
64.6932
64.6941
64.6939
64.6957
64.7218
64.7166
64.7145
64.7118
64.7103
64.7103
64.7118
64.7145
64.7166
64.7218
64.7231
64.7127
64.7068
64.7014
64.6984
64.6984
64.7014
64.7068
64.7127
64.7231
64.7052
64.6887
64.6783
64.6699
64.6654
64.6654
64.6699
64.6783
64.6887
64.7052
64.6724
64.6501
64.6351
64.624
64.6181
64.6181
64.624
64.6351
64.6501
64.6724
64.6287
64.6018
64.583
64.5697
64.5626
64.5626
64.5697
64.583
64.6018
64.6287
64.5795
64.5495
64.5277
64.5127
64.5048
64.5048
64.5127
64.5277
64.5495
64.5795
64.5342
64.4961
64.4719
64.4556
64.447
64.447
64.4556
64.4719
64.4961
64.5342
60.2679
60.2705
60.2737
60.2758
60.277
60.277
60.2758
60.2737
60.2705
60.2679
60.2887
60.2918
60.2957
60.2983
60.2997
60.2997
60.2983
60.2957
60.2918
60.2887
60.3057
60.3088
60.3127
60.3153
60.3167
60.3167
60.3153
60.3127
60.3087
60.3057
60.3136
60.3153
60.3185
60.3205
60.3215
60.3215
60.3205
60.3185
60.3153
60.3136
60.3126
60.3123
60.3139
60.3147
60.3152
60.3152
60.3147
60.3139
60.3123
60.3126
60.304
60.301
60.3005
60.3
60.2997
60.2997
60.3
60.3005
60.301
60.304
60.2886
60.2829
60.2803
60.2782
60.2771
60.2771
60.2782
60.2803
60.2829
60.2886
60.2677
60.2597
60.2551
60.2517
60.2499
60.2499
60.2517
60.2551
60.2597
60.2677
60.2433
60.2336
60.2272
60.2227
60.2203
60.2203
60.2227
60.2272
60.2336
60.2433
60.2208
60.2061
60.1978
60.1921
60.1891
60.1891
60.1921
60.1978
60.2061
60.2208
56.1395
56.1391
56.1388
56.1384
56.1383
56.1383
56.1384
56.1388
56.1391
56.1395
56.1485
56.1484
56.1485
56.1483
56.1483
56.1483
56.1483
56.1485
56.1484
56.1485
56.1583
56.1584
56.1586
56.1586
56.1586
56.1586
56.1586
56.1586
56.1584
56.1583
56.1654
56.1652
56.1654
56.1652
56.1651
56.1651
56.1652
56.1654
56.1652
56.1654
56.1693
56.1686
56.1683
56.1679
56.1676
56.1676
56.1679
56.1683
56.1686
56.1693
56.1704
56.1689
56.168
56.1671
56.1666
56.1666
56.1671
56.168
56.1689
56.1704
56.169
56.1666
56.165
56.1636
56.1628
56.1628
56.1636
56.165
56.1666
56.169
56.1656
56.1623
56.1599
56.158
56.157
56.157
56.158
56.1599
56.1623
56.1656
56.1609
56.1568
56.1537
56.1514
56.1501
56.1501
56.1514
56.1537
56.1568
56.1609
56.1567
56.1506
56.1466
56.1439
56.1424
56.1424
56.1439
56.1466
56.1506
56.1567
51.9579
51.9584
51.9591
51.9595
51.9597
51.9597
51.9595
51.9591
51.9584
51.9579
51.9614
51.962
51.9627
51.9633
51.9635
51.9635
51.9632
51.9627
51.962
51.9614
51.9644
51.9651
51.9659
51.9664
51.9667
51.9667
51.9664
51.9659
51.9651
51.9644
51.9662
51.9668
51.9675
51.968
51.9683
51.9683
51.968
51.9675
51.9668
51.9662
51.9668
51.9671
51.9676
51.968
51.9682
51.9682
51.968
51.9676
51.9671
51.9668
51.9661
51.966
51.9662
51.9664
51.9664
51.9664
51.9664
51.9662
51.966
51.9661
51.9642
51.9636
51.9635
51.9633
51.9633
51.9633
51.9633
51.9635
51.9636
51.9642
51.9611
51.9601
51.9596
51.9592
51.959
51.959
51.9592
51.9596
51.9601
51.9611
51.9573
51.9559
51.9549
51.9543
51.9539
51.9539
51.9543
51.9549
51.9559
51.9573
51.9537
51.9511
51.9497
51.9487
51.9482
51.9482
51.9487
51.9497
51.9511
51.9537
47.808
47.8079
47.8079
47.8078
47.8078
47.8078
47.8078
47.8079
47.8079
47.808
47.8095
47.8095
47.8096
47.8095
47.8095
47.8095
47.8095
47.8096
47.8095
47.8095
47.8114
47.8115
47.8115
47.8115
47.8116
47.8116
47.8115
47.8115
47.8115
47.8114
47.813
47.813
47.8131
47.8131
47.8131
47.8131
47.8131
47.8131
47.813
47.813
47.8141
47.8142
47.8142
47.8142
47.8142
47.8142
47.8142
47.8142
47.8142
47.8141
47.815
47.8149
47.8149
47.8148
47.8148
47.8148
47.8148
47.8149
47.8149
47.815
47.8155
47.8153
47.8152
47.815
47.815
47.815
47.815
47.8152
47.8153
47.8155
47.8156
47.8153
47.8151
47.8149
47.8148
47.8148
47.8149
47.8151
47.8153
47.8156
47.8156
47.8152
47.8148
47.8145
47.8144
47.8144
47.8145
47.8148
47.8152
47.8156
47.8157
47.8148
47.8143
47.8139
47.8137
47.8137
47.8139
47.8143
47.8148
47.8157
43.6477
43.6478
43.6479
43.648
43.648
43.648
43.648
43.6479
43.6478
43.6477
43.6483
43.6484
43.6485
43.6486
43.6487
43.6487
43.6486
43.6485
43.6484
43.6483
43.6489
43.649
43.6492
43.6493
43.6493
43.6493
43.6493
43.6492
43.649
43.6489
43.6493
43.6494
43.6496
43.6497
43.6497
43.6497
43.6497
43.6496
43.6494
43.6493
43.6495
43.6496
43.6498
43.6499
43.6499
43.6499
43.6499
43.6498
43.6496
43.6495
43.6496
43.6496
43.6497
43.6498
43.6498
43.6498
43.6498
43.6497
43.6496
43.6496
43.6494
43.6494
43.6495
43.6495
43.6495
43.6495
43.6495
43.6495
43.6494
43.6494
43.6491
43.649
43.649
43.6489
43.6489
43.6489
43.6489
43.649
43.649
43.6491
43.6486
43.6484
43.6483
43.6482
43.6482
43.6482
43.6482
43.6483
43.6484
43.6486
43.6481
43.6477
43.6475
43.6474
43.6473
43.6473
43.6474
43.6475
43.6477
43.6481
39.492
39.492
39.492
39.492
39.492
39.492
39.492
39.492
39.492
39.492
39.4923
39.4923
39.4923
39.4923
39.4923
39.4923
39.4923
39.4923
39.4923
39.4923
39.4926
39.4927
39.4927
39.4927
39.4927
39.4927
39.4927
39.4927
39.4927
39.4926
39.493
39.493
39.493
39.493
39.4931
39.4931
39.493
39.493
39.493
39.493
39.4932
39.4933
39.4933
39.4933
39.4933
39.4933
39.4933
39.4933
39.4933
39.4932
39.4935
39.4935
39.4935
39.4936
39.4936
39.4936
39.4936
39.4935
39.4935
39.4935
39.4937
39.4937
39.4937
39.4937
39.4937
39.4937
39.4937
39.4937
39.4937
39.4937
39.4938
39.4938
39.4939
39.4938
39.4938
39.4938
39.4938
39.4939
39.4938
39.4938
39.494
39.494
39.4939
39.4939
39.4939
39.4939
39.4939
39.4939
39.494
39.494
39.4941
39.494
39.494
39.4939
39.4939
39.4939
39.4939
39.494
39.494
39.4941
35.3347
35.3347
35.3348
35.3348
35.3348
35.3348
35.3348
35.3348
35.3347
35.3347
35.3348
35.3349
35.3349
35.3349
35.3349
35.3349
35.3349
35.3349
35.3349
35.3348
35.335
35.335
35.335
35.335
35.335
35.335
35.335
35.335
35.335
35.335
35.3351
35.3351
35.3351
35.3351
35.3352
35.3352
35.3351
35.3351
35.3351
35.3351
35.3351
35.3352
35.3352
35.3352
35.3352
35.3352
35.3352
35.3352
35.3352
35.3351
35.3352
35.3352
35.3353
35.3353
35.3353
35.3353
35.3353
35.3353
35.3352
35.3352
35.3352
35.3352
35.3353
35.3353
35.3353
35.3353
35.3353
35.3353
35.3352
35.3352
35.3352
35.3352
35.3352
35.3353
35.3353
35.3353
35.3353
35.3352
35.3352
35.3352
35.3352
35.3352
35.3352
35.3352
35.3352
35.3352
35.3352
35.3352
35.3352
35.3352
35.3352
35.3351
35.3351
35.3351
35.3351
35.3351
35.3351
35.3351
35.3351
35.3352
31.1779
31.1779
31.1779
31.1779
31.1779
31.1779
31.1779
31.1779
31.1779
31.1779
31.178
31.178
31.178
31.178
31.178
31.178
31.178
31.178
31.178
31.178
31.178
31.178
31.1781
31.1781
31.1781
31.1781
31.1781
31.1781
31.178
31.178
31.1781
31.1781
31.1781
31.1781
31.1781
31.1781
31.1781
31.1781
31.1781
31.1781
31.1782
31.1782
31.1782
31.1782
31.1782
31.1782
31.1782
31.1782
31.1782
31.1782
31.1782
31.1782
31.1782
31.1783
31.1783
31.1783
31.1783
31.1782
31.1782
31.1782
31.1783
31.1783
31.1783
31.1783
31.1783
31.1783
31.1783
31.1783
31.1783
31.1783
31.1783
31.1783
31.1783
31.1783
31.1783
31.1783
31.1783
31.1783
31.1783
31.1783
31.1784
31.1784
31.1784
31.1784
31.1784
31.1784
31.1784
31.1784
31.1784
31.1784
31.1784
31.1784
31.1784
31.1784
31.1784
31.1784
31.1784
31.1784
31.1784
31.1784
27.0209
27.0209
27.0209
27.0209
27.0209
27.0209
27.0209
27.0209
27.0209
27.0209
27.0209
27.0209
27.0209
27.0209
27.0209
27.0209
27.0209
27.0209
27.0209
27.0209
27.0209
27.021
27.021
27.021
27.021
27.021
27.021
27.021
27.021
27.0209
27.021
27.021
27.021
27.021
27.021
27.021
27.021
27.021
27.021
27.021
27.021
27.021
27.021
27.021
27.021
27.021
27.021
27.021
27.021
27.021
27.021
27.021
27.021
27.021
27.021
27.021
27.021
27.021
27.021
27.021
27.021
27.021
27.021
27.0211
27.0211
27.0211
27.0211
27.021
27.021
27.021
27.021
27.0211
27.0211
27.0211
27.0211
27.0211
27.0211
27.0211
27.0211
27.021
27.0211
27.0211
27.0211
27.0211
27.0211
27.0211
27.0211
27.0211
27.0211
27.0211
27.0211
27.0211
27.0211
27.0211
27.0211
27.0211
27.0211
27.0211
27.0211
27.0211
22.8639
22.8639
22.8639
22.8639
22.8639
22.8639
22.8639
22.8639
22.8639
22.8639
22.8639
22.8639
22.8639
22.8639
22.8639
22.8639
22.8639
22.8639
22.8639
22.8639
22.8639
22.8639
22.8639
22.8639
22.8639
22.8639
22.8639
22.8639
22.8639
22.8639
22.8639
22.8639
22.8639
22.8639
22.8639
22.8639
22.8639
22.8639
22.8639
22.8639
22.8639
22.8639
22.8639
22.8639
22.8639
22.8639
22.8639
22.8639
22.8639
22.8639
22.8639
22.8639
22.864
22.864
22.864
22.864
22.864
22.864
22.8639
22.8639
22.864
22.864
22.864
22.864
22.864
22.864
22.864
22.864
22.864
22.864
22.864
22.864
22.864
22.864
22.864
22.864
22.864
22.864
22.864
22.864
22.864
22.864
22.864
22.864
22.864
22.864
22.864
22.864
22.864
22.864
22.864
22.864
22.864
22.864
22.864
22.864
22.864
22.864
22.864
22.864
18.7069
18.7069
18.7069
18.7069
18.7069
18.7069
18.7069
18.7069
18.7069
18.7069
18.7069
18.7069
18.7069
18.7069
18.7069
18.7069
18.7069
18.7069
18.7069
18.7069
18.7069
18.7069
18.7069
18.7069
18.7069
18.7069
18.7069
18.7069
18.7069
18.7069
18.7069
18.7069
18.7069
18.7069
18.7069
18.7069
18.7069
18.7069
18.7069
18.7069
18.7069
18.7069
18.7069
18.7069
18.7069
18.7069
18.7069
18.7069
18.7069
18.7069
18.7069
18.7069
18.7069
18.7069
18.7069
18.7069
18.7069
18.7069
18.7069
18.7069
18.7069
18.7069
18.7069
18.7069
18.7069
18.7069
18.7069
18.7069
18.7069
18.7069
18.7069
18.7069
18.7069
18.7069
18.7069
18.7069
18.7069
18.7069
18.7069
18.7069
18.7069
18.7069
18.7069
18.7069
18.7069
18.7069
18.7069
18.7069
18.7069
18.7069
18.7069
18.7069
18.7069
18.7069
18.7069
18.7069
18.7069
18.7069
18.7069
18.7069
14.5498
14.5498
14.5498
14.5498
14.5498
14.5498
14.5498
14.5498
14.5498
14.5498
14.5498
14.5498
14.5498
14.5498
14.5498
14.5498
14.5498
14.5498
14.5498
14.5498
14.5498
14.5498
14.5498
14.5498
14.5498
14.5498
14.5498
14.5498
14.5498
14.5498
14.5498
14.5498
14.5498
14.5498
14.5498
14.5498
14.5498
14.5498
14.5498
14.5498
14.5498
14.5498
14.5498
14.5498
14.5498
14.5498
14.5498
14.5498
14.5498
14.5498
14.5498
14.5498
14.5498
14.5498
14.5498
14.5498
14.5498
14.5498
14.5498
14.5498
14.5498
14.5498
14.5498
14.5498
14.5498
14.5498
14.5498
14.5498
14.5498
14.5498
14.5498
14.5498
14.5498
14.5498
14.5498
14.5498
14.5498
14.5498
14.5498
14.5498
14.5498
14.5498
14.5498
14.5498
14.5498
14.5498
14.5498
14.5498
14.5498
14.5498
14.5498
14.5498
14.5498
14.5498
14.5498
14.5498
14.5498
14.5498
14.5498
14.5498
10.3928
10.3928
10.3928
10.3928
10.3928
10.3928
10.3928
10.3928
10.3928
10.3928
10.3928
10.3928
10.3928
10.3928
10.3928
10.3928
10.3928
10.3928
10.3928
10.3928
10.3928
10.3928
10.3928
10.3928
10.3928
10.3928
10.3928
10.3928
10.3928
10.3928
10.3928
10.3928
10.3928
10.3928
10.3928
10.3928
10.3928
10.3928
10.3928
10.3928
10.3928
10.3928
10.3928
10.3927
10.3927
10.3927
10.3927
10.3928
10.3928
10.3928
10.3927
10.3927
10.3927
10.3927
10.3927
10.3927
10.3927
10.3927
10.3927
10.3927
10.3927
10.3927
10.3927
10.3927
10.3927
10.3927
10.3927
10.3927
10.3927
10.3927
10.3927
10.3927
10.3927
10.3927
10.3927
10.3927
10.3927
10.3927
10.3927
10.3927
10.3927
10.3927
10.3927
10.3927
10.3927
10.3927
10.3927
10.3927
10.3927
10.3927
10.3927
10.3927
10.3927
10.3927
10.3927
10.3927
10.3927
10.3927
10.3927
10.3927
6.23575
6.23574
6.23574
6.23573
6.23573
6.23573
6.23573
6.23574
6.23574
6.23575
6.23569
6.23569
6.23569
6.23568
6.23568
6.23568
6.23568
6.23569
6.23569
6.23569
6.23567
6.23566
6.23566
6.23566
6.23566
6.23566
6.23566
6.23566
6.23566
6.23567
6.23566
6.23566
6.23566
6.23565
6.23565
6.23565
6.23565
6.23566
6.23566
6.23566
6.23566
6.23566
6.23565
6.23565
6.23565
6.23565
6.23565
6.23565
6.23566
6.23566
6.23565
6.23565
6.23565
6.23565
6.23564
6.23564
6.23565
6.23565
6.23565
6.23565
6.23565
6.23564
6.23564
6.23564
6.23564
6.23564
6.23564
6.23564
6.23565
6.23565
6.23564
6.23564
6.23564
6.23564
6.23564
6.23564
6.23564
6.23564
6.23564
6.23565
6.23564
6.23564
6.23564
6.23564
6.23564
6.23564
6.23564
6.23564
6.23564
6.23564
6.23564
6.23564
6.23564
6.23564
6.23564
6.23564
6.23564
6.23564
6.23564
6.23564
2.07865
2.07864
2.07864
2.07863
2.07862
2.07862
2.07863
2.07864
2.07864
2.07865
2.0786
2.0786
2.07859
2.07858
2.07858
2.07858
2.07858
2.07859
2.0786
2.0786
2.07858
2.07857
2.07856
2.07856
2.07855
2.07855
2.07856
2.07856
2.07857
2.07858
2.07856
2.07855
2.07854
2.07854
2.07853
2.07853
2.07854
2.07854
2.07855
2.07856
2.07853
2.07852
2.07852
2.07851
2.07851
2.07851
2.07851
2.07852
2.07852
2.07853
2.0785
2.07849
2.07849
2.07848
2.07848
2.07848
2.07848
2.07849
2.07849
2.0785
2.07847
2.07846
2.07846
2.07845
2.07845
2.07845
2.07845
2.07846
2.07846
2.07847
2.07845
2.07844
2.07844
2.07844
2.07843
2.07843
2.07844
2.07844
2.07844
2.07845
2.07843
2.07842
2.07842
2.07842
2.07842
2.07842
2.07842
2.07842
2.07843
2.07843
2.07842
2.07842
2.07841
2.07841
2.07841
2.07841
2.07841
2.07842
2.07842
2.07842
114.996
114.415
114.047
113.779
113.64
113.64
113.779
114.047
114.415
114.996
105.762
104.908
104.342
103.943
103.737
103.737
103.943
104.342
104.908
105.762
98.0732
97.0911
96.4452
95.9966
95.7664
95.7664
95.9966
96.4452
97.0911
98.0732
92.7754
91.7716
91.1206
90.6755
90.4475
90.4475
90.6755
91.1206
91.7716
92.7754
88.8349
87.8482
87.213
86.7878
86.5702
86.5702
86.7878
87.213
87.8482
88.8349
85.6856
84.7379
84.1288
83.7315
83.5287
83.5287
83.7315
84.1288
84.7379
85.6856
83.1296
82.2416
81.6684
81.305
81.1204
81.1204
81.305
81.6684
82.2416
83.1296
81.0502
80.2428
79.7165
79.3914
79.227
79.227
79.3914
79.7165
80.2428
81.0501
79.3498
78.64
78.1733
77.8904
77.7476
77.7476
77.8904
78.1733
78.64
79.3498
78.0145
77.3457
76.9494
76.709
76.5873
76.5873
76.709
76.9494
77.3457
78.0144
79.2461
79.4124
79.591
79.7125
79.7753
79.7753
79.7125
79.591
79.4124
79.2461
79.5121
79.5945
79.7067
79.7794
79.8165
79.8165
79.7794
79.7067
79.5945
79.5121
79.3209
79.3026
79.3373
79.3552
79.3638
79.3638
79.3552
79.3373
79.3026
79.3209
78.7877
78.6804
78.6469
78.6186
78.6033
78.6033
78.6186
78.6469
78.6804
78.7877
78.1114
77.934
77.8451
77.7815
77.7481
77.7481
77.7815
77.8451
77.934
78.1114
77.3903
77.1626
77.0311
76.9424
76.8964
76.8964
76.9424
77.0311
77.1626
77.3903
76.673
76.4153
76.2548
76.1511
76.0976
76.0976
76.1511
76.2548
76.4153
76.673
75.9856
75.7201
75.5462
75.437
75.3809
75.3809
75.437
75.5462
75.7201
75.9856
75.3473
75.0938
74.9219
74.8156
74.7607
74.7607
74.8156
74.9219
75.0938
75.3473
74.8209
74.5397
74.3794
74.2796
74.2277
74.2277
74.2796
74.3794
74.5397
74.8209
74.2861
74.2659
74.2608
74.2542
74.251
74.251
74.2542
74.2608
74.2659
74.2861
74.5654
74.5376
74.5272
74.5159
74.51
74.51
74.5159
74.5272
74.5376
74.5654
74.7629
74.7129
74.6874
74.6642
74.652
74.652
74.6642
74.6874
74.7129
74.7629
74.7046
74.6202
74.5709
74.5312
74.5102
74.5102
74.5312
74.5709
74.6202
74.7046
74.4758
74.3565
74.2825
74.227
74.1978
74.1978
74.227
74.2825
74.3565
74.4758
74.1624
74.0134
73.9176
73.8495
73.8138
73.8138
73.8495
73.9176
74.0134
74.1624
73.8091
73.6386
73.5257
73.4488
73.4087
73.4087
73.4488
73.5257
73.6386
73.8091
73.4405
73.2595
73.1363
73.0552
73.0132
73.0132
73.0552
73.1363
73.2595
73.4405
73.0777
72.8971
72.7715
72.6905
72.6486
72.6486
72.6905
72.7715
72.8971
73.0777
72.7611
72.5614
72.4394
72.3609
72.3204
72.3204
72.3609
72.4393
72.5614
72.7611
68.6845
68.7017
68.7234
68.7381
68.7459
68.7459
68.7381
68.7234
68.7017
68.6845
68.8126
68.83
68.8525
68.8674
68.8754
68.8754
68.8674
68.8525
68.83
68.8126
68.8986
68.9105
68.9295
68.9417
68.9481
68.9481
68.9417
68.9295
68.9105
68.8986
68.9073
68.9069
68.9172
68.9229
68.9259
68.9259
68.9229
68.9172
68.9069
68.9073
68.8578
68.8423
68.8411
68.8388
68.8376
68.8376
68.8388
68.8411
68.8423
68.8578
68.7697
68.739
68.7258
68.7157
68.7103
68.7103
68.7157
68.7258
68.739
68.7697
68.6548
68.6111
68.587
68.5702
68.5613
68.5613
68.5702
68.587
68.6111
68.6547
68.5216
68.4693
68.437
68.4153
68.4038
68.4038
68.4153
68.437
68.4693
68.5216
68.3805
68.3242
68.2868
68.2621
68.249
68.249
68.2621
68.2868
68.3241
68.3805
68.256
68.1827
68.1412
68.114
68.0997
68.0997
68.114
68.1412
68.1827
68.256
64.5878
64.585
64.584
64.5826
64.5819
64.5819
64.5826
64.584
64.585
64.5878
64.6432
64.642
64.6423
64.6417
64.6415
64.6415
64.6417
64.6423
64.642
64.6432
64.6957
64.6939
64.6941
64.6932
64.6927
64.6927
64.6932
64.6941
64.6939
64.6957
64.7218
64.7166
64.7145
64.7118
64.7103
64.7103
64.7118
64.7145
64.7166
64.7218
64.7231
64.7127
64.7067
64.7014
64.6984
64.6984
64.7014
64.7067
64.7127
64.7231
64.7052
64.6887
64.6783
64.6699
64.6654
64.6654
64.6699
64.6783
64.6887
64.7052
64.6724
64.6501
64.6351
64.624
64.6181
64.6181
64.624
64.6351
64.6501
64.6724
64.6287
64.6018
64.583
64.5697
64.5626
64.5626
64.5697
64.583
64.6018
64.6287
64.5795
64.5495
64.5277
64.5127
64.5048
64.5048
64.5127
64.5277
64.5495
64.5795
64.5342
64.4961
64.4719
64.4556
64.447
64.447
64.4555
64.4719
64.4961
64.5342
60.2679
60.2704
60.2737
60.2758
60.277
60.277
60.2758
60.2737
60.2704
60.2679
60.2887
60.2918
60.2957
60.2983
60.2997
60.2997
60.2983
60.2957
60.2918
60.2887
60.3057
60.3087
60.3127
60.3153
60.3167
60.3167
60.3153
60.3127
60.3087
60.3057
60.3136
60.3153
60.3185
60.3205
60.3215
60.3215
60.3205
60.3185
60.3153
60.3136
60.3126
60.3123
60.3139
60.3147
60.3152
60.3152
60.3147
60.3139
60.3123
60.3126
60.304
60.301
60.3005
60.3
60.2997
60.2996
60.3
60.3005
60.301
60.304
60.2886
60.2829
60.2803
60.2782
60.2771
60.2771
60.2782
60.2803
60.2829
60.2886
60.2677
60.2597
60.2551
60.2517
60.2499
60.2499
60.2517
60.2551
60.2597
60.2677
60.2433
60.2336
60.2272
60.2227
60.2203
60.2203
60.2227
60.2272
60.2336
60.2433
60.2208
60.2061
60.1978
60.1921
60.1891
60.1891
60.1921
60.1978
60.2061
60.2208
56.1395
56.1391
56.1388
56.1384
56.1382
56.1382
56.1384
56.1388
56.1391
56.1395
56.1485
56.1484
56.1485
56.1483
56.1483
56.1483
56.1483
56.1485
56.1484
56.1485
56.1583
56.1584
56.1586
56.1586
56.1586
56.1586
56.1586
56.1586
56.1584
56.1583
56.1654
56.1652
56.1654
56.1652
56.1651
56.1651
56.1652
56.1654
56.1652
56.1654
56.1693
56.1686
56.1683
56.1679
56.1676
56.1676
56.1679
56.1683
56.1686
56.1693
56.1704
56.1689
56.168
56.1671
56.1666
56.1666
56.1671
56.168
56.1689
56.1704
56.169
56.1666
56.165
56.1636
56.1628
56.1628
56.1636
56.165
56.1666
56.169
56.1656
56.1623
56.1599
56.158
56.157
56.157
56.158
56.1599
56.1623
56.1656
56.1609
56.1568
56.1537
56.1514
56.1501
56.1501
56.1514
56.1537
56.1568
56.1609
56.1567
56.1506
56.1466
56.1439
56.1424
56.1424
56.1439
56.1466
56.1506
56.1567
51.9579
51.9584
51.9591
51.9595
51.9597
51.9597
51.9595
51.9591
51.9584
51.9579
51.9614
51.962
51.9627
51.9632
51.9635
51.9635
51.9632
51.9627
51.962
51.9614
51.9644
51.9651
51.9659
51.9664
51.9667
51.9667
51.9664
51.9659
51.9651
51.9644
51.9662
51.9668
51.9675
51.968
51.9683
51.9683
51.968
51.9675
51.9668
51.9662
51.9668
51.9671
51.9676
51.968
51.9682
51.9682
51.968
51.9676
51.9671
51.9668
51.9661
51.966
51.9662
51.9664
51.9664
51.9664
51.9664
51.9662
51.966
51.9661
51.9642
51.9636
51.9635
51.9633
51.9633
51.9633
51.9633
51.9635
51.9636
51.9642
51.9611
51.9601
51.9596
51.9592
51.959
51.959
51.9592
51.9596
51.9601
51.9611
51.9573
51.9559
51.9549
51.9543
51.9539
51.9539
51.9543
51.9549
51.9559
51.9573
51.9537
51.9511
51.9497
51.9487
51.9482
51.9482
51.9487
51.9497
51.9511
51.9537
47.808
47.8079
47.8079
47.8078
47.8078
47.8078
47.8078
47.8079
47.8079
47.808
47.8095
47.8095
47.8096
47.8095
47.8095
47.8095
47.8095
47.8096
47.8095
47.8095
47.8114
47.8115
47.8115
47.8115
47.8116
47.8116
47.8115
47.8115
47.8115
47.8114
47.813
47.813
47.8131
47.8131
47.8131
47.8131
47.8131
47.8131
47.813
47.8129
47.8141
47.8142
47.8142
47.8142
47.8142
47.8142
47.8142
47.8142
47.8142
47.8141
47.815
47.8149
47.8149
47.8148
47.8148
47.8148
47.8148
47.8149
47.8149
47.815
47.8155
47.8153
47.8152
47.815
47.815
47.815
47.815
47.8152
47.8153
47.8154
47.8156
47.8153
47.8151
47.8149
47.8148
47.8148
47.8149
47.8151
47.8153
47.8156
47.8156
47.8152
47.8148
47.8145
47.8144
47.8144
47.8145
47.8148
47.8152
47.8156
47.8157
47.8148
47.8143
47.8139
47.8137
47.8137
47.8139
47.8143
47.8148
47.8157
43.6477
43.6478
43.6479
43.648
43.648
43.648
43.648
43.6479
43.6478
43.6477
43.6483
43.6484
43.6485
43.6486
43.6487
43.6487
43.6486
43.6485
43.6484
43.6483
43.6489
43.649
43.6492
43.6493
43.6493
43.6493
43.6493
43.6492
43.649
43.6489
43.6493
43.6494
43.6496
43.6497
43.6497
43.6497
43.6497
43.6496
43.6494
43.6493
43.6495
43.6496
43.6498
43.6499
43.6499
43.6499
43.6499
43.6498
43.6496
43.6495
43.6496
43.6496
43.6497
43.6498
43.6498
43.6498
43.6498
43.6497
43.6496
43.6496
43.6494
43.6494
43.6495
43.6495
43.6495
43.6495
43.6495
43.6495
43.6494
43.6494
43.6491
43.649
43.649
43.6489
43.6489
43.6489
43.6489
43.649
43.649
43.6491
43.6486
43.6484
43.6483
43.6482
43.6482
43.6482
43.6482
43.6483
43.6484
43.6486
43.6481
43.6477
43.6475
43.6474
43.6473
43.6473
43.6474
43.6475
43.6477
43.6481
39.492
39.492
39.492
39.492
39.492
39.492
39.492
39.492
39.492
39.492
39.4923
39.4923
39.4923
39.4923
39.4923
39.4923
39.4923
39.4923
39.4923
39.4923
39.4926
39.4927
39.4927
39.4927
39.4927
39.4927
39.4927
39.4927
39.4927
39.4926
39.493
39.493
39.493
39.493
39.4931
39.4931
39.493
39.493
39.493
39.493
39.4932
39.4933
39.4933
39.4933
39.4933
39.4933
39.4933
39.4933
39.4933
39.4932
39.4935
39.4935
39.4935
39.4936
39.4936
39.4936
39.4936
39.4935
39.4935
39.4935
39.4937
39.4937
39.4937
39.4937
39.4937
39.4937
39.4937
39.4937
39.4937
39.4937
39.4938
39.4938
39.4939
39.4938
39.4938
39.4938
39.4938
39.4939
39.4938
39.4938
39.494
39.494
39.4939
39.4939
39.4939
39.4939
39.4939
39.4939
39.494
39.494
39.4941
39.494
39.494
39.4939
39.4939
39.4939
39.4939
39.494
39.494
39.4941
35.3347
35.3347
35.3348
35.3348
35.3348
35.3348
35.3348
35.3348
35.3347
35.3347
35.3348
35.3349
35.3349
35.3349
35.3349
35.3349
35.3349
35.3349
35.3349
35.3348
35.335
35.335
35.335
35.335
35.335
35.335
35.335
35.335
35.335
35.335
35.3351
35.3351
35.3351
35.3351
35.3352
35.3352
35.3351
35.3351
35.3351
35.3351
35.3351
35.3352
35.3352
35.3352
35.3352
35.3352
35.3352
35.3352
35.3352
35.3351
35.3352
35.3352
35.3353
35.3353
35.3353
35.3353
35.3353
35.3353
35.3352
35.3352
35.3352
35.3352
35.3353
35.3353
35.3353
35.3353
35.3353
35.3353
35.3352
35.3352
35.3352
35.3352
35.3352
35.3353
35.3353
35.3353
35.3353
35.3352
35.3352
35.3352
35.3352
35.3352
35.3352
35.3352
35.3352
35.3352
35.3352
35.3352
35.3352
35.3352
35.3352
35.3351
35.3351
35.3351
35.3351
35.3351
35.3351
35.3351
35.3351
35.3352
31.1779
31.1779
31.1779
31.1779
31.1779
31.1779
31.1779
31.1779
31.1779
31.1779
31.178
31.178
31.178
31.178
31.178
31.178
31.178
31.178
31.178
31.178
31.178
31.178
31.1781
31.1781
31.1781
31.1781
31.1781
31.1781
31.178
31.178
31.1781
31.1781
31.1781
31.1781
31.1781
31.1781
31.1781
31.1781
31.1781
31.1781
31.1782
31.1782
31.1782
31.1782
31.1782
31.1782
31.1782
31.1782
31.1782
31.1782
31.1782
31.1782
31.1782
31.1783
31.1783
31.1783
31.1783
31.1782
31.1782
31.1782
31.1783
31.1783
31.1783
31.1783
31.1783
31.1783
31.1783
31.1783
31.1783
31.1783
31.1783
31.1783
31.1783
31.1783
31.1783
31.1783
31.1783
31.1783
31.1783
31.1783
31.1784
31.1784
31.1784
31.1784
31.1784
31.1784
31.1784
31.1784
31.1784
31.1784
31.1784
31.1784
31.1784
31.1784
31.1784
31.1784
31.1784
31.1784
31.1784
31.1784
27.0209
27.0209
27.0209
27.0209
27.0209
27.0209
27.0209
27.0209
27.0209
27.0209
27.0209
27.0209
27.0209
27.0209
27.0209
27.0209
27.0209
27.0209
27.0209
27.0209
27.0209
27.021
27.021
27.021
27.021
27.021
27.021
27.021
27.021
27.0209
27.021
27.021
27.021
27.021
27.021
27.021
27.021
27.021
27.021
27.021
27.021
27.021
27.021
27.021
27.021
27.021
27.021
27.021
27.021
27.021
27.021
27.021
27.021
27.021
27.021
27.021
27.021
27.021
27.021
27.021
27.021
27.021
27.021
27.0211
27.0211
27.0211
27.0211
27.021
27.021
27.021
27.021
27.0211
27.0211
27.0211
27.0211
27.0211
27.0211
27.0211
27.0211
27.021
27.0211
27.0211
27.0211
27.0211
27.0211
27.0211
27.0211
27.0211
27.0211
27.0211
27.0211
27.0211
27.0211
27.0211
27.0211
27.0211
27.0211
27.0211
27.0211
27.0211
22.8639
22.8639
22.8639
22.8639
22.8639
22.8639
22.8639
22.8639
22.8639
22.8639
22.8639
22.8639
22.8639
22.8639
22.8639
22.8639
22.8639
22.8639
22.8639
22.8639
22.8639
22.8639
22.8639
22.8639
22.8639
22.8639
22.8639
22.8639
22.8639
22.8639
22.8639
22.8639
22.8639
22.8639
22.8639
22.8639
22.8639
22.8639
22.8639
22.8639
22.8639
22.8639
22.8639
22.8639
22.8639
22.8639
22.8639
22.8639
22.8639
22.8639
22.8639
22.8639
22.864
22.864
22.864
22.864
22.864
22.864
22.8639
22.8639
22.864
22.864
22.864
22.864
22.864
22.864
22.864
22.864
22.864
22.864
22.864
22.864
22.864
22.864
22.864
22.864
22.864
22.864
22.864
22.864
22.864
22.864
22.864
22.864
22.864
22.864
22.864
22.864
22.864
22.864
22.864
22.864
22.864
22.864
22.864
22.864
22.864
22.864
22.864
22.864
18.7069
18.7069
18.7069
18.7069
18.7069
18.7069
18.7069
18.7069
18.7069
18.7069
18.7069
18.7069
18.7069
18.7069
18.7069
18.7069
18.7069
18.7069
18.7069
18.7069
18.7069
18.7069
18.7069
18.7069
18.7069
18.7069
18.7069
18.7069
18.7069
18.7069
18.7069
18.7069
18.7069
18.7069
18.7069
18.7069
18.7069
18.7069
18.7069
18.7069
18.7069
18.7069
18.7069
18.7069
18.7069
18.7069
18.7069
18.7069
18.7069
18.7069
18.7069
18.7069
18.7069
18.7069
18.7069
18.7069
18.7069
18.7069
18.7069
18.7069
18.7069
18.7069
18.7069
18.7069
18.7069
18.7069
18.7069
18.7069
18.7069
18.7069
18.7069
18.7069
18.7069
18.7069
18.7069
18.7069
18.7069
18.7069
18.7069
18.7069
18.7069
18.7069
18.7069
18.7069
18.7069
18.7069
18.7069
18.7069
18.7069
18.7069
18.7069
18.7069
18.7069
18.7069
18.7069
18.7069
18.7069
18.7069
18.7069
18.7069
14.5498
14.5498
14.5498
14.5498
14.5498
14.5498
14.5498
14.5498
14.5498
14.5498
14.5498
14.5498
14.5498
14.5498
14.5498
14.5498
14.5498
14.5498
14.5498
14.5498
14.5498
14.5498
14.5498
14.5498
14.5498
14.5498
14.5498
14.5498
14.5498
14.5498
14.5498
14.5498
14.5498
14.5498
14.5498
14.5498
14.5498
14.5498
14.5498
14.5498
14.5498
14.5498
14.5498
14.5498
14.5498
14.5498
14.5498
14.5498
14.5498
14.5498
14.5498
14.5498
14.5498
14.5498
14.5498
14.5498
14.5498
14.5498
14.5498
14.5498
14.5498
14.5498
14.5498
14.5498
14.5498
14.5498
14.5498
14.5498
14.5498
14.5498
14.5498
14.5498
14.5498
14.5498
14.5498
14.5498
14.5498
14.5498
14.5498
14.5498
14.5498
14.5498
14.5498
14.5498
14.5498
14.5498
14.5498
14.5498
14.5498
14.5498
14.5498
14.5498
14.5498
14.5498
14.5498
14.5498
14.5498
14.5498
14.5498
14.5498
10.3928
10.3928
10.3928
10.3928
10.3928
10.3928
10.3928
10.3928
10.3928
10.3928
10.3928
10.3928
10.3928
10.3928
10.3928
10.3928
10.3928
10.3928
10.3928
10.3928
10.3928
10.3928
10.3928
10.3928
10.3928
10.3928
10.3928
10.3928
10.3928
10.3928
10.3928
10.3928
10.3928
10.3928
10.3928
10.3928
10.3928
10.3928
10.3928
10.3928
10.3928
10.3928
10.3928
10.3927
10.3927
10.3927
10.3927
10.3928
10.3928
10.3928
10.3927
10.3927
10.3927
10.3927
10.3927
10.3927
10.3927
10.3927
10.3927
10.3927
10.3927
10.3927
10.3927
10.3927
10.3927
10.3927
10.3927
10.3927
10.3927
10.3927
10.3927
10.3927
10.3927
10.3927
10.3927
10.3927
10.3927
10.3927
10.3927
10.3927
10.3927
10.3927
10.3927
10.3927
10.3927
10.3927
10.3927
10.3927
10.3927
10.3927
10.3927
10.3927
10.3927
10.3927
10.3927
10.3927
10.3927
10.3927
10.3927
10.3927
6.23575
6.23574
6.23574
6.23573
6.23573
6.23573
6.23573
6.23574
6.23574
6.23575
6.23569
6.23569
6.23569
6.23568
6.23568
6.23568
6.23568
6.23569
6.23569
6.23569
6.23567
6.23566
6.23566
6.23566
6.23566
6.23566
6.23566
6.23566
6.23567
6.23567
6.23566
6.23566
6.23566
6.23565
6.23565
6.23565
6.23565
6.23566
6.23566
6.23566
6.23566
6.23566
6.23565
6.23565
6.23565
6.23565
6.23565
6.23565
6.23566
6.23566
6.23565
6.23565
6.23565
6.23565
6.23565
6.23565
6.23565
6.23565
6.23565
6.23565
6.23565
6.23565
6.23564
6.23564
6.23564
6.23564
6.23564
6.23564
6.23565
6.23565
6.23565
6.23564
6.23564
6.23564
6.23564
6.23564
6.23564
6.23564
6.23564
6.23565
6.23564
6.23564
6.23564
6.23564
6.23564
6.23564
6.23564
6.23564
6.23564
6.23565
6.23564
6.23564
6.23564
6.23564
6.23564
6.23564
6.23564
6.23564
6.23564
6.23564
2.07865
2.07864
2.07864
2.07863
2.07862
2.07862
2.07863
2.07864
2.07864
2.07865
2.0786
2.0786
2.07859
2.07858
2.07858
2.07858
2.07858
2.07859
2.0786
2.0786
2.07858
2.07857
2.07856
2.07856
2.07855
2.07855
2.07856
2.07856
2.07857
2.07858
2.07856
2.07855
2.07854
2.07854
2.07853
2.07853
2.07854
2.07854
2.07855
2.07856
2.07853
2.07852
2.07852
2.07851
2.07851
2.07851
2.07851
2.07852
2.07852
2.07853
2.0785
2.07849
2.07849
2.07848
2.07848
2.07848
2.07848
2.07849
2.07849
2.0785
2.07847
2.07846
2.07846
2.07846
2.07845
2.07845
2.07846
2.07846
2.07846
2.07847
2.07845
2.07844
2.07844
2.07844
2.07843
2.07843
2.07844
2.07844
2.07844
2.07845
2.07843
2.07843
2.07842
2.07842
2.07842
2.07842
2.07842
2.07842
2.07843
2.07843
2.07842
2.07842
2.07842
2.07841
2.07841
2.07841
2.07842
2.07842
2.07842
2.07842
77.1502
76.5339
76.1424
75.8943
75.7716
75.7716
75.8943
76.1424
76.5339
77.1502
76.5339
75.9988
75.6049
75.3447
75.216
75.216
75.3447
75.6049
75.9988
76.5339
76.1424
75.6049
75.1973
74.9284
74.796
74.796
74.9284
75.1973
75.6049
76.1424
75.8943
75.3447
74.9284
74.6555
74.5214
74.5214
74.6555
74.9284
75.3447
75.8943
75.7716
75.216
74.796
74.5214
74.3867
74.3867
74.5214
74.796
75.216
75.7716
75.7716
75.216
74.796
74.5214
74.3867
74.3867
74.5214
74.796
75.216
75.7716
75.8943
75.3447
74.9284
74.6555
74.5214
74.5214
74.6555
74.9284
75.3447
75.8943
76.1424
75.6049
75.1973
74.9284
74.796
74.796
74.9284
75.1973
75.6049
76.1424
76.5339
75.9988
75.6049
75.3447
75.216
75.216
75.3447
75.6049
75.9988
76.5339
77.1502
76.5339
76.1424
75.8943
75.7716
75.7716
75.8943
76.1424
76.5339
77.1503
74.4168
74.1575
73.9938
73.8861
73.8315
73.8315
73.8861
73.9938
74.1575
74.4168
74.1575
73.9267
73.7458
73.6223
73.5605
73.5605
73.6223
73.7458
73.9267
74.1576
73.9938
73.7458
73.5468
73.4122
73.3453
73.3453
73.4122
73.5468
73.7458
73.9938
73.8861
73.6223
73.4122
73.2713
73.2014
73.2014
73.2713
73.4122
73.6223
73.8861
73.8315
73.5605
73.3453
73.2014
73.1302
73.1302
73.2014
73.3453
73.5605
73.8315
73.8315
73.5605
73.3453
73.2014
73.1302
73.1302
73.2015
73.3453
73.5605
73.8315
73.8861
73.6223
73.4122
73.2713
73.2014
73.2015
73.2713
73.4122
73.6223
73.8861
73.9938
73.7458
73.5468
73.4122
73.3453
73.3453
73.4122
73.5468
73.7458
73.9939
74.1575
73.9267
73.7458
73.6223
73.5605
73.5605
73.6223
73.7458
73.9267
74.1576
74.4168
74.1576
73.9938
73.8861
73.8315
73.8315
73.8861
73.9939
74.1576
74.4168
72.4562
72.289
72.1779
72.1022
72.0635
72.0635
72.1022
72.1779
72.289
72.4562
72.289
72.1309
72.0047
71.9171
71.8727
71.8727
71.9171
72.0047
72.1309
72.289
72.1779
72.0047
71.8629
71.7659
71.7173
71.7173
71.7659
71.8629
72.0047
72.1779
72.1022
71.9171
71.7659
71.6637
71.6126
71.6126
71.6637
71.7659
71.9171
72.1022
72.0635
71.8727
71.7173
71.6126
71.5604
71.5604
71.6126
71.7173
71.8727
72.0635
72.0635
71.8727
71.7173
71.6126
71.5604
71.5604
71.6126
71.7173
71.8727
72.0635
72.1022
71.9171
71.7659
71.6637
71.6126
71.6126
71.6637
71.7659
71.9171
72.1022
72.1779
72.0047
71.8629
71.7659
71.7173
71.7173
71.7659
71.8629
72.0047
72.1779
72.289
72.1309
72.0047
71.9171
71.8727
71.8727
71.9171
72.0047
72.1309
72.289
72.4562
72.289
72.1779
72.1022
72.0635
72.0635
72.1022
72.1779
72.289
72.4562
68.1159
68.0583
68.0199
67.9925
67.9783
67.9783
67.9925
68.0199
68.0583
68.1159
68.0583
67.9997
67.9499
67.9142
67.896
67.896
67.9142
67.9499
67.9997
68.0583
68.0199
67.9499
67.8908
67.8496
67.8288
67.8288
67.8496
67.8908
67.9499
68.0199
67.9925
67.9142
67.8496
67.8052
67.7829
67.7829
67.8052
67.8496
67.9142
67.9925
67.9783
67.896
67.8288
67.7829
67.7598
67.7598
67.7829
67.8288
67.896
67.9783
67.9783
67.896
67.8288
67.7829
67.7598
67.7598
67.7829
67.8288
67.896
67.9783
67.9925
67.9142
67.8496
67.8052
67.7829
67.7829
67.8052
67.8496
67.9142
67.9925
68.0199
67.9499
67.8908
67.8496
67.8288
67.8288
67.8496
67.8908
67.9499
68.0199
68.0583
67.9997
67.9499
67.9142
67.896
67.896
67.9142
67.9499
67.9997
68.0583
68.1159
68.0583
68.0199
67.9925
67.9783
67.9783
67.9925
68.0199
68.0583
68.1159
64.4646
64.4377
64.4187
64.4049
64.3976
64.3976
64.4049
64.4187
64.4377
64.4646
64.4377
64.4099
64.3857
64.368
64.359
64.359
64.368
64.3857
64.4099
64.4377
64.4187
64.3857
64.3566
64.336
64.3256
64.3256
64.336
64.3566
64.3857
64.4187
64.4049
64.368
64.336
64.3137
64.3025
64.3025
64.3137
64.336
64.368
64.4049
64.3976
64.359
64.3256
64.3025
64.2908
64.2908
64.3025
64.3256
64.359
64.3976
64.3976
64.359
64.3256
64.3025
64.2908
64.2908
64.3025
64.3256
64.359
64.3976
64.4049
64.368
64.336
64.3137
64.3025
64.3025
64.3137
64.336
64.368
64.4049
64.4187
64.3857
64.3566
64.336
64.3256
64.3256
64.336
64.3566
64.3857
64.4187
64.4377
64.4099
64.3857
64.368
64.359
64.359
64.368
64.3857
64.4099
64.4377
64.4646
64.4377
64.4187
64.4049
64.3976
64.3976
64.4049
64.4187
64.4377
64.4646
60.1868
60.1769
60.1698
60.1646
60.1618
60.1618
60.1646
60.1699
60.1769
60.1868
60.1769
60.1654
60.1551
60.1475
60.1436
60.1436
60.1475
60.1551
60.1654
60.1769
60.1698
60.1551
60.1423
60.1331
60.1285
60.1285
60.1331
60.1423
60.1551
60.1699
60.1646
60.1475
60.1331
60.123
60.118
60.118
60.123
60.1331
60.1475
60.1646
60.1618
60.1436
60.1285
60.118
60.1126
60.1126
60.118
60.1285
60.1436
60.1618
60.1618
60.1436
60.1285
60.118
60.1126
60.1126
60.118
60.1285
60.1436
60.1618
60.1646
60.1475
60.1331
60.123
60.118
60.118
60.1231
60.1331
60.1475
60.1646
60.1699
60.1551
60.1423
60.1331
60.1285
60.1285
60.1331
60.1423
60.1551
60.1699
60.1769
60.1654
60.1551
60.1475
60.1436
60.1436
60.1475
60.1551
60.1654
60.1769
60.1868
60.1769
60.1699
60.1646
60.1618
60.1618
60.1646
60.1699
60.1769
60.1868
56.144
56.1407
56.1383
56.1363
56.1353
56.1353
56.1363
56.1383
56.1407
56.144
56.1407
56.1371
56.1336
56.1308
56.1294
56.1294
56.1308
56.1336
56.1371
56.1407
56.1383
56.1336
56.129
56.1257
56.1239
56.1239
56.1257
56.129
56.1336
56.1383
56.1363
56.1308
56.1257
56.122
56.1201
56.1201
56.122
56.1257
56.1308
56.1363
56.1353
56.1294
56.1239
56.1201
56.1181
56.1181
56.1201
56.1239
56.1294
56.1353
56.1353
56.1294
56.1239
56.1201
56.1181
56.1181
56.1201
56.1239
56.1294
56.1353
56.1363
56.1308
56.1257
56.122
56.1201
56.1201
56.122
56.1257
56.1308
56.1363
56.1383
56.1336
56.129
56.1257
56.1239
56.124
56.1257
56.129
56.1336
56.1383
56.1407
56.1371
56.1336
56.1308
56.1294
56.1294
56.1308
56.1336
56.1372
56.1407
56.144
56.1407
56.1383
56.1363
56.1353
56.1353
56.1363
56.1383
56.1407
56.144
51.9468
51.9453
51.9442
51.9433
51.9429
51.9429
51.9433
51.9442
51.9453
51.9468
51.9453
51.9433
51.9415
51.9401
51.9394
51.9394
51.9401
51.9415
51.9433
51.9453
51.9442
51.9415
51.9391
51.9374
51.9365
51.9365
51.9374
51.9391
51.9415
51.9442
51.9433
51.9401
51.9374
51.9355
51.9345
51.9345
51.9355
51.9374
51.9401
51.9433
51.9429
51.9394
51.9365
51.9345
51.9335
51.9335
51.9345
51.9365
51.9394
51.9429
51.9429
51.9394
51.9365
51.9345
51.9335
51.9335
51.9345
51.9365
51.9394
51.9429
51.9433
51.9401
51.9374
51.9355
51.9345
51.9345
51.9355
51.9374
51.9401
51.9433
51.9442
51.9415
51.9391
51.9374
51.9365
51.9365
51.9374
51.9391
51.9415
51.9442
51.9453
51.9433
51.9415
51.9401
51.9394
51.9394
51.9401
51.9415
51.9433
51.9453
51.9468
51.9453
51.9442
51.9433
51.9429
51.9429
51.9433
51.9442
51.9453
51.9468
47.8137
47.8135
47.8133
47.8131
47.813
47.813
47.8131
47.8133
47.8135
47.8137
47.8135
47.8132
47.8129
47.8126
47.8124
47.8124
47.8126
47.8129
47.8132
47.8135
47.8133
47.8129
47.8123
47.8119
47.8117
47.8117
47.8119
47.8123
47.8129
47.8133
47.8131
47.8126
47.8119
47.8114
47.8112
47.8112
47.8115
47.8119
47.8126
47.8131
47.813
47.8124
47.8117
47.8112
47.8109
47.8109
47.8112
47.8117
47.8124
47.813
47.813
47.8124
47.8117
47.8112
47.8109
47.8109
47.8112
47.8117
47.8124
47.813
47.8131
47.8126
47.8119
47.8115
47.8112
47.8112
47.8115
47.8119
47.8126
47.8131
47.8133
47.8129
47.8123
47.8119
47.8117
47.8117
47.8119
47.8123
47.8129
47.8133
47.8135
47.8132
47.8129
47.8126
47.8124
47.8124
47.8126
47.8129
47.8132
47.8135
47.8137
47.8135
47.8133
47.8131
47.813
47.813
47.8131
47.8133
47.8135
47.8137
43.6469
43.6467
43.6466
43.6465
43.6464
43.6464
43.6465
43.6466
43.6467
43.6469
43.6467
43.6464
43.6462
43.646
43.6458
43.6458
43.646
43.6462
43.6464
43.6467
43.6466
43.6462
43.6458
43.6455
43.6454
43.6454
43.6455
43.6458
43.6462
43.6466
43.6465
43.646
43.6455
43.6452
43.645
43.645
43.6452
43.6455
43.646
43.6465
43.6464
43.6458
43.6454
43.645
43.6449
43.6449
43.645
43.6454
43.6458
43.6464
43.6464
43.6458
43.6454
43.645
43.6449
43.6449
43.645
43.6454
43.6458
43.6464
43.6465
43.646
43.6455
43.6452
43.645
43.645
43.6452
43.6455
43.646
43.6465
43.6466
43.6462
43.6458
43.6455
43.6454
43.6454
43.6455
43.6458
43.6462
43.6466
43.6467
43.6464
43.6462
43.646
43.6458
43.6458
43.646
43.6462
43.6464
43.6467
43.6469
43.6467
43.6466
43.6465
43.6464
43.6464
43.6465
43.6466
43.6467
43.6469
39.4938
39.4939
39.4939
39.4939
39.4939
39.4939
39.4939
39.4939
39.4939
39.4938
39.4939
39.4939
39.4939
39.4939
39.4939
39.4939
39.4939
39.4939
39.4939
39.4939
39.4939
39.4939
39.4939
39.4938
39.4938
39.4938
39.4938
39.4939
39.4939
39.4939
39.4939
39.4939
39.4938
39.4938
39.4938
39.4938
39.4938
39.4938
39.4939
39.4939
39.4939
39.4939
39.4938
39.4938
39.4938
39.4938
39.4938
39.4938
39.4939
39.4939
39.4939
39.4939
39.4938
39.4938
39.4938
39.4938
39.4938
39.4938
39.4939
39.4939
39.4939
39.4939
39.4938
39.4938
39.4938
39.4938
39.4938
39.4938
39.4939
39.4939
39.4939
39.4939
39.4939
39.4938
39.4938
39.4938
39.4938
39.4939
39.4939
39.4939
39.4939
39.4939
39.4939
39.4939
39.4939
39.4939
39.4939
39.4939
39.4939
39.4939
39.4938
39.4939
39.4939
39.4939
39.4939
39.4939
39.4939
39.4939
39.4939
39.4938
35.335
35.335
35.335
35.335
35.335
35.335
35.335
35.335
35.335
35.335
35.335
35.335
35.3349
35.3349
35.3349
35.3349
35.3349
35.3349
35.335
35.335
35.335
35.3349
35.3349
35.3349
35.3349
35.3349
35.3349
35.3349
35.3349
35.335
35.335
35.3349
35.3349
35.3348
35.3348
35.3348
35.3348
35.3349
35.3349
35.335
35.335
35.3349
35.3349
35.3348
35.3348
35.3348
35.3348
35.3349
35.3349
35.335
35.335
35.3349
35.3349
35.3348
35.3348
35.3348
35.3348
35.3349
35.3349
35.335
35.335
35.3349
35.3349
35.3348
35.3348
35.3348
35.3348
35.3349
35.3349
35.335
35.335
35.3349
35.3349
35.3349
35.3349
35.3349
35.3349
35.3349
35.3349
35.335
35.335
35.335
35.3349
35.3349
35.3349
35.3349
35.3349
35.3349
35.335
35.335
35.335
35.335
35.335
35.335
35.335
35.335
35.335
35.335
35.335
35.335
31.1784
31.1784
31.1784
31.1784
31.1784
31.1784
31.1784
31.1784
31.1784
31.1784
31.1784
31.1784
31.1784
31.1784
31.1784
31.1784
31.1784
31.1784
31.1784
31.1784
31.1784
31.1784
31.1784
31.1784
31.1784
31.1784
31.1784
31.1784
31.1784
31.1784
31.1784
31.1784
31.1784
31.1784
31.1784
31.1784
31.1784
31.1784
31.1784
31.1784
31.1784
31.1784
31.1784
31.1784
31.1784
31.1784
31.1784
31.1784
31.1784
31.1784
31.1784
31.1784
31.1784
31.1784
31.1784
31.1784
31.1784
31.1784
31.1784
31.1784
31.1784
31.1784
31.1784
31.1784
31.1784
31.1784
31.1784
31.1784
31.1784
31.1784
31.1784
31.1784
31.1784
31.1784
31.1784
31.1784
31.1784
31.1784
31.1784
31.1784
31.1784
31.1784
31.1784
31.1784
31.1784
31.1784
31.1784
31.1784
31.1784
31.1784
31.1784
31.1784
31.1784
31.1784
31.1784
31.1784
31.1784
31.1784
31.1784
31.1784
27.021
27.0211
27.0211
27.0211
27.0211
27.0211
27.0211
27.0211
27.0211
27.021
27.0211
27.0211
27.0211
27.0211
27.0211
27.0211
27.0211
27.0211
27.0211
27.0211
27.0211
27.0211
27.0211
27.0211
27.0211
27.0211
27.0211
27.0211
27.0211
27.0211
27.0211
27.0211
27.0211
27.0211
27.0211
27.0211
27.0211
27.0211
27.0211
27.0211
27.0211
27.0211
27.0211
27.0211
27.0211
27.0211
27.0211
27.0211
27.0211
27.0211
27.0211
27.0211
27.0211
27.0211
27.0211
27.0211
27.0211
27.0211
27.0211
27.0211
27.0211
27.0211
27.0211
27.0211
27.0211
27.0211
27.0211
27.0211
27.0211
27.0211
27.0211
27.0211
27.0211
27.0211
27.0211
27.0211
27.0211
27.0211
27.0211
27.0211
27.0211
27.0211
27.0211
27.0211
27.0211
27.0211
27.0211
27.0211
27.0211
27.0211
27.021
27.0211
27.0211
27.0211
27.0211
27.0211
27.0211
27.0211
27.0211
27.021
22.864
22.864
22.864
22.864
22.864
22.864
22.864
22.864
22.864
22.864
22.864
22.864
22.864
22.864
22.864
22.864
22.864
22.864
22.864
22.864
22.864
22.864
22.864
22.864
22.864
22.864
22.864
22.864
22.864
22.864
22.864
22.864
22.864
22.864
22.864
22.864
22.864
22.864
22.864
22.864
22.864
22.864
22.864
22.864
22.864
22.864
22.864
22.864
22.864
22.864
22.864
22.864
22.864
22.864
22.864
22.864
22.864
22.864
22.864
22.864
22.864
22.864
22.864
22.864
22.864
22.864
22.864
22.864
22.864
22.864
22.864
22.864
22.864
22.864
22.864
22.864
22.864
22.864
22.864
22.864
22.864
22.864
22.864
22.864
22.864
22.864
22.864
22.864
22.864
22.864
22.864
22.864
22.864
22.864
22.864
22.864
22.864
22.864
22.864
22.864
18.7069
18.7069
18.7069
18.7069
18.7069
18.7069
18.7069
18.7069
18.7069
18.7069
18.7069
18.7069
18.7069
18.7069
18.7069
18.7069
18.7069
18.7069
18.7069
18.7069
18.7069
18.7069
18.7069
18.7069
18.7069
18.7069
18.7069
18.7069
18.7069
18.7069
18.7069
18.7069
18.7069
18.7069
18.7069
18.7069
18.7069
18.7069
18.7069
18.7069
18.7069
18.7069
18.7069
18.7069
18.7069
18.7069
18.7069
18.7069
18.7069
18.7069
18.7069
18.7069
18.7069
18.7069
18.7069
18.7069
18.7069
18.7069
18.7069
18.7069
18.7069
18.7069
18.7069
18.7069
18.7069
18.7069
18.7069
18.7069
18.7069
18.7069
18.7069
18.7069
18.7069
18.7069
18.7069
18.7069
18.7069
18.7069
18.7069
18.7069
18.7069
18.7069
18.7069
18.7069
18.7069
18.7069
18.7069
18.7069
18.7069
18.7069
18.7069
18.7069
18.7069
18.7069
18.7069
18.7069
18.7069
18.7069
18.7069
18.7069
14.5498
14.5498
14.5498
14.5498
14.5498
14.5498
14.5498
14.5498
14.5498
14.5498
14.5498
14.5498
14.5498
14.5498
14.5498
14.5498
14.5498
14.5498
14.5498
14.5498
14.5498
14.5498
14.5498
14.5498
14.5498
14.5498
14.5498
14.5498
14.5498
14.5498
14.5498
14.5498
14.5498
14.5498
14.5498
14.5498
14.5498
14.5498
14.5498
14.5498
14.5498
14.5498
14.5498
14.5498
14.5498
14.5498
14.5498
14.5498
14.5498
14.5498
14.5498
14.5498
14.5498
14.5498
14.5498
14.5498
14.5498
14.5498
14.5498
14.5498
14.5498
14.5498
14.5498
14.5498
14.5498
14.5498
14.5498
14.5498
14.5498
14.5498
14.5498
14.5498
14.5498
14.5498
14.5498
14.5498
14.5498
14.5498
14.5498
14.5498
14.5498
14.5498
14.5498
14.5498
14.5498
14.5498
14.5498
14.5498
14.5498
14.5498
14.5498
14.5498
14.5498
14.5498
14.5498
14.5498
14.5498
14.5498
14.5498
14.5498
10.3927
10.3927
10.3927
10.3927
10.3927
10.3927
10.3927
10.3927
10.3927
10.3927
10.3927
10.3927
10.3927
10.3927
10.3927
10.3927
10.3927
10.3927
10.3927
10.3927
10.3927
10.3927
10.3927
10.3927
10.3927
10.3927
10.3927
10.3927
10.3927
10.3927
10.3927
10.3927
10.3927
10.3927
10.3927
10.3927
10.3927
10.3927
10.3927
10.3927
10.3927
10.3927
10.3927
10.3927
10.3927
10.3927
10.3927
10.3927
10.3927
10.3927
10.3927
10.3927
10.3927
10.3927
10.3927
10.3927
10.3927
10.3927
10.3927
10.3927
10.3927
10.3927
10.3927
10.3927
10.3927
10.3927
10.3927
10.3927
10.3927
10.3927
10.3927
10.3927
10.3927
10.3927
10.3927
10.3927
10.3927
10.3927
10.3927
10.3927
10.3927
10.3927
10.3927
10.3927
10.3927
10.3927
10.3927
10.3927
10.3927
10.3927
10.3927
10.3927
10.3927
10.3927
10.3927
10.3927
10.3927
10.3927
10.3927
10.3927
6.23563
6.23564
6.23564
6.23564
6.23564
6.23564
6.23564
6.23564
6.23563
6.23563
6.23564
6.23564
6.23564
6.23564
6.23564
6.23564
6.23564
6.23564
6.23564
6.23563
6.23564
6.23564
6.23564
6.23564
6.23564
6.23564
6.23564
6.23564
6.23564
6.23564
6.23564
6.23564
6.23564
6.23564
6.23563
6.23563
6.23563
6.23563
6.23564
6.23564
6.23564
6.23564
6.23564
6.23563
6.23563
6.23563
6.23563
6.23563
6.23563
6.23564
6.23564
6.23564
6.23564
6.23563
6.23563
6.23563
6.23563
6.23563
6.23563
6.23564
6.23564
6.23564
6.23564
6.23563
6.23563
6.23563
6.23563
6.23563
6.23563
6.23564
6.23564
6.23564
6.23564
6.23563
6.23563
6.23563
6.23563
6.23563
6.23563
6.23563
6.23563
6.23564
6.23564
6.23564
6.23563
6.23563
6.23563
6.23563
6.23563
6.23563
6.23563
6.23563
6.23564
6.23564
6.23564
6.23564
6.23564
6.23563
6.23563
6.23563
2.07841
2.07841
2.07841
2.07841
2.07841
2.07841
2.07841
2.07841
2.07841
2.0784
2.07841
2.07841
2.07841
2.07841
2.07841
2.07841
2.07841
2.07841
2.07841
2.07841
2.07841
2.07841
2.07841
2.07841
2.07841
2.07841
2.07841
2.07841
2.07841
2.07841
2.07841
2.07841
2.07841
2.07841
2.07841
2.07841
2.07841
2.07841
2.07841
2.07841
2.07841
2.07841
2.07841
2.07841
2.07841
2.07841
2.07841
2.07841
2.07841
2.07841
2.07841
2.07841
2.07841
2.07841
2.07841
2.07841
2.07841
2.07841
2.07841
2.07841
2.07841
2.07841
2.07841
2.07841
2.07841
2.07841
2.07841
2.07841
2.07841
2.07841
2.07841
2.07841
2.07841
2.07841
2.07841
2.07841
2.07841
2.07841
2.07841
2.07841
2.07841
2.07841
2.07841
2.07841
2.07841
2.07841
2.07841
2.07841
2.07841
2.07841
2.0784
2.07841
2.07841
2.07841
2.07841
2.07841
2.07841
2.07841
2.07841
2.0784
)
;

boundaryField
{
    fixedWalls
    {
        type            zeroGradient;
    }
    inlet
    {
        type            fixedGradient;
        gradient        uniform 0;
    }
    outlet
    {
        type            fixedValue;
        value           uniform 0;
    }
}


// ************************************************************************* //
