/*--------------------------------*- C++ -*----------------------------------*\
| =========                 |                                                 |
| \\      /  F ield         | OpenFOAM: The Open Source CFD Toolbox           |
|  \\    /   O peration     | Version:  2106                                  |
|   \\  /    A nd           | Website:  www.openfoam.com                      |
|    \\/     M anipulation  |                                                 |
\*---------------------------------------------------------------------------*/
FoamFile
{
    version     2.0;
    format      ascii;
    arch        "LSB;label=32;scalar=64";
    class       volScalarField;
    location    "0.59";
    object      p;
}
// * * * * * * * * * * * * * * * * * * * * * * * * * * * * * * * * * * * * * //

dimensions      [0 2 -2 0 0 0 0];

internalField   nonuniform List<scalar> 
10000
(
99.4969
98.912
98.5446
98.2761
98.1368
98.1368
98.2761
98.5446
98.912
99.4969
90.3143
89.4603
88.8978
88.5001
88.2952
88.2952
88.5001
88.8978
89.4603
90.3143
82.6904
81.7076
81.0662
80.6193
80.39
80.39
80.6193
81.0662
81.7076
82.6904
77.4264
76.4168
75.7663
75.3198
75.091
75.091
75.3198
75.7663
76.4168
77.4264
73.4767
72.4744
71.832
71.3997
71.1783
71.1783
71.3997
71.832
72.4744
73.4767
70.278
69.3032
68.6767
68.2656
68.0554
68.0554
68.2656
68.6767
69.3032
70.278
67.6403
66.7138
66.1131
65.7294
65.534
65.534
65.7294
66.1131
66.7138
67.6403
65.4564
64.6018
64.0392
63.6885
63.5107
63.5107
63.6885
64.0392
64.6018
65.4564
63.6457
62.8793
62.3676
62.0546
61.8961
61.8961
62.0546
62.3676
62.8793
63.6457
62.228
61.4624
61.0102
60.7352
60.5958
60.5958
60.7352
61.0102
61.4624
62.228
63.3273
63.5009
63.6899
63.8173
63.8833
63.8833
63.8173
63.6899
63.5009
63.3273
63.7508
63.8459
63.9732
64.0548
64.0966
64.0966
64.0549
63.9732
63.8459
63.7508
63.7258
63.7228
63.7756
63.8039
63.818
63.818
63.8039
63.7756
63.7228
63.7258
63.3118
63.2181
63.2025
63.1838
63.1737
63.1737
63.1838
63.2025
63.2181
63.3118
62.7125
62.5444
62.4706
62.4143
62.3846
62.3846
62.4143
62.4706
62.5444
62.7125
62.0376
61.8135
61.6926
61.6081
61.564
61.564
61.6081
61.6926
61.8135
62.0376
61.3423
61.0825
60.9276
60.8247
60.7714
60.7714
60.8247
60.9276
61.0825
61.3423
60.6582
60.3866
60.2132
60.1018
60.0443
60.0443
60.1018
60.2132
60.3866
60.6582
60.021
59.7537
59.574
59.4612
59.4027
59.4027
59.4612
59.574
59.7537
60.021
59.534
59.185
59.0007
58.8873
58.8283
58.8283
58.8874
59.0007
59.1851
59.534
58.6852
58.6707
58.6724
58.6688
58.6672
58.6672
58.6688
58.6724
58.6707
58.6852
59.0969
59.0801
59.081
59.0758
59.0731
59.0731
59.0758
59.081
59.0801
59.0969
59.4373
59.4018
59.3912
59.3762
59.3681
59.3681
59.3762
59.3912
59.4018
59.4373
59.4894
59.4204
59.3876
59.3565
59.3399
59.3399
59.3565
59.3876
59.4204
59.4894
59.3436
59.2393
59.182
59.1348
59.1098
59.1098
59.1348
59.182
59.2393
59.3436
59.0948
58.9598
58.8801
58.8195
58.7875
58.7875
58.8195
58.8801
58.9598
59.0948
58.7916
58.6342
58.5362
58.4662
58.4295
58.4295
58.4662
58.5362
58.6342
58.7916
58.4608
58.2932
58.1839
58.1089
58.0697
58.0697
58.1089
58.1839
58.2932
58.4608
58.1355
57.9653
57.8487
57.7714
57.731
57.731
57.7714
57.8487
57.9653
58.1355
57.8903
57.6564
57.5295
57.4486
57.4065
57.4065
57.4486
57.5295
57.6564
57.8903
53.9357
53.9554
53.9805
53.9965
54.005
54.005
53.9965
53.9805
53.9554
53.9357
54.1456
54.1692
54.1982
54.2166
54.2263
54.2263
54.2166
54.1982
54.1692
54.1456
54.3235
54.3447
54.3734
54.3909
54.4001
54.4001
54.3909
54.3734
54.3447
54.3235
54.4087
54.4195
54.4412
54.4533
54.4596
54.4596
54.4533
54.4413
54.4195
54.4087
54.4221
54.4185
54.4298
54.4344
54.4366
54.4366
54.4344
54.4298
54.4185
54.4221
54.3873
54.3688
54.3686
54.3654
54.3636
54.3636
54.3654
54.3686
54.3688
54.3873
54.3179
54.2866
54.2757
54.2657
54.2603
54.2603
54.2657
54.2757
54.2866
54.318
54.2238
54.1843
54.1651
54.1501
54.1419
54.1419
54.1501
54.1651
54.1843
54.2238
54.1229
54.0776
54.0502
54.0306
54.0199
54.0199
54.0306
54.0502
54.0776
54.1229
54.0599
53.9712
53.9301
53.9032
53.8889
53.8889
53.9032
53.9301
53.9712
54.0599
50.6864
50.6864
50.6884
50.6885
50.6886
50.6886
50.6885
50.6884
50.6864
50.6864
50.7843
50.788
50.7931
50.7953
50.7964
50.7964
50.7953
50.7931
50.788
50.7843
50.8842
50.8893
50.896
50.899
50.9005
50.9005
50.899
50.896
50.8893
50.8842
50.9519
50.9549
50.9606
50.9624
50.9633
50.9633
50.9624
50.9606
50.9549
50.9519
50.9895
50.9881
50.9909
50.9905
50.9901
50.9901
50.9905
50.9909
50.9881
50.9895
51.0039
50.9971
50.9961
50.9929
50.991
50.991
50.9929
50.9961
50.9971
51.0039
50.9999
50.9879
50.9828
50.9771
50.9738
50.9738
50.9771
50.9828
50.9879
50.9999
50.9818
50.9661
50.9576
50.9497
50.9453
50.9453
50.9497
50.9576
50.9661
50.9818
50.9588
50.9397
50.927
50.9167
50.9111
50.9111
50.9167
50.927
50.9397
50.9588
50.9524
50.9106
50.8898
50.8755
50.8679
50.8679
50.8755
50.8898
50.9106
50.9524
47.3368
47.3398
47.3435
47.3457
47.3468
47.3468
47.3457
47.3435
47.3398
47.3368
47.3773
47.3821
47.3873
47.3906
47.3923
47.3923
47.3906
47.3873
47.3821
47.3773
47.4185
47.4243
47.4308
47.4348
47.4369
47.4369
47.4348
47.4308
47.4243
47.4185
47.4494
47.4551
47.4618
47.4657
47.4678
47.4678
47.4657
47.4618
47.4551
47.4494
47.4703
47.4747
47.4807
47.4839
47.4856
47.4856
47.4839
47.4807
47.4747
47.4703
47.4824
47.485
47.4896
47.4918
47.4929
47.4929
47.4918
47.4896
47.485
47.4824
47.4868
47.4873
47.4903
47.4913
47.4918
47.4918
47.4913
47.4903
47.4873
47.4868
47.4846
47.4835
47.4849
47.4849
47.4847
47.4847
47.4849
47.4849
47.4835
47.4846
47.48
47.4771
47.4761
47.4746
47.4736
47.4736
47.4746
47.4761
47.4771
47.48
47.4834
47.4689
47.463
47.4588
47.4565
47.4565
47.4588
47.463
47.4689
47.4834
44.1121
44.1124
44.113
44.1131
44.1132
44.1132
44.1131
44.113
44.1124
44.1121
44.1289
44.1302
44.1315
44.1321
44.1325
44.1325
44.1321
44.1315
44.1302
44.1289
44.1482
44.1502
44.1522
44.1533
44.1538
44.1538
44.1533
44.1522
44.1502
44.1482
44.1647
44.167
44.1694
44.1706
44.1713
44.1713
44.1706
44.1694
44.167
44.1647
44.1781
44.1803
44.1827
44.1839
44.1845
44.1845
44.1839
44.1827
44.1803
44.1781
44.1885
44.1904
44.1925
44.1934
44.1938
44.1938
44.1934
44.1925
44.1904
44.1885
44.1961
44.1974
44.1991
44.1996
44.1999
44.1999
44.1996
44.1991
44.1974
44.1961
44.201
44.2019
44.2031
44.2033
44.2034
44.2034
44.2033
44.2031
44.2019
44.201
44.2052
44.2053
44.2056
44.2052
44.2049
44.2049
44.2052
44.2056
44.2053
44.2052
44.2127
44.2078
44.2059
44.2043
44.2034
44.2034
44.2043
44.2059
44.2078
44.2127
40.8506
40.8512
40.8518
40.8522
40.8523
40.8523
40.8522
40.8518
40.8512
40.8506
40.857
40.8579
40.8589
40.8594
40.8597
40.8597
40.8594
40.8589
40.8579
40.857
40.8642
40.8655
40.8668
40.8676
40.868
40.868
40.8676
40.8668
40.8655
40.8642
40.8709
40.8724
40.8739
40.8748
40.8753
40.8753
40.8748
40.8739
40.8724
40.8709
40.8767
40.8783
40.8799
40.8809
40.8814
40.8814
40.8809
40.8799
40.8783
40.8767
40.8816
40.8831
40.8847
40.8856
40.8861
40.8861
40.8856
40.8847
40.8831
40.8816
40.8854
40.8868
40.8883
40.8891
40.8895
40.8895
40.8891
40.8883
40.8868
40.8854
40.8882
40.8894
40.8907
40.8914
40.8917
40.8917
40.8914
40.8907
40.8894
40.8882
40.8906
40.8915
40.8924
40.8928
40.893
40.893
40.8928
40.8924
40.8916
40.8906
40.8945
40.8932
40.893
40.8928
40.8926
40.8926
40.8928
40.893
40.8932
40.8945
37.5961
37.5962
37.5963
37.5963
37.5963
37.5963
37.5963
37.5963
37.5962
37.5961
37.5984
37.5987
37.5989
37.5991
37.5991
37.5991
37.5991
37.5989
37.5987
37.5984
37.6014
37.6019
37.6023
37.6025
37.6026
37.6026
37.6025
37.6023
37.6019
37.6014
37.6045
37.6051
37.6057
37.606
37.6062
37.6062
37.606
37.6057
37.6051
37.6045
37.6075
37.6083
37.6089
37.6093
37.6095
37.6095
37.6093
37.6089
37.6083
37.6075
37.6104
37.6112
37.6119
37.6123
37.6125
37.6125
37.6123
37.6119
37.6112
37.6104
37.613
37.6138
37.6145
37.6149
37.6151
37.6151
37.6149
37.6145
37.6138
37.613
37.6153
37.6161
37.6168
37.6172
37.6173
37.6173
37.6172
37.6168
37.6161
37.6153
37.6175
37.6183
37.6188
37.6191
37.6192
37.6192
37.6191
37.6188
37.6183
37.6175
37.6203
37.6202
37.6204
37.6204
37.6204
37.6204
37.6204
37.6204
37.6203
37.6203
34.3308
34.3309
34.331
34.3311
34.3311
34.3311
34.3311
34.331
34.3309
34.3308
34.3316
34.3317
34.3319
34.332
34.332
34.332
34.332
34.3319
34.3317
34.3316
34.3326
34.3328
34.333
34.3332
34.3332
34.3332
34.3332
34.333
34.3328
34.3326
34.3337
34.334
34.3343
34.3345
34.3346
34.3346
34.3345
34.3343
34.334
34.3337
34.3349
34.3352
34.3356
34.3358
34.3359
34.3359
34.3358
34.3356
34.3352
34.3349
34.336
34.3365
34.3368
34.3371
34.3372
34.3372
34.3371
34.3368
34.3365
34.336
34.3371
34.3376
34.338
34.3383
34.3384
34.3384
34.3383
34.338
34.3376
34.3371
34.3382
34.3386
34.3391
34.3393
34.3394
34.3394
34.3393
34.3391
34.3386
34.3382
34.3392
34.3396
34.34
34.3402
34.3403
34.3403
34.3402
34.34
34.3396
34.3392
34.3404
34.3405
34.3407
34.3408
34.3409
34.3409
34.3408
34.3407
34.3405
34.3404
31.0645
31.0646
31.0646
31.0646
31.0646
31.0646
31.0646
31.0646
31.0646
31.0645
31.0647
31.0648
31.0648
31.0648
31.0649
31.0649
31.0648
31.0648
31.0648
31.0647
31.0651
31.0652
31.0652
31.0653
31.0653
31.0653
31.0653
31.0652
31.0652
31.0651
31.0656
31.0657
31.0658
31.0658
31.0659
31.0659
31.0658
31.0658
31.0657
31.0656
31.0661
31.0663
31.0664
31.0665
31.0665
31.0665
31.0665
31.0664
31.0663
31.0661
31.0667
31.0669
31.067
31.0671
31.0672
31.0672
31.0671
31.067
31.0669
31.0667
31.0673
31.0675
31.0677
31.0678
31.0679
31.0679
31.0678
31.0677
31.0675
31.0673
31.0679
31.0682
31.0684
31.0685
31.0685
31.0685
31.0685
31.0684
31.0682
31.0679
31.0685
31.0688
31.069
31.0691
31.0691
31.0691
31.0691
31.069
31.0688
31.0685
31.0692
31.0694
31.0695
31.0696
31.0696
31.0696
31.0696
31.0695
31.0694
31.0692
27.7956
27.7956
27.7957
27.7957
27.7957
27.7957
27.7957
27.7957
27.7956
27.7956
27.7957
27.7957
27.7957
27.7957
27.7957
27.7957
27.7957
27.7957
27.7957
27.7957
27.7957
27.7958
27.7958
27.7958
27.7958
27.7958
27.7958
27.7958
27.7958
27.7957
27.7959
27.7959
27.796
27.796
27.796
27.796
27.796
27.796
27.7959
27.7959
27.7961
27.7961
27.7962
27.7962
27.7962
27.7962
27.7962
27.7962
27.7961
27.7961
27.7963
27.7964
27.7964
27.7965
27.7965
27.7965
27.7965
27.7964
27.7964
27.7963
27.7965
27.7966
27.7967
27.7968
27.7968
27.7968
27.7968
27.7967
27.7966
27.7965
27.7968
27.7969
27.797
27.797
27.7971
27.7971
27.797
27.797
27.7969
27.7968
27.797
27.7971
27.7972
27.7973
27.7973
27.7973
27.7973
27.7972
27.7971
27.797
27.7973
27.7974
27.7975
27.7975
27.7975
27.7975
27.7975
27.7975
27.7974
27.7973
24.5262
24.5262
24.5262
24.5262
24.5262
24.5262
24.5262
24.5262
24.5262
24.5262
24.5262
24.5262
24.5262
24.5262
24.5262
24.5262
24.5262
24.5262
24.5262
24.5262
24.5262
24.5262
24.5262
24.5262
24.5262
24.5262
24.5262
24.5262
24.5262
24.5262
24.5263
24.5263
24.5263
24.5263
24.5263
24.5263
24.5263
24.5263
24.5263
24.5263
24.5263
24.5264
24.5264
24.5264
24.5264
24.5264
24.5264
24.5264
24.5264
24.5263
24.5264
24.5265
24.5265
24.5265
24.5265
24.5265
24.5265
24.5265
24.5265
24.5264
24.5266
24.5266
24.5266
24.5267
24.5267
24.5267
24.5267
24.5266
24.5266
24.5266
24.5267
24.5267
24.5268
24.5268
24.5268
24.5268
24.5268
24.5268
24.5267
24.5267
24.5268
24.5269
24.5269
24.527
24.527
24.527
24.527
24.5269
24.5269
24.5268
24.527
24.527
24.5271
24.5271
24.5271
24.5271
24.5271
24.5271
24.527
24.527
21.2562
21.2562
21.2563
21.2563
21.2563
21.2563
21.2563
21.2563
21.2562
21.2562
21.2562
21.2562
21.2562
21.2562
21.2562
21.2562
21.2562
21.2562
21.2562
21.2562
21.2562
21.2562
21.2562
21.2562
21.2562
21.2562
21.2562
21.2562
21.2562
21.2562
21.2562
21.2562
21.2562
21.2562
21.2562
21.2562
21.2562
21.2562
21.2562
21.2562
21.2562
21.2563
21.2563
21.2563
21.2563
21.2563
21.2563
21.2563
21.2563
21.2562
21.2563
21.2563
21.2563
21.2563
21.2563
21.2563
21.2563
21.2563
21.2563
21.2563
21.2563
21.2563
21.2564
21.2564
21.2564
21.2564
21.2564
21.2564
21.2563
21.2563
21.2564
21.2564
21.2564
21.2564
21.2564
21.2564
21.2564
21.2564
21.2564
21.2564
21.2564
21.2564
21.2565
21.2565
21.2565
21.2565
21.2565
21.2565
21.2564
21.2564
21.2565
21.2565
21.2565
21.2565
21.2565
21.2565
21.2565
21.2565
21.2565
21.2565
17.9862
17.9862
17.9862
17.9862
17.9862
17.9862
17.9862
17.9862
17.9862
17.9862
17.9862
17.9862
17.9862
17.9862
17.9862
17.9862
17.9862
17.9862
17.9862
17.9862
17.9861
17.9861
17.9861
17.9861
17.9861
17.9861
17.9861
17.9861
17.9861
17.9861
17.9861
17.9861
17.9861
17.9861
17.9861
17.9861
17.9861
17.9861
17.9861
17.9861
17.9862
17.9862
17.9862
17.9862
17.9862
17.9862
17.9862
17.9862
17.9862
17.9862
17.9862
17.9862
17.9862
17.9862
17.9862
17.9862
17.9862
17.9862
17.9862
17.9862
17.9862
17.9862
17.9862
17.9862
17.9862
17.9862
17.9862
17.9862
17.9862
17.9862
17.9862
17.9862
17.9862
17.9862
17.9862
17.9862
17.9862
17.9862
17.9862
17.9862
17.9862
17.9862
17.9862
17.9863
17.9863
17.9863
17.9863
17.9862
17.9862
17.9862
17.9863
17.9863
17.9863
17.9863
17.9863
17.9863
17.9863
17.9863
17.9863
17.9863
14.716
14.716
14.716
14.716
14.716
14.716
14.716
14.716
14.716
14.716
14.716
14.716
14.716
14.716
14.716
14.716
14.716
14.716
14.716
14.716
14.716
14.716
14.716
14.716
14.716
14.716
14.716
14.716
14.716
14.716
14.716
14.716
14.716
14.716
14.716
14.716
14.716
14.716
14.716
14.716
14.716
14.716
14.716
14.716
14.716
14.716
14.716
14.716
14.716
14.716
14.716
14.716
14.716
14.716
14.716
14.716
14.716
14.716
14.716
14.716
14.716
14.716
14.716
14.716
14.716
14.716
14.716
14.716
14.716
14.716
14.716
14.716
14.716
14.716
14.716
14.716
14.716
14.716
14.716
14.716
14.716
14.716
14.716
14.716
14.716
14.716
14.716
14.716
14.716
14.716
14.716
14.716
14.716
14.716
14.716
14.716
14.716
14.716
14.716
14.716
11.4458
11.4458
11.4458
11.4458
11.4458
11.4458
11.4458
11.4458
11.4458
11.4458
11.4458
11.4458
11.4458
11.4458
11.4458
11.4458
11.4458
11.4458
11.4458
11.4458
11.4458
11.4458
11.4458
11.4458
11.4458
11.4458
11.4458
11.4458
11.4458
11.4458
11.4458
11.4458
11.4458
11.4458
11.4458
11.4458
11.4458
11.4458
11.4458
11.4458
11.4458
11.4458
11.4458
11.4458
11.4458
11.4458
11.4458
11.4458
11.4458
11.4458
11.4458
11.4458
11.4458
11.4458
11.4458
11.4458
11.4458
11.4458
11.4458
11.4458
11.4458
11.4458
11.4458
11.4458
11.4458
11.4458
11.4458
11.4458
11.4458
11.4458
11.4458
11.4458
11.4458
11.4458
11.4458
11.4458
11.4458
11.4458
11.4458
11.4458
11.4458
11.4458
11.4458
11.4458
11.4458
11.4458
11.4458
11.4458
11.4458
11.4458
11.4458
11.4458
11.4458
11.4458
11.4458
11.4458
11.4458
11.4458
11.4458
11.4458
8.17555
8.17555
8.17555
8.17555
8.17555
8.17555
8.17555
8.17555
8.17555
8.17555
8.17555
8.17555
8.17555
8.17555
8.17555
8.17555
8.17555
8.17555
8.17555
8.17555
8.17555
8.17555
8.17555
8.17555
8.17555
8.17555
8.17555
8.17555
8.17555
8.17555
8.17555
8.17555
8.17555
8.17555
8.17555
8.17555
8.17555
8.17555
8.17555
8.17555
8.17555
8.17555
8.17555
8.17555
8.17555
8.17555
8.17555
8.17555
8.17555
8.17555
8.17555
8.17555
8.17555
8.17555
8.17555
8.17555
8.17555
8.17555
8.17555
8.17555
8.17555
8.17555
8.17555
8.17555
8.17555
8.17555
8.17555
8.17555
8.17555
8.17555
8.17555
8.17555
8.17555
8.17555
8.17555
8.17555
8.17555
8.17555
8.17555
8.17555
8.17555
8.17555
8.17555
8.17555
8.17555
8.17555
8.17555
8.17555
8.17555
8.17555
8.17555
8.17555
8.17555
8.17555
8.17555
8.17555
8.17555
8.17555
8.17555
8.17555
4.90533
4.90533
4.90533
4.90533
4.90533
4.90533
4.90533
4.90533
4.90533
4.90533
4.90533
4.90533
4.90533
4.90533
4.90533
4.90533
4.90533
4.90533
4.90533
4.90533
4.90533
4.90533
4.90533
4.90533
4.90533
4.90533
4.90533
4.90533
4.90533
4.90533
4.90533
4.90533
4.90533
4.90533
4.90533
4.90533
4.90533
4.90533
4.90533
4.90533
4.90533
4.90533
4.90533
4.90533
4.90533
4.90533
4.90533
4.90533
4.90533
4.90533
4.90533
4.90533
4.90533
4.90533
4.90533
4.90533
4.90533
4.90533
4.90533
4.90533
4.90533
4.90533
4.90533
4.90533
4.90533
4.90533
4.90533
4.90533
4.90533
4.90533
4.90533
4.90533
4.90533
4.90533
4.90533
4.90533
4.90533
4.90533
4.90533
4.90533
4.90533
4.90533
4.90533
4.90533
4.90533
4.90533
4.90533
4.90533
4.90533
4.90533
4.90533
4.90533
4.90533
4.90533
4.90533
4.90533
4.90533
4.90533
4.90533
4.90533
1.63511
1.63511
1.63511
1.63511
1.63511
1.63511
1.63511
1.63511
1.63511
1.63511
1.63511
1.63511
1.63511
1.63511
1.63511
1.63511
1.63511
1.63511
1.63511
1.63511
1.63511
1.63511
1.63511
1.63511
1.63511
1.63511
1.63511
1.63511
1.63511
1.63511
1.63511
1.63511
1.63511
1.63511
1.63511
1.63511
1.63511
1.63511
1.63511
1.63511
1.63511
1.63511
1.63511
1.63511
1.63511
1.63511
1.63511
1.63511
1.63511
1.63511
1.63511
1.63511
1.63511
1.63511
1.63511
1.63511
1.63511
1.63511
1.63511
1.63511
1.63511
1.63511
1.63511
1.63511
1.63511
1.63511
1.63511
1.63511
1.63511
1.63511
1.63511
1.63511
1.63511
1.63511
1.63511
1.63511
1.63511
1.63511
1.63511
1.63511
1.63511
1.63511
1.63511
1.63511
1.63511
1.63511
1.63511
1.63511
1.63511
1.63511
1.6351
1.6351
1.6351
1.6351
1.6351
1.6351
1.6351
1.6351
1.6351
1.6351
99.4969
98.912
98.5446
98.2761
98.1369
98.1369
98.2761
98.5446
98.912
99.4969
90.3143
89.4603
88.8978
88.5001
88.2952
88.2952
88.5001
88.8978
89.4603
90.3143
82.6904
81.7076
81.0662
80.6193
80.39
80.39
80.6193
81.0662
81.7077
82.6904
77.4264
76.4168
75.7663
75.3198
75.091
75.091
75.3198
75.7663
76.4168
77.4264
73.4767
72.4745
71.832
71.3997
71.1783
71.1783
71.3997
71.832
72.4745
73.4767
70.278
69.3032
68.6767
68.2656
68.0555
68.0555
68.2656
68.6767
69.3032
70.278
67.6403
66.7138
66.1131
65.7294
65.5341
65.5341
65.7294
66.1131
66.7138
67.6403
65.4564
64.6018
64.0392
63.6885
63.5107
63.5107
63.6885
64.0392
64.6018
65.4564
63.6457
62.8793
62.3676
62.0546
61.8961
61.8961
62.0546
62.3676
62.8793
63.6457
62.228
61.4624
61.0102
60.7352
60.5958
60.5958
60.7352
61.0102
61.4624
62.228
63.3273
63.5009
63.6899
63.8173
63.8833
63.8833
63.8173
63.6899
63.5009
63.3273
63.7508
63.8459
63.9732
64.0549
64.0966
64.0966
64.0549
63.9732
63.8459
63.7508
63.7258
63.7228
63.7756
63.8039
63.818
63.818
63.8039
63.7756
63.7228
63.7258
63.3118
63.2181
63.2025
63.1838
63.1737
63.1737
63.1838
63.2025
63.2181
63.3118
62.7125
62.5444
62.4706
62.4143
62.3846
62.3846
62.4143
62.4706
62.5444
62.7125
62.0376
61.8135
61.6926
61.6081
61.564
61.564
61.6081
61.6926
61.8135
62.0377
61.3423
61.0825
60.9276
60.8247
60.7715
60.7715
60.8247
60.9276
61.0825
61.3423
60.6582
60.3866
60.2133
60.1018
60.0443
60.0443
60.1018
60.2133
60.3866
60.6582
60.021
59.7537
59.574
59.4612
59.4027
59.4027
59.4612
59.574
59.7538
60.021
59.534
59.1851
59.0007
58.8874
58.8283
58.8283
58.8874
59.0007
59.1851
59.534
58.6852
58.6707
58.6724
58.6688
58.6672
58.6672
58.6688
58.6724
58.6707
58.6852
59.0969
59.0801
59.081
59.0758
59.0731
59.0731
59.0758
59.081
59.0801
59.0969
59.4373
59.4018
59.3912
59.3762
59.3681
59.3681
59.3762
59.3912
59.4018
59.4373
59.4894
59.4204
59.3876
59.3565
59.3399
59.3399
59.3565
59.3876
59.4204
59.4894
59.3436
59.2393
59.182
59.1348
59.1098
59.1098
59.1348
59.182
59.2393
59.3436
59.0948
58.9598
58.8801
58.8195
58.7875
58.7875
58.8195
58.8801
58.9598
59.0948
58.7916
58.6342
58.5363
58.4662
58.4295
58.4295
58.4662
58.5363
58.6342
58.7916
58.4608
58.2932
58.1839
58.1089
58.0697
58.0697
58.1089
58.1839
58.2932
58.4608
58.1355
57.9653
57.8487
57.7714
57.731
57.731
57.7714
57.8487
57.9653
58.1355
57.8903
57.6564
57.5295
57.4486
57.4065
57.4065
57.4486
57.5295
57.6564
57.8903
53.9357
53.9555
53.9805
53.9965
54.005
54.005
53.9965
53.9805
53.9555
53.9357
54.1456
54.1692
54.1982
54.2166
54.2263
54.2263
54.2166
54.1982
54.1692
54.1456
54.3235
54.3447
54.3734
54.3909
54.4001
54.4001
54.3909
54.3734
54.3447
54.3235
54.4087
54.4195
54.4413
54.4533
54.4596
54.4596
54.4533
54.4413
54.4195
54.4087
54.4221
54.4185
54.4298
54.4344
54.4366
54.4366
54.4344
54.4298
54.4185
54.4221
54.3873
54.3688
54.3686
54.3654
54.3636
54.3636
54.3654
54.3686
54.3688
54.3873
54.318
54.2866
54.2757
54.2657
54.2603
54.2603
54.2657
54.2757
54.2866
54.318
54.2238
54.1844
54.1651
54.1501
54.1419
54.1419
54.1501
54.1651
54.1844
54.2238
54.1229
54.0776
54.0502
54.0306
54.0199
54.0199
54.0306
54.0502
54.0776
54.1229
54.0599
53.9713
53.9301
53.9032
53.8889
53.8889
53.9032
53.9301
53.9713
54.06
50.6864
50.6864
50.6884
50.6885
50.6886
50.6886
50.6885
50.6884
50.6864
50.6864
50.7843
50.788
50.7931
50.7953
50.7964
50.7964
50.7953
50.7931
50.788
50.7843
50.8842
50.8893
50.896
50.899
50.9005
50.9005
50.899
50.896
50.8893
50.8842
50.9519
50.9549
50.9606
50.9624
50.9633
50.9633
50.9624
50.9606
50.9549
50.9519
50.9895
50.9881
50.9909
50.9905
50.9901
50.9901
50.9905
50.9909
50.9881
50.9895
51.0039
50.9971
50.9961
50.9929
50.991
50.991
50.9929
50.9961
50.9971
51.0039
50.9999
50.9879
50.9828
50.9771
50.9738
50.9738
50.9771
50.9828
50.9879
50.9999
50.9818
50.9661
50.9576
50.9497
50.9453
50.9453
50.9497
50.9576
50.9661
50.9818
50.9588
50.9397
50.927
50.9167
50.9111
50.9111
50.9167
50.927
50.9397
50.9588
50.9524
50.9106
50.8898
50.8755
50.8679
50.8679
50.8755
50.8898
50.9106
50.9524
47.3368
47.3398
47.3435
47.3457
47.3468
47.3468
47.3457
47.3435
47.3398
47.3368
47.3773
47.3821
47.3873
47.3906
47.3923
47.3923
47.3906
47.3873
47.3821
47.3773
47.4185
47.4244
47.4308
47.4348
47.4369
47.4369
47.4348
47.4308
47.4244
47.4185
47.4494
47.4551
47.4618
47.4657
47.4678
47.4678
47.4657
47.4618
47.4551
47.4494
47.4703
47.4747
47.4807
47.4839
47.4856
47.4856
47.4839
47.4807
47.4747
47.4703
47.4824
47.485
47.4896
47.4918
47.4929
47.4929
47.4918
47.4896
47.485
47.4824
47.4868
47.4873
47.4903
47.4913
47.4918
47.4918
47.4913
47.4903
47.4873
47.4868
47.4846
47.4835
47.4849
47.4849
47.4847
47.4847
47.4849
47.4849
47.4835
47.4846
47.48
47.4771
47.4761
47.4746
47.4736
47.4736
47.4746
47.4761
47.4771
47.48
47.4834
47.4689
47.463
47.4588
47.4565
47.4565
47.4588
47.463
47.4689
47.4834
44.1121
44.1124
44.113
44.1131
44.1132
44.1132
44.1131
44.113
44.1124
44.1121
44.1289
44.1302
44.1315
44.1321
44.1325
44.1325
44.1321
44.1315
44.1302
44.1289
44.1482
44.1502
44.1522
44.1533
44.1538
44.1538
44.1533
44.1522
44.1502
44.1482
44.1647
44.167
44.1694
44.1706
44.1713
44.1713
44.1706
44.1694
44.167
44.1647
44.1781
44.1803
44.1827
44.1839
44.1845
44.1845
44.1839
44.1827
44.1803
44.1781
44.1885
44.1904
44.1925
44.1934
44.1938
44.1938
44.1934
44.1925
44.1904
44.1885
44.1961
44.1974
44.1991
44.1996
44.1999
44.1999
44.1997
44.1991
44.1974
44.1961
44.201
44.2019
44.2031
44.2033
44.2034
44.2034
44.2033
44.2031
44.2019
44.201
44.2052
44.2053
44.2056
44.2052
44.2049
44.2049
44.2052
44.2056
44.2053
44.2052
44.2127
44.2078
44.2059
44.2043
44.2034
44.2034
44.2043
44.2059
44.2078
44.2127
40.8506
40.8512
40.8518
40.8522
40.8523
40.8523
40.8522
40.8518
40.8512
40.8506
40.857
40.8579
40.8589
40.8594
40.8597
40.8597
40.8594
40.8589
40.8579
40.857
40.8642
40.8655
40.8668
40.8676
40.868
40.868
40.8676
40.8668
40.8655
40.8642
40.8709
40.8724
40.8739
40.8748
40.8753
40.8753
40.8748
40.8739
40.8724
40.8709
40.8767
40.8783
40.8799
40.8809
40.8814
40.8814
40.8809
40.8799
40.8783
40.8767
40.8816
40.8831
40.8847
40.8856
40.8861
40.8861
40.8856
40.8847
40.8831
40.8816
40.8854
40.8868
40.8883
40.8891
40.8895
40.8895
40.8891
40.8883
40.8868
40.8854
40.8882
40.8894
40.8907
40.8914
40.8917
40.8917
40.8914
40.8907
40.8894
40.8882
40.8906
40.8916
40.8924
40.8928
40.893
40.893
40.8928
40.8924
40.8916
40.8906
40.8945
40.8932
40.893
40.8928
40.8926
40.8926
40.8928
40.893
40.8932
40.8945
37.5961
37.5962
37.5963
37.5963
37.5963
37.5963
37.5963
37.5963
37.5962
37.5961
37.5984
37.5987
37.5989
37.5991
37.5991
37.5991
37.5991
37.5989
37.5987
37.5984
37.6014
37.6019
37.6023
37.6025
37.6026
37.6026
37.6025
37.6023
37.6019
37.6014
37.6045
37.6051
37.6057
37.606
37.6062
37.6062
37.606
37.6057
37.6051
37.6045
37.6075
37.6083
37.6089
37.6093
37.6095
37.6095
37.6093
37.6089
37.6083
37.6076
37.6104
37.6112
37.6119
37.6123
37.6125
37.6125
37.6123
37.6119
37.6112
37.6104
37.613
37.6138
37.6145
37.6149
37.6151
37.6151
37.6149
37.6145
37.6138
37.613
37.6153
37.6161
37.6168
37.6172
37.6173
37.6173
37.6172
37.6168
37.6161
37.6153
37.6175
37.6183
37.6188
37.6191
37.6192
37.6192
37.6191
37.6188
37.6183
37.6175
37.6203
37.6203
37.6204
37.6204
37.6204
37.6204
37.6204
37.6204
37.6203
37.6203
34.3308
34.3309
34.331
34.3311
34.3311
34.3311
34.3311
34.331
34.3309
34.3308
34.3316
34.3317
34.3319
34.332
34.332
34.332
34.332
34.3319
34.3317
34.3316
34.3326
34.3328
34.333
34.3332
34.3332
34.3332
34.3332
34.333
34.3328
34.3326
34.3337
34.334
34.3343
34.3345
34.3346
34.3346
34.3345
34.3343
34.334
34.3337
34.3349
34.3352
34.3356
34.3358
34.3359
34.3359
34.3358
34.3356
34.3352
34.3349
34.336
34.3365
34.3368
34.3371
34.3372
34.3372
34.3371
34.3368
34.3365
34.336
34.3371
34.3376
34.338
34.3383
34.3384
34.3384
34.3383
34.338
34.3376
34.3371
34.3382
34.3386
34.3391
34.3393
34.3394
34.3394
34.3393
34.3391
34.3386
34.3382
34.3392
34.3396
34.34
34.3402
34.3403
34.3403
34.3402
34.34
34.3396
34.3392
34.3404
34.3405
34.3407
34.3408
34.3409
34.3409
34.3408
34.3407
34.3405
34.3404
31.0645
31.0646
31.0646
31.0646
31.0646
31.0646
31.0646
31.0646
31.0646
31.0645
31.0647
31.0648
31.0648
31.0648
31.0649
31.0649
31.0648
31.0648
31.0648
31.0647
31.0651
31.0652
31.0652
31.0653
31.0653
31.0653
31.0653
31.0652
31.0652
31.0651
31.0656
31.0657
31.0658
31.0658
31.0659
31.0659
31.0658
31.0658
31.0657
31.0656
31.0661
31.0663
31.0664
31.0665
31.0665
31.0665
31.0665
31.0664
31.0663
31.0661
31.0667
31.0669
31.067
31.0671
31.0672
31.0672
31.0671
31.067
31.0669
31.0667
31.0673
31.0675
31.0677
31.0678
31.0679
31.0679
31.0678
31.0677
31.0675
31.0673
31.0679
31.0682
31.0684
31.0685
31.0685
31.0685
31.0685
31.0684
31.0682
31.0679
31.0685
31.0688
31.069
31.0691
31.0691
31.0691
31.0691
31.069
31.0688
31.0685
31.0692
31.0694
31.0695
31.0696
31.0696
31.0696
31.0696
31.0695
31.0694
31.0692
27.7956
27.7956
27.7957
27.7957
27.7957
27.7957
27.7957
27.7957
27.7956
27.7956
27.7957
27.7957
27.7957
27.7957
27.7957
27.7957
27.7957
27.7957
27.7957
27.7957
27.7957
27.7958
27.7958
27.7958
27.7958
27.7958
27.7958
27.7958
27.7958
27.7957
27.7959
27.7959
27.796
27.796
27.796
27.796
27.796
27.796
27.7959
27.7959
27.7961
27.7961
27.7962
27.7962
27.7962
27.7962
27.7962
27.7962
27.7961
27.7961
27.7963
27.7964
27.7964
27.7965
27.7965
27.7965
27.7965
27.7964
27.7964
27.7963
27.7965
27.7966
27.7967
27.7968
27.7968
27.7968
27.7968
27.7967
27.7966
27.7965
27.7968
27.7969
27.797
27.797
27.7971
27.7971
27.797
27.797
27.7969
27.7968
27.797
27.7971
27.7972
27.7973
27.7973
27.7973
27.7973
27.7972
27.7971
27.797
27.7973
27.7974
27.7975
27.7975
27.7975
27.7975
27.7975
27.7975
27.7974
27.7973
24.5262
24.5262
24.5262
24.5262
24.5262
24.5262
24.5262
24.5262
24.5262
24.5262
24.5262
24.5262
24.5262
24.5262
24.5262
24.5262
24.5262
24.5262
24.5262
24.5262
24.5262
24.5262
24.5262
24.5262
24.5262
24.5262
24.5262
24.5262
24.5262
24.5262
24.5263
24.5263
24.5263
24.5263
24.5263
24.5263
24.5263
24.5263
24.5263
24.5263
24.5263
24.5264
24.5264
24.5264
24.5264
24.5264
24.5264
24.5264
24.5264
24.5263
24.5264
24.5265
24.5265
24.5265
24.5265
24.5265
24.5265
24.5265
24.5265
24.5264
24.5266
24.5266
24.5266
24.5267
24.5267
24.5267
24.5267
24.5266
24.5266
24.5266
24.5267
24.5267
24.5268
24.5268
24.5268
24.5268
24.5268
24.5268
24.5267
24.5267
24.5268
24.5269
24.5269
24.527
24.527
24.527
24.527
24.5269
24.5269
24.5268
24.527
24.527
24.5271
24.5271
24.5271
24.5271
24.5271
24.5271
24.527
24.527
21.2562
21.2562
21.2563
21.2563
21.2563
21.2563
21.2563
21.2563
21.2562
21.2562
21.2562
21.2562
21.2562
21.2562
21.2562
21.2562
21.2562
21.2562
21.2562
21.2562
21.2562
21.2562
21.2562
21.2562
21.2562
21.2562
21.2562
21.2562
21.2562
21.2562
21.2562
21.2562
21.2562
21.2562
21.2562
21.2562
21.2562
21.2562
21.2562
21.2562
21.2562
21.2563
21.2563
21.2563
21.2563
21.2563
21.2563
21.2563
21.2563
21.2562
21.2563
21.2563
21.2563
21.2563
21.2563
21.2563
21.2563
21.2563
21.2563
21.2563
21.2563
21.2563
21.2564
21.2564
21.2564
21.2564
21.2564
21.2564
21.2563
21.2563
21.2564
21.2564
21.2564
21.2564
21.2564
21.2564
21.2564
21.2564
21.2564
21.2564
21.2564
21.2564
21.2565
21.2565
21.2565
21.2565
21.2565
21.2565
21.2564
21.2564
21.2565
21.2565
21.2565
21.2565
21.2565
21.2565
21.2565
21.2565
21.2565
21.2565
17.9862
17.9862
17.9862
17.9862
17.9862
17.9862
17.9862
17.9862
17.9862
17.9862
17.9862
17.9862
17.9862
17.9862
17.9862
17.9862
17.9862
17.9862
17.9862
17.9862
17.9861
17.9861
17.9861
17.9861
17.9861
17.9861
17.9861
17.9861
17.9861
17.9861
17.9861
17.9861
17.9861
17.9861
17.9861
17.9861
17.9861
17.9861
17.9861
17.9861
17.9862
17.9862
17.9862
17.9862
17.9862
17.9862
17.9862
17.9862
17.9862
17.9862
17.9862
17.9862
17.9862
17.9862
17.9862
17.9862
17.9862
17.9862
17.9862
17.9862
17.9862
17.9862
17.9862
17.9862
17.9862
17.9862
17.9862
17.9862
17.9862
17.9862
17.9862
17.9862
17.9862
17.9862
17.9862
17.9862
17.9862
17.9862
17.9862
17.9862
17.9862
17.9862
17.9862
17.9863
17.9863
17.9863
17.9863
17.9862
17.9862
17.9862
17.9863
17.9863
17.9863
17.9863
17.9863
17.9863
17.9863
17.9863
17.9863
17.9863
14.716
14.716
14.716
14.716
14.716
14.716
14.716
14.716
14.716
14.716
14.716
14.716
14.716
14.716
14.716
14.716
14.716
14.716
14.716
14.716
14.716
14.716
14.716
14.716
14.716
14.716
14.716
14.716
14.716
14.716
14.716
14.716
14.716
14.716
14.716
14.716
14.716
14.716
14.716
14.716
14.716
14.716
14.716
14.716
14.716
14.716
14.716
14.716
14.716
14.716
14.716
14.716
14.716
14.716
14.716
14.716
14.716
14.716
14.716
14.716
14.716
14.716
14.716
14.716
14.716
14.716
14.716
14.716
14.716
14.716
14.716
14.716
14.716
14.716
14.716
14.716
14.716
14.716
14.716
14.716
14.716
14.716
14.716
14.716
14.716
14.716
14.716
14.716
14.716
14.716
14.716
14.716
14.716
14.716
14.716
14.716
14.716
14.716
14.716
14.716
11.4458
11.4458
11.4458
11.4458
11.4458
11.4458
11.4458
11.4458
11.4458
11.4458
11.4458
11.4458
11.4458
11.4458
11.4458
11.4458
11.4458
11.4458
11.4458
11.4458
11.4458
11.4458
11.4458
11.4458
11.4458
11.4458
11.4458
11.4458
11.4458
11.4458
11.4458
11.4458
11.4458
11.4458
11.4458
11.4458
11.4458
11.4458
11.4458
11.4458
11.4458
11.4458
11.4458
11.4458
11.4458
11.4458
11.4458
11.4458
11.4458
11.4458
11.4458
11.4458
11.4458
11.4458
11.4458
11.4458
11.4458
11.4458
11.4458
11.4458
11.4458
11.4458
11.4458
11.4458
11.4458
11.4458
11.4458
11.4458
11.4458
11.4458
11.4458
11.4458
11.4458
11.4458
11.4458
11.4458
11.4458
11.4458
11.4458
11.4458
11.4458
11.4458
11.4458
11.4458
11.4458
11.4458
11.4458
11.4458
11.4458
11.4458
11.4458
11.4458
11.4458
11.4458
11.4458
11.4458
11.4458
11.4458
11.4458
11.4458
8.17555
8.17555
8.17555
8.17555
8.17555
8.17555
8.17555
8.17555
8.17555
8.17555
8.17555
8.17555
8.17555
8.17555
8.17555
8.17555
8.17555
8.17555
8.17555
8.17555
8.17555
8.17555
8.17555
8.17555
8.17555
8.17555
8.17555
8.17555
8.17555
8.17555
8.17555
8.17555
8.17555
8.17555
8.17555
8.17555
8.17555
8.17555
8.17555
8.17555
8.17555
8.17555
8.17555
8.17555
8.17555
8.17555
8.17555
8.17555
8.17555
8.17555
8.17555
8.17555
8.17555
8.17555
8.17555
8.17555
8.17555
8.17555
8.17555
8.17555
8.17555
8.17555
8.17555
8.17555
8.17555
8.17555
8.17555
8.17555
8.17555
8.17555
8.17555
8.17555
8.17555
8.17555
8.17555
8.17555
8.17555
8.17555
8.17555
8.17555
8.17555
8.17555
8.17555
8.17555
8.17555
8.17555
8.17555
8.17555
8.17555
8.17555
8.17555
8.17555
8.17555
8.17555
8.17555
8.17555
8.17555
8.17555
8.17555
8.17555
4.90533
4.90533
4.90533
4.90533
4.90533
4.90533
4.90533
4.90533
4.90533
4.90533
4.90533
4.90533
4.90533
4.90533
4.90533
4.90533
4.90533
4.90533
4.90533
4.90533
4.90533
4.90533
4.90533
4.90533
4.90533
4.90533
4.90533
4.90533
4.90533
4.90533
4.90533
4.90533
4.90533
4.90533
4.90533
4.90533
4.90533
4.90533
4.90533
4.90533
4.90533
4.90533
4.90533
4.90533
4.90533
4.90533
4.90533
4.90533
4.90533
4.90533
4.90533
4.90533
4.90533
4.90533
4.90533
4.90533
4.90533
4.90533
4.90533
4.90533
4.90533
4.90533
4.90533
4.90533
4.90533
4.90533
4.90533
4.90533
4.90533
4.90533
4.90533
4.90533
4.90533
4.90533
4.90533
4.90533
4.90533
4.90533
4.90533
4.90533
4.90533
4.90533
4.90533
4.90533
4.90533
4.90533
4.90533
4.90533
4.90533
4.90533
4.90533
4.90533
4.90533
4.90533
4.90533
4.90533
4.90533
4.90533
4.90533
4.90533
1.63511
1.63511
1.63511
1.63511
1.63511
1.63511
1.63511
1.63511
1.63511
1.63511
1.63511
1.63511
1.63511
1.63511
1.63511
1.63511
1.63511
1.63511
1.63511
1.63511
1.63511
1.63511
1.63511
1.63511
1.63511
1.63511
1.63511
1.63511
1.63511
1.63511
1.63511
1.63511
1.63511
1.63511
1.63511
1.63511
1.63511
1.63511
1.63511
1.63511
1.63511
1.63511
1.63511
1.63511
1.63511
1.63511
1.63511
1.63511
1.63511
1.63511
1.63511
1.63511
1.63511
1.63511
1.63511
1.63511
1.63511
1.63511
1.63511
1.63511
1.63511
1.63511
1.63511
1.63511
1.63511
1.63511
1.63511
1.63511
1.63511
1.63511
1.63511
1.63511
1.63511
1.63511
1.63511
1.63511
1.63511
1.63511
1.63511
1.63511
1.63511
1.63511
1.63511
1.6351
1.6351
1.6351
1.6351
1.63511
1.63511
1.63511
1.6351
1.6351
1.6351
1.6351
1.6351
1.6351
1.6351
1.6351
1.6351
1.6351
99.4969
98.912
98.5446
98.2761
98.1369
98.1369
98.2761
98.5446
98.912
99.4969
90.3143
89.4603
88.8978
88.5001
88.2952
88.2952
88.5001
88.8978
89.4603
90.3143
82.6904
81.7077
81.0662
80.6193
80.39
80.39
80.6193
81.0662
81.7076
82.6904
77.4264
76.4168
75.7663
75.3198
75.091
75.091
75.3198
75.7663
76.4168
77.4264
73.4767
72.4745
71.832
71.3997
71.1783
71.1783
71.3997
71.832
72.4745
73.4767
70.278
69.3032
68.6767
68.2656
68.0555
68.0555
68.2656
68.6767
69.3032
70.278
67.6403
66.7138
66.1131
65.7294
65.5341
65.5341
65.7294
66.1131
66.7138
67.6403
65.4564
64.6018
64.0393
63.6885
63.5107
63.5107
63.6885
64.0392
64.6018
65.4564
63.6457
62.8793
62.3676
62.0546
61.8961
61.8961
62.0546
62.3676
62.8793
63.6457
62.228
61.4624
61.0102
60.7352
60.5958
60.5958
60.7352
61.0102
61.4624
62.228
63.3273
63.5009
63.6899
63.8173
63.8833
63.8833
63.8173
63.6899
63.5009
63.3273
63.7508
63.8459
63.9732
64.0549
64.0966
64.0966
64.0549
63.9732
63.8459
63.7508
63.7258
63.7228
63.7756
63.8039
63.818
63.818
63.8039
63.7756
63.7228
63.7258
63.3118
63.2181
63.2025
63.1838
63.1737
63.1737
63.1838
63.2025
63.2181
63.3118
62.7125
62.5444
62.4706
62.4143
62.3846
62.3846
62.4143
62.4706
62.5444
62.7125
62.0377
61.8135
61.6926
61.6081
61.564
61.564
61.6081
61.6926
61.8135
62.0376
61.3423
61.0825
60.9276
60.8247
60.7715
60.7715
60.8247
60.9276
61.0825
61.3423
60.6582
60.3866
60.2133
60.1018
60.0443
60.0443
60.1018
60.2133
60.3866
60.6582
60.021
59.7538
59.574
59.4612
59.4027
59.4027
59.4612
59.574
59.7537
60.021
59.534
59.1851
59.0007
58.8874
58.8283
58.8283
58.8874
59.0007
59.1851
59.534
58.6852
58.6707
58.6724
58.6688
58.6672
58.6672
58.6688
58.6724
58.6707
58.6852
59.0969
59.0801
59.081
59.0758
59.0731
59.0731
59.0758
59.081
59.0801
59.0969
59.4373
59.4018
59.3912
59.3762
59.3681
59.3681
59.3762
59.3912
59.4018
59.4373
59.4894
59.4204
59.3876
59.3565
59.3399
59.3399
59.3565
59.3876
59.4204
59.4894
59.3436
59.2393
59.182
59.1348
59.1098
59.1098
59.1348
59.182
59.2393
59.3436
59.0948
58.9598
58.8801
58.8195
58.7875
58.7875
58.8195
58.8801
58.9598
59.0948
58.7916
58.6342
58.5363
58.4662
58.4295
58.4295
58.4662
58.5363
58.6342
58.7916
58.4608
58.2932
58.1839
58.1089
58.0697
58.0697
58.1089
58.1839
58.2932
58.4608
58.1355
57.9653
57.8487
57.7714
57.731
57.731
57.7714
57.8487
57.9653
58.1355
57.8903
57.6564
57.5295
57.4486
57.4065
57.4065
57.4486
57.5295
57.6564
57.8903
53.9357
53.9555
53.9805
53.9965
54.005
54.005
53.9965
53.9805
53.9555
53.9357
54.1456
54.1692
54.1982
54.2166
54.2263
54.2263
54.2166
54.1982
54.1692
54.1456
54.3235
54.3447
54.3734
54.3909
54.4001
54.4001
54.3909
54.3734
54.3447
54.3235
54.4087
54.4195
54.4413
54.4533
54.4596
54.4596
54.4533
54.4413
54.4195
54.4087
54.4221
54.4185
54.4298
54.4344
54.4366
54.4366
54.4344
54.4298
54.4185
54.4221
54.3873
54.3688
54.3686
54.3654
54.3636
54.3636
54.3654
54.3686
54.3688
54.3873
54.318
54.2866
54.2757
54.2657
54.2603
54.2603
54.2657
54.2757
54.2866
54.318
54.2238
54.1844
54.1651
54.1501
54.1419
54.1419
54.1501
54.1651
54.1844
54.2238
54.1229
54.0776
54.0502
54.0306
54.0199
54.0199
54.0306
54.0502
54.0776
54.1229
54.06
53.9713
53.9301
53.9032
53.8889
53.8889
53.9032
53.9301
53.9713
54.0599
50.6864
50.6864
50.6884
50.6885
50.6886
50.6886
50.6885
50.6884
50.6864
50.6864
50.7843
50.788
50.7931
50.7953
50.7964
50.7964
50.7953
50.7931
50.788
50.7843
50.8842
50.8893
50.896
50.899
50.9005
50.9005
50.899
50.896
50.8893
50.8842
50.9519
50.9549
50.9606
50.9624
50.9633
50.9633
50.9624
50.9606
50.9549
50.9519
50.9895
50.9881
50.9909
50.9905
50.9901
50.9901
50.9905
50.9909
50.9881
50.9895
51.0039
50.9971
50.9961
50.9929
50.991
50.991
50.9929
50.9961
50.9971
51.0039
50.9999
50.9879
50.9828
50.9771
50.9738
50.9738
50.9771
50.9828
50.9879
50.9999
50.9818
50.9661
50.9576
50.9497
50.9453
50.9453
50.9497
50.9576
50.9661
50.9818
50.9588
50.9397
50.927
50.9167
50.9111
50.9111
50.9167
50.927
50.9397
50.9588
50.9524
50.9106
50.8898
50.8755
50.8679
50.8679
50.8755
50.8898
50.9106
50.9524
47.3368
47.3398
47.3435
47.3457
47.3468
47.3468
47.3457
47.3435
47.3398
47.3368
47.3773
47.3821
47.3873
47.3906
47.3923
47.3923
47.3906
47.3873
47.3821
47.3773
47.4185
47.4244
47.4308
47.4348
47.4369
47.4369
47.4348
47.4308
47.4244
47.4185
47.4494
47.4551
47.4618
47.4657
47.4678
47.4678
47.4657
47.4618
47.4551
47.4494
47.4703
47.4747
47.4807
47.4839
47.4856
47.4856
47.4839
47.4807
47.4747
47.4703
47.4824
47.485
47.4896
47.4918
47.4929
47.4929
47.4918
47.4896
47.485
47.4824
47.4868
47.4873
47.4903
47.4913
47.4918
47.4918
47.4913
47.4903
47.4873
47.4868
47.4846
47.4835
47.4849
47.4849
47.4847
47.4847
47.4849
47.4849
47.4835
47.4846
47.48
47.4771
47.4761
47.4746
47.4736
47.4736
47.4746
47.4761
47.4771
47.48
47.4834
47.4689
47.463
47.4588
47.4565
47.4565
47.4588
47.463
47.4689
47.4834
44.1121
44.1124
44.113
44.1131
44.1132
44.1132
44.1131
44.113
44.1124
44.1121
44.1289
44.1302
44.1315
44.1321
44.1325
44.1325
44.1321
44.1315
44.1302
44.1289
44.1482
44.1502
44.1522
44.1533
44.1538
44.1538
44.1533
44.1522
44.1502
44.1482
44.1647
44.167
44.1694
44.1706
44.1713
44.1713
44.1706
44.1694
44.167
44.1647
44.1781
44.1803
44.1827
44.1839
44.1845
44.1845
44.1839
44.1827
44.1803
44.1781
44.1885
44.1904
44.1925
44.1934
44.1938
44.1938
44.1934
44.1925
44.1904
44.1885
44.1961
44.1974
44.1991
44.1997
44.1999
44.1999
44.1996
44.1991
44.1974
44.1961
44.201
44.2019
44.2031
44.2033
44.2034
44.2034
44.2033
44.2031
44.2019
44.201
44.2052
44.2053
44.2056
44.2052
44.2049
44.2049
44.2052
44.2056
44.2053
44.2052
44.2127
44.2078
44.2059
44.2043
44.2034
44.2034
44.2043
44.2059
44.2078
44.2127
40.8506
40.8512
40.8518
40.8522
40.8523
40.8523
40.8522
40.8518
40.8512
40.8506
40.857
40.8579
40.8589
40.8594
40.8597
40.8597
40.8594
40.8589
40.8579
40.857
40.8642
40.8655
40.8668
40.8676
40.868
40.868
40.8676
40.8668
40.8655
40.8642
40.8709
40.8724
40.8739
40.8748
40.8753
40.8753
40.8748
40.8739
40.8724
40.8709
40.8767
40.8783
40.8799
40.8809
40.8814
40.8814
40.8809
40.8799
40.8783
40.8767
40.8816
40.8831
40.8847
40.8856
40.8861
40.8861
40.8856
40.8847
40.8831
40.8816
40.8854
40.8868
40.8883
40.8891
40.8895
40.8895
40.8891
40.8883
40.8868
40.8854
40.8882
40.8894
40.8907
40.8914
40.8917
40.8917
40.8914
40.8907
40.8894
40.8882
40.8906
40.8916
40.8924
40.8928
40.893
40.893
40.8928
40.8924
40.8916
40.8906
40.8945
40.8932
40.893
40.8928
40.8926
40.8926
40.8928
40.893
40.8932
40.8945
37.5961
37.5962
37.5963
37.5963
37.5963
37.5963
37.5963
37.5963
37.5962
37.5961
37.5984
37.5987
37.5989
37.5991
37.5991
37.5991
37.5991
37.5989
37.5987
37.5984
37.6014
37.6019
37.6023
37.6025
37.6026
37.6026
37.6025
37.6023
37.6019
37.6014
37.6045
37.6051
37.6057
37.606
37.6062
37.6062
37.606
37.6057
37.6051
37.6045
37.6076
37.6083
37.6089
37.6093
37.6095
37.6095
37.6093
37.6089
37.6083
37.6075
37.6104
37.6112
37.6119
37.6123
37.6125
37.6125
37.6123
37.6119
37.6112
37.6104
37.613
37.6138
37.6145
37.6149
37.6151
37.6151
37.6149
37.6145
37.6138
37.613
37.6153
37.6161
37.6168
37.6172
37.6173
37.6173
37.6172
37.6168
37.6161
37.6153
37.6175
37.6183
37.6188
37.6191
37.6192
37.6192
37.6191
37.6188
37.6183
37.6175
37.6203
37.6203
37.6204
37.6204
37.6204
37.6204
37.6204
37.6204
37.6203
37.6203
34.3308
34.3309
34.331
34.3311
34.3311
34.3311
34.3311
34.331
34.3309
34.3308
34.3316
34.3317
34.3319
34.332
34.332
34.332
34.332
34.3319
34.3317
34.3316
34.3326
34.3328
34.333
34.3332
34.3332
34.3332
34.3332
34.333
34.3328
34.3326
34.3337
34.334
34.3343
34.3345
34.3346
34.3346
34.3345
34.3343
34.334
34.3337
34.3349
34.3352
34.3356
34.3358
34.3359
34.3359
34.3358
34.3356
34.3352
34.3349
34.336
34.3365
34.3368
34.3371
34.3372
34.3372
34.3371
34.3368
34.3365
34.336
34.3371
34.3376
34.338
34.3383
34.3384
34.3384
34.3383
34.338
34.3376
34.3371
34.3382
34.3386
34.3391
34.3393
34.3394
34.3394
34.3393
34.3391
34.3386
34.3382
34.3392
34.3396
34.34
34.3402
34.3403
34.3403
34.3402
34.34
34.3396
34.3392
34.3404
34.3405
34.3407
34.3408
34.3409
34.3409
34.3408
34.3407
34.3405
34.3404
31.0645
31.0646
31.0646
31.0646
31.0646
31.0646
31.0646
31.0646
31.0646
31.0645
31.0647
31.0648
31.0648
31.0648
31.0649
31.0649
31.0648
31.0648
31.0648
31.0647
31.0651
31.0652
31.0652
31.0653
31.0653
31.0653
31.0653
31.0652
31.0652
31.0651
31.0656
31.0657
31.0658
31.0658
31.0659
31.0659
31.0658
31.0658
31.0657
31.0656
31.0661
31.0663
31.0664
31.0665
31.0665
31.0665
31.0665
31.0664
31.0663
31.0661
31.0667
31.0669
31.067
31.0671
31.0672
31.0672
31.0671
31.067
31.0669
31.0667
31.0673
31.0675
31.0677
31.0678
31.0679
31.0679
31.0678
31.0677
31.0675
31.0673
31.0679
31.0682
31.0684
31.0685
31.0685
31.0685
31.0685
31.0684
31.0682
31.0679
31.0685
31.0688
31.069
31.0691
31.0691
31.0691
31.0691
31.069
31.0688
31.0685
31.0692
31.0694
31.0695
31.0696
31.0696
31.0696
31.0696
31.0695
31.0694
31.0692
27.7956
27.7956
27.7957
27.7957
27.7957
27.7957
27.7957
27.7957
27.7956
27.7956
27.7957
27.7957
27.7957
27.7957
27.7957
27.7957
27.7957
27.7957
27.7957
27.7957
27.7957
27.7958
27.7958
27.7958
27.7958
27.7958
27.7958
27.7958
27.7958
27.7957
27.7959
27.7959
27.796
27.796
27.796
27.796
27.796
27.796
27.7959
27.7959
27.7961
27.7961
27.7962
27.7962
27.7962
27.7962
27.7962
27.7962
27.7961
27.7961
27.7963
27.7964
27.7964
27.7965
27.7965
27.7965
27.7965
27.7964
27.7964
27.7963
27.7965
27.7966
27.7967
27.7968
27.7968
27.7968
27.7968
27.7967
27.7966
27.7965
27.7968
27.7969
27.797
27.797
27.7971
27.7971
27.797
27.797
27.7969
27.7968
27.797
27.7971
27.7972
27.7973
27.7973
27.7973
27.7973
27.7972
27.7971
27.797
27.7973
27.7974
27.7975
27.7975
27.7975
27.7975
27.7975
27.7975
27.7974
27.7973
24.5262
24.5262
24.5262
24.5262
24.5262
24.5262
24.5262
24.5262
24.5262
24.5262
24.5262
24.5262
24.5262
24.5262
24.5262
24.5262
24.5262
24.5262
24.5262
24.5262
24.5262
24.5262
24.5262
24.5262
24.5262
24.5262
24.5262
24.5262
24.5262
24.5262
24.5263
24.5263
24.5263
24.5263
24.5263
24.5263
24.5263
24.5263
24.5263
24.5263
24.5263
24.5264
24.5264
24.5264
24.5264
24.5264
24.5264
24.5264
24.5264
24.5263
24.5264
24.5265
24.5265
24.5265
24.5265
24.5265
24.5265
24.5265
24.5265
24.5264
24.5266
24.5266
24.5266
24.5267
24.5267
24.5267
24.5267
24.5266
24.5266
24.5266
24.5267
24.5267
24.5268
24.5268
24.5268
24.5268
24.5268
24.5268
24.5267
24.5267
24.5268
24.5269
24.5269
24.527
24.527
24.527
24.527
24.5269
24.5269
24.5268
24.527
24.527
24.5271
24.5271
24.5271
24.5271
24.5271
24.5271
24.527
24.527
21.2562
21.2562
21.2563
21.2563
21.2563
21.2563
21.2563
21.2563
21.2562
21.2562
21.2562
21.2562
21.2562
21.2562
21.2562
21.2562
21.2562
21.2562
21.2562
21.2562
21.2562
21.2562
21.2562
21.2562
21.2562
21.2562
21.2562
21.2562
21.2562
21.2562
21.2562
21.2562
21.2562
21.2562
21.2562
21.2562
21.2562
21.2562
21.2562
21.2562
21.2562
21.2563
21.2563
21.2563
21.2563
21.2563
21.2563
21.2563
21.2563
21.2562
21.2563
21.2563
21.2563
21.2563
21.2563
21.2563
21.2563
21.2563
21.2563
21.2563
21.2563
21.2563
21.2564
21.2564
21.2564
21.2564
21.2564
21.2564
21.2563
21.2563
21.2564
21.2564
21.2564
21.2564
21.2564
21.2564
21.2564
21.2564
21.2564
21.2564
21.2564
21.2564
21.2565
21.2565
21.2565
21.2565
21.2565
21.2565
21.2564
21.2564
21.2565
21.2565
21.2565
21.2565
21.2565
21.2565
21.2565
21.2565
21.2565
21.2565
17.9862
17.9862
17.9862
17.9862
17.9862
17.9862
17.9862
17.9862
17.9862
17.9862
17.9862
17.9862
17.9862
17.9862
17.9862
17.9862
17.9862
17.9862
17.9862
17.9862
17.9861
17.9861
17.9861
17.9861
17.9861
17.9861
17.9861
17.9861
17.9861
17.9861
17.9861
17.9861
17.9861
17.9861
17.9861
17.9861
17.9861
17.9861
17.9861
17.9861
17.9862
17.9862
17.9862
17.9862
17.9862
17.9862
17.9862
17.9862
17.9862
17.9862
17.9862
17.9862
17.9862
17.9862
17.9862
17.9862
17.9862
17.9862
17.9862
17.9862
17.9862
17.9862
17.9862
17.9862
17.9862
17.9862
17.9862
17.9862
17.9862
17.9862
17.9862
17.9862
17.9862
17.9862
17.9862
17.9862
17.9862
17.9862
17.9862
17.9862
17.9862
17.9862
17.9862
17.9863
17.9863
17.9863
17.9863
17.9862
17.9862
17.9862
17.9863
17.9863
17.9863
17.9863
17.9863
17.9863
17.9863
17.9863
17.9863
17.9863
14.716
14.716
14.716
14.716
14.716
14.716
14.716
14.716
14.716
14.716
14.716
14.716
14.716
14.716
14.716
14.716
14.716
14.716
14.716
14.716
14.716
14.716
14.716
14.716
14.716
14.716
14.716
14.716
14.716
14.716
14.716
14.716
14.716
14.716
14.716
14.716
14.716
14.716
14.716
14.716
14.716
14.716
14.716
14.716
14.716
14.716
14.716
14.716
14.716
14.716
14.716
14.716
14.716
14.716
14.716
14.716
14.716
14.716
14.716
14.716
14.716
14.716
14.716
14.716
14.716
14.716
14.716
14.716
14.716
14.716
14.716
14.716
14.716
14.716
14.716
14.716
14.716
14.716
14.716
14.716
14.716
14.716
14.716
14.716
14.716
14.716
14.716
14.716
14.716
14.716
14.716
14.716
14.716
14.716
14.716
14.716
14.716
14.716
14.716
14.716
11.4458
11.4458
11.4458
11.4458
11.4458
11.4458
11.4458
11.4458
11.4458
11.4458
11.4458
11.4458
11.4458
11.4458
11.4458
11.4458
11.4458
11.4458
11.4458
11.4458
11.4458
11.4458
11.4458
11.4458
11.4458
11.4458
11.4458
11.4458
11.4458
11.4458
11.4458
11.4458
11.4458
11.4458
11.4458
11.4458
11.4458
11.4458
11.4458
11.4458
11.4458
11.4458
11.4458
11.4458
11.4458
11.4458
11.4458
11.4458
11.4458
11.4458
11.4458
11.4458
11.4458
11.4458
11.4458
11.4458
11.4458
11.4458
11.4458
11.4458
11.4458
11.4458
11.4458
11.4458
11.4458
11.4458
11.4458
11.4458
11.4458
11.4458
11.4458
11.4458
11.4458
11.4458
11.4458
11.4458
11.4458
11.4458
11.4458
11.4458
11.4458
11.4458
11.4458
11.4458
11.4458
11.4458
11.4458
11.4458
11.4458
11.4458
11.4458
11.4458
11.4458
11.4458
11.4458
11.4458
11.4458
11.4458
11.4458
11.4458
8.17555
8.17555
8.17555
8.17555
8.17555
8.17555
8.17555
8.17555
8.17555
8.17555
8.17555
8.17555
8.17555
8.17555
8.17555
8.17555
8.17555
8.17555
8.17555
8.17555
8.17555
8.17555
8.17555
8.17555
8.17555
8.17555
8.17555
8.17555
8.17555
8.17555
8.17555
8.17555
8.17555
8.17555
8.17555
8.17555
8.17555
8.17555
8.17555
8.17555
8.17555
8.17555
8.17555
8.17555
8.17555
8.17555
8.17555
8.17555
8.17555
8.17555
8.17555
8.17555
8.17555
8.17555
8.17555
8.17555
8.17555
8.17555
8.17555
8.17555
8.17555
8.17555
8.17555
8.17555
8.17555
8.17555
8.17555
8.17555
8.17555
8.17555
8.17555
8.17555
8.17555
8.17555
8.17555
8.17555
8.17555
8.17555
8.17555
8.17555
8.17555
8.17555
8.17555
8.17555
8.17555
8.17555
8.17555
8.17555
8.17555
8.17555
8.17555
8.17555
8.17555
8.17555
8.17555
8.17555
8.17555
8.17555
8.17555
8.17555
4.90533
4.90533
4.90533
4.90533
4.90533
4.90533
4.90533
4.90533
4.90533
4.90533
4.90533
4.90533
4.90533
4.90533
4.90533
4.90533
4.90533
4.90533
4.90533
4.90533
4.90533
4.90533
4.90533
4.90533
4.90533
4.90533
4.90533
4.90533
4.90533
4.90533
4.90533
4.90533
4.90533
4.90533
4.90533
4.90533
4.90533
4.90533
4.90533
4.90533
4.90533
4.90533
4.90533
4.90533
4.90533
4.90533
4.90533
4.90533
4.90533
4.90533
4.90533
4.90533
4.90533
4.90533
4.90533
4.90533
4.90533
4.90533
4.90533
4.90533
4.90533
4.90533
4.90533
4.90533
4.90533
4.90533
4.90533
4.90533
4.90533
4.90533
4.90533
4.90533
4.90533
4.90533
4.90533
4.90533
4.90533
4.90533
4.90533
4.90533
4.90533
4.90533
4.90533
4.90533
4.90533
4.90533
4.90533
4.90533
4.90533
4.90533
4.90533
4.90533
4.90533
4.90533
4.90533
4.90533
4.90533
4.90533
4.90533
4.90533
1.63511
1.63511
1.63511
1.63511
1.63511
1.63511
1.63511
1.63511
1.63511
1.63511
1.63511
1.63511
1.63511
1.63511
1.63511
1.63511
1.63511
1.63511
1.63511
1.63511
1.63511
1.63511
1.63511
1.63511
1.63511
1.63511
1.63511
1.63511
1.63511
1.63511
1.63511
1.63511
1.63511
1.63511
1.63511
1.63511
1.63511
1.63511
1.63511
1.63511
1.63511
1.63511
1.63511
1.63511
1.63511
1.63511
1.63511
1.63511
1.63511
1.63511
1.63511
1.63511
1.63511
1.63511
1.63511
1.63511
1.63511
1.63511
1.63511
1.63511
1.63511
1.63511
1.63511
1.63511
1.63511
1.63511
1.63511
1.63511
1.63511
1.63511
1.63511
1.63511
1.63511
1.63511
1.63511
1.63511
1.63511
1.63511
1.63511
1.63511
1.63511
1.63511
1.63511
1.6351
1.6351
1.6351
1.6351
1.63511
1.63511
1.63511
1.6351
1.6351
1.6351
1.6351
1.6351
1.6351
1.6351
1.6351
1.6351
1.6351
99.4969
98.912
98.5446
98.2761
98.1368
98.1368
98.2761
98.5446
98.912
99.4969
90.3143
89.4603
88.8978
88.5001
88.2952
88.2952
88.5001
88.8978
89.4603
90.3143
82.6904
81.7076
81.0662
80.6193
80.39
80.39
80.6193
81.0662
81.7076
82.6904
77.4264
76.4168
75.7663
75.3198
75.091
75.091
75.3198
75.7663
76.4168
77.4264
73.4767
72.4744
71.832
71.3997
71.1783
71.1783
71.3997
71.832
72.4744
73.4767
70.278
69.3032
68.6767
68.2656
68.0554
68.0554
68.2656
68.6767
69.3032
70.278
67.6403
66.7138
66.1131
65.7294
65.534
65.534
65.7294
66.1131
66.7138
67.6403
65.4564
64.6018
64.0392
63.6885
63.5107
63.5107
63.6885
64.0392
64.6018
65.4564
63.6457
62.8793
62.3676
62.0546
61.8961
61.8961
62.0546
62.3676
62.8793
63.6457
62.228
61.4624
61.0102
60.7352
60.5958
60.5958
60.7352
61.0102
61.4624
62.228
63.3273
63.5009
63.6899
63.8173
63.8833
63.8833
63.8173
63.6899
63.5009
63.3273
63.7508
63.8459
63.9732
64.0549
64.0966
64.0966
64.0548
63.9732
63.8459
63.7508
63.7258
63.7228
63.7756
63.8039
63.818
63.818
63.8039
63.7756
63.7228
63.7258
63.3118
63.2181
63.2025
63.1838
63.1737
63.1737
63.1838
63.2025
63.2181
63.3118
62.7125
62.5444
62.4706
62.4143
62.3846
62.3846
62.4143
62.4706
62.5444
62.7125
62.0376
61.8135
61.6926
61.6081
61.564
61.564
61.6081
61.6926
61.8135
62.0376
61.3423
61.0825
60.9276
60.8247
60.7714
60.7714
60.8247
60.9276
61.0825
61.3423
60.6582
60.3866
60.2133
60.1018
60.0443
60.0443
60.1018
60.2132
60.3866
60.6582
60.021
59.7537
59.574
59.4612
59.4027
59.4027
59.4612
59.574
59.7537
60.021
59.534
59.1851
59.0007
58.8874
58.8283
58.8283
58.8873
59.0007
59.185
59.534
58.6852
58.6707
58.6724
58.6688
58.6672
58.6672
58.6688
58.6724
58.6707
58.6852
59.0969
59.0801
59.081
59.0758
59.0731
59.0731
59.0758
59.081
59.0801
59.0969
59.4373
59.4018
59.3912
59.3762
59.3681
59.3681
59.3762
59.3912
59.4018
59.4373
59.4894
59.4204
59.3876
59.3565
59.3399
59.3399
59.3565
59.3876
59.4204
59.4894
59.3436
59.2393
59.182
59.1348
59.1098
59.1098
59.1348
59.182
59.2393
59.3436
59.0948
58.9598
58.8801
58.8195
58.7875
58.7875
58.8195
58.8801
58.9598
59.0948
58.7916
58.6342
58.5362
58.4662
58.4295
58.4295
58.4662
58.5362
58.6342
58.7916
58.4608
58.2932
58.1839
58.1089
58.0697
58.0697
58.1089
58.1839
58.2932
58.4608
58.1355
57.9653
57.8487
57.7714
57.731
57.731
57.7714
57.8487
57.9653
58.1355
57.8903
57.6564
57.5295
57.4486
57.4065
57.4065
57.4486
57.5295
57.6564
57.8903
53.9357
53.9554
53.9805
53.9965
54.005
54.005
53.9965
53.9805
53.9554
53.9357
54.1456
54.1692
54.1982
54.2166
54.2263
54.2263
54.2166
54.1982
54.1692
54.1456
54.3235
54.3447
54.3734
54.3909
54.4001
54.4001
54.3909
54.3734
54.3447
54.3235
54.4087
54.4195
54.4413
54.4533
54.4596
54.4596
54.4533
54.4412
54.4195
54.4087
54.4221
54.4185
54.4298
54.4344
54.4366
54.4366
54.4344
54.4298
54.4185
54.4221
54.3873
54.3688
54.3686
54.3654
54.3636
54.3636
54.3654
54.3686
54.3688
54.3873
54.318
54.2866
54.2757
54.2657
54.2603
54.2603
54.2657
54.2757
54.2866
54.3179
54.2238
54.1843
54.1651
54.1501
54.1419
54.1419
54.1501
54.1651
54.1843
54.2238
54.1229
54.0776
54.0502
54.0306
54.0199
54.0199
54.0306
54.0502
54.0776
54.1229
54.0599
53.9712
53.9301
53.9032
53.8889
53.8889
53.9032
53.9301
53.9712
54.0599
50.6864
50.6864
50.6884
50.6885
50.6886
50.6886
50.6885
50.6884
50.6864
50.6864
50.7843
50.788
50.7931
50.7953
50.7964
50.7964
50.7953
50.7931
50.788
50.7843
50.8842
50.8893
50.896
50.899
50.9005
50.9005
50.899
50.896
50.8893
50.8842
50.9519
50.9549
50.9606
50.9624
50.9633
50.9633
50.9624
50.9606
50.9549
50.9519
50.9895
50.9881
50.9909
50.9905
50.9901
50.9901
50.9905
50.9909
50.9881
50.9895
51.0039
50.9971
50.9961
50.9929
50.991
50.991
50.9929
50.9961
50.9971
51.0039
50.9999
50.9879
50.9828
50.9771
50.9738
50.9738
50.9771
50.9828
50.9879
50.9999
50.9818
50.9661
50.9576
50.9497
50.9453
50.9453
50.9497
50.9576
50.9661
50.9818
50.9588
50.9397
50.927
50.9167
50.9111
50.9111
50.9167
50.927
50.9397
50.9588
50.9524
50.9106
50.8898
50.8755
50.8679
50.8679
50.8755
50.8898
50.9106
50.9524
47.3368
47.3398
47.3435
47.3457
47.3468
47.3468
47.3457
47.3435
47.3398
47.3368
47.3773
47.3821
47.3873
47.3906
47.3923
47.3923
47.3906
47.3873
47.3821
47.3773
47.4185
47.4243
47.4308
47.4348
47.4369
47.4369
47.4348
47.4308
47.4243
47.4185
47.4494
47.4551
47.4618
47.4657
47.4678
47.4678
47.4657
47.4618
47.4551
47.4494
47.4703
47.4747
47.4807
47.4839
47.4856
47.4856
47.4839
47.4807
47.4747
47.4703
47.4824
47.485
47.4896
47.4918
47.4929
47.4929
47.4918
47.4896
47.485
47.4824
47.4868
47.4873
47.4903
47.4913
47.4918
47.4918
47.4913
47.4903
47.4873
47.4868
47.4846
47.4835
47.4849
47.4849
47.4847
47.4847
47.4849
47.4849
47.4835
47.4846
47.48
47.4771
47.4761
47.4746
47.4736
47.4736
47.4746
47.4761
47.4771
47.48
47.4834
47.4689
47.463
47.4588
47.4565
47.4565
47.4588
47.463
47.4689
47.4834
44.1121
44.1124
44.113
44.1131
44.1132
44.1132
44.1131
44.113
44.1124
44.1121
44.1289
44.1302
44.1315
44.1321
44.1325
44.1325
44.1321
44.1315
44.1302
44.1289
44.1482
44.1502
44.1522
44.1533
44.1538
44.1538
44.1533
44.1522
44.1502
44.1482
44.1647
44.167
44.1694
44.1706
44.1713
44.1713
44.1706
44.1694
44.167
44.1647
44.1781
44.1803
44.1827
44.1839
44.1845
44.1845
44.1839
44.1827
44.1803
44.1781
44.1885
44.1904
44.1925
44.1934
44.1938
44.1938
44.1934
44.1925
44.1904
44.1885
44.1961
44.1974
44.1991
44.1996
44.1999
44.1999
44.1996
44.1991
44.1974
44.1961
44.201
44.2019
44.2031
44.2033
44.2034
44.2034
44.2033
44.2031
44.2019
44.201
44.2052
44.2053
44.2056
44.2052
44.2049
44.2049
44.2052
44.2056
44.2053
44.2052
44.2127
44.2078
44.2059
44.2043
44.2034
44.2034
44.2043
44.2059
44.2078
44.2127
40.8506
40.8512
40.8518
40.8522
40.8523
40.8523
40.8522
40.8518
40.8512
40.8506
40.857
40.8579
40.8589
40.8594
40.8597
40.8597
40.8594
40.8589
40.8579
40.857
40.8642
40.8655
40.8668
40.8676
40.868
40.868
40.8676
40.8668
40.8655
40.8642
40.8709
40.8724
40.8739
40.8748
40.8753
40.8753
40.8748
40.8739
40.8724
40.8709
40.8767
40.8783
40.8799
40.8809
40.8814
40.8814
40.8809
40.8799
40.8783
40.8767
40.8816
40.8831
40.8847
40.8856
40.8861
40.8861
40.8856
40.8847
40.8831
40.8816
40.8854
40.8868
40.8883
40.8891
40.8895
40.8895
40.8891
40.8883
40.8868
40.8854
40.8882
40.8894
40.8907
40.8914
40.8917
40.8917
40.8914
40.8907
40.8894
40.8882
40.8906
40.8916
40.8924
40.8928
40.893
40.893
40.8928
40.8924
40.8915
40.8906
40.8945
40.8932
40.893
40.8928
40.8926
40.8926
40.8928
40.893
40.8932
40.8945
37.5961
37.5962
37.5963
37.5963
37.5963
37.5963
37.5963
37.5963
37.5962
37.5961
37.5984
37.5987
37.5989
37.5991
37.5991
37.5991
37.5991
37.5989
37.5987
37.5984
37.6014
37.6019
37.6023
37.6025
37.6026
37.6026
37.6025
37.6023
37.6019
37.6014
37.6045
37.6051
37.6057
37.606
37.6062
37.6062
37.606
37.6057
37.6051
37.6045
37.6075
37.6083
37.6089
37.6093
37.6095
37.6095
37.6093
37.6089
37.6083
37.6075
37.6104
37.6112
37.6119
37.6123
37.6125
37.6125
37.6123
37.6119
37.6112
37.6104
37.613
37.6138
37.6145
37.6149
37.6151
37.6151
37.6149
37.6145
37.6138
37.613
37.6153
37.6161
37.6168
37.6172
37.6173
37.6173
37.6172
37.6168
37.6161
37.6153
37.6175
37.6183
37.6188
37.6191
37.6192
37.6192
37.6191
37.6188
37.6183
37.6175
37.6203
37.6203
37.6204
37.6204
37.6204
37.6204
37.6204
37.6204
37.6202
37.6203
34.3308
34.3309
34.331
34.3311
34.3311
34.3311
34.3311
34.331
34.3309
34.3308
34.3316
34.3317
34.3319
34.332
34.332
34.332
34.332
34.3319
34.3317
34.3316
34.3326
34.3328
34.333
34.3332
34.3332
34.3332
34.3332
34.333
34.3328
34.3326
34.3337
34.334
34.3343
34.3345
34.3346
34.3346
34.3345
34.3343
34.334
34.3337
34.3349
34.3352
34.3356
34.3358
34.3359
34.3359
34.3358
34.3356
34.3352
34.3349
34.336
34.3365
34.3368
34.3371
34.3372
34.3372
34.3371
34.3368
34.3365
34.336
34.3371
34.3376
34.338
34.3383
34.3384
34.3384
34.3383
34.338
34.3376
34.3371
34.3382
34.3386
34.3391
34.3393
34.3394
34.3394
34.3393
34.3391
34.3386
34.3382
34.3392
34.3396
34.34
34.3402
34.3403
34.3403
34.3402
34.34
34.3396
34.3392
34.3404
34.3405
34.3407
34.3408
34.3409
34.3409
34.3408
34.3407
34.3405
34.3404
31.0645
31.0646
31.0646
31.0646
31.0646
31.0646
31.0646
31.0646
31.0646
31.0645
31.0647
31.0648
31.0648
31.0648
31.0649
31.0649
31.0648
31.0648
31.0648
31.0647
31.0651
31.0652
31.0652
31.0653
31.0653
31.0653
31.0653
31.0652
31.0652
31.0651
31.0656
31.0657
31.0658
31.0658
31.0659
31.0659
31.0658
31.0658
31.0657
31.0656
31.0661
31.0663
31.0664
31.0665
31.0665
31.0665
31.0665
31.0664
31.0663
31.0661
31.0667
31.0669
31.067
31.0671
31.0672
31.0672
31.0671
31.067
31.0669
31.0667
31.0673
31.0675
31.0677
31.0678
31.0679
31.0679
31.0678
31.0677
31.0675
31.0673
31.0679
31.0682
31.0684
31.0685
31.0685
31.0685
31.0685
31.0684
31.0682
31.0679
31.0685
31.0688
31.069
31.0691
31.0691
31.0691
31.0691
31.069
31.0688
31.0685
31.0692
31.0694
31.0695
31.0696
31.0696
31.0696
31.0696
31.0695
31.0694
31.0692
27.7956
27.7956
27.7957
27.7957
27.7957
27.7957
27.7957
27.7957
27.7956
27.7956
27.7957
27.7957
27.7957
27.7957
27.7957
27.7957
27.7957
27.7957
27.7957
27.7957
27.7957
27.7958
27.7958
27.7958
27.7958
27.7958
27.7958
27.7958
27.7958
27.7957
27.7959
27.7959
27.796
27.796
27.796
27.796
27.796
27.796
27.7959
27.7959
27.7961
27.7961
27.7962
27.7962
27.7962
27.7962
27.7962
27.7962
27.7961
27.7961
27.7963
27.7964
27.7964
27.7965
27.7965
27.7965
27.7965
27.7964
27.7964
27.7963
27.7965
27.7966
27.7967
27.7968
27.7968
27.7968
27.7968
27.7967
27.7966
27.7965
27.7968
27.7969
27.797
27.797
27.7971
27.7971
27.797
27.797
27.7969
27.7968
27.797
27.7971
27.7972
27.7973
27.7973
27.7973
27.7973
27.7972
27.7971
27.797
27.7973
27.7974
27.7975
27.7975
27.7975
27.7975
27.7975
27.7975
27.7974
27.7973
24.5262
24.5262
24.5262
24.5262
24.5262
24.5262
24.5262
24.5262
24.5262
24.5262
24.5262
24.5262
24.5262
24.5262
24.5262
24.5262
24.5262
24.5262
24.5262
24.5262
24.5262
24.5262
24.5262
24.5262
24.5262
24.5262
24.5262
24.5262
24.5262
24.5262
24.5263
24.5263
24.5263
24.5263
24.5263
24.5263
24.5263
24.5263
24.5263
24.5263
24.5263
24.5264
24.5264
24.5264
24.5264
24.5264
24.5264
24.5264
24.5264
24.5263
24.5264
24.5265
24.5265
24.5265
24.5265
24.5265
24.5265
24.5265
24.5265
24.5264
24.5266
24.5266
24.5266
24.5267
24.5267
24.5267
24.5267
24.5266
24.5266
24.5266
24.5267
24.5267
24.5268
24.5268
24.5268
24.5268
24.5268
24.5268
24.5267
24.5267
24.5268
24.5269
24.5269
24.527
24.527
24.527
24.527
24.5269
24.5269
24.5268
24.527
24.527
24.5271
24.5271
24.5271
24.5271
24.5271
24.5271
24.527
24.527
21.2562
21.2562
21.2563
21.2563
21.2563
21.2563
21.2563
21.2563
21.2562
21.2562
21.2562
21.2562
21.2562
21.2562
21.2562
21.2562
21.2562
21.2562
21.2562
21.2562
21.2562
21.2562
21.2562
21.2562
21.2562
21.2562
21.2562
21.2562
21.2562
21.2562
21.2562
21.2562
21.2562
21.2562
21.2562
21.2562
21.2562
21.2562
21.2562
21.2562
21.2562
21.2563
21.2563
21.2563
21.2563
21.2563
21.2563
21.2563
21.2563
21.2562
21.2563
21.2563
21.2563
21.2563
21.2563
21.2563
21.2563
21.2563
21.2563
21.2563
21.2563
21.2563
21.2564
21.2564
21.2564
21.2564
21.2564
21.2564
21.2563
21.2563
21.2564
21.2564
21.2564
21.2564
21.2564
21.2564
21.2564
21.2564
21.2564
21.2564
21.2564
21.2564
21.2565
21.2565
21.2565
21.2565
21.2565
21.2565
21.2564
21.2564
21.2565
21.2565
21.2565
21.2565
21.2565
21.2565
21.2565
21.2565
21.2565
21.2565
17.9862
17.9862
17.9862
17.9862
17.9862
17.9862
17.9862
17.9862
17.9862
17.9862
17.9862
17.9862
17.9862
17.9862
17.9862
17.9862
17.9862
17.9862
17.9862
17.9862
17.9861
17.9861
17.9861
17.9861
17.9861
17.9861
17.9861
17.9861
17.9861
17.9861
17.9861
17.9861
17.9861
17.9861
17.9861
17.9861
17.9861
17.9861
17.9861
17.9861
17.9862
17.9862
17.9862
17.9862
17.9862
17.9862
17.9862
17.9862
17.9862
17.9862
17.9862
17.9862
17.9862
17.9862
17.9862
17.9862
17.9862
17.9862
17.9862
17.9862
17.9862
17.9862
17.9862
17.9862
17.9862
17.9862
17.9862
17.9862
17.9862
17.9862
17.9862
17.9862
17.9862
17.9862
17.9862
17.9862
17.9862
17.9862
17.9862
17.9862
17.9862
17.9862
17.9862
17.9863
17.9863
17.9863
17.9863
17.9862
17.9862
17.9862
17.9863
17.9863
17.9863
17.9863
17.9863
17.9863
17.9863
17.9863
17.9863
17.9863
14.716
14.716
14.716
14.716
14.716
14.716
14.716
14.716
14.716
14.716
14.716
14.716
14.716
14.716
14.716
14.716
14.716
14.716
14.716
14.716
14.716
14.716
14.716
14.716
14.716
14.716
14.716
14.716
14.716
14.716
14.716
14.716
14.716
14.716
14.716
14.716
14.716
14.716
14.716
14.716
14.716
14.716
14.716
14.716
14.716
14.716
14.716
14.716
14.716
14.716
14.716
14.716
14.716
14.716
14.716
14.716
14.716
14.716
14.716
14.716
14.716
14.716
14.716
14.716
14.716
14.716
14.716
14.716
14.716
14.716
14.716
14.716
14.716
14.716
14.716
14.716
14.716
14.716
14.716
14.716
14.716
14.716
14.716
14.716
14.716
14.716
14.716
14.716
14.716
14.716
14.716
14.716
14.716
14.716
14.716
14.716
14.716
14.716
14.716
14.716
11.4458
11.4458
11.4458
11.4458
11.4458
11.4458
11.4458
11.4458
11.4458
11.4458
11.4458
11.4458
11.4458
11.4458
11.4458
11.4458
11.4458
11.4458
11.4458
11.4458
11.4458
11.4458
11.4458
11.4458
11.4458
11.4458
11.4458
11.4458
11.4458
11.4458
11.4458
11.4458
11.4458
11.4458
11.4458
11.4458
11.4458
11.4458
11.4458
11.4458
11.4458
11.4458
11.4458
11.4458
11.4458
11.4458
11.4458
11.4458
11.4458
11.4458
11.4458
11.4458
11.4458
11.4458
11.4458
11.4458
11.4458
11.4458
11.4458
11.4458
11.4458
11.4458
11.4458
11.4458
11.4458
11.4458
11.4458
11.4458
11.4458
11.4458
11.4458
11.4458
11.4458
11.4458
11.4458
11.4458
11.4458
11.4458
11.4458
11.4458
11.4458
11.4458
11.4458
11.4458
11.4458
11.4458
11.4458
11.4458
11.4458
11.4458
11.4458
11.4458
11.4458
11.4458
11.4458
11.4458
11.4458
11.4458
11.4458
11.4458
8.17555
8.17555
8.17555
8.17555
8.17555
8.17555
8.17555
8.17555
8.17555
8.17555
8.17555
8.17555
8.17555
8.17555
8.17555
8.17555
8.17555
8.17555
8.17555
8.17555
8.17555
8.17555
8.17555
8.17555
8.17555
8.17555
8.17555
8.17555
8.17555
8.17555
8.17555
8.17555
8.17555
8.17555
8.17555
8.17555
8.17555
8.17555
8.17555
8.17555
8.17555
8.17555
8.17555
8.17555
8.17555
8.17555
8.17555
8.17555
8.17555
8.17555
8.17555
8.17555
8.17555
8.17555
8.17555
8.17555
8.17555
8.17555
8.17555
8.17555
8.17555
8.17555
8.17555
8.17555
8.17555
8.17555
8.17555
8.17555
8.17555
8.17555
8.17555
8.17555
8.17555
8.17555
8.17555
8.17555
8.17555
8.17555
8.17555
8.17555
8.17555
8.17555
8.17555
8.17555
8.17555
8.17555
8.17555
8.17555
8.17555
8.17555
8.17555
8.17555
8.17555
8.17555
8.17555
8.17555
8.17555
8.17555
8.17555
8.17555
4.90533
4.90533
4.90533
4.90533
4.90533
4.90533
4.90533
4.90533
4.90533
4.90533
4.90533
4.90533
4.90533
4.90533
4.90533
4.90533
4.90533
4.90533
4.90533
4.90533
4.90533
4.90533
4.90533
4.90533
4.90533
4.90533
4.90533
4.90533
4.90533
4.90533
4.90533
4.90533
4.90533
4.90533
4.90533
4.90533
4.90533
4.90533
4.90533
4.90533
4.90533
4.90533
4.90533
4.90533
4.90533
4.90533
4.90533
4.90533
4.90533
4.90533
4.90533
4.90533
4.90533
4.90533
4.90533
4.90533
4.90533
4.90533
4.90533
4.90533
4.90533
4.90533
4.90533
4.90533
4.90533
4.90533
4.90533
4.90533
4.90533
4.90533
4.90533
4.90533
4.90533
4.90533
4.90533
4.90533
4.90533
4.90533
4.90533
4.90533
4.90533
4.90533
4.90533
4.90533
4.90533
4.90533
4.90533
4.90533
4.90533
4.90533
4.90533
4.90533
4.90533
4.90533
4.90533
4.90533
4.90533
4.90533
4.90533
4.90533
1.63511
1.63511
1.63511
1.63511
1.63511
1.63511
1.63511
1.63511
1.63511
1.63511
1.63511
1.63511
1.63511
1.63511
1.63511
1.63511
1.63511
1.63511
1.63511
1.63511
1.63511
1.63511
1.63511
1.63511
1.63511
1.63511
1.63511
1.63511
1.63511
1.63511
1.63511
1.63511
1.63511
1.63511
1.63511
1.63511
1.63511
1.63511
1.63511
1.63511
1.63511
1.63511
1.63511
1.63511
1.63511
1.63511
1.63511
1.63511
1.63511
1.63511
1.63511
1.63511
1.63511
1.63511
1.63511
1.63511
1.63511
1.63511
1.63511
1.63511
1.63511
1.63511
1.63511
1.63511
1.63511
1.63511
1.63511
1.63511
1.63511
1.63511
1.63511
1.63511
1.63511
1.63511
1.63511
1.63511
1.63511
1.63511
1.63511
1.63511
1.63511
1.63511
1.63511
1.63511
1.63511
1.63511
1.63511
1.63511
1.63511
1.63511
1.6351
1.6351
1.6351
1.6351
1.6351
1.6351
1.6351
1.6351
1.6351
1.6351
61.2141
60.5243
60.0871
59.8088
59.6707
59.6707
59.8088
60.0871
60.5243
61.2141
60.5243
59.935
59.4907
59.1941
59.047
59.047
59.1941
59.4907
59.935
60.5243
60.0871
59.4907
59.0272
58.7182
58.5657
58.5657
58.7182
59.0272
59.4907
60.0871
59.8088
59.1941
58.7182
58.4033
58.2483
58.2483
58.4033
58.7182
59.1941
59.8088
59.6707
59.047
58.5657
58.2483
58.0923
58.0923
58.2484
58.5657
59.0471
59.6707
59.6707
59.047
58.5657
58.2483
58.0923
58.0923
58.2484
58.5657
59.0471
59.6707
59.8088
59.1941
58.7182
58.4033
58.2484
58.2484
58.4033
58.7182
59.1941
59.8088
60.0871
59.4907
59.0272
58.7182
58.5657
58.5657
58.7182
59.0272
59.4907
60.0871
60.5243
59.935
59.4907
59.1941
59.0471
59.0471
59.1941
59.4907
59.935
60.5244
61.2141
60.5243
60.0871
59.8088
59.6707
59.6707
59.8088
60.0871
60.5244
61.2141
59.0151
58.7364
58.5702
58.4607
58.4051
58.4051
58.4607
58.5702
58.7364
59.0151
58.7364
58.5151
58.3272
58.1962
58.1306
58.1306
58.1962
58.3272
58.5151
58.7364
58.5702
58.3272
58.116
57.9711
57.8995
57.8995
57.9711
58.116
58.3272
58.5702
58.4607
58.1962
57.9711
57.8189
57.744
57.744
57.8189
57.9711
58.1962
58.4607
58.4051
58.1306
57.8995
57.744
57.6675
57.6675
57.744
57.8995
58.1306
58.4051
58.4051
58.1306
57.8995
57.744
57.6675
57.6675
57.744
57.8995
58.1306
58.4051
58.4607
58.1962
57.9711
57.8189
57.744
57.744
57.8189
57.9711
58.1962
58.4608
58.5702
58.3272
58.116
57.9711
57.8995
57.8995
57.9711
58.116
58.3272
58.5702
58.7364
58.5151
58.3272
58.1962
58.1306
58.1306
58.1962
58.3272
58.5151
58.7364
59.0151
58.7364
58.5702
58.4607
58.4051
58.4051
58.4608
58.5702
58.7364
59.0151
57.5026
57.3499
57.2555
57.1898
57.156
57.156
57.1899
57.2555
57.3499
57.5026
57.3499
57.228
57.1136
57.0308
56.989
56.989
57.0308
57.1136
57.228
57.3499
57.2555
57.1136
56.9802
56.8867
56.8403
56.8403
56.8867
56.9802
57.1136
57.2555
57.1898
57.0308
56.8867
56.7879
56.7391
56.7391
56.7879
56.8867
57.0308
57.1899
57.156
56.989
56.8403
56.7391
56.6892
56.6892
56.7391
56.8403
56.989
57.1561
57.156
56.989
56.8403
56.7391
56.6892
56.6892
56.7391
56.8403
56.989
57.1561
57.1899
57.0308
56.8867
56.7879
56.7391
56.7391
56.7879
56.8867
57.0308
57.1899
57.2555
57.1136
56.9802
56.8867
56.8403
56.8403
56.8867
56.9802
57.1136
57.2555
57.3499
57.228
57.1136
57.0308
56.989
56.989
57.0308
57.1136
57.228
57.3499
57.5026
57.3499
57.2555
57.1899
57.1561
57.1561
57.1899
57.2555
57.3499
57.5026
53.8647
53.829
53.809
53.7928
53.7842
53.7842
53.7929
53.809
53.829
53.8647
53.829
53.8024
53.7669
53.739
53.7249
53.7249
53.739
53.7669
53.8024
53.829
53.809
53.7669
53.7194
53.685
53.668
53.668
53.685
53.7194
53.7669
53.809
53.7928
53.739
53.685
53.6473
53.6288
53.6288
53.6473
53.685
53.739
53.7929
53.7842
53.7249
53.668
53.6288
53.6096
53.6096
53.6288
53.668
53.7249
53.7842
53.7842
53.7249
53.668
53.6288
53.6096
53.6096
53.6288
53.668
53.7249
53.7842
53.7929
53.739
53.685
53.6473
53.6288
53.6288
53.6473
53.685
53.739
53.7929
53.809
53.7669
53.7194
53.685
53.668
53.668
53.685
53.7194
53.7669
53.809
53.829
53.8024
53.7669
53.739
53.7249
53.7249
53.739
53.7669
53.8024
53.829
53.8647
53.829
53.809
53.7929
53.7842
53.7842
53.7929
53.809
53.829
53.8647
50.851
50.8434
50.8388
50.8335
50.8306
50.8306
50.8335
50.8388
50.8434
50.851
50.8434
50.8392
50.8264
50.8152
50.8094
50.8094
50.8152
50.8264
50.8392
50.8434
50.8388
50.8264
50.8074
50.7929
50.7857
50.7857
50.7929
50.8074
50.8264
50.8388
50.8335
50.8152
50.7929
50.7768
50.7689
50.7689
50.7769
50.7929
50.8152
50.8335
50.8306
50.8094
50.7857
50.7689
50.7607
50.7607
50.7689
50.7857
50.8094
50.8306
50.8306
50.8094
50.7857
50.7689
50.7607
50.7607
50.7689
50.7857
50.8094
50.8306
50.8335
50.8152
50.7929
50.7769
50.7689
50.7689
50.7769
50.7929
50.8152
50.8335
50.8388
50.8264
50.8074
50.7929
50.7857
50.7857
50.7929
50.8074
50.8264
50.8388
50.8434
50.8392
50.8264
50.8152
50.8094
50.8094
50.8152
50.8264
50.8392
50.8434
50.851
50.8434
50.8388
50.8335
50.8306
50.8306
50.8335
50.8388
50.8434
50.851
47.4353
47.4382
47.4404
47.4408
47.4409
47.4409
47.4408
47.4404
47.4382
47.4353
47.4382
47.4412
47.4388
47.4359
47.4345
47.4345
47.4359
47.4388
47.4412
47.4382
47.4404
47.4388
47.4332
47.4286
47.4264
47.4264
47.4286
47.4332
47.4388
47.4404
47.4408
47.4359
47.4286
47.4233
47.4208
47.4208
47.4233
47.4286
47.4359
47.4408
47.4409
47.4345
47.4264
47.4208
47.418
47.418
47.4208
47.4264
47.4345
47.4409
47.4409
47.4345
47.4264
47.4208
47.418
47.418
47.4208
47.4264
47.4345
47.4409
47.4408
47.4359
47.4286
47.4233
47.4208
47.4208
47.4233
47.4286
47.4359
47.4408
47.4404
47.4388
47.4332
47.4286
47.4264
47.4264
47.4286
47.4332
47.4388
47.4404
47.4382
47.4412
47.4388
47.4359
47.4345
47.4345
47.4359
47.4388
47.4413
47.4382
47.4353
47.4382
47.4404
47.4408
47.4409
47.4409
47.4408
47.4404
47.4382
47.4353
44.193
44.1969
44.1994
44.2006
44.2011
44.2011
44.2006
44.1994
44.1969
44.193
44.1969
44.2008
44.2014
44.2012
44.2011
44.2011
44.2012
44.2014
44.2008
44.1969
44.1994
44.2014
44.2008
44.1999
44.1995
44.1995
44.1999
44.2008
44.2014
44.1994
44.2006
44.2012
44.1999
44.1988
44.1983
44.1983
44.1988
44.1999
44.2012
44.2006
44.2011
44.2011
44.1995
44.1983
44.1977
44.1977
44.1983
44.1995
44.2011
44.2011
44.2011
44.2011
44.1995
44.1983
44.1977
44.1977
44.1983
44.1995
44.2011
44.2011
44.2006
44.2012
44.1999
44.1988
44.1983
44.1983
44.1988
44.1999
44.2012
44.2006
44.1994
44.2014
44.2008
44.1999
44.1995
44.1995
44.1999
44.2008
44.2014
44.1994
44.1969
44.2008
44.2014
44.2012
44.2011
44.2011
44.2012
44.2014
44.2008
44.1969
44.193
44.1969
44.1994
44.2006
44.2011
44.2011
44.2006
44.1994
44.1969
44.193
40.8861
40.8887
40.8904
40.8913
40.8917
40.8917
40.8913
40.8904
40.8887
40.8861
40.8887
40.891
40.8918
40.8921
40.8922
40.8922
40.8921
40.8918
40.891
40.8887
40.8904
40.8918
40.892
40.892
40.892
40.892
40.892
40.892
40.8918
40.8904
40.8913
40.8921
40.892
40.8919
40.8918
40.8918
40.8919
40.892
40.8921
40.8913
40.8917
40.8922
40.892
40.8918
40.8918
40.8918
40.8918
40.892
40.8922
40.8917
40.8917
40.8922
40.892
40.8918
40.8918
40.8918
40.8918
40.892
40.8922
40.8917
40.8913
40.8921
40.892
40.8919
40.8918
40.8918
40.8919
40.892
40.8921
40.8913
40.8904
40.8918
40.892
40.892
40.892
40.892
40.892
40.892
40.8918
40.8904
40.8887
40.891
40.8918
40.8921
40.8922
40.8922
40.8921
40.8918
40.891
40.8887
40.8861
40.8887
40.8904
40.8913
40.8917
40.8917
40.8913
40.8904
40.8887
40.8861
37.6176
37.6192
37.6203
37.6209
37.6212
37.6212
37.6209
37.6203
37.6192
37.6176
37.6192
37.6207
37.6215
37.6219
37.6221
37.6221
37.6219
37.6215
37.6207
37.6192
37.6203
37.6215
37.6221
37.6224
37.6225
37.6225
37.6224
37.6221
37.6215
37.6203
37.6209
37.6219
37.6224
37.6227
37.6228
37.6228
37.6227
37.6224
37.6219
37.6209
37.6212
37.6221
37.6225
37.6228
37.623
37.623
37.6228
37.6225
37.6221
37.6212
37.6212
37.6221
37.6225
37.6228
37.623
37.623
37.6228
37.6225
37.6221
37.6212
37.6209
37.6219
37.6224
37.6227
37.6228
37.6228
37.6227
37.6224
37.6219
37.6209
37.6203
37.6215
37.6221
37.6224
37.6225
37.6225
37.6224
37.6221
37.6215
37.6203
37.6192
37.6207
37.6215
37.6219
37.6221
37.6221
37.6219
37.6215
37.6207
37.6192
37.6176
37.6192
37.6203
37.6209
37.6212
37.6212
37.6209
37.6203
37.6192
37.6176
34.3394
34.3402
34.3407
34.3411
34.3412
34.3412
34.3411
34.3407
34.3402
34.3394
34.3402
34.3409
34.3413
34.3415
34.3417
34.3417
34.3415
34.3413
34.3409
34.3402
34.3407
34.3413
34.3416
34.3418
34.3419
34.3419
34.3418
34.3416
34.3413
34.3407
34.3411
34.3415
34.3418
34.342
34.3421
34.3421
34.342
34.3418
34.3415
34.3411
34.3412
34.3417
34.3419
34.3421
34.3422
34.3422
34.3421
34.3419
34.3417
34.3412
34.3412
34.3417
34.3419
34.3421
34.3422
34.3422
34.3421
34.3419
34.3417
34.3412
34.3411
34.3415
34.3418
34.342
34.3421
34.3421
34.342
34.3418
34.3415
34.3411
34.3407
34.3413
34.3416
34.3418
34.3419
34.3419
34.3418
34.3416
34.3413
34.3407
34.3402
34.3409
34.3413
34.3415
34.3417
34.3417
34.3416
34.3413
34.3409
34.3402
34.3394
34.3402
34.3407
34.3411
34.3412
34.3412
34.3411
34.3407
34.3402
34.3394
31.0691
31.0695
31.0698
31.0699
31.07
31.07
31.0699
31.0698
31.0695
31.0691
31.0695
31.0699
31.0701
31.0703
31.0703
31.0703
31.0703
31.0701
31.0699
31.0695
31.0698
31.0701
31.0703
31.0705
31.0706
31.0706
31.0705
31.0703
31.0701
31.0698
31.0699
31.0703
31.0705
31.0706
31.0707
31.0707
31.0706
31.0705
31.0703
31.0699
31.07
31.0703
31.0706
31.0707
31.0708
31.0708
31.0707
31.0706
31.0703
31.07
31.07
31.0703
31.0706
31.0707
31.0708
31.0708
31.0707
31.0706
31.0703
31.07
31.0699
31.0703
31.0705
31.0706
31.0707
31.0707
31.0706
31.0705
31.0703
31.0699
31.0698
31.0701
31.0703
31.0705
31.0706
31.0706
31.0705
31.0703
31.0701
31.0698
31.0695
31.0699
31.0701
31.0703
31.0703
31.0703
31.0703
31.0701
31.0699
31.0695
31.0691
31.0695
31.0698
31.0699
31.07
31.07
31.0699
31.0698
31.0695
31.0691
27.7973
27.7975
27.7976
27.7977
27.7977
27.7977
27.7977
27.7976
27.7975
27.7973
27.7975
27.7976
27.7977
27.7978
27.7978
27.7978
27.7978
27.7977
27.7976
27.7975
27.7976
27.7977
27.7978
27.7979
27.798
27.798
27.7979
27.7978
27.7977
27.7976
27.7977
27.7978
27.7979
27.798
27.798
27.798
27.798
27.7979
27.7978
27.7977
27.7977
27.7978
27.798
27.798
27.7981
27.7981
27.798
27.798
27.7978
27.7977
27.7977
27.7978
27.798
27.798
27.7981
27.7981
27.798
27.798
27.7978
27.7977
27.7977
27.7978
27.7979
27.798
27.798
27.798
27.798
27.7979
27.7978
27.7977
27.7976
27.7977
27.7978
27.7979
27.798
27.798
27.7979
27.7978
27.7977
27.7976
27.7975
27.7976
27.7977
27.7978
27.7978
27.7978
27.7978
27.7977
27.7976
27.7975
27.7973
27.7975
27.7976
27.7977
27.7977
27.7977
27.7977
27.7976
27.7975
27.7973
24.527
24.5271
24.5272
24.5272
24.5272
24.5272
24.5272
24.5272
24.5271
24.527
24.5271
24.5272
24.5272
24.5273
24.5273
24.5273
24.5273
24.5272
24.5272
24.5271
24.5272
24.5272
24.5273
24.5273
24.5274
24.5274
24.5273
24.5273
24.5272
24.5272
24.5272
24.5273
24.5273
24.5274
24.5274
24.5274
24.5274
24.5273
24.5273
24.5272
24.5272
24.5273
24.5274
24.5274
24.5274
24.5274
24.5274
24.5274
24.5273
24.5272
24.5272
24.5273
24.5274
24.5274
24.5274
24.5274
24.5274
24.5274
24.5273
24.5272
24.5272
24.5273
24.5273
24.5274
24.5274
24.5274
24.5274
24.5273
24.5273
24.5272
24.5272
24.5272
24.5273
24.5273
24.5274
24.5274
24.5273
24.5273
24.5272
24.5272
24.5271
24.5272
24.5272
24.5273
24.5273
24.5273
24.5273
24.5272
24.5272
24.5271
24.527
24.5271
24.5272
24.5272
24.5272
24.5272
24.5272
24.5272
24.5271
24.527
21.2565
21.2565
21.2566
21.2566
21.2566
21.2566
21.2566
21.2566
21.2565
21.2565
21.2565
21.2566
21.2566
21.2566
21.2566
21.2566
21.2566
21.2566
21.2566
21.2565
21.2566
21.2566
21.2566
21.2566
21.2566
21.2566
21.2566
21.2566
21.2566
21.2566
21.2566
21.2566
21.2566
21.2567
21.2567
21.2567
21.2567
21.2566
21.2566
21.2566
21.2566
21.2566
21.2566
21.2567
21.2567
21.2567
21.2567
21.2566
21.2566
21.2566
21.2566
21.2566
21.2566
21.2567
21.2567
21.2567
21.2567
21.2566
21.2566
21.2566
21.2566
21.2566
21.2566
21.2567
21.2567
21.2567
21.2567
21.2566
21.2566
21.2566
21.2566
21.2566
21.2566
21.2566
21.2566
21.2566
21.2566
21.2566
21.2566
21.2566
21.2565
21.2566
21.2566
21.2566
21.2566
21.2566
21.2566
21.2566
21.2566
21.2565
21.2565
21.2565
21.2566
21.2566
21.2566
21.2566
21.2566
21.2566
21.2565
21.2565
17.9863
17.9863
17.9863
17.9863
17.9863
17.9863
17.9863
17.9863
17.9863
17.9863
17.9863
17.9863
17.9863
17.9863
17.9863
17.9863
17.9863
17.9863
17.9863
17.9863
17.9863
17.9863
17.9863
17.9863
17.9863
17.9863
17.9863
17.9863
17.9863
17.9863
17.9863
17.9863
17.9863
17.9863
17.9864
17.9864
17.9863
17.9863
17.9863
17.9863
17.9863
17.9863
17.9863
17.9864
17.9864
17.9864
17.9864
17.9863
17.9863
17.9863
17.9863
17.9863
17.9863
17.9864
17.9864
17.9864
17.9864
17.9863
17.9863
17.9863
17.9863
17.9863
17.9863
17.9863
17.9864
17.9864
17.9863
17.9863
17.9863
17.9863
17.9863
17.9863
17.9863
17.9863
17.9863
17.9863
17.9863
17.9863
17.9863
17.9863
17.9863
17.9863
17.9863
17.9863
17.9863
17.9863
17.9863
17.9863
17.9863
17.9863
17.9863
17.9863
17.9863
17.9863
17.9863
17.9863
17.9863
17.9863
17.9863
17.9863
14.716
14.716
14.716
14.716
14.716
14.716
14.716
14.716
14.716
14.716
14.716
14.716
14.716
14.716
14.716
14.716
14.716
14.716
14.716
14.716
14.716
14.716
14.716
14.716
14.716
14.716
14.716
14.716
14.716
14.716
14.716
14.716
14.716
14.716
14.716
14.716
14.716
14.716
14.716
14.716
14.716
14.716
14.716
14.716
14.716
14.716
14.716
14.716
14.716
14.716
14.716
14.716
14.716
14.716
14.716
14.716
14.716
14.716
14.716
14.716
14.716
14.716
14.716
14.716
14.716
14.716
14.716
14.716
14.716
14.716
14.716
14.716
14.716
14.716
14.716
14.716
14.716
14.716
14.716
14.716
14.716
14.716
14.716
14.716
14.716
14.716
14.716
14.716
14.716
14.716
14.716
14.716
14.716
14.716
14.716
14.716
14.716
14.716
14.716
14.716
11.4458
11.4458
11.4458
11.4458
11.4458
11.4458
11.4458
11.4458
11.4458
11.4458
11.4458
11.4458
11.4458
11.4458
11.4458
11.4458
11.4458
11.4458
11.4458
11.4458
11.4458
11.4458
11.4458
11.4458
11.4458
11.4458
11.4458
11.4458
11.4458
11.4458
11.4458
11.4458
11.4458
11.4458
11.4458
11.4458
11.4458
11.4458
11.4458
11.4458
11.4458
11.4458
11.4458
11.4458
11.4458
11.4458
11.4458
11.4458
11.4458
11.4458
11.4458
11.4458
11.4458
11.4458
11.4458
11.4458
11.4458
11.4458
11.4458
11.4458
11.4458
11.4458
11.4458
11.4458
11.4458
11.4458
11.4458
11.4458
11.4458
11.4458
11.4458
11.4458
11.4458
11.4458
11.4458
11.4458
11.4458
11.4458
11.4458
11.4458
11.4458
11.4458
11.4458
11.4458
11.4458
11.4458
11.4458
11.4458
11.4458
11.4458
11.4458
11.4458
11.4458
11.4458
11.4458
11.4458
11.4458
11.4458
11.4458
11.4458
8.17555
8.17555
8.17555
8.17555
8.17555
8.17555
8.17555
8.17555
8.17555
8.17555
8.17555
8.17555
8.17555
8.17555
8.17555
8.17555
8.17555
8.17555
8.17555
8.17555
8.17555
8.17555
8.17555
8.17555
8.17555
8.17555
8.17555
8.17555
8.17555
8.17555
8.17555
8.17555
8.17555
8.17556
8.17556
8.17556
8.17555
8.17555
8.17555
8.17555
8.17555
8.17555
8.17555
8.17556
8.17556
8.17556
8.17556
8.17555
8.17555
8.17555
8.17555
8.17555
8.17555
8.17556
8.17556
8.17556
8.17556
8.17555
8.17555
8.17555
8.17555
8.17555
8.17555
8.17555
8.17556
8.17556
8.17555
8.17555
8.17555
8.17555
8.17555
8.17555
8.17555
8.17555
8.17555
8.17555
8.17555
8.17555
8.17555
8.17555
8.17555
8.17555
8.17555
8.17555
8.17555
8.17555
8.17555
8.17555
8.17555
8.17555
8.17555
8.17555
8.17555
8.17555
8.17555
8.17555
8.17555
8.17555
8.17555
8.17555
4.90533
4.90533
4.90533
4.90533
4.90533
4.90533
4.90533
4.90533
4.90533
4.90533
4.90533
4.90533
4.90533
4.90533
4.90533
4.90533
4.90532
4.90532
4.90532
4.90533
4.90533
4.90533
4.90533
4.90532
4.90532
4.90532
4.90532
4.90532
4.90532
4.90532
4.90533
4.90533
4.90532
4.90532
4.90532
4.90532
4.90532
4.90532
4.90532
4.90532
4.90533
4.90533
4.90532
4.90532
4.90532
4.90532
4.90532
4.90532
4.90532
4.90532
4.90533
4.90533
4.90532
4.90532
4.90532
4.90532
4.90532
4.90532
4.90532
4.90532
4.90533
4.90532
4.90532
4.90532
4.90532
4.90532
4.90532
4.90532
4.90532
4.90532
4.90533
4.90532
4.90532
4.90532
4.90532
4.90532
4.90532
4.90532
4.90532
4.90532
4.90533
4.90532
4.90532
4.90532
4.90532
4.90532
4.90532
4.90532
4.90532
4.90532
4.90533
4.90533
4.90532
4.90532
4.90532
4.90532
4.90532
4.90532
4.90532
4.90532
1.6351
1.6351
1.6351
1.6351
1.6351
1.6351
1.6351
1.6351
1.6351
1.6351
1.6351
1.6351
1.6351
1.6351
1.6351
1.6351
1.6351
1.6351
1.6351
1.6351
1.6351
1.6351
1.6351
1.6351
1.6351
1.6351
1.6351
1.6351
1.6351
1.6351
1.6351
1.6351
1.6351
1.6351
1.6351
1.6351
1.6351
1.6351
1.6351
1.6351
1.6351
1.6351
1.6351
1.6351
1.6351
1.6351
1.6351
1.6351
1.6351
1.6351
1.6351
1.6351
1.6351
1.6351
1.6351
1.6351
1.6351
1.6351
1.6351
1.6351
1.6351
1.6351
1.6351
1.6351
1.6351
1.6351
1.6351
1.6351
1.6351
1.6351
1.6351
1.6351
1.6351
1.6351
1.6351
1.6351
1.6351
1.6351
1.6351
1.6351
1.6351
1.6351
1.6351
1.6351
1.6351
1.6351
1.6351
1.6351
1.6351
1.6351
1.6351
1.6351
1.6351
1.6351
1.6351
1.6351
1.6351
1.6351
1.6351
1.6351
)
;

boundaryField
{
    fixedWalls
    {
        type            zeroGradient;
    }
    inlet
    {
        type            fixedGradient;
        gradient        uniform 0;
    }
    outlet
    {
        type            fixedValue;
        value           uniform 0;
    }
}


// ************************************************************************* //
