/*--------------------------------*- C++ -*----------------------------------*\
| =========                 |                                                 |
| \\      /  F ield         | OpenFOAM: The Open Source CFD Toolbox           |
|  \\    /   O peration     | Version:  2106                                  |
|   \\  /    A nd           | Website:  www.openfoam.com                      |
|    \\/     M anipulation  |                                                 |
\*---------------------------------------------------------------------------*/
FoamFile
{
    version     2.0;
    format      ascii;
    arch        "LSB;label=32;scalar=64";
    class       volScalarField;
    location    "0.96";
    object      p;
}
// * * * * * * * * * * * * * * * * * * * * * * * * * * * * * * * * * * * * * //

dimensions      [0 2 -2 0 0 0 0];

internalField   nonuniform List<scalar> 
10000
(
99.0645
98.4793
98.1117
97.8431
97.7038
97.7038
97.8431
98.1117
98.4793
99.0645
89.8772
89.0227
88.4599
88.0621
87.8571
87.8571
88.0621
88.4599
89.0227
89.8772
82.2495
81.2663
80.6246
80.1774
79.9481
79.9481
80.1774
80.6246
81.2663
82.2495
76.9831
75.973
75.3222
74.8755
74.6466
74.6466
74.8755
75.3222
75.973
76.9831
73.0314
72.0286
71.3858
70.9532
70.7317
70.7317
70.9532
71.3858
72.0286
73.0314
69.8308
68.8552
68.2284
67.8169
67.6066
67.6066
67.8169
68.2284
68.8552
69.8308
67.1909
66.2636
65.6624
65.2783
65.0827
65.0827
65.2783
65.6624
66.2636
67.191
65.0048
64.1492
63.586
63.2347
63.0566
63.0566
63.2347
63.586
64.1492
65.0048
63.1917
62.4242
61.9117
61.5981
61.4393
61.4393
61.5981
61.9117
62.4242
63.1917
61.7722
61.0048
60.5515
60.2758
60.1361
60.1361
60.2758
60.5515
61.0048
61.7722
62.8809
63.0547
63.2439
63.3715
63.4375
63.4375
63.3715
63.2439
63.0547
62.8809
63.3068
63.4021
63.5296
63.6114
63.6533
63.6533
63.6114
63.5296
63.4021
63.3068
63.2841
63.2813
63.3344
63.3629
63.377
63.377
63.3629
63.3344
63.2813
63.2841
62.8717
62.7782
62.7628
62.7443
62.7342
62.7342
62.7443
62.7628
62.7782
62.8717
62.2735
62.1055
62.0319
61.9756
61.9461
61.9461
61.9757
62.0319
62.1055
62.2735
61.5993
61.3752
61.2544
61.1699
61.1259
61.1259
61.1699
61.2544
61.3752
61.5993
60.9042
60.6444
60.4895
60.3867
60.3334
60.3334
60.3867
60.4896
60.6444
60.9042
60.2201
59.9484
59.7751
59.6636
59.6061
59.6061
59.6636
59.7751
59.9484
60.2201
59.583
59.3155
59.1357
59.0227
58.9641
58.9641
59.0227
59.1357
59.3155
59.583
59.0967
58.7467
58.5619
58.4482
58.3891
58.3891
58.4482
58.5619
58.7467
59.0967
58.2481
58.2337
58.2355
58.232
58.2305
58.2305
58.232
58.2355
58.2337
58.2481
58.6622
58.6456
58.6468
58.6416
58.639
58.639
58.6416
58.6468
58.6456
58.6622
59.0052
58.97
58.9597
58.9448
58.9368
58.9368
58.9448
58.9597
58.97
59.0052
59.0593
58.9906
58.9581
58.9271
58.9106
58.9106
58.9271
58.9581
58.9906
59.0593
58.9149
58.8108
58.7539
58.7068
58.6819
58.6819
58.7068
58.7539
58.8108
58.9149
58.6672
58.5325
58.453
58.3926
58.3607
58.3607
58.3926
58.453
58.5325
58.6672
58.3648
58.2076
58.11
58.04
58.0034
58.0034
58.04
58.11
58.2077
58.3648
58.0347
57.8673
57.7582
57.6833
57.6442
57.6442
57.6833
57.7582
57.8673
58.0347
57.71
57.5399
57.4235
57.3463
57.3059
57.3059
57.3463
57.4235
57.5399
57.71
57.4662
57.2316
57.1045
57.0235
56.9813
56.9813
57.0235
57.1045
57.2316
57.4662
53.5151
53.535
53.5602
53.5762
53.5848
53.5848
53.5762
53.5602
53.535
53.5151
53.7271
53.7508
53.78
53.7985
53.8083
53.8083
53.7985
53.78
53.7508
53.7271
53.9072
53.9287
53.9576
53.9753
53.9845
53.9845
53.9753
53.9576
53.9287
53.9072
53.9943
54.0053
54.0274
54.0396
54.046
54.046
54.0396
54.0274
54.0053
53.9943
54.0092
54.0058
54.0175
54.0222
54.0245
54.0245
54.0222
54.0175
54.0058
54.0092
53.9756
53.9574
53.9575
53.9545
53.9527
53.9527
53.9545
53.9575
53.9574
53.9756
53.9073
53.8762
53.8656
53.8559
53.8505
53.8505
53.8559
53.8656
53.8762
53.9073
53.8141
53.7749
53.756
53.7411
53.7331
53.7331
53.7411
53.756
53.7749
53.8141
53.7141
53.6691
53.6419
53.6224
53.6119
53.6119
53.6224
53.6419
53.6691
53.7141
53.6528
53.5637
53.5225
53.4955
53.4813
53.4813
53.4955
53.5225
53.5637
53.6528
50.2869
50.287
50.289
50.2891
50.2893
50.2893
50.2891
50.289
50.287
50.2869
50.3863
50.3901
50.3953
50.3976
50.3988
50.3988
50.3976
50.3953
50.3901
50.3863
50.4878
50.4931
50.5001
50.5032
50.5047
50.5047
50.5032
50.5001
50.4931
50.4878
50.557
50.5601
50.5661
50.5681
50.569
50.569
50.5681
50.5661
50.5601
50.557
50.5958
50.5946
50.5977
50.5974
50.597
50.597
50.5974
50.5977
50.5946
50.5958
50.6112
50.6046
50.6039
50.6009
50.5991
50.5991
50.6009
50.6039
50.6046
50.6112
50.6081
50.5963
50.5916
50.586
50.5828
50.5828
50.586
50.5916
50.5963
50.6081
50.5907
50.5753
50.5671
50.5594
50.5551
50.5551
50.5594
50.5671
50.5753
50.5907
50.5686
50.5498
50.5373
50.5272
50.5216
50.5216
50.5272
50.5373
50.5498
50.5686
50.5635
50.5215
50.5007
50.4864
50.4788
50.4788
50.4864
50.5007
50.5215
50.5635
46.9612
46.9643
46.968
46.9702
46.9714
46.9714
46.9702
46.968
46.9643
46.9612
47.0027
47.0075
47.0129
47.0162
47.018
47.018
47.0162
47.0129
47.0075
47.0027
47.045
47.051
47.0577
47.0617
47.0639
47.0639
47.0617
47.0577
47.051
47.045
47.077
47.0828
47.0897
47.0937
47.0958
47.0958
47.0937
47.0897
47.0828
47.077
47.0987
47.1033
47.1095
47.1128
47.1146
47.1146
47.1128
47.1095
47.1033
47.0987
47.1116
47.1144
47.1192
47.1215
47.1227
47.1227
47.1215
47.1192
47.1144
47.1116
47.1167
47.1174
47.1206
47.1218
47.1223
47.1223
47.1218
47.1206
47.1174
47.1167
47.1151
47.1143
47.1159
47.116
47.1159
47.1159
47.116
47.1159
47.1143
47.1151
47.1112
47.1085
47.1077
47.1063
47.1054
47.1054
47.1063
47.1077
47.1085
47.1112
47.1156
47.101
47.0951
47.0909
47.0887
47.0887
47.0909
47.0951
47.101
47.1156
43.7618
43.7622
43.7628
43.763
43.763
43.763
43.763
43.7628
43.7622
43.7618
43.7793
43.7806
43.782
43.7827
43.783
43.783
43.7827
43.782
43.7806
43.7793
43.7992
43.8013
43.8034
43.8045
43.8051
43.8051
43.8045
43.8034
43.8013
43.7992
43.8164
43.8189
43.8213
43.8226
43.8233
43.8233
43.8226
43.8213
43.8189
43.8164
43.8304
43.8327
43.8352
43.8365
43.8371
43.8371
43.8365
43.8352
43.8327
43.8304
43.8413
43.8433
43.8456
43.8466
43.847
43.847
43.8466
43.8456
43.8433
43.8413
43.8493
43.8508
43.8526
43.8533
43.8536
43.8536
43.8533
43.8526
43.8508
43.8493
43.8547
43.8558
43.8572
43.8575
43.8575
43.8576
43.8575
43.8572
43.8558
43.8547
43.8594
43.8597
43.8601
43.8598
43.8595
43.8595
43.8598
43.8601
43.8597
43.8594
43.8676
43.8626
43.8607
43.8591
43.8583
43.8583
43.8591
43.8607
43.8626
43.8676
40.5264
40.5269
40.5276
40.528
40.5282
40.5282
40.528
40.5276
40.5269
40.5264
40.5331
40.5341
40.535
40.5356
40.536
40.536
40.5356
40.535
40.5341
40.5331
40.5408
40.5421
40.5434
40.5443
40.5447
40.5447
40.5443
40.5434
40.5421
40.5408
40.5478
40.5494
40.551
40.5519
40.5524
40.5524
40.5519
40.551
40.5494
40.5478
40.554
40.5556
40.5573
40.5583
40.5589
40.5589
40.5583
40.5573
40.5556
40.554
40.5591
40.5608
40.5625
40.5634
40.5639
40.5639
40.5634
40.5625
40.5608
40.5591
40.5633
40.5648
40.5663
40.5672
40.5676
40.5676
40.5672
40.5663
40.5648
40.5633
40.5663
40.5677
40.5691
40.5698
40.5702
40.5702
40.5698
40.5691
40.5677
40.5663
40.5691
40.5701
40.5711
40.5715
40.5717
40.5717
40.5715
40.5711
40.5701
40.5691
40.5734
40.5721
40.5719
40.5717
40.5716
40.5716
40.5717
40.5719
40.5721
40.5734
37.298
37.2981
37.2983
37.2983
37.2983
37.2983
37.2983
37.2983
37.2981
37.298
37.3006
37.3008
37.3011
37.3013
37.3013
37.3013
37.3013
37.3011
37.3008
37.3006
37.3038
37.3043
37.3047
37.305
37.3051
37.3051
37.305
37.3047
37.3043
37.3038
37.3071
37.3077
37.3083
37.3087
37.3088
37.3088
37.3087
37.3083
37.3077
37.3071
37.3103
37.3111
37.3118
37.3122
37.3124
37.3124
37.3122
37.3118
37.3111
37.3103
37.3133
37.3142
37.3149
37.3153
37.3156
37.3156
37.3153
37.3149
37.3142
37.3133
37.3161
37.317
37.3178
37.3182
37.3184
37.3184
37.3182
37.3178
37.317
37.3161
37.3186
37.3195
37.3202
37.3206
37.3208
37.3208
37.3206
37.3202
37.3195
37.3186
37.321
37.3218
37.3224
37.3227
37.3229
37.3229
37.3227
37.3224
37.3218
37.321
37.3241
37.324
37.3242
37.3242
37.3242
37.3242
37.3242
37.3242
37.324
37.3241
34.059
34.0591
34.0592
34.0593
34.0593
34.0593
34.0593
34.0592
34.0591
34.059
34.0598
34.06
34.0601
34.0602
34.0603
34.0603
34.0602
34.0601
34.06
34.0598
34.0609
34.0611
34.0614
34.0615
34.0616
34.0616
34.0615
34.0614
34.0611
34.0609
34.0621
34.0625
34.0628
34.0629
34.0631
34.0631
34.0629
34.0628
34.0625
34.0621
34.0634
34.0638
34.0642
34.0644
34.0645
34.0645
34.0644
34.0642
34.0638
34.0634
34.0647
34.0651
34.0655
34.0658
34.0659
34.0659
34.0658
34.0655
34.0651
34.0647
34.0659
34.0664
34.0668
34.0671
34.0672
34.0672
34.0671
34.0668
34.0664
34.0659
34.067
34.0675
34.068
34.0682
34.0684
34.0684
34.0682
34.068
34.0675
34.067
34.0681
34.0686
34.069
34.0692
34.0693
34.0693
34.0692
34.069
34.0686
34.0681
34.0695
34.0696
34.0698
34.0699
34.07
34.07
34.0699
34.0698
34.0696
34.0695
30.8188
30.8188
30.8188
30.8188
30.8188
30.8188
30.8188
30.8188
30.8188
30.8188
30.819
30.8191
30.8191
30.8191
30.8191
30.8191
30.8191
30.8191
30.8191
30.819
30.8194
30.8195
30.8196
30.8196
30.8196
30.8196
30.8196
30.8196
30.8195
30.8194
30.8199
30.82
30.8201
30.8202
30.8202
30.8202
30.8202
30.8201
30.82
30.8199
30.8205
30.8207
30.8208
30.8209
30.8209
30.8209
30.8209
30.8208
30.8207
30.8205
30.8211
30.8214
30.8215
30.8216
30.8217
30.8217
30.8216
30.8215
30.8214
30.8211
30.8218
30.822
30.8222
30.8224
30.8224
30.8224
30.8224
30.8222
30.822
30.8218
30.8225
30.8227
30.8229
30.8231
30.8231
30.8231
30.8231
30.8229
30.8227
30.8225
30.8231
30.8234
30.8236
30.8237
30.8238
30.8238
30.8237
30.8236
30.8234
30.8231
30.8239
30.8241
30.8242
30.8243
30.8243
30.8243
30.8243
30.8242
30.8241
30.8239
27.5759
27.5759
27.5759
27.5759
27.5759
27.5759
27.5759
27.5759
27.5759
27.5759
27.5759
27.5759
27.5759
27.576
27.576
27.576
27.576
27.5759
27.5759
27.5759
27.576
27.576
27.5761
27.5761
27.5761
27.5761
27.5761
27.5761
27.576
27.576
27.5761
27.5762
27.5762
27.5763
27.5763
27.5763
27.5763
27.5762
27.5762
27.5761
27.5763
27.5764
27.5765
27.5765
27.5766
27.5766
27.5765
27.5765
27.5764
27.5763
27.5766
27.5767
27.5768
27.5768
27.5769
27.5769
27.5768
27.5768
27.5767
27.5766
27.5769
27.577
27.5771
27.5771
27.5772
27.5772
27.5771
27.5771
27.577
27.5769
27.5771
27.5773
27.5774
27.5774
27.5775
27.5775
27.5774
27.5774
27.5773
27.5771
27.5774
27.5775
27.5776
27.5777
27.5777
27.5777
27.5777
27.5776
27.5775
27.5774
27.5777
27.5778
27.5779
27.578
27.578
27.578
27.578
27.5779
27.5778
27.5777
24.3324
24.3324
24.3324
24.3324
24.3324
24.3324
24.3324
24.3324
24.3324
24.3324
24.3324
24.3324
24.3324
24.3324
24.3324
24.3324
24.3324
24.3324
24.3324
24.3324
24.3324
24.3324
24.3324
24.3324
24.3324
24.3324
24.3324
24.3324
24.3324
24.3324
24.3324
24.3324
24.3325
24.3325
24.3325
24.3325
24.3325
24.3325
24.3324
24.3324
24.3325
24.3325
24.3326
24.3326
24.3326
24.3326
24.3326
24.3326
24.3325
24.3325
24.3326
24.3327
24.3327
24.3327
24.3327
24.3327
24.3327
24.3327
24.3327
24.3326
24.3327
24.3328
24.3328
24.3329
24.3329
24.3329
24.3329
24.3328
24.3328
24.3327
24.3329
24.3329
24.333
24.333
24.333
24.333
24.333
24.333
24.3329
24.3329
24.333
24.3331
24.3331
24.3332
24.3332
24.3332
24.3332
24.3331
24.3331
24.333
24.3332
24.3332
24.3333
24.3333
24.3333
24.3333
24.3333
24.3333
24.3332
24.3332
21.0883
21.0883
21.0883
21.0883
21.0883
21.0883
21.0883
21.0883
21.0883
21.0883
21.0883
21.0883
21.0883
21.0883
21.0883
21.0883
21.0883
21.0883
21.0883
21.0883
21.0883
21.0883
21.0883
21.0883
21.0883
21.0883
21.0883
21.0883
21.0883
21.0883
21.0883
21.0883
21.0883
21.0883
21.0883
21.0883
21.0883
21.0883
21.0883
21.0883
21.0883
21.0883
21.0883
21.0883
21.0883
21.0883
21.0883
21.0883
21.0883
21.0883
21.0883
21.0883
21.0884
21.0884
21.0884
21.0884
21.0884
21.0884
21.0883
21.0883
21.0884
21.0884
21.0884
21.0884
21.0884
21.0884
21.0884
21.0884
21.0884
21.0884
21.0884
21.0884
21.0885
21.0885
21.0885
21.0885
21.0885
21.0885
21.0884
21.0884
21.0885
21.0885
21.0885
21.0885
21.0885
21.0885
21.0885
21.0885
21.0885
21.0885
21.0885
21.0886
21.0886
21.0886
21.0886
21.0886
21.0886
21.0886
21.0886
21.0885
17.8441
17.8441
17.8441
17.8441
17.8441
17.8441
17.8441
17.8441
17.8441
17.8441
17.844
17.844
17.844
17.844
17.844
17.844
17.844
17.844
17.844
17.844
17.844
17.844
17.844
17.844
17.844
17.844
17.844
17.844
17.844
17.844
17.844
17.844
17.844
17.844
17.844
17.844
17.844
17.844
17.844
17.844
17.844
17.844
17.844
17.844
17.844
17.844
17.844
17.844
17.844
17.844
17.8441
17.8441
17.8441
17.8441
17.8441
17.8441
17.8441
17.8441
17.8441
17.8441
17.8441
17.8441
17.8441
17.8441
17.8441
17.8441
17.8441
17.8441
17.8441
17.8441
17.8441
17.8441
17.8441
17.8441
17.8441
17.8441
17.8441
17.8441
17.8441
17.8441
17.8441
17.8441
17.8441
17.8442
17.8442
17.8442
17.8442
17.8441
17.8441
17.8441
17.8441
17.8442
17.8442
17.8442
17.8442
17.8442
17.8442
17.8442
17.8442
17.8441
14.5997
14.5997
14.5997
14.5997
14.5997
14.5997
14.5997
14.5997
14.5997
14.5997
14.5997
14.5997
14.5997
14.5997
14.5997
14.5997
14.5997
14.5997
14.5997
14.5997
14.5997
14.5997
14.5997
14.5997
14.5997
14.5997
14.5997
14.5997
14.5997
14.5997
14.5997
14.5997
14.5997
14.5997
14.5997
14.5997
14.5997
14.5997
14.5997
14.5997
14.5997
14.5997
14.5997
14.5997
14.5997
14.5997
14.5997
14.5997
14.5997
14.5997
14.5997
14.5997
14.5997
14.5997
14.5997
14.5997
14.5997
14.5997
14.5997
14.5997
14.5997
14.5997
14.5997
14.5997
14.5997
14.5997
14.5997
14.5997
14.5997
14.5997
14.5997
14.5997
14.5997
14.5997
14.5997
14.5997
14.5997
14.5997
14.5997
14.5997
14.5997
14.5997
14.5997
14.5997
14.5997
14.5997
14.5997
14.5997
14.5997
14.5997
14.5997
14.5997
14.5997
14.5997
14.5997
14.5997
14.5997
14.5997
14.5997
14.5997
11.3554
11.3554
11.3554
11.3554
11.3554
11.3554
11.3554
11.3554
11.3554
11.3554
11.3553
11.3553
11.3553
11.3553
11.3553
11.3553
11.3553
11.3553
11.3553
11.3553
11.3553
11.3553
11.3553
11.3553
11.3553
11.3553
11.3553
11.3553
11.3553
11.3553
11.3553
11.3553
11.3553
11.3553
11.3553
11.3553
11.3553
11.3553
11.3553
11.3553
11.3553
11.3553
11.3553
11.3553
11.3553
11.3553
11.3553
11.3553
11.3553
11.3553
11.3553
11.3553
11.3553
11.3553
11.3553
11.3553
11.3553
11.3553
11.3553
11.3553
11.3553
11.3553
11.3553
11.3553
11.3553
11.3553
11.3553
11.3553
11.3553
11.3553
11.3553
11.3553
11.3553
11.3553
11.3553
11.3553
11.3553
11.3553
11.3553
11.3553
11.3553
11.3554
11.3554
11.3554
11.3554
11.3554
11.3554
11.3554
11.3554
11.3553
11.3554
11.3554
11.3554
11.3554
11.3554
11.3554
11.3554
11.3554
11.3554
11.3554
8.11097
8.11097
8.11097
8.11097
8.11097
8.11097
8.11097
8.11097
8.11097
8.11097
8.11097
8.11097
8.11097
8.11097
8.11097
8.11097
8.11097
8.11097
8.11097
8.11097
8.11096
8.11096
8.11096
8.11096
8.11096
8.11096
8.11096
8.11096
8.11096
8.11096
8.11096
8.11096
8.11096
8.11096
8.11096
8.11096
8.11096
8.11096
8.11096
8.11096
8.11096
8.11096
8.11096
8.11096
8.11096
8.11096
8.11096
8.11096
8.11096
8.11096
8.11096
8.11096
8.11096
8.11096
8.11096
8.11096
8.11096
8.11096
8.11096
8.11096
8.11096
8.11096
8.11096
8.11096
8.11096
8.11096
8.11096
8.11096
8.11096
8.11096
8.11096
8.11096
8.11096
8.11096
8.11096
8.11096
8.11096
8.11096
8.11096
8.11096
8.11096
8.11096
8.11096
8.11096
8.11096
8.11096
8.11096
8.11096
8.11096
8.11096
8.11096
8.11096
8.11096
8.11097
8.11097
8.11097
8.11097
8.11096
8.11096
8.11096
4.86658
4.86658
4.86658
4.86658
4.86658
4.86658
4.86658
4.86658
4.86658
4.86658
4.86658
4.86658
4.86658
4.86658
4.86658
4.86658
4.86658
4.86658
4.86658
4.86658
4.86658
4.86658
4.86658
4.86658
4.86658
4.86658
4.86658
4.86658
4.86658
4.86658
4.86658
4.86658
4.86658
4.86658
4.86658
4.86658
4.86658
4.86658
4.86658
4.86658
4.86658
4.86658
4.86658
4.86658
4.86658
4.86658
4.86658
4.86658
4.86658
4.86658
4.86658
4.86658
4.86658
4.86658
4.86658
4.86658
4.86658
4.86658
4.86658
4.86658
4.86658
4.86658
4.86658
4.86658
4.86658
4.86658
4.86658
4.86658
4.86658
4.86658
4.86658
4.86658
4.86658
4.86658
4.86658
4.86658
4.86658
4.86658
4.86658
4.86658
4.86658
4.86658
4.86658
4.86658
4.86658
4.86658
4.86658
4.86658
4.86658
4.86658
4.86658
4.86658
4.86658
4.86658
4.86658
4.86658
4.86658
4.86658
4.86658
4.86658
1.6222
1.6222
1.6222
1.6222
1.6222
1.6222
1.6222
1.6222
1.6222
1.6222
1.62219
1.62219
1.62219
1.62219
1.62219
1.62219
1.62219
1.62219
1.62219
1.62219
1.62219
1.62219
1.62219
1.62219
1.62219
1.62219
1.62219
1.62219
1.62219
1.62219
1.62219
1.62219
1.62219
1.62219
1.62219
1.62219
1.62219
1.62219
1.62219
1.62219
1.62219
1.62219
1.62219
1.62219
1.62219
1.62219
1.62219
1.62219
1.62219
1.62219
1.62219
1.62219
1.62219
1.62219
1.62219
1.62219
1.62219
1.62219
1.62219
1.62219
1.62219
1.62219
1.62219
1.62219
1.62219
1.62219
1.62219
1.62219
1.62219
1.62219
1.62219
1.62219
1.62219
1.62219
1.62219
1.62219
1.62219
1.62219
1.62219
1.62219
1.62219
1.62219
1.62219
1.62219
1.62219
1.62219
1.62219
1.62219
1.62219
1.62219
1.62219
1.62219
1.62219
1.62219
1.62219
1.62219
1.62219
1.62219
1.62219
1.62219
99.0645
98.4793
98.1117
97.8431
97.7038
97.7038
97.8431
98.1117
98.4793
99.0645
89.8772
89.0227
88.4599
88.0621
87.8571
87.8571
88.0621
88.4599
89.0227
89.8772
82.2495
81.2663
80.6246
80.1774
79.9481
79.9481
80.1775
80.6246
81.2663
82.2495
76.9831
75.973
75.3222
74.8755
74.6466
74.6466
74.8755
75.3222
75.973
76.9831
73.0314
72.0286
71.3858
70.9532
70.7317
70.7317
70.9532
71.3858
72.0286
73.0314
69.8308
68.8552
68.2284
67.8169
67.6066
67.6066
67.8169
68.2284
68.8552
69.8308
67.191
66.2636
65.6624
65.2783
65.0827
65.0827
65.2783
65.6624
66.2636
67.191
65.0048
64.1492
63.586
63.2347
63.0566
63.0566
63.2347
63.586
64.1492
65.0048
63.1917
62.4242
61.9117
61.5981
61.4393
61.4393
61.5981
61.9117
62.4242
63.1917
61.7722
61.0048
60.5515
60.2758
60.1361
60.1361
60.2758
60.5515
61.0048
61.7722
62.8809
63.0547
63.2439
63.3715
63.4375
63.4375
63.3715
63.2439
63.0547
62.8809
63.3068
63.4021
63.5296
63.6114
63.6533
63.6533
63.6114
63.5296
63.4021
63.3068
63.2841
63.2813
63.3344
63.3629
63.377
63.377
63.3629
63.3344
63.2813
63.2841
62.8717
62.7782
62.7628
62.7443
62.7342
62.7342
62.7443
62.7628
62.7782
62.8717
62.2735
62.1055
62.0319
61.9757
61.9461
61.9461
61.9757
62.0319
62.1055
62.2735
61.5993
61.3752
61.2544
61.1699
61.1259
61.1259
61.1699
61.2544
61.3752
61.5993
60.9042
60.6444
60.4896
60.3867
60.3334
60.3334
60.3867
60.4896
60.6444
60.9042
60.2201
59.9484
59.7751
59.6636
59.6061
59.6061
59.6636
59.7751
59.9484
60.2201
59.583
59.3155
59.1357
59.0227
58.9641
58.9641
59.0227
59.1357
59.3155
59.583
59.0967
58.7467
58.5619
58.4482
58.3891
58.3891
58.4482
58.5619
58.7467
59.0967
58.2481
58.2337
58.2355
58.232
58.2305
58.2305
58.232
58.2355
58.2337
58.2481
58.6622
58.6456
58.6468
58.6417
58.639
58.639
58.6417
58.6468
58.6456
58.6622
59.0052
58.97
58.9597
58.9448
58.9368
58.9368
58.9448
58.9597
58.97
59.0052
59.0593
58.9906
58.9581
58.9271
58.9106
58.9106
58.9271
58.9581
58.9906
59.0593
58.9149
58.8108
58.7539
58.7068
58.6819
58.6819
58.7068
58.7539
58.8109
58.9149
58.6672
58.5325
58.453
58.3926
58.3607
58.3607
58.3926
58.453
58.5325
58.6672
58.3648
58.2077
58.11
58.04
58.0034
58.0034
58.04
58.11
58.2077
58.3648
58.0347
57.8673
57.7582
57.6833
57.6442
57.6442
57.6833
57.7582
57.8673
58.0347
57.71
57.5399
57.4235
57.3463
57.3059
57.3059
57.3463
57.4235
57.5399
57.71
57.4662
57.2316
57.1045
57.0235
56.9813
56.9813
57.0235
57.1045
57.2316
57.4662
53.5151
53.535
53.5602
53.5762
53.5848
53.5848
53.5762
53.5602
53.535
53.5151
53.7271
53.7508
53.78
53.7985
53.8083
53.8083
53.7985
53.78
53.7508
53.7271
53.9072
53.9287
53.9576
53.9753
53.9845
53.9845
53.9753
53.9576
53.9287
53.9072
53.9943
54.0053
54.0274
54.0396
54.046
54.046
54.0396
54.0274
54.0053
53.9943
54.0092
54.0058
54.0175
54.0222
54.0245
54.0245
54.0222
54.0175
54.0058
54.0092
53.9756
53.9574
53.9575
53.9545
53.9527
53.9527
53.9545
53.9575
53.9574
53.9756
53.9073
53.8762
53.8656
53.8559
53.8505
53.8505
53.8559
53.8656
53.8762
53.9073
53.8141
53.7749
53.756
53.7411
53.7331
53.7331
53.7411
53.756
53.7749
53.8141
53.7141
53.6691
53.6419
53.6224
53.6119
53.6119
53.6224
53.6419
53.6691
53.7141
53.6528
53.5637
53.5225
53.4955
53.4813
53.4813
53.4955
53.5225
53.5637
53.6528
50.2869
50.287
50.289
50.2891
50.2893
50.2893
50.2891
50.289
50.287
50.2869
50.3863
50.3901
50.3953
50.3976
50.3988
50.3988
50.3976
50.3953
50.3901
50.3863
50.4878
50.4931
50.5001
50.5032
50.5047
50.5047
50.5032
50.5001
50.4931
50.4878
50.557
50.5601
50.5661
50.5681
50.569
50.569
50.5681
50.5661
50.5601
50.557
50.5958
50.5946
50.5977
50.5974
50.597
50.597
50.5974
50.5977
50.5946
50.5958
50.6112
50.6046
50.6039
50.6009
50.5991
50.5991
50.6009
50.6039
50.6046
50.6112
50.6081
50.5963
50.5916
50.586
50.5828
50.5828
50.586
50.5916
50.5963
50.6081
50.5907
50.5753
50.5671
50.5594
50.5551
50.5551
50.5594
50.5671
50.5753
50.5907
50.5686
50.5498
50.5373
50.5272
50.5216
50.5216
50.5272
50.5373
50.5498
50.5686
50.5635
50.5215
50.5007
50.4864
50.4788
50.4788
50.4864
50.5007
50.5215
50.5635
46.9612
46.9643
46.968
46.9702
46.9714
46.9714
46.9702
46.968
46.9643
46.9612
47.0027
47.0075
47.0129
47.0162
47.018
47.018
47.0162
47.0129
47.0075
47.0027
47.045
47.051
47.0577
47.0617
47.0639
47.0639
47.0617
47.0577
47.051
47.045
47.077
47.0828
47.0897
47.0937
47.0958
47.0958
47.0937
47.0897
47.0828
47.077
47.0987
47.1033
47.1095
47.1128
47.1146
47.1146
47.1128
47.1095
47.1033
47.0987
47.1116
47.1144
47.1192
47.1215
47.1227
47.1227
47.1215
47.1192
47.1144
47.1116
47.1167
47.1174
47.1206
47.1218
47.1223
47.1223
47.1218
47.1206
47.1174
47.1167
47.1151
47.1143
47.1159
47.116
47.1159
47.1159
47.116
47.1159
47.1143
47.1151
47.1112
47.1085
47.1077
47.1063
47.1054
47.1054
47.1063
47.1077
47.1085
47.1112
47.1156
47.101
47.0951
47.0909
47.0887
47.0887
47.0909
47.0951
47.101
47.1156
43.7618
43.7622
43.7628
43.763
43.763
43.763
43.763
43.7628
43.7622
43.7618
43.7793
43.7806
43.782
43.7827
43.783
43.783
43.7827
43.782
43.7806
43.7793
43.7992
43.8013
43.8034
43.8045
43.8051
43.8051
43.8045
43.8034
43.8013
43.7992
43.8164
43.8189
43.8213
43.8226
43.8233
43.8233
43.8226
43.8213
43.8189
43.8164
43.8304
43.8327
43.8353
43.8365
43.8371
43.8371
43.8365
43.8353
43.8327
43.8304
43.8413
43.8433
43.8456
43.8466
43.847
43.847
43.8466
43.8456
43.8433
43.8413
43.8493
43.8508
43.8527
43.8533
43.8536
43.8536
43.8533
43.8527
43.8508
43.8493
43.8547
43.8558
43.8572
43.8575
43.8576
43.8576
43.8575
43.8572
43.8558
43.8547
43.8594
43.8597
43.8601
43.8598
43.8595
43.8595
43.8598
43.8601
43.8597
43.8594
43.8676
43.8626
43.8607
43.8591
43.8583
43.8583
43.8591
43.8607
43.8626
43.8676
40.5264
40.5269
40.5276
40.528
40.5282
40.5282
40.528
40.5276
40.5269
40.5264
40.5331
40.5341
40.535
40.5356
40.536
40.536
40.5356
40.535
40.5341
40.5331
40.5408
40.5421
40.5434
40.5443
40.5447
40.5447
40.5443
40.5434
40.5421
40.5408
40.5478
40.5494
40.551
40.5519
40.5524
40.5524
40.5519
40.551
40.5494
40.5478
40.554
40.5556
40.5573
40.5583
40.5589
40.5589
40.5583
40.5573
40.5556
40.554
40.5591
40.5608
40.5625
40.5634
40.5639
40.5639
40.5634
40.5625
40.5608
40.5591
40.5633
40.5648
40.5663
40.5672
40.5676
40.5676
40.5672
40.5663
40.5648
40.5633
40.5663
40.5677
40.5691
40.5698
40.5702
40.5702
40.5698
40.5691
40.5677
40.5663
40.5691
40.5701
40.5711
40.5715
40.5717
40.5717
40.5715
40.5711
40.5701
40.5691
40.5734
40.5721
40.5719
40.5717
40.5716
40.5716
40.5717
40.5719
40.5721
40.5734
37.298
37.2981
37.2983
37.2983
37.2983
37.2983
37.2983
37.2983
37.2981
37.298
37.3006
37.3008
37.3011
37.3013
37.3013
37.3013
37.3013
37.3011
37.3008
37.3006
37.3038
37.3043
37.3047
37.305
37.3051
37.3051
37.305
37.3047
37.3043
37.3038
37.3071
37.3077
37.3083
37.3087
37.3088
37.3088
37.3087
37.3083
37.3077
37.3071
37.3103
37.3111
37.3118
37.3122
37.3124
37.3124
37.3122
37.3118
37.3111
37.3103
37.3133
37.3142
37.3149
37.3153
37.3156
37.3156
37.3154
37.3149
37.3142
37.3133
37.3161
37.317
37.3178
37.3182
37.3184
37.3184
37.3182
37.3178
37.317
37.3161
37.3186
37.3195
37.3202
37.3206
37.3208
37.3208
37.3206
37.3202
37.3195
37.3186
37.321
37.3218
37.3224
37.3227
37.3229
37.3229
37.3227
37.3224
37.3218
37.321
37.3241
37.324
37.3242
37.3242
37.3242
37.3242
37.3242
37.3242
37.324
37.3241
34.059
34.0591
34.0592
34.0593
34.0593
34.0593
34.0593
34.0592
34.0591
34.059
34.0598
34.06
34.0601
34.0602
34.0603
34.0603
34.0602
34.0601
34.06
34.0598
34.0609
34.0611
34.0614
34.0615
34.0616
34.0616
34.0615
34.0614
34.0611
34.0609
34.0621
34.0625
34.0628
34.0629
34.0631
34.0631
34.0629
34.0628
34.0625
34.0621
34.0634
34.0638
34.0642
34.0644
34.0645
34.0645
34.0644
34.0642
34.0638
34.0634
34.0647
34.0651
34.0655
34.0658
34.0659
34.0659
34.0658
34.0655
34.0651
34.0647
34.0659
34.0664
34.0668
34.0671
34.0672
34.0672
34.0671
34.0668
34.0664
34.0659
34.067
34.0675
34.068
34.0682
34.0684
34.0684
34.0682
34.068
34.0675
34.067
34.0681
34.0686
34.069
34.0692
34.0693
34.0693
34.0692
34.069
34.0686
34.0681
34.0695
34.0696
34.0698
34.0699
34.07
34.07
34.0699
34.0698
34.0696
34.0695
30.8188
30.8188
30.8188
30.8188
30.8188
30.8188
30.8188
30.8188
30.8188
30.8188
30.819
30.8191
30.8191
30.8191
30.8191
30.8191
30.8191
30.8191
30.8191
30.819
30.8194
30.8195
30.8196
30.8196
30.8196
30.8196
30.8196
30.8196
30.8195
30.8194
30.8199
30.82
30.8201
30.8202
30.8202
30.8202
30.8202
30.8201
30.82
30.8199
30.8205
30.8207
30.8208
30.8209
30.8209
30.8209
30.8209
30.8208
30.8207
30.8205
30.8211
30.8214
30.8215
30.8216
30.8217
30.8217
30.8216
30.8215
30.8214
30.8211
30.8218
30.822
30.8222
30.8224
30.8224
30.8224
30.8224
30.8222
30.822
30.8218
30.8225
30.8227
30.8229
30.8231
30.8231
30.8231
30.8231
30.8229
30.8227
30.8225
30.8231
30.8234
30.8236
30.8237
30.8238
30.8238
30.8237
30.8236
30.8234
30.8231
30.8239
30.8241
30.8242
30.8243
30.8243
30.8243
30.8243
30.8242
30.8241
30.8239
27.5759
27.5759
27.5759
27.5759
27.5759
27.5759
27.5759
27.5759
27.5759
27.5759
27.5759
27.5759
27.5759
27.576
27.576
27.576
27.576
27.5759
27.5759
27.5759
27.576
27.576
27.5761
27.5761
27.5761
27.5761
27.5761
27.5761
27.576
27.576
27.5761
27.5762
27.5762
27.5763
27.5763
27.5763
27.5763
27.5762
27.5762
27.5761
27.5763
27.5764
27.5765
27.5765
27.5766
27.5766
27.5765
27.5765
27.5764
27.5763
27.5766
27.5767
27.5768
27.5768
27.5769
27.5769
27.5768
27.5768
27.5767
27.5766
27.5769
27.577
27.5771
27.5771
27.5772
27.5772
27.5771
27.5771
27.577
27.5769
27.5771
27.5773
27.5774
27.5774
27.5775
27.5775
27.5774
27.5774
27.5773
27.5771
27.5774
27.5775
27.5776
27.5777
27.5777
27.5777
27.5777
27.5776
27.5775
27.5774
27.5777
27.5778
27.5779
27.578
27.578
27.578
27.578
27.5779
27.5778
27.5777
24.3324
24.3324
24.3324
24.3324
24.3324
24.3324
24.3324
24.3324
24.3324
24.3324
24.3324
24.3324
24.3324
24.3324
24.3324
24.3324
24.3324
24.3324
24.3324
24.3324
24.3324
24.3324
24.3324
24.3324
24.3324
24.3324
24.3324
24.3324
24.3324
24.3324
24.3324
24.3324
24.3325
24.3325
24.3325
24.3325
24.3325
24.3325
24.3324
24.3324
24.3325
24.3325
24.3326
24.3326
24.3326
24.3326
24.3326
24.3326
24.3325
24.3325
24.3326
24.3327
24.3327
24.3327
24.3327
24.3327
24.3327
24.3327
24.3327
24.3326
24.3327
24.3328
24.3328
24.3329
24.3329
24.3329
24.3329
24.3328
24.3328
24.3327
24.3329
24.3329
24.333
24.333
24.333
24.333
24.333
24.333
24.3329
24.3329
24.333
24.3331
24.3331
24.3332
24.3332
24.3332
24.3332
24.3331
24.3331
24.333
24.3332
24.3332
24.3333
24.3333
24.3333
24.3333
24.3333
24.3333
24.3332
24.3332
21.0883
21.0883
21.0883
21.0883
21.0883
21.0883
21.0883
21.0883
21.0883
21.0883
21.0883
21.0883
21.0883
21.0883
21.0883
21.0883
21.0883
21.0883
21.0883
21.0883
21.0883
21.0883
21.0883
21.0883
21.0883
21.0883
21.0883
21.0883
21.0883
21.0883
21.0883
21.0883
21.0883
21.0883
21.0883
21.0883
21.0883
21.0883
21.0883
21.0883
21.0883
21.0883
21.0883
21.0883
21.0883
21.0883
21.0883
21.0883
21.0883
21.0883
21.0883
21.0883
21.0884
21.0884
21.0884
21.0884
21.0884
21.0884
21.0883
21.0883
21.0884
21.0884
21.0884
21.0884
21.0884
21.0884
21.0884
21.0884
21.0884
21.0884
21.0884
21.0884
21.0885
21.0885
21.0885
21.0885
21.0885
21.0885
21.0884
21.0884
21.0885
21.0885
21.0885
21.0885
21.0885
21.0885
21.0885
21.0885
21.0885
21.0885
21.0885
21.0886
21.0886
21.0886
21.0886
21.0886
21.0886
21.0886
21.0886
21.0885
17.8441
17.8441
17.8441
17.8441
17.8441
17.8441
17.8441
17.8441
17.8441
17.8441
17.844
17.844
17.844
17.844
17.844
17.844
17.844
17.844
17.844
17.844
17.844
17.844
17.844
17.844
17.844
17.844
17.844
17.844
17.844
17.844
17.844
17.844
17.844
17.844
17.844
17.844
17.844
17.844
17.844
17.844
17.844
17.844
17.844
17.844
17.844
17.844
17.844
17.844
17.844
17.844
17.8441
17.8441
17.8441
17.8441
17.8441
17.8441
17.8441
17.8441
17.8441
17.8441
17.8441
17.8441
17.8441
17.8441
17.8441
17.8441
17.8441
17.8441
17.8441
17.8441
17.8441
17.8441
17.8441
17.8441
17.8441
17.8441
17.8441
17.8441
17.8441
17.8441
17.8441
17.8441
17.8441
17.8442
17.8442
17.8442
17.8442
17.8441
17.8441
17.8441
17.8441
17.8442
17.8442
17.8442
17.8442
17.8442
17.8442
17.8442
17.8442
17.8441
14.5997
14.5997
14.5997
14.5997
14.5997
14.5997
14.5997
14.5997
14.5997
14.5997
14.5997
14.5997
14.5997
14.5997
14.5997
14.5997
14.5997
14.5997
14.5997
14.5997
14.5997
14.5997
14.5997
14.5997
14.5997
14.5997
14.5997
14.5997
14.5997
14.5997
14.5997
14.5997
14.5997
14.5997
14.5997
14.5997
14.5997
14.5997
14.5997
14.5997
14.5997
14.5997
14.5997
14.5997
14.5997
14.5997
14.5997
14.5997
14.5997
14.5997
14.5997
14.5997
14.5997
14.5997
14.5997
14.5997
14.5997
14.5997
14.5997
14.5997
14.5997
14.5997
14.5997
14.5997
14.5997
14.5997
14.5997
14.5997
14.5997
14.5997
14.5997
14.5997
14.5997
14.5997
14.5997
14.5997
14.5997
14.5997
14.5997
14.5997
14.5997
14.5997
14.5997
14.5997
14.5997
14.5997
14.5997
14.5997
14.5997
14.5997
14.5997
14.5997
14.5997
14.5997
14.5997
14.5997
14.5997
14.5997
14.5997
14.5997
11.3554
11.3554
11.3554
11.3554
11.3554
11.3554
11.3554
11.3554
11.3554
11.3554
11.3553
11.3553
11.3553
11.3553
11.3553
11.3553
11.3553
11.3553
11.3553
11.3553
11.3553
11.3553
11.3553
11.3553
11.3553
11.3553
11.3553
11.3553
11.3553
11.3553
11.3553
11.3553
11.3553
11.3553
11.3553
11.3553
11.3553
11.3553
11.3553
11.3553
11.3553
11.3553
11.3553
11.3553
11.3553
11.3553
11.3553
11.3553
11.3553
11.3553
11.3553
11.3553
11.3553
11.3553
11.3553
11.3553
11.3553
11.3553
11.3553
11.3553
11.3553
11.3553
11.3553
11.3553
11.3553
11.3553
11.3553
11.3553
11.3553
11.3553
11.3553
11.3553
11.3553
11.3553
11.3553
11.3553
11.3553
11.3553
11.3553
11.3553
11.3553
11.3554
11.3554
11.3554
11.3554
11.3554
11.3554
11.3554
11.3554
11.3553
11.3554
11.3554
11.3554
11.3554
11.3554
11.3554
11.3554
11.3554
11.3554
11.3554
8.11097
8.11097
8.11097
8.11097
8.11097
8.11097
8.11097
8.11097
8.11097
8.11097
8.11097
8.11097
8.11097
8.11097
8.11097
8.11097
8.11097
8.11097
8.11097
8.11097
8.11096
8.11096
8.11096
8.11096
8.11096
8.11096
8.11096
8.11096
8.11096
8.11096
8.11096
8.11096
8.11096
8.11096
8.11096
8.11096
8.11096
8.11096
8.11096
8.11096
8.11096
8.11096
8.11096
8.11096
8.11096
8.11096
8.11096
8.11096
8.11096
8.11096
8.11096
8.11096
8.11096
8.11096
8.11096
8.11096
8.11096
8.11096
8.11096
8.11096
8.11096
8.11096
8.11096
8.11096
8.11096
8.11096
8.11096
8.11096
8.11096
8.11096
8.11096
8.11096
8.11096
8.11096
8.11096
8.11096
8.11096
8.11096
8.11096
8.11096
8.11096
8.11096
8.11096
8.11096
8.11096
8.11096
8.11096
8.11096
8.11096
8.11096
8.11096
8.11096
8.11096
8.11097
8.11097
8.11097
8.11096
8.11096
8.11096
8.11096
4.86658
4.86658
4.86658
4.86658
4.86658
4.86658
4.86658
4.86658
4.86658
4.86658
4.86658
4.86658
4.86658
4.86658
4.86658
4.86658
4.86658
4.86658
4.86658
4.86658
4.86658
4.86658
4.86658
4.86658
4.86658
4.86658
4.86658
4.86658
4.86658
4.86658
4.86658
4.86658
4.86658
4.86658
4.86658
4.86658
4.86658
4.86658
4.86658
4.86658
4.86658
4.86658
4.86658
4.86658
4.86658
4.86658
4.86658
4.86658
4.86658
4.86658
4.86658
4.86658
4.86658
4.86658
4.86658
4.86658
4.86658
4.86658
4.86658
4.86658
4.86658
4.86658
4.86658
4.86658
4.86658
4.86658
4.86658
4.86658
4.86658
4.86658
4.86658
4.86658
4.86658
4.86658
4.86658
4.86658
4.86658
4.86658
4.86658
4.86658
4.86658
4.86658
4.86658
4.86658
4.86658
4.86658
4.86658
4.86658
4.86658
4.86658
4.86658
4.86658
4.86658
4.86658
4.86658
4.86658
4.86658
4.86658
4.86658
4.86658
1.6222
1.6222
1.6222
1.6222
1.6222
1.6222
1.6222
1.6222
1.6222
1.6222
1.62219
1.62219
1.62219
1.62219
1.62219
1.62219
1.62219
1.62219
1.62219
1.62219
1.62219
1.62219
1.62219
1.62219
1.62219
1.62219
1.62219
1.62219
1.62219
1.62219
1.62219
1.62219
1.62219
1.62219
1.62219
1.62219
1.62219
1.62219
1.62219
1.62219
1.62219
1.62219
1.62219
1.62219
1.62219
1.62219
1.62219
1.62219
1.62219
1.62219
1.62219
1.62219
1.62219
1.62219
1.62219
1.62219
1.62219
1.62219
1.62219
1.62219
1.62219
1.62219
1.62219
1.62219
1.62219
1.62219
1.62219
1.62219
1.62219
1.62219
1.62219
1.62219
1.62219
1.62219
1.62219
1.62219
1.62219
1.62219
1.62219
1.62219
1.62219
1.62219
1.62219
1.62219
1.62219
1.62219
1.62219
1.62219
1.62219
1.62219
1.62219
1.62219
1.62219
1.62219
1.62219
1.62219
1.62219
1.62219
1.62219
1.62219
99.0645
98.4793
98.1117
97.8431
97.7038
97.7038
97.8431
98.1117
98.4793
99.0645
89.8772
89.0227
88.4599
88.0621
87.8571
87.8571
88.0621
88.4599
89.0227
89.8772
82.2495
81.2663
80.6246
80.1775
79.9481
79.9481
80.1774
80.6246
81.2663
82.2495
76.9831
75.973
75.3222
74.8755
74.6466
74.6466
74.8755
75.3222
75.973
76.9831
73.0314
72.0286
71.3858
70.9532
70.7317
70.7317
70.9532
71.3858
72.0286
73.0314
69.8308
68.8552
68.2284
67.8169
67.6066
67.6066
67.8169
68.2284
68.8552
69.8308
67.191
66.2636
65.6624
65.2783
65.0827
65.0827
65.2783
65.6624
66.2636
67.191
65.0048
64.1492
63.586
63.2347
63.0566
63.0566
63.2347
63.586
64.1492
65.0048
63.1917
62.4242
61.9117
61.5981
61.4393
61.4393
61.5981
61.9117
62.4242
63.1917
61.7722
61.0048
60.5515
60.2758
60.1361
60.1361
60.2758
60.5515
61.0048
61.7722
62.8809
63.0547
63.2439
63.3715
63.4375
63.4375
63.3715
63.2439
63.0547
62.8809
63.3068
63.4021
63.5296
63.6114
63.6533
63.6533
63.6114
63.5296
63.4021
63.3068
63.2841
63.2813
63.3344
63.3629
63.377
63.377
63.3629
63.3344
63.2813
63.2841
62.8717
62.7782
62.7628
62.7443
62.7342
62.7342
62.7443
62.7628
62.7782
62.8717
62.2735
62.1055
62.0319
61.9757
61.9461
61.9461
61.9757
62.0319
62.1055
62.2735
61.5993
61.3752
61.2544
61.1699
61.1259
61.1259
61.1699
61.2544
61.3752
61.5993
60.9042
60.6444
60.4896
60.3867
60.3334
60.3334
60.3867
60.4896
60.6444
60.9042
60.2201
59.9484
59.7751
59.6636
59.6061
59.6061
59.6636
59.7751
59.9484
60.2201
59.583
59.3155
59.1357
59.0227
58.9641
58.9641
59.0227
59.1357
59.3155
59.583
59.0967
58.7467
58.5619
58.4482
58.3891
58.3891
58.4482
58.5619
58.7467
59.0967
58.2481
58.2337
58.2355
58.232
58.2305
58.2305
58.232
58.2355
58.2337
58.2481
58.6622
58.6456
58.6468
58.6417
58.639
58.639
58.6417
58.6468
58.6456
58.6622
59.0052
58.97
58.9597
58.9448
58.9368
58.9368
58.9448
58.9597
58.97
59.0052
59.0593
58.9906
58.9581
58.9271
58.9106
58.9106
58.9271
58.9581
58.9906
59.0593
58.9149
58.8109
58.7539
58.7068
58.6819
58.6819
58.7068
58.7539
58.8108
58.9149
58.6672
58.5325
58.453
58.3926
58.3607
58.3607
58.3926
58.453
58.5325
58.6672
58.3648
58.2077
58.11
58.04
58.0034
58.0034
58.04
58.11
58.2077
58.3648
58.0347
57.8673
57.7582
57.6833
57.6442
57.6442
57.6833
57.7582
57.8673
58.0347
57.71
57.5399
57.4235
57.3463
57.3059
57.3059
57.3463
57.4235
57.5399
57.71
57.4662
57.2316
57.1045
57.0235
56.9813
56.9813
57.0235
57.1045
57.2316
57.4662
53.5151
53.535
53.5602
53.5762
53.5848
53.5848
53.5762
53.5602
53.535
53.5151
53.7271
53.7508
53.78
53.7985
53.8083
53.8083
53.7985
53.78
53.7508
53.7271
53.9072
53.9287
53.9576
53.9753
53.9845
53.9845
53.9753
53.9576
53.9287
53.9072
53.9943
54.0053
54.0274
54.0396
54.046
54.046
54.0396
54.0274
54.0053
53.9943
54.0092
54.0058
54.0175
54.0222
54.0245
54.0245
54.0222
54.0175
54.0058
54.0092
53.9756
53.9574
53.9575
53.9545
53.9527
53.9527
53.9545
53.9575
53.9574
53.9756
53.9073
53.8762
53.8656
53.8559
53.8505
53.8505
53.8559
53.8656
53.8762
53.9073
53.8141
53.7749
53.756
53.7411
53.7331
53.7331
53.7411
53.756
53.7749
53.8141
53.7141
53.6691
53.6419
53.6224
53.6119
53.6119
53.6224
53.6419
53.6691
53.7141
53.6528
53.5637
53.5225
53.4955
53.4813
53.4813
53.4955
53.5225
53.5637
53.6528
50.2869
50.287
50.289
50.2891
50.2893
50.2893
50.2891
50.289
50.287
50.2869
50.3863
50.3901
50.3953
50.3976
50.3988
50.3988
50.3976
50.3953
50.3901
50.3863
50.4878
50.4931
50.5001
50.5032
50.5047
50.5047
50.5032
50.5001
50.4931
50.4878
50.557
50.5601
50.5661
50.5681
50.569
50.569
50.5681
50.5661
50.5601
50.557
50.5958
50.5946
50.5977
50.5974
50.597
50.597
50.5974
50.5977
50.5946
50.5958
50.6112
50.6046
50.6039
50.6009
50.5991
50.5991
50.6009
50.6039
50.6046
50.6112
50.6081
50.5963
50.5916
50.586
50.5828
50.5828
50.586
50.5916
50.5963
50.6081
50.5907
50.5753
50.5671
50.5594
50.5551
50.5551
50.5594
50.5671
50.5753
50.5907
50.5686
50.5498
50.5373
50.5272
50.5216
50.5216
50.5272
50.5373
50.5498
50.5686
50.5635
50.5215
50.5007
50.4864
50.4788
50.4788
50.4864
50.5007
50.5215
50.5635
46.9612
46.9643
46.968
46.9702
46.9714
46.9714
46.9702
46.968
46.9643
46.9612
47.0027
47.0075
47.0129
47.0162
47.018
47.018
47.0162
47.0129
47.0075
47.0027
47.045
47.051
47.0577
47.0617
47.0639
47.0639
47.0617
47.0577
47.051
47.045
47.077
47.0828
47.0897
47.0937
47.0958
47.0958
47.0937
47.0897
47.0828
47.077
47.0987
47.1033
47.1095
47.1128
47.1146
47.1146
47.1128
47.1095
47.1033
47.0987
47.1116
47.1144
47.1192
47.1215
47.1227
47.1227
47.1215
47.1192
47.1144
47.1116
47.1167
47.1174
47.1206
47.1218
47.1223
47.1223
47.1218
47.1206
47.1174
47.1167
47.1151
47.1143
47.1159
47.116
47.1159
47.1159
47.116
47.1159
47.1143
47.1151
47.1112
47.1085
47.1077
47.1063
47.1054
47.1054
47.1063
47.1077
47.1085
47.1112
47.1156
47.101
47.0951
47.0909
47.0887
47.0887
47.0909
47.0951
47.101
47.1156
43.7618
43.7622
43.7628
43.763
43.763
43.763
43.763
43.7628
43.7622
43.7618
43.7793
43.7806
43.782
43.7827
43.783
43.783
43.7827
43.782
43.7806
43.7793
43.7992
43.8013
43.8034
43.8045
43.8051
43.8051
43.8045
43.8034
43.8013
43.7992
43.8164
43.8189
43.8213
43.8226
43.8233
43.8233
43.8226
43.8213
43.8189
43.8164
43.8304
43.8327
43.8353
43.8365
43.8371
43.8371
43.8365
43.8353
43.8327
43.8304
43.8413
43.8433
43.8456
43.8466
43.847
43.847
43.8466
43.8456
43.8433
43.8413
43.8493
43.8508
43.8527
43.8533
43.8536
43.8536
43.8533
43.8527
43.8508
43.8493
43.8547
43.8558
43.8572
43.8575
43.8576
43.8576
43.8575
43.8572
43.8558
43.8547
43.8594
43.8597
43.8601
43.8598
43.8595
43.8595
43.8598
43.8601
43.8597
43.8594
43.8676
43.8626
43.8607
43.8591
43.8583
43.8583
43.8591
43.8607
43.8626
43.8676
40.5264
40.5269
40.5276
40.528
40.5282
40.5282
40.528
40.5276
40.5269
40.5264
40.5331
40.5341
40.535
40.5356
40.536
40.536
40.5356
40.535
40.5341
40.5331
40.5408
40.5421
40.5434
40.5443
40.5447
40.5447
40.5443
40.5434
40.5421
40.5408
40.5478
40.5494
40.551
40.5519
40.5524
40.5524
40.5519
40.551
40.5494
40.5478
40.554
40.5556
40.5573
40.5583
40.5589
40.5589
40.5583
40.5573
40.5556
40.554
40.5591
40.5608
40.5625
40.5634
40.5639
40.5639
40.5634
40.5625
40.5608
40.5591
40.5633
40.5648
40.5663
40.5672
40.5676
40.5676
40.5672
40.5663
40.5648
40.5633
40.5663
40.5677
40.5691
40.5698
40.5702
40.5702
40.5698
40.5691
40.5677
40.5663
40.5691
40.5701
40.5711
40.5715
40.5717
40.5717
40.5715
40.5711
40.5701
40.5691
40.5734
40.5721
40.5719
40.5717
40.5716
40.5716
40.5717
40.5719
40.5721
40.5734
37.298
37.2981
37.2983
37.2983
37.2983
37.2983
37.2983
37.2983
37.2981
37.298
37.3006
37.3008
37.3011
37.3013
37.3013
37.3013
37.3013
37.3011
37.3008
37.3006
37.3038
37.3043
37.3047
37.305
37.3051
37.3051
37.305
37.3047
37.3043
37.3038
37.3071
37.3077
37.3083
37.3087
37.3088
37.3088
37.3087
37.3083
37.3077
37.3071
37.3103
37.3111
37.3118
37.3122
37.3124
37.3124
37.3122
37.3118
37.3111
37.3103
37.3133
37.3142
37.3149
37.3154
37.3156
37.3156
37.3153
37.3149
37.3142
37.3133
37.3161
37.317
37.3178
37.3182
37.3184
37.3184
37.3182
37.3178
37.317
37.3161
37.3186
37.3195
37.3202
37.3206
37.3208
37.3208
37.3206
37.3202
37.3195
37.3186
37.321
37.3218
37.3224
37.3227
37.3229
37.3229
37.3227
37.3224
37.3218
37.321
37.3241
37.324
37.3242
37.3242
37.3242
37.3242
37.3242
37.3242
37.324
37.3241
34.059
34.0591
34.0592
34.0593
34.0593
34.0593
34.0593
34.0592
34.0591
34.059
34.0598
34.06
34.0601
34.0602
34.0603
34.0603
34.0602
34.0601
34.06
34.0598
34.0609
34.0611
34.0614
34.0615
34.0616
34.0616
34.0615
34.0614
34.0611
34.0609
34.0621
34.0625
34.0628
34.0629
34.0631
34.0631
34.0629
34.0628
34.0625
34.0621
34.0634
34.0638
34.0642
34.0644
34.0645
34.0645
34.0644
34.0642
34.0638
34.0634
34.0647
34.0651
34.0655
34.0658
34.0659
34.0659
34.0658
34.0655
34.0651
34.0647
34.0659
34.0664
34.0668
34.0671
34.0672
34.0672
34.0671
34.0668
34.0664
34.0659
34.067
34.0675
34.068
34.0682
34.0684
34.0684
34.0682
34.068
34.0675
34.067
34.0681
34.0686
34.069
34.0692
34.0693
34.0693
34.0692
34.069
34.0686
34.0681
34.0695
34.0696
34.0698
34.0699
34.07
34.07
34.0699
34.0698
34.0696
34.0695
30.8188
30.8188
30.8188
30.8188
30.8188
30.8188
30.8188
30.8188
30.8188
30.8188
30.819
30.8191
30.8191
30.8191
30.8191
30.8191
30.8191
30.8191
30.8191
30.819
30.8194
30.8195
30.8196
30.8196
30.8196
30.8196
30.8196
30.8196
30.8195
30.8194
30.8199
30.82
30.8201
30.8202
30.8202
30.8202
30.8202
30.8201
30.82
30.8199
30.8205
30.8207
30.8208
30.8209
30.8209
30.8209
30.8209
30.8208
30.8207
30.8205
30.8211
30.8214
30.8215
30.8216
30.8217
30.8217
30.8216
30.8215
30.8214
30.8211
30.8218
30.822
30.8222
30.8224
30.8224
30.8224
30.8224
30.8222
30.822
30.8218
30.8225
30.8227
30.8229
30.8231
30.8231
30.8231
30.8231
30.8229
30.8227
30.8225
30.8231
30.8234
30.8236
30.8237
30.8238
30.8238
30.8237
30.8236
30.8234
30.8231
30.8239
30.8241
30.8242
30.8243
30.8243
30.8243
30.8243
30.8242
30.8241
30.8239
27.5759
27.5759
27.5759
27.5759
27.5759
27.5759
27.5759
27.5759
27.5759
27.5759
27.5759
27.5759
27.5759
27.576
27.576
27.576
27.576
27.5759
27.5759
27.5759
27.576
27.576
27.5761
27.5761
27.5761
27.5761
27.5761
27.5761
27.576
27.576
27.5761
27.5762
27.5762
27.5763
27.5763
27.5763
27.5763
27.5762
27.5762
27.5761
27.5763
27.5764
27.5765
27.5765
27.5766
27.5766
27.5765
27.5765
27.5764
27.5763
27.5766
27.5767
27.5768
27.5768
27.5769
27.5769
27.5768
27.5768
27.5767
27.5766
27.5769
27.577
27.5771
27.5771
27.5772
27.5772
27.5771
27.5771
27.577
27.5769
27.5771
27.5773
27.5774
27.5774
27.5775
27.5775
27.5774
27.5774
27.5773
27.5771
27.5774
27.5775
27.5776
27.5777
27.5777
27.5777
27.5777
27.5776
27.5775
27.5774
27.5777
27.5778
27.5779
27.578
27.578
27.578
27.578
27.5779
27.5778
27.5777
24.3324
24.3324
24.3324
24.3324
24.3324
24.3324
24.3324
24.3324
24.3324
24.3324
24.3324
24.3324
24.3324
24.3324
24.3324
24.3324
24.3324
24.3324
24.3324
24.3324
24.3324
24.3324
24.3324
24.3324
24.3324
24.3324
24.3324
24.3324
24.3324
24.3324
24.3324
24.3324
24.3325
24.3325
24.3325
24.3325
24.3325
24.3325
24.3324
24.3324
24.3325
24.3325
24.3326
24.3326
24.3326
24.3326
24.3326
24.3326
24.3325
24.3325
24.3326
24.3327
24.3327
24.3327
24.3327
24.3327
24.3327
24.3327
24.3327
24.3326
24.3327
24.3328
24.3328
24.3329
24.3329
24.3329
24.3329
24.3328
24.3328
24.3327
24.3329
24.3329
24.333
24.333
24.333
24.333
24.333
24.333
24.3329
24.3329
24.333
24.3331
24.3331
24.3332
24.3332
24.3332
24.3332
24.3331
24.3331
24.333
24.3332
24.3332
24.3333
24.3333
24.3333
24.3333
24.3333
24.3333
24.3332
24.3332
21.0883
21.0883
21.0883
21.0883
21.0883
21.0883
21.0883
21.0883
21.0883
21.0883
21.0883
21.0883
21.0883
21.0883
21.0883
21.0883
21.0883
21.0883
21.0883
21.0883
21.0883
21.0883
21.0883
21.0883
21.0883
21.0883
21.0883
21.0883
21.0883
21.0883
21.0883
21.0883
21.0883
21.0883
21.0883
21.0883
21.0883
21.0883
21.0883
21.0883
21.0883
21.0883
21.0883
21.0883
21.0883
21.0883
21.0883
21.0883
21.0883
21.0883
21.0883
21.0883
21.0884
21.0884
21.0884
21.0884
21.0884
21.0884
21.0883
21.0883
21.0884
21.0884
21.0884
21.0884
21.0884
21.0884
21.0884
21.0884
21.0884
21.0884
21.0884
21.0884
21.0885
21.0885
21.0885
21.0885
21.0885
21.0885
21.0884
21.0884
21.0885
21.0885
21.0885
21.0885
21.0885
21.0885
21.0885
21.0885
21.0885
21.0885
21.0885
21.0886
21.0886
21.0886
21.0886
21.0886
21.0886
21.0886
21.0886
21.0885
17.8441
17.8441
17.8441
17.8441
17.8441
17.8441
17.8441
17.8441
17.8441
17.8441
17.844
17.844
17.844
17.844
17.844
17.844
17.844
17.844
17.844
17.844
17.844
17.844
17.844
17.844
17.844
17.844
17.844
17.844
17.844
17.844
17.844
17.844
17.844
17.844
17.844
17.844
17.844
17.844
17.844
17.844
17.844
17.844
17.844
17.844
17.844
17.844
17.844
17.844
17.844
17.844
17.8441
17.8441
17.8441
17.8441
17.8441
17.8441
17.8441
17.8441
17.8441
17.8441
17.8441
17.8441
17.8441
17.8441
17.8441
17.8441
17.8441
17.8441
17.8441
17.8441
17.8441
17.8441
17.8441
17.8441
17.8441
17.8441
17.8441
17.8441
17.8441
17.8441
17.8441
17.8441
17.8441
17.8442
17.8442
17.8442
17.8442
17.8441
17.8441
17.8441
17.8441
17.8442
17.8442
17.8442
17.8442
17.8442
17.8442
17.8442
17.8442
17.8441
14.5997
14.5997
14.5997
14.5997
14.5997
14.5997
14.5997
14.5997
14.5997
14.5997
14.5997
14.5997
14.5997
14.5997
14.5997
14.5997
14.5997
14.5997
14.5997
14.5997
14.5997
14.5997
14.5997
14.5997
14.5997
14.5997
14.5997
14.5997
14.5997
14.5997
14.5997
14.5997
14.5997
14.5997
14.5997
14.5997
14.5997
14.5997
14.5997
14.5997
14.5997
14.5997
14.5997
14.5997
14.5997
14.5997
14.5997
14.5997
14.5997
14.5997
14.5997
14.5997
14.5997
14.5997
14.5997
14.5997
14.5997
14.5997
14.5997
14.5997
14.5997
14.5997
14.5997
14.5997
14.5997
14.5997
14.5997
14.5997
14.5997
14.5997
14.5997
14.5997
14.5997
14.5997
14.5997
14.5997
14.5997
14.5997
14.5997
14.5997
14.5997
14.5997
14.5997
14.5997
14.5997
14.5997
14.5997
14.5997
14.5997
14.5997
14.5997
14.5997
14.5997
14.5997
14.5997
14.5997
14.5997
14.5997
14.5997
14.5997
11.3554
11.3554
11.3554
11.3554
11.3554
11.3554
11.3554
11.3554
11.3554
11.3554
11.3553
11.3553
11.3553
11.3553
11.3553
11.3553
11.3553
11.3553
11.3553
11.3553
11.3553
11.3553
11.3553
11.3553
11.3553
11.3553
11.3553
11.3553
11.3553
11.3553
11.3553
11.3553
11.3553
11.3553
11.3553
11.3553
11.3553
11.3553
11.3553
11.3553
11.3553
11.3553
11.3553
11.3553
11.3553
11.3553
11.3553
11.3553
11.3553
11.3553
11.3553
11.3553
11.3553
11.3553
11.3553
11.3553
11.3553
11.3553
11.3553
11.3553
11.3553
11.3553
11.3553
11.3553
11.3553
11.3553
11.3553
11.3553
11.3553
11.3553
11.3553
11.3553
11.3553
11.3553
11.3553
11.3553
11.3553
11.3553
11.3553
11.3553
11.3553
11.3554
11.3554
11.3554
11.3554
11.3554
11.3554
11.3554
11.3554
11.3553
11.3554
11.3554
11.3554
11.3554
11.3554
11.3554
11.3554
11.3554
11.3554
11.3554
8.11097
8.11097
8.11097
8.11097
8.11097
8.11097
8.11097
8.11097
8.11097
8.11097
8.11097
8.11097
8.11097
8.11097
8.11097
8.11097
8.11097
8.11097
8.11097
8.11097
8.11096
8.11096
8.11096
8.11096
8.11096
8.11096
8.11096
8.11096
8.11096
8.11096
8.11096
8.11096
8.11096
8.11096
8.11096
8.11096
8.11096
8.11096
8.11096
8.11096
8.11096
8.11096
8.11096
8.11096
8.11096
8.11096
8.11096
8.11096
8.11096
8.11096
8.11096
8.11096
8.11096
8.11096
8.11096
8.11096
8.11096
8.11096
8.11096
8.11096
8.11096
8.11096
8.11096
8.11096
8.11096
8.11096
8.11096
8.11096
8.11096
8.11096
8.11096
8.11096
8.11096
8.11096
8.11096
8.11096
8.11096
8.11096
8.11096
8.11096
8.11096
8.11096
8.11096
8.11096
8.11096
8.11096
8.11096
8.11096
8.11096
8.11096
8.11096
8.11096
8.11096
8.11097
8.11097
8.11097
8.11097
8.11096
8.11096
8.11096
4.86658
4.86658
4.86658
4.86658
4.86658
4.86658
4.86658
4.86658
4.86658
4.86658
4.86658
4.86658
4.86658
4.86658
4.86658
4.86658
4.86658
4.86658
4.86658
4.86658
4.86658
4.86658
4.86658
4.86658
4.86658
4.86658
4.86658
4.86658
4.86658
4.86658
4.86658
4.86658
4.86658
4.86658
4.86658
4.86658
4.86658
4.86658
4.86658
4.86658
4.86658
4.86658
4.86658
4.86658
4.86658
4.86658
4.86658
4.86658
4.86658
4.86658
4.86658
4.86658
4.86658
4.86658
4.86658
4.86658
4.86658
4.86658
4.86658
4.86658
4.86658
4.86658
4.86658
4.86658
4.86658
4.86658
4.86658
4.86658
4.86658
4.86658
4.86658
4.86658
4.86658
4.86658
4.86658
4.86658
4.86658
4.86658
4.86658
4.86658
4.86658
4.86658
4.86658
4.86658
4.86658
4.86658
4.86658
4.86658
4.86658
4.86658
4.86658
4.86658
4.86658
4.86658
4.86658
4.86658
4.86658
4.86658
4.86658
4.86658
1.6222
1.6222
1.6222
1.6222
1.6222
1.6222
1.6222
1.6222
1.6222
1.6222
1.62219
1.62219
1.62219
1.62219
1.62219
1.62219
1.62219
1.62219
1.62219
1.62219
1.62219
1.62219
1.62219
1.62219
1.62219
1.62219
1.62219
1.62219
1.62219
1.62219
1.62219
1.62219
1.62219
1.62219
1.62219
1.62219
1.62219
1.62219
1.62219
1.62219
1.62219
1.62219
1.62219
1.62219
1.62219
1.62219
1.62219
1.62219
1.62219
1.62219
1.62219
1.62219
1.62219
1.62219
1.62219
1.62219
1.62219
1.62219
1.62219
1.62219
1.62219
1.62219
1.62219
1.62219
1.62219
1.62219
1.62219
1.62219
1.62219
1.62219
1.62219
1.62219
1.62219
1.62219
1.62219
1.62219
1.62219
1.62219
1.62219
1.62219
1.62219
1.62219
1.62219
1.62219
1.62219
1.62219
1.62219
1.62219
1.62219
1.62219
1.62219
1.62219
1.62219
1.62219
1.62219
1.62219
1.62219
1.62219
1.62219
1.62219
99.0645
98.4793
98.1117
97.8431
97.7038
97.7038
97.8431
98.1117
98.4793
99.0645
89.8772
89.0227
88.4599
88.0621
87.8571
87.8571
88.0621
88.4599
89.0227
89.8772
82.2495
81.2663
80.6246
80.1774
79.9481
79.9481
80.1774
80.6246
81.2663
82.2495
76.9831
75.973
75.3222
74.8755
74.6466
74.6466
74.8755
75.3222
75.973
76.9831
73.0314
72.0286
71.3858
70.9532
70.7317
70.7317
70.9532
71.3858
72.0286
73.0314
69.8308
68.8552
68.2284
67.8169
67.6066
67.6066
67.8169
68.2284
68.8552
69.8308
67.191
66.2636
65.6624
65.2783
65.0827
65.0827
65.2783
65.6624
66.2636
67.1909
65.0048
64.1492
63.586
63.2347
63.0566
63.0566
63.2347
63.586
64.1492
65.0048
63.1917
62.4242
61.9117
61.5981
61.4393
61.4393
61.5981
61.9117
62.4242
63.1917
61.7722
61.0048
60.5515
60.2758
60.1361
60.1361
60.2758
60.5515
61.0048
61.7722
62.8809
63.0547
63.2439
63.3715
63.4375
63.4375
63.3715
63.2439
63.0547
62.8809
63.3068
63.4021
63.5296
63.6114
63.6533
63.6533
63.6114
63.5296
63.4021
63.3068
63.2841
63.2813
63.3344
63.3629
63.377
63.377
63.3629
63.3344
63.2813
63.2841
62.8717
62.7782
62.7628
62.7443
62.7342
62.7342
62.7443
62.7628
62.7782
62.8717
62.2735
62.1055
62.0319
61.9757
61.9461
61.9461
61.9756
62.0319
62.1055
62.2735
61.5993
61.3752
61.2544
61.1699
61.1259
61.1259
61.1699
61.2544
61.3752
61.5993
60.9042
60.6444
60.4896
60.3867
60.3334
60.3334
60.3867
60.4895
60.6444
60.9042
60.2201
59.9484
59.7751
59.6636
59.6061
59.6061
59.6636
59.7751
59.9484
60.2201
59.583
59.3155
59.1357
59.0227
58.9641
58.9641
59.0227
59.1357
59.3155
59.583
59.0967
58.7467
58.5619
58.4482
58.3891
58.3891
58.4482
58.5619
58.7467
59.0967
58.2481
58.2337
58.2355
58.232
58.2305
58.2305
58.232
58.2355
58.2337
58.2481
58.6622
58.6456
58.6468
58.6416
58.639
58.639
58.6416
58.6468
58.6456
58.6622
59.0052
58.97
58.9597
58.9448
58.9368
58.9368
58.9448
58.9597
58.97
59.0052
59.0593
58.9906
58.9581
58.9271
58.9106
58.9106
58.9271
58.9581
58.9906
59.0593
58.9149
58.8108
58.7539
58.7068
58.6819
58.6819
58.7068
58.7539
58.8108
58.9149
58.6672
58.5325
58.453
58.3926
58.3607
58.3607
58.3926
58.453
58.5325
58.6672
58.3648
58.2077
58.11
58.04
58.0034
58.0034
58.04
58.11
58.2076
58.3648
58.0347
57.8673
57.7582
57.6833
57.6442
57.6442
57.6833
57.7582
57.8673
58.0347
57.71
57.5399
57.4235
57.3463
57.3059
57.3059
57.3463
57.4235
57.5399
57.71
57.4662
57.2316
57.1045
57.0235
56.9813
56.9813
57.0235
57.1045
57.2316
57.4662
53.5151
53.535
53.5602
53.5762
53.5848
53.5848
53.5762
53.5602
53.535
53.5151
53.7271
53.7508
53.78
53.7985
53.8083
53.8083
53.7985
53.78
53.7508
53.7271
53.9072
53.9287
53.9576
53.9753
53.9845
53.9845
53.9753
53.9576
53.9287
53.9072
53.9943
54.0053
54.0274
54.0396
54.046
54.046
54.0396
54.0274
54.0053
53.9943
54.0092
54.0058
54.0175
54.0222
54.0245
54.0245
54.0222
54.0175
54.0058
54.0092
53.9756
53.9574
53.9575
53.9545
53.9527
53.9527
53.9545
53.9575
53.9574
53.9756
53.9073
53.8762
53.8656
53.8559
53.8505
53.8505
53.8559
53.8656
53.8762
53.9073
53.8141
53.7749
53.756
53.7411
53.7331
53.7331
53.7411
53.756
53.7749
53.8141
53.7141
53.6691
53.6419
53.6224
53.6119
53.6119
53.6224
53.6419
53.6691
53.7141
53.6528
53.5637
53.5225
53.4955
53.4813
53.4813
53.4955
53.5225
53.5637
53.6528
50.2869
50.287
50.289
50.2891
50.2893
50.2893
50.2891
50.289
50.287
50.2869
50.3863
50.3901
50.3953
50.3976
50.3988
50.3988
50.3976
50.3953
50.3901
50.3863
50.4878
50.4931
50.5001
50.5032
50.5047
50.5047
50.5032
50.5001
50.4931
50.4878
50.557
50.5601
50.5661
50.5681
50.569
50.569
50.5681
50.5661
50.5601
50.557
50.5958
50.5946
50.5977
50.5974
50.597
50.597
50.5974
50.5977
50.5946
50.5958
50.6112
50.6046
50.6039
50.6009
50.5991
50.5991
50.6009
50.6039
50.6046
50.6112
50.6081
50.5963
50.5916
50.586
50.5828
50.5828
50.586
50.5916
50.5963
50.6081
50.5907
50.5753
50.5671
50.5594
50.5551
50.5551
50.5594
50.5671
50.5753
50.5907
50.5686
50.5498
50.5373
50.5272
50.5216
50.5216
50.5272
50.5373
50.5498
50.5686
50.5635
50.5215
50.5007
50.4864
50.4788
50.4788
50.4864
50.5007
50.5215
50.5635
46.9612
46.9643
46.968
46.9702
46.9714
46.9714
46.9702
46.968
46.9643
46.9612
47.0027
47.0075
47.0129
47.0162
47.018
47.018
47.0162
47.0129
47.0075
47.0027
47.045
47.051
47.0577
47.0617
47.0639
47.0639
47.0617
47.0577
47.051
47.045
47.077
47.0828
47.0897
47.0937
47.0958
47.0958
47.0937
47.0897
47.0828
47.077
47.0987
47.1033
47.1095
47.1128
47.1146
47.1146
47.1128
47.1095
47.1033
47.0987
47.1116
47.1144
47.1192
47.1215
47.1227
47.1227
47.1215
47.1192
47.1144
47.1116
47.1167
47.1174
47.1206
47.1218
47.1223
47.1223
47.1218
47.1206
47.1174
47.1167
47.1151
47.1143
47.1159
47.116
47.1159
47.1159
47.116
47.1159
47.1143
47.1151
47.1112
47.1085
47.1077
47.1063
47.1054
47.1054
47.1063
47.1077
47.1085
47.1112
47.1156
47.101
47.0951
47.0909
47.0887
47.0887
47.0909
47.0951
47.101
47.1156
43.7618
43.7622
43.7628
43.763
43.763
43.763
43.763
43.7628
43.7622
43.7618
43.7793
43.7806
43.782
43.7827
43.783
43.783
43.7827
43.782
43.7806
43.7793
43.7992
43.8013
43.8034
43.8045
43.8051
43.8051
43.8045
43.8034
43.8013
43.7992
43.8164
43.8189
43.8213
43.8226
43.8233
43.8233
43.8226
43.8213
43.8189
43.8164
43.8304
43.8327
43.8352
43.8365
43.8371
43.8371
43.8365
43.8352
43.8327
43.8304
43.8413
43.8433
43.8456
43.8466
43.847
43.847
43.8466
43.8456
43.8433
43.8413
43.8493
43.8508
43.8526
43.8533
43.8536
43.8536
43.8533
43.8526
43.8508
43.8493
43.8547
43.8558
43.8572
43.8575
43.8576
43.8575
43.8575
43.8572
43.8558
43.8547
43.8594
43.8597
43.8601
43.8598
43.8595
43.8595
43.8598
43.8601
43.8597
43.8594
43.8676
43.8626
43.8607
43.8591
43.8583
43.8583
43.8591
43.8607
43.8626
43.8676
40.5264
40.5269
40.5276
40.528
40.5282
40.5282
40.528
40.5276
40.5269
40.5264
40.5331
40.5341
40.535
40.5356
40.536
40.536
40.5356
40.535
40.5341
40.5331
40.5408
40.5421
40.5434
40.5443
40.5447
40.5447
40.5443
40.5434
40.5421
40.5408
40.5478
40.5494
40.551
40.5519
40.5524
40.5524
40.5519
40.551
40.5494
40.5478
40.554
40.5556
40.5573
40.5583
40.5589
40.5589
40.5583
40.5573
40.5556
40.554
40.5591
40.5608
40.5625
40.5634
40.5639
40.5639
40.5634
40.5625
40.5608
40.5591
40.5633
40.5648
40.5663
40.5672
40.5676
40.5676
40.5672
40.5663
40.5648
40.5633
40.5663
40.5677
40.5691
40.5698
40.5702
40.5702
40.5698
40.5691
40.5677
40.5663
40.5691
40.5701
40.5711
40.5715
40.5717
40.5717
40.5715
40.5711
40.5701
40.5691
40.5734
40.5721
40.5719
40.5717
40.5716
40.5716
40.5717
40.5719
40.5721
40.5734
37.298
37.2981
37.2983
37.2983
37.2983
37.2983
37.2983
37.2983
37.2981
37.298
37.3006
37.3008
37.3011
37.3013
37.3013
37.3013
37.3013
37.3011
37.3008
37.3006
37.3038
37.3043
37.3047
37.305
37.3051
37.3051
37.305
37.3047
37.3043
37.3038
37.3071
37.3077
37.3083
37.3087
37.3088
37.3088
37.3087
37.3083
37.3077
37.3071
37.3103
37.3111
37.3118
37.3122
37.3124
37.3124
37.3122
37.3118
37.3111
37.3103
37.3133
37.3142
37.3149
37.3153
37.3156
37.3156
37.3153
37.3149
37.3142
37.3133
37.3161
37.317
37.3178
37.3182
37.3184
37.3184
37.3182
37.3178
37.317
37.3161
37.3186
37.3195
37.3202
37.3206
37.3208
37.3208
37.3206
37.3202
37.3195
37.3186
37.321
37.3218
37.3224
37.3227
37.3229
37.3229
37.3227
37.3224
37.3218
37.321
37.3241
37.324
37.3242
37.3242
37.3242
37.3242
37.3242
37.3242
37.324
37.3241
34.059
34.0591
34.0592
34.0593
34.0593
34.0593
34.0593
34.0592
34.0591
34.059
34.0598
34.06
34.0601
34.0602
34.0603
34.0603
34.0602
34.0601
34.06
34.0598
34.0609
34.0611
34.0614
34.0615
34.0616
34.0616
34.0615
34.0614
34.0611
34.0609
34.0621
34.0625
34.0628
34.0629
34.0631
34.0631
34.0629
34.0628
34.0625
34.0621
34.0634
34.0638
34.0642
34.0644
34.0645
34.0645
34.0644
34.0642
34.0638
34.0634
34.0647
34.0651
34.0655
34.0658
34.0659
34.0659
34.0658
34.0655
34.0651
34.0647
34.0659
34.0664
34.0668
34.0671
34.0672
34.0672
34.0671
34.0668
34.0664
34.0659
34.067
34.0675
34.068
34.0682
34.0684
34.0684
34.0682
34.068
34.0675
34.067
34.0681
34.0686
34.069
34.0692
34.0693
34.0693
34.0692
34.069
34.0686
34.0681
34.0695
34.0696
34.0698
34.0699
34.07
34.07
34.0699
34.0698
34.0696
34.0695
30.8188
30.8188
30.8188
30.8188
30.8188
30.8188
30.8188
30.8188
30.8188
30.8188
30.819
30.8191
30.8191
30.8191
30.8191
30.8191
30.8191
30.8191
30.8191
30.819
30.8194
30.8195
30.8196
30.8196
30.8196
30.8196
30.8196
30.8196
30.8195
30.8194
30.8199
30.82
30.8201
30.8202
30.8202
30.8202
30.8202
30.8201
30.82
30.8199
30.8205
30.8207
30.8208
30.8209
30.8209
30.8209
30.8209
30.8208
30.8207
30.8205
30.8211
30.8214
30.8215
30.8216
30.8217
30.8217
30.8216
30.8215
30.8214
30.8211
30.8218
30.822
30.8222
30.8224
30.8224
30.8224
30.8224
30.8222
30.822
30.8218
30.8225
30.8227
30.8229
30.8231
30.8231
30.8231
30.8231
30.8229
30.8227
30.8225
30.8231
30.8234
30.8236
30.8237
30.8238
30.8238
30.8237
30.8236
30.8234
30.8231
30.8239
30.8241
30.8242
30.8243
30.8243
30.8243
30.8243
30.8242
30.8241
30.8239
27.5759
27.5759
27.5759
27.5759
27.5759
27.5759
27.5759
27.5759
27.5759
27.5759
27.5759
27.5759
27.5759
27.576
27.576
27.576
27.576
27.5759
27.5759
27.5759
27.576
27.576
27.5761
27.5761
27.5761
27.5761
27.5761
27.5761
27.576
27.576
27.5761
27.5762
27.5762
27.5763
27.5763
27.5763
27.5763
27.5762
27.5762
27.5761
27.5763
27.5764
27.5765
27.5765
27.5766
27.5766
27.5765
27.5765
27.5764
27.5763
27.5766
27.5767
27.5768
27.5768
27.5769
27.5769
27.5768
27.5768
27.5767
27.5766
27.5769
27.577
27.5771
27.5771
27.5772
27.5772
27.5771
27.5771
27.577
27.5769
27.5771
27.5773
27.5774
27.5774
27.5775
27.5775
27.5774
27.5774
27.5773
27.5771
27.5774
27.5775
27.5776
27.5777
27.5777
27.5777
27.5777
27.5776
27.5775
27.5774
27.5777
27.5778
27.5779
27.578
27.578
27.578
27.578
27.5779
27.5778
27.5777
24.3324
24.3324
24.3324
24.3324
24.3324
24.3324
24.3324
24.3324
24.3324
24.3324
24.3324
24.3324
24.3324
24.3324
24.3324
24.3324
24.3324
24.3324
24.3324
24.3324
24.3324
24.3324
24.3324
24.3324
24.3324
24.3324
24.3324
24.3324
24.3324
24.3324
24.3324
24.3324
24.3325
24.3325
24.3325
24.3325
24.3325
24.3325
24.3324
24.3324
24.3325
24.3325
24.3326
24.3326
24.3326
24.3326
24.3326
24.3326
24.3325
24.3325
24.3326
24.3327
24.3327
24.3327
24.3327
24.3327
24.3327
24.3327
24.3327
24.3326
24.3327
24.3328
24.3328
24.3329
24.3329
24.3329
24.3329
24.3328
24.3328
24.3327
24.3329
24.3329
24.333
24.333
24.333
24.333
24.333
24.333
24.3329
24.3329
24.333
24.3331
24.3331
24.3332
24.3332
24.3332
24.3332
24.3331
24.3331
24.333
24.3332
24.3332
24.3333
24.3333
24.3333
24.3333
24.3333
24.3333
24.3332
24.3332
21.0883
21.0883
21.0883
21.0883
21.0883
21.0883
21.0883
21.0883
21.0883
21.0883
21.0883
21.0883
21.0883
21.0883
21.0883
21.0883
21.0883
21.0883
21.0883
21.0883
21.0883
21.0883
21.0883
21.0883
21.0883
21.0883
21.0883
21.0883
21.0883
21.0883
21.0883
21.0883
21.0883
21.0883
21.0883
21.0883
21.0883
21.0883
21.0883
21.0883
21.0883
21.0883
21.0883
21.0883
21.0883
21.0883
21.0883
21.0883
21.0883
21.0883
21.0883
21.0883
21.0884
21.0884
21.0884
21.0884
21.0884
21.0884
21.0883
21.0883
21.0884
21.0884
21.0884
21.0884
21.0884
21.0884
21.0884
21.0884
21.0884
21.0884
21.0884
21.0884
21.0885
21.0885
21.0885
21.0885
21.0885
21.0885
21.0884
21.0884
21.0885
21.0885
21.0885
21.0885
21.0885
21.0885
21.0885
21.0885
21.0885
21.0885
21.0885
21.0886
21.0886
21.0886
21.0886
21.0886
21.0886
21.0886
21.0886
21.0885
17.8441
17.8441
17.8441
17.8441
17.8441
17.8441
17.8441
17.8441
17.8441
17.8441
17.844
17.844
17.844
17.844
17.844
17.844
17.844
17.844
17.844
17.844
17.844
17.844
17.844
17.844
17.844
17.844
17.844
17.844
17.844
17.844
17.844
17.844
17.844
17.844
17.844
17.844
17.844
17.844
17.844
17.844
17.844
17.844
17.844
17.844
17.844
17.844
17.844
17.844
17.844
17.844
17.8441
17.8441
17.8441
17.8441
17.8441
17.8441
17.8441
17.8441
17.8441
17.8441
17.8441
17.8441
17.8441
17.8441
17.8441
17.8441
17.8441
17.8441
17.8441
17.8441
17.8441
17.8441
17.8441
17.8441
17.8441
17.8441
17.8441
17.8441
17.8441
17.8441
17.8441
17.8441
17.8441
17.8442
17.8442
17.8442
17.8442
17.8441
17.8441
17.8441
17.8441
17.8442
17.8442
17.8442
17.8442
17.8442
17.8442
17.8442
17.8442
17.8441
14.5997
14.5997
14.5997
14.5997
14.5997
14.5997
14.5997
14.5997
14.5997
14.5997
14.5997
14.5997
14.5997
14.5997
14.5997
14.5997
14.5997
14.5997
14.5997
14.5997
14.5997
14.5997
14.5997
14.5997
14.5997
14.5997
14.5997
14.5997
14.5997
14.5997
14.5997
14.5997
14.5997
14.5997
14.5997
14.5997
14.5997
14.5997
14.5997
14.5997
14.5997
14.5997
14.5997
14.5997
14.5997
14.5997
14.5997
14.5997
14.5997
14.5997
14.5997
14.5997
14.5997
14.5997
14.5997
14.5997
14.5997
14.5997
14.5997
14.5997
14.5997
14.5997
14.5997
14.5997
14.5997
14.5997
14.5997
14.5997
14.5997
14.5997
14.5997
14.5997
14.5997
14.5997
14.5997
14.5997
14.5997
14.5997
14.5997
14.5997
14.5997
14.5997
14.5997
14.5997
14.5997
14.5997
14.5997
14.5997
14.5997
14.5997
14.5997
14.5997
14.5997
14.5997
14.5997
14.5997
14.5997
14.5997
14.5997
14.5997
11.3554
11.3554
11.3554
11.3554
11.3554
11.3554
11.3554
11.3554
11.3554
11.3554
11.3553
11.3553
11.3553
11.3553
11.3553
11.3553
11.3553
11.3553
11.3553
11.3553
11.3553
11.3553
11.3553
11.3553
11.3553
11.3553
11.3553
11.3553
11.3553
11.3553
11.3553
11.3553
11.3553
11.3553
11.3553
11.3553
11.3553
11.3553
11.3553
11.3553
11.3553
11.3553
11.3553
11.3553
11.3553
11.3553
11.3553
11.3553
11.3553
11.3553
11.3553
11.3553
11.3553
11.3553
11.3553
11.3553
11.3553
11.3553
11.3553
11.3553
11.3553
11.3553
11.3553
11.3553
11.3553
11.3553
11.3553
11.3553
11.3553
11.3553
11.3553
11.3553
11.3553
11.3553
11.3553
11.3553
11.3553
11.3553
11.3553
11.3553
11.3553
11.3554
11.3554
11.3554
11.3554
11.3554
11.3554
11.3554
11.3554
11.3553
11.3554
11.3554
11.3554
11.3554
11.3554
11.3554
11.3554
11.3554
11.3554
11.3554
8.11097
8.11097
8.11097
8.11097
8.11097
8.11097
8.11097
8.11097
8.11097
8.11097
8.11097
8.11097
8.11097
8.11097
8.11097
8.11097
8.11097
8.11097
8.11097
8.11097
8.11096
8.11096
8.11096
8.11096
8.11096
8.11096
8.11096
8.11096
8.11096
8.11096
8.11096
8.11096
8.11096
8.11096
8.11096
8.11096
8.11096
8.11096
8.11096
8.11096
8.11096
8.11096
8.11096
8.11096
8.11096
8.11096
8.11096
8.11096
8.11096
8.11096
8.11096
8.11096
8.11096
8.11096
8.11096
8.11096
8.11096
8.11096
8.11096
8.11096
8.11096
8.11096
8.11096
8.11096
8.11096
8.11096
8.11096
8.11096
8.11096
8.11096
8.11096
8.11096
8.11096
8.11096
8.11096
8.11096
8.11096
8.11096
8.11096
8.11096
8.11096
8.11096
8.11096
8.11096
8.11096
8.11096
8.11096
8.11096
8.11096
8.11096
8.11096
8.11096
8.11096
8.11097
8.11097
8.11097
8.11097
8.11096
8.11096
8.11096
4.86658
4.86658
4.86658
4.86658
4.86658
4.86658
4.86658
4.86658
4.86658
4.86658
4.86658
4.86658
4.86658
4.86658
4.86658
4.86658
4.86658
4.86658
4.86658
4.86658
4.86658
4.86658
4.86658
4.86658
4.86658
4.86658
4.86658
4.86658
4.86658
4.86658
4.86658
4.86658
4.86658
4.86658
4.86658
4.86658
4.86658
4.86658
4.86658
4.86658
4.86658
4.86658
4.86658
4.86658
4.86658
4.86658
4.86658
4.86658
4.86658
4.86658
4.86658
4.86658
4.86658
4.86658
4.86658
4.86658
4.86658
4.86658
4.86658
4.86658
4.86658
4.86658
4.86658
4.86658
4.86658
4.86658
4.86658
4.86658
4.86658
4.86658
4.86658
4.86658
4.86658
4.86658
4.86658
4.86658
4.86658
4.86658
4.86658
4.86658
4.86658
4.86658
4.86658
4.86658
4.86658
4.86658
4.86658
4.86658
4.86658
4.86658
4.86658
4.86658
4.86658
4.86658
4.86658
4.86658
4.86658
4.86658
4.86658
4.86658
1.6222
1.6222
1.6222
1.6222
1.6222
1.6222
1.6222
1.6222
1.6222
1.6222
1.62219
1.62219
1.62219
1.62219
1.62219
1.62219
1.62219
1.62219
1.62219
1.62219
1.62219
1.62219
1.62219
1.62219
1.62219
1.62219
1.62219
1.62219
1.62219
1.62219
1.62219
1.62219
1.62219
1.62219
1.62219
1.62219
1.62219
1.62219
1.62219
1.62219
1.62219
1.62219
1.62219
1.62219
1.62219
1.62219
1.62219
1.62219
1.62219
1.62219
1.62219
1.62219
1.62219
1.62219
1.62219
1.62219
1.62219
1.62219
1.62219
1.62219
1.62219
1.62219
1.62219
1.62219
1.62219
1.62219
1.62219
1.62219
1.62219
1.62219
1.62219
1.62219
1.62219
1.62219
1.62219
1.62219
1.62219
1.62219
1.62219
1.62219
1.62219
1.62219
1.62219
1.62219
1.62219
1.62219
1.62219
1.62219
1.62219
1.62219
1.62219
1.62219
1.62219
1.62219
1.62219
1.62219
1.62219
1.62219
1.62219
1.62219
60.7549
60.064
59.6259
59.3469
59.2084
59.2084
59.3469
59.6259
60.064
60.7549
60.064
59.4735
59.028
58.7306
58.5832
58.5832
58.7307
59.028
59.4735
60.064
59.6259
59.028
58.5633
58.2533
58.1004
58.1004
58.2533
58.5633
59.028
59.6259
59.3469
58.7306
58.2533
57.9374
57.7819
57.7819
57.9374
58.2533
58.7307
59.3469
59.2084
58.5832
58.1004
57.7819
57.6254
57.6254
57.7819
58.1004
58.5832
59.2084
59.2084
58.5832
58.1004
57.7819
57.6254
57.6254
57.7819
58.1004
58.5832
59.2084
59.3469
58.7307
58.2533
57.9374
57.7819
57.7819
57.9374
58.2533
58.7307
59.3469
59.6259
59.028
58.5633
58.2533
58.1004
58.1004
58.2533
58.5633
59.028
59.6259
60.064
59.4735
59.028
58.7307
58.5832
58.5832
58.7307
59.028
59.4735
60.064
60.7549
60.064
59.6259
59.3469
59.2084
59.2084
59.3469
59.6259
60.064
60.7549
58.575
58.2965
58.1304
58.0209
57.9653
57.9653
58.0209
58.1304
58.2965
58.575
58.2965
58.0755
57.8875
57.7563
57.6907
57.6907
57.7563
57.8875
58.0755
58.2965
58.1304
57.8875
57.6761
57.531
57.4593
57.4593
57.531
57.6761
57.8875
58.1304
58.0209
57.7563
57.531
57.3785
57.3035
57.3035
57.3785
57.531
57.7563
58.0209
57.9653
57.6907
57.4593
57.3035
57.2269
57.2269
57.3035
57.4593
57.6907
57.9653
57.9653
57.6907
57.4593
57.3035
57.2269
57.2269
57.3035
57.4593
57.6907
57.9653
58.0209
57.7563
57.531
57.3785
57.3035
57.3035
57.3785
57.531
57.7563
58.0209
58.1304
57.8875
57.6761
57.531
57.4593
57.4593
57.531
57.6761
57.8875
58.1304
58.2965
58.0755
57.8875
57.7563
57.6907
57.6907
57.7563
57.8875
58.0755
58.2965
58.575
58.2965
58.1304
58.0209
57.9653
57.9653
58.0209
58.1304
58.2965
58.575
57.0759
56.9239
56.83
56.7646
56.7309
56.7309
56.7646
56.83
56.9239
57.076
56.9239
56.8029
56.6887
56.606
56.5643
56.5643
56.606
56.6887
56.8029
56.9239
56.83
56.6887
56.5555
56.4621
56.4158
56.4158
56.4621
56.5555
56.6887
56.83
56.7646
56.606
56.4621
56.3634
56.3146
56.3146
56.3634
56.4621
56.606
56.7646
56.7309
56.5643
56.4158
56.3146
56.2647
56.2647
56.3146
56.4158
56.5643
56.7309
56.7309
56.5643
56.4158
56.3146
56.2647
56.2647
56.3146
56.4158
56.5643
56.7309
56.7646
56.606
56.4621
56.3634
56.3146
56.3146
56.3634
56.4621
56.606
56.7646
56.83
56.6887
56.5555
56.4621
56.4158
56.4158
56.4621
56.5555
56.6887
56.83
56.9239
56.8029
56.6887
56.606
56.5643
56.5643
56.606
56.6887
56.8029
56.9239
57.076
56.9239
56.83
56.7646
56.7309
56.7309
56.7646
56.83
56.9239
57.076
53.4555
53.4206
53.4012
53.3854
53.3769
53.3769
53.3854
53.4012
53.4206
53.4555
53.4206
53.395
53.36
53.3322
53.3182
53.3182
53.3322
53.36
53.395
53.4206
53.4012
53.36
53.3128
53.2785
53.2617
53.2617
53.2785
53.3128
53.36
53.4012
53.3854
53.3322
53.2785
53.2411
53.2227
53.2227
53.2411
53.2785
53.3322
53.3854
53.3769
53.3182
53.2617
53.2227
53.2036
53.2036
53.2227
53.2617
53.3182
53.3769
53.3769
53.3182
53.2617
53.2227
53.2036
53.2036
53.2227
53.2617
53.3182
53.3769
53.3854
53.3322
53.2785
53.2411
53.2227
53.2227
53.2411
53.2785
53.3322
53.3854
53.4012
53.36
53.3128
53.2785
53.2617
53.2617
53.2785
53.3128
53.36
53.4012
53.4206
53.395
53.36
53.3322
53.3182
53.3182
53.3322
53.36
53.395
53.4206
53.4555
53.4206
53.4012
53.3854
53.3769
53.3769
53.3854
53.4012
53.4206
53.4555
50.4606
50.4537
50.4496
50.4446
50.4418
50.4418
50.4446
50.4496
50.4537
50.4606
50.4537
50.4503
50.4379
50.4269
50.4212
50.4212
50.4269
50.4379
50.4503
50.4537
50.4496
50.4379
50.4192
50.4049
50.3978
50.3978
50.4049
50.4192
50.4379
50.4496
50.4446
50.4269
50.4049
50.3891
50.3813
50.3813
50.3891
50.4049
50.4269
50.4446
50.4418
50.4212
50.3978
50.3813
50.3731
50.3731
50.3813
50.3978
50.4212
50.4418
50.4418
50.4212
50.3978
50.3813
50.3731
50.3731
50.3813
50.3978
50.4212
50.4418
50.4446
50.4269
50.4049
50.3891
50.3813
50.3813
50.3891
50.4049
50.4269
50.4446
50.4496
50.4379
50.4192
50.4049
50.3978
50.3978
50.4049
50.4192
50.4379
50.4496
50.4537
50.4503
50.4379
50.4269
50.4212
50.4212
50.4269
50.4379
50.4503
50.4537
50.4606
50.4537
50.4496
50.4446
50.4418
50.4418
50.4446
50.4496
50.4537
50.4606
47.0665
47.0699
47.0725
47.0731
47.0733
47.0733
47.0731
47.0725
47.0699
47.0665
47.0699
47.0736
47.0715
47.0687
47.0673
47.0673
47.0687
47.0715
47.0736
47.0699
47.0725
47.0715
47.0661
47.0617
47.0596
47.0596
47.0617
47.0661
47.0715
47.0725
47.0731
47.0687
47.0617
47.0566
47.0541
47.0541
47.0566
47.0617
47.0687
47.0731
47.0733
47.0673
47.0596
47.0541
47.0514
47.0514
47.0541
47.0596
47.0673
47.0733
47.0733
47.0673
47.0596
47.0541
47.0514
47.0514
47.0541
47.0596
47.0673
47.0733
47.0731
47.0687
47.0617
47.0566
47.0541
47.0541
47.0566
47.0617
47.0687
47.0731
47.0725
47.0715
47.0661
47.0617
47.0596
47.0596
47.0617
47.0661
47.0715
47.0725
47.0699
47.0736
47.0715
47.0687
47.0673
47.0673
47.0687
47.0715
47.0736
47.0699
47.0665
47.0699
47.0725
47.0731
47.0733
47.0733
47.0731
47.0725
47.0699
47.0665
43.8472
43.8514
43.8543
43.8556
43.8561
43.8561
43.8556
43.8543
43.8514
43.8472
43.8514
43.8558
43.8567
43.8566
43.8565
43.8565
43.8566
43.8567
43.8558
43.8514
43.8543
43.8567
43.8561
43.8554
43.8551
43.8551
43.8554
43.8561
43.8567
43.8543
43.8556
43.8566
43.8554
43.8544
43.854
43.854
43.8544
43.8554
43.8566
43.8556
43.8561
43.8565
43.8551
43.854
43.8534
43.8534
43.854
43.8551
43.8565
43.8561
43.8561
43.8565
43.8551
43.854
43.8534
43.8534
43.854
43.8551
43.8565
43.8561
43.8556
43.8566
43.8554
43.8544
43.854
43.854
43.8544
43.8554
43.8566
43.8556
43.8543
43.8567
43.8561
43.8554
43.8551
43.8551
43.8554
43.8561
43.8567
43.8543
43.8514
43.8558
43.8567
43.8566
43.8565
43.8565
43.8566
43.8567
43.8558
43.8514
43.8472
43.8514
43.8543
43.8556
43.8561
43.8561
43.8556
43.8543
43.8514
43.8472
40.5646
40.5674
40.5693
40.5703
40.5708
40.5708
40.5703
40.5693
40.5674
40.5646
40.5674
40.5701
40.571
40.5713
40.5715
40.5715
40.5713
40.571
40.5701
40.5674
40.5693
40.571
40.5713
40.5714
40.5714
40.5714
40.5714
40.5713
40.571
40.5693
40.5703
40.5713
40.5714
40.5713
40.5713
40.5713
40.5713
40.5714
40.5713
40.5703
40.5708
40.5715
40.5714
40.5713
40.5713
40.5713
40.5713
40.5714
40.5715
40.5708
40.5708
40.5715
40.5714
40.5713
40.5713
40.5713
40.5713
40.5714
40.5715
40.5708
40.5703
40.5713
40.5714
40.5713
40.5713
40.5713
40.5713
40.5714
40.5713
40.5703
40.5693
40.571
40.5713
40.5714
40.5714
40.5714
40.5714
40.5713
40.571
40.5693
40.5674
40.5701
40.571
40.5713
40.5715
40.5715
40.5713
40.571
40.5701
40.5674
40.5646
40.5674
40.5693
40.5703
40.5708
40.5708
40.5703
40.5693
40.5674
40.5646
37.3212
37.3229
37.3241
37.3247
37.3251
37.3251
37.3247
37.3241
37.3229
37.3212
37.3229
37.3246
37.3254
37.3259
37.3261
37.3261
37.3259
37.3254
37.3246
37.3229
37.3241
37.3254
37.3261
37.3264
37.3266
37.3266
37.3264
37.3261
37.3254
37.3241
37.3247
37.3259
37.3264
37.3268
37.3269
37.3269
37.3268
37.3264
37.3259
37.3247
37.3251
37.3261
37.3266
37.3269
37.3271
37.3271
37.3269
37.3266
37.3261
37.3251
37.3251
37.3261
37.3266
37.3269
37.3271
37.3271
37.3269
37.3266
37.3261
37.3251
37.3247
37.3259
37.3264
37.3268
37.3269
37.3269
37.3268
37.3264
37.3259
37.3247
37.3241
37.3254
37.3261
37.3264
37.3266
37.3266
37.3264
37.3261
37.3254
37.3241
37.3229
37.3246
37.3254
37.3259
37.3261
37.3261
37.3259
37.3254
37.3246
37.3229
37.3212
37.3229
37.3241
37.3247
37.3251
37.3251
37.3247
37.3241
37.3229
37.3212
34.0684
34.0693
34.0699
34.0702
34.0704
34.0704
34.0702
34.0699
34.0693
34.0684
34.0693
34.0701
34.0705
34.0708
34.0709
34.0709
34.0708
34.0705
34.0701
34.0693
34.0699
34.0705
34.0709
34.0711
34.0712
34.0712
34.0711
34.0709
34.0705
34.0699
34.0702
34.0708
34.0711
34.0713
34.0715
34.0715
34.0713
34.0711
34.0708
34.0702
34.0704
34.0709
34.0712
34.0715
34.0716
34.0716
34.0715
34.0712
34.0709
34.0704
34.0704
34.0709
34.0712
34.0715
34.0716
34.0716
34.0715
34.0712
34.0709
34.0704
34.0702
34.0708
34.0711
34.0713
34.0715
34.0715
34.0713
34.0711
34.0708
34.0702
34.0699
34.0705
34.0709
34.0711
34.0712
34.0712
34.0711
34.0709
34.0705
34.0699
34.0693
34.0701
34.0705
34.0708
34.0709
34.0709
34.0708
34.0705
34.0701
34.0693
34.0684
34.0693
34.0699
34.0702
34.0704
34.0704
34.0702
34.0699
34.0693
34.0684
30.8237
30.8242
30.8245
30.8247
30.8248
30.8248
30.8247
30.8245
30.8242
30.8237
30.8242
30.8246
30.8249
30.825
30.8251
30.8251
30.825
30.8249
30.8246
30.8242
30.8245
30.8249
30.8251
30.8253
30.8254
30.8254
30.8253
30.8251
30.8249
30.8245
30.8247
30.825
30.8253
30.8255
30.8255
30.8255
30.8255
30.8253
30.825
30.8247
30.8248
30.8251
30.8254
30.8255
30.8256
30.8256
30.8255
30.8254
30.8251
30.8248
30.8248
30.8251
30.8254
30.8255
30.8256
30.8256
30.8255
30.8254
30.8251
30.8248
30.8247
30.825
30.8253
30.8255
30.8255
30.8255
30.8255
30.8253
30.825
30.8247
30.8245
30.8249
30.8251
30.8253
30.8254
30.8254
30.8253
30.8251
30.8249
30.8245
30.8242
30.8246
30.8249
30.825
30.8251
30.8251
30.825
30.8249
30.8246
30.8242
30.8237
30.8242
30.8245
30.8247
30.8248
30.8248
30.8247
30.8245
30.8242
30.8237
27.5777
27.5779
27.578
27.5781
27.5782
27.5782
27.5781
27.578
27.5779
27.5777
27.5779
27.5781
27.5782
27.5783
27.5783
27.5783
27.5783
27.5782
27.5781
27.5779
27.578
27.5782
27.5783
27.5784
27.5784
27.5784
27.5784
27.5783
27.5782
27.578
27.5781
27.5783
27.5784
27.5785
27.5785
27.5785
27.5785
27.5784
27.5783
27.5781
27.5782
27.5783
27.5784
27.5785
27.5786
27.5786
27.5785
27.5784
27.5783
27.5782
27.5782
27.5783
27.5784
27.5785
27.5786
27.5786
27.5785
27.5784
27.5783
27.5782
27.5781
27.5783
27.5784
27.5785
27.5785
27.5785
27.5785
27.5784
27.5783
27.5781
27.578
27.5782
27.5783
27.5784
27.5784
27.5784
27.5784
27.5783
27.5782
27.578
27.5779
27.5781
27.5782
27.5783
27.5783
27.5783
27.5783
27.5782
27.5781
27.5779
27.5777
27.5779
27.578
27.5781
27.5782
27.5782
27.5781
27.578
27.5779
27.5777
24.3332
24.3333
24.3334
24.3334
24.3335
24.3335
24.3334
24.3334
24.3333
24.3332
24.3333
24.3334
24.3335
24.3335
24.3335
24.3335
24.3335
24.3335
24.3334
24.3333
24.3334
24.3335
24.3335
24.3336
24.3336
24.3336
24.3336
24.3335
24.3335
24.3334
24.3334
24.3335
24.3336
24.3336
24.3337
24.3337
24.3336
24.3336
24.3335
24.3334
24.3335
24.3335
24.3336
24.3337
24.3337
24.3337
24.3337
24.3336
24.3335
24.3335
24.3335
24.3335
24.3336
24.3337
24.3337
24.3337
24.3337
24.3336
24.3335
24.3335
24.3334
24.3335
24.3336
24.3336
24.3337
24.3337
24.3336
24.3336
24.3335
24.3334
24.3334
24.3335
24.3335
24.3336
24.3336
24.3336
24.3336
24.3335
24.3335
24.3334
24.3333
24.3334
24.3335
24.3335
24.3335
24.3335
24.3335
24.3335
24.3334
24.3333
24.3332
24.3333
24.3334
24.3334
24.3335
24.3335
24.3334
24.3334
24.3333
24.3332
21.0886
21.0886
21.0886
21.0886
21.0887
21.0887
21.0886
21.0886
21.0886
21.0886
21.0886
21.0886
21.0887
21.0887
21.0887
21.0887
21.0887
21.0887
21.0886
21.0886
21.0886
21.0887
21.0887
21.0887
21.0887
21.0887
21.0887
21.0887
21.0887
21.0886
21.0886
21.0887
21.0887
21.0887
21.0887
21.0887
21.0887
21.0887
21.0887
21.0886
21.0887
21.0887
21.0887
21.0887
21.0888
21.0888
21.0887
21.0887
21.0887
21.0887
21.0887
21.0887
21.0887
21.0887
21.0888
21.0888
21.0887
21.0887
21.0887
21.0887
21.0886
21.0887
21.0887
21.0887
21.0887
21.0887
21.0887
21.0887
21.0887
21.0886
21.0886
21.0887
21.0887
21.0887
21.0887
21.0887
21.0887
21.0887
21.0887
21.0886
21.0886
21.0886
21.0887
21.0887
21.0887
21.0887
21.0887
21.0887
21.0886
21.0886
21.0886
21.0886
21.0886
21.0886
21.0887
21.0887
21.0886
21.0886
21.0886
21.0886
17.8442
17.8442
17.8442
17.8442
17.8442
17.8442
17.8442
17.8442
17.8442
17.8442
17.8442
17.8442
17.8442
17.8442
17.8442
17.8442
17.8442
17.8442
17.8442
17.8442
17.8442
17.8442
17.8442
17.8442
17.8442
17.8442
17.8442
17.8442
17.8442
17.8442
17.8442
17.8442
17.8442
17.8443
17.8443
17.8443
17.8443
17.8442
17.8442
17.8442
17.8442
17.8442
17.8442
17.8443
17.8443
17.8443
17.8443
17.8442
17.8442
17.8442
17.8442
17.8442
17.8442
17.8443
17.8443
17.8443
17.8443
17.8442
17.8442
17.8442
17.8442
17.8442
17.8442
17.8443
17.8443
17.8443
17.8443
17.8442
17.8442
17.8442
17.8442
17.8442
17.8442
17.8442
17.8442
17.8442
17.8442
17.8442
17.8442
17.8442
17.8442
17.8442
17.8442
17.8442
17.8442
17.8442
17.8442
17.8442
17.8442
17.8442
17.8442
17.8442
17.8442
17.8442
17.8442
17.8442
17.8442
17.8442
17.8442
17.8442
14.5997
14.5997
14.5998
14.5998
14.5998
14.5998
14.5998
14.5998
14.5997
14.5997
14.5997
14.5998
14.5998
14.5998
14.5998
14.5998
14.5998
14.5998
14.5998
14.5997
14.5998
14.5998
14.5998
14.5998
14.5998
14.5998
14.5998
14.5998
14.5998
14.5998
14.5998
14.5998
14.5998
14.5998
14.5998
14.5998
14.5998
14.5998
14.5998
14.5998
14.5998
14.5998
14.5998
14.5998
14.5998
14.5998
14.5998
14.5998
14.5998
14.5998
14.5998
14.5998
14.5998
14.5998
14.5998
14.5998
14.5998
14.5998
14.5998
14.5998
14.5998
14.5998
14.5998
14.5998
14.5998
14.5998
14.5998
14.5998
14.5998
14.5998
14.5998
14.5998
14.5998
14.5998
14.5998
14.5998
14.5998
14.5998
14.5998
14.5998
14.5997
14.5998
14.5998
14.5998
14.5998
14.5998
14.5998
14.5998
14.5998
14.5997
14.5997
14.5997
14.5998
14.5998
14.5998
14.5998
14.5998
14.5998
14.5997
14.5997
11.3554
11.3554
11.3554
11.3554
11.3554
11.3554
11.3554
11.3554
11.3554
11.3554
11.3554
11.3554
11.3554
11.3554
11.3554
11.3554
11.3554
11.3554
11.3554
11.3554
11.3554
11.3554
11.3554
11.3554
11.3554
11.3554
11.3554
11.3554
11.3554
11.3554
11.3554
11.3554
11.3554
11.3554
11.3554
11.3554
11.3554
11.3554
11.3554
11.3554
11.3554
11.3554
11.3554
11.3554
11.3554
11.3554
11.3554
11.3554
11.3554
11.3554
11.3554
11.3554
11.3554
11.3554
11.3554
11.3554
11.3554
11.3554
11.3554
11.3554
11.3554
11.3554
11.3554
11.3554
11.3554
11.3554
11.3554
11.3554
11.3554
11.3554
11.3554
11.3554
11.3554
11.3554
11.3554
11.3554
11.3554
11.3554
11.3554
11.3554
11.3554
11.3554
11.3554
11.3554
11.3554
11.3554
11.3554
11.3554
11.3554
11.3554
11.3554
11.3554
11.3554
11.3554
11.3554
11.3554
11.3554
11.3554
11.3554
11.3554
8.11097
8.11097
8.11097
8.11097
8.11097
8.11097
8.11097
8.11097
8.11097
8.11097
8.11097
8.11097
8.11097
8.11097
8.11097
8.11097
8.11097
8.11097
8.11097
8.11097
8.11097
8.11097
8.11097
8.11097
8.11097
8.11097
8.11097
8.11097
8.11097
8.11097
8.11097
8.11097
8.11097
8.11097
8.11097
8.11097
8.11097
8.11097
8.11097
8.11097
8.11097
8.11097
8.11097
8.11097
8.11097
8.11097
8.11097
8.11097
8.11097
8.11097
8.11097
8.11097
8.11097
8.11097
8.11097
8.11097
8.11097
8.11097
8.11097
8.11097
8.11097
8.11097
8.11097
8.11097
8.11097
8.11097
8.11097
8.11097
8.11097
8.11097
8.11097
8.11097
8.11097
8.11097
8.11097
8.11097
8.11097
8.11097
8.11097
8.11097
8.11097
8.11097
8.11097
8.11097
8.11097
8.11097
8.11097
8.11097
8.11097
8.11097
8.11097
8.11097
8.11097
8.11097
8.11097
8.11097
8.11097
8.11097
8.11097
8.11097
4.86658
4.86658
4.86658
4.86658
4.86658
4.86658
4.86658
4.86658
4.86658
4.86658
4.86658
4.86658
4.86658
4.86658
4.86658
4.86658
4.86658
4.86658
4.86658
4.86658
4.86658
4.86658
4.86658
4.86658
4.86658
4.86658
4.86658
4.86658
4.86658
4.86658
4.86658
4.86658
4.86658
4.86658
4.86658
4.86658
4.86658
4.86658
4.86658
4.86658
4.86658
4.86658
4.86658
4.86658
4.86658
4.86658
4.86658
4.86658
4.86658
4.86658
4.86658
4.86658
4.86658
4.86658
4.86658
4.86658
4.86658
4.86658
4.86658
4.86658
4.86658
4.86658
4.86658
4.86658
4.86658
4.86658
4.86658
4.86658
4.86658
4.86658
4.86658
4.86658
4.86658
4.86658
4.86658
4.86658
4.86658
4.86658
4.86658
4.86658
4.86658
4.86658
4.86658
4.86658
4.86658
4.86658
4.86658
4.86658
4.86658
4.86658
4.86658
4.86658
4.86658
4.86658
4.86658
4.86658
4.86658
4.86658
4.86658
4.86658
1.62219
1.62219
1.62219
1.62219
1.62219
1.62219
1.62219
1.62219
1.62219
1.62219
1.62219
1.62219
1.62219
1.62219
1.62219
1.62219
1.62219
1.62219
1.62219
1.62219
1.62219
1.62219
1.62219
1.62219
1.62218
1.62218
1.62218
1.62219
1.62219
1.62219
1.62219
1.62219
1.62219
1.62218
1.62218
1.62218
1.62218
1.62218
1.62219
1.62219
1.62219
1.62219
1.62218
1.62218
1.62218
1.62218
1.62218
1.62218
1.62219
1.62219
1.62219
1.62219
1.62218
1.62218
1.62218
1.62218
1.62218
1.62218
1.62219
1.62219
1.62219
1.62219
1.62218
1.62218
1.62218
1.62218
1.62218
1.62218
1.62219
1.62219
1.62219
1.62219
1.62219
1.62218
1.62218
1.62218
1.62218
1.62219
1.62219
1.62219
1.62219
1.62219
1.62219
1.62219
1.62219
1.62219
1.62219
1.62219
1.62219
1.62219
1.62219
1.62219
1.62219
1.62219
1.62219
1.62219
1.62219
1.62219
1.62219
1.62219
)
;

boundaryField
{
    fixedWalls
    {
        type            zeroGradient;
    }
    inlet
    {
        type            fixedGradient;
        gradient        uniform 0;
    }
    outlet
    {
        type            fixedValue;
        value           uniform 0;
    }
}


// ************************************************************************* //
