/*--------------------------------*- C++ -*----------------------------------*\
| =========                 |                                                 |
| \\      /  F ield         | OpenFOAM: The Open Source CFD Toolbox           |
|  \\    /   O peration     | Version:  2106                                  |
|   \\  /    A nd           | Website:  www.openfoam.com                      |
|    \\/     M anipulation  |                                                 |
\*---------------------------------------------------------------------------*/
FoamFile
{
    version     2.0;
    format      ascii;
    arch        "LSB;label=32;scalar=64";
    class       volScalarField;
    location    "1";
    object      p;
}
// * * * * * * * * * * * * * * * * * * * * * * * * * * * * * * * * * * * * * //

dimensions      [0 2 -2 0 0 0 0];

internalField   nonuniform List<scalar> 
10000
(
98.2442
97.6636
97.299
97.0325
96.8943
96.8943
97.0325
97.299
97.6636
98.2442
89.1296
88.2819
87.7236
87.3289
87.1256
87.1256
87.3289
87.7236
88.2819
89.1296
81.5624
80.5869
79.9503
79.5067
79.2792
79.2792
79.5067
79.9503
80.5869
81.5624
76.3377
75.3355
74.6899
74.2468
74.0197
74.0197
74.2468
74.6899
75.3355
76.3377
72.4172
71.4223
70.7846
70.3555
70.1357
70.1357
70.3555
70.7846
71.4223
72.4172
69.2418
68.2739
67.652
67.2437
67.0351
67.0351
67.2437
67.652
68.2739
69.2418
66.6227
65.7026
65.1061
64.7249
64.5309
64.5309
64.7249
65.1061
65.7026
66.6227
64.4536
63.6047
63.0458
62.6973
62.5206
62.5206
62.6973
63.0458
63.6047
64.4536
62.6546
61.893
61.3845
61.0733
60.9157
60.9157
61.0733
61.3845
61.893
62.6546
61.2461
60.4845
60.0348
59.7611
59.6225
59.6225
59.7611
60.0348
60.4845
61.2461
62.3499
62.5224
62.71
62.8366
62.9021
62.9021
62.8366
62.71
62.5224
62.3499
62.7726
62.8671
62.9936
63.0747
63.1163
63.1163
63.0747
62.9936
62.8671
62.7726
62.75
62.7472
62.7998
62.8281
62.8421
62.8421
62.8281
62.7998
62.7472
62.75
62.3407
62.2479
62.2326
62.2142
62.2041
62.2041
62.2142
62.2326
62.2479
62.3407
61.747
61.5803
61.5072
61.4513
61.422
61.422
61.4513
61.5072
61.5803
61.747
61.0778
60.8554
60.7356
60.6517
60.608
60.608
60.6517
60.7356
60.8554
61.0778
60.388
60.1301
59.9765
59.8744
59.8215
59.8215
59.8744
59.9765
60.1301
60.388
59.7091
59.4394
59.2674
59.1568
59.0996
59.0996
59.1568
59.2674
59.4394
59.7091
59.0767
58.8113
58.6328
58.5207
58.4625
58.4625
58.5207
58.6328
58.8113
59.0767
58.5941
58.2467
58.0633
57.9504
57.8917
57.8917
57.9504
58.0633
58.2467
58.5941
57.7566
57.7423
57.744
57.7406
57.739
57.739
57.7406
57.744
57.7423
57.7566
58.1674
58.1509
58.1521
58.147
58.1443
58.1443
58.147
58.1521
58.1509
58.1674
58.5077
58.4727
58.4625
58.4477
58.4398
58.4398
58.4477
58.4625
58.4727
58.5077
58.5612
58.4931
58.4608
58.4301
58.4137
58.4137
58.4301
58.4608
58.4931
58.5612
58.418
58.3147
58.2581
58.2114
58.1867
58.1867
58.2114
58.2581
58.3147
58.418
58.1721
58.0383
57.9594
57.8994
57.8678
57.8678
57.8994
57.9594
58.0383
58.1721
57.8719
57.7159
57.6189
57.5495
57.5131
57.5131
57.5495
57.6189
57.7159
57.8719
57.5442
57.378
57.2697
57.1954
57.1565
57.1565
57.1954
57.2697
57.378
57.5442
57.2218
57.053
56.9374
56.8608
56.8207
56.8207
56.8608
56.9374
57.053
57.2218
56.9798
56.7469
56.6208
56.5403
56.4985
56.4985
56.5403
56.6208
56.7469
56.9798
53.0627
53.0824
53.1074
53.1233
53.1318
53.1318
53.1233
53.1074
53.0824
53.0627
53.2729
53.2965
53.3255
53.3438
53.3535
53.3535
53.3438
53.3255
53.2965
53.2729
53.4516
53.4729
53.5016
53.5191
53.5283
53.5283
53.5191
53.5016
53.4729
53.4516
53.5379
53.5489
53.5708
53.5829
53.5892
53.5892
53.5829
53.5708
53.5489
53.5379
53.5527
53.5494
53.5609
53.5656
53.5679
53.5679
53.5656
53.5609
53.5494
53.5527
53.5193
53.5012
53.5014
53.4983
53.4966
53.4966
53.4983
53.5014
53.5012
53.5193
53.4515
53.4206
53.4101
53.4004
53.3951
53.3951
53.4004
53.4101
53.4206
53.4515
53.3588
53.32
53.3011
53.2864
53.2784
53.2784
53.2864
53.3011
53.32
53.3588
53.2595
53.2148
53.1878
53.1685
53.158
53.158
53.1685
53.1878
53.2148
53.2595
53.1986
53.1101
53.0692
53.0424
53.0282
53.0282
53.0424
53.0692
53.1101
53.1986
49.862
49.8621
49.8642
49.8643
49.8644
49.8644
49.8643
49.8642
49.8621
49.862
49.9607
49.9644
49.9696
49.9719
49.9731
49.9731
49.9719
49.9696
49.9644
49.9607
50.0614
50.0666
50.0735
50.0766
50.0782
50.0782
50.0766
50.0735
50.0666
50.0614
50.13
50.1331
50.139
50.141
50.1419
50.1419
50.141
50.139
50.1331
50.13
50.1685
50.1673
50.1704
50.17
50.1697
50.1697
50.17
50.1703
50.1673
50.1685
50.1837
50.1772
50.1765
50.1735
50.1717
50.1717
50.1735
50.1765
50.1772
50.1837
50.1806
50.1689
50.1642
50.1586
50.1555
50.1555
50.1586
50.1642
50.1689
50.1806
50.1633
50.1481
50.1399
50.1322
50.1279
50.1279
50.1322
50.1399
50.1481
50.1633
50.1414
50.1226
50.1102
50.1001
50.0946
50.0946
50.1001
50.1102
50.1226
50.1414
50.1362
50.0945
50.0738
50.0596
50.052
50.052
50.0596
50.0738
50.0945
50.1362
46.5643
46.5674
46.5711
46.5733
46.5744
46.5744
46.5733
46.5711
46.5674
46.5643
46.6055
46.6103
46.6156
46.6189
46.6206
46.6206
46.6189
46.6156
46.6103
46.6055
46.6475
46.6534
46.66
46.6641
46.6662
46.6662
46.6641
46.66
46.6534
46.6475
46.6792
46.685
46.6918
46.6958
46.6979
46.6979
46.6958
46.6918
46.685
46.6792
46.7007
46.7053
46.7114
46.7147
46.7165
46.7165
46.7147
46.7114
46.7053
46.7007
46.7135
46.7163
46.721
46.7233
46.7245
46.7245
46.7233
46.721
46.7163
46.7135
46.7186
46.7193
46.7224
46.7236
46.7241
46.7241
46.7236
46.7224
46.7193
46.7186
46.717
46.7161
46.7177
46.7178
46.7177
46.7177
46.7178
46.7177
46.7161
46.717
46.713
46.7103
46.7095
46.7081
46.7072
46.7072
46.7081
46.7095
46.7103
46.713
46.7173
46.7028
46.697
46.6928
46.6906
46.6906
46.6928
46.697
46.7028
46.7173
43.392
43.3924
43.393
43.3932
43.3932
43.3932
43.3932
43.393
43.3924
43.392
43.4093
43.4107
43.412
43.4127
43.4131
43.4131
43.4127
43.412
43.4107
43.4093
43.4292
43.4312
43.4333
43.4344
43.435
43.435
43.4344
43.4333
43.4312
43.4292
43.4462
43.4486
43.4511
43.4524
43.453
43.453
43.4524
43.4511
43.4486
43.4462
43.4601
43.4624
43.4649
43.4661
43.4667
43.4667
43.4661
43.4649
43.4624
43.4601
43.4709
43.4729
43.4751
43.4761
43.4766
43.4766
43.4761
43.4751
43.4729
43.4709
43.4789
43.4803
43.4822
43.4828
43.4831
43.4831
43.4828
43.4822
43.4803
43.4789
43.4842
43.4852
43.4866
43.4869
43.487
43.487
43.4869
43.4866
43.4852
43.4842
43.4888
43.4891
43.4895
43.4892
43.4889
43.4889
43.4892
43.4895
43.4891
43.4888
43.497
43.492
43.4901
43.4885
43.4877
43.4877
43.4885
43.4901
43.492
43.497
40.1839
40.1845
40.1851
40.1855
40.1857
40.1857
40.1855
40.1851
40.1845
40.1839
40.1906
40.1915
40.1925
40.1931
40.1934
40.1934
40.1931
40.1925
40.1915
40.1906
40.1982
40.1995
40.2008
40.2016
40.2021
40.2021
40.2016
40.2008
40.1995
40.1982
40.2052
40.2067
40.2083
40.2093
40.2098
40.2098
40.2093
40.2083
40.2067
40.2052
40.2113
40.2129
40.2146
40.2156
40.2161
40.2161
40.2156
40.2146
40.2129
40.2113
40.2164
40.218
40.2197
40.2207
40.2211
40.2211
40.2207
40.2197
40.218
40.2164
40.2205
40.222
40.2236
40.2244
40.2248
40.2248
40.2244
40.2236
40.222
40.2205
40.2235
40.2249
40.2263
40.227
40.2274
40.2274
40.227
40.2263
40.2249
40.2235
40.2263
40.2273
40.2283
40.2287
40.2289
40.2289
40.2287
40.2283
40.2273
40.2263
40.2305
40.2292
40.2291
40.2288
40.2287
40.2287
40.2288
40.2291
40.2292
40.2305
36.9828
36.9829
36.9831
36.9831
36.9831
36.9831
36.9831
36.9831
36.9829
36.9828
36.9853
36.9856
36.9859
36.986
36.9861
36.9861
36.986
36.9859
36.9856
36.9853
36.9886
36.989
36.9895
36.9897
36.9898
36.9898
36.9897
36.9895
36.989
36.9886
36.9918
36.9925
36.9931
36.9934
36.9936
36.9936
36.9934
36.9931
36.9925
36.9918
36.995
36.9958
36.9965
36.9969
36.9971
36.9971
36.9969
36.9965
36.9958
36.995
36.998
36.9989
36.9996
37
37.0002
37.0002
37
36.9996
36.9989
36.998
37.0008
37.0016
37.0024
37.0028
37.003
37.003
37.0028
37.0024
37.0016
37.0008
37.0032
37.0041
37.0049
37.0053
37.0055
37.0055
37.0053
37.0049
37.0041
37.0032
37.0056
37.0064
37.0071
37.0074
37.0075
37.0075
37.0074
37.0071
37.0064
37.0056
37.0087
37.0086
37.0088
37.0088
37.0088
37.0088
37.0088
37.0088
37.0086
37.0087
33.7712
33.7713
33.7714
33.7714
33.7715
33.7715
33.7714
33.7714
33.7713
33.7712
33.772
33.7721
33.7723
33.7724
33.7725
33.7725
33.7724
33.7723
33.7721
33.772
33.7731
33.7733
33.7735
33.7737
33.7738
33.7738
33.7737
33.7735
33.7733
33.7731
33.7743
33.7746
33.7749
33.7751
33.7752
33.7752
33.7751
33.7749
33.7746
33.7743
33.7755
33.7759
33.7763
33.7765
33.7767
33.7767
33.7765
33.7763
33.7759
33.7755
33.7768
33.7773
33.7777
33.7779
33.778
33.778
33.7779
33.7777
33.7773
33.7768
33.778
33.7785
33.7789
33.7792
33.7793
33.7793
33.7792
33.7789
33.7785
33.778
33.7791
33.7796
33.7801
33.7803
33.7805
33.7805
33.7803
33.7801
33.7796
33.7791
33.7802
33.7807
33.7811
33.7813
33.7814
33.7814
33.7813
33.7811
33.7807
33.7802
33.7816
33.7817
33.7819
33.782
33.7821
33.7821
33.782
33.7819
33.7817
33.7816
30.5583
30.5584
30.5584
30.5584
30.5584
30.5584
30.5584
30.5584
30.5584
30.5583
30.5586
30.5586
30.5587
30.5587
30.5587
30.5587
30.5587
30.5587
30.5586
30.5586
30.559
30.559
30.5591
30.5592
30.5592
30.5592
30.5592
30.5591
30.559
30.559
30.5595
30.5596
30.5597
30.5598
30.5598
30.5598
30.5598
30.5597
30.5596
30.5595
30.56
30.5602
30.5604
30.5604
30.5605
30.5605
30.5604
30.5604
30.5602
30.56
30.5607
30.5609
30.5611
30.5612
30.5612
30.5612
30.5612
30.5611
30.5609
30.5607
30.5613
30.5616
30.5618
30.5619
30.562
30.562
30.5619
30.5618
30.5616
30.5613
30.562
30.5623
30.5625
30.5626
30.5627
30.5627
30.5626
30.5625
30.5623
30.562
30.5627
30.5629
30.5631
30.5633
30.5633
30.5633
30.5633
30.5631
30.5629
30.5627
30.5634
30.5636
30.5637
30.5638
30.5639
30.5639
30.5638
30.5637
30.5636
30.5634
27.3428
27.3428
27.3429
27.3429
27.3429
27.3429
27.3429
27.3429
27.3428
27.3428
27.3429
27.3429
27.3429
27.3429
27.3429
27.3429
27.3429
27.3429
27.3429
27.3429
27.3429
27.343
27.343
27.343
27.343
27.343
27.343
27.343
27.343
27.3429
27.3431
27.3432
27.3432
27.3432
27.3433
27.3433
27.3432
27.3432
27.3432
27.3431
27.3433
27.3434
27.3434
27.3435
27.3435
27.3435
27.3435
27.3434
27.3434
27.3433
27.3435
27.3436
27.3437
27.3438
27.3438
27.3438
27.3438
27.3437
27.3436
27.3435
27.3438
27.3439
27.344
27.3441
27.3441
27.3441
27.3441
27.344
27.3439
27.3438
27.3441
27.3442
27.3443
27.3444
27.3444
27.3444
27.3444
27.3443
27.3442
27.3441
27.3444
27.3445
27.3446
27.3447
27.3447
27.3447
27.3447
27.3446
27.3445
27.3444
27.3447
27.3448
27.3449
27.3449
27.3449
27.3449
27.3449
27.3449
27.3448
27.3447
24.1268
24.1268
24.1268
24.1268
24.1268
24.1268
24.1268
24.1268
24.1268
24.1268
24.1267
24.1267
24.1267
24.1267
24.1267
24.1267
24.1267
24.1267
24.1267
24.1267
24.1267
24.1268
24.1268
24.1268
24.1268
24.1268
24.1268
24.1268
24.1268
24.1267
24.1268
24.1268
24.1268
24.1268
24.1268
24.1268
24.1268
24.1268
24.1268
24.1268
24.1269
24.1269
24.1269
24.1269
24.127
24.127
24.1269
24.1269
24.1269
24.1269
24.127
24.127
24.1271
24.1271
24.1271
24.1271
24.1271
24.1271
24.127
24.127
24.1271
24.1272
24.1272
24.1272
24.1272
24.1272
24.1272
24.1272
24.1272
24.1271
24.1273
24.1273
24.1274
24.1274
24.1274
24.1274
24.1274
24.1274
24.1273
24.1273
24.1274
24.1275
24.1275
24.1275
24.1276
24.1276
24.1275
24.1275
24.1275
24.1274
24.1276
24.1276
24.1277
24.1277
24.1277
24.1277
24.1277
24.1277
24.1276
24.1276
20.9101
20.9101
20.9101
20.9101
20.9101
20.9101
20.9101
20.9101
20.9101
20.9101
20.9101
20.9101
20.9101
20.9101
20.9101
20.9101
20.9101
20.9101
20.9101
20.9101
20.91
20.91
20.91
20.9101
20.9101
20.9101
20.9101
20.91
20.91
20.91
20.91
20.9101
20.9101
20.9101
20.9101
20.9101
20.9101
20.9101
20.9101
20.91
20.9101
20.9101
20.9101
20.9101
20.9101
20.9101
20.9101
20.9101
20.9101
20.9101
20.9101
20.9101
20.9101
20.9101
20.9102
20.9102
20.9101
20.9101
20.9101
20.9101
20.9102
20.9102
20.9102
20.9102
20.9102
20.9102
20.9102
20.9102
20.9102
20.9102
20.9102
20.9102
20.9102
20.9103
20.9103
20.9103
20.9103
20.9102
20.9102
20.9102
20.9103
20.9103
20.9103
20.9103
20.9103
20.9103
20.9103
20.9103
20.9103
20.9103
20.9103
20.9103
20.9104
20.9104
20.9104
20.9104
20.9104
20.9104
20.9103
20.9103
17.6933
17.6933
17.6933
17.6933
17.6933
17.6933
17.6933
17.6933
17.6933
17.6933
17.6933
17.6933
17.6932
17.6932
17.6932
17.6932
17.6932
17.6932
17.6933
17.6933
17.6932
17.6932
17.6932
17.6932
17.6932
17.6932
17.6932
17.6932
17.6932
17.6932
17.6932
17.6932
17.6932
17.6932
17.6932
17.6932
17.6932
17.6932
17.6932
17.6932
17.6932
17.6932
17.6933
17.6933
17.6933
17.6933
17.6933
17.6933
17.6932
17.6932
17.6933
17.6933
17.6933
17.6933
17.6933
17.6933
17.6933
17.6933
17.6933
17.6933
17.6933
17.6933
17.6933
17.6933
17.6933
17.6933
17.6933
17.6933
17.6933
17.6933
17.6933
17.6933
17.6933
17.6933
17.6933
17.6933
17.6933
17.6933
17.6933
17.6933
17.6933
17.6933
17.6933
17.6934
17.6934
17.6934
17.6934
17.6933
17.6933
17.6933
17.6934
17.6934
17.6934
17.6934
17.6934
17.6934
17.6934
17.6934
17.6934
17.6934
14.4763
14.4763
14.4763
14.4763
14.4763
14.4763
14.4763
14.4763
14.4763
14.4763
14.4763
14.4763
14.4763
14.4763
14.4763
14.4763
14.4763
14.4763
14.4763
14.4763
14.4763
14.4763
14.4763
14.4763
14.4763
14.4763
14.4763
14.4763
14.4763
14.4763
14.4763
14.4763
14.4763
14.4763
14.4763
14.4763
14.4763
14.4763
14.4763
14.4763
14.4763
14.4763
14.4763
14.4763
14.4763
14.4763
14.4763
14.4763
14.4763
14.4763
14.4763
14.4763
14.4763
14.4763
14.4763
14.4763
14.4763
14.4763
14.4763
14.4763
14.4763
14.4763
14.4763
14.4763
14.4763
14.4763
14.4763
14.4763
14.4763
14.4763
14.4763
14.4763
14.4763
14.4763
14.4763
14.4763
14.4763
14.4763
14.4763
14.4763
14.4763
14.4763
14.4764
14.4764
14.4764
14.4764
14.4764
14.4764
14.4763
14.4763
14.4764
14.4764
14.4764
14.4764
14.4764
14.4764
14.4764
14.4764
14.4764
14.4764
11.2594
11.2594
11.2594
11.2594
11.2594
11.2594
11.2594
11.2594
11.2594
11.2594
11.2594
11.2594
11.2594
11.2594
11.2594
11.2594
11.2594
11.2594
11.2594
11.2594
11.2594
11.2594
11.2594
11.2594
11.2594
11.2594
11.2594
11.2594
11.2594
11.2594
11.2594
11.2594
11.2594
11.2594
11.2594
11.2594
11.2594
11.2594
11.2594
11.2594
11.2594
11.2594
11.2594
11.2594
11.2594
11.2594
11.2594
11.2594
11.2594
11.2594
11.2594
11.2594
11.2594
11.2594
11.2594
11.2594
11.2594
11.2594
11.2594
11.2594
11.2594
11.2594
11.2594
11.2594
11.2594
11.2594
11.2594
11.2594
11.2594
11.2594
11.2594
11.2594
11.2594
11.2594
11.2594
11.2594
11.2594
11.2594
11.2594
11.2594
11.2594
11.2594
11.2594
11.2594
11.2594
11.2594
11.2594
11.2594
11.2594
11.2594
11.2594
11.2594
11.2594
11.2594
11.2594
11.2594
11.2594
11.2594
11.2594
11.2594
8.04243
8.04243
8.04243
8.04243
8.04243
8.04243
8.04243
8.04243
8.04243
8.04243
8.04242
8.04242
8.04242
8.04242
8.04242
8.04242
8.04242
8.04242
8.04242
8.04242
8.04242
8.04242
8.04242
8.04242
8.04242
8.04242
8.04242
8.04242
8.04242
8.04242
8.04242
8.04242
8.04242
8.04242
8.04242
8.04242
8.04242
8.04242
8.04242
8.04242
8.04242
8.04242
8.04242
8.04242
8.04242
8.04242
8.04242
8.04242
8.04242
8.04242
8.04242
8.04242
8.04242
8.04242
8.04242
8.04242
8.04242
8.04242
8.04242
8.04242
8.04242
8.04242
8.04242
8.04242
8.04242
8.04242
8.04242
8.04242
8.04242
8.04242
8.04242
8.04242
8.04242
8.04242
8.04242
8.04242
8.04242
8.04242
8.04242
8.04242
8.04242
8.04242
8.04242
8.04242
8.04242
8.04242
8.04242
8.04242
8.04242
8.04242
8.04242
8.04242
8.04242
8.04242
8.04242
8.04242
8.04242
8.04242
8.04242
8.04242
4.82546
4.82546
4.82546
4.82546
4.82546
4.82546
4.82546
4.82546
4.82546
4.82546
4.82545
4.82545
4.82545
4.82545
4.82545
4.82545
4.82545
4.82545
4.82545
4.82545
4.82545
4.82545
4.82545
4.82545
4.82545
4.82545
4.82545
4.82545
4.82545
4.82545
4.82545
4.82545
4.82545
4.82545
4.82545
4.82545
4.82545
4.82545
4.82545
4.82545
4.82545
4.82545
4.82545
4.82545
4.82545
4.82545
4.82545
4.82545
4.82545
4.82545
4.82545
4.82545
4.82545
4.82545
4.82545
4.82545
4.82545
4.82545
4.82545
4.82545
4.82545
4.82545
4.82545
4.82545
4.82545
4.82545
4.82545
4.82545
4.82545
4.82545
4.82545
4.82545
4.82545
4.82545
4.82545
4.82545
4.82545
4.82545
4.82545
4.82545
4.82545
4.82545
4.82545
4.82545
4.82545
4.82545
4.82545
4.82545
4.82545
4.82545
4.82545
4.82545
4.82545
4.82545
4.82545
4.82545
4.82545
4.82545
4.82545
4.82545
1.60849
1.60849
1.60849
1.60849
1.60849
1.60849
1.60849
1.60849
1.60849
1.60849
1.60849
1.60849
1.60849
1.60849
1.60849
1.60849
1.60849
1.60849
1.60849
1.60849
1.60849
1.60849
1.60849
1.60849
1.60849
1.60849
1.60849
1.60849
1.60849
1.60849
1.60848
1.60848
1.60848
1.60848
1.60848
1.60848
1.60848
1.60848
1.60848
1.60849
1.60848
1.60848
1.60848
1.60848
1.60848
1.60848
1.60848
1.60848
1.60848
1.60848
1.60848
1.60848
1.60848
1.60848
1.60848
1.60848
1.60848
1.60848
1.60848
1.60848
1.60848
1.60848
1.60848
1.60848
1.60848
1.60848
1.60848
1.60848
1.60848
1.60848
1.60848
1.60848
1.60848
1.60848
1.60848
1.60848
1.60848
1.60848
1.60848
1.60848
1.60848
1.60848
1.60848
1.60848
1.60848
1.60848
1.60848
1.60848
1.60848
1.60848
1.60848
1.60848
1.60848
1.60848
1.60848
1.60848
1.60848
1.60848
1.60848
1.60848
98.2442
97.6636
97.299
97.0325
96.8943
96.8943
97.0325
97.299
97.6636
98.2442
89.1296
88.2819
87.7236
87.3289
87.1256
87.1256
87.3289
87.7236
88.2819
89.1296
81.5624
80.5869
79.9503
79.5067
79.2792
79.2792
79.5067
79.9503
80.5869
81.5624
76.3377
75.3355
74.6899
74.2468
74.0197
74.0197
74.2468
74.6899
75.3355
76.3377
72.4172
71.4223
70.7846
70.3555
70.1357
70.1357
70.3555
70.7846
71.4223
72.4172
69.2418
68.2739
67.652
67.2437
67.0351
67.0351
67.2437
67.652
68.2739
69.2418
66.6227
65.7026
65.1061
64.7249
64.5309
64.5309
64.7249
65.1061
65.7026
66.6227
64.4536
63.6047
63.0458
62.6973
62.5206
62.5206
62.6973
63.0458
63.6047
64.4536
62.6546
61.893
61.3845
61.0733
60.9157
60.9157
61.0733
61.3845
61.893
62.6546
61.2461
60.4845
60.0348
59.7611
59.6225
59.6225
59.7611
60.0348
60.4846
61.2461
62.3499
62.5224
62.71
62.8366
62.9021
62.9021
62.8366
62.71
62.5224
62.3499
62.7726
62.8671
62.9936
63.0747
63.1163
63.1163
63.0747
62.9936
62.8671
62.7726
62.75
62.7472
62.7998
62.8281
62.8421
62.8421
62.8281
62.7998
62.7472
62.75
62.3407
62.2479
62.2326
62.2142
62.2041
62.2041
62.2142
62.2326
62.2479
62.3407
61.747
61.5803
61.5072
61.4513
61.422
61.422
61.4513
61.5072
61.5803
61.747
61.0778
60.8554
60.7356
60.6517
60.608
60.608
60.6517
60.7356
60.8554
61.0778
60.388
60.1301
59.9765
59.8744
59.8215
59.8215
59.8744
59.9765
60.1301
60.388
59.7091
59.4394
59.2674
59.1568
59.0996
59.0996
59.1568
59.2674
59.4394
59.7091
59.0767
58.8113
58.6328
58.5207
58.4625
58.4625
58.5207
58.6328
58.8113
59.0767
58.5941
58.2467
58.0633
57.9504
57.8917
57.8917
57.9504
58.0633
58.2467
58.5941
57.7566
57.7423
57.744
57.7406
57.739
57.739
57.7406
57.744
57.7423
57.7566
58.1674
58.1509
58.1521
58.147
58.1443
58.1443
58.147
58.1521
58.1509
58.1674
58.5077
58.4727
58.4625
58.4477
58.4398
58.4398
58.4477
58.4625
58.4727
58.5077
58.5612
58.4931
58.4608
58.4301
58.4137
58.4137
58.4301
58.4608
58.4931
58.5612
58.418
58.3147
58.2581
58.2114
58.1867
58.1867
58.2114
58.2581
58.3147
58.418
58.1721
58.0383
57.9594
57.8994
57.8678
57.8678
57.8994
57.9594
58.0383
58.1721
57.8719
57.7159
57.6189
57.5495
57.5131
57.5131
57.5495
57.6189
57.7159
57.8719
57.5442
57.378
57.2697
57.1954
57.1565
57.1565
57.1954
57.2697
57.378
57.5442
57.2218
57.053
56.9374
56.8608
56.8207
56.8207
56.8608
56.9374
57.053
57.2218
56.9798
56.7469
56.6208
56.5403
56.4985
56.4985
56.5403
56.6208
56.7469
56.9798
53.0627
53.0824
53.1074
53.1233
53.1318
53.1318
53.1233
53.1074
53.0824
53.0627
53.2729
53.2965
53.3255
53.3438
53.3535
53.3535
53.3438
53.3255
53.2965
53.2729
53.4516
53.4729
53.5016
53.5191
53.5283
53.5283
53.5191
53.5016
53.4729
53.4516
53.5379
53.5489
53.5708
53.5829
53.5892
53.5892
53.5829
53.5708
53.5489
53.5379
53.5527
53.5494
53.5609
53.5656
53.5679
53.5679
53.5656
53.5609
53.5494
53.5527
53.5193
53.5012
53.5014
53.4983
53.4966
53.4966
53.4983
53.5014
53.5012
53.5193
53.4515
53.4206
53.4101
53.4004
53.3951
53.3951
53.4004
53.4101
53.4206
53.4515
53.3588
53.32
53.3011
53.2864
53.2784
53.2784
53.2864
53.3011
53.32
53.3588
53.2595
53.2148
53.1878
53.1685
53.158
53.158
53.1685
53.1878
53.2148
53.2595
53.1986
53.1101
53.0692
53.0424
53.0282
53.0282
53.0424
53.0692
53.1101
53.1986
49.862
49.8621
49.8642
49.8643
49.8644
49.8644
49.8643
49.8642
49.8621
49.862
49.9607
49.9644
49.9696
49.9719
49.9731
49.9731
49.9719
49.9696
49.9644
49.9607
50.0614
50.0666
50.0735
50.0766
50.0782
50.0782
50.0766
50.0735
50.0666
50.0614
50.13
50.1331
50.139
50.141
50.1419
50.1419
50.141
50.139
50.1331
50.13
50.1685
50.1673
50.1703
50.17
50.1697
50.1697
50.17
50.1703
50.1673
50.1685
50.1837
50.1772
50.1765
50.1735
50.1717
50.1717
50.1735
50.1765
50.1772
50.1837
50.1806
50.1689
50.1642
50.1586
50.1555
50.1555
50.1586
50.1642
50.1689
50.1806
50.1633
50.1481
50.1399
50.1322
50.1279
50.1279
50.1322
50.1399
50.1481
50.1633
50.1414
50.1226
50.1102
50.1001
50.0946
50.0946
50.1001
50.1102
50.1226
50.1414
50.1362
50.0945
50.0738
50.0596
50.052
50.052
50.0596
50.0738
50.0945
50.1362
46.5643
46.5674
46.5711
46.5733
46.5744
46.5744
46.5733
46.5711
46.5674
46.5643
46.6055
46.6103
46.6156
46.6189
46.6206
46.6206
46.6189
46.6156
46.6103
46.6055
46.6475
46.6534
46.66
46.6641
46.6662
46.6662
46.6641
46.66
46.6534
46.6475
46.6792
46.685
46.6918
46.6958
46.6979
46.6979
46.6958
46.6918
46.685
46.6792
46.7007
46.7053
46.7114
46.7147
46.7165
46.7165
46.7147
46.7114
46.7053
46.7007
46.7135
46.7163
46.721
46.7233
46.7245
46.7245
46.7233
46.721
46.7163
46.7135
46.7186
46.7193
46.7224
46.7236
46.7241
46.7241
46.7236
46.7224
46.7193
46.7186
46.717
46.7161
46.7177
46.7178
46.7177
46.7177
46.7178
46.7177
46.7161
46.717
46.713
46.7103
46.7095
46.7081
46.7072
46.7072
46.7081
46.7095
46.7103
46.713
46.7173
46.7028
46.697
46.6928
46.6906
46.6906
46.6928
46.697
46.7028
46.7173
43.392
43.3924
43.393
43.3932
43.3932
43.3932
43.3932
43.393
43.3924
43.392
43.4093
43.4107
43.412
43.4127
43.4131
43.4131
43.4127
43.412
43.4107
43.4093
43.4292
43.4312
43.4333
43.4344
43.435
43.435
43.4344
43.4333
43.4312
43.4292
43.4462
43.4486
43.4511
43.4524
43.453
43.453
43.4524
43.4511
43.4486
43.4462
43.4601
43.4624
43.4649
43.4661
43.4667
43.4667
43.4661
43.4649
43.4624
43.4601
43.4709
43.4729
43.4751
43.4761
43.4766
43.4766
43.4761
43.4751
43.4729
43.4709
43.4789
43.4803
43.4822
43.4828
43.4831
43.4831
43.4828
43.4822
43.4803
43.4789
43.4842
43.4852
43.4866
43.4869
43.487
43.487
43.4869
43.4866
43.4852
43.4842
43.4888
43.4891
43.4895
43.4892
43.4889
43.4889
43.4892
43.4895
43.4891
43.4888
43.497
43.492
43.4901
43.4885
43.4877
43.4877
43.4885
43.4901
43.492
43.497
40.1839
40.1845
40.1851
40.1855
40.1857
40.1857
40.1855
40.1851
40.1845
40.1839
40.1906
40.1915
40.1925
40.1931
40.1934
40.1934
40.1931
40.1925
40.1915
40.1906
40.1982
40.1995
40.2008
40.2016
40.2021
40.2021
40.2016
40.2008
40.1995
40.1982
40.2052
40.2067
40.2083
40.2093
40.2098
40.2098
40.2093
40.2083
40.2067
40.2052
40.2113
40.2129
40.2146
40.2156
40.2161
40.2161
40.2156
40.2146
40.2129
40.2113
40.2164
40.218
40.2197
40.2207
40.2211
40.2211
40.2207
40.2197
40.218
40.2164
40.2205
40.222
40.2236
40.2244
40.2248
40.2248
40.2244
40.2236
40.222
40.2205
40.2235
40.2249
40.2263
40.227
40.2274
40.2274
40.227
40.2263
40.2249
40.2235
40.2263
40.2273
40.2283
40.2287
40.2289
40.2289
40.2287
40.2283
40.2273
40.2263
40.2305
40.2292
40.2291
40.2288
40.2287
40.2287
40.2288
40.2291
40.2292
40.2305
36.9828
36.9829
36.9831
36.9831
36.9831
36.9831
36.9831
36.9831
36.9829
36.9828
36.9853
36.9856
36.9859
36.986
36.9861
36.9861
36.986
36.9859
36.9856
36.9853
36.9886
36.989
36.9895
36.9897
36.9898
36.9898
36.9897
36.9895
36.989
36.9886
36.9918
36.9925
36.9931
36.9934
36.9936
36.9936
36.9934
36.9931
36.9925
36.9918
36.995
36.9958
36.9965
36.9969
36.9971
36.9971
36.9969
36.9965
36.9958
36.995
36.998
36.9989
36.9996
37
37.0002
37.0002
37
36.9996
36.9989
36.998
37.0008
37.0016
37.0024
37.0028
37.003
37.003
37.0028
37.0024
37.0016
37.0008
37.0032
37.0041
37.0049
37.0053
37.0055
37.0055
37.0053
37.0049
37.0041
37.0032
37.0056
37.0064
37.0071
37.0074
37.0075
37.0075
37.0074
37.0071
37.0064
37.0056
37.0087
37.0086
37.0088
37.0088
37.0088
37.0088
37.0088
37.0088
37.0086
37.0087
33.7712
33.7713
33.7714
33.7714
33.7715
33.7715
33.7714
33.7714
33.7713
33.7712
33.772
33.7721
33.7723
33.7724
33.7725
33.7725
33.7724
33.7723
33.7721
33.772
33.7731
33.7733
33.7735
33.7737
33.7738
33.7738
33.7737
33.7735
33.7733
33.7731
33.7743
33.7746
33.7749
33.7751
33.7752
33.7752
33.7751
33.7749
33.7746
33.7743
33.7755
33.7759
33.7763
33.7765
33.7767
33.7767
33.7765
33.7763
33.7759
33.7755
33.7768
33.7773
33.7777
33.7779
33.778
33.778
33.7779
33.7777
33.7773
33.7768
33.778
33.7785
33.7789
33.7792
33.7793
33.7793
33.7792
33.7789
33.7785
33.778
33.7791
33.7796
33.7801
33.7803
33.7805
33.7805
33.7803
33.7801
33.7796
33.7791
33.7802
33.7807
33.7811
33.7813
33.7814
33.7814
33.7813
33.7811
33.7807
33.7802
33.7816
33.7817
33.7819
33.782
33.7821
33.7821
33.782
33.7819
33.7817
33.7816
30.5583
30.5584
30.5584
30.5584
30.5584
30.5584
30.5584
30.5584
30.5584
30.5583
30.5586
30.5586
30.5587
30.5587
30.5587
30.5587
30.5587
30.5587
30.5586
30.5586
30.559
30.559
30.5591
30.5592
30.5592
30.5592
30.5592
30.5591
30.559
30.559
30.5595
30.5596
30.5597
30.5598
30.5598
30.5598
30.5598
30.5597
30.5596
30.5595
30.56
30.5602
30.5604
30.5604
30.5605
30.5605
30.5604
30.5604
30.5602
30.56
30.5607
30.5609
30.5611
30.5612
30.5612
30.5612
30.5612
30.5611
30.5609
30.5607
30.5613
30.5616
30.5618
30.5619
30.562
30.562
30.5619
30.5618
30.5616
30.5613
30.562
30.5623
30.5625
30.5626
30.5627
30.5627
30.5626
30.5625
30.5623
30.562
30.5627
30.5629
30.5631
30.5633
30.5633
30.5633
30.5633
30.5631
30.5629
30.5627
30.5634
30.5636
30.5637
30.5638
30.5639
30.5639
30.5638
30.5637
30.5636
30.5634
27.3428
27.3428
27.3429
27.3429
27.3429
27.3429
27.3429
27.3429
27.3428
27.3428
27.3429
27.3429
27.3429
27.3429
27.3429
27.3429
27.3429
27.3429
27.3429
27.3429
27.3429
27.343
27.343
27.343
27.343
27.343
27.343
27.343
27.343
27.3429
27.3431
27.3432
27.3432
27.3432
27.3433
27.3433
27.3432
27.3432
27.3432
27.3431
27.3433
27.3434
27.3434
27.3435
27.3435
27.3435
27.3435
27.3434
27.3434
27.3433
27.3435
27.3436
27.3437
27.3438
27.3438
27.3438
27.3438
27.3437
27.3436
27.3435
27.3438
27.3439
27.344
27.3441
27.3441
27.3441
27.3441
27.344
27.3439
27.3438
27.3441
27.3442
27.3443
27.3444
27.3444
27.3444
27.3444
27.3443
27.3442
27.3441
27.3444
27.3445
27.3446
27.3447
27.3447
27.3447
27.3447
27.3446
27.3445
27.3444
27.3447
27.3448
27.3449
27.3449
27.3449
27.3449
27.3449
27.3449
27.3448
27.3447
24.1268
24.1268
24.1268
24.1268
24.1268
24.1268
24.1268
24.1268
24.1268
24.1268
24.1267
24.1267
24.1267
24.1267
24.1267
24.1267
24.1267
24.1267
24.1267
24.1267
24.1267
24.1268
24.1268
24.1268
24.1268
24.1268
24.1268
24.1268
24.1268
24.1267
24.1268
24.1268
24.1268
24.1268
24.1268
24.1268
24.1268
24.1268
24.1268
24.1268
24.1269
24.1269
24.1269
24.1269
24.127
24.127
24.1269
24.1269
24.1269
24.1269
24.127
24.127
24.1271
24.1271
24.1271
24.1271
24.1271
24.1271
24.127
24.127
24.1271
24.1272
24.1272
24.1272
24.1272
24.1272
24.1272
24.1272
24.1272
24.1271
24.1273
24.1273
24.1274
24.1274
24.1274
24.1274
24.1274
24.1274
24.1273
24.1273
24.1274
24.1275
24.1275
24.1275
24.1276
24.1276
24.1275
24.1275
24.1275
24.1274
24.1276
24.1276
24.1277
24.1277
24.1277
24.1277
24.1277
24.1277
24.1276
24.1276
20.9101
20.9101
20.9101
20.9101
20.9101
20.9101
20.9101
20.9101
20.9101
20.9101
20.9101
20.9101
20.9101
20.9101
20.9101
20.9101
20.9101
20.9101
20.9101
20.9101
20.91
20.91
20.91
20.9101
20.9101
20.9101
20.9101
20.91
20.91
20.91
20.91
20.9101
20.9101
20.9101
20.9101
20.9101
20.9101
20.9101
20.9101
20.91
20.9101
20.9101
20.9101
20.9101
20.9101
20.9101
20.9101
20.9101
20.9101
20.9101
20.9101
20.9101
20.9101
20.9101
20.9102
20.9102
20.9101
20.9101
20.9101
20.9101
20.9102
20.9102
20.9102
20.9102
20.9102
20.9102
20.9102
20.9102
20.9102
20.9102
20.9102
20.9102
20.9102
20.9103
20.9103
20.9103
20.9103
20.9102
20.9102
20.9102
20.9103
20.9103
20.9103
20.9103
20.9103
20.9103
20.9103
20.9103
20.9103
20.9103
20.9103
20.9103
20.9104
20.9104
20.9104
20.9104
20.9104
20.9104
20.9103
20.9103
17.6933
17.6933
17.6933
17.6933
17.6933
17.6933
17.6933
17.6933
17.6933
17.6933
17.6933
17.6933
17.6932
17.6932
17.6932
17.6932
17.6932
17.6932
17.6933
17.6933
17.6932
17.6932
17.6932
17.6932
17.6932
17.6932
17.6932
17.6932
17.6932
17.6932
17.6932
17.6932
17.6932
17.6932
17.6932
17.6932
17.6932
17.6932
17.6932
17.6932
17.6932
17.6932
17.6933
17.6933
17.6933
17.6933
17.6933
17.6933
17.6932
17.6932
17.6933
17.6933
17.6933
17.6933
17.6933
17.6933
17.6933
17.6933
17.6933
17.6933
17.6933
17.6933
17.6933
17.6933
17.6933
17.6933
17.6933
17.6933
17.6933
17.6933
17.6933
17.6933
17.6933
17.6933
17.6933
17.6933
17.6933
17.6933
17.6933
17.6933
17.6933
17.6933
17.6933
17.6934
17.6934
17.6934
17.6934
17.6933
17.6933
17.6933
17.6934
17.6934
17.6934
17.6934
17.6934
17.6934
17.6934
17.6934
17.6934
17.6934
14.4763
14.4763
14.4763
14.4763
14.4763
14.4763
14.4763
14.4763
14.4763
14.4763
14.4763
14.4763
14.4763
14.4763
14.4763
14.4763
14.4763
14.4763
14.4763
14.4763
14.4763
14.4763
14.4763
14.4763
14.4763
14.4763
14.4763
14.4763
14.4763
14.4763
14.4763
14.4763
14.4763
14.4763
14.4763
14.4763
14.4763
14.4763
14.4763
14.4763
14.4763
14.4763
14.4763
14.4763
14.4763
14.4763
14.4763
14.4763
14.4763
14.4763
14.4763
14.4763
14.4763
14.4763
14.4763
14.4763
14.4763
14.4763
14.4763
14.4763
14.4763
14.4763
14.4763
14.4763
14.4763
14.4763
14.4763
14.4763
14.4763
14.4763
14.4763
14.4763
14.4763
14.4763
14.4763
14.4763
14.4763
14.4763
14.4763
14.4763
14.4763
14.4763
14.4764
14.4764
14.4764
14.4764
14.4764
14.4764
14.4763
14.4763
14.4764
14.4764
14.4764
14.4764
14.4764
14.4764
14.4764
14.4764
14.4764
14.4764
11.2594
11.2594
11.2594
11.2594
11.2594
11.2594
11.2594
11.2594
11.2594
11.2594
11.2594
11.2594
11.2594
11.2594
11.2594
11.2594
11.2594
11.2594
11.2594
11.2594
11.2594
11.2594
11.2594
11.2594
11.2594
11.2594
11.2594
11.2594
11.2594
11.2594
11.2594
11.2594
11.2594
11.2594
11.2594
11.2594
11.2594
11.2594
11.2594
11.2594
11.2594
11.2594
11.2594
11.2594
11.2594
11.2594
11.2594
11.2594
11.2594
11.2594
11.2594
11.2594
11.2594
11.2594
11.2594
11.2594
11.2594
11.2594
11.2594
11.2594
11.2594
11.2594
11.2594
11.2594
11.2594
11.2594
11.2594
11.2594
11.2594
11.2594
11.2594
11.2594
11.2594
11.2594
11.2594
11.2594
11.2594
11.2594
11.2594
11.2594
11.2594
11.2594
11.2594
11.2594
11.2594
11.2594
11.2594
11.2594
11.2594
11.2594
11.2594
11.2594
11.2594
11.2594
11.2594
11.2594
11.2594
11.2594
11.2594
11.2594
8.04243
8.04243
8.04243
8.04243
8.04243
8.04243
8.04243
8.04243
8.04243
8.04243
8.04242
8.04242
8.04242
8.04242
8.04242
8.04242
8.04242
8.04242
8.04242
8.04242
8.04242
8.04242
8.04242
8.04242
8.04242
8.04242
8.04242
8.04242
8.04242
8.04242
8.04242
8.04242
8.04242
8.04242
8.04242
8.04242
8.04242
8.04242
8.04242
8.04242
8.04242
8.04242
8.04242
8.04242
8.04242
8.04242
8.04242
8.04242
8.04242
8.04242
8.04242
8.04242
8.04242
8.04242
8.04242
8.04242
8.04242
8.04242
8.04242
8.04242
8.04242
8.04242
8.04242
8.04242
8.04242
8.04242
8.04242
8.04242
8.04242
8.04242
8.04242
8.04242
8.04242
8.04242
8.04242
8.04242
8.04242
8.04242
8.04242
8.04242
8.04242
8.04242
8.04242
8.04242
8.04242
8.04242
8.04242
8.04242
8.04242
8.04242
8.04242
8.04242
8.04242
8.04242
8.04242
8.04242
8.04242
8.04242
8.04242
8.04242
4.82546
4.82546
4.82546
4.82546
4.82546
4.82546
4.82546
4.82546
4.82546
4.82546
4.82545
4.82545
4.82545
4.82545
4.82545
4.82545
4.82545
4.82545
4.82545
4.82545
4.82545
4.82545
4.82545
4.82545
4.82545
4.82545
4.82545
4.82545
4.82545
4.82545
4.82545
4.82545
4.82545
4.82545
4.82545
4.82545
4.82545
4.82545
4.82545
4.82545
4.82545
4.82545
4.82545
4.82545
4.82545
4.82545
4.82545
4.82545
4.82545
4.82545
4.82545
4.82545
4.82545
4.82545
4.82545
4.82545
4.82545
4.82545
4.82545
4.82545
4.82545
4.82545
4.82545
4.82545
4.82545
4.82545
4.82545
4.82545
4.82545
4.82545
4.82545
4.82545
4.82545
4.82545
4.82545
4.82545
4.82545
4.82545
4.82545
4.82545
4.82545
4.82545
4.82545
4.82545
4.82545
4.82545
4.82545
4.82545
4.82545
4.82545
4.82545
4.82545
4.82545
4.82545
4.82545
4.82545
4.82545
4.82545
4.82545
4.82545
1.60849
1.60849
1.60849
1.60849
1.60849
1.60849
1.60849
1.60849
1.60849
1.60849
1.60849
1.60849
1.60849
1.60849
1.60849
1.60849
1.60849
1.60849
1.60849
1.60849
1.60849
1.60849
1.60849
1.60849
1.60849
1.60849
1.60849
1.60849
1.60849
1.60849
1.60849
1.60848
1.60848
1.60848
1.60848
1.60848
1.60848
1.60848
1.60849
1.60849
1.60848
1.60848
1.60848
1.60848
1.60848
1.60848
1.60848
1.60848
1.60848
1.60848
1.60848
1.60848
1.60848
1.60848
1.60848
1.60848
1.60848
1.60848
1.60848
1.60848
1.60848
1.60848
1.60848
1.60848
1.60848
1.60848
1.60848
1.60848
1.60848
1.60848
1.60848
1.60848
1.60848
1.60848
1.60848
1.60848
1.60848
1.60848
1.60848
1.60848
1.60848
1.60848
1.60848
1.60848
1.60848
1.60848
1.60848
1.60848
1.60848
1.60848
1.60848
1.60848
1.60848
1.60848
1.60848
1.60848
1.60848
1.60848
1.60848
1.60848
98.2442
97.6636
97.299
97.0325
96.8943
96.8943
97.0325
97.299
97.6636
98.2442
89.1296
88.2819
87.7236
87.3289
87.1256
87.1256
87.3289
87.7236
88.2819
89.1296
81.5624
80.5869
79.9503
79.5067
79.2792
79.2792
79.5067
79.9503
80.5869
81.5624
76.3377
75.3355
74.6899
74.2468
74.0197
74.0197
74.2468
74.6899
75.3355
76.3377
72.4172
71.4223
70.7846
70.3555
70.1357
70.1357
70.3555
70.7846
71.4223
72.4172
69.2418
68.2739
67.652
67.2437
67.0351
67.0351
67.2437
67.652
68.2739
69.2418
66.6227
65.7026
65.1061
64.7249
64.5309
64.5309
64.7249
65.1061
65.7026
66.6227
64.4536
63.6047
63.0458
62.6973
62.5206
62.5206
62.6973
63.0458
63.6047
64.4536
62.6546
61.893
61.3845
61.0733
60.9157
60.9157
61.0733
61.3845
61.893
62.6546
61.2461
60.4846
60.0348
59.7611
59.6225
59.6225
59.7611
60.0348
60.4845
61.2461
62.3499
62.5224
62.71
62.8366
62.9021
62.9021
62.8366
62.71
62.5224
62.3499
62.7726
62.8671
62.9936
63.0747
63.1163
63.1163
63.0747
62.9936
62.8671
62.7726
62.75
62.7472
62.7998
62.8281
62.8421
62.8421
62.8281
62.7998
62.7472
62.75
62.3407
62.2479
62.2326
62.2142
62.2041
62.2041
62.2142
62.2326
62.2479
62.3407
61.747
61.5803
61.5072
61.4513
61.422
61.422
61.4513
61.5072
61.5803
61.747
61.0778
60.8554
60.7356
60.6517
60.608
60.608
60.6517
60.7356
60.8554
61.0778
60.388
60.1301
59.9765
59.8744
59.8215
59.8215
59.8744
59.9765
60.1301
60.388
59.7091
59.4394
59.2674
59.1568
59.0996
59.0996
59.1568
59.2674
59.4394
59.7091
59.0767
58.8113
58.6328
58.5207
58.4625
58.4625
58.5207
58.6328
58.8113
59.0767
58.5941
58.2467
58.0633
57.9504
57.8917
57.8917
57.9504
58.0633
58.2467
58.5941
57.7566
57.7423
57.744
57.7406
57.739
57.739
57.7406
57.744
57.7423
57.7566
58.1674
58.1509
58.1521
58.147
58.1443
58.1443
58.147
58.1521
58.1509
58.1674
58.5077
58.4727
58.4625
58.4477
58.4398
58.4398
58.4477
58.4625
58.4727
58.5077
58.5612
58.4931
58.4608
58.4301
58.4137
58.4137
58.4301
58.4608
58.4931
58.5612
58.418
58.3147
58.2581
58.2114
58.1867
58.1867
58.2114
58.2581
58.3147
58.418
58.1721
58.0383
57.9594
57.8994
57.8678
57.8678
57.8994
57.9594
58.0383
58.1721
57.8719
57.7159
57.6189
57.5495
57.5131
57.5131
57.5495
57.6189
57.7159
57.8719
57.5442
57.378
57.2697
57.1954
57.1565
57.1565
57.1954
57.2697
57.378
57.5442
57.2218
57.053
56.9374
56.8608
56.8207
56.8207
56.8608
56.9374
57.053
57.2218
56.9798
56.7469
56.6208
56.5403
56.4985
56.4985
56.5403
56.6208
56.7469
56.9798
53.0627
53.0824
53.1074
53.1233
53.1318
53.1318
53.1233
53.1074
53.0824
53.0627
53.2729
53.2965
53.3255
53.3438
53.3535
53.3535
53.3438
53.3255
53.2965
53.2729
53.4516
53.4729
53.5016
53.5191
53.5283
53.5283
53.5191
53.5016
53.4729
53.4516
53.5379
53.5489
53.5708
53.5829
53.5892
53.5892
53.5829
53.5708
53.5489
53.5379
53.5527
53.5494
53.5609
53.5656
53.5679
53.5679
53.5656
53.5609
53.5494
53.5527
53.5193
53.5012
53.5014
53.4983
53.4966
53.4966
53.4983
53.5014
53.5012
53.5193
53.4515
53.4206
53.4101
53.4004
53.3951
53.3951
53.4004
53.4101
53.4206
53.4515
53.3588
53.32
53.3011
53.2864
53.2784
53.2784
53.2864
53.3011
53.32
53.3588
53.2595
53.2148
53.1878
53.1685
53.158
53.158
53.1685
53.1878
53.2148
53.2595
53.1986
53.1101
53.0692
53.0424
53.0282
53.0282
53.0424
53.0692
53.1101
53.1986
49.862
49.8621
49.8642
49.8643
49.8644
49.8644
49.8643
49.8642
49.8621
49.862
49.9607
49.9644
49.9696
49.9719
49.9731
49.9731
49.9719
49.9696
49.9644
49.9607
50.0614
50.0666
50.0735
50.0766
50.0782
50.0782
50.0766
50.0735
50.0666
50.0614
50.13
50.1331
50.139
50.141
50.1419
50.1419
50.141
50.139
50.1331
50.13
50.1685
50.1673
50.1703
50.17
50.1697
50.1697
50.17
50.1703
50.1673
50.1685
50.1837
50.1772
50.1765
50.1735
50.1717
50.1717
50.1735
50.1765
50.1772
50.1837
50.1806
50.1689
50.1642
50.1586
50.1555
50.1555
50.1586
50.1642
50.1689
50.1806
50.1633
50.1481
50.1399
50.1322
50.1279
50.1279
50.1322
50.1399
50.1481
50.1633
50.1414
50.1226
50.1102
50.1001
50.0946
50.0946
50.1001
50.1102
50.1226
50.1414
50.1362
50.0945
50.0738
50.0596
50.052
50.052
50.0596
50.0738
50.0945
50.1362
46.5643
46.5674
46.5711
46.5733
46.5744
46.5744
46.5733
46.5711
46.5674
46.5643
46.6055
46.6103
46.6156
46.6189
46.6206
46.6206
46.6189
46.6156
46.6103
46.6055
46.6475
46.6534
46.66
46.6641
46.6662
46.6662
46.6641
46.66
46.6534
46.6475
46.6792
46.685
46.6918
46.6958
46.6979
46.6979
46.6958
46.6918
46.685
46.6792
46.7007
46.7053
46.7114
46.7147
46.7165
46.7165
46.7147
46.7114
46.7053
46.7007
46.7135
46.7163
46.721
46.7233
46.7245
46.7245
46.7233
46.721
46.7163
46.7135
46.7186
46.7193
46.7224
46.7236
46.7241
46.7241
46.7236
46.7224
46.7193
46.7186
46.717
46.7161
46.7177
46.7178
46.7177
46.7177
46.7178
46.7177
46.7161
46.717
46.713
46.7103
46.7095
46.7081
46.7072
46.7072
46.7081
46.7095
46.7103
46.713
46.7173
46.7028
46.697
46.6928
46.6906
46.6906
46.6928
46.697
46.7028
46.7173
43.392
43.3924
43.393
43.3932
43.3932
43.3932
43.3932
43.393
43.3924
43.392
43.4093
43.4107
43.412
43.4127
43.4131
43.4131
43.4127
43.412
43.4107
43.4093
43.4292
43.4312
43.4333
43.4344
43.435
43.435
43.4344
43.4333
43.4312
43.4292
43.4462
43.4486
43.4511
43.4524
43.453
43.453
43.4524
43.4511
43.4486
43.4462
43.4601
43.4624
43.4649
43.4661
43.4667
43.4667
43.4661
43.4649
43.4624
43.4601
43.4709
43.4729
43.4751
43.4761
43.4766
43.4766
43.4761
43.4751
43.4729
43.4709
43.4789
43.4803
43.4822
43.4828
43.4831
43.4831
43.4828
43.4822
43.4803
43.4789
43.4842
43.4852
43.4866
43.4869
43.487
43.487
43.4869
43.4866
43.4852
43.4842
43.4888
43.4891
43.4895
43.4892
43.4889
43.4889
43.4892
43.4895
43.4891
43.4888
43.497
43.492
43.4901
43.4885
43.4877
43.4877
43.4885
43.4901
43.492
43.497
40.1839
40.1845
40.1851
40.1855
40.1857
40.1857
40.1855
40.1851
40.1845
40.1839
40.1906
40.1915
40.1925
40.1931
40.1934
40.1934
40.1931
40.1925
40.1915
40.1906
40.1982
40.1995
40.2008
40.2016
40.2021
40.2021
40.2016
40.2008
40.1995
40.1982
40.2052
40.2067
40.2083
40.2093
40.2098
40.2098
40.2093
40.2083
40.2067
40.2052
40.2113
40.2129
40.2146
40.2156
40.2161
40.2161
40.2156
40.2146
40.2129
40.2113
40.2164
40.218
40.2197
40.2207
40.2211
40.2211
40.2207
40.2197
40.218
40.2164
40.2205
40.222
40.2236
40.2244
40.2248
40.2248
40.2244
40.2236
40.222
40.2205
40.2235
40.2249
40.2263
40.227
40.2274
40.2274
40.227
40.2263
40.2249
40.2235
40.2263
40.2273
40.2283
40.2287
40.2289
40.2289
40.2287
40.2283
40.2273
40.2263
40.2305
40.2292
40.2291
40.2288
40.2287
40.2287
40.2288
40.2291
40.2292
40.2305
36.9828
36.9829
36.9831
36.9831
36.9831
36.9831
36.9831
36.9831
36.9829
36.9828
36.9853
36.9856
36.9859
36.986
36.9861
36.9861
36.986
36.9859
36.9856
36.9853
36.9886
36.989
36.9895
36.9897
36.9898
36.9898
36.9897
36.9895
36.989
36.9886
36.9918
36.9925
36.9931
36.9934
36.9936
36.9936
36.9934
36.9931
36.9925
36.9918
36.995
36.9958
36.9965
36.9969
36.9971
36.9971
36.9969
36.9965
36.9958
36.995
36.998
36.9989
36.9996
37
37.0002
37.0002
37
36.9996
36.9989
36.998
37.0008
37.0016
37.0024
37.0028
37.003
37.003
37.0028
37.0024
37.0016
37.0008
37.0032
37.0041
37.0049
37.0053
37.0055
37.0055
37.0053
37.0049
37.0041
37.0032
37.0056
37.0064
37.0071
37.0074
37.0075
37.0075
37.0074
37.0071
37.0064
37.0056
37.0087
37.0086
37.0088
37.0088
37.0088
37.0088
37.0088
37.0088
37.0086
37.0087
33.7712
33.7713
33.7714
33.7714
33.7715
33.7715
33.7714
33.7714
33.7713
33.7712
33.772
33.7721
33.7723
33.7724
33.7725
33.7725
33.7724
33.7723
33.7721
33.772
33.7731
33.7733
33.7735
33.7737
33.7738
33.7738
33.7737
33.7735
33.7733
33.7731
33.7743
33.7746
33.7749
33.7751
33.7752
33.7752
33.7751
33.7749
33.7746
33.7743
33.7755
33.7759
33.7763
33.7765
33.7767
33.7767
33.7765
33.7763
33.7759
33.7755
33.7768
33.7773
33.7777
33.7779
33.778
33.778
33.7779
33.7777
33.7773
33.7768
33.778
33.7785
33.7789
33.7792
33.7793
33.7793
33.7792
33.7789
33.7785
33.778
33.7791
33.7796
33.7801
33.7803
33.7805
33.7805
33.7803
33.7801
33.7796
33.7791
33.7802
33.7807
33.7811
33.7813
33.7814
33.7814
33.7813
33.7811
33.7807
33.7802
33.7816
33.7817
33.7819
33.782
33.7821
33.7821
33.782
33.7819
33.7817
33.7816
30.5583
30.5584
30.5584
30.5584
30.5584
30.5584
30.5584
30.5584
30.5584
30.5583
30.5586
30.5586
30.5587
30.5587
30.5587
30.5587
30.5587
30.5587
30.5586
30.5586
30.559
30.559
30.5591
30.5592
30.5592
30.5592
30.5592
30.5591
30.559
30.559
30.5595
30.5596
30.5597
30.5598
30.5598
30.5598
30.5598
30.5597
30.5596
30.5595
30.56
30.5602
30.5604
30.5604
30.5605
30.5605
30.5604
30.5604
30.5602
30.56
30.5607
30.5609
30.5611
30.5612
30.5612
30.5612
30.5612
30.5611
30.5609
30.5607
30.5613
30.5616
30.5618
30.5619
30.562
30.562
30.5619
30.5618
30.5616
30.5613
30.562
30.5623
30.5625
30.5626
30.5627
30.5627
30.5626
30.5625
30.5623
30.562
30.5627
30.5629
30.5631
30.5633
30.5633
30.5633
30.5633
30.5631
30.5629
30.5627
30.5634
30.5636
30.5637
30.5638
30.5639
30.5639
30.5638
30.5637
30.5636
30.5634
27.3428
27.3428
27.3429
27.3429
27.3429
27.3429
27.3429
27.3429
27.3428
27.3428
27.3429
27.3429
27.3429
27.3429
27.3429
27.3429
27.3429
27.3429
27.3429
27.3429
27.3429
27.343
27.343
27.343
27.343
27.343
27.343
27.343
27.343
27.3429
27.3431
27.3432
27.3432
27.3432
27.3433
27.3433
27.3432
27.3432
27.3432
27.3431
27.3433
27.3434
27.3434
27.3435
27.3435
27.3435
27.3435
27.3434
27.3434
27.3433
27.3435
27.3436
27.3437
27.3438
27.3438
27.3438
27.3438
27.3437
27.3436
27.3435
27.3438
27.3439
27.344
27.3441
27.3441
27.3441
27.3441
27.344
27.3439
27.3438
27.3441
27.3442
27.3443
27.3444
27.3444
27.3444
27.3444
27.3443
27.3442
27.3441
27.3444
27.3445
27.3446
27.3447
27.3447
27.3447
27.3447
27.3446
27.3445
27.3444
27.3447
27.3448
27.3449
27.3449
27.3449
27.3449
27.3449
27.3449
27.3448
27.3447
24.1268
24.1268
24.1268
24.1268
24.1268
24.1268
24.1268
24.1268
24.1268
24.1268
24.1267
24.1267
24.1267
24.1267
24.1267
24.1267
24.1267
24.1267
24.1267
24.1267
24.1267
24.1268
24.1268
24.1268
24.1268
24.1268
24.1268
24.1268
24.1268
24.1267
24.1268
24.1268
24.1268
24.1268
24.1268
24.1268
24.1268
24.1268
24.1268
24.1268
24.1269
24.1269
24.1269
24.1269
24.127
24.127
24.1269
24.1269
24.1269
24.1269
24.127
24.127
24.1271
24.1271
24.1271
24.1271
24.1271
24.1271
24.127
24.127
24.1271
24.1272
24.1272
24.1272
24.1272
24.1272
24.1272
24.1272
24.1272
24.1271
24.1273
24.1273
24.1274
24.1274
24.1274
24.1274
24.1274
24.1274
24.1273
24.1273
24.1274
24.1275
24.1275
24.1275
24.1276
24.1276
24.1275
24.1275
24.1275
24.1274
24.1276
24.1276
24.1277
24.1277
24.1277
24.1277
24.1277
24.1277
24.1276
24.1276
20.9101
20.9101
20.9101
20.9101
20.9101
20.9101
20.9101
20.9101
20.9101
20.9101
20.9101
20.9101
20.9101
20.9101
20.9101
20.9101
20.9101
20.9101
20.9101
20.9101
20.91
20.91
20.91
20.9101
20.9101
20.9101
20.9101
20.91
20.91
20.91
20.91
20.9101
20.9101
20.9101
20.9101
20.9101
20.9101
20.9101
20.9101
20.91
20.9101
20.9101
20.9101
20.9101
20.9101
20.9101
20.9101
20.9101
20.9101
20.9101
20.9101
20.9101
20.9101
20.9101
20.9102
20.9102
20.9101
20.9101
20.9101
20.9101
20.9102
20.9102
20.9102
20.9102
20.9102
20.9102
20.9102
20.9102
20.9102
20.9102
20.9102
20.9102
20.9102
20.9103
20.9103
20.9103
20.9103
20.9102
20.9102
20.9102
20.9103
20.9103
20.9103
20.9103
20.9103
20.9103
20.9103
20.9103
20.9103
20.9103
20.9103
20.9103
20.9104
20.9104
20.9104
20.9104
20.9104
20.9104
20.9103
20.9103
17.6933
17.6933
17.6933
17.6933
17.6933
17.6933
17.6933
17.6933
17.6933
17.6933
17.6933
17.6933
17.6932
17.6932
17.6932
17.6932
17.6932
17.6932
17.6933
17.6933
17.6932
17.6932
17.6932
17.6932
17.6932
17.6932
17.6932
17.6932
17.6932
17.6932
17.6932
17.6932
17.6932
17.6932
17.6932
17.6932
17.6932
17.6932
17.6932
17.6932
17.6932
17.6932
17.6933
17.6933
17.6933
17.6933
17.6933
17.6933
17.6932
17.6932
17.6933
17.6933
17.6933
17.6933
17.6933
17.6933
17.6933
17.6933
17.6933
17.6933
17.6933
17.6933
17.6933
17.6933
17.6933
17.6933
17.6933
17.6933
17.6933
17.6933
17.6933
17.6933
17.6933
17.6933
17.6933
17.6933
17.6933
17.6933
17.6933
17.6933
17.6933
17.6933
17.6933
17.6934
17.6934
17.6934
17.6934
17.6933
17.6933
17.6933
17.6934
17.6934
17.6934
17.6934
17.6934
17.6934
17.6934
17.6934
17.6934
17.6934
14.4763
14.4763
14.4763
14.4763
14.4763
14.4763
14.4763
14.4763
14.4763
14.4763
14.4763
14.4763
14.4763
14.4763
14.4763
14.4763
14.4763
14.4763
14.4763
14.4763
14.4763
14.4763
14.4763
14.4763
14.4763
14.4763
14.4763
14.4763
14.4763
14.4763
14.4763
14.4763
14.4763
14.4763
14.4763
14.4763
14.4763
14.4763
14.4763
14.4763
14.4763
14.4763
14.4763
14.4763
14.4763
14.4763
14.4763
14.4763
14.4763
14.4763
14.4763
14.4763
14.4763
14.4763
14.4763
14.4763
14.4763
14.4763
14.4763
14.4763
14.4763
14.4763
14.4763
14.4763
14.4763
14.4763
14.4763
14.4763
14.4763
14.4763
14.4763
14.4763
14.4763
14.4763
14.4763
14.4763
14.4763
14.4763
14.4763
14.4763
14.4763
14.4763
14.4764
14.4764
14.4764
14.4764
14.4764
14.4764
14.4763
14.4763
14.4764
14.4764
14.4764
14.4764
14.4764
14.4764
14.4764
14.4764
14.4764
14.4764
11.2594
11.2594
11.2594
11.2594
11.2594
11.2594
11.2594
11.2594
11.2594
11.2594
11.2594
11.2594
11.2594
11.2594
11.2594
11.2594
11.2594
11.2594
11.2594
11.2594
11.2594
11.2594
11.2594
11.2594
11.2594
11.2594
11.2594
11.2594
11.2594
11.2594
11.2594
11.2594
11.2594
11.2594
11.2594
11.2594
11.2594
11.2594
11.2594
11.2594
11.2594
11.2594
11.2594
11.2594
11.2594
11.2594
11.2594
11.2594
11.2594
11.2594
11.2594
11.2594
11.2594
11.2594
11.2594
11.2594
11.2594
11.2594
11.2594
11.2594
11.2594
11.2594
11.2594
11.2594
11.2594
11.2594
11.2594
11.2594
11.2594
11.2594
11.2594
11.2594
11.2594
11.2594
11.2594
11.2594
11.2594
11.2594
11.2594
11.2594
11.2594
11.2594
11.2594
11.2594
11.2594
11.2594
11.2594
11.2594
11.2594
11.2594
11.2594
11.2594
11.2594
11.2594
11.2594
11.2594
11.2594
11.2594
11.2594
11.2594
8.04243
8.04243
8.04243
8.04243
8.04243
8.04243
8.04243
8.04243
8.04243
8.04243
8.04242
8.04242
8.04242
8.04242
8.04242
8.04242
8.04242
8.04242
8.04242
8.04242
8.04242
8.04242
8.04242
8.04242
8.04242
8.04242
8.04242
8.04242
8.04242
8.04242
8.04242
8.04242
8.04242
8.04242
8.04242
8.04242
8.04242
8.04242
8.04242
8.04242
8.04242
8.04242
8.04242
8.04242
8.04242
8.04242
8.04242
8.04242
8.04242
8.04242
8.04242
8.04242
8.04242
8.04242
8.04242
8.04242
8.04242
8.04242
8.04242
8.04242
8.04242
8.04242
8.04242
8.04242
8.04242
8.04242
8.04242
8.04242
8.04242
8.04242
8.04242
8.04242
8.04242
8.04242
8.04242
8.04242
8.04242
8.04242
8.04242
8.04242
8.04242
8.04242
8.04242
8.04242
8.04242
8.04242
8.04242
8.04242
8.04242
8.04242
8.04242
8.04242
8.04242
8.04242
8.04242
8.04242
8.04242
8.04242
8.04242
8.04242
4.82546
4.82546
4.82546
4.82546
4.82546
4.82546
4.82546
4.82546
4.82546
4.82546
4.82545
4.82545
4.82545
4.82545
4.82545
4.82545
4.82545
4.82545
4.82545
4.82545
4.82545
4.82545
4.82545
4.82545
4.82545
4.82545
4.82545
4.82545
4.82545
4.82545
4.82545
4.82545
4.82545
4.82545
4.82545
4.82545
4.82545
4.82545
4.82545
4.82545
4.82545
4.82545
4.82545
4.82545
4.82545
4.82545
4.82545
4.82545
4.82545
4.82545
4.82545
4.82545
4.82545
4.82545
4.82545
4.82545
4.82545
4.82545
4.82545
4.82545
4.82545
4.82545
4.82545
4.82545
4.82545
4.82545
4.82545
4.82545
4.82545
4.82545
4.82545
4.82545
4.82545
4.82545
4.82545
4.82545
4.82545
4.82545
4.82545
4.82545
4.82545
4.82545
4.82545
4.82545
4.82545
4.82545
4.82545
4.82545
4.82545
4.82545
4.82545
4.82545
4.82545
4.82545
4.82545
4.82545
4.82545
4.82545
4.82545
4.82545
1.60849
1.60849
1.60849
1.60849
1.60849
1.60849
1.60849
1.60849
1.60849
1.60849
1.60849
1.60849
1.60849
1.60849
1.60849
1.60849
1.60849
1.60849
1.60849
1.60849
1.60849
1.60849
1.60849
1.60849
1.60849
1.60849
1.60849
1.60849
1.60849
1.60849
1.60849
1.60849
1.60848
1.60848
1.60848
1.60848
1.60848
1.60848
1.60848
1.60849
1.60848
1.60848
1.60848
1.60848
1.60848
1.60848
1.60848
1.60848
1.60848
1.60848
1.60848
1.60848
1.60848
1.60848
1.60848
1.60848
1.60848
1.60848
1.60848
1.60848
1.60848
1.60848
1.60848
1.60848
1.60848
1.60848
1.60848
1.60848
1.60848
1.60848
1.60848
1.60848
1.60848
1.60848
1.60848
1.60848
1.60848
1.60848
1.60848
1.60848
1.60848
1.60848
1.60848
1.60848
1.60848
1.60848
1.60848
1.60848
1.60848
1.60848
1.60848
1.60848
1.60848
1.60848
1.60848
1.60848
1.60848
1.60848
1.60848
1.60848
98.2442
97.6636
97.299
97.0325
96.8943
96.8943
97.0325
97.299
97.6636
98.2442
89.1296
88.2819
87.7236
87.3289
87.1256
87.1256
87.3289
87.7236
88.2819
89.1296
81.5624
80.5869
79.9503
79.5067
79.2792
79.2792
79.5067
79.9503
80.5869
81.5624
76.3377
75.3355
74.6899
74.2468
74.0197
74.0197
74.2468
74.6899
75.3355
76.3377
72.4172
71.4223
70.7846
70.3555
70.1357
70.1357
70.3555
70.7846
71.4223
72.4172
69.2418
68.2739
67.652
67.2437
67.0351
67.0351
67.2437
67.652
68.2739
69.2418
66.6227
65.7026
65.1061
64.7249
64.5309
64.5309
64.7249
65.1061
65.7026
66.6227
64.4536
63.6047
63.0458
62.6973
62.5206
62.5206
62.6973
63.0458
63.6047
64.4536
62.6546
61.893
61.3845
61.0733
60.9157
60.9157
61.0733
61.3845
61.893
62.6546
61.2461
60.4845
60.0348
59.7611
59.6225
59.6225
59.7611
60.0348
60.4845
61.2461
62.3499
62.5224
62.71
62.8366
62.9021
62.9021
62.8366
62.71
62.5224
62.3499
62.7726
62.8671
62.9936
63.0747
63.1163
63.1163
63.0747
62.9936
62.8671
62.7726
62.75
62.7472
62.7998
62.8281
62.8421
62.8421
62.8281
62.7998
62.7472
62.75
62.3407
62.2479
62.2326
62.2142
62.2041
62.2041
62.2142
62.2326
62.2479
62.3407
61.747
61.5803
61.5072
61.4513
61.422
61.422
61.4513
61.5072
61.5803
61.747
61.0778
60.8554
60.7356
60.6517
60.608
60.608
60.6517
60.7356
60.8554
61.0778
60.388
60.1301
59.9765
59.8744
59.8215
59.8215
59.8744
59.9765
60.1301
60.388
59.7091
59.4394
59.2674
59.1568
59.0996
59.0996
59.1568
59.2674
59.4394
59.7091
59.0767
58.8113
58.6328
58.5207
58.4625
58.4625
58.5207
58.6328
58.8113
59.0767
58.5941
58.2467
58.0633
57.9504
57.8917
57.8917
57.9504
58.0633
58.2467
58.5941
57.7566
57.7423
57.744
57.7406
57.739
57.739
57.7406
57.744
57.7423
57.7566
58.1674
58.1509
58.1521
58.147
58.1443
58.1443
58.147
58.1521
58.1509
58.1674
58.5077
58.4727
58.4625
58.4477
58.4398
58.4398
58.4477
58.4625
58.4727
58.5077
58.5612
58.4931
58.4608
58.4301
58.4137
58.4137
58.4301
58.4608
58.4931
58.5612
58.418
58.3147
58.2581
58.2114
58.1867
58.1867
58.2114
58.2581
58.3147
58.418
58.1721
58.0383
57.9594
57.8994
57.8678
57.8678
57.8994
57.9594
58.0383
58.1721
57.8719
57.7159
57.6189
57.5495
57.5131
57.5131
57.5495
57.6189
57.7159
57.8719
57.5442
57.378
57.2697
57.1954
57.1565
57.1565
57.1954
57.2697
57.378
57.5442
57.2218
57.053
56.9374
56.8608
56.8207
56.8207
56.8608
56.9374
57.053
57.2218
56.9798
56.7469
56.6208
56.5403
56.4985
56.4985
56.5403
56.6208
56.7469
56.9798
53.0627
53.0824
53.1074
53.1233
53.1318
53.1318
53.1233
53.1074
53.0824
53.0627
53.2729
53.2965
53.3255
53.3438
53.3535
53.3535
53.3438
53.3255
53.2965
53.2729
53.4516
53.4729
53.5016
53.5191
53.5283
53.5283
53.5191
53.5016
53.4729
53.4516
53.5379
53.5489
53.5708
53.5829
53.5892
53.5892
53.5829
53.5708
53.5489
53.5379
53.5527
53.5494
53.5609
53.5656
53.5679
53.5679
53.5656
53.5609
53.5494
53.5527
53.5193
53.5012
53.5014
53.4983
53.4966
53.4966
53.4983
53.5014
53.5012
53.5193
53.4515
53.4206
53.4101
53.4004
53.3951
53.3951
53.4004
53.4101
53.4206
53.4515
53.3588
53.32
53.3011
53.2864
53.2784
53.2784
53.2864
53.3011
53.32
53.3588
53.2595
53.2148
53.1878
53.1685
53.158
53.158
53.1685
53.1878
53.2148
53.2595
53.1986
53.1101
53.0692
53.0424
53.0282
53.0282
53.0424
53.0692
53.1101
53.1986
49.862
49.8621
49.8642
49.8643
49.8644
49.8644
49.8643
49.8642
49.8621
49.862
49.9607
49.9644
49.9696
49.9719
49.9731
49.9731
49.9719
49.9696
49.9644
49.9607
50.0614
50.0666
50.0735
50.0766
50.0782
50.0782
50.0766
50.0735
50.0666
50.0614
50.13
50.1331
50.139
50.141
50.1419
50.1419
50.141
50.139
50.1331
50.13
50.1685
50.1673
50.1703
50.17
50.1697
50.1697
50.17
50.1704
50.1673
50.1685
50.1837
50.1772
50.1765
50.1735
50.1717
50.1717
50.1735
50.1765
50.1772
50.1837
50.1806
50.1689
50.1642
50.1586
50.1555
50.1555
50.1586
50.1642
50.1689
50.1806
50.1633
50.1481
50.1399
50.1322
50.1279
50.1279
50.1322
50.1399
50.1481
50.1633
50.1414
50.1226
50.1102
50.1001
50.0946
50.0946
50.1001
50.1102
50.1226
50.1414
50.1362
50.0945
50.0738
50.0596
50.052
50.052
50.0596
50.0738
50.0945
50.1362
46.5643
46.5674
46.5711
46.5733
46.5744
46.5744
46.5733
46.5711
46.5674
46.5643
46.6055
46.6103
46.6156
46.6189
46.6206
46.6206
46.6189
46.6156
46.6103
46.6055
46.6475
46.6534
46.66
46.6641
46.6662
46.6662
46.6641
46.66
46.6534
46.6475
46.6792
46.685
46.6918
46.6958
46.6979
46.6979
46.6958
46.6918
46.685
46.6792
46.7007
46.7053
46.7114
46.7147
46.7165
46.7165
46.7147
46.7114
46.7053
46.7007
46.7135
46.7163
46.721
46.7233
46.7245
46.7245
46.7233
46.721
46.7163
46.7135
46.7186
46.7193
46.7224
46.7236
46.7241
46.7241
46.7236
46.7224
46.7193
46.7186
46.717
46.7161
46.7177
46.7178
46.7177
46.7177
46.7178
46.7177
46.7161
46.717
46.713
46.7103
46.7095
46.7081
46.7072
46.7072
46.7081
46.7095
46.7103
46.713
46.7173
46.7028
46.697
46.6928
46.6906
46.6906
46.6928
46.697
46.7028
46.7173
43.392
43.3924
43.393
43.3932
43.3932
43.3932
43.3932
43.393
43.3924
43.392
43.4093
43.4107
43.412
43.4127
43.4131
43.4131
43.4127
43.412
43.4107
43.4093
43.4292
43.4312
43.4333
43.4344
43.435
43.435
43.4344
43.4333
43.4312
43.4292
43.4462
43.4486
43.4511
43.4524
43.453
43.453
43.4524
43.4511
43.4486
43.4462
43.4601
43.4624
43.4649
43.4661
43.4667
43.4667
43.4661
43.4649
43.4624
43.4601
43.4709
43.4729
43.4751
43.4761
43.4766
43.4766
43.4761
43.4751
43.4729
43.4709
43.4789
43.4803
43.4822
43.4828
43.4831
43.4831
43.4828
43.4822
43.4803
43.4789
43.4842
43.4852
43.4866
43.4869
43.487
43.487
43.4869
43.4866
43.4852
43.4842
43.4888
43.4891
43.4895
43.4892
43.4889
43.4889
43.4892
43.4895
43.4891
43.4888
43.497
43.492
43.4901
43.4885
43.4877
43.4877
43.4885
43.4901
43.492
43.497
40.1839
40.1845
40.1851
40.1855
40.1857
40.1857
40.1855
40.1851
40.1845
40.1839
40.1906
40.1915
40.1925
40.1931
40.1934
40.1934
40.1931
40.1925
40.1915
40.1906
40.1982
40.1995
40.2008
40.2016
40.2021
40.2021
40.2016
40.2008
40.1995
40.1982
40.2052
40.2067
40.2083
40.2093
40.2098
40.2098
40.2093
40.2083
40.2067
40.2052
40.2113
40.2129
40.2146
40.2156
40.2161
40.2161
40.2156
40.2146
40.2129
40.2113
40.2164
40.218
40.2197
40.2207
40.2211
40.2211
40.2207
40.2197
40.218
40.2164
40.2205
40.222
40.2236
40.2244
40.2248
40.2248
40.2244
40.2236
40.222
40.2205
40.2235
40.2249
40.2263
40.227
40.2274
40.2274
40.227
40.2263
40.2249
40.2235
40.2263
40.2273
40.2283
40.2287
40.2289
40.2289
40.2287
40.2283
40.2273
40.2263
40.2305
40.2292
40.2291
40.2288
40.2287
40.2287
40.2288
40.2291
40.2292
40.2305
36.9828
36.9829
36.9831
36.9831
36.9831
36.9831
36.9831
36.9831
36.9829
36.9828
36.9853
36.9856
36.9859
36.986
36.9861
36.9861
36.986
36.9859
36.9856
36.9853
36.9886
36.989
36.9895
36.9897
36.9898
36.9898
36.9897
36.9895
36.989
36.9886
36.9918
36.9925
36.9931
36.9934
36.9936
36.9936
36.9934
36.9931
36.9925
36.9918
36.995
36.9958
36.9965
36.9969
36.9971
36.9971
36.9969
36.9965
36.9958
36.995
36.998
36.9989
36.9996
37
37.0002
37.0002
37
36.9996
36.9989
36.998
37.0008
37.0016
37.0024
37.0028
37.003
37.003
37.0028
37.0024
37.0016
37.0008
37.0032
37.0041
37.0049
37.0053
37.0055
37.0055
37.0053
37.0049
37.0041
37.0032
37.0056
37.0064
37.0071
37.0074
37.0075
37.0075
37.0074
37.0071
37.0064
37.0056
37.0087
37.0086
37.0088
37.0088
37.0088
37.0088
37.0088
37.0088
37.0086
37.0087
33.7712
33.7713
33.7714
33.7714
33.7715
33.7715
33.7714
33.7714
33.7713
33.7712
33.772
33.7721
33.7723
33.7724
33.7725
33.7725
33.7724
33.7723
33.7721
33.772
33.7731
33.7733
33.7735
33.7737
33.7738
33.7738
33.7737
33.7735
33.7733
33.7731
33.7743
33.7746
33.7749
33.7751
33.7752
33.7752
33.7751
33.7749
33.7746
33.7743
33.7755
33.7759
33.7763
33.7765
33.7767
33.7767
33.7765
33.7763
33.7759
33.7755
33.7768
33.7773
33.7777
33.7779
33.778
33.778
33.7779
33.7777
33.7773
33.7768
33.778
33.7785
33.7789
33.7792
33.7793
33.7793
33.7792
33.7789
33.7785
33.778
33.7791
33.7796
33.7801
33.7803
33.7805
33.7805
33.7803
33.7801
33.7796
33.7791
33.7802
33.7807
33.7811
33.7813
33.7814
33.7814
33.7813
33.7811
33.7807
33.7802
33.7816
33.7817
33.7819
33.782
33.7821
33.7821
33.782
33.7819
33.7817
33.7816
30.5583
30.5584
30.5584
30.5584
30.5584
30.5584
30.5584
30.5584
30.5584
30.5583
30.5586
30.5586
30.5587
30.5587
30.5587
30.5587
30.5587
30.5587
30.5586
30.5586
30.559
30.559
30.5591
30.5592
30.5592
30.5592
30.5592
30.5591
30.559
30.559
30.5595
30.5596
30.5597
30.5598
30.5598
30.5598
30.5598
30.5597
30.5596
30.5595
30.56
30.5602
30.5604
30.5604
30.5605
30.5605
30.5604
30.5604
30.5602
30.56
30.5607
30.5609
30.5611
30.5612
30.5612
30.5612
30.5612
30.5611
30.5609
30.5607
30.5613
30.5616
30.5618
30.5619
30.562
30.562
30.5619
30.5618
30.5616
30.5613
30.562
30.5623
30.5625
30.5626
30.5627
30.5627
30.5626
30.5625
30.5623
30.562
30.5627
30.5629
30.5631
30.5633
30.5633
30.5633
30.5633
30.5631
30.5629
30.5627
30.5634
30.5636
30.5637
30.5638
30.5639
30.5639
30.5638
30.5637
30.5636
30.5634
27.3428
27.3428
27.3429
27.3429
27.3429
27.3429
27.3429
27.3429
27.3428
27.3428
27.3429
27.3429
27.3429
27.3429
27.3429
27.3429
27.3429
27.3429
27.3429
27.3429
27.3429
27.343
27.343
27.343
27.343
27.343
27.343
27.343
27.343
27.3429
27.3431
27.3432
27.3432
27.3432
27.3433
27.3433
27.3432
27.3432
27.3432
27.3431
27.3433
27.3434
27.3434
27.3435
27.3435
27.3435
27.3435
27.3434
27.3434
27.3433
27.3435
27.3436
27.3437
27.3438
27.3438
27.3438
27.3438
27.3437
27.3436
27.3435
27.3438
27.3439
27.344
27.3441
27.3441
27.3441
27.3441
27.344
27.3439
27.3438
27.3441
27.3442
27.3443
27.3444
27.3444
27.3444
27.3444
27.3443
27.3442
27.3441
27.3444
27.3445
27.3446
27.3447
27.3447
27.3447
27.3447
27.3446
27.3445
27.3444
27.3447
27.3448
27.3449
27.3449
27.3449
27.3449
27.3449
27.3449
27.3448
27.3447
24.1268
24.1268
24.1268
24.1268
24.1268
24.1268
24.1268
24.1268
24.1268
24.1268
24.1267
24.1267
24.1267
24.1267
24.1267
24.1267
24.1267
24.1267
24.1267
24.1267
24.1267
24.1268
24.1268
24.1268
24.1268
24.1268
24.1268
24.1268
24.1268
24.1267
24.1268
24.1268
24.1268
24.1268
24.1268
24.1268
24.1268
24.1268
24.1268
24.1268
24.1269
24.1269
24.1269
24.1269
24.127
24.127
24.1269
24.1269
24.1269
24.1269
24.127
24.127
24.1271
24.1271
24.1271
24.1271
24.1271
24.1271
24.127
24.127
24.1271
24.1272
24.1272
24.1272
24.1272
24.1272
24.1272
24.1272
24.1272
24.1271
24.1273
24.1273
24.1274
24.1274
24.1274
24.1274
24.1274
24.1274
24.1273
24.1273
24.1274
24.1275
24.1275
24.1275
24.1276
24.1276
24.1275
24.1275
24.1275
24.1274
24.1276
24.1276
24.1277
24.1277
24.1277
24.1277
24.1277
24.1277
24.1276
24.1276
20.9101
20.9101
20.9101
20.9101
20.9101
20.9101
20.9101
20.9101
20.9101
20.9101
20.9101
20.9101
20.9101
20.9101
20.9101
20.9101
20.9101
20.9101
20.9101
20.9101
20.91
20.91
20.91
20.9101
20.9101
20.9101
20.9101
20.91
20.91
20.91
20.91
20.9101
20.9101
20.9101
20.9101
20.9101
20.9101
20.9101
20.9101
20.91
20.9101
20.9101
20.9101
20.9101
20.9101
20.9101
20.9101
20.9101
20.9101
20.9101
20.9101
20.9101
20.9101
20.9101
20.9102
20.9102
20.9101
20.9101
20.9101
20.9101
20.9102
20.9102
20.9102
20.9102
20.9102
20.9102
20.9102
20.9102
20.9102
20.9102
20.9102
20.9102
20.9102
20.9103
20.9103
20.9103
20.9103
20.9102
20.9102
20.9102
20.9103
20.9103
20.9103
20.9103
20.9103
20.9103
20.9103
20.9103
20.9103
20.9103
20.9103
20.9103
20.9104
20.9104
20.9104
20.9104
20.9104
20.9104
20.9103
20.9103
17.6933
17.6933
17.6933
17.6933
17.6933
17.6933
17.6933
17.6933
17.6933
17.6933
17.6933
17.6933
17.6932
17.6932
17.6932
17.6932
17.6932
17.6932
17.6933
17.6933
17.6932
17.6932
17.6932
17.6932
17.6932
17.6932
17.6932
17.6932
17.6932
17.6932
17.6932
17.6932
17.6932
17.6932
17.6932
17.6932
17.6932
17.6932
17.6932
17.6932
17.6932
17.6932
17.6933
17.6933
17.6933
17.6933
17.6933
17.6933
17.6932
17.6932
17.6933
17.6933
17.6933
17.6933
17.6933
17.6933
17.6933
17.6933
17.6933
17.6933
17.6933
17.6933
17.6933
17.6933
17.6933
17.6933
17.6933
17.6933
17.6933
17.6933
17.6933
17.6933
17.6933
17.6933
17.6933
17.6933
17.6933
17.6933
17.6933
17.6933
17.6933
17.6933
17.6933
17.6934
17.6934
17.6934
17.6934
17.6933
17.6933
17.6933
17.6934
17.6934
17.6934
17.6934
17.6934
17.6934
17.6934
17.6934
17.6934
17.6934
14.4763
14.4763
14.4763
14.4763
14.4763
14.4763
14.4763
14.4763
14.4763
14.4763
14.4763
14.4763
14.4763
14.4763
14.4763
14.4763
14.4763
14.4763
14.4763
14.4763
14.4763
14.4763
14.4763
14.4763
14.4763
14.4763
14.4763
14.4763
14.4763
14.4763
14.4763
14.4763
14.4763
14.4763
14.4763
14.4763
14.4763
14.4763
14.4763
14.4763
14.4763
14.4763
14.4763
14.4763
14.4763
14.4763
14.4763
14.4763
14.4763
14.4763
14.4763
14.4763
14.4763
14.4763
14.4763
14.4763
14.4763
14.4763
14.4763
14.4763
14.4763
14.4763
14.4763
14.4763
14.4763
14.4763
14.4763
14.4763
14.4763
14.4763
14.4763
14.4763
14.4763
14.4763
14.4763
14.4763
14.4763
14.4763
14.4763
14.4763
14.4763
14.4763
14.4764
14.4764
14.4764
14.4764
14.4764
14.4764
14.4763
14.4763
14.4764
14.4764
14.4764
14.4764
14.4764
14.4764
14.4764
14.4764
14.4764
14.4764
11.2594
11.2594
11.2594
11.2594
11.2594
11.2594
11.2594
11.2594
11.2594
11.2594
11.2594
11.2594
11.2594
11.2594
11.2594
11.2594
11.2594
11.2594
11.2594
11.2594
11.2594
11.2594
11.2594
11.2594
11.2594
11.2594
11.2594
11.2594
11.2594
11.2594
11.2594
11.2594
11.2594
11.2594
11.2594
11.2594
11.2594
11.2594
11.2594
11.2594
11.2594
11.2594
11.2594
11.2594
11.2594
11.2594
11.2594
11.2594
11.2594
11.2594
11.2594
11.2594
11.2594
11.2594
11.2594
11.2594
11.2594
11.2594
11.2594
11.2594
11.2594
11.2594
11.2594
11.2594
11.2594
11.2594
11.2594
11.2594
11.2594
11.2594
11.2594
11.2594
11.2594
11.2594
11.2594
11.2594
11.2594
11.2594
11.2594
11.2594
11.2594
11.2594
11.2594
11.2594
11.2594
11.2594
11.2594
11.2594
11.2594
11.2594
11.2594
11.2594
11.2594
11.2594
11.2594
11.2594
11.2594
11.2594
11.2594
11.2594
8.04243
8.04243
8.04243
8.04243
8.04243
8.04243
8.04243
8.04243
8.04243
8.04243
8.04242
8.04242
8.04242
8.04242
8.04242
8.04242
8.04242
8.04242
8.04242
8.04242
8.04242
8.04242
8.04242
8.04242
8.04242
8.04242
8.04242
8.04242
8.04242
8.04242
8.04242
8.04242
8.04242
8.04242
8.04242
8.04242
8.04242
8.04242
8.04242
8.04242
8.04242
8.04242
8.04242
8.04242
8.04242
8.04242
8.04242
8.04242
8.04242
8.04242
8.04242
8.04242
8.04242
8.04242
8.04242
8.04242
8.04242
8.04242
8.04242
8.04242
8.04242
8.04242
8.04242
8.04242
8.04242
8.04242
8.04242
8.04242
8.04242
8.04242
8.04242
8.04242
8.04242
8.04242
8.04242
8.04242
8.04242
8.04242
8.04242
8.04242
8.04242
8.04242
8.04242
8.04242
8.04242
8.04242
8.04242
8.04242
8.04242
8.04242
8.04242
8.04242
8.04242
8.04242
8.04242
8.04242
8.04242
8.04242
8.04242
8.04242
4.82546
4.82546
4.82546
4.82546
4.82546
4.82546
4.82546
4.82546
4.82546
4.82546
4.82545
4.82545
4.82545
4.82545
4.82545
4.82545
4.82545
4.82545
4.82545
4.82545
4.82545
4.82545
4.82545
4.82545
4.82545
4.82545
4.82545
4.82545
4.82545
4.82545
4.82545
4.82545
4.82545
4.82545
4.82545
4.82545
4.82545
4.82545
4.82545
4.82545
4.82545
4.82545
4.82545
4.82545
4.82545
4.82545
4.82545
4.82545
4.82545
4.82545
4.82545
4.82545
4.82545
4.82545
4.82545
4.82545
4.82545
4.82545
4.82545
4.82545
4.82545
4.82545
4.82545
4.82545
4.82545
4.82545
4.82545
4.82545
4.82545
4.82545
4.82545
4.82545
4.82545
4.82545
4.82545
4.82545
4.82545
4.82545
4.82545
4.82545
4.82545
4.82545
4.82545
4.82545
4.82545
4.82545
4.82545
4.82545
4.82545
4.82545
4.82545
4.82545
4.82545
4.82545
4.82545
4.82545
4.82545
4.82545
4.82545
4.82545
1.60849
1.60849
1.60849
1.60849
1.60849
1.60849
1.60849
1.60849
1.60849
1.60849
1.60849
1.60849
1.60849
1.60849
1.60849
1.60849
1.60849
1.60849
1.60849
1.60849
1.60849
1.60849
1.60849
1.60849
1.60849
1.60849
1.60849
1.60849
1.60849
1.60849
1.60849
1.60848
1.60848
1.60848
1.60848
1.60848
1.60848
1.60848
1.60848
1.60848
1.60848
1.60848
1.60848
1.60848
1.60848
1.60848
1.60848
1.60848
1.60848
1.60848
1.60848
1.60848
1.60848
1.60848
1.60848
1.60848
1.60848
1.60848
1.60848
1.60848
1.60848
1.60848
1.60848
1.60848
1.60848
1.60848
1.60848
1.60848
1.60848
1.60848
1.60848
1.60848
1.60848
1.60848
1.60848
1.60848
1.60848
1.60848
1.60848
1.60848
1.60848
1.60848
1.60848
1.60848
1.60848
1.60848
1.60848
1.60848
1.60848
1.60848
1.60848
1.60848
1.60848
1.60848
1.60848
1.60848
1.60848
1.60848
1.60848
1.60848
60.2365
59.5509
59.1162
58.8393
58.7019
58.7019
58.8393
59.1162
59.5509
60.2366
59.5509
58.9649
58.5229
58.2278
58.0814
58.0814
58.2278
58.5229
58.9649
59.5509
59.1162
58.5229
58.0616
57.7541
57.6023
57.6023
57.7541
58.0616
58.5229
59.1162
58.8393
58.2278
57.7541
57.4405
57.2862
57.2862
57.4405
57.7541
58.2278
58.8393
58.7019
58.0814
57.6023
57.2862
57.1308
57.1308
57.2862
57.6023
58.0814
58.7019
58.7019
58.0814
57.6023
57.2862
57.1308
57.1308
57.2862
57.6023
58.0814
58.7019
58.8393
58.2278
57.7541
57.4405
57.2862
57.2862
57.4405
57.7541
58.2278
58.8393
59.1162
58.5229
58.0616
57.7541
57.6023
57.6023
57.7541
58.0616
58.5229
59.1162
59.5509
58.9649
58.5229
58.2278
58.0814
58.0814
58.2278
58.5229
58.9649
59.5509
60.2366
59.5509
59.1162
58.8393
58.7019
58.7019
58.8393
59.1162
59.5509
60.2366
58.0763
57.7998
57.6349
57.5263
57.4711
57.4711
57.5263
57.6349
57.7998
58.0763
57.7998
57.5805
57.3939
57.2637
57.1986
57.1986
57.2637
57.3939
57.5805
57.7998
57.6349
57.3939
57.184
57.04
56.9688
56.9688
57.04
57.184
57.3939
57.6349
57.5263
57.2637
57.04
56.8886
56.8142
56.8142
56.8886
57.04
57.2637
57.5263
57.4711
57.1986
56.9688
56.8142
56.7381
56.7381
56.8142
56.9688
57.1986
57.4711
57.4711
57.1986
56.9688
56.8142
56.7381
56.7381
56.8142
56.9688
57.1986
57.4711
57.5263
57.2637
57.04
56.8886
56.8142
56.8142
56.8886
57.04
57.2637
57.5263
57.6349
57.3939
57.184
57.04
56.9688
56.9688
57.04
57.184
57.3939
57.6349
57.7998
57.5805
57.3939
57.2637
57.1986
57.1986
57.2637
57.3939
57.5805
57.7998
58.0763
57.7998
57.6349
57.5263
57.4711
57.4711
57.5263
57.6349
57.7998
58.0763
56.5924
56.4414
56.3482
56.2833
56.2498
56.2498
56.2833
56.3482
56.4414
56.5924
56.4414
56.3213
56.208
56.1259
56.0844
56.0844
56.1259
56.208
56.3213
56.4414
56.3482
56.208
56.0757
55.9829
55.9369
55.9369
55.9829
56.0757
56.208
56.3482
56.2833
56.1259
55.9829
55.8849
55.8365
55.8365
55.8849
55.9829
56.1259
56.2833
56.2498
56.0844
55.9369
55.8365
55.787
55.787
55.8365
55.9369
56.0845
56.2498
56.2498
56.0844
55.9369
55.8365
55.787
55.787
55.8365
55.9369
56.0845
56.2498
56.2833
56.1259
55.9829
55.8849
55.8365
55.8365
55.8849
55.9829
56.1259
56.2833
56.3482
56.208
56.0757
55.9829
55.9369
55.9369
55.9829
56.0757
56.208
56.3482
56.4414
56.3213
56.208
56.1259
56.0845
56.0845
56.1259
56.208
56.3213
56.4414
56.5924
56.4414
56.3482
56.2833
56.2498
56.2498
56.2833
56.3482
56.4414
56.5924
53.0027
52.968
52.9487
52.933
52.9245
52.9245
52.933
52.9487
52.968
53.0027
52.968
52.9426
52.9077
52.8802
52.8662
52.8662
52.8802
52.9077
52.9426
52.968
52.9487
52.9077
52.8608
52.8268
52.81
52.81
52.8268
52.8608
52.9077
52.9487
52.933
52.8802
52.8268
52.7896
52.7713
52.7713
52.7896
52.8268
52.8802
52.933
52.9245
52.8662
52.81
52.7713
52.7524
52.7524
52.7713
52.81
52.8662
52.9245
52.9245
52.8662
52.81
52.7713
52.7524
52.7524
52.7713
52.81
52.8662
52.9245
52.933
52.8802
52.8268
52.7896
52.7713
52.7713
52.7896
52.8268
52.8802
52.933
52.9487
52.9077
52.8608
52.8268
52.81
52.81
52.8268
52.8608
52.9077
52.9487
52.968
52.9426
52.9077
52.8802
52.8662
52.8662
52.8802
52.9077
52.9426
52.968
53.0027
52.968
52.9487
52.933
52.9245
52.9245
52.933
52.9487
52.968
53.0027
50.034
50.0271
50.023
50.0181
50.0153
50.0153
50.0181
50.023
50.0271
50.034
50.0271
50.0237
50.0114
50.0004
49.9948
49.9948
50.0004
50.0114
50.0237
50.0271
50.023
50.0114
49.9928
49.9785
49.9715
49.9715
49.9785
49.9928
50.0114
50.023
50.0181
50.0004
49.9785
49.9628
49.955
49.955
49.9628
49.9785
50.0004
50.0181
50.0153
49.9948
49.9715
49.955
49.9469
49.9469
49.955
49.9715
49.9948
50.0153
50.0153
49.9948
49.9715
49.955
49.9469
49.9469
49.955
49.9715
49.9948
50.0153
50.0181
50.0004
49.9785
49.9628
49.955
49.955
49.9628
49.9785
50.0004
50.0181
50.023
50.0114
49.9928
49.9785
49.9715
49.9715
49.9785
49.9928
50.0114
50.023
50.0271
50.0237
50.0114
50.0004
49.9948
49.9948
50.0004
50.0114
50.0237
50.0271
50.034
50.0271
50.023
50.0181
50.0153
50.0153
50.0181
50.023
50.0271
50.034
46.6686
46.672
46.6745
46.6751
46.6753
46.6753
46.6751
46.6745
46.672
46.6686
46.672
46.6756
46.6735
46.6707
46.6693
46.6693
46.6707
46.6735
46.6756
46.672
46.6745
46.6735
46.6681
46.6637
46.6616
46.6616
46.6637
46.6681
46.6735
46.6745
46.6751
46.6707
46.6637
46.6586
46.6561
46.6561
46.6586
46.6637
46.6707
46.6751
46.6753
46.6693
46.6616
46.6561
46.6534
46.6534
46.6561
46.6616
46.6693
46.6753
46.6753
46.6693
46.6616
46.6561
46.6534
46.6534
46.6561
46.6616
46.6693
46.6753
46.6751
46.6707
46.6637
46.6586
46.6561
46.6561
46.6586
46.6637
46.6707
46.6751
46.6745
46.6735
46.6681
46.6637
46.6616
46.6616
46.6637
46.6681
46.6735
46.6745
46.672
46.6756
46.6735
46.6707
46.6693
46.6693
46.6707
46.6735
46.6756
46.672
46.6686
46.672
46.6745
46.6751
46.6753
46.6753
46.6751
46.6745
46.672
46.6686
43.4767
43.4809
43.4837
43.485
43.4855
43.4855
43.485
43.4837
43.4809
43.4767
43.4809
43.4852
43.486
43.4859
43.4859
43.4859
43.4859
43.486
43.4852
43.4809
43.4837
43.486
43.4855
43.4848
43.4844
43.4844
43.4848
43.4855
43.486
43.4837
43.485
43.4859
43.4848
43.4838
43.4833
43.4833
43.4838
43.4848
43.4859
43.485
43.4855
43.4859
43.4844
43.4833
43.4828
43.4828
43.4833
43.4844
43.4859
43.4855
43.4855
43.4859
43.4844
43.4833
43.4828
43.4828
43.4833
43.4844
43.4859
43.4855
43.485
43.4859
43.4848
43.4838
43.4833
43.4833
43.4838
43.4848
43.4859
43.485
43.4837
43.486
43.4855
43.4848
43.4844
43.4844
43.4848
43.4855
43.486
43.4837
43.4809
43.4852
43.486
43.4859
43.4859
43.4859
43.4859
43.486
43.4852
43.4809
43.4767
43.4809
43.4837
43.485
43.4855
43.4855
43.485
43.4837
43.4809
43.4767
40.2218
40.2246
40.2265
40.2275
40.228
40.228
40.2275
40.2265
40.2246
40.2218
40.2246
40.2272
40.2281
40.2285
40.2286
40.2286
40.2285
40.2281
40.2272
40.2246
40.2265
40.2281
40.2284
40.2285
40.2285
40.2285
40.2285
40.2284
40.2281
40.2265
40.2275
40.2285
40.2285
40.2284
40.2284
40.2284
40.2284
40.2285
40.2285
40.2275
40.228
40.2286
40.2285
40.2284
40.2284
40.2284
40.2284
40.2285
40.2286
40.228
40.228
40.2286
40.2285
40.2284
40.2284
40.2284
40.2284
40.2285
40.2286
40.228
40.2275
40.2285
40.2285
40.2284
40.2284
40.2284
40.2284
40.2285
40.2285
40.2275
40.2265
40.2281
40.2284
40.2285
40.2285
40.2285
40.2285
40.2284
40.2281
40.2265
40.2246
40.2272
40.2281
40.2285
40.2286
40.2286
40.2285
40.2281
40.2272
40.2246
40.2218
40.2246
40.2265
40.2275
40.228
40.228
40.2275
40.2265
40.2246
40.2218
37.0058
37.0075
37.0087
37.0093
37.0097
37.0097
37.0093
37.0087
37.0075
37.0058
37.0075
37.0092
37.01
37.0105
37.0107
37.0107
37.0105
37.01
37.0092
37.0075
37.0087
37.01
37.0106
37.011
37.0112
37.0112
37.011
37.0106
37.01
37.0087
37.0093
37.0105
37.011
37.0113
37.0115
37.0115
37.0113
37.011
37.0105
37.0093
37.0097
37.0107
37.0112
37.0115
37.0117
37.0117
37.0115
37.0112
37.0107
37.0097
37.0097
37.0107
37.0112
37.0115
37.0117
37.0117
37.0115
37.0112
37.0107
37.0097
37.0093
37.0105
37.011
37.0113
37.0115
37.0115
37.0113
37.011
37.0105
37.0093
37.0087
37.01
37.0106
37.011
37.0112
37.0112
37.011
37.0106
37.01
37.0087
37.0075
37.0092
37.01
37.0105
37.0107
37.0107
37.0105
37.01
37.0092
37.0075
37.0058
37.0075
37.0087
37.0093
37.0097
37.0097
37.0093
37.0087
37.0075
37.0058
33.7805
33.7814
33.782
33.7823
33.7825
33.7825
33.7823
33.782
33.7814
33.7805
33.7814
33.7822
33.7826
33.7829
33.783
33.783
33.7829
33.7826
33.7822
33.7814
33.782
33.7826
33.783
33.7832
33.7833
33.7833
33.7832
33.783
33.7826
33.782
33.7823
33.7829
33.7832
33.7834
33.7835
33.7835
33.7834
33.7832
33.7829
33.7823
33.7825
33.783
33.7833
33.7835
33.7836
33.7836
33.7835
33.7833
33.783
33.7825
33.7825
33.783
33.7833
33.7835
33.7836
33.7836
33.7835
33.7833
33.783
33.7825
33.7823
33.7829
33.7832
33.7834
33.7835
33.7835
33.7834
33.7832
33.7829
33.7823
33.782
33.7826
33.783
33.7832
33.7833
33.7833
33.7832
33.783
33.7826
33.782
33.7814
33.7822
33.7826
33.7829
33.783
33.783
33.7829
33.7826
33.7822
33.7814
33.7805
33.7814
33.782
33.7823
33.7825
33.7825
33.7823
33.782
33.7814
33.7805
30.5633
30.5637
30.564
30.5642
30.5643
30.5643
30.5642
30.564
30.5637
30.5633
30.5637
30.5641
30.5644
30.5645
30.5646
30.5646
30.5645
30.5644
30.5641
30.5637
30.564
30.5644
30.5646
30.5648
30.5649
30.5649
30.5648
30.5646
30.5644
30.564
30.5642
30.5645
30.5648
30.565
30.565
30.565
30.565
30.5648
30.5645
30.5642
30.5643
30.5646
30.5649
30.565
30.5651
30.5651
30.565
30.5649
30.5646
30.5643
30.5643
30.5646
30.5649
30.565
30.5651
30.5651
30.565
30.5649
30.5646
30.5643
30.5642
30.5645
30.5648
30.565
30.565
30.565
30.565
30.5648
30.5645
30.5642
30.564
30.5644
30.5646
30.5648
30.5649
30.5649
30.5648
30.5646
30.5644
30.564
30.5637
30.5641
30.5644
30.5645
30.5646
30.5646
30.5645
30.5644
30.5641
30.5637
30.5633
30.5637
30.564
30.5642
30.5643
30.5643
30.5642
30.564
30.5637
30.5633
27.3447
27.3448
27.345
27.3451
27.3451
27.3451
27.3451
27.345
27.3448
27.3447
27.3448
27.345
27.3451
27.3452
27.3453
27.3453
27.3452
27.3451
27.345
27.3448
27.345
27.3451
27.3453
27.3453
27.3454
27.3454
27.3453
27.3453
27.3451
27.345
27.3451
27.3452
27.3453
27.3454
27.3455
27.3455
27.3454
27.3453
27.3452
27.3451
27.3451
27.3453
27.3454
27.3455
27.3455
27.3455
27.3455
27.3454
27.3453
27.3451
27.3451
27.3453
27.3454
27.3455
27.3455
27.3455
27.3455
27.3454
27.3453
27.3451
27.3451
27.3452
27.3453
27.3454
27.3455
27.3455
27.3454
27.3453
27.3452
27.3451
27.345
27.3451
27.3453
27.3453
27.3454
27.3454
27.3453
27.3453
27.3451
27.345
27.3448
27.345
27.3451
27.3452
27.3453
27.3453
27.3452
27.3451
27.345
27.3448
27.3447
27.3448
27.345
27.3451
27.3451
27.3451
27.3451
27.345
27.3448
27.3447
24.1276
24.1277
24.1278
24.1278
24.1278
24.1278
24.1278
24.1278
24.1277
24.1276
24.1277
24.1278
24.1278
24.1279
24.1279
24.1279
24.1279
24.1278
24.1278
24.1277
24.1278
24.1278
24.1279
24.128
24.128
24.128
24.128
24.1279
24.1278
24.1278
24.1278
24.1279
24.128
24.128
24.128
24.128
24.128
24.128
24.1279
24.1278
24.1278
24.1279
24.128
24.128
24.1281
24.1281
24.128
24.128
24.1279
24.1278
24.1278
24.1279
24.128
24.128
24.1281
24.1281
24.128
24.128
24.1279
24.1278
24.1278
24.1279
24.128
24.128
24.128
24.128
24.128
24.128
24.1279
24.1278
24.1278
24.1278
24.1279
24.128
24.128
24.128
24.128
24.1279
24.1278
24.1278
24.1277
24.1278
24.1278
24.1279
24.1279
24.1279
24.1279
24.1278
24.1278
24.1277
24.1276
24.1277
24.1278
24.1278
24.1278
24.1278
24.1278
24.1278
24.1277
24.1276
20.9104
20.9104
20.9104
20.9104
20.9104
20.9104
20.9104
20.9104
20.9104
20.9104
20.9104
20.9104
20.9104
20.9105
20.9105
20.9105
20.9105
20.9104
20.9104
20.9104
20.9104
20.9104
20.9105
20.9105
20.9105
20.9105
20.9105
20.9105
20.9104
20.9104
20.9104
20.9105
20.9105
20.9105
20.9105
20.9105
20.9105
20.9105
20.9105
20.9104
20.9104
20.9105
20.9105
20.9105
20.9105
20.9105
20.9105
20.9105
20.9105
20.9104
20.9104
20.9105
20.9105
20.9105
20.9105
20.9105
20.9105
20.9105
20.9105
20.9104
20.9104
20.9105
20.9105
20.9105
20.9105
20.9105
20.9105
20.9105
20.9105
20.9104
20.9104
20.9104
20.9105
20.9105
20.9105
20.9105
20.9105
20.9105
20.9104
20.9104
20.9104
20.9104
20.9104
20.9105
20.9105
20.9105
20.9105
20.9104
20.9104
20.9104
20.9104
20.9104
20.9104
20.9104
20.9104
20.9104
20.9104
20.9104
20.9104
20.9104
17.6934
17.6934
17.6934
17.6934
17.6934
17.6934
17.6934
17.6934
17.6934
17.6934
17.6934
17.6934
17.6934
17.6934
17.6934
17.6934
17.6934
17.6934
17.6934
17.6934
17.6934
17.6934
17.6934
17.6934
17.6934
17.6934
17.6934
17.6934
17.6934
17.6934
17.6934
17.6934
17.6934
17.6935
17.6935
17.6935
17.6935
17.6934
17.6934
17.6934
17.6934
17.6934
17.6934
17.6935
17.6935
17.6935
17.6935
17.6934
17.6934
17.6934
17.6934
17.6934
17.6934
17.6935
17.6935
17.6935
17.6935
17.6934
17.6934
17.6934
17.6934
17.6934
17.6934
17.6935
17.6935
17.6935
17.6935
17.6934
17.6934
17.6934
17.6934
17.6934
17.6934
17.6934
17.6934
17.6934
17.6934
17.6934
17.6934
17.6934
17.6934
17.6934
17.6934
17.6934
17.6934
17.6934
17.6934
17.6934
17.6934
17.6934
17.6934
17.6934
17.6934
17.6934
17.6934
17.6934
17.6934
17.6934
17.6934
17.6934
14.4764
14.4764
14.4764
14.4764
14.4764
14.4764
14.4764
14.4764
14.4764
14.4764
14.4764
14.4764
14.4764
14.4764
14.4764
14.4764
14.4764
14.4764
14.4764
14.4764
14.4764
14.4764
14.4764
14.4764
14.4764
14.4764
14.4764
14.4764
14.4764
14.4764
14.4764
14.4764
14.4764
14.4764
14.4764
14.4764
14.4764
14.4764
14.4764
14.4764
14.4764
14.4764
14.4764
14.4764
14.4764
14.4764
14.4764
14.4764
14.4764
14.4764
14.4764
14.4764
14.4764
14.4764
14.4764
14.4764
14.4764
14.4764
14.4764
14.4764
14.4764
14.4764
14.4764
14.4764
14.4764
14.4764
14.4764
14.4764
14.4764
14.4764
14.4764
14.4764
14.4764
14.4764
14.4764
14.4764
14.4764
14.4764
14.4764
14.4764
14.4764
14.4764
14.4764
14.4764
14.4764
14.4764
14.4764
14.4764
14.4764
14.4764
14.4764
14.4764
14.4764
14.4764
14.4764
14.4764
14.4764
14.4764
14.4764
14.4764
11.2594
11.2594
11.2594
11.2594
11.2594
11.2594
11.2594
11.2594
11.2594
11.2594
11.2594
11.2594
11.2594
11.2594
11.2594
11.2594
11.2594
11.2594
11.2594
11.2594
11.2594
11.2594
11.2594
11.2594
11.2594
11.2594
11.2594
11.2594
11.2594
11.2594
11.2594
11.2594
11.2594
11.2594
11.2594
11.2594
11.2594
11.2594
11.2594
11.2594
11.2594
11.2594
11.2594
11.2594
11.2594
11.2594
11.2594
11.2594
11.2594
11.2594
11.2594
11.2594
11.2594
11.2594
11.2594
11.2594
11.2594
11.2594
11.2594
11.2594
11.2594
11.2594
11.2594
11.2594
11.2594
11.2594
11.2594
11.2594
11.2594
11.2594
11.2594
11.2594
11.2594
11.2594
11.2594
11.2594
11.2594
11.2594
11.2594
11.2594
11.2594
11.2594
11.2594
11.2594
11.2594
11.2594
11.2594
11.2594
11.2594
11.2594
11.2594
11.2594
11.2594
11.2594
11.2594
11.2594
11.2594
11.2594
11.2594
11.2594
8.04242
8.04242
8.04242
8.04242
8.04242
8.04242
8.04242
8.04242
8.04242
8.04242
8.04242
8.04242
8.04242
8.04242
8.04242
8.04242
8.04242
8.04242
8.04242
8.04242
8.04242
8.04242
8.04242
8.04242
8.04243
8.04243
8.04242
8.04242
8.04242
8.04242
8.04242
8.04242
8.04242
8.04243
8.04243
8.04243
8.04243
8.04242
8.04242
8.04242
8.04242
8.04242
8.04243
8.04243
8.04243
8.04243
8.04243
8.04243
8.04242
8.04242
8.04242
8.04242
8.04243
8.04243
8.04243
8.04243
8.04243
8.04243
8.04242
8.04242
8.04242
8.04242
8.04242
8.04243
8.04243
8.04243
8.04243
8.04242
8.04242
8.04242
8.04242
8.04242
8.04242
8.04242
8.04243
8.04243
8.04242
8.04242
8.04242
8.04242
8.04242
8.04242
8.04242
8.04242
8.04242
8.04242
8.04242
8.04242
8.04242
8.04242
8.04242
8.04242
8.04242
8.04242
8.04242
8.04242
8.04242
8.04242
8.04242
8.04242
4.82545
4.82545
4.82545
4.82545
4.82545
4.82545
4.82545
4.82545
4.82545
4.82545
4.82545
4.82545
4.82545
4.82545
4.82545
4.82545
4.82545
4.82545
4.82545
4.82545
4.82545
4.82545
4.82545
4.82545
4.82545
4.82545
4.82545
4.82545
4.82545
4.82545
4.82545
4.82545
4.82545
4.82545
4.82545
4.82545
4.82545
4.82545
4.82545
4.82545
4.82545
4.82545
4.82545
4.82545
4.82545
4.82545
4.82545
4.82545
4.82545
4.82545
4.82545
4.82545
4.82545
4.82545
4.82545
4.82545
4.82545
4.82545
4.82545
4.82545
4.82545
4.82545
4.82545
4.82545
4.82545
4.82545
4.82545
4.82545
4.82545
4.82545
4.82545
4.82545
4.82545
4.82545
4.82545
4.82545
4.82545
4.82545
4.82545
4.82545
4.82545
4.82545
4.82545
4.82545
4.82545
4.82545
4.82545
4.82545
4.82545
4.82545
4.82545
4.82545
4.82545
4.82545
4.82545
4.82545
4.82545
4.82545
4.82545
4.82545
1.60848
1.60848
1.60848
1.60848
1.60848
1.60848
1.60848
1.60848
1.60848
1.60848
1.60848
1.60848
1.60848
1.60848
1.60848
1.60848
1.60848
1.60848
1.60848
1.60848
1.60848
1.60848
1.60848
1.60848
1.60848
1.60848
1.60848
1.60848
1.60848
1.60848
1.60848
1.60848
1.60848
1.60848
1.60848
1.60848
1.60848
1.60848
1.60848
1.60848
1.60848
1.60848
1.60848
1.60848
1.60848
1.60848
1.60848
1.60848
1.60848
1.60848
1.60848
1.60848
1.60848
1.60848
1.60848
1.60848
1.60848
1.60848
1.60848
1.60848
1.60848
1.60848
1.60848
1.60848
1.60848
1.60848
1.60848
1.60848
1.60848
1.60848
1.60848
1.60848
1.60848
1.60848
1.60848
1.60848
1.60848
1.60848
1.60848
1.60848
1.60848
1.60848
1.60848
1.60848
1.60848
1.60848
1.60848
1.60848
1.60848
1.60848
1.60848
1.60848
1.60848
1.60848
1.60848
1.60848
1.60848
1.60848
1.60848
1.60848
)
;

boundaryField
{
    fixedWalls
    {
        type            zeroGradient;
    }
    inlet
    {
        type            fixedGradient;
        gradient        uniform 0;
    }
    outlet
    {
        type            fixedValue;
        value           uniform 0;
    }
}


// ************************************************************************* //
