/*--------------------------------*- C++ -*----------------------------------*\
| =========                 |                                                 |
| \\      /  F ield         | OpenFOAM: The Open Source CFD Toolbox           |
|  \\    /   O peration     | Version:  2106                                  |
|   \\  /    A nd           | Website:  www.openfoam.com                      |
|    \\/     M anipulation  |                                                 |
\*---------------------------------------------------------------------------*/
FoamFile
{
    version     2.0;
    format      ascii;
    arch        "LSB;label=32;scalar=64";
    class       volScalarField;
    location    "0.4";
    object      p;
}
// * * * * * * * * * * * * * * * * * * * * * * * * * * * * * * * * * * * * * //

dimensions      [0 2 -2 0 0 0 0];

internalField   nonuniform List<scalar> 
10000
(
102.209
101.628
101.262
100.995
100.857
100.857
100.995
101.262
101.628
102.209
93.0818
92.2329
91.6732
91.2776
91.0738
91.0738
91.2776
91.6732
92.2329
93.0818
85.5027
84.5257
83.8875
83.4429
83.2148
83.2148
83.4429
83.8875
84.5257
85.5027
80.269
79.2653
78.6182
78.1741
77.9466
77.9466
78.1741
78.6182
79.2653
80.269
76.3427
75.3468
74.7081
74.2784
74.0584
74.0584
74.2784
74.7081
75.3468
76.3427
73.1651
72.1972
71.575
71.1668
70.9583
70.9583
71.1668
71.575
72.1972
73.1651
70.5475
69.6285
69.0327
68.6524
68.4588
68.4588
68.6524
69.0327
69.6285
70.5475
68.3831
67.5365
66.9794
66.6324
66.4565
66.4565
66.6324
66.9794
67.5365
68.3831
66.5908
65.8329
65.3275
65.0186
64.8623
64.8623
65.0186
65.3275
65.833
66.5908
65.188
64.4342
63.9893
63.7189
63.5819
63.5819
63.7189
63.9893
64.4342
65.188
66.1808
66.353
66.5403
66.6666
66.732
66.732
66.6666
66.5403
66.353
66.1808
66.5892
66.6828
66.8083
66.889
66.9302
66.9302
66.889
66.8083
66.6828
66.5892
66.55
66.5458
66.597
66.6245
66.6382
66.6382
66.6245
66.597
66.5458
66.55
66.1273
66.033
66.016
65.9968
65.9863
65.9863
65.9968
66.016
66.033
66.1273
65.5234
65.3553
65.2805
65.224
65.1942
65.1942
65.224
65.2805
65.3553
65.5234
64.8465
64.623
64.5017
64.4173
64.3733
64.3733
64.4173
64.5017
64.623
64.8465
64.1512
63.8925
63.7377
63.6352
63.5822
63.5822
63.6352
63.7377
63.8925
64.1512
63.4685
63.1984
63.0256
62.9149
62.8577
62.8577
62.9149
63.0256
63.1984
63.4685
62.8327
62.5675
62.3891
62.2774
62.2195
62.2195
62.2774
62.3891
62.5675
62.8327
62.3429
62.001
61.8197
61.7083
61.6503
61.6503
61.7083
61.8197
62.001
62.3429
61.4575
61.4424
61.4433
61.4393
61.4375
61.4375
61.4393
61.4433
61.4424
61.4575
61.8548
61.837
61.8368
61.8309
61.8278
61.8278
61.8309
61.8368
61.837
61.8548
62.1803
62.1436
62.1315
62.1157
62.1072
62.1072
62.1157
62.1315
62.1436
62.1803
62.2218
62.1518
62.1174
62.0855
62.0685
62.0685
62.0855
62.1174
62.1518
62.2219
62.0691
61.9638
61.905
61.8572
61.8318
61.8318
61.8572
61.905
61.9638
62.0691
61.8155
61.6798
61.5987
61.5375
61.5053
61.5053
61.5375
61.5987
61.6798
61.8155
61.5091
61.3512
61.2521
61.1816
61.1447
61.1447
61.1816
61.2521
61.3512
61.5091
61.1765
61.0084
60.898
60.8226
60.7833
60.7833
60.8226
60.898
61.0084
61.1765
60.8491
60.6788
60.5616
60.4843
60.4439
60.4439
60.4843
60.5616
60.6788
60.8491
60.5976
60.3684
60.2427
60.1626
60.1209
60.1209
60.1626
60.2427
60.3684
60.5976
56.5828
56.6021
56.6266
56.6423
56.6506
56.6506
56.6423
56.6266
56.6021
56.5828
56.7823
56.805
56.833
56.8509
56.8603
56.8603
56.8509
56.833
56.805
56.7823
56.9489
56.9689
56.9963
57.013
57.0218
57.0218
57.013
56.9963
56.9689
56.9489
57.025
57.0344
57.0547
57.0659
57.0718
57.0718
57.0659
57.0547
57.0344
57.025
57.0312
57.0261
57.0359
57.0397
57.0415
57.0415
57.0397
57.0359
57.0262
57.0312
56.9904
56.9705
56.9688
56.9648
56.9626
56.9626
56.9648
56.9688
56.9705
56.9904
56.9161
56.8834
56.8709
56.8603
56.8545
56.8545
56.8603
56.8709
56.8834
56.9161
56.8179
56.7771
56.7562
56.7405
56.732
56.732
56.7405
56.7562
56.7771
56.8179
56.7127
56.6661
56.6375
56.6174
56.6065
56.6065
56.6174
56.6375
56.6661
56.7127
56.6422
56.5558
56.5148
56.4881
56.4739
56.4739
56.4881
56.5148
56.5558
56.6422
53.1846
53.1844
53.1859
53.1858
53.1858
53.1858
53.1858
53.1859
53.1844
53.1846
53.276
53.279
53.2835
53.2853
53.2863
53.2863
53.2853
53.2835
53.279
53.276
53.3685
53.3727
53.3786
53.381
53.3823
53.3823
53.381
53.3786
53.3727
53.3685
53.43
53.4319
53.4366
53.4378
53.4384
53.4384
53.4378
53.4366
53.4319
53.43
53.4624
53.4599
53.4616
53.4605
53.4598
53.4598
53.4605
53.4616
53.4599
53.4624
53.4724
53.4644
53.4622
53.4583
53.4562
53.4562
53.4583
53.4622
53.4644
53.4724
53.4645
53.4513
53.445
53.4386
53.435
53.435
53.4386
53.445
53.4513
53.4645
53.4431
53.4261
53.4163
53.4078
53.4031
53.4031
53.4078
53.4163
53.4261
53.4431
53.4167
53.3964
53.3826
53.3718
53.3659
53.3659
53.3718
53.3826
53.3964
53.4167
53.4045
53.364
53.3431
53.3287
53.3211
53.3211
53.3287
53.3431
53.364
53.4045
49.6753
49.6782
49.6816
49.6837
49.6848
49.6848
49.6837
49.6816
49.6782
49.6753
49.7121
49.7165
49.7213
49.7244
49.726
49.726
49.7244
49.7214
49.7165
49.7121
49.749
49.7543
49.7602
49.7639
49.7659
49.7659
49.7639
49.7602
49.7543
49.749
49.7761
49.7811
49.7871
49.7907
49.7925
49.7925
49.7907
49.7871
49.7811
49.7761
49.7936
49.7973
49.8024
49.8053
49.8067
49.8067
49.8053
49.8024
49.7973
49.7936
49.8027
49.8044
49.8082
49.8099
49.8108
49.8108
49.8099
49.8082
49.8044
49.8027
49.8044
49.804
49.806
49.8066
49.8068
49.8068
49.8066
49.806
49.804
49.8044
49.7997
49.7976
49.7981
49.7975
49.7971
49.7971
49.7975
49.7981
49.7976
49.7997
49.7924
49.7886
49.7868
49.7849
49.7837
49.7837
49.7849
49.7868
49.7886
49.7924
49.7919
49.7778
49.7718
49.7674
49.7651
49.7651
49.7674
49.7718
49.7778
49.7919
46.2877
46.288
46.2884
46.2885
46.2885
46.2885
46.2885
46.2884
46.288
46.2877
46.3027
46.3037
46.3048
46.3053
46.3056
46.3056
46.3053
46.3048
46.3037
46.3027
46.3197
46.3213
46.323
46.3239
46.3244
46.3244
46.3239
46.323
46.3213
46.3197
46.3341
46.336
46.338
46.339
46.3396
46.3396
46.339
46.338
46.336
46.3341
46.3456
46.3474
46.3493
46.3502
46.3506
46.3506
46.3502
46.3493
46.3474
46.3456
46.3542
46.3555
46.3571
46.3578
46.3581
46.3581
46.3578
46.3571
46.3555
46.3542
46.3601
46.3608
46.362
46.3622
46.3623
46.3623
46.3622
46.362
46.3608
46.3601
46.3635
46.3637
46.3644
46.3643
46.3642
46.3642
46.3643
46.3644
46.3637
46.3635
46.3661
46.3656
46.3653
46.3647
46.3643
46.3643
46.3647
46.3653
46.3656
46.3661
46.3713
46.3664
46.3643
46.3626
46.3617
46.3617
46.3626
46.3643
46.3664
46.3713
42.8627
42.8632
42.8638
42.8641
42.8643
42.8643
42.8641
42.8638
42.8632
42.8627
42.8682
42.869
42.8699
42.8704
42.8707
42.8707
42.8704
42.8699
42.869
42.8682
42.8744
42.8755
42.8767
42.8774
42.8777
42.8777
42.8774
42.8767
42.8755
42.8744
42.88
42.8813
42.8826
42.8834
42.8839
42.8839
42.8834
42.8826
42.8813
42.88
42.8848
42.8861
42.8875
42.8883
42.8888
42.8888
42.8883
42.8875
42.8861
42.8848
42.8887
42.8899
42.8912
42.892
42.8923
42.8923
42.892
42.8912
42.8899
42.8887
42.8915
42.8926
42.8938
42.8944
42.8947
42.8947
42.8944
42.8938
42.8926
42.8915
42.8934
42.8943
42.8952
42.8957
42.8959
42.8959
42.8957
42.8952
42.8943
42.8934
42.8949
42.8954
42.896
42.8962
42.8963
42.8963
42.8962
42.896
42.8954
42.8949
42.8974
42.8961
42.8957
42.8954
42.8952
42.8952
42.8954
42.8957
42.8961
42.8974
39.4455
39.4455
39.4456
39.4457
39.4457
39.4457
39.4457
39.4456
39.4455
39.4455
39.4475
39.4477
39.4479
39.448
39.4481
39.4481
39.448
39.4479
39.4477
39.4475
39.4501
39.4504
39.4508
39.451
39.4511
39.4511
39.451
39.4508
39.4504
39.4501
39.4527
39.4532
39.4536
39.4539
39.454
39.454
39.4539
39.4536
39.4532
39.4527
39.4552
39.4558
39.4563
39.4566
39.4568
39.4568
39.4566
39.4563
39.4558
39.4552
39.4576
39.4582
39.4588
39.4591
39.4592
39.4592
39.4591
39.4588
39.4582
39.4576
39.4597
39.4603
39.4608
39.4611
39.4613
39.4613
39.4611
39.4608
39.4603
39.4597
39.4615
39.4621
39.4626
39.4629
39.463
39.463
39.4629
39.4626
39.4621
39.4615
39.4632
39.4637
39.4641
39.4643
39.4644
39.4644
39.4643
39.4641
39.4637
39.4632
39.4654
39.4652
39.4652
39.4652
39.4652
39.4652
39.4652
39.4652
39.4652
39.4654
36.0183
36.0184
36.0184
36.0185
36.0185
36.0185
36.0185
36.0184
36.0184
36.0183
36.0189
36.019
36.0192
36.0193
36.0193
36.0193
36.0193
36.0192
36.019
36.0189
36.0197
36.0199
36.0201
36.0203
36.0203
36.0203
36.0203
36.0201
36.0199
36.0197
36.0207
36.0209
36.0212
36.0213
36.0214
36.0214
36.0213
36.0212
36.0209
36.0207
36.0216
36.022
36.0222
36.0224
36.0225
36.0225
36.0224
36.0222
36.022
36.0216
36.0226
36.0229
36.0232
36.0234
36.0235
36.0235
36.0234
36.0232
36.0229
36.0226
36.0234
36.0238
36.0241
36.0243
36.0244
36.0244
36.0243
36.0241
36.0238
36.0234
36.0242
36.0246
36.0249
36.0251
36.0252
36.0252
36.0251
36.0249
36.0246
36.0242
36.025
36.0253
36.0256
36.0257
36.0258
36.0258
36.0257
36.0256
36.0253
36.025
36.0259
36.0259
36.026
36.0261
36.0261
36.0261
36.0261
36.026
36.0259
36.0259
32.5907
32.5907
32.5907
32.5907
32.5907
32.5907
32.5907
32.5907
32.5907
32.5907
32.5909
32.5909
32.5909
32.5909
32.5909
32.5909
32.5909
32.5909
32.5909
32.5909
32.5912
32.5912
32.5913
32.5913
32.5913
32.5913
32.5913
32.5913
32.5912
32.5912
32.5916
32.5917
32.5918
32.5918
32.5918
32.5918
32.5918
32.5918
32.5917
32.5916
32.592
32.5922
32.5923
32.5923
32.5924
32.5924
32.5923
32.5923
32.5922
32.592
32.5925
32.5927
32.5928
32.5929
32.5929
32.5929
32.5929
32.5928
32.5927
32.5925
32.593
32.5932
32.5934
32.5934
32.5935
32.5935
32.5934
32.5934
32.5932
32.593
32.5935
32.5937
32.5939
32.594
32.594
32.594
32.594
32.5939
32.5937
32.5935
32.594
32.5942
32.5944
32.5945
32.5945
32.5945
32.5945
32.5944
32.5942
32.594
32.5946
32.5947
32.5948
32.5949
32.5949
32.5949
32.5949
32.5948
32.5947
32.5946
29.1608
29.1608
29.1608
29.1608
29.1608
29.1608
29.1608
29.1608
29.1608
29.1608
29.1608
29.1609
29.1609
29.1609
29.1609
29.1609
29.1609
29.1609
29.1609
29.1608
29.1609
29.1609
29.161
29.161
29.161
29.161
29.161
29.161
29.1609
29.1609
29.161
29.1611
29.1611
29.1612
29.1612
29.1612
29.1612
29.1611
29.1611
29.161
29.1612
29.1613
29.1613
29.1613
29.1614
29.1614
29.1613
29.1613
29.1613
29.1612
29.1614
29.1615
29.1615
29.1616
29.1616
29.1616
29.1616
29.1615
29.1615
29.1614
29.1616
29.1617
29.1617
29.1618
29.1618
29.1618
29.1618
29.1617
29.1617
29.1616
29.1618
29.1619
29.162
29.162
29.162
29.162
29.162
29.162
29.1619
29.1618
29.162
29.1621
29.1622
29.1622
29.1622
29.1622
29.1622
29.1622
29.1621
29.162
29.1622
29.1623
29.1623
29.1624
29.1624
29.1624
29.1624
29.1623
29.1623
29.1622
25.7306
25.7306
25.7306
25.7306
25.7306
25.7306
25.7306
25.7306
25.7306
25.7306
25.7306
25.7306
25.7306
25.7307
25.7307
25.7307
25.7307
25.7306
25.7306
25.7306
25.7307
25.7307
25.7307
25.7307
25.7307
25.7307
25.7307
25.7307
25.7307
25.7307
25.7307
25.7307
25.7307
25.7308
25.7308
25.7308
25.7308
25.7307
25.7307
25.7307
25.7308
25.7308
25.7308
25.7308
25.7309
25.7309
25.7308
25.7308
25.7308
25.7308
25.7309
25.7309
25.7309
25.731
25.731
25.731
25.731
25.7309
25.7309
25.7309
25.731
25.731
25.7311
25.7311
25.7311
25.7311
25.7311
25.7311
25.731
25.731
25.7311
25.7311
25.7312
25.7312
25.7312
25.7312
25.7312
25.7312
25.7311
25.7311
25.7312
25.7313
25.7313
25.7313
25.7313
25.7313
25.7313
25.7313
25.7313
25.7312
25.7313
25.7314
25.7314
25.7314
25.7314
25.7314
25.7314
25.7314
25.7314
25.7313
22.3
22.3
22.3
22.3
22.3
22.3
22.3
22.3
22.3
22.3
22.3
22.3
22.3
22.3
22.3
22.3
22.3
22.3
22.3
22.3
22.3
22.3
22.3
22.3
22.3
22.3
22.3
22.3
22.3
22.3
22.3
22.3
22.3
22.3
22.3001
22.3001
22.3
22.3
22.3
22.3
22.3001
22.3001
22.3001
22.3001
22.3001
22.3001
22.3001
22.3001
22.3001
22.3001
22.3001
22.3001
22.3001
22.3001
22.3001
22.3001
22.3001
22.3001
22.3001
22.3001
22.3001
22.3001
22.3002
22.3002
22.3002
22.3002
22.3002
22.3002
22.3001
22.3001
22.3002
22.3002
22.3002
22.3002
22.3002
22.3002
22.3002
22.3002
22.3002
22.3002
22.3002
22.3002
22.3002
22.3003
22.3003
22.3003
22.3003
22.3002
22.3002
22.3002
22.3003
22.3003
22.3003
22.3003
22.3003
22.3003
22.3003
22.3003
22.3003
22.3003
18.8693
18.8693
18.8693
18.8693
18.8693
18.8693
18.8693
18.8693
18.8693
18.8693
18.8693
18.8693
18.8693
18.8693
18.8693
18.8693
18.8693
18.8693
18.8693
18.8693
18.8693
18.8693
18.8693
18.8693
18.8693
18.8693
18.8693
18.8693
18.8693
18.8693
18.8693
18.8693
18.8693
18.8693
18.8693
18.8693
18.8693
18.8693
18.8693
18.8693
18.8693
18.8694
18.8694
18.8694
18.8694
18.8694
18.8694
18.8694
18.8694
18.8693
18.8694
18.8694
18.8694
18.8694
18.8694
18.8694
18.8694
18.8694
18.8694
18.8694
18.8694
18.8694
18.8694
18.8694
18.8694
18.8694
18.8694
18.8694
18.8694
18.8694
18.8694
18.8694
18.8694
18.8694
18.8694
18.8694
18.8694
18.8694
18.8694
18.8694
18.8694
18.8694
18.8694
18.8694
18.8695
18.8695
18.8694
18.8694
18.8694
18.8694
18.8695
18.8695
18.8695
18.8695
18.8695
18.8695
18.8695
18.8695
18.8695
18.8695
15.4386
15.4386
15.4386
15.4386
15.4386
15.4386
15.4386
15.4386
15.4386
15.4386
15.4386
15.4386
15.4386
15.4386
15.4386
15.4386
15.4386
15.4386
15.4386
15.4386
15.4386
15.4386
15.4386
15.4386
15.4386
15.4386
15.4386
15.4386
15.4386
15.4386
15.4386
15.4386
15.4386
15.4386
15.4386
15.4386
15.4386
15.4386
15.4386
15.4386
15.4386
15.4386
15.4386
15.4386
15.4386
15.4386
15.4386
15.4386
15.4386
15.4386
15.4386
15.4386
15.4386
15.4386
15.4386
15.4386
15.4386
15.4386
15.4386
15.4386
15.4386
15.4386
15.4386
15.4386
15.4386
15.4386
15.4386
15.4386
15.4386
15.4386
15.4386
15.4386
15.4386
15.4386
15.4386
15.4386
15.4386
15.4386
15.4386
15.4386
15.4386
15.4386
15.4386
15.4386
15.4386
15.4386
15.4386
15.4386
15.4386
15.4386
15.4386
15.4386
15.4386
15.4386
15.4386
15.4386
15.4386
15.4386
15.4386
15.4386
12.0078
12.0078
12.0078
12.0078
12.0078
12.0078
12.0078
12.0078
12.0078
12.0078
12.0078
12.0078
12.0078
12.0078
12.0078
12.0078
12.0078
12.0078
12.0078
12.0078
12.0078
12.0078
12.0078
12.0078
12.0078
12.0078
12.0078
12.0078
12.0078
12.0078
12.0078
12.0078
12.0078
12.0078
12.0078
12.0078
12.0078
12.0078
12.0078
12.0078
12.0078
12.0078
12.0078
12.0078
12.0078
12.0078
12.0078
12.0078
12.0078
12.0078
12.0078
12.0078
12.0078
12.0078
12.0078
12.0078
12.0078
12.0078
12.0078
12.0078
12.0078
12.0078
12.0078
12.0078
12.0078
12.0078
12.0078
12.0078
12.0078
12.0078
12.0078
12.0078
12.0078
12.0078
12.0078
12.0078
12.0078
12.0078
12.0078
12.0078
12.0078
12.0078
12.0078
12.0078
12.0078
12.0078
12.0078
12.0078
12.0078
12.0078
12.0078
12.0078
12.0078
12.0078
12.0078
12.0078
12.0078
12.0078
12.0078
12.0078
8.57699
8.57699
8.57699
8.57699
8.57699
8.57699
8.57699
8.57699
8.57699
8.57699
8.57699
8.57699
8.57699
8.57699
8.57699
8.57699
8.57699
8.57699
8.57699
8.57699
8.57699
8.57699
8.57699
8.57699
8.57699
8.57699
8.57699
8.57699
8.57699
8.57699
8.57699
8.57699
8.57699
8.57699
8.57699
8.57699
8.57699
8.57699
8.57699
8.57699
8.57699
8.57699
8.57699
8.57699
8.57699
8.57699
8.57699
8.57699
8.57699
8.57699
8.57699
8.57699
8.57699
8.57699
8.57699
8.57699
8.57699
8.57699
8.57699
8.57699
8.57699
8.57699
8.57699
8.57699
8.57699
8.57699
8.57699
8.57699
8.57699
8.57699
8.57699
8.57699
8.57699
8.57699
8.57699
8.57699
8.57699
8.57699
8.57699
8.57699
8.57699
8.57699
8.577
8.577
8.577
8.577
8.577
8.577
8.57699
8.57699
8.577
8.577
8.577
8.577
8.577
8.577
8.577
8.577
8.577
8.57699
5.14619
5.14619
5.14619
5.14619
5.14619
5.14619
5.14619
5.14619
5.14619
5.14619
5.14619
5.14619
5.14619
5.14619
5.14619
5.14619
5.14619
5.14619
5.14619
5.14619
5.14619
5.14619
5.14619
5.14619
5.14619
5.14619
5.14619
5.14619
5.14619
5.14619
5.14619
5.14619
5.14619
5.14619
5.14619
5.14619
5.14619
5.14619
5.14619
5.14619
5.14619
5.14619
5.14619
5.14619
5.14619
5.14619
5.14619
5.14619
5.14619
5.14619
5.14619
5.14619
5.14619
5.14619
5.14619
5.14619
5.14619
5.14619
5.14619
5.14619
5.14619
5.14619
5.14619
5.14619
5.14619
5.14619
5.14619
5.14619
5.14619
5.14619
5.14619
5.14619
5.14619
5.14619
5.14619
5.14619
5.14619
5.14619
5.14619
5.14619
5.14619
5.14619
5.14619
5.14619
5.14619
5.14619
5.14619
5.14619
5.14619
5.14619
5.14619
5.14619
5.14619
5.14619
5.14619
5.14619
5.14619
5.14619
5.14619
5.14619
1.7154
1.7154
1.7154
1.7154
1.7154
1.7154
1.7154
1.7154
1.7154
1.7154
1.71539
1.71539
1.71539
1.71539
1.71539
1.71539
1.71539
1.71539
1.71539
1.71539
1.71539
1.71539
1.71539
1.71539
1.71539
1.71539
1.71539
1.71539
1.71539
1.71539
1.71539
1.71539
1.71539
1.71539
1.71539
1.71539
1.71539
1.71539
1.71539
1.71539
1.71539
1.71539
1.71539
1.71539
1.71539
1.71539
1.71539
1.71539
1.71539
1.71539
1.71539
1.71539
1.71539
1.71539
1.71539
1.71539
1.71539
1.71539
1.71539
1.71539
1.71539
1.71539
1.71539
1.71539
1.71539
1.71539
1.71539
1.71539
1.71539
1.71539
1.71539
1.71539
1.71539
1.71539
1.71539
1.71539
1.71539
1.71539
1.71539
1.71539
1.71539
1.71539
1.71539
1.71539
1.71539
1.71539
1.71539
1.71539
1.71539
1.71539
1.71539
1.71539
1.71539
1.71539
1.71539
1.71539
1.71539
1.71539
1.71539
1.71539
102.209
101.628
101.263
100.995
100.857
100.857
100.995
101.263
101.628
102.209
93.0818
92.2329
91.6733
91.2777
91.0739
91.0739
91.2777
91.6733
92.2329
93.0818
85.5027
84.5257
83.8875
83.4429
83.2148
83.2148
83.4429
83.8875
84.5257
85.5027
80.269
79.2653
78.6182
78.1741
77.9466
77.9466
78.1741
78.6182
79.2654
80.269
76.3427
75.3468
74.7081
74.2784
74.0584
74.0584
74.2784
74.7081
75.3468
76.3427
73.1651
72.1972
71.575
71.1669
70.9583
70.9583
71.1669
71.575
72.1972
73.1651
70.5475
69.6285
69.0327
68.6524
68.4588
68.4588
68.6524
69.0327
69.6285
70.5475
68.3831
67.5365
66.9794
66.6324
66.4566
66.4566
66.6324
66.9794
67.5365
68.3831
66.5908
65.833
65.3275
65.0186
64.8623
64.8623
65.0186
65.3275
65.833
66.5909
65.188
64.4343
63.9893
63.7189
63.5819
63.5819
63.7189
63.9893
64.4343
65.188
66.1808
66.353
66.5403
66.6666
66.7321
66.7321
66.6666
66.5403
66.353
66.1808
66.5892
66.6828
66.8083
66.889
66.9303
66.9303
66.889
66.8083
66.6828
66.5892
66.55
66.5458
66.597
66.6245
66.6382
66.6382
66.6245
66.5971
66.5459
66.55
66.1273
66.033
66.016
65.9968
65.9863
65.9863
65.9968
66.016
66.033
66.1273
65.5234
65.3553
65.2805
65.224
65.1942
65.1942
65.224
65.2805
65.3553
65.5234
64.8465
64.623
64.5017
64.4173
64.3733
64.3733
64.4173
64.5017
64.623
64.8466
64.1512
63.8925
63.7377
63.6353
63.5822
63.5822
63.6353
63.7377
63.8925
64.1512
63.4685
63.1984
63.0256
62.9149
62.8578
62.8578
62.9149
63.0256
63.1984
63.4685
62.8327
62.5675
62.3891
62.2774
62.2195
62.2195
62.2774
62.3891
62.5675
62.8327
62.3429
62.001
61.8197
61.7083
61.6503
61.6503
61.7083
61.8197
62.001
62.3429
61.4575
61.4424
61.4433
61.4393
61.4375
61.4375
61.4393
61.4433
61.4424
61.4575
61.8548
61.837
61.8368
61.8309
61.8278
61.8278
61.8309
61.8368
61.837
61.8548
62.1803
62.1436
62.1315
62.1157
62.1072
62.1072
62.1157
62.1315
62.1436
62.1803
62.2219
62.1518
62.1174
62.0855
62.0685
62.0685
62.0855
62.1174
62.1518
62.2219
62.0691
61.9638
61.9051
61.8572
61.8318
61.8318
61.8572
61.9051
61.9638
62.0691
61.8155
61.6798
61.5987
61.5376
61.5054
61.5054
61.5376
61.5987
61.6798
61.8155
61.5091
61.3512
61.2521
61.1816
61.1447
61.1447
61.1816
61.2521
61.3512
61.5091
61.1765
61.0084
60.898
60.8226
60.7833
60.7833
60.8227
60.898
61.0084
61.1765
60.8491
60.6788
60.5616
60.4843
60.444
60.444
60.4843
60.5616
60.6788
60.8491
60.5976
60.3684
60.2427
60.1626
60.1209
60.1209
60.1626
60.2427
60.3684
60.5977
56.5828
56.6021
56.6266
56.6423
56.6506
56.6506
56.6423
56.6266
56.6021
56.5828
56.7823
56.805
56.833
56.8509
56.8603
56.8603
56.8509
56.8331
56.805
56.7823
56.9489
56.9689
56.9963
57.013
57.0219
57.0219
57.013
56.9963
56.9689
56.9489
57.025
57.0344
57.0547
57.0659
57.0718
57.0718
57.0659
57.0547
57.0344
57.025
57.0312
57.0262
57.0359
57.0397
57.0415
57.0415
57.0397
57.0359
57.0262
57.0312
56.9904
56.9705
56.9688
56.9648
56.9626
56.9626
56.9648
56.9688
56.9705
56.9904
56.9161
56.8834
56.8709
56.8603
56.8545
56.8545
56.8603
56.871
56.8834
56.9161
56.8179
56.7771
56.7562
56.7405
56.732
56.732
56.7405
56.7562
56.7771
56.8179
56.7127
56.6661
56.6375
56.6174
56.6066
56.6066
56.6174
56.6375
56.6661
56.7127
56.6422
56.5558
56.5148
56.4881
56.4739
56.4739
56.4881
56.5148
56.5558
56.6422
53.1846
53.1844
53.1859
53.1858
53.1858
53.1858
53.1858
53.1859
53.1844
53.1847
53.276
53.279
53.2835
53.2853
53.2863
53.2863
53.2853
53.2835
53.279
53.276
53.3685
53.3727
53.3786
53.3811
53.3823
53.3823
53.3811
53.3786
53.3727
53.3685
53.43
53.4319
53.4366
53.4378
53.4384
53.4384
53.4378
53.4366
53.4319
53.43
53.4624
53.4599
53.4616
53.4605
53.4598
53.4598
53.4605
53.4616
53.4599
53.4624
53.4724
53.4644
53.4622
53.4583
53.4562
53.4562
53.4583
53.4622
53.4644
53.4724
53.4645
53.4513
53.445
53.4386
53.435
53.435
53.4386
53.445
53.4513
53.4645
53.4431
53.4261
53.4163
53.4078
53.4031
53.4031
53.4078
53.4163
53.4262
53.4431
53.4167
53.3964
53.3826
53.3718
53.366
53.366
53.3718
53.3826
53.3964
53.4167
53.4045
53.364
53.3431
53.3287
53.3211
53.3211
53.3287
53.3431
53.364
53.4045
49.6753
49.6782
49.6816
49.6837
49.6848
49.6848
49.6837
49.6816
49.6782
49.6753
49.7121
49.7165
49.7214
49.7244
49.726
49.726
49.7244
49.7214
49.7165
49.7121
49.749
49.7543
49.7602
49.7639
49.7659
49.7659
49.7639
49.7602
49.7543
49.749
49.7761
49.7811
49.7871
49.7907
49.7925
49.7925
49.7907
49.7871
49.7811
49.7761
49.7936
49.7973
49.8024
49.8053
49.8068
49.8068
49.8053
49.8025
49.7973
49.7936
49.8027
49.8044
49.8082
49.8099
49.8108
49.8108
49.8099
49.8082
49.8044
49.8027
49.8044
49.804
49.806
49.8066
49.8068
49.8068
49.8066
49.806
49.804
49.8044
49.7997
49.7976
49.7981
49.7975
49.7971
49.7971
49.7975
49.7981
49.7976
49.7997
49.7924
49.7886
49.7868
49.7849
49.7837
49.7837
49.7849
49.7868
49.7886
49.7924
49.7919
49.7778
49.7718
49.7674
49.7651
49.7651
49.7674
49.7718
49.7778
49.7919
46.2877
46.288
46.2884
46.2885
46.2885
46.2885
46.2885
46.2884
46.288
46.2877
46.3027
46.3037
46.3048
46.3053
46.3056
46.3056
46.3053
46.3048
46.3037
46.3027
46.3197
46.3213
46.323
46.3239
46.3244
46.3244
46.3239
46.323
46.3213
46.3197
46.3341
46.336
46.338
46.339
46.3396
46.3396
46.339
46.338
46.3361
46.3341
46.3456
46.3474
46.3493
46.3502
46.3506
46.3506
46.3502
46.3493
46.3474
46.3456
46.3542
46.3555
46.3571
46.3578
46.3581
46.3581
46.3578
46.3571
46.3555
46.3542
46.3601
46.3608
46.362
46.3622
46.3623
46.3623
46.3622
46.362
46.3608
46.3601
46.3635
46.3637
46.3644
46.3643
46.3642
46.3642
46.3643
46.3644
46.3637
46.3635
46.3661
46.3656
46.3653
46.3647
46.3643
46.3643
46.3647
46.3653
46.3656
46.3661
46.3713
46.3664
46.3643
46.3626
46.3617
46.3617
46.3626
46.3643
46.3664
46.3713
42.8627
42.8632
42.8638
42.8641
42.8643
42.8643
42.8641
42.8638
42.8632
42.8627
42.8682
42.869
42.8699
42.8704
42.8707
42.8707
42.8704
42.8699
42.869
42.8682
42.8744
42.8755
42.8767
42.8774
42.8778
42.8778
42.8774
42.8767
42.8755
42.8744
42.88
42.8813
42.8826
42.8834
42.8839
42.8839
42.8834
42.8826
42.8813
42.88
42.8848
42.8861
42.8875
42.8883
42.8888
42.8888
42.8883
42.8875
42.8861
42.8848
42.8887
42.8899
42.8912
42.892
42.8923
42.8923
42.892
42.8912
42.8899
42.8887
42.8915
42.8926
42.8938
42.8944
42.8947
42.8947
42.8944
42.8938
42.8926
42.8915
42.8934
42.8943
42.8952
42.8957
42.8959
42.8959
42.8957
42.8952
42.8943
42.8934
42.8949
42.8954
42.896
42.8962
42.8963
42.8963
42.8962
42.896
42.8954
42.8949
42.8974
42.8961
42.8957
42.8954
42.8952
42.8952
42.8954
42.8957
42.8961
42.8974
39.4455
39.4455
39.4456
39.4457
39.4457
39.4457
39.4457
39.4456
39.4455
39.4455
39.4475
39.4477
39.4479
39.448
39.4481
39.4481
39.448
39.4479
39.4477
39.4475
39.4501
39.4504
39.4508
39.451
39.4511
39.4511
39.451
39.4508
39.4504
39.4501
39.4527
39.4532
39.4536
39.4539
39.454
39.454
39.4539
39.4536
39.4532
39.4527
39.4552
39.4558
39.4563
39.4566
39.4568
39.4568
39.4566
39.4563
39.4558
39.4552
39.4576
39.4582
39.4588
39.4591
39.4592
39.4592
39.4591
39.4588
39.4582
39.4576
39.4597
39.4603
39.4608
39.4611
39.4613
39.4613
39.4611
39.4608
39.4603
39.4597
39.4615
39.4621
39.4626
39.4629
39.463
39.463
39.4629
39.4626
39.4621
39.4615
39.4632
39.4637
39.4641
39.4643
39.4644
39.4644
39.4643
39.4641
39.4637
39.4632
39.4654
39.4652
39.4652
39.4652
39.4652
39.4652
39.4652
39.4652
39.4652
39.4654
36.0183
36.0184
36.0184
36.0185
36.0185
36.0185
36.0185
36.0184
36.0184
36.0183
36.0189
36.019
36.0192
36.0193
36.0193
36.0193
36.0193
36.0192
36.019
36.0189
36.0197
36.0199
36.0201
36.0203
36.0203
36.0203
36.0203
36.0201
36.0199
36.0197
36.0207
36.0209
36.0212
36.0213
36.0214
36.0214
36.0213
36.0212
36.0209
36.0207
36.0216
36.022
36.0222
36.0224
36.0225
36.0225
36.0224
36.0222
36.022
36.0216
36.0226
36.0229
36.0232
36.0234
36.0235
36.0235
36.0234
36.0232
36.0229
36.0226
36.0234
36.0238
36.0241
36.0243
36.0244
36.0244
36.0243
36.0241
36.0238
36.0234
36.0242
36.0246
36.0249
36.0251
36.0252
36.0252
36.0251
36.0249
36.0246
36.0242
36.025
36.0253
36.0256
36.0257
36.0258
36.0258
36.0257
36.0256
36.0253
36.025
36.0259
36.0259
36.026
36.0261
36.0261
36.0261
36.0261
36.026
36.0259
36.0259
32.5907
32.5907
32.5907
32.5907
32.5907
32.5907
32.5907
32.5907
32.5907
32.5907
32.5909
32.5909
32.5909
32.5909
32.5909
32.5909
32.5909
32.5909
32.5909
32.5909
32.5912
32.5912
32.5913
32.5913
32.5913
32.5913
32.5913
32.5913
32.5912
32.5912
32.5916
32.5917
32.5918
32.5918
32.5918
32.5918
32.5918
32.5918
32.5917
32.5916
32.592
32.5922
32.5923
32.5923
32.5924
32.5924
32.5923
32.5923
32.5922
32.592
32.5925
32.5927
32.5928
32.5929
32.5929
32.5929
32.5929
32.5928
32.5927
32.5925
32.593
32.5932
32.5934
32.5934
32.5935
32.5935
32.5934
32.5934
32.5932
32.593
32.5935
32.5937
32.5939
32.594
32.594
32.594
32.594
32.5939
32.5937
32.5935
32.594
32.5942
32.5944
32.5945
32.5945
32.5945
32.5945
32.5944
32.5942
32.594
32.5946
32.5947
32.5948
32.5949
32.5949
32.5949
32.5949
32.5948
32.5947
32.5946
29.1608
29.1608
29.1608
29.1608
29.1608
29.1608
29.1608
29.1608
29.1608
29.1608
29.1608
29.1609
29.1609
29.1609
29.1609
29.1609
29.1609
29.1609
29.1609
29.1608
29.1609
29.1609
29.161
29.161
29.161
29.161
29.161
29.161
29.1609
29.1609
29.161
29.1611
29.1611
29.1612
29.1612
29.1612
29.1612
29.1611
29.1611
29.161
29.1612
29.1613
29.1613
29.1613
29.1614
29.1614
29.1613
29.1613
29.1613
29.1612
29.1614
29.1615
29.1615
29.1616
29.1616
29.1616
29.1616
29.1615
29.1615
29.1614
29.1616
29.1617
29.1617
29.1618
29.1618
29.1618
29.1618
29.1617
29.1617
29.1616
29.1618
29.1619
29.162
29.162
29.162
29.162
29.162
29.162
29.1619
29.1618
29.162
29.1621
29.1622
29.1622
29.1622
29.1622
29.1622
29.1622
29.1621
29.162
29.1622
29.1623
29.1623
29.1624
29.1624
29.1624
29.1624
29.1623
29.1623
29.1622
25.7306
25.7306
25.7306
25.7306
25.7306
25.7306
25.7306
25.7306
25.7306
25.7306
25.7306
25.7306
25.7306
25.7307
25.7307
25.7307
25.7307
25.7306
25.7306
25.7306
25.7307
25.7307
25.7307
25.7307
25.7307
25.7307
25.7307
25.7307
25.7307
25.7307
25.7307
25.7307
25.7307
25.7308
25.7308
25.7308
25.7308
25.7307
25.7307
25.7307
25.7308
25.7308
25.7308
25.7308
25.7309
25.7309
25.7308
25.7308
25.7308
25.7308
25.7309
25.7309
25.7309
25.731
25.731
25.731
25.731
25.7309
25.7309
25.7309
25.731
25.731
25.7311
25.7311
25.7311
25.7311
25.7311
25.7311
25.731
25.731
25.7311
25.7311
25.7312
25.7312
25.7312
25.7312
25.7312
25.7312
25.7311
25.7311
25.7312
25.7313
25.7313
25.7313
25.7313
25.7313
25.7313
25.7313
25.7313
25.7312
25.7313
25.7314
25.7314
25.7314
25.7314
25.7314
25.7314
25.7314
25.7314
25.7313
22.3
22.3
22.3
22.3
22.3
22.3
22.3
22.3
22.3
22.3
22.3
22.3
22.3
22.3
22.3
22.3
22.3
22.3
22.3
22.3
22.3
22.3
22.3
22.3
22.3
22.3
22.3
22.3
22.3
22.3
22.3
22.3
22.3
22.3
22.3001
22.3001
22.3
22.3
22.3
22.3
22.3001
22.3001
22.3001
22.3001
22.3001
22.3001
22.3001
22.3001
22.3001
22.3001
22.3001
22.3001
22.3001
22.3001
22.3001
22.3001
22.3001
22.3001
22.3001
22.3001
22.3001
22.3001
22.3002
22.3002
22.3002
22.3002
22.3002
22.3002
22.3001
22.3001
22.3002
22.3002
22.3002
22.3002
22.3002
22.3002
22.3002
22.3002
22.3002
22.3002
22.3002
22.3002
22.3002
22.3003
22.3003
22.3003
22.3003
22.3002
22.3002
22.3002
22.3003
22.3003
22.3003
22.3003
22.3003
22.3003
22.3003
22.3003
22.3003
22.3003
18.8693
18.8693
18.8693
18.8693
18.8693
18.8693
18.8693
18.8693
18.8693
18.8693
18.8693
18.8693
18.8693
18.8693
18.8693
18.8693
18.8693
18.8693
18.8693
18.8693
18.8693
18.8693
18.8693
18.8693
18.8693
18.8693
18.8693
18.8693
18.8693
18.8693
18.8693
18.8693
18.8693
18.8693
18.8693
18.8693
18.8693
18.8693
18.8693
18.8693
18.8693
18.8694
18.8694
18.8694
18.8694
18.8694
18.8694
18.8694
18.8694
18.8693
18.8694
18.8694
18.8694
18.8694
18.8694
18.8694
18.8694
18.8694
18.8694
18.8694
18.8694
18.8694
18.8694
18.8694
18.8694
18.8694
18.8694
18.8694
18.8694
18.8694
18.8694
18.8694
18.8694
18.8694
18.8694
18.8694
18.8694
18.8694
18.8694
18.8694
18.8694
18.8694
18.8694
18.8694
18.8695
18.8695
18.8694
18.8694
18.8694
18.8694
18.8694
18.8695
18.8695
18.8695
18.8695
18.8695
18.8695
18.8695
18.8695
18.8694
15.4386
15.4386
15.4386
15.4386
15.4386
15.4386
15.4386
15.4386
15.4386
15.4386
15.4386
15.4386
15.4386
15.4386
15.4386
15.4386
15.4386
15.4386
15.4386
15.4386
15.4386
15.4386
15.4386
15.4386
15.4386
15.4386
15.4386
15.4386
15.4386
15.4386
15.4386
15.4386
15.4386
15.4386
15.4386
15.4386
15.4386
15.4386
15.4386
15.4386
15.4386
15.4386
15.4386
15.4386
15.4386
15.4386
15.4386
15.4386
15.4386
15.4386
15.4386
15.4386
15.4386
15.4386
15.4386
15.4386
15.4386
15.4386
15.4386
15.4386
15.4386
15.4386
15.4386
15.4386
15.4386
15.4386
15.4386
15.4386
15.4386
15.4386
15.4386
15.4386
15.4386
15.4386
15.4386
15.4386
15.4386
15.4386
15.4386
15.4386
15.4386
15.4386
15.4386
15.4386
15.4386
15.4386
15.4386
15.4386
15.4386
15.4386
15.4386
15.4386
15.4386
15.4386
15.4386
15.4386
15.4386
15.4386
15.4386
15.4386
12.0078
12.0078
12.0078
12.0078
12.0078
12.0078
12.0078
12.0078
12.0078
12.0078
12.0078
12.0078
12.0078
12.0078
12.0078
12.0078
12.0078
12.0078
12.0078
12.0078
12.0078
12.0078
12.0078
12.0078
12.0078
12.0078
12.0078
12.0078
12.0078
12.0078
12.0078
12.0078
12.0078
12.0078
12.0078
12.0078
12.0078
12.0078
12.0078
12.0078
12.0078
12.0078
12.0078
12.0078
12.0078
12.0078
12.0078
12.0078
12.0078
12.0078
12.0078
12.0078
12.0078
12.0078
12.0078
12.0078
12.0078
12.0078
12.0078
12.0078
12.0078
12.0078
12.0078
12.0078
12.0078
12.0078
12.0078
12.0078
12.0078
12.0078
12.0078
12.0078
12.0078
12.0078
12.0078
12.0078
12.0078
12.0078
12.0078
12.0078
12.0078
12.0078
12.0078
12.0078
12.0078
12.0078
12.0078
12.0078
12.0078
12.0078
12.0078
12.0078
12.0078
12.0078
12.0078
12.0078
12.0078
12.0078
12.0078
12.0078
8.57699
8.57699
8.57699
8.57699
8.57699
8.57699
8.57699
8.57699
8.57699
8.57699
8.57699
8.57699
8.57699
8.57699
8.57699
8.57699
8.57699
8.57699
8.57699
8.57699
8.57699
8.57699
8.57699
8.57699
8.57699
8.57699
8.57699
8.57699
8.57699
8.57699
8.57699
8.57699
8.57699
8.57699
8.57699
8.57699
8.57699
8.57699
8.57699
8.57699
8.57699
8.57699
8.57699
8.57699
8.57699
8.57699
8.57699
8.57699
8.57699
8.57699
8.57699
8.57699
8.57699
8.57699
8.57699
8.57699
8.57699
8.57699
8.57699
8.57699
8.57699
8.57699
8.57699
8.57699
8.57699
8.57699
8.57699
8.57699
8.57699
8.57699
8.57699
8.57699
8.57699
8.57699
8.57699
8.57699
8.57699
8.57699
8.57699
8.57699
8.57699
8.57699
8.57699
8.577
8.577
8.577
8.577
8.57699
8.57699
8.57699
8.57699
8.577
8.577
8.577
8.577
8.577
8.577
8.577
8.577
8.57699
5.14619
5.14619
5.14619
5.14619
5.14619
5.14619
5.14619
5.14619
5.14619
5.14619
5.14619
5.14619
5.14619
5.14619
5.14619
5.14619
5.14619
5.14619
5.14619
5.14619
5.14619
5.14619
5.14619
5.14619
5.14619
5.14619
5.14619
5.14619
5.14619
5.14619
5.14619
5.14619
5.14619
5.14619
5.14619
5.14619
5.14619
5.14619
5.14619
5.14619
5.14619
5.14619
5.14619
5.14619
5.14619
5.14619
5.14619
5.14619
5.14619
5.14619
5.14619
5.14619
5.14619
5.14619
5.14619
5.14619
5.14619
5.14619
5.14619
5.14619
5.14619
5.14619
5.14619
5.14619
5.14619
5.14619
5.14619
5.14619
5.14619
5.14619
5.14619
5.14619
5.14619
5.14619
5.14619
5.14619
5.14619
5.14619
5.14619
5.14619
5.14619
5.14619
5.14619
5.14619
5.14619
5.14619
5.14619
5.14619
5.14619
5.14619
5.14619
5.14619
5.14619
5.14619
5.14619
5.14619
5.14619
5.14619
5.14619
5.14619
1.7154
1.7154
1.7154
1.7154
1.7154
1.7154
1.7154
1.7154
1.7154
1.7154
1.71539
1.71539
1.71539
1.71539
1.71539
1.71539
1.71539
1.71539
1.71539
1.71539
1.71539
1.71539
1.71539
1.71539
1.71539
1.71539
1.71539
1.71539
1.71539
1.71539
1.71539
1.71539
1.71539
1.71539
1.71539
1.71539
1.71539
1.71539
1.71539
1.71539
1.71539
1.71539
1.71539
1.71539
1.71539
1.71539
1.71539
1.71539
1.71539
1.71539
1.71539
1.71539
1.71539
1.71539
1.71539
1.71539
1.71539
1.71539
1.71539
1.71539
1.71539
1.71539
1.71539
1.71539
1.71539
1.71539
1.71539
1.71539
1.71539
1.71539
1.71539
1.71539
1.71539
1.71539
1.71539
1.71539
1.71539
1.71539
1.71539
1.71539
1.71539
1.71539
1.71539
1.71539
1.71539
1.71539
1.71539
1.71539
1.71539
1.71539
1.71539
1.71539
1.71539
1.71539
1.71539
1.71539
1.71539
1.71539
1.71539
1.71539
102.209
101.628
101.263
100.995
100.857
100.857
100.995
101.263
101.628
102.209
93.0818
92.2329
91.6733
91.2777
91.0739
91.0739
91.2777
91.6733
92.2329
93.0818
85.5027
84.5257
83.8875
83.4429
83.2148
83.2148
83.4429
83.8875
84.5257
85.5027
80.269
79.2654
78.6182
78.1742
77.9466
77.9466
78.1741
78.6182
79.2653
80.269
76.3427
75.3468
74.7081
74.2784
74.0584
74.0584
74.2784
74.7081
75.3468
76.3427
73.1651
72.1972
71.575
71.1669
70.9583
70.9583
71.1669
71.575
72.1972
73.1651
70.5475
69.6285
69.0327
68.6524
68.4588
68.4588
68.6524
69.0327
69.6285
70.5475
68.3831
67.5365
66.9794
66.6324
66.4566
66.4566
66.6324
66.9794
67.5365
68.3831
66.5909
65.833
65.3275
65.0186
64.8623
64.8623
65.0186
65.3275
65.833
66.5908
65.188
64.4343
63.9893
63.7189
63.5819
63.5819
63.7189
63.9893
64.4343
65.188
66.1808
66.353
66.5403
66.6667
66.7321
66.7321
66.6666
66.5403
66.353
66.1808
66.5892
66.6828
66.8083
66.889
66.9303
66.9303
66.889
66.8083
66.6828
66.5892
66.55
66.5459
66.5971
66.6245
66.6382
66.6382
66.6245
66.597
66.5458
66.55
66.1273
66.033
66.016
65.9968
65.9863
65.9863
65.9968
66.016
66.033
66.1273
65.5234
65.3553
65.2805
65.224
65.1942
65.1942
65.224
65.2805
65.3553
65.5234
64.8466
64.623
64.5017
64.4173
64.3733
64.3733
64.4173
64.5017
64.623
64.8465
64.1512
63.8925
63.7377
63.6353
63.5822
63.5822
63.6353
63.7377
63.8925
64.1512
63.4685
63.1984
63.0256
62.9149
62.8578
62.8578
62.9149
63.0256
63.1984
63.4685
62.8327
62.5675
62.3891
62.2774
62.2195
62.2195
62.2774
62.3891
62.5675
62.8327
62.3429
62.001
61.8197
61.7083
61.6503
61.6503
61.7083
61.8197
62.001
62.3429
61.4575
61.4424
61.4433
61.4393
61.4375
61.4375
61.4393
61.4433
61.4424
61.4575
61.8548
61.837
61.8368
61.8309
61.8278
61.8278
61.8309
61.8368
61.837
61.8548
62.1803
62.1436
62.1315
62.1157
62.1072
62.1072
62.1157
62.1315
62.1436
62.1803
62.2219
62.1518
62.1174
62.0855
62.0685
62.0685
62.0855
62.1174
62.1518
62.2219
62.0691
61.9638
61.9051
61.8572
61.8318
61.8318
61.8572
61.9051
61.9638
62.0691
61.8155
61.6798
61.5987
61.5376
61.5054
61.5054
61.5376
61.5987
61.6798
61.8155
61.5091
61.3512
61.2521
61.1816
61.1447
61.1447
61.1816
61.2521
61.3512
61.5091
61.1765
61.0084
60.898
60.8227
60.7833
60.7833
60.8226
60.898
61.0084
61.1765
60.8491
60.6788
60.5616
60.4843
60.444
60.444
60.4843
60.5616
60.6788
60.8491
60.5977
60.3684
60.2427
60.1626
60.1209
60.1209
60.1626
60.2427
60.3684
60.5976
56.5828
56.6021
56.6266
56.6423
56.6506
56.6506
56.6423
56.6266
56.6021
56.5828
56.7823
56.805
56.8331
56.8509
56.8603
56.8603
56.8509
56.833
56.805
56.7823
56.9489
56.9689
56.9963
57.013
57.0219
57.0219
57.013
56.9963
56.9689
56.9489
57.025
57.0344
57.0547
57.0659
57.0718
57.0718
57.0659
57.0547
57.0344
57.025
57.0312
57.0262
57.0359
57.0397
57.0415
57.0415
57.0397
57.0359
57.0262
57.0312
56.9904
56.9705
56.9688
56.9648
56.9626
56.9626
56.9648
56.9688
56.9705
56.9904
56.9161
56.8834
56.871
56.8603
56.8545
56.8545
56.8603
56.8709
56.8834
56.9161
56.8179
56.7771
56.7562
56.7405
56.732
56.732
56.7405
56.7562
56.7771
56.8179
56.7127
56.6661
56.6375
56.6174
56.6066
56.6066
56.6174
56.6375
56.6661
56.7127
56.6422
56.5558
56.5148
56.4881
56.4739
56.4739
56.4881
56.5148
56.5558
56.6422
53.1847
53.1844
53.186
53.1858
53.1858
53.1858
53.1858
53.1859
53.1844
53.1846
53.276
53.279
53.2835
53.2853
53.2863
53.2863
53.2853
53.2835
53.279
53.276
53.3685
53.3727
53.3786
53.3811
53.3823
53.3823
53.3811
53.3786
53.3727
53.3685
53.43
53.4319
53.4366
53.4378
53.4384
53.4384
53.4378
53.4366
53.4319
53.43
53.4624
53.4599
53.4616
53.4605
53.4598
53.4598
53.4605
53.4616
53.4599
53.4624
53.4724
53.4644
53.4622
53.4583
53.4562
53.4562
53.4583
53.4622
53.4644
53.4724
53.4645
53.4513
53.445
53.4386
53.435
53.435
53.4386
53.445
53.4513
53.4645
53.4431
53.4262
53.4164
53.4078
53.4031
53.4031
53.4078
53.4163
53.4261
53.4431
53.4167
53.3964
53.3826
53.3718
53.366
53.366
53.3718
53.3826
53.3964
53.4167
53.4045
53.364
53.3431
53.3287
53.3211
53.3211
53.3287
53.3431
53.364
53.4045
49.6753
49.6782
49.6816
49.6837
49.6848
49.6848
49.6837
49.6816
49.6782
49.6753
49.7121
49.7165
49.7214
49.7244
49.726
49.726
49.7244
49.7214
49.7165
49.7121
49.749
49.7543
49.7602
49.7639
49.7659
49.7659
49.7639
49.7602
49.7543
49.749
49.7761
49.7811
49.7871
49.7907
49.7925
49.7925
49.7907
49.7871
49.7811
49.7761
49.7936
49.7973
49.8025
49.8053
49.8068
49.8068
49.8053
49.8024
49.7973
49.7936
49.8027
49.8044
49.8082
49.8099
49.8108
49.8108
49.8099
49.8082
49.8044
49.8027
49.8044
49.804
49.806
49.8066
49.8068
49.8068
49.8066
49.806
49.804
49.8044
49.7997
49.7976
49.7981
49.7975
49.7971
49.7971
49.7975
49.7981
49.7976
49.7997
49.7924
49.7886
49.7868
49.7849
49.7837
49.7837
49.7849
49.7868
49.7886
49.7924
49.7919
49.7778
49.7718
49.7674
49.7651
49.7651
49.7674
49.7718
49.7778
49.7919
46.2877
46.288
46.2884
46.2885
46.2885
46.2885
46.2885
46.2884
46.288
46.2877
46.3027
46.3037
46.3048
46.3053
46.3056
46.3056
46.3053
46.3048
46.3037
46.3027
46.3197
46.3213
46.323
46.3239
46.3244
46.3244
46.3239
46.323
46.3213
46.3197
46.3341
46.3361
46.338
46.339
46.3396
46.3396
46.339
46.338
46.336
46.3341
46.3456
46.3474
46.3493
46.3502
46.3506
46.3506
46.3502
46.3493
46.3474
46.3456
46.3542
46.3555
46.3571
46.3578
46.3581
46.3581
46.3578
46.3571
46.3555
46.3542
46.3601
46.3608
46.362
46.3622
46.3623
46.3623
46.3622
46.362
46.3608
46.3601
46.3635
46.3637
46.3644
46.3643
46.3642
46.3642
46.3643
46.3644
46.3637
46.3635
46.3661
46.3656
46.3653
46.3647
46.3643
46.3643
46.3647
46.3653
46.3656
46.3661
46.3713
46.3664
46.3643
46.3626
46.3617
46.3617
46.3626
46.3643
46.3664
46.3713
42.8627
42.8632
42.8638
42.8641
42.8643
42.8643
42.8641
42.8638
42.8632
42.8627
42.8682
42.869
42.8699
42.8704
42.8707
42.8707
42.8704
42.8699
42.869
42.8682
42.8744
42.8755
42.8767
42.8774
42.8778
42.8778
42.8774
42.8767
42.8755
42.8744
42.88
42.8813
42.8826
42.8834
42.8839
42.8839
42.8834
42.8826
42.8813
42.88
42.8848
42.8861
42.8875
42.8883
42.8888
42.8888
42.8883
42.8875
42.8861
42.8848
42.8887
42.8899
42.8912
42.892
42.8923
42.8923
42.892
42.8912
42.8899
42.8887
42.8915
42.8926
42.8938
42.8944
42.8947
42.8947
42.8944
42.8938
42.8926
42.8915
42.8934
42.8943
42.8952
42.8957
42.8959
42.8959
42.8957
42.8952
42.8943
42.8934
42.8949
42.8954
42.896
42.8962
42.8963
42.8963
42.8962
42.896
42.8954
42.8949
42.8974
42.8961
42.8957
42.8954
42.8952
42.8952
42.8954
42.8957
42.8961
42.8974
39.4455
39.4455
39.4456
39.4457
39.4457
39.4457
39.4457
39.4456
39.4455
39.4455
39.4475
39.4477
39.4479
39.448
39.4481
39.4481
39.448
39.4479
39.4477
39.4475
39.4501
39.4504
39.4508
39.451
39.4511
39.4511
39.451
39.4508
39.4504
39.4501
39.4527
39.4532
39.4536
39.4539
39.454
39.454
39.4539
39.4536
39.4532
39.4527
39.4552
39.4558
39.4563
39.4566
39.4568
39.4568
39.4566
39.4563
39.4558
39.4552
39.4576
39.4582
39.4588
39.4591
39.4592
39.4592
39.4591
39.4588
39.4582
39.4576
39.4597
39.4603
39.4608
39.4611
39.4613
39.4613
39.4611
39.4608
39.4603
39.4597
39.4615
39.4621
39.4626
39.4629
39.463
39.463
39.4629
39.4626
39.4621
39.4615
39.4632
39.4637
39.4641
39.4643
39.4644
39.4644
39.4643
39.4641
39.4637
39.4632
39.4654
39.4652
39.4652
39.4652
39.4652
39.4652
39.4652
39.4652
39.4652
39.4654
36.0183
36.0184
36.0184
36.0185
36.0185
36.0185
36.0185
36.0184
36.0184
36.0183
36.0189
36.019
36.0192
36.0193
36.0193
36.0193
36.0193
36.0192
36.019
36.0189
36.0197
36.0199
36.0201
36.0203
36.0203
36.0203
36.0203
36.0201
36.0199
36.0197
36.0207
36.0209
36.0212
36.0213
36.0214
36.0214
36.0213
36.0212
36.0209
36.0207
36.0216
36.022
36.0222
36.0224
36.0225
36.0225
36.0224
36.0222
36.022
36.0216
36.0226
36.0229
36.0232
36.0234
36.0235
36.0235
36.0234
36.0232
36.0229
36.0226
36.0234
36.0238
36.0241
36.0243
36.0244
36.0244
36.0243
36.0241
36.0238
36.0234
36.0242
36.0246
36.0249
36.0251
36.0252
36.0252
36.0251
36.0249
36.0246
36.0242
36.025
36.0253
36.0256
36.0257
36.0258
36.0258
36.0257
36.0256
36.0253
36.025
36.0259
36.0259
36.026
36.0261
36.0261
36.0261
36.0261
36.026
36.0259
36.0259
32.5907
32.5907
32.5907
32.5907
32.5907
32.5907
32.5907
32.5907
32.5907
32.5907
32.5909
32.5909
32.5909
32.5909
32.5909
32.5909
32.5909
32.5909
32.5909
32.5909
32.5912
32.5912
32.5913
32.5913
32.5913
32.5913
32.5913
32.5913
32.5912
32.5912
32.5916
32.5917
32.5918
32.5918
32.5918
32.5918
32.5918
32.5918
32.5917
32.5916
32.592
32.5922
32.5923
32.5923
32.5924
32.5924
32.5923
32.5923
32.5922
32.592
32.5925
32.5927
32.5928
32.5929
32.5929
32.5929
32.5929
32.5928
32.5927
32.5925
32.593
32.5932
32.5934
32.5934
32.5935
32.5935
32.5934
32.5934
32.5932
32.593
32.5935
32.5937
32.5939
32.594
32.594
32.594
32.594
32.5939
32.5937
32.5935
32.594
32.5942
32.5944
32.5945
32.5945
32.5945
32.5945
32.5944
32.5942
32.594
32.5946
32.5947
32.5948
32.5949
32.5949
32.5949
32.5949
32.5948
32.5947
32.5946
29.1608
29.1608
29.1608
29.1608
29.1608
29.1608
29.1608
29.1608
29.1608
29.1608
29.1608
29.1609
29.1609
29.1609
29.1609
29.1609
29.1609
29.1609
29.1609
29.1608
29.1609
29.1609
29.161
29.161
29.161
29.161
29.161
29.161
29.1609
29.1609
29.161
29.1611
29.1611
29.1612
29.1612
29.1612
29.1612
29.1611
29.1611
29.161
29.1612
29.1613
29.1613
29.1613
29.1614
29.1614
29.1613
29.1613
29.1613
29.1612
29.1614
29.1615
29.1615
29.1616
29.1616
29.1616
29.1616
29.1615
29.1615
29.1614
29.1616
29.1617
29.1617
29.1618
29.1618
29.1618
29.1618
29.1617
29.1617
29.1616
29.1618
29.1619
29.162
29.162
29.162
29.162
29.162
29.162
29.1619
29.1618
29.162
29.1621
29.1622
29.1622
29.1622
29.1622
29.1622
29.1622
29.1621
29.162
29.1622
29.1623
29.1623
29.1624
29.1624
29.1624
29.1624
29.1623
29.1623
29.1622
25.7306
25.7306
25.7306
25.7306
25.7306
25.7306
25.7306
25.7306
25.7306
25.7306
25.7306
25.7306
25.7306
25.7307
25.7307
25.7307
25.7307
25.7306
25.7306
25.7306
25.7307
25.7307
25.7307
25.7307
25.7307
25.7307
25.7307
25.7307
25.7307
25.7307
25.7307
25.7307
25.7307
25.7308
25.7308
25.7308
25.7308
25.7307
25.7307
25.7307
25.7308
25.7308
25.7308
25.7308
25.7309
25.7309
25.7308
25.7308
25.7308
25.7308
25.7309
25.7309
25.7309
25.731
25.731
25.731
25.731
25.7309
25.7309
25.7309
25.731
25.731
25.7311
25.7311
25.7311
25.7311
25.7311
25.7311
25.731
25.731
25.7311
25.7311
25.7312
25.7312
25.7312
25.7312
25.7312
25.7312
25.7311
25.7311
25.7312
25.7313
25.7313
25.7313
25.7313
25.7313
25.7313
25.7313
25.7313
25.7312
25.7313
25.7314
25.7314
25.7314
25.7314
25.7314
25.7314
25.7314
25.7314
25.7313
22.3
22.3
22.3
22.3
22.3
22.3
22.3
22.3
22.3
22.3
22.3
22.3
22.3
22.3
22.3
22.3
22.3
22.3
22.3
22.3
22.3
22.3
22.3
22.3
22.3
22.3
22.3
22.3
22.3
22.3
22.3
22.3
22.3
22.3
22.3001
22.3001
22.3
22.3
22.3
22.3
22.3001
22.3001
22.3001
22.3001
22.3001
22.3001
22.3001
22.3001
22.3001
22.3001
22.3001
22.3001
22.3001
22.3001
22.3001
22.3001
22.3001
22.3001
22.3001
22.3001
22.3001
22.3001
22.3002
22.3002
22.3002
22.3002
22.3002
22.3002
22.3001
22.3001
22.3002
22.3002
22.3002
22.3002
22.3002
22.3002
22.3002
22.3002
22.3002
22.3002
22.3002
22.3002
22.3002
22.3003
22.3003
22.3003
22.3003
22.3002
22.3002
22.3002
22.3003
22.3003
22.3003
22.3003
22.3003
22.3003
22.3003
22.3003
22.3003
22.3003
18.8693
18.8693
18.8693
18.8693
18.8693
18.8693
18.8693
18.8693
18.8693
18.8693
18.8693
18.8693
18.8693
18.8693
18.8693
18.8693
18.8693
18.8693
18.8693
18.8693
18.8693
18.8693
18.8693
18.8693
18.8693
18.8693
18.8693
18.8693
18.8693
18.8693
18.8693
18.8693
18.8693
18.8693
18.8693
18.8693
18.8693
18.8693
18.8693
18.8693
18.8693
18.8694
18.8694
18.8694
18.8694
18.8694
18.8694
18.8694
18.8694
18.8693
18.8694
18.8694
18.8694
18.8694
18.8694
18.8694
18.8694
18.8694
18.8694
18.8694
18.8694
18.8694
18.8694
18.8694
18.8694
18.8694
18.8694
18.8694
18.8694
18.8694
18.8694
18.8694
18.8694
18.8694
18.8694
18.8694
18.8694
18.8694
18.8694
18.8694
18.8694
18.8694
18.8694
18.8694
18.8695
18.8695
18.8694
18.8694
18.8694
18.8694
18.8694
18.8695
18.8695
18.8695
18.8695
18.8695
18.8695
18.8695
18.8695
18.8694
15.4386
15.4386
15.4386
15.4386
15.4386
15.4386
15.4386
15.4386
15.4386
15.4386
15.4386
15.4386
15.4386
15.4386
15.4386
15.4386
15.4386
15.4386
15.4386
15.4386
15.4386
15.4386
15.4386
15.4386
15.4386
15.4386
15.4386
15.4386
15.4386
15.4386
15.4386
15.4386
15.4386
15.4386
15.4386
15.4386
15.4386
15.4386
15.4386
15.4386
15.4386
15.4386
15.4386
15.4386
15.4386
15.4386
15.4386
15.4386
15.4386
15.4386
15.4386
15.4386
15.4386
15.4386
15.4386
15.4386
15.4386
15.4386
15.4386
15.4386
15.4386
15.4386
15.4386
15.4386
15.4386
15.4386
15.4386
15.4386
15.4386
15.4386
15.4386
15.4386
15.4386
15.4386
15.4386
15.4386
15.4386
15.4386
15.4386
15.4386
15.4386
15.4386
15.4386
15.4386
15.4386
15.4386
15.4386
15.4386
15.4386
15.4386
15.4386
15.4386
15.4386
15.4386
15.4386
15.4386
15.4386
15.4386
15.4386
15.4386
12.0078
12.0078
12.0078
12.0078
12.0078
12.0078
12.0078
12.0078
12.0078
12.0078
12.0078
12.0078
12.0078
12.0078
12.0078
12.0078
12.0078
12.0078
12.0078
12.0078
12.0078
12.0078
12.0078
12.0078
12.0078
12.0078
12.0078
12.0078
12.0078
12.0078
12.0078
12.0078
12.0078
12.0078
12.0078
12.0078
12.0078
12.0078
12.0078
12.0078
12.0078
12.0078
12.0078
12.0078
12.0078
12.0078
12.0078
12.0078
12.0078
12.0078
12.0078
12.0078
12.0078
12.0078
12.0078
12.0078
12.0078
12.0078
12.0078
12.0078
12.0078
12.0078
12.0078
12.0078
12.0078
12.0078
12.0078
12.0078
12.0078
12.0078
12.0078
12.0078
12.0078
12.0078
12.0078
12.0078
12.0078
12.0078
12.0078
12.0078
12.0078
12.0078
12.0078
12.0078
12.0078
12.0078
12.0078
12.0078
12.0078
12.0078
12.0078
12.0078
12.0078
12.0078
12.0078
12.0078
12.0078
12.0078
12.0078
12.0078
8.57699
8.57699
8.57699
8.57699
8.57699
8.57699
8.57699
8.57699
8.57699
8.57699
8.57699
8.57699
8.57699
8.57699
8.57699
8.57699
8.57699
8.57699
8.57699
8.57699
8.57699
8.57699
8.57699
8.57699
8.57699
8.57699
8.57699
8.57699
8.57699
8.57699
8.57699
8.57699
8.57699
8.57699
8.57699
8.57699
8.57699
8.57699
8.57699
8.57699
8.57699
8.57699
8.57699
8.57699
8.57699
8.57699
8.57699
8.57699
8.57699
8.57699
8.57699
8.57699
8.57699
8.57699
8.57699
8.57699
8.57699
8.57699
8.57699
8.57699
8.57699
8.57699
8.57699
8.57699
8.57699
8.57699
8.57699
8.57699
8.57699
8.57699
8.57699
8.57699
8.57699
8.57699
8.57699
8.57699
8.57699
8.57699
8.57699
8.57699
8.57699
8.57699
8.57699
8.577
8.577
8.577
8.577
8.57699
8.57699
8.57699
8.57699
8.577
8.577
8.577
8.577
8.577
8.577
8.577
8.577
8.57699
5.14619
5.14619
5.14619
5.14619
5.14619
5.14619
5.14619
5.14619
5.14619
5.14619
5.14619
5.14619
5.14619
5.14619
5.14619
5.14619
5.14619
5.14619
5.14619
5.14619
5.14619
5.14619
5.14619
5.14619
5.14619
5.14619
5.14619
5.14619
5.14619
5.14619
5.14619
5.14619
5.14619
5.14619
5.14619
5.14619
5.14619
5.14619
5.14619
5.14619
5.14619
5.14619
5.14619
5.14619
5.14619
5.14619
5.14619
5.14619
5.14619
5.14619
5.14619
5.14619
5.14619
5.14619
5.14619
5.14619
5.14619
5.14619
5.14619
5.14619
5.14619
5.14619
5.14619
5.14619
5.14619
5.14619
5.14619
5.14619
5.14619
5.14619
5.14619
5.14619
5.14619
5.14619
5.14619
5.14619
5.14619
5.14619
5.14619
5.14619
5.14619
5.14619
5.14619
5.14619
5.14619
5.14619
5.14619
5.14619
5.14619
5.14619
5.14619
5.14619
5.14619
5.14619
5.14619
5.14619
5.14619
5.14619
5.14619
5.14619
1.7154
1.7154
1.7154
1.7154
1.7154
1.7154
1.7154
1.7154
1.7154
1.7154
1.71539
1.71539
1.71539
1.71539
1.71539
1.71539
1.71539
1.71539
1.71539
1.71539
1.71539
1.71539
1.71539
1.71539
1.71539
1.71539
1.71539
1.71539
1.71539
1.71539
1.71539
1.71539
1.71539
1.71539
1.71539
1.71539
1.71539
1.71539
1.71539
1.71539
1.71539
1.71539
1.71539
1.71539
1.71539
1.71539
1.71539
1.71539
1.71539
1.71539
1.71539
1.71539
1.71539
1.71539
1.71539
1.71539
1.71539
1.71539
1.71539
1.71539
1.71539
1.71539
1.71539
1.71539
1.71539
1.71539
1.71539
1.71539
1.71539
1.71539
1.71539
1.71539
1.71539
1.71539
1.71539
1.71539
1.71539
1.71539
1.71539
1.71539
1.71539
1.71539
1.71539
1.71539
1.71539
1.71539
1.71539
1.71539
1.71539
1.71539
1.71539
1.71539
1.71539
1.71539
1.71539
1.71539
1.71539
1.71539
1.71539
1.71539
102.209
101.628
101.262
100.995
100.857
100.857
100.995
101.262
101.628
102.209
93.0818
92.2329
91.6732
91.2776
91.0738
91.0738
91.2776
91.6732
92.2329
93.0818
85.5027
84.5257
83.8875
83.4429
83.2148
83.2148
83.4429
83.8875
84.5257
85.5027
80.269
79.2653
78.6182
78.1741
77.9466
77.9466
78.1741
78.6182
79.2653
80.269
76.3427
75.3468
74.7081
74.2784
74.0584
74.0584
74.2784
74.7081
75.3468
76.3427
73.1651
72.1972
71.575
71.1668
70.9583
70.9583
71.1668
71.575
72.1972
73.1651
70.5475
69.6285
69.0327
68.6524
68.4588
68.4588
68.6524
69.0327
69.6285
70.5475
68.3831
67.5365
66.9794
66.6324
66.4565
66.4565
66.6324
66.9794
67.5365
68.3831
66.5908
65.833
65.3275
65.0186
64.8623
64.8623
65.0186
65.3275
65.8329
66.5908
65.188
64.4343
63.9893
63.7189
63.5819
63.5819
63.7189
63.9893
64.4342
65.188
66.1808
66.353
66.5403
66.6666
66.732
66.732
66.6666
66.5403
66.353
66.1808
66.5892
66.6828
66.8083
66.889
66.9302
66.9302
66.889
66.8083
66.6828
66.5892
66.55
66.5458
66.597
66.6245
66.6382
66.6382
66.6245
66.597
66.5458
66.55
66.1273
66.033
66.016
65.9968
65.9863
65.9863
65.9968
66.016
66.033
66.1273
65.5234
65.3553
65.2805
65.224
65.1942
65.1942
65.224
65.2805
65.3553
65.5234
64.8465
64.623
64.5017
64.4173
64.3733
64.3733
64.4173
64.5017
64.623
64.8465
64.1512
63.8925
63.7377
63.6352
63.5822
63.5822
63.6352
63.7377
63.8925
64.1512
63.4685
63.1984
63.0256
62.9149
62.8577
62.8577
62.9149
63.0256
63.1984
63.4685
62.8327
62.5675
62.3891
62.2774
62.2195
62.2195
62.2774
62.3891
62.5675
62.8327
62.3429
62.001
61.8197
61.7083
61.6503
61.6503
61.7083
61.8197
62.001
62.3429
61.4575
61.4424
61.4433
61.4393
61.4375
61.4375
61.4393
61.4433
61.4424
61.4575
61.8548
61.837
61.8368
61.8309
61.8278
61.8278
61.8309
61.8368
61.837
61.8548
62.1803
62.1436
62.1315
62.1157
62.1072
62.1072
62.1157
62.1315
62.1436
62.1803
62.2219
62.1518
62.1174
62.0855
62.0685
62.0685
62.0855
62.1174
62.1518
62.2218
62.0691
61.9638
61.9051
61.8572
61.8318
61.8318
61.8572
61.905
61.9638
62.0691
61.8155
61.6798
61.5987
61.5375
61.5053
61.5053
61.5375
61.5987
61.6798
61.8155
61.5091
61.3512
61.2521
61.1816
61.1447
61.1447
61.1816
61.2521
61.3512
61.5091
61.1765
61.0084
60.898
60.8226
60.7833
60.7833
60.8226
60.898
61.0084
61.1765
60.8491
60.6788
60.5616
60.4843
60.4439
60.4439
60.4843
60.5616
60.6788
60.8491
60.5976
60.3684
60.2427
60.1626
60.1209
60.1209
60.1626
60.2427
60.3684
60.5976
56.5828
56.6021
56.6266
56.6423
56.6506
56.6506
56.6423
56.6266
56.6021
56.5828
56.7823
56.805
56.833
56.8509
56.8603
56.8603
56.8509
56.833
56.805
56.7823
56.9489
56.9689
56.9963
57.013
57.0218
57.0218
57.013
56.9963
56.9689
56.9489
57.025
57.0344
57.0547
57.0659
57.0718
57.0718
57.0659
57.0547
57.0344
57.025
57.0312
57.0262
57.0359
57.0397
57.0415
57.0415
57.0397
57.0359
57.0261
57.0312
56.9904
56.9705
56.9688
56.9648
56.9626
56.9626
56.9648
56.9688
56.9705
56.9904
56.9161
56.8834
56.8709
56.8603
56.8545
56.8545
56.8603
56.8709
56.8834
56.9161
56.8179
56.7771
56.7562
56.7405
56.732
56.732
56.7405
56.7562
56.7771
56.8179
56.7127
56.6661
56.6375
56.6174
56.6065
56.6065
56.6174
56.6375
56.6661
56.7127
56.6422
56.5558
56.5148
56.4881
56.4739
56.4739
56.4881
56.5148
56.5558
56.6422
53.1846
53.1844
53.1859
53.1858
53.1858
53.1858
53.1858
53.1859
53.1844
53.1846
53.276
53.279
53.2835
53.2853
53.2863
53.2863
53.2853
53.2835
53.279
53.276
53.3685
53.3727
53.3786
53.381
53.3823
53.3823
53.381
53.3786
53.3727
53.3685
53.43
53.4319
53.4366
53.4378
53.4384
53.4384
53.4378
53.4366
53.4319
53.43
53.4624
53.4599
53.4616
53.4605
53.4598
53.4598
53.4605
53.4616
53.4599
53.4624
53.4724
53.4644
53.4622
53.4583
53.4562
53.4562
53.4583
53.4622
53.4644
53.4724
53.4645
53.4513
53.445
53.4386
53.435
53.435
53.4386
53.445
53.4513
53.4645
53.4431
53.4261
53.4163
53.4078
53.4031
53.4031
53.4078
53.4163
53.4261
53.4431
53.4167
53.3964
53.3826
53.3718
53.3659
53.3659
53.3718
53.3826
53.3964
53.4167
53.4045
53.364
53.3431
53.3287
53.3211
53.3211
53.3287
53.3431
53.364
53.4045
49.6753
49.6782
49.6816
49.6837
49.6848
49.6848
49.6837
49.6816
49.6782
49.6753
49.7121
49.7165
49.7214
49.7244
49.726
49.726
49.7244
49.7213
49.7165
49.7121
49.749
49.7543
49.7602
49.7639
49.7659
49.7659
49.7639
49.7602
49.7543
49.749
49.7761
49.7811
49.7871
49.7907
49.7925
49.7925
49.7907
49.7871
49.7811
49.7761
49.7936
49.7973
49.8024
49.8053
49.8068
49.8067
49.8053
49.8024
49.7973
49.7936
49.8027
49.8044
49.8082
49.8099
49.8108
49.8108
49.8099
49.8082
49.8044
49.8027
49.8044
49.804
49.806
49.8066
49.8068
49.8068
49.8066
49.806
49.804
49.8044
49.7997
49.7976
49.7981
49.7975
49.7971
49.7971
49.7975
49.7981
49.7976
49.7997
49.7924
49.7886
49.7868
49.7849
49.7837
49.7837
49.7849
49.7868
49.7886
49.7924
49.7919
49.7778
49.7718
49.7674
49.7651
49.7651
49.7674
49.7718
49.7778
49.7919
46.2877
46.288
46.2884
46.2885
46.2885
46.2885
46.2885
46.2884
46.288
46.2877
46.3027
46.3037
46.3048
46.3053
46.3056
46.3056
46.3053
46.3048
46.3037
46.3027
46.3197
46.3213
46.323
46.3239
46.3244
46.3244
46.3239
46.323
46.3213
46.3197
46.3341
46.336
46.338
46.339
46.3396
46.3396
46.339
46.338
46.336
46.3341
46.3456
46.3474
46.3493
46.3502
46.3506
46.3506
46.3502
46.3493
46.3474
46.3456
46.3542
46.3555
46.3571
46.3578
46.3581
46.3581
46.3578
46.3571
46.3555
46.3542
46.3601
46.3608
46.362
46.3622
46.3623
46.3623
46.3622
46.362
46.3608
46.3601
46.3635
46.3637
46.3644
46.3643
46.3642
46.3642
46.3643
46.3644
46.3637
46.3635
46.3661
46.3656
46.3653
46.3647
46.3643
46.3643
46.3647
46.3653
46.3656
46.3661
46.3713
46.3664
46.3643
46.3626
46.3617
46.3617
46.3626
46.3643
46.3664
46.3713
42.8627
42.8632
42.8638
42.8641
42.8643
42.8643
42.8641
42.8638
42.8632
42.8627
42.8682
42.869
42.8699
42.8704
42.8707
42.8707
42.8704
42.8699
42.869
42.8682
42.8744
42.8755
42.8767
42.8774
42.8777
42.8777
42.8774
42.8767
42.8755
42.8744
42.88
42.8813
42.8826
42.8834
42.8839
42.8839
42.8834
42.8826
42.8813
42.88
42.8848
42.8861
42.8875
42.8883
42.8888
42.8888
42.8883
42.8875
42.8861
42.8848
42.8887
42.8899
42.8912
42.892
42.8923
42.8923
42.892
42.8912
42.8899
42.8887
42.8915
42.8926
42.8938
42.8944
42.8947
42.8947
42.8944
42.8938
42.8926
42.8915
42.8934
42.8943
42.8952
42.8957
42.8959
42.8959
42.8957
42.8952
42.8943
42.8934
42.8949
42.8954
42.896
42.8962
42.8963
42.8963
42.8962
42.896
42.8954
42.8949
42.8974
42.8961
42.8957
42.8954
42.8952
42.8952
42.8954
42.8957
42.8961
42.8974
39.4455
39.4455
39.4456
39.4457
39.4457
39.4457
39.4457
39.4456
39.4455
39.4455
39.4475
39.4477
39.4479
39.448
39.4481
39.4481
39.448
39.4479
39.4477
39.4475
39.4501
39.4504
39.4508
39.451
39.4511
39.4511
39.451
39.4508
39.4504
39.4501
39.4527
39.4532
39.4536
39.4539
39.454
39.454
39.4539
39.4536
39.4532
39.4527
39.4552
39.4558
39.4563
39.4566
39.4568
39.4568
39.4566
39.4563
39.4558
39.4552
39.4576
39.4582
39.4588
39.4591
39.4592
39.4592
39.4591
39.4588
39.4582
39.4576
39.4597
39.4603
39.4608
39.4611
39.4613
39.4613
39.4611
39.4608
39.4603
39.4597
39.4615
39.4621
39.4626
39.4629
39.463
39.463
39.4629
39.4626
39.4621
39.4615
39.4632
39.4637
39.4641
39.4643
39.4644
39.4644
39.4643
39.4641
39.4637
39.4632
39.4654
39.4652
39.4652
39.4652
39.4652
39.4652
39.4652
39.4652
39.4652
39.4654
36.0183
36.0184
36.0184
36.0185
36.0185
36.0185
36.0185
36.0184
36.0184
36.0183
36.0189
36.019
36.0192
36.0193
36.0193
36.0193
36.0193
36.0192
36.019
36.0189
36.0197
36.0199
36.0201
36.0203
36.0203
36.0203
36.0203
36.0201
36.0199
36.0197
36.0207
36.0209
36.0212
36.0213
36.0214
36.0214
36.0213
36.0212
36.0209
36.0207
36.0216
36.022
36.0222
36.0224
36.0225
36.0225
36.0224
36.0222
36.022
36.0216
36.0226
36.0229
36.0232
36.0234
36.0235
36.0235
36.0234
36.0232
36.0229
36.0226
36.0234
36.0238
36.0241
36.0243
36.0244
36.0244
36.0243
36.0241
36.0238
36.0234
36.0242
36.0246
36.0249
36.0251
36.0252
36.0252
36.0251
36.0249
36.0246
36.0242
36.025
36.0253
36.0256
36.0257
36.0258
36.0258
36.0257
36.0256
36.0253
36.025
36.0259
36.0259
36.026
36.0261
36.0261
36.0261
36.0261
36.026
36.0259
36.0259
32.5907
32.5907
32.5907
32.5907
32.5907
32.5907
32.5907
32.5907
32.5907
32.5907
32.5909
32.5909
32.5909
32.5909
32.5909
32.5909
32.5909
32.5909
32.5909
32.5909
32.5912
32.5912
32.5913
32.5913
32.5913
32.5913
32.5913
32.5913
32.5912
32.5912
32.5916
32.5917
32.5918
32.5918
32.5918
32.5918
32.5918
32.5918
32.5917
32.5916
32.592
32.5922
32.5923
32.5923
32.5924
32.5924
32.5923
32.5923
32.5922
32.592
32.5925
32.5927
32.5928
32.5929
32.5929
32.5929
32.5929
32.5928
32.5927
32.5925
32.593
32.5932
32.5934
32.5934
32.5935
32.5935
32.5934
32.5934
32.5932
32.593
32.5935
32.5937
32.5939
32.594
32.594
32.594
32.594
32.5939
32.5937
32.5935
32.594
32.5942
32.5944
32.5945
32.5945
32.5945
32.5945
32.5944
32.5942
32.594
32.5946
32.5947
32.5948
32.5949
32.5949
32.5949
32.5949
32.5948
32.5947
32.5946
29.1608
29.1608
29.1608
29.1608
29.1608
29.1608
29.1608
29.1608
29.1608
29.1608
29.1608
29.1609
29.1609
29.1609
29.1609
29.1609
29.1609
29.1609
29.1609
29.1608
29.1609
29.1609
29.161
29.161
29.161
29.161
29.161
29.161
29.1609
29.1609
29.161
29.1611
29.1611
29.1612
29.1612
29.1612
29.1612
29.1611
29.1611
29.161
29.1612
29.1613
29.1613
29.1613
29.1614
29.1614
29.1613
29.1613
29.1613
29.1612
29.1614
29.1615
29.1615
29.1616
29.1616
29.1616
29.1616
29.1615
29.1615
29.1614
29.1616
29.1617
29.1617
29.1618
29.1618
29.1618
29.1618
29.1617
29.1617
29.1616
29.1618
29.1619
29.162
29.162
29.162
29.162
29.162
29.162
29.1619
29.1618
29.162
29.1621
29.1622
29.1622
29.1622
29.1622
29.1622
29.1622
29.1621
29.162
29.1622
29.1623
29.1623
29.1624
29.1624
29.1624
29.1624
29.1623
29.1623
29.1622
25.7306
25.7306
25.7306
25.7306
25.7306
25.7306
25.7306
25.7306
25.7306
25.7306
25.7306
25.7306
25.7306
25.7307
25.7307
25.7307
25.7307
25.7306
25.7306
25.7306
25.7307
25.7307
25.7307
25.7307
25.7307
25.7307
25.7307
25.7307
25.7307
25.7307
25.7307
25.7307
25.7307
25.7308
25.7308
25.7308
25.7308
25.7307
25.7307
25.7307
25.7308
25.7308
25.7308
25.7308
25.7309
25.7309
25.7308
25.7308
25.7308
25.7308
25.7309
25.7309
25.7309
25.731
25.731
25.731
25.731
25.7309
25.7309
25.7309
25.731
25.731
25.7311
25.7311
25.7311
25.7311
25.7311
25.7311
25.731
25.731
25.7311
25.7311
25.7312
25.7312
25.7312
25.7312
25.7312
25.7312
25.7311
25.7311
25.7312
25.7313
25.7313
25.7313
25.7313
25.7313
25.7313
25.7313
25.7313
25.7312
25.7313
25.7314
25.7314
25.7314
25.7314
25.7314
25.7314
25.7314
25.7314
25.7313
22.3
22.3
22.3
22.3
22.3
22.3
22.3
22.3
22.3
22.3
22.3
22.3
22.3
22.3
22.3
22.3
22.3
22.3
22.3
22.3
22.3
22.3
22.3
22.3
22.3
22.3
22.3
22.3
22.3
22.3
22.3
22.3
22.3
22.3
22.3001
22.3001
22.3
22.3
22.3
22.3
22.3001
22.3001
22.3001
22.3001
22.3001
22.3001
22.3001
22.3001
22.3001
22.3001
22.3001
22.3001
22.3001
22.3001
22.3001
22.3001
22.3001
22.3001
22.3001
22.3001
22.3001
22.3001
22.3002
22.3002
22.3002
22.3002
22.3002
22.3002
22.3001
22.3001
22.3002
22.3002
22.3002
22.3002
22.3002
22.3002
22.3002
22.3002
22.3002
22.3002
22.3002
22.3002
22.3002
22.3003
22.3003
22.3003
22.3003
22.3002
22.3002
22.3002
22.3003
22.3003
22.3003
22.3003
22.3003
22.3003
22.3003
22.3003
22.3003
22.3003
18.8693
18.8693
18.8693
18.8693
18.8693
18.8693
18.8693
18.8693
18.8693
18.8693
18.8693
18.8693
18.8693
18.8693
18.8693
18.8693
18.8693
18.8693
18.8693
18.8693
18.8693
18.8693
18.8693
18.8693
18.8693
18.8693
18.8693
18.8693
18.8693
18.8693
18.8693
18.8693
18.8693
18.8693
18.8693
18.8693
18.8693
18.8693
18.8693
18.8693
18.8693
18.8694
18.8694
18.8694
18.8694
18.8694
18.8694
18.8694
18.8694
18.8693
18.8694
18.8694
18.8694
18.8694
18.8694
18.8694
18.8694
18.8694
18.8694
18.8694
18.8694
18.8694
18.8694
18.8694
18.8694
18.8694
18.8694
18.8694
18.8694
18.8694
18.8694
18.8694
18.8694
18.8694
18.8694
18.8694
18.8694
18.8694
18.8694
18.8694
18.8694
18.8694
18.8694
18.8694
18.8695
18.8695
18.8694
18.8694
18.8694
18.8694
18.8695
18.8695
18.8695
18.8695
18.8695
18.8695
18.8695
18.8695
18.8695
18.8695
15.4386
15.4386
15.4386
15.4386
15.4386
15.4386
15.4386
15.4386
15.4386
15.4386
15.4386
15.4386
15.4386
15.4386
15.4386
15.4386
15.4386
15.4386
15.4386
15.4386
15.4386
15.4386
15.4386
15.4386
15.4386
15.4386
15.4386
15.4386
15.4386
15.4386
15.4386
15.4386
15.4386
15.4386
15.4386
15.4386
15.4386
15.4386
15.4386
15.4386
15.4386
15.4386
15.4386
15.4386
15.4386
15.4386
15.4386
15.4386
15.4386
15.4386
15.4386
15.4386
15.4386
15.4386
15.4386
15.4386
15.4386
15.4386
15.4386
15.4386
15.4386
15.4386
15.4386
15.4386
15.4386
15.4386
15.4386
15.4386
15.4386
15.4386
15.4386
15.4386
15.4386
15.4386
15.4386
15.4386
15.4386
15.4386
15.4386
15.4386
15.4386
15.4386
15.4386
15.4386
15.4386
15.4386
15.4386
15.4386
15.4386
15.4386
15.4386
15.4386
15.4386
15.4386
15.4386
15.4386
15.4386
15.4386
15.4386
15.4386
12.0078
12.0078
12.0078
12.0078
12.0078
12.0078
12.0078
12.0078
12.0078
12.0078
12.0078
12.0078
12.0078
12.0078
12.0078
12.0078
12.0078
12.0078
12.0078
12.0078
12.0078
12.0078
12.0078
12.0078
12.0078
12.0078
12.0078
12.0078
12.0078
12.0078
12.0078
12.0078
12.0078
12.0078
12.0078
12.0078
12.0078
12.0078
12.0078
12.0078
12.0078
12.0078
12.0078
12.0078
12.0078
12.0078
12.0078
12.0078
12.0078
12.0078
12.0078
12.0078
12.0078
12.0078
12.0078
12.0078
12.0078
12.0078
12.0078
12.0078
12.0078
12.0078
12.0078
12.0078
12.0078
12.0078
12.0078
12.0078
12.0078
12.0078
12.0078
12.0078
12.0078
12.0078
12.0078
12.0078
12.0078
12.0078
12.0078
12.0078
12.0078
12.0078
12.0078
12.0078
12.0078
12.0078
12.0078
12.0078
12.0078
12.0078
12.0078
12.0078
12.0078
12.0078
12.0078
12.0078
12.0078
12.0078
12.0078
12.0078
8.57699
8.57699
8.57699
8.57699
8.57699
8.57699
8.57699
8.57699
8.57699
8.57699
8.57699
8.57699
8.57699
8.57699
8.57699
8.57699
8.57699
8.57699
8.57699
8.57699
8.57699
8.57699
8.57699
8.57699
8.57699
8.57699
8.57699
8.57699
8.57699
8.57699
8.57699
8.57699
8.57699
8.57699
8.57699
8.57699
8.57699
8.57699
8.57699
8.57699
8.57699
8.57699
8.57699
8.57699
8.57699
8.57699
8.57699
8.57699
8.57699
8.57699
8.57699
8.57699
8.57699
8.57699
8.57699
8.57699
8.57699
8.57699
8.57699
8.57699
8.57699
8.57699
8.57699
8.57699
8.57699
8.57699
8.57699
8.57699
8.57699
8.57699
8.57699
8.57699
8.57699
8.57699
8.57699
8.57699
8.57699
8.57699
8.57699
8.57699
8.57699
8.57699
8.577
8.577
8.577
8.577
8.577
8.577
8.57699
8.57699
8.57699
8.577
8.577
8.577
8.577
8.577
8.577
8.577
8.577
8.57699
5.14619
5.14619
5.14619
5.14619
5.14619
5.14619
5.14619
5.14619
5.14619
5.14619
5.14619
5.14619
5.14619
5.14619
5.14619
5.14619
5.14619
5.14619
5.14619
5.14619
5.14619
5.14619
5.14619
5.14619
5.14619
5.14619
5.14619
5.14619
5.14619
5.14619
5.14619
5.14619
5.14619
5.14619
5.14619
5.14619
5.14619
5.14619
5.14619
5.14619
5.14619
5.14619
5.14619
5.14619
5.14619
5.14619
5.14619
5.14619
5.14619
5.14619
5.14619
5.14619
5.14619
5.14619
5.14619
5.14619
5.14619
5.14619
5.14619
5.14619
5.14619
5.14619
5.14619
5.14619
5.14619
5.14619
5.14619
5.14619
5.14619
5.14619
5.14619
5.14619
5.14619
5.14619
5.14619
5.14619
5.14619
5.14619
5.14619
5.14619
5.14619
5.14619
5.14619
5.14619
5.14619
5.14619
5.14619
5.14619
5.14619
5.14619
5.14619
5.14619
5.14619
5.14619
5.14619
5.14619
5.14619
5.14619
5.14619
5.14619
1.7154
1.7154
1.7154
1.7154
1.7154
1.7154
1.7154
1.7154
1.7154
1.7154
1.71539
1.71539
1.71539
1.71539
1.71539
1.71539
1.71539
1.71539
1.71539
1.71539
1.71539
1.71539
1.71539
1.71539
1.71539
1.71539
1.71539
1.71539
1.71539
1.71539
1.71539
1.71539
1.71539
1.71539
1.71539
1.71539
1.71539
1.71539
1.71539
1.71539
1.71539
1.71539
1.71539
1.71539
1.71539
1.71539
1.71539
1.71539
1.71539
1.71539
1.71539
1.71539
1.71539
1.71539
1.71539
1.71539
1.71539
1.71539
1.71539
1.71539
1.71539
1.71539
1.71539
1.71539
1.71539
1.71539
1.71539
1.71539
1.71539
1.71539
1.71539
1.71539
1.71539
1.71539
1.71539
1.71539
1.71539
1.71539
1.71539
1.71539
1.71539
1.71539
1.71539
1.71539
1.71539
1.71539
1.71539
1.71539
1.71539
1.71539
1.71539
1.71539
1.71539
1.71539
1.71539
1.71539
1.71539
1.71539
1.71539
1.71539
64.1946
63.5139
63.0828
62.8087
62.6728
62.6728
62.8087
63.0828
63.5139
64.1946
63.5139
62.9326
62.4955
62.2042
62.0598
62.0598
62.2042
62.4955
62.9326
63.5139
63.0828
62.4955
62.0402
61.7371
61.5876
61.5876
61.7371
62.0402
62.4955
63.0828
62.8087
62.2042
61.7371
61.4284
61.2765
61.2765
61.4284
61.7371
62.2042
62.8088
62.6728
62.0598
61.5876
61.2765
61.1237
61.1237
61.2765
61.5876
62.0598
62.6728
62.6728
62.0598
61.5876
61.2765
61.1237
61.1237
61.2765
61.5876
62.0598
62.6728
62.8087
62.2042
61.7371
61.4284
61.2765
61.2765
61.4284
61.7371
62.2042
62.8088
63.0828
62.4955
62.0402
61.7371
61.5876
61.5876
61.7371
62.0402
62.4955
63.0829
63.5139
62.9326
62.4955
62.2042
62.0598
62.0598
62.2042
62.4955
62.9326
63.5139
64.1946
63.5139
63.0828
62.8088
62.6728
62.6728
62.8088
63.0829
63.5139
64.1946
61.8394
61.5615
61.3954
61.2863
61.2308
61.2308
61.2863
61.3954
61.5615
61.8394
61.5615
61.339
61.1522
61.0224
60.9574
60.9574
61.0224
61.1522
61.339
61.5615
61.3954
61.1522
60.9428
60.7995
60.7286
60.7286
60.7995
60.9428
61.1522
61.3954
61.2863
61.0224
60.7995
60.6489
60.5747
60.5747
60.6489
60.7995
61.0224
61.2863
61.2308
60.9574
60.7286
60.5747
60.499
60.499
60.5747
60.7286
60.9574
61.2308
61.2308
60.9574
60.7286
60.5747
60.499
60.499
60.5747
60.7286
60.9574
61.2308
61.2863
61.0224
60.7995
60.6489
60.5747
60.5747
60.6489
60.7995
61.0224
61.2863
61.3954
61.1522
60.9428
60.7995
60.7286
60.7286
60.7995
60.9428
61.1522
61.3954
61.5615
61.339
61.1522
61.0224
60.9574
60.9574
61.0224
61.1522
61.339
61.5615
61.8394
61.5615
61.3954
61.2863
61.2308
61.2308
61.2863
61.3954
61.5615
61.8394
60.2235
60.0686
59.9723
59.9057
59.8714
59.8714
59.9057
59.9723
60.0686
60.2235
60.0686
59.9429
59.8276
59.7446
59.7027
59.7027
59.7446
59.8276
59.9429
60.0686
59.9723
59.8276
59.6938
59.6004
59.554
59.554
59.6004
59.6938
59.8276
59.9723
59.9057
59.7446
59.6004
59.5017
59.4528
59.4528
59.5017
59.6004
59.7446
59.9057
59.8714
59.7027
59.554
59.4528
59.4028
59.4028
59.4528
59.554
59.7027
59.8714
59.8714
59.7027
59.554
59.4528
59.4028
59.4028
59.4528
59.554
59.7027
59.8714
59.9057
59.7446
59.6004
59.5017
59.4528
59.4528
59.5017
59.6004
59.7446
59.9057
59.9723
59.8276
59.6938
59.6004
59.554
59.554
59.6004
59.6938
59.8276
59.9723
60.0686
59.9429
59.8276
59.7446
59.7027
59.7027
59.7446
59.8276
59.9429
60.0686
60.2235
60.0686
59.9723
59.9057
59.8714
59.8714
59.9057
59.9723
60.0686
60.2235
56.4564
56.4172
56.3947
56.377
56.3677
56.3677
56.377
56.3947
56.4172
56.4564
56.4172
56.3861
56.3488
56.3199
56.3053
56.3053
56.3199
56.3488
56.3861
56.4172
56.3947
56.3488
56.2998
56.2646
56.2471
56.2471
56.2646
56.2998
56.3488
56.3947
56.377
56.3199
56.2646
56.2261
56.2071
56.2071
56.2261
56.2646
56.3199
56.3771
56.3677
56.3053
56.2471
56.2071
56.1874
56.1874
56.2071
56.2471
56.3053
56.3677
56.3677
56.3053
56.2471
56.2071
56.1874
56.1874
56.2071
56.2471
56.3053
56.3677
56.377
56.3199
56.2646
56.2261
56.2071
56.2071
56.2261
56.2646
56.3199
56.3771
56.3947
56.3488
56.2998
56.2646
56.2471
56.2471
56.2646
56.2998
56.3488
56.3947
56.4172
56.3861
56.3488
56.3199
56.3053
56.3053
56.3199
56.3488
56.3861
56.4172
56.4564
56.4172
56.3947
56.3771
56.3677
56.3677
56.3771
56.3947
56.4172
56.4564
53.3096
53.2991
53.2924
53.2859
53.2824
53.2824
53.2859
53.2924
53.2991
53.3096
53.2991
53.2913
53.277
53.265
53.2588
53.2588
53.265
53.277
53.2913
53.2991
53.2924
53.277
53.2567
53.2415
53.2339
53.2339
53.2415
53.2567
53.277
53.2924
53.2859
53.265
53.2415
53.2247
53.2163
53.2163
53.2247
53.2415
53.265
53.2859
53.2824
53.2588
53.2339
53.2163
53.2076
53.2076
53.2163
53.2339
53.2588
53.2824
53.2824
53.2588
53.2339
53.2163
53.2076
53.2076
53.2163
53.2339
53.2588
53.2824
53.2859
53.265
53.2415
53.2247
53.2163
53.2163
53.2247
53.2415
53.265
53.2859
53.2924
53.277
53.2567
53.2415
53.2339
53.2339
53.2415
53.2567
53.277
53.2924
53.2991
53.2913
53.277
53.265
53.2588
53.2588
53.265
53.277
53.2914
53.2991
53.3096
53.2991
53.2924
53.2859
53.2824
53.2824
53.2859
53.2924
53.2991
53.3096
49.7476
49.7483
49.749
49.7485
49.7481
49.7481
49.7485
49.749
49.7483
49.7476
49.7483
49.7489
49.7453
49.7418
49.74
49.74
49.7418
49.7453
49.7489
49.7483
49.749
49.7453
49.7387
49.7335
49.731
49.731
49.7335
49.7387
49.7453
49.749
49.7485
49.7418
49.7335
49.7275
49.7246
49.7246
49.7275
49.7335
49.7418
49.7485
49.7481
49.74
49.731
49.7246
49.7215
49.7215
49.7246
49.731
49.74
49.7481
49.7481
49.74
49.731
49.7246
49.7215
49.7215
49.7246
49.731
49.74
49.7481
49.7485
49.7418
49.7335
49.7275
49.7246
49.7246
49.7275
49.7335
49.7418
49.7485
49.749
49.7453
49.7387
49.7335
49.731
49.731
49.7335
49.7387
49.7453
49.749
49.7483
49.7489
49.7453
49.7418
49.74
49.74
49.7418
49.7453
49.7489
49.7483
49.7476
49.7483
49.749
49.7485
49.7481
49.7481
49.7485
49.749
49.7483
49.7476
46.3535
46.356
46.3577
46.3583
46.3585
46.3585
46.3583
46.3577
46.356
46.3535
46.356
46.3585
46.3584
46.3578
46.3575
46.3575
46.3578
46.3584
46.3585
46.356
46.3577
46.3584
46.3571
46.3558
46.3552
46.3552
46.3558
46.3571
46.3584
46.3577
46.3583
46.3578
46.3558
46.3543
46.3535
46.3535
46.3543
46.3558
46.3578
46.3583
46.3585
46.3575
46.3552
46.3535
46.3527
46.3527
46.3535
46.3552
46.3575
46.3585
46.3585
46.3575
46.3552
46.3535
46.3527
46.3527
46.3535
46.3552
46.3575
46.3585
46.3583
46.3578
46.3558
46.3543
46.3535
46.3535
46.3543
46.3558
46.3578
46.3583
46.3577
46.3584
46.3571
46.3558
46.3552
46.3552
46.3558
46.3571
46.3584
46.3577
46.356
46.3585
46.3584
46.3578
46.3575
46.3575
46.3578
46.3584
46.3585
46.356
46.3535
46.356
46.3577
46.3583
46.3585
46.3585
46.3583
46.3577
46.356
46.3535
42.8899
42.8917
42.8929
42.8935
42.8938
42.8938
42.8935
42.8929
42.8917
42.8899
42.8917
42.8932
42.8936
42.8936
42.8936
42.8936
42.8936
42.8936
42.8932
42.8917
42.8929
42.8936
42.8934
42.8931
42.893
42.893
42.8931
42.8934
42.8936
42.8929
42.8935
42.8936
42.8931
42.8927
42.8925
42.8925
42.8927
42.8931
42.8936
42.8935
42.8938
42.8936
42.893
42.8925
42.8923
42.8923
42.8925
42.893
42.8936
42.8938
42.8938
42.8936
42.893
42.8925
42.8923
42.8923
42.8925
42.893
42.8936
42.8938
42.8935
42.8936
42.8931
42.8927
42.8925
42.8925
42.8927
42.8931
42.8936
42.8935
42.8929
42.8936
42.8934
42.8931
42.893
42.893
42.8931
42.8934
42.8936
42.8929
42.8917
42.8932
42.8936
42.8936
42.8936
42.8936
42.8936
42.8936
42.8932
42.8917
42.8899
42.8917
42.8929
42.8935
42.8938
42.8938
42.8935
42.8929
42.8917
42.8899
39.463
39.4642
39.465
39.4654
39.4656
39.4656
39.4654
39.465
39.4642
39.463
39.4642
39.4653
39.4658
39.4661
39.4662
39.4662
39.4661
39.4658
39.4653
39.4642
39.465
39.4658
39.4661
39.4663
39.4664
39.4664
39.4663
39.4661
39.4658
39.465
39.4654
39.4661
39.4663
39.4664
39.4665
39.4665
39.4664
39.4663
39.4661
39.4654
39.4656
39.4662
39.4664
39.4665
39.4666
39.4666
39.4665
39.4664
39.4662
39.4656
39.4656
39.4662
39.4664
39.4665
39.4666
39.4666
39.4665
39.4664
39.4662
39.4656
39.4654
39.4661
39.4663
39.4664
39.4665
39.4665
39.4664
39.4663
39.4661
39.4654
39.465
39.4658
39.4661
39.4663
39.4664
39.4664
39.4663
39.4661
39.4658
39.465
39.4642
39.4653
39.4658
39.4661
39.4662
39.4662
39.4661
39.4658
39.4653
39.4642
39.463
39.4642
39.465
39.4654
39.4656
39.4656
39.4654
39.465
39.4642
39.463
36.025
36.0256
36.026
36.0262
36.0263
36.0263
36.0262
36.026
36.0256
36.025
36.0256
36.0261
36.0264
36.0265
36.0266
36.0266
36.0265
36.0264
36.0261
36.0256
36.026
36.0264
36.0266
36.0267
36.0267
36.0267
36.0267
36.0266
36.0264
36.026
36.0262
36.0265
36.0267
36.0268
36.0268
36.0268
36.0268
36.0267
36.0265
36.0262
36.0263
36.0266
36.0267
36.0268
36.0269
36.0269
36.0268
36.0267
36.0266
36.0263
36.0263
36.0266
36.0267
36.0268
36.0269
36.0269
36.0268
36.0267
36.0266
36.0263
36.0262
36.0265
36.0267
36.0268
36.0268
36.0268
36.0268
36.0267
36.0265
36.0262
36.026
36.0264
36.0266
36.0267
36.0267
36.0267
36.0267
36.0266
36.0264
36.026
36.0256
36.0261
36.0264
36.0265
36.0266
36.0266
36.0265
36.0264
36.0261
36.0256
36.025
36.0256
36.026
36.0262
36.0263
36.0263
36.0262
36.026
36.0256
36.025
32.5945
32.5948
32.595
32.5951
32.5952
32.5952
32.5951
32.595
32.5948
32.5945
32.5948
32.5951
32.5952
32.5954
32.5954
32.5954
32.5954
32.5952
32.5951
32.5948
32.595
32.5952
32.5954
32.5955
32.5956
32.5956
32.5955
32.5954
32.5952
32.595
32.5951
32.5954
32.5955
32.5956
32.5957
32.5957
32.5956
32.5955
32.5954
32.5951
32.5952
32.5954
32.5956
32.5957
32.5957
32.5957
32.5957
32.5956
32.5954
32.5952
32.5952
32.5954
32.5956
32.5957
32.5957
32.5957
32.5957
32.5956
32.5954
32.5952
32.5951
32.5954
32.5955
32.5956
32.5957
32.5957
32.5956
32.5955
32.5954
32.5951
32.595
32.5952
32.5954
32.5955
32.5956
32.5956
32.5955
32.5954
32.5952
32.595
32.5948
32.5951
32.5952
32.5954
32.5954
32.5954
32.5954
32.5952
32.5951
32.5948
32.5945
32.5948
32.595
32.5951
32.5952
32.5952
32.5951
32.595
32.5948
32.5945
29.1622
29.1623
29.1624
29.1625
29.1625
29.1625
29.1625
29.1624
29.1623
29.1622
29.1623
29.1624
29.1625
29.1626
29.1626
29.1626
29.1626
29.1625
29.1624
29.1623
29.1624
29.1625
29.1626
29.1627
29.1627
29.1627
29.1627
29.1626
29.1625
29.1624
29.1625
29.1626
29.1627
29.1627
29.1627
29.1627
29.1627
29.1627
29.1626
29.1625
29.1625
29.1626
29.1627
29.1627
29.1628
29.1628
29.1627
29.1627
29.1626
29.1625
29.1625
29.1626
29.1627
29.1627
29.1628
29.1628
29.1627
29.1627
29.1626
29.1625
29.1625
29.1626
29.1627
29.1627
29.1627
29.1627
29.1627
29.1627
29.1626
29.1625
29.1624
29.1625
29.1626
29.1627
29.1627
29.1627
29.1627
29.1626
29.1625
29.1624
29.1623
29.1624
29.1625
29.1626
29.1626
29.1626
29.1626
29.1625
29.1624
29.1623
29.1622
29.1623
29.1624
29.1625
29.1625
29.1625
29.1625
29.1624
29.1623
29.1622
25.7314
25.7314
25.7315
25.7315
25.7315
25.7315
25.7315
25.7315
25.7314
25.7314
25.7314
25.7315
25.7315
25.7316
25.7316
25.7316
25.7316
25.7315
25.7315
25.7314
25.7315
25.7315
25.7316
25.7316
25.7316
25.7316
25.7316
25.7316
25.7315
25.7315
25.7315
25.7316
25.7316
25.7317
25.7317
25.7317
25.7317
25.7316
25.7316
25.7315
25.7315
25.7316
25.7316
25.7317
25.7317
25.7317
25.7317
25.7316
25.7316
25.7315
25.7315
25.7316
25.7316
25.7317
25.7317
25.7317
25.7317
25.7316
25.7316
25.7315
25.7315
25.7316
25.7316
25.7317
25.7317
25.7317
25.7317
25.7316
25.7316
25.7315
25.7315
25.7315
25.7316
25.7316
25.7316
25.7316
25.7316
25.7316
25.7315
25.7315
25.7314
25.7315
25.7315
25.7316
25.7316
25.7316
25.7316
25.7315
25.7315
25.7314
25.7314
25.7314
25.7315
25.7315
25.7315
25.7315
25.7315
25.7315
25.7314
25.7314
22.3003
22.3003
22.3003
22.3003
22.3003
22.3003
22.3003
22.3003
22.3003
22.3003
22.3003
22.3003
22.3003
22.3004
22.3004
22.3004
22.3004
22.3003
22.3003
22.3003
22.3003
22.3003
22.3004
22.3004
22.3004
22.3004
22.3004
22.3004
22.3003
22.3003
22.3003
22.3004
22.3004
22.3004
22.3004
22.3004
22.3004
22.3004
22.3004
22.3003
22.3003
22.3004
22.3004
22.3004
22.3004
22.3004
22.3004
22.3004
22.3004
22.3003
22.3003
22.3004
22.3004
22.3004
22.3004
22.3004
22.3004
22.3004
22.3004
22.3003
22.3003
22.3004
22.3004
22.3004
22.3004
22.3004
22.3004
22.3004
22.3004
22.3003
22.3003
22.3003
22.3004
22.3004
22.3004
22.3004
22.3004
22.3004
22.3003
22.3003
22.3003
22.3003
22.3003
22.3004
22.3004
22.3004
22.3004
22.3003
22.3003
22.3003
22.3003
22.3003
22.3003
22.3003
22.3003
22.3003
22.3003
22.3003
22.3003
22.3003
18.8695
18.8695
18.8695
18.8695
18.8695
18.8695
18.8695
18.8695
18.8695
18.8695
18.8695
18.8695
18.8695
18.8695
18.8695
18.8695
18.8695
18.8695
18.8695
18.8695
18.8695
18.8695
18.8695
18.8695
18.8695
18.8695
18.8695
18.8695
18.8695
18.8695
18.8695
18.8695
18.8695
18.8695
18.8695
18.8695
18.8695
18.8695
18.8695
18.8695
18.8695
18.8695
18.8695
18.8695
18.8695
18.8695
18.8695
18.8695
18.8695
18.8695
18.8695
18.8695
18.8695
18.8695
18.8695
18.8695
18.8695
18.8695
18.8695
18.8695
18.8695
18.8695
18.8695
18.8695
18.8695
18.8695
18.8695
18.8695
18.8695
18.8695
18.8695
18.8695
18.8695
18.8695
18.8695
18.8695
18.8695
18.8695
18.8695
18.8695
18.8695
18.8695
18.8695
18.8695
18.8695
18.8695
18.8695
18.8695
18.8695
18.8695
18.8695
18.8695
18.8695
18.8695
18.8695
18.8695
18.8695
18.8695
18.8695
18.8695
15.4386
15.4386
15.4386
15.4386
15.4386
15.4386
15.4386
15.4386
15.4386
15.4386
15.4386
15.4386
15.4386
15.4386
15.4386
15.4386
15.4386
15.4386
15.4386
15.4386
15.4386
15.4386
15.4386
15.4386
15.4386
15.4386
15.4386
15.4386
15.4386
15.4386
15.4386
15.4386
15.4386
15.4386
15.4386
15.4386
15.4386
15.4386
15.4386
15.4386
15.4386
15.4386
15.4386
15.4386
15.4386
15.4386
15.4386
15.4386
15.4386
15.4386
15.4386
15.4386
15.4386
15.4386
15.4386
15.4386
15.4386
15.4386
15.4386
15.4386
15.4386
15.4386
15.4386
15.4386
15.4386
15.4386
15.4386
15.4386
15.4386
15.4386
15.4386
15.4386
15.4386
15.4386
15.4386
15.4386
15.4386
15.4386
15.4386
15.4386
15.4386
15.4386
15.4386
15.4386
15.4386
15.4386
15.4386
15.4386
15.4386
15.4386
15.4386
15.4386
15.4386
15.4386
15.4386
15.4386
15.4386
15.4386
15.4386
15.4386
12.0078
12.0078
12.0078
12.0078
12.0078
12.0078
12.0078
12.0078
12.0078
12.0078
12.0078
12.0078
12.0078
12.0078
12.0078
12.0078
12.0078
12.0078
12.0078
12.0078
12.0078
12.0078
12.0078
12.0078
12.0078
12.0078
12.0078
12.0078
12.0078
12.0078
12.0078
12.0078
12.0078
12.0078
12.0078
12.0078
12.0078
12.0078
12.0078
12.0078
12.0078
12.0078
12.0078
12.0078
12.0078
12.0078
12.0078
12.0078
12.0078
12.0078
12.0078
12.0078
12.0078
12.0078
12.0078
12.0078
12.0078
12.0078
12.0078
12.0078
12.0078
12.0078
12.0078
12.0078
12.0078
12.0078
12.0078
12.0078
12.0078
12.0078
12.0078
12.0078
12.0078
12.0078
12.0078
12.0078
12.0078
12.0078
12.0078
12.0078
12.0078
12.0078
12.0078
12.0078
12.0078
12.0078
12.0078
12.0078
12.0078
12.0078
12.0078
12.0078
12.0078
12.0078
12.0078
12.0078
12.0078
12.0078
12.0078
12.0078
8.577
8.577
8.577
8.577
8.577
8.577
8.577
8.577
8.577
8.577
8.577
8.577
8.577
8.577
8.577
8.577
8.577
8.577
8.577
8.577
8.577
8.577
8.577
8.577
8.577
8.577
8.577
8.577
8.577
8.577
8.577
8.577
8.577
8.577
8.577
8.577
8.577
8.577
8.577
8.577
8.577
8.577
8.577
8.577
8.577
8.577
8.577
8.577
8.577
8.577
8.577
8.577
8.577
8.577
8.577
8.577
8.577
8.577
8.577
8.577
8.577
8.577
8.577
8.577
8.577
8.577
8.577
8.577
8.577
8.577
8.577
8.577
8.577
8.577
8.577
8.577
8.577
8.577
8.577
8.577
8.577
8.577
8.577
8.577
8.577
8.577
8.577
8.577
8.577
8.577
8.577
8.577
8.577
8.577
8.577
8.577
8.577
8.577
8.577
8.577
5.14619
5.14619
5.14619
5.14619
5.14619
5.14619
5.14619
5.14619
5.14619
5.14619
5.14619
5.14619
5.14619
5.14619
5.14619
5.14619
5.14619
5.14619
5.14619
5.14619
5.14619
5.14619
5.14619
5.14619
5.14619
5.14619
5.14619
5.14619
5.14619
5.14619
5.14619
5.14619
5.14619
5.14619
5.14619
5.14619
5.14619
5.14619
5.14619
5.14619
5.14619
5.14619
5.14619
5.14619
5.14619
5.14619
5.14619
5.14619
5.14619
5.14619
5.14619
5.14619
5.14619
5.14619
5.14619
5.14619
5.14619
5.14619
5.14619
5.14619
5.14619
5.14619
5.14619
5.14619
5.14619
5.14619
5.14619
5.14619
5.14619
5.14619
5.14619
5.14619
5.14619
5.14619
5.14619
5.14619
5.14619
5.14619
5.14619
5.14619
5.14619
5.14619
5.14619
5.14619
5.14619
5.14619
5.14619
5.14619
5.14619
5.14619
5.14619
5.14619
5.14619
5.14619
5.14619
5.14619
5.14619
5.14619
5.14619
5.14619
1.71539
1.71539
1.71539
1.71539
1.71539
1.71539
1.71539
1.71539
1.71539
1.71539
1.71539
1.71539
1.71539
1.71539
1.71539
1.71539
1.71539
1.71539
1.71539
1.71539
1.71539
1.71539
1.71539
1.71539
1.71539
1.71539
1.71539
1.71539
1.71539
1.71539
1.71539
1.71539
1.71539
1.71539
1.71539
1.71539
1.71539
1.71539
1.71539
1.71539
1.71539
1.71539
1.71539
1.71539
1.71539
1.71539
1.71539
1.71539
1.71539
1.71539
1.71539
1.71539
1.71539
1.71539
1.71539
1.71539
1.71539
1.71539
1.71539
1.71539
1.71539
1.71539
1.71539
1.71539
1.71539
1.71539
1.71539
1.71539
1.71539
1.71539
1.71539
1.71539
1.71539
1.71539
1.71539
1.71539
1.71539
1.71539
1.71539
1.71539
1.71539
1.71539
1.71539
1.71539
1.71539
1.71539
1.71539
1.71539
1.71539
1.71539
1.71539
1.71539
1.71539
1.71539
1.71539
1.71539
1.71539
1.71539
1.71539
1.71539
)
;

boundaryField
{
    fixedWalls
    {
        type            zeroGradient;
    }
    inlet
    {
        type            fixedGradient;
        gradient        uniform 0;
    }
    outlet
    {
        type            fixedValue;
        value           uniform 0;
    }
}


// ************************************************************************* //
