/*--------------------------------*- C++ -*----------------------------------*\
| =========                 |                                                 |
| \\      /  F ield         | OpenFOAM: The Open Source CFD Toolbox           |
|  \\    /   O peration     | Version:  2106                                  |
|   \\  /    A nd           | Website:  www.openfoam.com                      |
|    \\/     M anipulation  |                                                 |
\*---------------------------------------------------------------------------*/
FoamFile
{
    version     2.0;
    format      ascii;
    arch        "LSB;label=32;scalar=64";
    class       volScalarField;
    location    "0.52";
    object      p;
}
// * * * * * * * * * * * * * * * * * * * * * * * * * * * * * * * * * * * * * //

dimensions      [0 2 -2 0 0 0 0];

internalField   nonuniform List<scalar> 
10000
(
98.3318
97.7512
97.3867
97.1201
96.982
96.982
97.1201
97.3867
97.7512
98.3318
89.217
88.3692
87.8109
87.4162
87.2129
87.2129
87.4162
87.8109
88.3692
89.217
81.6494
80.6739
80.0372
79.5936
79.366
79.366
79.5936
80.0372
80.6739
81.6494
76.4243
75.4221
74.7765
74.3333
74.1062
74.1062
74.3333
74.7765
75.4221
76.4243
72.5036
71.5087
70.8709
70.4418
70.222
70.222
70.4418
70.8709
71.5087
72.5036
69.3281
68.3603
67.7384
67.3302
67.1215
67.1215
67.3302
67.7384
68.3603
69.3281
66.7092
65.7892
65.1927
64.8117
64.6177
64.6177
64.8117
65.1928
65.7892
66.7092
64.5404
63.6917
63.133
62.7846
62.608
62.608
62.7846
63.133
63.6917
64.5404
62.742
61.9807
61.4724
61.1614
61.0039
61.0039
61.1614
61.4724
61.9807
62.742
61.3339
60.5729
60.1236
59.8502
59.7117
59.7117
59.8502
60.1236
60.5729
61.3339
62.4426
62.615
62.8026
62.9291
62.9946
62.9946
62.9291
62.8026
62.615
62.4426
62.8645
62.9589
63.0854
63.1665
63.208
63.208
63.1665
63.0854
62.959
62.8645
62.8411
62.8382
62.8908
62.919
62.933
62.933
62.919
62.8908
62.8383
62.8411
62.4312
62.3383
62.3229
62.3044
62.2943
62.2943
62.3044
62.3229
62.3383
62.4312
61.837
61.6702
61.5969
61.5411
61.5117
61.5117
61.5411
61.5969
61.6702
61.837
61.1675
60.945
60.825
60.7411
60.6974
60.6974
60.7411
60.825
60.945
61.1675
60.4774
60.2195
60.0657
59.9636
59.9107
59.9107
59.9636
60.0657
60.2195
60.4774
59.7984
59.5287
59.3566
59.2459
59.1888
59.1888
59.2459
59.3566
59.5287
59.7984
59.1659
58.9005
58.7219
58.6099
58.5517
58.5517
58.6099
58.7219
58.9005
59.1659
58.6829
58.3359
58.1526
58.0399
57.9812
57.9812
58.0399
58.1526
58.3359
58.6829
57.8517
57.8373
57.8391
57.8356
57.834
57.834
57.8356
57.8391
57.8373
57.8517
58.2616
58.245
58.2461
58.2409
58.2383
58.2383
58.2409
58.2461
58.245
58.2616
58.6008
58.5657
58.5554
58.5405
58.5326
58.5326
58.5405
58.5554
58.5657
58.6008
58.6535
58.5852
58.5528
58.522
58.5056
58.5056
58.522
58.5528
58.5852
58.6535
58.5095
58.4061
58.3494
58.3026
58.2778
58.2778
58.3026
58.3494
58.4061
58.5095
58.2631
58.1292
58.0501
57.99
57.9584
57.9584
57.9901
58.0501
58.1292
58.2631
57.9624
57.8063
57.7091
57.6397
57.6032
57.6032
57.6397
57.7091
57.8063
57.9624
57.6343
57.468
57.3595
57.2851
57.2463
57.2463
57.2851
57.3595
57.468
57.6343
57.3116
57.1426
57.0269
56.9502
56.9101
56.9101
56.9502
57.0269
57.1427
57.3116
57.0688
56.8362
56.71
56.6296
56.5878
56.5878
56.6296
56.71
56.8362
57.0688
53.1579
53.1776
53.2025
53.2184
53.2268
53.2268
53.2184
53.2025
53.1776
53.1579
53.3672
53.3907
53.4196
53.4378
53.4475
53.4475
53.4378
53.4196
53.3907
53.3672
53.5448
53.566
53.5946
53.612
53.6212
53.6212
53.612
53.5946
53.566
53.5448
53.6302
53.641
53.6628
53.6748
53.6811
53.6811
53.6748
53.6628
53.641
53.6302
53.6442
53.6407
53.6521
53.6567
53.659
53.659
53.6567
53.6521
53.6407
53.6442
53.6102
53.5919
53.5919
53.5888
53.587
53.587
53.5888
53.5919
53.5919
53.6102
53.5418
53.5108
53.5001
53.4903
53.4849
53.4849
53.4903
53.5001
53.5108
53.5418
53.4487
53.4097
53.3906
53.3758
53.3678
53.3678
53.3758
53.3906
53.4097
53.4487
53.3489
53.304
53.2769
53.2575
53.2469
53.2469
53.2575
53.2769
53.304
53.3489
53.2871
53.1988
53.1579
53.1312
53.117
53.117
53.1312
53.1579
53.1988
53.2871
49.955
49.955
49.957
49.9571
49.9572
49.9572
49.9571
49.957
49.955
49.955
50.0528
50.0564
50.0616
50.0638
50.0649
50.0649
50.0638
50.0616
50.0564
50.0528
50.1526
50.1576
50.1644
50.1674
50.169
50.169
50.1674
50.1644
50.1576
50.1526
50.2203
50.2233
50.2291
50.231
50.2319
50.2319
50.231
50.2291
50.2233
50.2203
50.2581
50.2568
50.2597
50.2593
50.2589
50.2589
50.2593
50.2597
50.2568
50.2581
50.2728
50.2661
50.2652
50.2621
50.2603
50.2603
50.2621
50.2652
50.2661
50.2728
50.2692
50.2573
50.2524
50.2468
50.2435
50.2435
50.2468
50.2524
50.2573
50.2692
50.2514
50.236
50.2276
50.2199
50.2155
50.2155
50.2199
50.2276
50.236
50.2514
50.229
50.2101
50.1975
50.1874
50.1818
50.1818
50.1874
50.1975
50.2101
50.229
50.223
50.1814
50.1608
50.1465
50.139
50.139
50.1465
50.1608
50.1814
50.223
46.6532
46.6562
46.6599
46.662
46.6632
46.6632
46.662
46.6599
46.6562
46.6532
46.6937
46.6985
46.7037
46.707
46.7087
46.7087
46.707
46.7037
46.6985
46.6937
46.735
46.7408
46.7473
46.7513
46.7534
46.7534
46.7513
46.7473
46.7408
46.735
46.766
46.7717
46.7784
46.7823
46.7844
46.7844
46.7823
46.7784
46.7717
46.766
46.787
46.7915
46.7975
46.8007
46.8024
46.8024
46.8007
46.7975
46.7915
46.787
46.7993
46.802
46.8066
46.8088
46.8099
46.8099
46.8088
46.8066
46.802
46.7993
46.8039
46.8045
46.8075
46.8086
46.8091
46.8091
46.8086
46.8075
46.8045
46.8039
46.802
46.801
46.8024
46.8024
46.8023
46.8023
46.8024
46.8024
46.801
46.802
46.7976
46.7948
46.7939
46.7924
46.7915
46.7915
46.7924
46.7939
46.7948
46.7976
46.8013
46.7869
46.7811
46.7769
46.7746
46.7746
46.7769
46.7811
46.7869
46.8013
43.4755
43.4759
43.4765
43.4766
43.4767
43.4767
43.4766
43.4765
43.4759
43.4755
43.4925
43.4937
43.495
43.4957
43.496
43.496
43.4957
43.495
43.4937
43.4925
43.5117
43.5138
43.5158
43.5169
43.5174
43.5174
43.5169
43.5158
43.5138
43.5117
43.5284
43.5307
43.5331
43.5343
43.535
43.535
43.5343
43.5331
43.5307
43.5284
43.5418
43.5441
43.5465
43.5476
43.5482
43.5482
43.5476
43.5465
43.5441
43.5418
43.5523
43.5542
43.5563
43.5572
43.5577
43.5577
43.5572
43.5563
43.5542
43.5523
43.5599
43.5613
43.563
43.5636
43.5639
43.5639
43.5636
43.563
43.5613
43.5599
43.565
43.5659
43.5672
43.5674
43.5675
43.5675
43.5674
43.5672
43.5659
43.565
43.5693
43.5695
43.5698
43.5694
43.5691
43.5691
43.5694
43.5698
43.5695
43.5693
43.5769
43.572
43.5701
43.5685
43.5677
43.5677
43.5685
43.5701
43.572
43.5769
40.2614
40.262
40.2626
40.263
40.2632
40.2632
40.263
40.2626
40.262
40.2614
40.2678
40.2688
40.2697
40.2703
40.2706
40.2706
40.2703
40.2697
40.2688
40.2678
40.2751
40.2764
40.2777
40.2785
40.2789
40.2789
40.2785
40.2777
40.2764
40.2751
40.2818
40.2834
40.2849
40.2858
40.2863
40.2863
40.2858
40.2849
40.2834
40.2818
40.2877
40.2893
40.2909
40.2919
40.2924
40.2924
40.2919
40.2909
40.2893
40.2877
40.2926
40.2941
40.2957
40.2967
40.2971
40.2971
40.2967
40.2957
40.2941
40.2926
40.2965
40.2979
40.2994
40.3002
40.3006
40.3006
40.3002
40.2994
40.2979
40.2965
40.2993
40.3006
40.3019
40.3026
40.3029
40.3029
40.3026
40.3019
40.3006
40.2993
40.3018
40.3028
40.3037
40.304
40.3042
40.3042
40.304
40.3037
40.3028
40.3018
40.3058
40.3045
40.3043
40.3041
40.3039
40.3039
40.3041
40.3043
40.3045
40.3058
37.0541
37.0542
37.0543
37.0544
37.0544
37.0544
37.0544
37.0543
37.0542
37.0541
37.0565
37.0567
37.057
37.0571
37.0572
37.0572
37.0571
37.057
37.0567
37.0565
37.0595
37.06
37.0604
37.0606
37.0607
37.0607
37.0606
37.0604
37.06
37.0595
37.0626
37.0632
37.0638
37.0641
37.0643
37.0643
37.0641
37.0638
37.0632
37.0626
37.0656
37.0664
37.067
37.0674
37.0676
37.0676
37.0674
37.067
37.0664
37.0656
37.0685
37.0693
37.07
37.0704
37.0706
37.0706
37.0704
37.07
37.0693
37.0685
37.0711
37.0719
37.0727
37.0731
37.0732
37.0732
37.0731
37.0727
37.0719
37.0711
37.0734
37.0743
37.075
37.0753
37.0755
37.0755
37.0753
37.075
37.0743
37.0734
37.0757
37.0765
37.077
37.0773
37.0774
37.0774
37.0773
37.077
37.0765
37.0757
37.0786
37.0785
37.0786
37.0787
37.0787
37.0787
37.0787
37.0786
37.0785
37.0786
33.8361
33.8362
33.8363
33.8363
33.8364
33.8364
33.8363
33.8363
33.8362
33.8361
33.8368
33.837
33.8371
33.8372
33.8373
33.8373
33.8372
33.8371
33.837
33.8368
33.8378
33.8381
33.8383
33.8384
33.8385
33.8385
33.8384
33.8383
33.8381
33.8378
33.8389
33.8393
33.8395
33.8397
33.8398
33.8398
33.8397
33.8395
33.8393
33.8389
33.8401
33.8405
33.8408
33.8411
33.8412
33.8412
33.8411
33.8408
33.8405
33.8401
33.8413
33.8417
33.8421
33.8424
33.8425
33.8425
33.8424
33.8421
33.8417
33.8413
33.8424
33.8429
33.8433
33.8435
33.8437
33.8437
33.8435
33.8433
33.8429
33.8424
33.8435
33.8439
33.8444
33.8446
33.8447
33.8447
33.8446
33.8444
33.8439
33.8435
33.8445
33.8449
33.8453
33.8455
33.8456
33.8456
33.8455
33.8453
33.8449
33.8445
33.8457
33.8459
33.846
33.8461
33.8462
33.8462
33.8461
33.846
33.8459
33.8457
30.6169
30.617
30.617
30.617
30.617
30.617
30.617
30.617
30.617
30.6169
30.6171
30.6172
30.6172
30.6172
30.6172
30.6172
30.6172
30.6172
30.6172
30.6171
30.6175
30.6176
30.6176
30.6177
30.6177
30.6177
30.6177
30.6176
30.6176
30.6175
30.618
30.6181
30.6182
30.6182
30.6183
30.6183
30.6182
30.6182
30.6181
30.618
30.6185
30.6187
30.6188
30.6189
30.6189
30.6189
30.6189
30.6188
30.6187
30.6185
30.6191
30.6193
30.6194
30.6195
30.6196
30.6196
30.6195
30.6194
30.6193
30.6191
30.6197
30.6199
30.6201
30.6202
30.6203
30.6203
30.6202
30.6201
30.6199
30.6197
30.6203
30.6206
30.6208
30.6209
30.6209
30.6209
30.6209
30.6208
30.6206
30.6203
30.6209
30.6212
30.6214
30.6215
30.6216
30.6216
30.6215
30.6214
30.6212
30.6209
30.6217
30.6218
30.6219
30.622
30.6221
30.6221
30.622
30.6219
30.6218
30.6217
27.3952
27.3952
27.3952
27.3952
27.3952
27.3952
27.3952
27.3952
27.3952
27.3952
27.3952
27.3952
27.3952
27.3952
27.3952
27.3952
27.3952
27.3952
27.3952
27.3952
27.3953
27.3953
27.3953
27.3953
27.3953
27.3953
27.3953
27.3953
27.3953
27.3953
27.3954
27.3954
27.3955
27.3955
27.3955
27.3955
27.3955
27.3955
27.3954
27.3954
27.3956
27.3957
27.3957
27.3958
27.3958
27.3958
27.3958
27.3957
27.3957
27.3956
27.3958
27.3959
27.396
27.396
27.396
27.396
27.396
27.396
27.3959
27.3958
27.396
27.3962
27.3962
27.3963
27.3963
27.3963
27.3963
27.3962
27.3962
27.396
27.3963
27.3964
27.3965
27.3966
27.3966
27.3966
27.3966
27.3965
27.3964
27.3963
27.3965
27.3967
27.3968
27.3968
27.3969
27.3969
27.3968
27.3968
27.3967
27.3965
27.3968
27.3969
27.397
27.3971
27.3971
27.3971
27.3971
27.397
27.3969
27.3968
24.1729
24.1729
24.1729
24.1729
24.1729
24.1729
24.1729
24.1729
24.1729
24.1729
24.1728
24.1729
24.1729
24.1729
24.1729
24.1729
24.1729
24.1729
24.1729
24.1728
24.1729
24.1729
24.1729
24.1729
24.1729
24.1729
24.1729
24.1729
24.1729
24.1729
24.1729
24.1729
24.1729
24.1729
24.1729
24.1729
24.1729
24.1729
24.1729
24.1729
24.173
24.173
24.173
24.173
24.1731
24.1731
24.173
24.173
24.173
24.173
24.1731
24.1731
24.1731
24.1732
24.1732
24.1732
24.1732
24.1731
24.1731
24.1731
24.1732
24.1732
24.1733
24.1733
24.1733
24.1733
24.1733
24.1733
24.1732
24.1732
24.1733
24.1734
24.1734
24.1735
24.1735
24.1735
24.1735
24.1734
24.1734
24.1733
24.1735
24.1735
24.1736
24.1736
24.1736
24.1736
24.1736
24.1736
24.1735
24.1735
24.1736
24.1737
24.1737
24.1737
24.1737
24.1737
24.1737
24.1737
24.1737
24.1736
20.95
20.95
20.95
20.95
20.95
20.95
20.95
20.95
20.95
20.95
20.95
20.95
20.95
20.95
20.95
20.95
20.95
20.95
20.95
20.95
20.95
20.95
20.95
20.95
20.95
20.95
20.95
20.95
20.95
20.95
20.95
20.95
20.95
20.95
20.95
20.95
20.95
20.95
20.95
20.95
20.95
20.95
20.95
20.95
20.95
20.95
20.95
20.95
20.95
20.95
20.95
20.9501
20.9501
20.9501
20.9501
20.9501
20.9501
20.9501
20.9501
20.95
20.9501
20.9501
20.9501
20.9501
20.9501
20.9501
20.9501
20.9501
20.9501
20.9501
20.9501
20.9502
20.9502
20.9502
20.9502
20.9502
20.9502
20.9502
20.9502
20.9501
20.9502
20.9502
20.9502
20.9502
20.9502
20.9502
20.9502
20.9502
20.9502
20.9502
20.9502
20.9503
20.9503
20.9503
20.9503
20.9503
20.9503
20.9503
20.9503
20.9502
17.727
17.727
17.727
17.727
17.727
17.727
17.727
17.727
17.727
17.727
17.727
17.727
17.727
17.727
17.727
17.727
17.727
17.727
17.727
17.727
17.727
17.727
17.727
17.727
17.727
17.727
17.727
17.727
17.727
17.727
17.727
17.727
17.727
17.727
17.727
17.727
17.727
17.727
17.727
17.727
17.727
17.727
17.727
17.727
17.727
17.727
17.727
17.727
17.727
17.727
17.727
17.727
17.727
17.7271
17.7271
17.7271
17.7271
17.727
17.727
17.727
17.7271
17.7271
17.7271
17.7271
17.7271
17.7271
17.7271
17.7271
17.7271
17.7271
17.7271
17.7271
17.7271
17.7271
17.7271
17.7271
17.7271
17.7271
17.7271
17.7271
17.7271
17.7271
17.7271
17.7271
17.7271
17.7271
17.7271
17.7271
17.7271
17.7271
17.7271
17.7271
17.7272
17.7272
17.7272
17.7272
17.7272
17.7272
17.7271
17.7271
14.504
14.504
14.504
14.504
14.504
14.504
14.504
14.504
14.504
14.504
14.504
14.504
14.504
14.504
14.504
14.504
14.504
14.504
14.504
14.504
14.504
14.504
14.504
14.504
14.504
14.504
14.504
14.504
14.504
14.504
14.504
14.504
14.504
14.504
14.504
14.504
14.504
14.504
14.504
14.504
14.504
14.504
14.504
14.504
14.504
14.504
14.504
14.504
14.504
14.504
14.504
14.504
14.504
14.504
14.504
14.504
14.504
14.504
14.504
14.504
14.504
14.504
14.504
14.504
14.504
14.504
14.504
14.504
14.504
14.504
14.504
14.504
14.504
14.504
14.504
14.504
14.504
14.504
14.504
14.504
14.504
14.504
14.504
14.504
14.504
14.504
14.504
14.504
14.504
14.504
14.504
14.504
14.504
14.504
14.504
14.504
14.504
14.504
14.504
14.504
11.2809
11.2809
11.2809
11.2809
11.2809
11.2809
11.2809
11.2809
11.2809
11.2809
11.2809
11.2809
11.2809
11.2809
11.2809
11.2809
11.2809
11.2809
11.2809
11.2809
11.2809
11.2809
11.2809
11.2809
11.2809
11.2809
11.2809
11.2809
11.2809
11.2809
11.2809
11.2809
11.2809
11.2809
11.2809
11.2809
11.2809
11.2809
11.2809
11.2809
11.2809
11.2809
11.2809
11.2809
11.2809
11.2809
11.2809
11.2809
11.2809
11.2809
11.2809
11.2809
11.2809
11.2809
11.2809
11.2809
11.2809
11.2809
11.2809
11.2809
11.2809
11.2809
11.2809
11.2809
11.2809
11.2809
11.2809
11.2809
11.2809
11.2809
11.2809
11.2809
11.2809
11.2809
11.2809
11.2809
11.2809
11.2809
11.2809
11.2809
11.2809
11.2809
11.2809
11.2809
11.2809
11.2809
11.2809
11.2809
11.2809
11.2809
11.2809
11.2809
11.2809
11.2809
11.2809
11.2809
11.2809
11.2809
11.2809
11.2809
8.05777
8.05777
8.05777
8.05777
8.05777
8.05777
8.05777
8.05777
8.05777
8.05777
8.05777
8.05777
8.05777
8.05777
8.05777
8.05777
8.05777
8.05777
8.05777
8.05777
8.05777
8.05777
8.05776
8.05776
8.05776
8.05776
8.05776
8.05776
8.05777
8.05777
8.05776
8.05776
8.05776
8.05776
8.05776
8.05776
8.05776
8.05776
8.05776
8.05776
8.05776
8.05776
8.05776
8.05776
8.05776
8.05776
8.05776
8.05776
8.05776
8.05776
8.05776
8.05776
8.05776
8.05776
8.05776
8.05776
8.05776
8.05776
8.05776
8.05776
8.05776
8.05776
8.05776
8.05776
8.05776
8.05776
8.05776
8.05776
8.05776
8.05776
8.05776
8.05777
8.05777
8.05777
8.05777
8.05777
8.05777
8.05777
8.05777
8.05776
8.05777
8.05777
8.05777
8.05777
8.05777
8.05777
8.05777
8.05777
8.05777
8.05777
8.05777
8.05777
8.05777
8.05777
8.05777
8.05777
8.05777
8.05777
8.05777
8.05777
4.83466
4.83466
4.83466
4.83466
4.83466
4.83466
4.83466
4.83466
4.83466
4.83466
4.83466
4.83466
4.83466
4.83466
4.83466
4.83466
4.83466
4.83466
4.83466
4.83466
4.83466
4.83466
4.83466
4.83466
4.83466
4.83466
4.83466
4.83466
4.83466
4.83466
4.83466
4.83466
4.83466
4.83466
4.83466
4.83466
4.83466
4.83466
4.83466
4.83466
4.83466
4.83466
4.83466
4.83466
4.83466
4.83466
4.83466
4.83466
4.83466
4.83466
4.83466
4.83466
4.83466
4.83466
4.83466
4.83466
4.83466
4.83466
4.83466
4.83466
4.83466
4.83466
4.83466
4.83466
4.83466
4.83466
4.83466
4.83466
4.83466
4.83466
4.83466
4.83466
4.83466
4.83466
4.83466
4.83466
4.83466
4.83466
4.83466
4.83466
4.83466
4.83466
4.83466
4.83466
4.83466
4.83466
4.83466
4.83466
4.83466
4.83466
4.83466
4.83466
4.83466
4.83466
4.83466
4.83466
4.83466
4.83466
4.83466
4.83466
1.61155
1.61155
1.61155
1.61155
1.61155
1.61155
1.61155
1.61155
1.61155
1.61155
1.61155
1.61155
1.61155
1.61155
1.61155
1.61155
1.61155
1.61155
1.61155
1.61155
1.61155
1.61155
1.61155
1.61155
1.61155
1.61155
1.61155
1.61155
1.61155
1.61155
1.61155
1.61155
1.61155
1.61155
1.61155
1.61155
1.61155
1.61155
1.61155
1.61155
1.61155
1.61155
1.61155
1.61155
1.61155
1.61155
1.61155
1.61155
1.61155
1.61155
1.61155
1.61155
1.61155
1.61155
1.61155
1.61155
1.61155
1.61155
1.61155
1.61155
1.61155
1.61155
1.61155
1.61155
1.61155
1.61155
1.61155
1.61155
1.61155
1.61155
1.61155
1.61155
1.61155
1.61155
1.61155
1.61155
1.61155
1.61155
1.61155
1.61155
1.61155
1.61155
1.61155
1.61155
1.61155
1.61155
1.61155
1.61155
1.61155
1.61155
1.61155
1.61155
1.61155
1.61155
1.61155
1.61155
1.61155
1.61155
1.61155
1.61155
98.3318
97.7512
97.3867
97.1201
96.982
96.982
97.1201
97.3867
97.7512
98.3318
89.217
88.3692
87.8109
87.4162
87.2129
87.2129
87.4162
87.8109
88.3692
89.217
81.6494
80.6739
80.0372
79.5936
79.366
79.366
79.5936
80.0372
80.6739
81.6494
76.4243
75.4221
74.7765
74.3333
74.1062
74.1062
74.3333
74.7765
75.4221
76.4243
72.5036
71.5087
70.8709
70.4418
70.222
70.222
70.4418
70.8709
71.5087
72.5036
69.3281
68.3603
67.7384
67.3302
67.1215
67.1215
67.3302
67.7384
68.3603
69.3281
66.7092
65.7892
65.1928
64.8117
64.6177
64.6177
64.8117
65.1928
65.7892
66.7092
64.5404
63.6917
63.133
62.7846
62.608
62.608
62.7846
63.133
63.6917
64.5404
62.742
61.9807
61.4724
61.1614
61.0039
61.004
61.1614
61.4724
61.9807
62.742
61.3339
60.5729
60.1236
59.8502
59.7117
59.7117
59.8502
60.1236
60.573
61.3339
62.4426
62.615
62.8026
62.9291
62.9946
62.9946
62.9291
62.8026
62.615
62.4426
62.8645
62.959
63.0854
63.1665
63.208
63.208
63.1665
63.0854
62.959
62.8645
62.8411
62.8383
62.8908
62.919
62.933
62.933
62.919
62.8908
62.8383
62.8411
62.4312
62.3383
62.3229
62.3044
62.2943
62.2943
62.3044
62.3229
62.3383
62.4312
61.837
61.6702
61.597
61.5411
61.5117
61.5117
61.5411
61.597
61.6702
61.837
61.1675
60.945
60.825
60.7411
60.6974
60.6974
60.7411
60.825
60.945
61.1675
60.4774
60.2195
60.0657
59.9636
59.9107
59.9107
59.9636
60.0657
60.2195
60.4774
59.7984
59.5287
59.3566
59.246
59.1888
59.1888
59.246
59.3566
59.5287
59.7984
59.1659
58.9005
58.7219
58.6099
58.5517
58.5517
58.6099
58.722
58.9005
59.1659
58.6829
58.3359
58.1526
58.0399
57.9812
57.9812
58.0399
58.1526
58.3359
58.6829
57.8517
57.8373
57.8391
57.8356
57.834
57.834
57.8356
57.8391
57.8373
57.8517
58.2616
58.245
58.2461
58.2409
58.2383
58.2383
58.2409
58.2461
58.245
58.2616
58.6008
58.5658
58.5554
58.5406
58.5326
58.5326
58.5406
58.5554
58.5658
58.6008
58.6535
58.5852
58.5528
58.522
58.5056
58.5056
58.522
58.5528
58.5852
58.6535
58.5095
58.4061
58.3494
58.3026
58.2778
58.2778
58.3026
58.3494
58.4061
58.5095
58.2631
58.1292
58.0501
57.9901
57.9584
57.9584
57.9901
58.0501
58.1292
58.2631
57.9624
57.8063
57.7092
57.6397
57.6032
57.6032
57.6397
57.7092
57.8063
57.9624
57.6343
57.468
57.3595
57.2851
57.2463
57.2463
57.2851
57.3595
57.468
57.6343
57.3116
57.1427
57.0269
56.9502
56.9102
56.9102
56.9502
57.0269
57.1427
57.3116
57.0688
56.8362
56.7101
56.6296
56.5879
56.5879
56.6296
56.7101
56.8362
57.0688
53.1579
53.1776
53.2025
53.2184
53.2269
53.2269
53.2184
53.2025
53.1776
53.1579
53.3672
53.3907
53.4196
53.4378
53.4475
53.4475
53.4378
53.4196
53.3907
53.3672
53.5448
53.566
53.5946
53.612
53.6212
53.6212
53.612
53.5946
53.566
53.5448
53.6302
53.641
53.6628
53.6748
53.6811
53.6811
53.6748
53.6628
53.641
53.6302
53.6442
53.6407
53.6521
53.6567
53.659
53.659
53.6567
53.6521
53.6407
53.6442
53.6102
53.5919
53.5919
53.5888
53.587
53.587
53.5888
53.5919
53.5919
53.6102
53.5418
53.5108
53.5001
53.4903
53.4849
53.4849
53.4903
53.5001
53.5108
53.5418
53.4487
53.4097
53.3906
53.3758
53.3678
53.3678
53.3758
53.3906
53.4097
53.4487
53.3489
53.304
53.2769
53.2575
53.2469
53.2469
53.2575
53.2769
53.304
53.3489
53.2871
53.1988
53.1579
53.1312
53.117
53.117
53.1312
53.1579
53.1988
53.2871
49.955
49.955
49.957
49.9571
49.9572
49.9572
49.9571
49.957
49.955
49.955
50.0528
50.0564
50.0616
50.0638
50.0649
50.0649
50.0638
50.0616
50.0564
50.0528
50.1526
50.1576
50.1644
50.1674
50.169
50.169
50.1674
50.1644
50.1576
50.1526
50.2203
50.2233
50.2291
50.231
50.2319
50.2319
50.231
50.2291
50.2233
50.2203
50.2581
50.2568
50.2597
50.2593
50.2589
50.2589
50.2593
50.2597
50.2568
50.2581
50.2728
50.2661
50.2652
50.2621
50.2603
50.2603
50.2621
50.2652
50.2661
50.2728
50.2692
50.2573
50.2524
50.2468
50.2435
50.2435
50.2468
50.2524
50.2573
50.2692
50.2514
50.236
50.2276
50.2199
50.2155
50.2155
50.2199
50.2276
50.236
50.2514
50.229
50.2101
50.1975
50.1874
50.1818
50.1818
50.1874
50.1975
50.2101
50.229
50.223
50.1814
50.1608
50.1465
50.139
50.139
50.1465
50.1608
50.1814
50.223
46.6532
46.6562
46.6599
46.662
46.6632
46.6632
46.662
46.6599
46.6562
46.6532
46.6937
46.6985
46.7037
46.707
46.7087
46.7087
46.707
46.7037
46.6985
46.6937
46.735
46.7408
46.7473
46.7513
46.7534
46.7534
46.7513
46.7473
46.7408
46.735
46.766
46.7717
46.7784
46.7823
46.7844
46.7844
46.7823
46.7784
46.7717
46.766
46.787
46.7915
46.7975
46.8007
46.8024
46.8024
46.8007
46.7975
46.7915
46.787
46.7993
46.802
46.8066
46.8088
46.8099
46.8099
46.8088
46.8066
46.802
46.7994
46.8039
46.8045
46.8075
46.8086
46.8091
46.8091
46.8086
46.8075
46.8045
46.8039
46.802
46.801
46.8024
46.8024
46.8023
46.8023
46.8024
46.8024
46.801
46.802
46.7976
46.7948
46.7939
46.7924
46.7915
46.7915
46.7924
46.7939
46.7948
46.7976
46.8013
46.7869
46.7811
46.7769
46.7746
46.7746
46.7769
46.7811
46.7869
46.8013
43.4755
43.4759
43.4765
43.4766
43.4767
43.4767
43.4766
43.4765
43.4759
43.4756
43.4925
43.4937
43.495
43.4957
43.496
43.496
43.4957
43.495
43.4937
43.4925
43.5117
43.5138
43.5158
43.5169
43.5174
43.5174
43.5169
43.5158
43.5138
43.5117
43.5284
43.5307
43.5331
43.5343
43.535
43.535
43.5343
43.5331
43.5307
43.5284
43.5418
43.5441
43.5465
43.5476
43.5482
43.5482
43.5476
43.5465
43.5441
43.5418
43.5523
43.5542
43.5563
43.5573
43.5577
43.5577
43.5573
43.5563
43.5542
43.5523
43.5599
43.5613
43.563
43.5636
43.5639
43.5639
43.5636
43.563
43.5613
43.5599
43.565
43.5659
43.5672
43.5674
43.5675
43.5675
43.5674
43.5672
43.5659
43.565
43.5693
43.5695
43.5698
43.5694
43.5691
43.5691
43.5694
43.5698
43.5695
43.5693
43.5769
43.572
43.5701
43.5685
43.5677
43.5677
43.5685
43.5701
43.5721
43.5769
40.2614
40.262
40.2626
40.263
40.2632
40.2632
40.263
40.2626
40.262
40.2614
40.2678
40.2688
40.2697
40.2703
40.2706
40.2706
40.2703
40.2697
40.2688
40.2678
40.2751
40.2764
40.2777
40.2785
40.2789
40.2789
40.2785
40.2777
40.2764
40.2751
40.2818
40.2834
40.2849
40.2858
40.2863
40.2863
40.2858
40.2849
40.2834
40.2818
40.2877
40.2893
40.2909
40.2919
40.2924
40.2924
40.2919
40.2909
40.2893
40.2877
40.2926
40.2941
40.2957
40.2967
40.2971
40.2971
40.2967
40.2957
40.2942
40.2926
40.2965
40.2979
40.2994
40.3002
40.3006
40.3006
40.3002
40.2994
40.2979
40.2965
40.2993
40.3006
40.3019
40.3026
40.3029
40.3029
40.3026
40.3019
40.3006
40.2993
40.3018
40.3028
40.3037
40.304
40.3042
40.3042
40.304
40.3037
40.3028
40.3018
40.3058
40.3045
40.3043
40.3041
40.3039
40.3039
40.3041
40.3043
40.3045
40.3058
37.0541
37.0542
37.0543
37.0544
37.0544
37.0544
37.0544
37.0543
37.0542
37.0541
37.0565
37.0567
37.057
37.0571
37.0572
37.0572
37.0571
37.057
37.0567
37.0565
37.0595
37.06
37.0604
37.0606
37.0607
37.0607
37.0606
37.0604
37.06
37.0595
37.0626
37.0632
37.0638
37.0641
37.0643
37.0643
37.0641
37.0638
37.0632
37.0626
37.0656
37.0664
37.067
37.0674
37.0676
37.0676
37.0674
37.067
37.0664
37.0657
37.0685
37.0693
37.07
37.0704
37.0706
37.0706
37.0704
37.07
37.0693
37.0685
37.0711
37.0719
37.0727
37.0731
37.0733
37.0733
37.0731
37.0727
37.0719
37.0711
37.0734
37.0743
37.075
37.0754
37.0755
37.0755
37.0754
37.075
37.0743
37.0734
37.0757
37.0765
37.077
37.0773
37.0774
37.0774
37.0773
37.077
37.0765
37.0757
37.0786
37.0785
37.0786
37.0787
37.0787
37.0787
37.0787
37.0786
37.0785
37.0786
33.8361
33.8362
33.8363
33.8363
33.8364
33.8364
33.8363
33.8363
33.8362
33.8361
33.8368
33.837
33.8371
33.8372
33.8373
33.8373
33.8372
33.8371
33.837
33.8368
33.8378
33.8381
33.8383
33.8384
33.8385
33.8385
33.8384
33.8383
33.8381
33.8378
33.8389
33.8393
33.8395
33.8397
33.8398
33.8398
33.8397
33.8395
33.8393
33.8389
33.8401
33.8405
33.8408
33.8411
33.8412
33.8412
33.8411
33.8408
33.8405
33.8401
33.8413
33.8417
33.8421
33.8424
33.8425
33.8425
33.8424
33.8421
33.8417
33.8413
33.8424
33.8429
33.8433
33.8435
33.8437
33.8437
33.8435
33.8433
33.8429
33.8424
33.8435
33.8439
33.8444
33.8446
33.8447
33.8447
33.8446
33.8444
33.8439
33.8435
33.8445
33.8449
33.8453
33.8455
33.8456
33.8456
33.8455
33.8453
33.8449
33.8445
33.8457
33.8459
33.846
33.8461
33.8462
33.8462
33.8461
33.846
33.8459
33.8457
30.6169
30.617
30.617
30.617
30.617
30.617
30.617
30.617
30.617
30.6169
30.6171
30.6172
30.6172
30.6172
30.6172
30.6172
30.6172
30.6172
30.6172
30.6171
30.6175
30.6176
30.6176
30.6177
30.6177
30.6177
30.6177
30.6176
30.6176
30.6175
30.618
30.6181
30.6182
30.6182
30.6183
30.6183
30.6182
30.6182
30.6181
30.618
30.6185
30.6187
30.6188
30.6189
30.6189
30.6189
30.6189
30.6188
30.6187
30.6185
30.6191
30.6193
30.6194
30.6195
30.6196
30.6196
30.6195
30.6194
30.6193
30.6191
30.6197
30.6199
30.6201
30.6202
30.6203
30.6203
30.6202
30.6201
30.6199
30.6197
30.6203
30.6206
30.6208
30.6209
30.6209
30.6209
30.6209
30.6208
30.6206
30.6203
30.6209
30.6212
30.6214
30.6215
30.6216
30.6216
30.6215
30.6214
30.6212
30.6209
30.6217
30.6218
30.6219
30.622
30.6221
30.6221
30.622
30.6219
30.6218
30.6217
27.3952
27.3952
27.3952
27.3952
27.3952
27.3952
27.3952
27.3952
27.3952
27.3952
27.3952
27.3952
27.3952
27.3952
27.3952
27.3952
27.3952
27.3952
27.3952
27.3952
27.3953
27.3953
27.3953
27.3953
27.3953
27.3953
27.3953
27.3953
27.3953
27.3953
27.3954
27.3954
27.3955
27.3955
27.3955
27.3955
27.3955
27.3955
27.3954
27.3954
27.3956
27.3957
27.3957
27.3958
27.3958
27.3958
27.3958
27.3957
27.3957
27.3956
27.3958
27.3959
27.396
27.396
27.396
27.396
27.396
27.396
27.3959
27.3958
27.396
27.3962
27.3962
27.3963
27.3963
27.3963
27.3963
27.3962
27.3962
27.396
27.3963
27.3964
27.3965
27.3966
27.3966
27.3966
27.3966
27.3965
27.3964
27.3963
27.3965
27.3967
27.3968
27.3968
27.3969
27.3969
27.3968
27.3968
27.3967
27.3965
27.3968
27.3969
27.397
27.3971
27.3971
27.3971
27.3971
27.397
27.3969
27.3968
24.1729
24.1729
24.1729
24.1729
24.1729
24.1729
24.1729
24.1729
24.1729
24.1729
24.1728
24.1729
24.1729
24.1729
24.1729
24.1729
24.1729
24.1729
24.1729
24.1728
24.1729
24.1729
24.1729
24.1729
24.1729
24.1729
24.1729
24.1729
24.1729
24.1729
24.1729
24.1729
24.1729
24.1729
24.1729
24.1729
24.1729
24.1729
24.1729
24.1729
24.173
24.173
24.173
24.173
24.1731
24.1731
24.173
24.173
24.173
24.173
24.1731
24.1731
24.1731
24.1732
24.1732
24.1732
24.1732
24.1731
24.1731
24.1731
24.1732
24.1732
24.1733
24.1733
24.1733
24.1733
24.1733
24.1733
24.1732
24.1732
24.1733
24.1734
24.1734
24.1735
24.1735
24.1735
24.1735
24.1734
24.1734
24.1733
24.1735
24.1735
24.1736
24.1736
24.1736
24.1736
24.1736
24.1736
24.1735
24.1735
24.1736
24.1737
24.1737
24.1737
24.1737
24.1737
24.1737
24.1737
24.1737
24.1736
20.95
20.95
20.95
20.95
20.95
20.95
20.95
20.95
20.95
20.95
20.95
20.95
20.95
20.95
20.95
20.95
20.95
20.95
20.95
20.95
20.95
20.95
20.95
20.95
20.95
20.95
20.95
20.95
20.95
20.95
20.95
20.95
20.95
20.95
20.95
20.95
20.95
20.95
20.95
20.95
20.95
20.95
20.95
20.95
20.95
20.95
20.95
20.95
20.95
20.95
20.95
20.9501
20.9501
20.9501
20.9501
20.9501
20.9501
20.9501
20.9501
20.95
20.9501
20.9501
20.9501
20.9501
20.9501
20.9501
20.9501
20.9501
20.9501
20.9501
20.9501
20.9502
20.9502
20.9502
20.9502
20.9502
20.9502
20.9502
20.9502
20.9501
20.9502
20.9502
20.9502
20.9502
20.9502
20.9502
20.9502
20.9502
20.9502
20.9502
20.9502
20.9503
20.9503
20.9503
20.9503
20.9503
20.9503
20.9503
20.9503
20.9502
17.727
17.727
17.727
17.727
17.727
17.727
17.727
17.727
17.727
17.727
17.727
17.727
17.727
17.727
17.727
17.727
17.727
17.727
17.727
17.727
17.727
17.727
17.727
17.727
17.727
17.727
17.727
17.727
17.727
17.727
17.727
17.727
17.727
17.727
17.727
17.727
17.727
17.727
17.727
17.727
17.727
17.727
17.727
17.727
17.727
17.727
17.727
17.727
17.727
17.727
17.727
17.727
17.727
17.7271
17.7271
17.7271
17.7271
17.727
17.727
17.727
17.7271
17.7271
17.7271
17.7271
17.7271
17.7271
17.7271
17.7271
17.7271
17.7271
17.7271
17.7271
17.7271
17.7271
17.7271
17.7271
17.7271
17.7271
17.7271
17.7271
17.7271
17.7271
17.7271
17.7271
17.7271
17.7271
17.7271
17.7271
17.7271
17.7271
17.7271
17.7271
17.7272
17.7272
17.7272
17.7272
17.7272
17.7272
17.7271
17.7271
14.504
14.504
14.504
14.504
14.504
14.504
14.504
14.504
14.504
14.504
14.504
14.504
14.504
14.504
14.504
14.504
14.504
14.504
14.504
14.504
14.504
14.504
14.504
14.504
14.504
14.504
14.504
14.504
14.504
14.504
14.504
14.504
14.504
14.504
14.504
14.504
14.504
14.504
14.504
14.504
14.504
14.504
14.504
14.504
14.504
14.504
14.504
14.504
14.504
14.504
14.504
14.504
14.504
14.504
14.504
14.504
14.504
14.504
14.504
14.504
14.504
14.504
14.504
14.504
14.504
14.504
14.504
14.504
14.504
14.504
14.504
14.504
14.504
14.504
14.504
14.504
14.504
14.504
14.504
14.504
14.504
14.504
14.504
14.504
14.504
14.504
14.504
14.504
14.504
14.504
14.504
14.504
14.504
14.504
14.504
14.504
14.504
14.504
14.504
14.504
11.2809
11.2809
11.2809
11.2809
11.2809
11.2809
11.2809
11.2809
11.2809
11.2809
11.2809
11.2809
11.2809
11.2809
11.2809
11.2809
11.2809
11.2809
11.2809
11.2809
11.2809
11.2809
11.2809
11.2809
11.2809
11.2809
11.2809
11.2809
11.2809
11.2809
11.2809
11.2809
11.2809
11.2809
11.2809
11.2809
11.2809
11.2809
11.2809
11.2809
11.2809
11.2809
11.2809
11.2809
11.2809
11.2809
11.2809
11.2809
11.2809
11.2809
11.2809
11.2809
11.2809
11.2809
11.2809
11.2809
11.2809
11.2809
11.2809
11.2809
11.2809
11.2809
11.2809
11.2809
11.2809
11.2809
11.2809
11.2809
11.2809
11.2809
11.2809
11.2809
11.2809
11.2809
11.2809
11.2809
11.2809
11.2809
11.2809
11.2809
11.2809
11.2809
11.2809
11.2809
11.2809
11.2809
11.2809
11.2809
11.2809
11.2809
11.2809
11.2809
11.2809
11.2809
11.2809
11.2809
11.2809
11.2809
11.2809
11.2809
8.05777
8.05777
8.05777
8.05777
8.05777
8.05777
8.05777
8.05777
8.05777
8.05777
8.05777
8.05777
8.05777
8.05777
8.05777
8.05777
8.05777
8.05777
8.05777
8.05777
8.05777
8.05776
8.05776
8.05776
8.05776
8.05776
8.05776
8.05776
8.05776
8.05776
8.05776
8.05776
8.05776
8.05776
8.05776
8.05776
8.05776
8.05776
8.05776
8.05776
8.05776
8.05776
8.05776
8.05776
8.05776
8.05776
8.05776
8.05776
8.05776
8.05776
8.05776
8.05776
8.05776
8.05776
8.05776
8.05776
8.05776
8.05776
8.05776
8.05776
8.05776
8.05776
8.05776
8.05776
8.05776
8.05776
8.05776
8.05776
8.05776
8.05776
8.05776
8.05777
8.05777
8.05777
8.05777
8.05777
8.05777
8.05777
8.05777
8.05776
8.05777
8.05777
8.05777
8.05777
8.05777
8.05777
8.05777
8.05777
8.05777
8.05777
8.05777
8.05777
8.05777
8.05777
8.05777
8.05777
8.05777
8.05777
8.05777
8.05777
4.83466
4.83466
4.83466
4.83466
4.83466
4.83466
4.83466
4.83466
4.83466
4.83466
4.83466
4.83466
4.83466
4.83466
4.83466
4.83466
4.83466
4.83466
4.83466
4.83466
4.83466
4.83466
4.83466
4.83466
4.83466
4.83466
4.83466
4.83466
4.83466
4.83466
4.83466
4.83466
4.83466
4.83466
4.83466
4.83466
4.83466
4.83466
4.83466
4.83466
4.83466
4.83466
4.83466
4.83466
4.83466
4.83466
4.83466
4.83466
4.83466
4.83466
4.83466
4.83466
4.83466
4.83466
4.83466
4.83466
4.83466
4.83466
4.83466
4.83466
4.83466
4.83466
4.83466
4.83466
4.83466
4.83466
4.83466
4.83466
4.83466
4.83466
4.83466
4.83466
4.83466
4.83466
4.83466
4.83466
4.83466
4.83466
4.83466
4.83466
4.83466
4.83466
4.83466
4.83466
4.83466
4.83466
4.83466
4.83466
4.83466
4.83466
4.83466
4.83466
4.83466
4.83466
4.83466
4.83466
4.83466
4.83466
4.83466
4.83466
1.61155
1.61155
1.61155
1.61155
1.61155
1.61155
1.61155
1.61155
1.61155
1.61155
1.61155
1.61155
1.61155
1.61155
1.61155
1.61155
1.61155
1.61155
1.61155
1.61155
1.61155
1.61155
1.61155
1.61155
1.61155
1.61155
1.61155
1.61155
1.61155
1.61155
1.61155
1.61155
1.61155
1.61155
1.61155
1.61155
1.61155
1.61155
1.61155
1.61155
1.61155
1.61155
1.61155
1.61155
1.61155
1.61155
1.61155
1.61155
1.61155
1.61155
1.61155
1.61155
1.61155
1.61155
1.61155
1.61155
1.61155
1.61155
1.61155
1.61155
1.61155
1.61155
1.61155
1.61155
1.61155
1.61155
1.61155
1.61155
1.61155
1.61155
1.61155
1.61155
1.61155
1.61155
1.61155
1.61155
1.61155
1.61155
1.61155
1.61155
1.61155
1.61155
1.61155
1.61155
1.61155
1.61155
1.61155
1.61155
1.61155
1.61155
1.61155
1.61155
1.61155
1.61155
1.61155
1.61155
1.61155
1.61155
1.61155
1.61155
98.3318
97.7512
97.3867
97.1201
96.982
96.982
97.1201
97.3867
97.7512
98.3318
89.217
88.3692
87.8109
87.4162
87.2129
87.2129
87.4162
87.8109
88.3692
89.217
81.6494
80.6739
80.0372
79.5936
79.366
79.366
79.5936
80.0372
80.6739
81.6494
76.4243
75.4221
74.7765
74.3333
74.1062
74.1062
74.3333
74.7765
75.4221
76.4243
72.5036
71.5087
70.8709
70.4418
70.222
70.222
70.4418
70.8709
71.5087
72.5036
69.3281
68.3603
67.7384
67.3302
67.1215
67.1215
67.3302
67.7384
68.3603
69.3281
66.7092
65.7892
65.1928
64.8117
64.6177
64.6177
64.8117
65.1928
65.7892
66.7092
64.5404
63.6917
63.133
62.7846
62.608
62.608
62.7846
63.133
63.6917
64.5404
62.742
61.9807
61.4724
61.1614
61.004
61.0039
61.1614
61.4724
61.9807
62.742
61.3339
60.573
60.1236
59.8502
59.7117
59.7117
59.8502
60.1236
60.5729
61.3339
62.4426
62.615
62.8026
62.9291
62.9946
62.9946
62.9291
62.8026
62.615
62.4426
62.8645
62.959
63.0854
63.1665
63.208
63.208
63.1665
63.0854
62.959
62.8645
62.8411
62.8383
62.8908
62.919
62.933
62.933
62.919
62.8908
62.8383
62.8411
62.4312
62.3383
62.3229
62.3044
62.2943
62.2943
62.3044
62.3229
62.3383
62.4312
61.837
61.6702
61.597
61.5411
61.5117
61.5117
61.5411
61.597
61.6702
61.837
61.1675
60.945
60.825
60.7411
60.6974
60.6974
60.7411
60.825
60.945
61.1675
60.4774
60.2195
60.0657
59.9636
59.9107
59.9107
59.9636
60.0657
60.2195
60.4774
59.7984
59.5287
59.3566
59.246
59.1888
59.1888
59.246
59.3566
59.5287
59.7984
59.1659
58.9005
58.722
58.6099
58.5517
58.5517
58.6099
58.7219
58.9005
59.1659
58.6829
58.3359
58.1526
58.0399
57.9812
57.9812
58.0399
58.1526
58.3359
58.6829
57.8517
57.8373
57.8391
57.8356
57.834
57.834
57.8356
57.8391
57.8373
57.8517
58.2616
58.245
58.2461
58.2409
58.2383
58.2383
58.2409
58.2461
58.245
58.2616
58.6008
58.5658
58.5554
58.5406
58.5326
58.5326
58.5406
58.5554
58.5658
58.6008
58.6535
58.5852
58.5528
58.522
58.5056
58.5056
58.522
58.5528
58.5852
58.6535
58.5095
58.4061
58.3494
58.3026
58.2778
58.2778
58.3026
58.3494
58.4061
58.5095
58.2631
58.1292
58.0501
57.9901
57.9584
57.9584
57.9901
58.0501
58.1292
58.2631
57.9624
57.8063
57.7092
57.6397
57.6032
57.6032
57.6397
57.7092
57.8063
57.9624
57.6343
57.468
57.3595
57.2851
57.2463
57.2463
57.2851
57.3595
57.468
57.6343
57.3116
57.1427
57.0269
56.9502
56.9102
56.9102
56.9502
57.0269
57.1427
57.3116
57.0688
56.8362
56.7101
56.6296
56.5879
56.5879
56.6296
56.7101
56.8362
57.0688
53.1579
53.1776
53.2025
53.2184
53.2269
53.2269
53.2184
53.2025
53.1776
53.1579
53.3672
53.3907
53.4196
53.4378
53.4475
53.4475
53.4378
53.4196
53.3907
53.3672
53.5448
53.566
53.5946
53.612
53.6212
53.6212
53.612
53.5946
53.566
53.5448
53.6302
53.641
53.6628
53.6748
53.6811
53.6811
53.6748
53.6628
53.641
53.6302
53.6442
53.6407
53.6521
53.6567
53.659
53.659
53.6567
53.6521
53.6407
53.6442
53.6102
53.5919
53.5919
53.5888
53.587
53.587
53.5888
53.5919
53.5919
53.6102
53.5418
53.5108
53.5001
53.4903
53.4849
53.4849
53.4903
53.5001
53.5108
53.5418
53.4487
53.4097
53.3906
53.3758
53.3678
53.3678
53.3758
53.3906
53.4097
53.4487
53.3489
53.304
53.2769
53.2575
53.2469
53.2469
53.2575
53.2769
53.304
53.3489
53.2871
53.1988
53.1579
53.1312
53.117
53.117
53.1312
53.1579
53.1988
53.2871
49.955
49.955
49.957
49.9571
49.9572
49.9572
49.9571
49.957
49.955
49.955
50.0528
50.0564
50.0616
50.0638
50.0649
50.0649
50.0638
50.0616
50.0564
50.0528
50.1526
50.1576
50.1644
50.1674
50.169
50.169
50.1674
50.1644
50.1576
50.1526
50.2203
50.2233
50.2291
50.231
50.2319
50.2319
50.231
50.2291
50.2233
50.2203
50.2581
50.2568
50.2597
50.2593
50.2589
50.2589
50.2593
50.2597
50.2568
50.2581
50.2728
50.2661
50.2652
50.2621
50.2603
50.2603
50.2621
50.2652
50.2661
50.2728
50.2692
50.2573
50.2524
50.2468
50.2435
50.2435
50.2468
50.2524
50.2573
50.2692
50.2514
50.236
50.2276
50.2199
50.2155
50.2155
50.2199
50.2276
50.236
50.2514
50.229
50.2101
50.1975
50.1874
50.1818
50.1818
50.1874
50.1975
50.2101
50.229
50.223
50.1815
50.1608
50.1465
50.139
50.139
50.1465
50.1608
50.1814
50.223
46.6532
46.6562
46.6599
46.662
46.6632
46.6632
46.662
46.6599
46.6562
46.6532
46.6937
46.6985
46.7037
46.707
46.7087
46.7087
46.707
46.7037
46.6985
46.6937
46.735
46.7408
46.7473
46.7513
46.7534
46.7534
46.7513
46.7473
46.7408
46.735
46.766
46.7717
46.7784
46.7823
46.7844
46.7844
46.7823
46.7784
46.7717
46.766
46.787
46.7915
46.7975
46.8007
46.8024
46.8024
46.8007
46.7975
46.7915
46.787
46.7994
46.802
46.8066
46.8088
46.8099
46.8099
46.8088
46.8066
46.802
46.7993
46.8039
46.8045
46.8075
46.8086
46.8091
46.8091
46.8086
46.8075
46.8045
46.8039
46.802
46.801
46.8024
46.8024
46.8023
46.8023
46.8024
46.8024
46.801
46.802
46.7976
46.7948
46.7939
46.7924
46.7915
46.7915
46.7924
46.7939
46.7948
46.7976
46.8013
46.7869
46.7811
46.7769
46.7746
46.7746
46.7769
46.7811
46.7869
46.8013
43.4756
43.4759
43.4765
43.4766
43.4767
43.4767
43.4766
43.4765
43.4759
43.4755
43.4925
43.4937
43.495
43.4957
43.496
43.496
43.4957
43.495
43.4937
43.4925
43.5117
43.5138
43.5158
43.5169
43.5174
43.5174
43.5169
43.5158
43.5138
43.5117
43.5284
43.5307
43.5331
43.5343
43.535
43.535
43.5343
43.5331
43.5307
43.5284
43.5418
43.5441
43.5465
43.5476
43.5482
43.5482
43.5476
43.5465
43.5441
43.5418
43.5523
43.5542
43.5563
43.5573
43.5577
43.5577
43.5573
43.5563
43.5542
43.5523
43.5599
43.5613
43.563
43.5636
43.5639
43.5639
43.5636
43.563
43.5613
43.5599
43.565
43.5659
43.5672
43.5674
43.5675
43.5675
43.5674
43.5672
43.5659
43.565
43.5693
43.5695
43.5698
43.5694
43.5691
43.5691
43.5694
43.5698
43.5695
43.5693
43.5769
43.5721
43.5701
43.5685
43.5677
43.5677
43.5685
43.5701
43.572
43.5769
40.2614
40.262
40.2626
40.263
40.2632
40.2632
40.263
40.2626
40.262
40.2614
40.2678
40.2688
40.2697
40.2703
40.2706
40.2706
40.2703
40.2697
40.2688
40.2678
40.2751
40.2764
40.2777
40.2785
40.2789
40.2789
40.2785
40.2777
40.2764
40.2751
40.2818
40.2834
40.2849
40.2858
40.2863
40.2863
40.2858
40.2849
40.2834
40.2818
40.2877
40.2893
40.2909
40.2919
40.2924
40.2924
40.2919
40.2909
40.2893
40.2877
40.2926
40.2942
40.2957
40.2967
40.2971
40.2971
40.2967
40.2957
40.2941
40.2926
40.2965
40.2979
40.2994
40.3002
40.3006
40.3006
40.3002
40.2994
40.2979
40.2965
40.2993
40.3006
40.3019
40.3026
40.3029
40.3029
40.3026
40.3019
40.3006
40.2993
40.3018
40.3028
40.3037
40.304
40.3042
40.3042
40.304
40.3037
40.3028
40.3018
40.3058
40.3045
40.3043
40.3041
40.3039
40.3039
40.3041
40.3043
40.3045
40.3058
37.0541
37.0542
37.0543
37.0544
37.0544
37.0544
37.0544
37.0543
37.0542
37.0541
37.0565
37.0567
37.057
37.0571
37.0572
37.0572
37.0571
37.057
37.0567
37.0565
37.0595
37.06
37.0604
37.0606
37.0607
37.0607
37.0606
37.0604
37.06
37.0595
37.0626
37.0632
37.0638
37.0641
37.0643
37.0643
37.0641
37.0638
37.0632
37.0626
37.0657
37.0664
37.067
37.0674
37.0676
37.0676
37.0674
37.067
37.0664
37.0656
37.0685
37.0693
37.07
37.0704
37.0706
37.0706
37.0704
37.07
37.0693
37.0685
37.0711
37.0719
37.0727
37.0731
37.0733
37.0733
37.0731
37.0727
37.0719
37.0711
37.0734
37.0743
37.075
37.0754
37.0755
37.0755
37.0754
37.075
37.0743
37.0734
37.0757
37.0765
37.077
37.0773
37.0774
37.0774
37.0773
37.077
37.0765
37.0757
37.0786
37.0785
37.0786
37.0787
37.0787
37.0787
37.0787
37.0786
37.0785
37.0786
33.8361
33.8362
33.8363
33.8363
33.8364
33.8364
33.8363
33.8363
33.8362
33.8361
33.8368
33.837
33.8371
33.8372
33.8373
33.8373
33.8372
33.8371
33.837
33.8368
33.8378
33.8381
33.8383
33.8384
33.8385
33.8385
33.8384
33.8383
33.8381
33.8378
33.8389
33.8393
33.8395
33.8397
33.8398
33.8398
33.8397
33.8395
33.8393
33.8389
33.8401
33.8405
33.8408
33.8411
33.8412
33.8412
33.8411
33.8408
33.8405
33.8401
33.8413
33.8417
33.8421
33.8424
33.8425
33.8425
33.8424
33.8421
33.8417
33.8413
33.8424
33.8429
33.8433
33.8435
33.8437
33.8437
33.8435
33.8433
33.8429
33.8424
33.8435
33.8439
33.8444
33.8446
33.8447
33.8447
33.8446
33.8444
33.8439
33.8435
33.8445
33.8449
33.8453
33.8455
33.8456
33.8456
33.8455
33.8453
33.8449
33.8445
33.8457
33.8459
33.846
33.8461
33.8462
33.8462
33.8461
33.846
33.8459
33.8457
30.6169
30.617
30.617
30.617
30.617
30.617
30.617
30.617
30.617
30.6169
30.6171
30.6172
30.6172
30.6172
30.6172
30.6172
30.6172
30.6172
30.6172
30.6171
30.6175
30.6176
30.6176
30.6177
30.6177
30.6177
30.6177
30.6176
30.6176
30.6175
30.618
30.6181
30.6182
30.6182
30.6183
30.6183
30.6182
30.6182
30.6181
30.618
30.6185
30.6187
30.6188
30.6189
30.6189
30.6189
30.6189
30.6188
30.6187
30.6185
30.6191
30.6193
30.6194
30.6195
30.6196
30.6196
30.6195
30.6194
30.6193
30.6191
30.6197
30.6199
30.6201
30.6202
30.6203
30.6203
30.6202
30.6201
30.6199
30.6197
30.6203
30.6206
30.6208
30.6209
30.6209
30.6209
30.6209
30.6208
30.6206
30.6203
30.6209
30.6212
30.6214
30.6215
30.6216
30.6216
30.6215
30.6214
30.6212
30.6209
30.6217
30.6218
30.6219
30.622
30.6221
30.6221
30.622
30.6219
30.6218
30.6217
27.3952
27.3952
27.3952
27.3952
27.3952
27.3952
27.3952
27.3952
27.3952
27.3952
27.3952
27.3952
27.3952
27.3952
27.3952
27.3952
27.3952
27.3952
27.3952
27.3952
27.3953
27.3953
27.3953
27.3953
27.3953
27.3953
27.3953
27.3953
27.3953
27.3953
27.3954
27.3954
27.3955
27.3955
27.3955
27.3955
27.3955
27.3955
27.3954
27.3954
27.3956
27.3957
27.3957
27.3958
27.3958
27.3958
27.3958
27.3957
27.3957
27.3956
27.3958
27.3959
27.396
27.396
27.396
27.396
27.396
27.396
27.3959
27.3958
27.396
27.3962
27.3962
27.3963
27.3963
27.3963
27.3963
27.3962
27.3962
27.396
27.3963
27.3964
27.3965
27.3966
27.3966
27.3966
27.3966
27.3965
27.3964
27.3963
27.3965
27.3967
27.3968
27.3968
27.3969
27.3969
27.3968
27.3968
27.3967
27.3965
27.3968
27.3969
27.397
27.3971
27.3971
27.3971
27.3971
27.397
27.3969
27.3968
24.1729
24.1729
24.1729
24.1729
24.1729
24.1729
24.1729
24.1729
24.1729
24.1729
24.1728
24.1729
24.1729
24.1729
24.1729
24.1729
24.1729
24.1729
24.1729
24.1728
24.1729
24.1729
24.1729
24.1729
24.1729
24.1729
24.1729
24.1729
24.1729
24.1729
24.1729
24.1729
24.1729
24.1729
24.1729
24.1729
24.1729
24.1729
24.1729
24.1729
24.173
24.173
24.173
24.173
24.1731
24.1731
24.173
24.173
24.173
24.173
24.1731
24.1731
24.1731
24.1732
24.1732
24.1732
24.1732
24.1731
24.1731
24.1731
24.1732
24.1732
24.1733
24.1733
24.1733
24.1733
24.1733
24.1733
24.1732
24.1732
24.1733
24.1734
24.1734
24.1735
24.1735
24.1735
24.1735
24.1734
24.1734
24.1733
24.1735
24.1735
24.1736
24.1736
24.1736
24.1736
24.1736
24.1736
24.1735
24.1735
24.1736
24.1737
24.1737
24.1737
24.1737
24.1737
24.1737
24.1737
24.1737
24.1736
20.95
20.95
20.95
20.95
20.95
20.95
20.95
20.95
20.95
20.95
20.95
20.95
20.95
20.95
20.95
20.95
20.95
20.95
20.95
20.95
20.95
20.95
20.95
20.95
20.95
20.95
20.95
20.95
20.95
20.95
20.95
20.95
20.95
20.95
20.95
20.95
20.95
20.95
20.95
20.95
20.95
20.95
20.95
20.95
20.95
20.95
20.95
20.95
20.95
20.95
20.95
20.9501
20.9501
20.9501
20.9501
20.9501
20.9501
20.9501
20.9501
20.95
20.9501
20.9501
20.9501
20.9501
20.9501
20.9501
20.9501
20.9501
20.9501
20.9501
20.9501
20.9502
20.9502
20.9502
20.9502
20.9502
20.9502
20.9502
20.9502
20.9501
20.9502
20.9502
20.9502
20.9502
20.9502
20.9502
20.9502
20.9502
20.9502
20.9502
20.9502
20.9503
20.9503
20.9503
20.9503
20.9503
20.9503
20.9503
20.9503
20.9502
17.727
17.727
17.727
17.727
17.727
17.727
17.727
17.727
17.727
17.727
17.727
17.727
17.727
17.727
17.727
17.727
17.727
17.727
17.727
17.727
17.727
17.727
17.727
17.727
17.727
17.727
17.727
17.727
17.727
17.727
17.727
17.727
17.727
17.727
17.727
17.727
17.727
17.727
17.727
17.727
17.727
17.727
17.727
17.727
17.727
17.727
17.727
17.727
17.727
17.727
17.727
17.727
17.727
17.7271
17.7271
17.7271
17.7271
17.727
17.727
17.727
17.7271
17.7271
17.7271
17.7271
17.7271
17.7271
17.7271
17.7271
17.7271
17.7271
17.7271
17.7271
17.7271
17.7271
17.7271
17.7271
17.7271
17.7271
17.7271
17.7271
17.7271
17.7271
17.7271
17.7271
17.7271
17.7271
17.7271
17.7271
17.7271
17.7271
17.7271
17.7271
17.7272
17.7272
17.7272
17.7272
17.7272
17.7272
17.7271
17.7271
14.504
14.504
14.504
14.504
14.504
14.504
14.504
14.504
14.504
14.504
14.504
14.504
14.504
14.504
14.504
14.504
14.504
14.504
14.504
14.504
14.504
14.504
14.504
14.504
14.504
14.504
14.504
14.504
14.504
14.504
14.504
14.504
14.504
14.504
14.504
14.504
14.504
14.504
14.504
14.504
14.504
14.504
14.504
14.504
14.504
14.504
14.504
14.504
14.504
14.504
14.504
14.504
14.504
14.504
14.504
14.504
14.504
14.504
14.504
14.504
14.504
14.504
14.504
14.504
14.504
14.504
14.504
14.504
14.504
14.504
14.504
14.504
14.504
14.504
14.504
14.504
14.504
14.504
14.504
14.504
14.504
14.504
14.504
14.504
14.504
14.504
14.504
14.504
14.504
14.504
14.504
14.504
14.504
14.504
14.504
14.504
14.504
14.504
14.504
14.504
11.2809
11.2809
11.2809
11.2809
11.2809
11.2809
11.2809
11.2809
11.2809
11.2809
11.2809
11.2809
11.2809
11.2809
11.2809
11.2809
11.2809
11.2809
11.2809
11.2809
11.2809
11.2809
11.2809
11.2809
11.2809
11.2809
11.2809
11.2809
11.2809
11.2809
11.2809
11.2809
11.2809
11.2809
11.2809
11.2809
11.2809
11.2809
11.2809
11.2809
11.2809
11.2809
11.2809
11.2809
11.2809
11.2809
11.2809
11.2809
11.2809
11.2809
11.2809
11.2809
11.2809
11.2809
11.2809
11.2809
11.2809
11.2809
11.2809
11.2809
11.2809
11.2809
11.2809
11.2809
11.2809
11.2809
11.2809
11.2809
11.2809
11.2809
11.2809
11.2809
11.2809
11.2809
11.2809
11.2809
11.2809
11.2809
11.2809
11.2809
11.2809
11.2809
11.2809
11.2809
11.2809
11.2809
11.2809
11.2809
11.2809
11.2809
11.2809
11.2809
11.2809
11.2809
11.2809
11.2809
11.2809
11.2809
11.2809
11.2809
8.05777
8.05777
8.05777
8.05777
8.05777
8.05777
8.05777
8.05777
8.05777
8.05777
8.05777
8.05777
8.05777
8.05777
8.05777
8.05777
8.05777
8.05777
8.05777
8.05777
8.05776
8.05776
8.05776
8.05776
8.05776
8.05776
8.05776
8.05776
8.05776
8.05777
8.05776
8.05776
8.05776
8.05776
8.05776
8.05776
8.05776
8.05776
8.05776
8.05776
8.05776
8.05776
8.05776
8.05776
8.05776
8.05776
8.05776
8.05776
8.05776
8.05776
8.05776
8.05776
8.05776
8.05776
8.05776
8.05776
8.05776
8.05776
8.05776
8.05776
8.05776
8.05776
8.05776
8.05776
8.05776
8.05776
8.05776
8.05776
8.05776
8.05776
8.05776
8.05777
8.05777
8.05777
8.05777
8.05777
8.05777
8.05777
8.05777
8.05776
8.05777
8.05777
8.05777
8.05777
8.05777
8.05777
8.05777
8.05777
8.05777
8.05777
8.05777
8.05777
8.05777
8.05777
8.05777
8.05777
8.05777
8.05777
8.05777
8.05777
4.83466
4.83466
4.83466
4.83466
4.83466
4.83466
4.83466
4.83466
4.83466
4.83466
4.83466
4.83466
4.83466
4.83466
4.83466
4.83466
4.83466
4.83466
4.83466
4.83466
4.83466
4.83466
4.83466
4.83466
4.83466
4.83466
4.83466
4.83466
4.83466
4.83466
4.83466
4.83466
4.83466
4.83466
4.83466
4.83466
4.83466
4.83466
4.83466
4.83466
4.83466
4.83466
4.83466
4.83466
4.83466
4.83466
4.83466
4.83466
4.83466
4.83466
4.83466
4.83466
4.83466
4.83466
4.83466
4.83466
4.83466
4.83466
4.83466
4.83466
4.83466
4.83466
4.83466
4.83466
4.83466
4.83466
4.83466
4.83466
4.83466
4.83466
4.83466
4.83466
4.83466
4.83466
4.83466
4.83466
4.83466
4.83466
4.83466
4.83466
4.83466
4.83466
4.83466
4.83466
4.83466
4.83466
4.83466
4.83466
4.83466
4.83466
4.83466
4.83466
4.83466
4.83466
4.83466
4.83466
4.83466
4.83466
4.83466
4.83466
1.61155
1.61155
1.61155
1.61155
1.61155
1.61155
1.61155
1.61155
1.61155
1.61155
1.61155
1.61155
1.61155
1.61155
1.61155
1.61155
1.61155
1.61155
1.61155
1.61155
1.61155
1.61155
1.61155
1.61155
1.61155
1.61155
1.61155
1.61155
1.61155
1.61155
1.61155
1.61155
1.61155
1.61155
1.61155
1.61155
1.61155
1.61155
1.61155
1.61155
1.61155
1.61155
1.61155
1.61155
1.61155
1.61155
1.61155
1.61155
1.61155
1.61155
1.61155
1.61155
1.61155
1.61155
1.61155
1.61155
1.61155
1.61155
1.61155
1.61155
1.61155
1.61155
1.61155
1.61155
1.61155
1.61155
1.61155
1.61155
1.61155
1.61155
1.61155
1.61155
1.61155
1.61155
1.61155
1.61155
1.61155
1.61155
1.61155
1.61155
1.61155
1.61155
1.61155
1.61155
1.61155
1.61155
1.61155
1.61155
1.61155
1.61155
1.61155
1.61155
1.61155
1.61155
1.61155
1.61155
1.61155
1.61155
1.61155
1.61155
98.3318
97.7512
97.3867
97.1201
96.982
96.982
97.1201
97.3867
97.7512
98.3318
89.217
88.3692
87.8109
87.4162
87.2129
87.2129
87.4162
87.8109
88.3692
89.217
81.6494
80.6739
80.0372
79.5936
79.366
79.366
79.5936
80.0372
80.6739
81.6494
76.4243
75.4221
74.7765
74.3333
74.1062
74.1062
74.3333
74.7765
75.4221
76.4243
72.5036
71.5087
70.8709
70.4418
70.222
70.222
70.4418
70.8709
71.5087
72.5036
69.3281
68.3603
67.7384
67.3302
67.1215
67.1215
67.3302
67.7384
68.3603
69.3281
66.7092
65.7892
65.1928
64.8117
64.6177
64.6177
64.8117
65.1927
65.7892
66.7092
64.5404
63.6917
63.133
62.7846
62.608
62.608
62.7846
63.133
63.6917
64.5404
62.742
61.9807
61.4724
61.1614
61.0039
61.0039
61.1614
61.4724
61.9807
62.742
61.3339
60.5729
60.1236
59.8502
59.7117
59.7117
59.8502
60.1236
60.5729
61.3339
62.4426
62.615
62.8026
62.9291
62.9946
62.9946
62.9291
62.8026
62.615
62.4426
62.8645
62.959
63.0854
63.1665
63.208
63.208
63.1665
63.0854
62.959
62.8645
62.8411
62.8383
62.8908
62.919
62.933
62.933
62.919
62.8908
62.8382
62.8411
62.4312
62.3383
62.3229
62.3044
62.2943
62.2943
62.3044
62.3229
62.3383
62.4312
61.837
61.6702
61.597
61.5411
61.5117
61.5117
61.5411
61.5969
61.6702
61.837
61.1675
60.945
60.825
60.7411
60.6974
60.6974
60.7411
60.825
60.945
61.1675
60.4774
60.2195
60.0657
59.9636
59.9107
59.9107
59.9636
60.0657
60.2195
60.4774
59.7984
59.5287
59.3566
59.2459
59.1888
59.1888
59.2459
59.3566
59.5287
59.7984
59.1659
58.9005
58.7219
58.6099
58.5517
58.5517
58.6099
58.7219
58.9005
59.1659
58.6829
58.3359
58.1526
58.0399
57.9812
57.9812
58.0399
58.1526
58.3359
58.6829
57.8517
57.8373
57.8391
57.8356
57.834
57.834
57.8356
57.8391
57.8373
57.8517
58.2616
58.245
58.2461
58.2409
58.2383
58.2383
58.2409
58.2461
58.245
58.2616
58.6008
58.5657
58.5554
58.5405
58.5326
58.5326
58.5405
58.5554
58.5657
58.6008
58.6535
58.5852
58.5528
58.522
58.5056
58.5056
58.522
58.5528
58.5852
58.6535
58.5095
58.4061
58.3494
58.3026
58.2778
58.2778
58.3026
58.3494
58.4061
58.5095
58.2631
58.1292
58.0501
57.9901
57.9584
57.9584
57.99
58.0501
58.1292
58.2631
57.9624
57.8063
57.7091
57.6397
57.6032
57.6032
57.6397
57.7091
57.8063
57.9624
57.6343
57.468
57.3595
57.2851
57.2463
57.2463
57.2851
57.3595
57.468
57.6343
57.3116
57.1427
57.0269
56.9502
56.9101
56.9101
56.9502
57.0269
57.1426
57.3116
57.0688
56.8362
56.7101
56.6296
56.5878
56.5878
56.6296
56.71
56.8362
57.0688
53.1579
53.1776
53.2025
53.2184
53.2268
53.2268
53.2184
53.2025
53.1776
53.1579
53.3672
53.3907
53.4196
53.4378
53.4475
53.4475
53.4378
53.4196
53.3907
53.3672
53.5448
53.566
53.5946
53.612
53.6212
53.6212
53.612
53.5946
53.566
53.5448
53.6302
53.641
53.6628
53.6748
53.6811
53.6811
53.6748
53.6628
53.641
53.6302
53.6442
53.6407
53.6521
53.6567
53.659
53.659
53.6567
53.6521
53.6407
53.6442
53.6102
53.5919
53.5919
53.5888
53.587
53.587
53.5888
53.5919
53.5919
53.6102
53.5418
53.5108
53.5001
53.4903
53.4849
53.4849
53.4903
53.5001
53.5108
53.5418
53.4487
53.4097
53.3906
53.3758
53.3678
53.3678
53.3758
53.3906
53.4097
53.4487
53.3489
53.304
53.2769
53.2575
53.2469
53.2469
53.2575
53.2769
53.304
53.3489
53.2871
53.1988
53.1579
53.1312
53.117
53.117
53.1312
53.1579
53.1988
53.2871
49.955
49.955
49.957
49.9571
49.9572
49.9572
49.9571
49.957
49.955
49.955
50.0528
50.0564
50.0616
50.0638
50.0649
50.0649
50.0638
50.0616
50.0564
50.0528
50.1526
50.1576
50.1644
50.1674
50.169
50.169
50.1674
50.1644
50.1576
50.1526
50.2203
50.2233
50.2291
50.231
50.2319
50.2319
50.231
50.2291
50.2233
50.2203
50.2581
50.2568
50.2597
50.2593
50.2589
50.2589
50.2593
50.2597
50.2568
50.2581
50.2728
50.2661
50.2652
50.2621
50.2603
50.2603
50.2621
50.2652
50.2661
50.2728
50.2692
50.2573
50.2524
50.2468
50.2435
50.2435
50.2468
50.2524
50.2573
50.2692
50.2514
50.236
50.2276
50.2199
50.2155
50.2155
50.2199
50.2276
50.236
50.2514
50.229
50.2101
50.1975
50.1874
50.1818
50.1818
50.1874
50.1975
50.2101
50.229
50.223
50.1814
50.1608
50.1465
50.139
50.139
50.1465
50.1608
50.1814
50.223
46.6532
46.6562
46.6599
46.662
46.6632
46.6632
46.662
46.6599
46.6562
46.6532
46.6937
46.6985
46.7037
46.707
46.7087
46.7087
46.707
46.7037
46.6985
46.6937
46.735
46.7408
46.7473
46.7513
46.7534
46.7534
46.7513
46.7473
46.7408
46.735
46.766
46.7717
46.7784
46.7823
46.7844
46.7844
46.7823
46.7784
46.7717
46.766
46.787
46.7915
46.7975
46.8007
46.8024
46.8024
46.8007
46.7975
46.7915
46.787
46.7993
46.802
46.8066
46.8088
46.8099
46.8099
46.8088
46.8066
46.802
46.7993
46.8039
46.8045
46.8075
46.8086
46.8091
46.8091
46.8086
46.8075
46.8045
46.8039
46.802
46.801
46.8024
46.8024
46.8023
46.8023
46.8024
46.8024
46.801
46.802
46.7976
46.7948
46.7939
46.7924
46.7915
46.7915
46.7924
46.7939
46.7948
46.7976
46.8013
46.7869
46.7811
46.7769
46.7746
46.7746
46.7769
46.7811
46.7869
46.8013
43.4755
43.4759
43.4765
43.4766
43.4767
43.4767
43.4766
43.4765
43.4759
43.4755
43.4925
43.4937
43.495
43.4957
43.496
43.496
43.4957
43.495
43.4937
43.4925
43.5117
43.5138
43.5158
43.5169
43.5174
43.5174
43.5169
43.5158
43.5138
43.5117
43.5284
43.5307
43.5331
43.5343
43.535
43.535
43.5343
43.5331
43.5307
43.5284
43.5418
43.5441
43.5465
43.5476
43.5482
43.5482
43.5476
43.5465
43.5441
43.5418
43.5523
43.5542
43.5563
43.5572
43.5577
43.5577
43.5572
43.5563
43.5542
43.5523
43.5599
43.5613
43.563
43.5636
43.5639
43.5639
43.5636
43.563
43.5613
43.5599
43.565
43.5659
43.5672
43.5674
43.5675
43.5675
43.5674
43.5672
43.5659
43.565
43.5693
43.5695
43.5698
43.5694
43.5691
43.5691
43.5694
43.5698
43.5695
43.5693
43.5769
43.572
43.5701
43.5685
43.5677
43.5677
43.5685
43.5701
43.572
43.5769
40.2614
40.262
40.2626
40.263
40.2632
40.2632
40.263
40.2626
40.262
40.2614
40.2678
40.2688
40.2697
40.2703
40.2706
40.2706
40.2703
40.2697
40.2688
40.2678
40.2751
40.2764
40.2777
40.2785
40.2789
40.2789
40.2785
40.2777
40.2764
40.2751
40.2818
40.2834
40.2849
40.2858
40.2863
40.2863
40.2858
40.2849
40.2834
40.2818
40.2877
40.2893
40.2909
40.2919
40.2924
40.2924
40.2919
40.2909
40.2893
40.2877
40.2926
40.2941
40.2957
40.2967
40.2971
40.2971
40.2967
40.2957
40.2941
40.2926
40.2965
40.2979
40.2994
40.3002
40.3006
40.3006
40.3002
40.2994
40.2979
40.2965
40.2993
40.3006
40.3019
40.3026
40.3029
40.3029
40.3026
40.3019
40.3006
40.2993
40.3018
40.3028
40.3037
40.304
40.3042
40.3042
40.304
40.3037
40.3028
40.3018
40.3058
40.3045
40.3043
40.3041
40.3039
40.3039
40.3041
40.3043
40.3045
40.3058
37.0541
37.0542
37.0543
37.0544
37.0544
37.0544
37.0544
37.0543
37.0542
37.0541
37.0565
37.0567
37.057
37.0571
37.0572
37.0572
37.0571
37.057
37.0567
37.0565
37.0595
37.06
37.0604
37.0606
37.0607
37.0607
37.0606
37.0604
37.06
37.0595
37.0626
37.0632
37.0638
37.0641
37.0643
37.0643
37.0641
37.0638
37.0632
37.0626
37.0656
37.0664
37.067
37.0674
37.0676
37.0676
37.0674
37.067
37.0664
37.0656
37.0685
37.0693
37.07
37.0704
37.0706
37.0706
37.0704
37.07
37.0693
37.0685
37.0711
37.0719
37.0727
37.0731
37.0732
37.0732
37.0731
37.0727
37.0719
37.0711
37.0734
37.0743
37.075
37.0753
37.0755
37.0755
37.0753
37.075
37.0743
37.0734
37.0757
37.0765
37.077
37.0773
37.0774
37.0774
37.0773
37.077
37.0765
37.0757
37.0786
37.0785
37.0786
37.0787
37.0787
37.0787
37.0787
37.0786
37.0785
37.0786
33.8361
33.8362
33.8363
33.8363
33.8364
33.8364
33.8363
33.8363
33.8362
33.8361
33.8368
33.837
33.8371
33.8372
33.8373
33.8373
33.8372
33.8371
33.837
33.8368
33.8378
33.8381
33.8383
33.8384
33.8385
33.8385
33.8384
33.8383
33.8381
33.8378
33.8389
33.8393
33.8395
33.8397
33.8398
33.8398
33.8397
33.8395
33.8393
33.8389
33.8401
33.8405
33.8408
33.8411
33.8412
33.8412
33.8411
33.8408
33.8405
33.8401
33.8413
33.8417
33.8421
33.8424
33.8425
33.8425
33.8424
33.8421
33.8417
33.8413
33.8424
33.8429
33.8433
33.8435
33.8437
33.8437
33.8435
33.8433
33.8429
33.8424
33.8435
33.8439
33.8444
33.8446
33.8447
33.8447
33.8446
33.8444
33.8439
33.8435
33.8445
33.8449
33.8453
33.8455
33.8456
33.8456
33.8455
33.8453
33.8449
33.8445
33.8457
33.8459
33.846
33.8461
33.8462
33.8462
33.8461
33.846
33.8459
33.8457
30.6169
30.617
30.617
30.617
30.617
30.617
30.617
30.617
30.617
30.6169
30.6171
30.6172
30.6172
30.6172
30.6172
30.6172
30.6172
30.6172
30.6172
30.6171
30.6175
30.6176
30.6176
30.6177
30.6177
30.6177
30.6177
30.6176
30.6176
30.6175
30.618
30.6181
30.6182
30.6182
30.6183
30.6183
30.6182
30.6182
30.6181
30.618
30.6185
30.6187
30.6188
30.6189
30.6189
30.6189
30.6189
30.6188
30.6187
30.6185
30.6191
30.6193
30.6194
30.6195
30.6196
30.6196
30.6195
30.6194
30.6193
30.6191
30.6197
30.6199
30.6201
30.6202
30.6203
30.6203
30.6202
30.6201
30.6199
30.6197
30.6203
30.6206
30.6208
30.6209
30.6209
30.6209
30.6209
30.6208
30.6206
30.6203
30.6209
30.6212
30.6214
30.6215
30.6216
30.6216
30.6215
30.6214
30.6212
30.6209
30.6217
30.6218
30.6219
30.622
30.6221
30.6221
30.622
30.6219
30.6218
30.6216
27.3952
27.3952
27.3952
27.3952
27.3952
27.3952
27.3952
27.3952
27.3952
27.3952
27.3952
27.3952
27.3952
27.3952
27.3952
27.3952
27.3952
27.3952
27.3952
27.3952
27.3953
27.3953
27.3953
27.3953
27.3953
27.3953
27.3953
27.3953
27.3953
27.3953
27.3954
27.3954
27.3955
27.3955
27.3955
27.3955
27.3955
27.3955
27.3954
27.3954
27.3956
27.3957
27.3957
27.3958
27.3958
27.3958
27.3958
27.3957
27.3957
27.3956
27.3958
27.3959
27.396
27.396
27.396
27.396
27.396
27.396
27.3959
27.3958
27.396
27.3962
27.3962
27.3963
27.3963
27.3963
27.3963
27.3962
27.3962
27.396
27.3963
27.3964
27.3965
27.3966
27.3966
27.3966
27.3966
27.3965
27.3964
27.3963
27.3965
27.3967
27.3968
27.3968
27.3969
27.3969
27.3968
27.3968
27.3967
27.3965
27.3968
27.3969
27.397
27.3971
27.3971
27.3971
27.3971
27.397
27.3969
27.3968
24.1729
24.1729
24.1729
24.1729
24.1729
24.1729
24.1729
24.1729
24.1729
24.1729
24.1728
24.1729
24.1729
24.1729
24.1729
24.1729
24.1729
24.1729
24.1729
24.1728
24.1729
24.1729
24.1729
24.1729
24.1729
24.1729
24.1729
24.1729
24.1729
24.1729
24.1729
24.1729
24.1729
24.1729
24.1729
24.1729
24.1729
24.1729
24.1729
24.1729
24.173
24.173
24.173
24.173
24.1731
24.1731
24.173
24.173
24.173
24.173
24.1731
24.1731
24.1731
24.1732
24.1732
24.1732
24.1732
24.1731
24.1731
24.1731
24.1732
24.1732
24.1733
24.1733
24.1733
24.1733
24.1733
24.1733
24.1732
24.1732
24.1733
24.1734
24.1734
24.1735
24.1735
24.1735
24.1735
24.1734
24.1734
24.1733
24.1735
24.1735
24.1736
24.1736
24.1736
24.1736
24.1736
24.1736
24.1735
24.1735
24.1736
24.1737
24.1737
24.1737
24.1737
24.1737
24.1737
24.1737
24.1737
24.1736
20.95
20.95
20.95
20.95
20.95
20.95
20.95
20.95
20.95
20.95
20.95
20.95
20.95
20.95
20.95
20.95
20.95
20.95
20.95
20.95
20.95
20.95
20.95
20.95
20.95
20.95
20.95
20.95
20.95
20.95
20.95
20.95
20.95
20.95
20.95
20.95
20.95
20.95
20.95
20.95
20.95
20.95
20.95
20.95
20.95
20.95
20.95
20.95
20.95
20.95
20.95
20.9501
20.9501
20.9501
20.9501
20.9501
20.9501
20.9501
20.9501
20.95
20.9501
20.9501
20.9501
20.9501
20.9501
20.9501
20.9501
20.9501
20.9501
20.9501
20.9501
20.9502
20.9502
20.9502
20.9502
20.9502
20.9502
20.9502
20.9502
20.9501
20.9502
20.9502
20.9502
20.9502
20.9502
20.9502
20.9502
20.9502
20.9502
20.9502
20.9502
20.9503
20.9503
20.9503
20.9503
20.9503
20.9503
20.9503
20.9503
20.9502
17.727
17.727
17.727
17.727
17.727
17.727
17.727
17.727
17.727
17.727
17.727
17.727
17.727
17.727
17.727
17.727
17.727
17.727
17.727
17.727
17.727
17.727
17.727
17.727
17.727
17.727
17.727
17.727
17.727
17.727
17.727
17.727
17.727
17.727
17.727
17.727
17.727
17.727
17.727
17.727
17.727
17.727
17.727
17.727
17.727
17.727
17.727
17.727
17.727
17.727
17.727
17.727
17.727
17.7271
17.7271
17.7271
17.7271
17.727
17.727
17.727
17.7271
17.7271
17.7271
17.7271
17.7271
17.7271
17.7271
17.7271
17.7271
17.7271
17.7271
17.7271
17.7271
17.7271
17.7271
17.7271
17.7271
17.7271
17.7271
17.7271
17.7271
17.7271
17.7271
17.7271
17.7271
17.7271
17.7271
17.7271
17.7271
17.7271
17.7271
17.7271
17.7272
17.7272
17.7272
17.7272
17.7272
17.7272
17.7271
17.7271
14.504
14.504
14.504
14.504
14.504
14.504
14.504
14.504
14.504
14.504
14.504
14.504
14.504
14.504
14.504
14.504
14.504
14.504
14.504
14.504
14.504
14.504
14.504
14.504
14.504
14.504
14.504
14.504
14.504
14.504
14.504
14.504
14.504
14.504
14.504
14.504
14.504
14.504
14.504
14.504
14.504
14.504
14.504
14.504
14.504
14.504
14.504
14.504
14.504
14.504
14.504
14.504
14.504
14.504
14.504
14.504
14.504
14.504
14.504
14.504
14.504
14.504
14.504
14.504
14.504
14.504
14.504
14.504
14.504
14.504
14.504
14.504
14.504
14.504
14.504
14.504
14.504
14.504
14.504
14.504
14.504
14.504
14.504
14.504
14.504
14.504
14.504
14.504
14.504
14.504
14.504
14.504
14.504
14.504
14.504
14.504
14.504
14.504
14.504
14.504
11.2809
11.2809
11.2809
11.2809
11.2809
11.2809
11.2809
11.2809
11.2809
11.2809
11.2809
11.2809
11.2809
11.2809
11.2809
11.2809
11.2809
11.2809
11.2809
11.2809
11.2809
11.2809
11.2809
11.2809
11.2809
11.2809
11.2809
11.2809
11.2809
11.2809
11.2809
11.2809
11.2809
11.2809
11.2809
11.2809
11.2809
11.2809
11.2809
11.2809
11.2809
11.2809
11.2809
11.2809
11.2809
11.2809
11.2809
11.2809
11.2809
11.2809
11.2809
11.2809
11.2809
11.2809
11.2809
11.2809
11.2809
11.2809
11.2809
11.2809
11.2809
11.2809
11.2809
11.2809
11.2809
11.2809
11.2809
11.2809
11.2809
11.2809
11.2809
11.2809
11.2809
11.2809
11.2809
11.2809
11.2809
11.2809
11.2809
11.2809
11.2809
11.2809
11.2809
11.2809
11.2809
11.2809
11.2809
11.2809
11.2809
11.2809
11.2809
11.2809
11.2809
11.2809
11.2809
11.2809
11.2809
11.2809
11.2809
11.2809
8.05777
8.05777
8.05777
8.05777
8.05777
8.05777
8.05777
8.05777
8.05777
8.05777
8.05777
8.05777
8.05777
8.05777
8.05777
8.05777
8.05777
8.05777
8.05777
8.05777
8.05777
8.05777
8.05776
8.05776
8.05776
8.05776
8.05776
8.05776
8.05777
8.05777
8.05776
8.05776
8.05776
8.05776
8.05776
8.05776
8.05776
8.05776
8.05776
8.05776
8.05776
8.05776
8.05776
8.05776
8.05776
8.05776
8.05776
8.05776
8.05776
8.05776
8.05776
8.05776
8.05776
8.05776
8.05776
8.05776
8.05776
8.05776
8.05776
8.05776
8.05776
8.05776
8.05776
8.05776
8.05776
8.05776
8.05776
8.05776
8.05776
8.05776
8.05776
8.05777
8.05777
8.05777
8.05777
8.05777
8.05777
8.05777
8.05777
8.05776
8.05777
8.05777
8.05777
8.05777
8.05777
8.05777
8.05777
8.05777
8.05777
8.05777
8.05777
8.05777
8.05777
8.05777
8.05777
8.05777
8.05777
8.05777
8.05777
8.05777
4.83466
4.83466
4.83466
4.83466
4.83466
4.83466
4.83466
4.83466
4.83466
4.83466
4.83466
4.83466
4.83466
4.83466
4.83466
4.83466
4.83466
4.83466
4.83466
4.83466
4.83466
4.83466
4.83466
4.83466
4.83466
4.83466
4.83466
4.83466
4.83466
4.83466
4.83466
4.83466
4.83466
4.83466
4.83466
4.83466
4.83466
4.83466
4.83466
4.83466
4.83466
4.83466
4.83466
4.83466
4.83466
4.83466
4.83466
4.83466
4.83466
4.83466
4.83466
4.83466
4.83466
4.83466
4.83466
4.83466
4.83466
4.83466
4.83466
4.83466
4.83466
4.83466
4.83466
4.83466
4.83466
4.83466
4.83466
4.83466
4.83466
4.83466
4.83466
4.83466
4.83466
4.83466
4.83466
4.83466
4.83466
4.83466
4.83466
4.83466
4.83466
4.83466
4.83466
4.83466
4.83466
4.83466
4.83466
4.83466
4.83466
4.83466
4.83466
4.83466
4.83466
4.83466
4.83466
4.83466
4.83466
4.83466
4.83466
4.83466
1.61155
1.61155
1.61155
1.61155
1.61155
1.61155
1.61155
1.61155
1.61155
1.61155
1.61155
1.61155
1.61155
1.61155
1.61155
1.61155
1.61155
1.61155
1.61155
1.61155
1.61155
1.61155
1.61155
1.61155
1.61155
1.61155
1.61155
1.61155
1.61155
1.61155
1.61155
1.61155
1.61155
1.61155
1.61155
1.61155
1.61155
1.61155
1.61155
1.61155
1.61155
1.61155
1.61155
1.61155
1.61155
1.61155
1.61155
1.61155
1.61155
1.61155
1.61155
1.61155
1.61155
1.61155
1.61155
1.61155
1.61155
1.61155
1.61155
1.61155
1.61155
1.61155
1.61155
1.61155
1.61155
1.61155
1.61155
1.61155
1.61155
1.61155
1.61155
1.61155
1.61155
1.61155
1.61155
1.61155
1.61155
1.61155
1.61155
1.61155
1.61155
1.61155
1.61155
1.61155
1.61155
1.61155
1.61155
1.61155
1.61155
1.61155
1.61155
1.61155
1.61155
1.61155
1.61155
1.61155
1.61155
1.61155
1.61155
1.61155
60.3257
59.6404
59.2059
58.9293
58.792
58.792
58.9293
59.2059
59.6404
60.3257
59.6404
59.0548
58.6131
58.3183
58.1721
58.1721
58.3183
58.6132
59.0548
59.6404
59.2059
58.6131
58.1524
57.8452
57.6936
57.6936
57.8452
58.1524
58.6132
59.2059
58.9293
58.3183
57.8452
57.5321
57.378
57.378
57.5321
57.8452
58.3183
58.9293
58.792
58.1721
57.6936
57.378
57.2228
57.2228
57.378
57.6936
58.1721
58.792
58.792
58.1721
57.6936
57.378
57.2228
57.2228
57.378
57.6936
58.1721
58.792
58.9293
58.3183
57.8452
57.5321
57.378
57.378
57.5321
57.8452
58.3184
58.9293
59.2059
58.6132
58.1524
57.8452
57.6936
57.6936
57.8452
58.1524
58.6132
59.2059
59.6404
59.0548
58.6132
58.3184
58.1721
58.1721
58.3184
58.6132
59.0548
59.6404
60.3257
59.6404
59.2059
58.9293
58.792
58.792
58.9293
59.2059
59.6404
60.3257
58.1663
57.8897
57.7247
57.616
57.5608
57.5608
57.616
57.7247
57.8897
58.1663
57.8897
57.6702
57.4835
57.3534
57.2883
57.2883
57.3534
57.4835
57.6702
57.8897
57.7247
57.4835
57.2737
57.1298
57.0586
57.0586
57.1298
57.2737
57.4835
57.7247
57.616
57.3534
57.1298
56.9785
56.9041
56.9041
56.9785
57.1298
57.3534
57.616
57.5608
57.2883
57.0586
56.9041
56.8281
56.8281
56.9041
57.0586
57.2883
57.5608
57.5608
57.2883
57.0586
56.9041
56.8281
56.8281
56.9041
57.0586
57.2883
57.5608
57.616
57.3534
57.1298
56.9785
56.9041
56.9041
56.9785
57.1298
57.3534
57.616
57.7247
57.4835
57.2737
57.1298
57.0586
57.0586
57.1298
57.2737
57.4835
57.7247
57.8897
57.6702
57.4835
57.3534
57.2883
57.2883
57.3534
57.4835
57.6702
57.8897
58.1663
57.8897
57.7247
57.616
57.5608
57.5608
57.616
57.7247
57.8897
58.1663
56.6826
56.5312
56.4377
56.3726
56.3391
56.3391
56.3726
56.4377
56.5312
56.6826
56.5312
56.4106
56.2971
56.2149
56.1735
56.1735
56.2149
56.2971
56.4106
56.5312
56.4377
56.2971
56.1647
56.0719
56.0259
56.0259
56.0719
56.1647
56.2971
56.4377
56.3726
56.2149
56.0719
55.9738
55.9254
55.9254
55.9738
56.0719
56.2149
56.3726
56.3391
56.1735
56.0259
55.9254
55.8758
55.8758
55.9254
56.0259
56.1735
56.3391
56.3391
56.1735
56.0259
55.9254
55.8758
55.8758
55.9254
56.0259
56.1735
56.3391
56.3726
56.2149
56.0719
55.9738
55.9254
55.9254
55.9738
56.0719
56.2149
56.3726
56.4377
56.2971
56.1647
56.0719
56.0259
56.0259
56.0719
56.1647
56.2971
56.4377
56.5312
56.4106
56.2971
56.2149
56.1735
56.1735
56.2149
56.2971
56.4106
56.5312
56.6826
56.5312
56.4377
56.3726
56.3391
56.3391
56.3726
56.4377
56.5312
56.6826
53.0924
53.0572
53.0376
53.0217
53.0131
53.0131
53.0217
53.0376
53.0572
53.0924
53.0572
53.0312
52.9961
52.9685
52.9545
52.9545
52.9685
52.9961
53.0312
53.0572
53.0376
52.9961
52.9491
52.9149
52.8981
52.8981
52.9149
52.9491
52.9961
53.0376
53.0217
52.9685
52.9149
52.8776
52.8593
52.8593
52.8776
52.9149
52.9685
53.0217
53.0131
52.9545
52.8981
52.8593
52.8403
52.8403
52.8593
52.8981
52.9545
53.0131
53.0131
52.9545
52.8981
52.8593
52.8403
52.8403
52.8593
52.8981
52.9545
53.0131
53.0217
52.9685
52.9149
52.8776
52.8593
52.8593
52.8776
52.9149
52.9685
53.0217
53.0376
52.9961
52.9491
52.9149
52.8981
52.8981
52.9149
52.9491
52.9961
53.0376
53.0572
53.0312
52.9961
52.9685
52.9545
52.9545
52.9685
52.9961
53.0312
53.0572
53.0924
53.0572
53.0376
53.0217
53.0131
53.0131
53.0217
53.0376
53.0572
53.0924
50.1217
50.1144
50.11
50.1049
50.102
50.102
50.1049
50.11
50.1144
50.1217
50.1144
50.1105
50.098
50.0869
50.0812
50.0812
50.0869
50.098
50.1105
50.1144
50.11
50.098
50.0792
50.0649
50.0577
50.0577
50.0649
50.0792
50.098
50.11
50.1049
50.0869
50.0649
50.049
50.0412
50.0412
50.049
50.0649
50.0869
50.1049
50.102
50.0812
50.0577
50.0412
50.033
50.033
50.0412
50.0577
50.0812
50.1021
50.102
50.0812
50.0577
50.0412
50.033
50.033
50.0412
50.0577
50.0812
50.1021
50.1049
50.0869
50.0649
50.049
50.0412
50.0412
50.049
50.0649
50.0869
50.1049
50.11
50.098
50.0792
50.0649
50.0577
50.0577
50.0649
50.0792
50.098
50.11
50.1144
50.1105
50.098
50.0869
50.0812
50.0812
50.0869
50.098
50.1105
50.1144
50.1217
50.1144
50.11
50.1049
50.1021
50.1021
50.1049
50.11
50.1144
50.1217
46.7532
46.7563
46.7586
46.759
46.7591
46.7591
46.759
46.7586
46.7563
46.7532
46.7563
46.7595
46.7572
46.7544
46.7529
46.7529
46.7544
46.7572
46.7595
46.7563
46.7586
46.7572
46.7517
46.7472
46.745
46.745
46.7472
46.7517
46.7572
46.7586
46.759
46.7544
46.7472
46.742
46.7395
46.7395
46.742
46.7472
46.7544
46.759
46.7591
46.7529
46.745
46.7395
46.7367
46.7367
46.7395
46.745
46.7529
46.7591
46.7591
46.7529
46.745
46.7395
46.7367
46.7367
46.7395
46.745
46.7529
46.7591
46.759
46.7544
46.7472
46.742
46.7395
46.7395
46.742
46.7472
46.7544
46.759
46.7586
46.7572
46.7517
46.7472
46.745
46.745
46.7472
46.7517
46.7572
46.7586
46.7563
46.7595
46.7572
46.7544
46.7529
46.7529
46.7544
46.7572
46.7595
46.7563
46.7532
46.7563
46.7586
46.759
46.7591
46.7591
46.759
46.7586
46.7563
46.7533
43.5572
43.5611
43.5637
43.5649
43.5654
43.5654
43.5649
43.5637
43.5611
43.5572
43.5611
43.5651
43.5658
43.5657
43.5656
43.5656
43.5657
43.5658
43.5651
43.5611
43.5637
43.5658
43.5652
43.5644
43.564
43.564
43.5644
43.5652
43.5658
43.5637
43.5649
43.5657
43.5644
43.5633
43.5628
43.5628
43.5633
43.5644
43.5657
43.5649
43.5654
43.5656
43.564
43.5628
43.5622
43.5622
43.5628
43.564
43.5656
43.5654
43.5654
43.5656
43.564
43.5628
43.5622
43.5623
43.5628
43.564
43.5656
43.5654
43.5649
43.5657
43.5644
43.5633
43.5628
43.5628
43.5633
43.5644
43.5657
43.5649
43.5637
43.5658
43.5652
43.5644
43.564
43.564
43.5644
43.5652
43.5658
43.5637
43.5611
43.5651
43.5658
43.5657
43.5656
43.5656
43.5657
43.5658
43.5651
43.5611
43.5572
43.5611
43.5637
43.5649
43.5654
43.5654
43.5649
43.5637
43.5611
43.5572
40.2974
40.3
40.3017
40.3026
40.3031
40.3031
40.3026
40.3017
40.3
40.2974
40.3
40.3023
40.3032
40.3035
40.3036
40.3036
40.3035
40.3032
40.3023
40.3
40.3017
40.3032
40.3034
40.3034
40.3034
40.3034
40.3034
40.3034
40.3032
40.3017
40.3026
40.3035
40.3034
40.3033
40.3033
40.3033
40.3033
40.3034
40.3035
40.3026
40.3031
40.3036
40.3034
40.3033
40.3032
40.3032
40.3033
40.3034
40.3036
40.3031
40.3031
40.3036
40.3034
40.3033
40.3032
40.3032
40.3033
40.3034
40.3036
40.3031
40.3026
40.3035
40.3034
40.3033
40.3033
40.3033
40.3033
40.3034
40.3035
40.3026
40.3017
40.3032
40.3034
40.3034
40.3034
40.3034
40.3034
40.3034
40.3032
40.3017
40.3
40.3023
40.3032
40.3035
40.3036
40.3036
40.3035
40.3032
40.3024
40.3
40.2974
40.3
40.3017
40.3026
40.3031
40.3031
40.3026
40.3017
40.3
40.2974
37.0759
37.0775
37.0785
37.0791
37.0794
37.0794
37.0791
37.0785
37.0775
37.0759
37.0775
37.079
37.0798
37.0802
37.0804
37.0804
37.0802
37.0798
37.079
37.0775
37.0785
37.0798
37.0803
37.0807
37.0808
37.0808
37.0807
37.0803
37.0798
37.0785
37.0791
37.0802
37.0807
37.081
37.0811
37.0811
37.081
37.0807
37.0802
37.0791
37.0794
37.0804
37.0808
37.0811
37.0813
37.0813
37.0811
37.0808
37.0804
37.0794
37.0794
37.0804
37.0808
37.0811
37.0813
37.0813
37.0811
37.0808
37.0804
37.0794
37.0791
37.0802
37.0807
37.081
37.0811
37.0811
37.081
37.0807
37.0802
37.0791
37.0785
37.0798
37.0803
37.0807
37.0808
37.0808
37.0807
37.0803
37.0798
37.0785
37.0775
37.079
37.0798
37.0802
37.0804
37.0804
37.0802
37.0798
37.079
37.0775
37.0759
37.0775
37.0785
37.0791
37.0794
37.0794
37.0791
37.0785
37.0775
37.0759
33.8448
33.8456
33.8461
33.8464
33.8466
33.8466
33.8464
33.8461
33.8456
33.8448
33.8456
33.8463
33.8467
33.8469
33.847
33.847
33.8469
33.8467
33.8463
33.8456
33.8461
33.8467
33.847
33.8472
33.8473
33.8473
33.8472
33.847
33.8467
33.8461
33.8464
33.8469
33.8472
33.8474
33.8475
33.8475
33.8474
33.8472
33.8469
33.8464
33.8466
33.847
33.8473
33.8475
33.8476
33.8476
33.8475
33.8473
33.847
33.8466
33.8466
33.847
33.8473
33.8475
33.8476
33.8476
33.8475
33.8473
33.847
33.8466
33.8464
33.8469
33.8472
33.8474
33.8475
33.8475
33.8474
33.8472
33.8469
33.8464
33.8461
33.8467
33.847
33.8472
33.8473
33.8473
33.8472
33.847
33.8467
33.8461
33.8456
33.8463
33.8467
33.8469
33.847
33.847
33.8469
33.8467
33.8463
33.8456
33.8448
33.8456
33.8461
33.8464
33.8466
33.8466
33.8464
33.8461
33.8456
33.8448
30.6215
30.6219
30.6222
30.6224
30.6224
30.6224
30.6224
30.6222
30.6219
30.6215
30.6219
30.6223
30.6225
30.6227
30.6228
30.6228
30.6227
30.6225
30.6223
30.6219
30.6222
30.6225
30.6228
30.6229
30.623
30.623
30.6229
30.6228
30.6225
30.6222
30.6224
30.6227
30.6229
30.6231
30.6232
30.6232
30.6231
30.6229
30.6227
30.6224
30.6224
30.6228
30.623
30.6232
30.6232
30.6232
30.6232
30.623
30.6228
30.6224
30.6224
30.6228
30.623
30.6232
30.6232
30.6232
30.6232
30.623
30.6228
30.6224
30.6224
30.6227
30.6229
30.6231
30.6232
30.6232
30.6231
30.6229
30.6227
30.6224
30.6222
30.6225
30.6228
30.6229
30.623
30.623
30.6229
30.6228
30.6225
30.6222
30.6219
30.6223
30.6225
30.6227
30.6228
30.6228
30.6227
30.6225
30.6223
30.6219
30.6215
30.6219
30.6222
30.6224
30.6224
30.6224
30.6224
30.6222
30.6219
30.6215
27.3968
27.397
27.3971
27.3972
27.3972
27.3972
27.3972
27.3971
27.397
27.3968
27.397
27.3972
27.3973
27.3973
27.3974
27.3974
27.3973
27.3973
27.3972
27.397
27.3971
27.3973
27.3974
27.3975
27.3975
27.3975
27.3975
27.3974
27.3973
27.3971
27.3972
27.3973
27.3975
27.3975
27.3976
27.3976
27.3975
27.3975
27.3973
27.3972
27.3972
27.3974
27.3975
27.3976
27.3976
27.3976
27.3976
27.3975
27.3974
27.3972
27.3972
27.3974
27.3975
27.3976
27.3976
27.3976
27.3976
27.3975
27.3974
27.3972
27.3972
27.3973
27.3975
27.3975
27.3976
27.3976
27.3975
27.3975
27.3973
27.3972
27.3971
27.3973
27.3974
27.3975
27.3975
27.3975
27.3975
27.3974
27.3973
27.3971
27.397
27.3972
27.3973
27.3973
27.3974
27.3974
27.3973
27.3973
27.3972
27.397
27.3968
27.397
27.3971
27.3972
27.3972
27.3972
27.3972
27.3971
27.397
27.3968
24.1737
24.1737
24.1738
24.1738
24.1739
24.1739
24.1738
24.1738
24.1737
24.1737
24.1737
24.1738
24.1739
24.1739
24.1739
24.1739
24.1739
24.1739
24.1738
24.1737
24.1738
24.1739
24.1739
24.174
24.174
24.174
24.174
24.1739
24.1739
24.1738
24.1738
24.1739
24.174
24.174
24.174
24.174
24.174
24.174
24.1739
24.1738
24.1739
24.1739
24.174
24.174
24.1741
24.1741
24.174
24.174
24.1739
24.1739
24.1739
24.1739
24.174
24.174
24.1741
24.1741
24.174
24.174
24.1739
24.1739
24.1738
24.1739
24.174
24.174
24.174
24.174
24.174
24.174
24.1739
24.1738
24.1738
24.1739
24.1739
24.174
24.174
24.174
24.174
24.1739
24.1739
24.1738
24.1737
24.1738
24.1739
24.1739
24.1739
24.1739
24.1739
24.1739
24.1738
24.1737
24.1737
24.1737
24.1738
24.1738
24.1739
24.1739
24.1738
24.1738
24.1737
24.1737
20.9503
20.9503
20.9503
20.9503
20.9503
20.9503
20.9503
20.9503
20.9503
20.9503
20.9503
20.9503
20.9504
20.9504
20.9504
20.9504
20.9504
20.9504
20.9503
20.9503
20.9503
20.9504
20.9504
20.9504
20.9504
20.9504
20.9504
20.9504
20.9504
20.9503
20.9503
20.9504
20.9504
20.9504
20.9504
20.9504
20.9504
20.9504
20.9504
20.9503
20.9503
20.9504
20.9504
20.9504
20.9504
20.9504
20.9504
20.9504
20.9504
20.9503
20.9503
20.9504
20.9504
20.9504
20.9504
20.9504
20.9504
20.9504
20.9504
20.9503
20.9503
20.9504
20.9504
20.9504
20.9504
20.9504
20.9504
20.9504
20.9504
20.9503
20.9503
20.9504
20.9504
20.9504
20.9504
20.9504
20.9504
20.9504
20.9504
20.9503
20.9503
20.9503
20.9504
20.9504
20.9504
20.9504
20.9504
20.9504
20.9503
20.9503
20.9503
20.9503
20.9503
20.9503
20.9503
20.9503
20.9503
20.9503
20.9503
20.9503
17.7272
17.7272
17.7272
17.7272
17.7272
17.7272
17.7272
17.7272
17.7272
17.7272
17.7272
17.7272
17.7272
17.7272
17.7272
17.7272
17.7272
17.7272
17.7272
17.7272
17.7272
17.7272
17.7272
17.7272
17.7272
17.7272
17.7272
17.7272
17.7272
17.7272
17.7272
17.7272
17.7272
17.7272
17.7272
17.7272
17.7272
17.7272
17.7272
17.7272
17.7272
17.7272
17.7272
17.7272
17.7272
17.7272
17.7272
17.7272
17.7272
17.7272
17.7272
17.7272
17.7272
17.7272
17.7272
17.7272
17.7272
17.7272
17.7272
17.7272
17.7272
17.7272
17.7272
17.7272
17.7272
17.7272
17.7272
17.7272
17.7272
17.7272
17.7272
17.7272
17.7272
17.7272
17.7272
17.7272
17.7272
17.7272
17.7272
17.7272
17.7272
17.7272
17.7272
17.7272
17.7272
17.7272
17.7272
17.7272
17.7272
17.7272
17.7272
17.7272
17.7272
17.7272
17.7272
17.7272
17.7272
17.7272
17.7272
17.7272
14.504
14.504
14.504
14.504
14.504
14.504
14.504
14.504
14.504
14.504
14.504
14.504
14.504
14.504
14.504
14.504
14.504
14.504
14.504
14.504
14.504
14.504
14.504
14.504
14.504
14.504
14.504
14.504
14.504
14.504
14.504
14.504
14.504
14.504
14.504
14.504
14.504
14.504
14.504
14.504
14.504
14.504
14.504
14.504
14.504
14.504
14.504
14.504
14.504
14.504
14.504
14.504
14.504
14.504
14.504
14.504
14.504
14.504
14.504
14.504
14.504
14.504
14.504
14.504
14.504
14.504
14.504
14.504
14.504
14.504
14.504
14.504
14.504
14.504
14.504
14.504
14.504
14.504
14.504
14.504
14.504
14.504
14.504
14.504
14.504
14.504
14.504
14.504
14.504
14.504
14.504
14.504
14.504
14.504
14.504
14.504
14.504
14.504
14.504
14.504
11.2809
11.2809
11.2809
11.2809
11.2809
11.2809
11.2809
11.2809
11.2809
11.2809
11.2809
11.2809
11.2809
11.2809
11.2809
11.2809
11.2809
11.2809
11.2809
11.2809
11.2809
11.2809
11.2809
11.2809
11.2809
11.2809
11.2809
11.2809
11.2809
11.2809
11.2809
11.2809
11.2809
11.2809
11.2809
11.2809
11.2809
11.2809
11.2809
11.2809
11.2809
11.2809
11.2809
11.2809
11.2809
11.2809
11.2809
11.2809
11.2809
11.2809
11.2809
11.2809
11.2809
11.2809
11.2809
11.2809
11.2809
11.2809
11.2809
11.2809
11.2809
11.2809
11.2809
11.2809
11.2809
11.2809
11.2809
11.2809
11.2809
11.2809
11.2809
11.2809
11.2809
11.2809
11.2809
11.2809
11.2809
11.2809
11.2809
11.2809
11.2809
11.2809
11.2809
11.2809
11.2809
11.2809
11.2809
11.2809
11.2809
11.2809
11.2809
11.2809
11.2809
11.2809
11.2809
11.2809
11.2809
11.2809
11.2809
11.2809
8.05777
8.05777
8.05777
8.05777
8.05777
8.05777
8.05777
8.05777
8.05777
8.05777
8.05777
8.05777
8.05777
8.05777
8.05777
8.05777
8.05777
8.05777
8.05777
8.05777
8.05777
8.05777
8.05777
8.05777
8.05777
8.05777
8.05777
8.05777
8.05777
8.05777
8.05777
8.05777
8.05777
8.05777
8.05777
8.05777
8.05777
8.05777
8.05777
8.05777
8.05777
8.05777
8.05777
8.05777
8.05777
8.05777
8.05777
8.05777
8.05777
8.05777
8.05777
8.05777
8.05777
8.05777
8.05777
8.05777
8.05777
8.05777
8.05777
8.05777
8.05777
8.05777
8.05777
8.05777
8.05777
8.05777
8.05777
8.05777
8.05777
8.05777
8.05777
8.05777
8.05777
8.05777
8.05777
8.05777
8.05777
8.05777
8.05777
8.05777
8.05777
8.05777
8.05777
8.05777
8.05777
8.05777
8.05777
8.05777
8.05777
8.05777
8.05777
8.05777
8.05777
8.05777
8.05777
8.05777
8.05777
8.05777
8.05777
8.05777
4.83466
4.83466
4.83466
4.83466
4.83466
4.83466
4.83466
4.83466
4.83466
4.83466
4.83466
4.83466
4.83466
4.83466
4.83466
4.83465
4.83465
4.83465
4.83465
4.83466
4.83466
4.83466
4.83466
4.83465
4.83465
4.83465
4.83465
4.83465
4.83465
4.83465
4.83466
4.83466
4.83465
4.83465
4.83465
4.83465
4.83465
4.83465
4.83465
4.83465
4.83466
4.83466
4.83465
4.83465
4.83465
4.83465
4.83465
4.83465
4.83465
4.83465
4.83466
4.83465
4.83465
4.83465
4.83465
4.83465
4.83465
4.83465
4.83465
4.83465
4.83466
4.83465
4.83465
4.83465
4.83465
4.83465
4.83465
4.83465
4.83465
4.83465
4.83466
4.83465
4.83465
4.83465
4.83465
4.83465
4.83465
4.83465
4.83465
4.83465
4.83466
4.83465
4.83465
4.83465
4.83465
4.83465
4.83465
4.83465
4.83465
4.83465
4.83466
4.83466
4.83465
4.83465
4.83465
4.83465
4.83465
4.83465
4.83465
4.83465
1.61155
1.61155
1.61155
1.61155
1.61155
1.61155
1.61155
1.61155
1.61155
1.61155
1.61155
1.61155
1.61155
1.61155
1.61155
1.61155
1.61155
1.61155
1.61155
1.61155
1.61155
1.61155
1.61155
1.61155
1.61155
1.61155
1.61155
1.61155
1.61155
1.61155
1.61155
1.61155
1.61155
1.61155
1.61154
1.61154
1.61154
1.61155
1.61155
1.61155
1.61155
1.61155
1.61155
1.61154
1.61154
1.61154
1.61154
1.61154
1.61155
1.61155
1.61155
1.61155
1.61155
1.61154
1.61154
1.61154
1.61154
1.61154
1.61155
1.61155
1.61155
1.61155
1.61155
1.61154
1.61154
1.61154
1.61154
1.61155
1.61155
1.61155
1.61155
1.61155
1.61155
1.61155
1.61154
1.61154
1.61155
1.61155
1.61155
1.61155
1.61155
1.61155
1.61155
1.61155
1.61155
1.61155
1.61155
1.61155
1.61155
1.61155
1.61155
1.61155
1.61155
1.61155
1.61155
1.61155
1.61155
1.61155
1.61155
1.61155
)
;

boundaryField
{
    fixedWalls
    {
        type            zeroGradient;
    }
    inlet
    {
        type            fixedGradient;
        gradient        uniform 0;
    }
    outlet
    {
        type            fixedValue;
        value           uniform 0;
    }
}


// ************************************************************************* //
