/*--------------------------------*- C++ -*----------------------------------*\
| =========                 |                                                 |
| \\      /  F ield         | OpenFOAM: The Open Source CFD Toolbox           |
|  \\    /   O peration     | Version:  2106                                  |
|   \\  /    A nd           | Website:  www.openfoam.com                      |
|    \\/     M anipulation  |                                                 |
\*---------------------------------------------------------------------------*/
FoamFile
{
    version     2.0;
    format      ascii;
    arch        "LSB;label=32;scalar=64";
    class       volScalarField;
    location    "0.63";
    object      p;
}
// * * * * * * * * * * * * * * * * * * * * * * * * * * * * * * * * * * * * * //

dimensions      [0 2 -2 0 0 0 0];

internalField   nonuniform List<scalar> 
10000
(
98.3154
97.7349
97.3703
97.1038
96.9656
96.9656
97.1038
97.3703
97.7349
98.3154
89.2012
88.3535
87.7953
87.4006
87.1973
87.1973
87.4006
87.7953
88.3535
89.2012
81.6343
80.6589
80.0223
79.5787
79.3512
79.3512
79.5787
80.0223
80.6589
81.6343
76.4098
75.4077
74.7621
74.3189
74.0918
74.0918
74.3189
74.7621
75.4077
76.4098
72.4894
71.4946
70.8569
70.4277
70.208
70.208
70.4277
70.8569
71.4946
72.4894
69.3141
68.3463
67.7244
67.3162
67.1076
67.1076
67.3162
67.7244
68.3463
69.3141
66.6952
65.7752
65.1787
64.7976
64.6036
64.6036
64.7976
65.1787
65.7752
66.6952
64.5263
63.6775
63.1187
62.7702
62.5935
62.5935
62.7702
63.1187
63.6775
64.5263
62.7275
61.9661
61.4576
61.1465
60.989
60.989
61.1465
61.4577
61.9661
62.7276
61.3192
60.5579
60.1082
59.8347
59.6961
59.6961
59.8347
60.1082
60.5579
61.3192
62.422
62.5944
62.7821
62.9086
62.9741
62.9741
62.9086
62.7821
62.5944
62.422
62.8444
62.9389
63.0654
63.1465
63.188
63.188
63.1465
63.0654
62.9389
62.8444
62.8216
62.8188
62.8714
62.8996
62.9137
62.9137
62.8996
62.8714
62.8188
62.8216
62.4122
62.3193
62.304
62.2856
62.2755
62.2755
62.2856
62.304
62.3193
62.4122
61.8183
61.6516
61.5785
61.5226
61.4933
61.4933
61.5226
61.5785
61.6516
61.8183
61.1491
60.9267
60.8068
60.723
60.6792
60.6792
60.723
60.8068
60.9267
61.1491
60.4593
60.2014
60.0477
59.9456
59.8927
59.8927
59.9456
60.0477
60.2014
60.4593
59.7803
59.5107
59.3387
59.228
59.1709
59.1709
59.228
59.3387
59.5107
59.7803
59.148
58.8825
58.704
58.5919
58.5338
58.5338
58.5919
58.704
58.8825
59.148
58.6653
58.318
58.1346
58.0218
57.9631
57.9631
58.0218
58.1346
58.318
58.6653
57.8272
57.8128
57.8146
57.8111
57.8096
57.8096
57.8111
57.8146
57.8128
57.8272
58.2377
58.2211
58.2223
58.2172
58.2146
58.2146
58.2172
58.2223
58.2211
58.2377
58.5777
58.5427
58.5324
58.5176
58.5097
58.5097
58.5176
58.5324
58.5427
58.5777
58.6309
58.5628
58.5304
58.4997
58.4833
58.4833
58.4997
58.5304
58.5628
58.6309
58.4875
58.3841
58.3275
58.2808
58.256
58.256
58.2808
58.3275
58.3841
58.4875
58.2414
58.1076
58.0287
57.9687
57.9371
57.9371
57.9687
58.0287
58.1076
58.2414
57.9411
57.785
57.6881
57.6186
57.5822
57.5822
57.6186
57.6881
57.7851
57.9411
57.6133
57.447
57.3387
57.2644
57.2255
57.2255
57.2644
57.3387
57.447
57.6133
57.2908
57.122
57.0063
56.9297
56.8896
56.8896
56.9297
57.0063
57.122
57.2908
57.0486
56.8158
56.6896
56.6092
56.5674
56.5674
56.6092
56.6896
56.8158
57.0486
53.1313
53.151
53.1759
53.1919
53.2003
53.2003
53.1919
53.1759
53.151
53.1313
53.3412
53.3648
53.3937
53.412
53.4217
53.4217
53.412
53.3937
53.3648
53.3412
53.5196
53.5409
53.5695
53.587
53.5962
53.5962
53.587
53.5695
53.5409
53.5196
53.6056
53.6165
53.6384
53.6505
53.6568
53.6568
53.6505
53.6384
53.6165
53.6056
53.6201
53.6168
53.6283
53.6329
53.6352
53.6352
53.6329
53.6283
53.6168
53.6201
53.5866
53.5684
53.5685
53.5655
53.5637
53.5637
53.5655
53.5685
53.5684
53.5866
53.5186
53.4876
53.4771
53.4673
53.462
53.462
53.4673
53.4771
53.4876
53.5186
53.4258
53.3869
53.368
53.3532
53.3452
53.3452
53.3532
53.368
53.3869
53.4258
53.3263
53.2816
53.2546
53.2352
53.2247
53.2247
53.2352
53.2546
53.2816
53.3263
53.2652
53.1767
53.1358
53.109
53.0949
53.0949
53.1091
53.1358
53.1767
53.2652
49.9278
49.9279
49.9299
49.93
49.9301
49.9301
49.93
49.9299
49.9279
49.9278
50.0261
50.0298
50.035
50.0373
50.0385
50.0385
50.0373
50.035
50.0298
50.0261
50.1266
50.1317
50.1386
50.1416
50.1432
50.1432
50.1416
50.1386
50.1317
50.1266
50.1949
50.198
50.2038
50.2058
50.2067
50.2067
50.2058
50.2038
50.198
50.1949
50.2331
50.2319
50.2349
50.2346
50.2342
50.2342
50.2346
50.2349
50.2319
50.2331
50.2482
50.2417
50.2409
50.2378
50.236
50.236
50.2378
50.2409
50.2417
50.2482
50.2449
50.2332
50.2284
50.2228
50.2196
50.2196
50.2228
50.2284
50.2332
50.2449
50.2275
50.2122
50.204
50.1963
50.192
50.192
50.1963
50.204
50.2122
50.2275
50.2054
50.1866
50.1741
50.164
50.1585
50.1585
50.164
50.1741
50.1866
50.2054
50.2
50.1583
50.1377
50.1234
50.1158
50.1158
50.1234
50.1377
50.1583
50.2
46.6266
46.6297
46.6334
46.6356
46.6367
46.6367
46.6356
46.6334
46.6297
46.6266
46.6676
46.6724
46.6777
46.681
46.6827
46.6827
46.681
46.6777
46.6724
46.6676
46.7093
46.7153
46.7218
46.7258
46.728
46.728
46.7258
46.7218
46.7153
46.7093
46.7408
46.7466
46.7533
46.7573
46.7594
46.7594
46.7573
46.7533
46.7466
46.7408
46.7622
46.7667
46.7728
46.7761
46.7778
46.7778
46.7761
46.7728
46.7667
46.7622
46.7748
46.7775
46.7822
46.7845
46.7856
46.7856
46.7845
46.7822
46.7775
46.7748
46.7797
46.7804
46.7835
46.7846
46.7851
46.7851
46.7846
46.7835
46.7804
46.7797
46.778
46.7771
46.7786
46.7787
46.7785
46.7785
46.7787
46.7786
46.7771
46.778
46.7739
46.7712
46.7703
46.7689
46.768
46.768
46.7689
46.7703
46.7712
46.7739
46.778
46.7635
46.7577
46.7535
46.7513
46.7513
46.7535
46.7577
46.7635
46.778
43.4504
43.4509
43.4514
43.4516
43.4517
43.4517
43.4516
43.4514
43.4509
43.4504
43.4676
43.4689
43.4703
43.4709
43.4713
43.4713
43.4709
43.4703
43.4689
43.4676
43.4872
43.4893
43.4913
43.4925
43.493
43.493
43.4925
43.4914
43.4893
43.4872
43.5042
43.5065
43.509
43.5102
43.5109
43.5109
43.5102
43.509
43.5065
43.5042
43.5179
43.5202
43.5226
43.5238
43.5244
43.5244
43.5238
43.5226
43.5202
43.5179
43.5286
43.5305
43.5327
43.5337
43.5341
43.5341
43.5337
43.5327
43.5305
43.5286
43.5364
43.5378
43.5396
43.5403
43.5405
43.5405
43.5403
43.5396
43.5378
43.5364
43.5417
43.5426
43.544
43.5443
43.5443
43.5443
43.5443
43.544
43.5426
43.5417
43.5462
43.5464
43.5468
43.5464
43.5462
43.5462
43.5464
43.5468
43.5464
43.5462
43.5541
43.5492
43.5473
43.5457
43.5448
43.5448
43.5457
43.5473
43.5492
43.5541
40.2382
40.2387
40.2394
40.2397
40.2399
40.2399
40.2397
40.2394
40.2387
40.2382
40.2447
40.2457
40.2466
40.2472
40.2475
40.2475
40.2472
40.2466
40.2457
40.2447
40.2522
40.2535
40.2548
40.2557
40.2561
40.2561
40.2557
40.2548
40.2535
40.2522
40.2591
40.2606
40.2622
40.2631
40.2636
40.2636
40.2631
40.2622
40.2606
40.2591
40.2651
40.2667
40.2684
40.2694
40.2699
40.2699
40.2694
40.2684
40.2667
40.2651
40.2702
40.2718
40.2734
40.2743
40.2748
40.2748
40.2743
40.2734
40.2718
40.2702
40.2742
40.2756
40.2772
40.278
40.2784
40.2784
40.278
40.2772
40.2756
40.2742
40.2771
40.2785
40.2798
40.2805
40.2809
40.2809
40.2805
40.2798
40.2785
40.2771
40.2798
40.2808
40.2817
40.2821
40.2823
40.2823
40.2821
40.2817
40.2808
40.2798
40.2839
40.2827
40.2825
40.2822
40.2821
40.2821
40.2822
40.2825
40.2827
40.2839
37.0328
37.0329
37.033
37.0331
37.0331
37.0331
37.0331
37.033
37.0329
37.0328
37.0352
37.0355
37.0358
37.0359
37.036
37.036
37.0359
37.0358
37.0355
37.0352
37.0384
37.0389
37.0393
37.0395
37.0396
37.0396
37.0395
37.0393
37.0389
37.0384
37.0416
37.0422
37.0428
37.0431
37.0433
37.0433
37.0431
37.0428
37.0422
37.0416
37.0447
37.0455
37.0461
37.0465
37.0467
37.0467
37.0465
37.0461
37.0455
37.0447
37.0477
37.0485
37.0492
37.0496
37.0498
37.0498
37.0496
37.0492
37.0485
37.0477
37.0503
37.0512
37.052
37.0524
37.0526
37.0526
37.0524
37.052
37.0512
37.0503
37.0527
37.0536
37.0544
37.0548
37.0549
37.0549
37.0548
37.0544
37.0536
37.0527
37.0551
37.0559
37.0565
37.0568
37.0569
37.0569
37.0568
37.0565
37.0559
37.0551
37.0581
37.058
37.0582
37.0582
37.0582
37.0582
37.0582
37.0582
37.058
37.0581
33.8168
33.8169
33.817
33.817
33.817
33.817
33.817
33.817
33.8169
33.8168
33.8175
33.8177
33.8179
33.818
33.818
33.818
33.818
33.8179
33.8177
33.8175
33.8186
33.8188
33.819
33.8192
33.8193
33.8193
33.8192
33.819
33.8188
33.8186
33.8197
33.8201
33.8204
33.8206
33.8207
33.8207
33.8206
33.8204
33.8201
33.8197
33.821
33.8214
33.8217
33.822
33.8221
33.8221
33.822
33.8217
33.8214
33.821
33.8222
33.8227
33.8231
33.8233
33.8234
33.8234
33.8233
33.8231
33.8227
33.8222
33.8234
33.8239
33.8243
33.8245
33.8247
33.8247
33.8245
33.8243
33.8239
33.8234
33.8245
33.825
33.8254
33.8256
33.8258
33.8258
33.8256
33.8254
33.825
33.8245
33.8255
33.826
33.8264
33.8266
33.8267
33.8267
33.8266
33.8264
33.826
33.8255
33.8268
33.827
33.8272
33.8273
33.8273
33.8273
33.8273
33.8272
33.827
33.8268
30.5996
30.5996
30.5996
30.5996
30.5996
30.5996
30.5996
30.5996
30.5996
30.5996
30.5998
30.5998
30.5999
30.5999
30.5999
30.5999
30.5999
30.5999
30.5998
30.5998
30.6001
30.6002
30.6003
30.6003
30.6003
30.6003
30.6003
30.6003
30.6002
30.6001
30.6006
30.6007
30.6008
30.6009
30.6009
30.6009
30.6009
30.6008
30.6007
30.6006
30.6012
30.6014
30.6015
30.6016
30.6016
30.6016
30.6016
30.6015
30.6014
30.6012
30.6018
30.602
30.6022
30.6023
30.6023
30.6023
30.6023
30.6022
30.602
30.6018
30.6024
30.6027
30.6029
30.603
30.603
30.603
30.603
30.6029
30.6027
30.6024
30.6031
30.6033
30.6035
30.6037
30.6037
30.6037
30.6037
30.6035
30.6033
30.6031
30.6037
30.604
30.6042
30.6043
30.6044
30.6044
30.6043
30.6042
30.604
30.6037
30.6045
30.6046
30.6048
30.6049
30.6049
30.6049
30.6049
30.6048
30.6046
30.6045
27.3797
27.3797
27.3797
27.3797
27.3797
27.3797
27.3797
27.3797
27.3797
27.3797
27.3797
27.3797
27.3797
27.3797
27.3798
27.3798
27.3797
27.3797
27.3797
27.3797
27.3798
27.3798
27.3798
27.3799
27.3799
27.3799
27.3799
27.3798
27.3798
27.3798
27.3799
27.38
27.38
27.38
27.3801
27.3801
27.38
27.38
27.38
27.3799
27.3801
27.3802
27.3802
27.3803
27.3803
27.3803
27.3803
27.3802
27.3802
27.3801
27.3803
27.3804
27.3805
27.3806
27.3806
27.3806
27.3806
27.3805
27.3804
27.3803
27.3806
27.3807
27.3808
27.3809
27.3809
27.3809
27.3809
27.3808
27.3807
27.3806
27.3809
27.381
27.3811
27.3811
27.3812
27.3812
27.3811
27.3811
27.381
27.3809
27.3811
27.3813
27.3814
27.3814
27.3814
27.3814
27.3814
27.3814
27.3813
27.3811
27.3814
27.3815
27.3816
27.3817
27.3817
27.3817
27.3817
27.3816
27.3815
27.3814
24.1592
24.1592
24.1592
24.1592
24.1592
24.1592
24.1592
24.1592
24.1592
24.1592
24.1592
24.1592
24.1592
24.1592
24.1592
24.1592
24.1592
24.1592
24.1592
24.1592
24.1592
24.1592
24.1592
24.1592
24.1592
24.1592
24.1592
24.1592
24.1592
24.1592
24.1593
24.1593
24.1593
24.1593
24.1593
24.1593
24.1593
24.1593
24.1593
24.1593
24.1594
24.1594
24.1594
24.1594
24.1594
24.1594
24.1594
24.1594
24.1594
24.1594
24.1595
24.1595
24.1595
24.1595
24.1596
24.1596
24.1595
24.1595
24.1595
24.1595
24.1596
24.1596
24.1597
24.1597
24.1597
24.1597
24.1597
24.1597
24.1596
24.1596
24.1597
24.1598
24.1598
24.1598
24.1599
24.1599
24.1598
24.1598
24.1598
24.1597
24.1598
24.1599
24.16
24.16
24.16
24.16
24.16
24.16
24.1599
24.1598
24.16
24.1601
24.1601
24.1601
24.1601
24.1601
24.1601
24.1601
24.1601
24.16
20.9382
20.9382
20.9382
20.9382
20.9382
20.9382
20.9382
20.9382
20.9382
20.9382
20.9382
20.9382
20.9382
20.9382
20.9382
20.9382
20.9382
20.9382
20.9382
20.9382
20.9382
20.9382
20.9382
20.9382
20.9382
20.9382
20.9382
20.9382
20.9382
20.9382
20.9382
20.9382
20.9382
20.9382
20.9382
20.9382
20.9382
20.9382
20.9382
20.9382
20.9382
20.9382
20.9382
20.9382
20.9382
20.9382
20.9382
20.9382
20.9382
20.9382
20.9382
20.9383
20.9383
20.9383
20.9383
20.9383
20.9383
20.9383
20.9383
20.9382
20.9383
20.9383
20.9383
20.9383
20.9383
20.9383
20.9383
20.9383
20.9383
20.9383
20.9383
20.9384
20.9384
20.9384
20.9384
20.9384
20.9384
20.9384
20.9384
20.9383
20.9384
20.9384
20.9384
20.9384
20.9385
20.9385
20.9384
20.9384
20.9384
20.9384
20.9384
20.9385
20.9385
20.9385
20.9385
20.9385
20.9385
20.9385
20.9385
20.9384
17.7171
17.7171
17.7171
17.7171
17.7171
17.7171
17.7171
17.7171
17.7171
17.7171
17.7171
17.7171
17.7171
17.7171
17.717
17.717
17.7171
17.7171
17.7171
17.7171
17.717
17.717
17.717
17.717
17.717
17.717
17.717
17.717
17.717
17.717
17.717
17.717
17.717
17.717
17.717
17.717
17.717
17.717
17.717
17.717
17.717
17.7171
17.7171
17.7171
17.7171
17.7171
17.7171
17.7171
17.7171
17.717
17.7171
17.7171
17.7171
17.7171
17.7171
17.7171
17.7171
17.7171
17.7171
17.7171
17.7171
17.7171
17.7171
17.7171
17.7171
17.7171
17.7171
17.7171
17.7171
17.7171
17.7171
17.7171
17.7171
17.7171
17.7171
17.7171
17.7171
17.7171
17.7171
17.7171
17.7171
17.7171
17.7171
17.7172
17.7172
17.7172
17.7172
17.7171
17.7171
17.7171
17.7171
17.7172
17.7172
17.7172
17.7172
17.7172
17.7172
17.7172
17.7172
17.7171
14.4958
14.4958
14.4958
14.4958
14.4958
14.4958
14.4958
14.4958
14.4958
14.4958
14.4958
14.4958
14.4958
14.4958
14.4958
14.4958
14.4958
14.4958
14.4958
14.4958
14.4958
14.4958
14.4958
14.4958
14.4958
14.4958
14.4958
14.4958
14.4958
14.4958
14.4958
14.4958
14.4958
14.4958
14.4958
14.4958
14.4958
14.4958
14.4958
14.4958
14.4958
14.4958
14.4958
14.4958
14.4958
14.4958
14.4958
14.4958
14.4958
14.4958
14.4958
14.4958
14.4958
14.4958
14.4958
14.4958
14.4958
14.4958
14.4958
14.4958
14.4958
14.4958
14.4958
14.4958
14.4958
14.4958
14.4958
14.4958
14.4958
14.4958
14.4958
14.4958
14.4958
14.4958
14.4958
14.4958
14.4958
14.4958
14.4958
14.4958
14.4958
14.4958
14.4958
14.4958
14.4958
14.4958
14.4958
14.4958
14.4958
14.4958
14.4958
14.4958
14.4958
14.4958
14.4958
14.4958
14.4958
14.4958
14.4958
14.4958
11.2745
11.2745
11.2745
11.2745
11.2745
11.2745
11.2745
11.2745
11.2745
11.2745
11.2745
11.2745
11.2745
11.2745
11.2745
11.2745
11.2745
11.2745
11.2745
11.2745
11.2745
11.2745
11.2745
11.2745
11.2745
11.2745
11.2745
11.2745
11.2745
11.2745
11.2745
11.2745
11.2745
11.2745
11.2745
11.2745
11.2745
11.2745
11.2745
11.2745
11.2745
11.2745
11.2745
11.2745
11.2745
11.2745
11.2745
11.2745
11.2745
11.2745
11.2745
11.2745
11.2745
11.2745
11.2745
11.2745
11.2745
11.2745
11.2745
11.2745
11.2745
11.2745
11.2745
11.2745
11.2745
11.2745
11.2745
11.2745
11.2745
11.2745
11.2745
11.2745
11.2745
11.2745
11.2745
11.2745
11.2745
11.2745
11.2745
11.2745
11.2745
11.2745
11.2745
11.2745
11.2745
11.2745
11.2745
11.2745
11.2745
11.2745
11.2745
11.2745
11.2745
11.2745
11.2745
11.2745
11.2745
11.2745
11.2745
11.2745
8.05324
8.05324
8.05324
8.05324
8.05324
8.05324
8.05324
8.05324
8.05324
8.05324
8.05324
8.05324
8.05324
8.05324
8.05324
8.05324
8.05324
8.05324
8.05324
8.05324
8.05324
8.05324
8.05324
8.05324
8.05324
8.05324
8.05324
8.05324
8.05324
8.05324
8.05324
8.05324
8.05324
8.05324
8.05323
8.05323
8.05323
8.05324
8.05324
8.05324
8.05323
8.05323
8.05323
8.05323
8.05323
8.05323
8.05323
8.05323
8.05323
8.05323
8.05323
8.05323
8.05323
8.05323
8.05323
8.05323
8.05323
8.05323
8.05323
8.05323
8.05323
8.05323
8.05323
8.05323
8.05323
8.05323
8.05323
8.05323
8.05323
8.05323
8.05323
8.05324
8.05324
8.05324
8.05324
8.05324
8.05324
8.05324
8.05324
8.05323
8.05324
8.05324
8.05324
8.05324
8.05324
8.05324
8.05324
8.05324
8.05324
8.05324
8.05324
8.05324
8.05324
8.05324
8.05324
8.05324
8.05324
8.05324
8.05324
8.05324
4.83195
4.83195
4.83195
4.83195
4.83195
4.83195
4.83195
4.83195
4.83195
4.83195
4.83195
4.83195
4.83195
4.83195
4.83195
4.83195
4.83195
4.83195
4.83195
4.83195
4.83194
4.83194
4.83194
4.83194
4.83194
4.83194
4.83194
4.83194
4.83194
4.83194
4.83194
4.83194
4.83194
4.83194
4.83194
4.83194
4.83194
4.83194
4.83194
4.83194
4.83194
4.83194
4.83194
4.83194
4.83194
4.83194
4.83194
4.83194
4.83194
4.83194
4.83194
4.83194
4.83194
4.83194
4.83194
4.83194
4.83194
4.83194
4.83194
4.83194
4.83194
4.83194
4.83194
4.83194
4.83194
4.83194
4.83194
4.83194
4.83194
4.83194
4.83194
4.83194
4.83194
4.83194
4.83194
4.83194
4.83194
4.83194
4.83194
4.83194
4.83194
4.83194
4.83194
4.83194
4.83194
4.83194
4.83194
4.83194
4.83194
4.83194
4.83194
4.83194
4.83194
4.83194
4.83194
4.83194
4.83194
4.83194
4.83194
4.83194
1.61065
1.61065
1.61065
1.61065
1.61065
1.61065
1.61065
1.61065
1.61065
1.61065
1.61065
1.61065
1.61065
1.61065
1.61065
1.61065
1.61065
1.61065
1.61065
1.61065
1.61065
1.61065
1.61065
1.61065
1.61065
1.61065
1.61065
1.61065
1.61065
1.61065
1.61065
1.61065
1.61065
1.61065
1.61065
1.61065
1.61065
1.61065
1.61065
1.61065
1.61065
1.61065
1.61065
1.61065
1.61065
1.61065
1.61065
1.61065
1.61065
1.61065
1.61065
1.61065
1.61065
1.61065
1.61065
1.61065
1.61065
1.61065
1.61065
1.61065
1.61065
1.61065
1.61065
1.61065
1.61065
1.61065
1.61065
1.61065
1.61065
1.61065
1.61065
1.61065
1.61065
1.61065
1.61065
1.61065
1.61065
1.61065
1.61065
1.61065
1.61065
1.61064
1.61064
1.61064
1.61064
1.61064
1.61064
1.61064
1.61064
1.61065
1.61064
1.61064
1.61064
1.61064
1.61064
1.61064
1.61064
1.61064
1.61064
1.61064
98.3154
97.7349
97.3703
97.1038
96.9656
96.9656
97.1038
97.3703
97.7349
98.3154
89.2012
88.3535
87.7953
87.4006
87.1973
87.1973
87.4006
87.7953
88.3535
89.2012
81.6343
80.6589
80.0223
79.5787
79.3512
79.3512
79.5787
80.0223
80.6589
81.6343
76.4098
75.4077
74.7621
74.3189
74.0918
74.0918
74.3189
74.7621
75.4077
76.4098
72.4894
71.4946
70.8569
70.4278
70.208
70.208
70.4278
70.8569
71.4946
72.4894
69.3142
68.3463
67.7244
67.3162
67.1076
67.1076
67.3162
67.7244
68.3463
69.3142
66.6952
65.7752
65.1787
64.7976
64.6036
64.6036
64.7976
65.1787
65.7752
66.6952
64.5263
63.6775
63.1187
62.7702
62.5935
62.5935
62.7702
63.1187
63.6775
64.5263
62.7276
61.9661
61.4577
61.1465
60.989
60.989
61.1465
61.4577
61.9661
62.7276
61.3192
60.5579
60.1082
59.8347
59.6961
59.6961
59.8347
60.1082
60.5579
61.3192
62.422
62.5944
62.7821
62.9086
62.9741
62.9741
62.9086
62.7821
62.5944
62.422
62.8444
62.9389
63.0654
63.1465
63.188
63.188
63.1465
63.0654
62.9389
62.8444
62.8216
62.8188
62.8714
62.8996
62.9137
62.9137
62.8996
62.8714
62.8188
62.8216
62.4122
62.3193
62.304
62.2856
62.2756
62.2756
62.2856
62.304
62.3193
62.4122
61.8183
61.6516
61.5785
61.5226
61.4933
61.4933
61.5227
61.5785
61.6516
61.8183
61.1491
60.9267
60.8068
60.723
60.6792
60.6792
60.723
60.8068
60.9267
61.1491
60.4593
60.2014
60.0477
59.9456
59.8927
59.8927
59.9456
60.0477
60.2014
60.4593
59.7803
59.5107
59.3387
59.228
59.1709
59.1709
59.228
59.3387
59.5107
59.7803
59.148
58.8825
58.704
58.5919
58.5338
58.5338
58.5919
58.704
58.8825
59.148
58.6653
58.318
58.1346
58.0218
57.9631
57.9631
58.0218
58.1346
58.318
58.6653
57.8272
57.8128
57.8146
57.8111
57.8096
57.8096
57.8111
57.8146
57.8128
57.8272
58.2377
58.2211
58.2223
58.2172
58.2146
58.2146
58.2172
58.2223
58.2211
58.2377
58.5777
58.5427
58.5324
58.5176
58.5097
58.5097
58.5176
58.5324
58.5427
58.5777
58.6309
58.5628
58.5304
58.4997
58.4833
58.4833
58.4997
58.5304
58.5628
58.6309
58.4875
58.3841
58.3275
58.2808
58.2561
58.2561
58.2808
58.3275
58.3841
58.4875
58.2414
58.1076
58.0287
57.9687
57.9371
57.9371
57.9687
58.0287
58.1076
58.2414
57.9411
57.7851
57.6881
57.6186
57.5822
57.5822
57.6186
57.6881
57.7851
57.9411
57.6133
57.447
57.3387
57.2644
57.2255
57.2255
57.2644
57.3387
57.447
57.6133
57.2908
57.122
57.0063
56.9297
56.8896
56.8896
56.9297
57.0063
57.122
57.2908
57.0486
56.8158
56.6896
56.6092
56.5674
56.5674
56.6092
56.6896
56.8158
57.0486
53.1313
53.151
53.1759
53.1919
53.2003
53.2003
53.1919
53.1759
53.151
53.1313
53.3412
53.3648
53.3937
53.412
53.4217
53.4217
53.412
53.3937
53.3648
53.3412
53.5196
53.5409
53.5695
53.587
53.5962
53.5962
53.587
53.5695
53.5409
53.5196
53.6056
53.6165
53.6384
53.6505
53.6568
53.6568
53.6505
53.6384
53.6165
53.6056
53.6201
53.6168
53.6283
53.6329
53.6352
53.6352
53.6329
53.6283
53.6168
53.6201
53.5866
53.5684
53.5685
53.5655
53.5637
53.5637
53.5655
53.5685
53.5684
53.5866
53.5186
53.4876
53.4771
53.4673
53.462
53.462
53.4673
53.4771
53.4876
53.5186
53.4258
53.3869
53.368
53.3532
53.3452
53.3452
53.3532
53.368
53.3869
53.4258
53.3263
53.2816
53.2546
53.2352
53.2247
53.2247
53.2352
53.2546
53.2816
53.3263
53.2652
53.1767
53.1358
53.1091
53.0949
53.0949
53.1091
53.1358
53.1767
53.2652
49.9278
49.9279
49.9299
49.93
49.9301
49.9301
49.93
49.9299
49.9279
49.9278
50.0261
50.0298
50.035
50.0373
50.0385
50.0385
50.0373
50.035
50.0298
50.0261
50.1266
50.1317
50.1386
50.1416
50.1432
50.1432
50.1417
50.1386
50.1317
50.1266
50.1949
50.198
50.2038
50.2058
50.2067
50.2067
50.2058
50.2038
50.198
50.1949
50.2331
50.2319
50.2349
50.2346
50.2342
50.2342
50.2346
50.2349
50.2319
50.2332
50.2482
50.2417
50.2409
50.2378
50.236
50.236
50.2378
50.2409
50.2417
50.2482
50.2449
50.2332
50.2284
50.2228
50.2196
50.2196
50.2228
50.2284
50.2332
50.2449
50.2275
50.2122
50.204
50.1963
50.192
50.192
50.1963
50.204
50.2122
50.2275
50.2054
50.1866
50.1741
50.164
50.1585
50.1585
50.164
50.1741
50.1866
50.2054
50.2
50.1583
50.1377
50.1234
50.1158
50.1158
50.1234
50.1377
50.1583
50.2
46.6266
46.6297
46.6334
46.6356
46.6367
46.6367
46.6356
46.6334
46.6297
46.6266
46.6676
46.6724
46.6777
46.681
46.6827
46.6827
46.681
46.6777
46.6724
46.6676
46.7093
46.7153
46.7218
46.7258
46.728
46.728
46.7258
46.7218
46.7153
46.7093
46.7408
46.7466
46.7533
46.7573
46.7594
46.7594
46.7573
46.7533
46.7466
46.7408
46.7622
46.7667
46.7728
46.7761
46.7778
46.7778
46.7761
46.7728
46.7667
46.7622
46.7748
46.7775
46.7822
46.7845
46.7856
46.7856
46.7845
46.7822
46.7775
46.7748
46.7797
46.7804
46.7835
46.7846
46.7851
46.7851
46.7846
46.7835
46.7804
46.7797
46.778
46.7771
46.7786
46.7787
46.7785
46.7785
46.7787
46.7786
46.7771
46.778
46.7739
46.7712
46.7703
46.7689
46.768
46.768
46.7689
46.7703
46.7712
46.7739
46.778
46.7635
46.7577
46.7535
46.7513
46.7513
46.7535
46.7577
46.7635
46.778
43.4504
43.4509
43.4514
43.4516
43.4517
43.4517
43.4516
43.4514
43.4509
43.4504
43.4676
43.4689
43.4703
43.4709
43.4713
43.4713
43.4709
43.4703
43.4689
43.4676
43.4872
43.4893
43.4914
43.4925
43.493
43.493
43.4925
43.4914
43.4893
43.4872
43.5042
43.5065
43.509
43.5102
43.5109
43.5109
43.5102
43.509
43.5065
43.5042
43.5179
43.5202
43.5226
43.5238
43.5244
43.5244
43.5238
43.5226
43.5202
43.5179
43.5286
43.5305
43.5327
43.5337
43.5341
43.5341
43.5337
43.5327
43.5305
43.5286
43.5364
43.5378
43.5396
43.5403
43.5405
43.5405
43.5403
43.5396
43.5378
43.5364
43.5417
43.5426
43.544
43.5443
43.5443
43.5443
43.5443
43.544
43.5426
43.5417
43.5462
43.5464
43.5468
43.5464
43.5462
43.5462
43.5465
43.5468
43.5464
43.5462
43.5541
43.5492
43.5473
43.5457
43.5449
43.5449
43.5457
43.5473
43.5492
43.5541
40.2382
40.2387
40.2394
40.2397
40.2399
40.2399
40.2397
40.2394
40.2387
40.2382
40.2447
40.2457
40.2466
40.2472
40.2475
40.2475
40.2472
40.2466
40.2457
40.2447
40.2522
40.2535
40.2548
40.2557
40.2561
40.2561
40.2557
40.2548
40.2535
40.2522
40.2591
40.2606
40.2622
40.2631
40.2636
40.2636
40.2631
40.2622
40.2606
40.2591
40.2651
40.2667
40.2684
40.2694
40.2699
40.2699
40.2694
40.2684
40.2667
40.2651
40.2702
40.2718
40.2734
40.2743
40.2748
40.2748
40.2743
40.2734
40.2718
40.2702
40.2742
40.2756
40.2772
40.278
40.2784
40.2784
40.278
40.2772
40.2756
40.2742
40.2771
40.2785
40.2798
40.2805
40.2809
40.2809
40.2805
40.2798
40.2785
40.2771
40.2798
40.2808
40.2817
40.2821
40.2823
40.2823
40.2821
40.2817
40.2808
40.2798
40.2839
40.2827
40.2825
40.2822
40.2821
40.2821
40.2822
40.2825
40.2827
40.2839
37.0328
37.0329
37.033
37.0331
37.0331
37.0331
37.0331
37.033
37.0329
37.0328
37.0352
37.0355
37.0358
37.0359
37.036
37.036
37.0359
37.0358
37.0355
37.0352
37.0384
37.0389
37.0393
37.0395
37.0396
37.0396
37.0395
37.0393
37.0389
37.0384
37.0416
37.0422
37.0428
37.0431
37.0433
37.0433
37.0431
37.0428
37.0422
37.0416
37.0447
37.0455
37.0461
37.0465
37.0467
37.0467
37.0465
37.0461
37.0455
37.0447
37.0477
37.0485
37.0492
37.0496
37.0498
37.0498
37.0496
37.0492
37.0485
37.0477
37.0503
37.0512
37.052
37.0524
37.0526
37.0526
37.0524
37.052
37.0512
37.0503
37.0527
37.0536
37.0544
37.0548
37.0549
37.0549
37.0548
37.0544
37.0536
37.0527
37.0551
37.0559
37.0565
37.0568
37.0569
37.0569
37.0568
37.0565
37.0559
37.0551
37.0581
37.058
37.0582
37.0582
37.0582
37.0582
37.0582
37.0582
37.058
37.0581
33.8168
33.8169
33.817
33.817
33.8171
33.8171
33.817
33.817
33.8169
33.8168
33.8175
33.8177
33.8179
33.818
33.818
33.818
33.818
33.8179
33.8177
33.8175
33.8186
33.8188
33.819
33.8192
33.8193
33.8193
33.8192
33.819
33.8188
33.8186
33.8197
33.8201
33.8204
33.8206
33.8207
33.8207
33.8206
33.8204
33.8201
33.8197
33.821
33.8214
33.8217
33.822
33.8221
33.8221
33.822
33.8217
33.8214
33.821
33.8222
33.8227
33.8231
33.8233
33.8234
33.8234
33.8233
33.8231
33.8227
33.8222
33.8234
33.8239
33.8243
33.8245
33.8247
33.8247
33.8245
33.8243
33.8239
33.8234
33.8245
33.825
33.8254
33.8256
33.8258
33.8258
33.8256
33.8254
33.825
33.8245
33.8255
33.826
33.8264
33.8266
33.8267
33.8267
33.8266
33.8264
33.826
33.8255
33.8268
33.827
33.8272
33.8273
33.8273
33.8273
33.8273
33.8272
33.827
33.8268
30.5996
30.5996
30.5996
30.5996
30.5996
30.5996
30.5996
30.5996
30.5996
30.5996
30.5998
30.5998
30.5999
30.5999
30.5999
30.5999
30.5999
30.5999
30.5998
30.5998
30.6001
30.6002
30.6003
30.6003
30.6003
30.6003
30.6003
30.6003
30.6002
30.6001
30.6006
30.6007
30.6008
30.6009
30.6009
30.6009
30.6009
30.6008
30.6007
30.6006
30.6012
30.6014
30.6015
30.6016
30.6016
30.6016
30.6016
30.6015
30.6014
30.6012
30.6018
30.602
30.6022
30.6023
30.6023
30.6023
30.6023
30.6022
30.602
30.6018
30.6024
30.6027
30.6029
30.603
30.603
30.603
30.603
30.6029
30.6027
30.6024
30.6031
30.6033
30.6035
30.6037
30.6037
30.6037
30.6037
30.6035
30.6033
30.6031
30.6037
30.604
30.6042
30.6043
30.6044
30.6044
30.6043
30.6042
30.604
30.6037
30.6045
30.6046
30.6048
30.6049
30.6049
30.6049
30.6049
30.6048
30.6046
30.6045
27.3797
27.3797
27.3797
27.3797
27.3797
27.3797
27.3797
27.3797
27.3797
27.3797
27.3797
27.3797
27.3797
27.3797
27.3798
27.3798
27.3797
27.3797
27.3797
27.3797
27.3798
27.3798
27.3798
27.3799
27.3799
27.3799
27.3799
27.3798
27.3798
27.3798
27.3799
27.38
27.38
27.38
27.3801
27.3801
27.38
27.38
27.38
27.3799
27.3801
27.3802
27.3802
27.3803
27.3803
27.3803
27.3803
27.3802
27.3802
27.3801
27.3803
27.3804
27.3805
27.3806
27.3806
27.3806
27.3806
27.3805
27.3804
27.3803
27.3806
27.3807
27.3808
27.3809
27.3809
27.3809
27.3809
27.3808
27.3807
27.3806
27.3809
27.381
27.3811
27.3811
27.3812
27.3812
27.3811
27.3811
27.381
27.3809
27.3811
27.3813
27.3814
27.3814
27.3814
27.3814
27.3814
27.3814
27.3813
27.3811
27.3814
27.3815
27.3816
27.3817
27.3817
27.3817
27.3817
27.3816
27.3815
27.3814
24.1592
24.1592
24.1592
24.1592
24.1592
24.1592
24.1592
24.1592
24.1592
24.1592
24.1592
24.1592
24.1592
24.1592
24.1592
24.1592
24.1592
24.1592
24.1592
24.1592
24.1592
24.1592
24.1592
24.1592
24.1592
24.1592
24.1592
24.1592
24.1592
24.1592
24.1593
24.1593
24.1593
24.1593
24.1593
24.1593
24.1593
24.1593
24.1593
24.1593
24.1594
24.1594
24.1594
24.1594
24.1594
24.1594
24.1594
24.1594
24.1594
24.1594
24.1595
24.1595
24.1595
24.1595
24.1596
24.1596
24.1595
24.1595
24.1595
24.1595
24.1596
24.1596
24.1597
24.1597
24.1597
24.1597
24.1597
24.1597
24.1596
24.1596
24.1597
24.1598
24.1598
24.1598
24.1599
24.1599
24.1598
24.1598
24.1598
24.1597
24.1598
24.1599
24.16
24.16
24.16
24.16
24.16
24.16
24.1599
24.1598
24.16
24.1601
24.1601
24.1601
24.1601
24.1601
24.1601
24.1601
24.1601
24.16
20.9382
20.9382
20.9382
20.9382
20.9382
20.9382
20.9382
20.9382
20.9382
20.9382
20.9382
20.9382
20.9382
20.9382
20.9382
20.9382
20.9382
20.9382
20.9382
20.9382
20.9382
20.9382
20.9382
20.9382
20.9382
20.9382
20.9382
20.9382
20.9382
20.9382
20.9382
20.9382
20.9382
20.9382
20.9382
20.9382
20.9382
20.9382
20.9382
20.9382
20.9382
20.9382
20.9382
20.9382
20.9382
20.9382
20.9382
20.9382
20.9382
20.9382
20.9382
20.9383
20.9383
20.9383
20.9383
20.9383
20.9383
20.9383
20.9383
20.9382
20.9383
20.9383
20.9383
20.9383
20.9383
20.9383
20.9383
20.9383
20.9383
20.9383
20.9383
20.9384
20.9384
20.9384
20.9384
20.9384
20.9384
20.9384
20.9384
20.9383
20.9384
20.9384
20.9384
20.9384
20.9385
20.9385
20.9384
20.9384
20.9384
20.9384
20.9384
20.9385
20.9385
20.9385
20.9385
20.9385
20.9385
20.9385
20.9385
20.9384
17.7171
17.7171
17.7171
17.7171
17.7171
17.7171
17.7171
17.7171
17.7171
17.7171
17.7171
17.7171
17.7171
17.7171
17.717
17.717
17.717
17.7171
17.7171
17.7171
17.717
17.717
17.717
17.717
17.717
17.717
17.717
17.717
17.717
17.717
17.717
17.717
17.717
17.717
17.717
17.717
17.717
17.717
17.717
17.717
17.717
17.7171
17.7171
17.7171
17.7171
17.7171
17.7171
17.7171
17.7171
17.717
17.7171
17.7171
17.7171
17.7171
17.7171
17.7171
17.7171
17.7171
17.7171
17.7171
17.7171
17.7171
17.7171
17.7171
17.7171
17.7171
17.7171
17.7171
17.7171
17.7171
17.7171
17.7171
17.7171
17.7171
17.7171
17.7171
17.7171
17.7171
17.7171
17.7171
17.7171
17.7171
17.7171
17.7172
17.7172
17.7172
17.7172
17.7171
17.7171
17.7171
17.7171
17.7172
17.7172
17.7172
17.7172
17.7172
17.7172
17.7172
17.7172
17.7171
14.4958
14.4958
14.4958
14.4958
14.4958
14.4958
14.4958
14.4958
14.4958
14.4958
14.4958
14.4958
14.4958
14.4958
14.4958
14.4958
14.4958
14.4958
14.4958
14.4958
14.4958
14.4958
14.4958
14.4958
14.4958
14.4958
14.4958
14.4958
14.4958
14.4958
14.4958
14.4958
14.4958
14.4958
14.4958
14.4958
14.4958
14.4958
14.4958
14.4958
14.4958
14.4958
14.4958
14.4958
14.4958
14.4958
14.4958
14.4958
14.4958
14.4958
14.4958
14.4958
14.4958
14.4958
14.4958
14.4958
14.4958
14.4958
14.4958
14.4958
14.4958
14.4958
14.4958
14.4958
14.4958
14.4958
14.4958
14.4958
14.4958
14.4958
14.4958
14.4958
14.4958
14.4958
14.4958
14.4958
14.4958
14.4958
14.4958
14.4958
14.4958
14.4958
14.4958
14.4958
14.4958
14.4958
14.4958
14.4958
14.4958
14.4958
14.4958
14.4958
14.4958
14.4958
14.4958
14.4958
14.4958
14.4958
14.4958
14.4958
11.2745
11.2745
11.2745
11.2745
11.2745
11.2745
11.2745
11.2745
11.2745
11.2745
11.2745
11.2745
11.2745
11.2745
11.2745
11.2745
11.2745
11.2745
11.2745
11.2745
11.2745
11.2745
11.2745
11.2745
11.2745
11.2745
11.2745
11.2745
11.2745
11.2745
11.2745
11.2745
11.2745
11.2745
11.2745
11.2745
11.2745
11.2745
11.2745
11.2745
11.2745
11.2745
11.2745
11.2745
11.2745
11.2745
11.2745
11.2745
11.2745
11.2745
11.2745
11.2745
11.2745
11.2745
11.2745
11.2745
11.2745
11.2745
11.2745
11.2745
11.2745
11.2745
11.2745
11.2745
11.2745
11.2745
11.2745
11.2745
11.2745
11.2745
11.2745
11.2745
11.2745
11.2745
11.2745
11.2745
11.2745
11.2745
11.2745
11.2745
11.2745
11.2745
11.2745
11.2745
11.2745
11.2745
11.2745
11.2745
11.2745
11.2745
11.2745
11.2745
11.2745
11.2745
11.2745
11.2745
11.2745
11.2745
11.2745
11.2745
8.05324
8.05324
8.05324
8.05324
8.05324
8.05324
8.05324
8.05324
8.05324
8.05324
8.05324
8.05324
8.05324
8.05324
8.05324
8.05324
8.05324
8.05324
8.05324
8.05324
8.05324
8.05324
8.05324
8.05324
8.05324
8.05324
8.05324
8.05324
8.05324
8.05324
8.05324
8.05324
8.05323
8.05323
8.05323
8.05323
8.05323
8.05323
8.05324
8.05324
8.05323
8.05323
8.05323
8.05323
8.05323
8.05323
8.05323
8.05323
8.05323
8.05323
8.05323
8.05323
8.05323
8.05323
8.05323
8.05323
8.05323
8.05323
8.05323
8.05323
8.05323
8.05323
8.05323
8.05323
8.05323
8.05323
8.05323
8.05323
8.05323
8.05323
8.05323
8.05324
8.05324
8.05324
8.05324
8.05324
8.05324
8.05324
8.05323
8.05323
8.05324
8.05324
8.05324
8.05324
8.05324
8.05324
8.05324
8.05324
8.05324
8.05324
8.05324
8.05324
8.05324
8.05324
8.05324
8.05324
8.05324
8.05324
8.05324
8.05324
4.83195
4.83195
4.83195
4.83195
4.83195
4.83195
4.83195
4.83195
4.83195
4.83195
4.83195
4.83195
4.83195
4.83194
4.83194
4.83194
4.83194
4.83195
4.83195
4.83195
4.83194
4.83194
4.83194
4.83194
4.83194
4.83194
4.83194
4.83194
4.83194
4.83194
4.83194
4.83194
4.83194
4.83194
4.83194
4.83194
4.83194
4.83194
4.83194
4.83194
4.83194
4.83194
4.83194
4.83194
4.83194
4.83194
4.83194
4.83194
4.83194
4.83194
4.83194
4.83194
4.83194
4.83194
4.83194
4.83194
4.83194
4.83194
4.83194
4.83194
4.83194
4.83194
4.83194
4.83194
4.83194
4.83194
4.83194
4.83194
4.83194
4.83194
4.83194
4.83194
4.83194
4.83194
4.83194
4.83194
4.83194
4.83194
4.83194
4.83194
4.83194
4.83194
4.83194
4.83194
4.83194
4.83194
4.83194
4.83194
4.83194
4.83194
4.83194
4.83194
4.83194
4.83194
4.83194
4.83194
4.83194
4.83194
4.83194
4.83194
1.61065
1.61065
1.61065
1.61065
1.61065
1.61065
1.61065
1.61065
1.61065
1.61065
1.61065
1.61065
1.61065
1.61065
1.61065
1.61065
1.61065
1.61065
1.61065
1.61065
1.61065
1.61065
1.61065
1.61065
1.61065
1.61065
1.61065
1.61065
1.61065
1.61065
1.61065
1.61065
1.61065
1.61065
1.61065
1.61065
1.61065
1.61065
1.61065
1.61065
1.61065
1.61065
1.61065
1.61065
1.61065
1.61065
1.61065
1.61065
1.61065
1.61065
1.61065
1.61065
1.61065
1.61065
1.61065
1.61065
1.61065
1.61065
1.61065
1.61065
1.61065
1.61065
1.61065
1.61065
1.61065
1.61065
1.61065
1.61065
1.61065
1.61065
1.61065
1.61065
1.61065
1.61065
1.61065
1.61065
1.61065
1.61065
1.61065
1.61065
1.61065
1.61064
1.61064
1.61064
1.61064
1.61064
1.61064
1.61064
1.61064
1.61064
1.61064
1.61064
1.61064
1.61064
1.61064
1.61064
1.61064
1.61064
1.61064
1.61064
98.3154
97.7349
97.3703
97.1038
96.9656
96.9656
97.1038
97.3703
97.7349
98.3154
89.2012
88.3535
87.7953
87.4006
87.1973
87.1973
87.4006
87.7953
88.3535
89.2012
81.6343
80.6589
80.0223
79.5787
79.3512
79.3512
79.5787
80.0223
80.6589
81.6343
76.4098
75.4077
74.7621
74.3189
74.0918
74.0918
74.3189
74.7621
75.4077
76.4098
72.4894
71.4946
70.8569
70.4278
70.208
70.208
70.4278
70.8569
71.4946
72.4894
69.3142
68.3463
67.7244
67.3162
67.1076
67.1076
67.3162
67.7244
68.3463
69.3142
66.6952
65.7752
65.1787
64.7976
64.6036
64.6036
64.7976
65.1787
65.7752
66.6952
64.5263
63.6775
63.1187
62.7702
62.5935
62.5935
62.7702
63.1187
63.6775
64.5263
62.7276
61.9661
61.4577
61.1465
60.989
60.989
61.1465
61.4577
61.9661
62.7276
61.3192
60.5579
60.1082
59.8347
59.6961
59.6961
59.8347
60.1082
60.5579
61.3192
62.422
62.5944
62.7821
62.9086
62.9741
62.9741
62.9086
62.7821
62.5944
62.422
62.8444
62.9389
63.0654
63.1465
63.188
63.188
63.1465
63.0654
62.9389
62.8444
62.8216
62.8188
62.8714
62.8996
62.9137
62.9137
62.8996
62.8714
62.8188
62.8216
62.4122
62.3193
62.304
62.2856
62.2756
62.2756
62.2856
62.304
62.3193
62.4122
61.8183
61.6516
61.5785
61.5227
61.4933
61.4933
61.5226
61.5785
61.6516
61.8183
61.1491
60.9267
60.8068
60.723
60.6792
60.6792
60.723
60.8068
60.9267
61.1491
60.4593
60.2014
60.0477
59.9456
59.8927
59.8927
59.9456
60.0477
60.2014
60.4593
59.7803
59.5107
59.3387
59.228
59.1709
59.1709
59.228
59.3387
59.5107
59.7803
59.148
58.8825
58.704
58.5919
58.5338
58.5338
58.5919
58.704
58.8825
59.148
58.6653
58.318
58.1346
58.0218
57.9631
57.9631
58.0218
58.1346
58.318
58.6653
57.8272
57.8128
57.8146
57.8111
57.8096
57.8096
57.8111
57.8146
57.8128
57.8272
58.2377
58.2211
58.2223
58.2172
58.2146
58.2146
58.2172
58.2223
58.2211
58.2377
58.5777
58.5427
58.5324
58.5176
58.5097
58.5097
58.5176
58.5324
58.5427
58.5777
58.6309
58.5628
58.5304
58.4997
58.4833
58.4833
58.4997
58.5304
58.5628
58.6309
58.4875
58.3841
58.3275
58.2808
58.2561
58.2561
58.2808
58.3275
58.3841
58.4875
58.2414
58.1076
58.0287
57.9687
57.9371
57.9371
57.9687
58.0287
58.1076
58.2414
57.9411
57.7851
57.6881
57.6186
57.5822
57.5822
57.6186
57.6881
57.7851
57.9411
57.6133
57.447
57.3387
57.2644
57.2255
57.2255
57.2644
57.3387
57.447
57.6133
57.2908
57.122
57.0063
56.9297
56.8896
56.8896
56.9297
57.0063
57.122
57.2908
57.0486
56.8158
56.6896
56.6092
56.5674
56.5674
56.6092
56.6896
56.8158
57.0486
53.1313
53.151
53.1759
53.1919
53.2003
53.2003
53.1919
53.1759
53.151
53.1313
53.3412
53.3648
53.3937
53.412
53.4217
53.4217
53.412
53.3937
53.3648
53.3412
53.5196
53.5409
53.5695
53.587
53.5962
53.5962
53.587
53.5695
53.5409
53.5196
53.6056
53.6165
53.6384
53.6505
53.6568
53.6568
53.6505
53.6384
53.6165
53.6056
53.6201
53.6168
53.6283
53.6329
53.6352
53.6352
53.6329
53.6283
53.6168
53.6201
53.5866
53.5684
53.5685
53.5655
53.5637
53.5637
53.5655
53.5685
53.5684
53.5866
53.5186
53.4876
53.4771
53.4673
53.462
53.462
53.4673
53.4771
53.4876
53.5186
53.4258
53.3869
53.368
53.3532
53.3452
53.3452
53.3532
53.368
53.3869
53.4258
53.3263
53.2816
53.2546
53.2352
53.2247
53.2247
53.2352
53.2546
53.2816
53.3263
53.2652
53.1767
53.1358
53.1091
53.0949
53.0949
53.1091
53.1358
53.1767
53.2652
49.9278
49.9279
49.9299
49.93
49.9301
49.9301
49.93
49.9299
49.9279
49.9278
50.0261
50.0298
50.035
50.0373
50.0385
50.0385
50.0373
50.035
50.0298
50.0261
50.1266
50.1317
50.1386
50.1417
50.1432
50.1432
50.1416
50.1386
50.1317
50.1266
50.1949
50.198
50.2038
50.2058
50.2067
50.2067
50.2058
50.2038
50.198
50.1949
50.2332
50.2319
50.2349
50.2346
50.2342
50.2342
50.2346
50.2349
50.2319
50.2331
50.2482
50.2417
50.2409
50.2378
50.236
50.236
50.2378
50.2409
50.2417
50.2482
50.2449
50.2332
50.2284
50.2228
50.2196
50.2196
50.2228
50.2284
50.2332
50.2449
50.2275
50.2122
50.204
50.1963
50.192
50.192
50.1963
50.204
50.2122
50.2275
50.2054
50.1866
50.1741
50.164
50.1585
50.1585
50.164
50.1741
50.1866
50.2054
50.2
50.1583
50.1377
50.1234
50.1158
50.1158
50.1234
50.1377
50.1583
50.2
46.6266
46.6297
46.6334
46.6356
46.6367
46.6367
46.6356
46.6334
46.6297
46.6266
46.6676
46.6724
46.6777
46.681
46.6827
46.6827
46.681
46.6777
46.6724
46.6676
46.7093
46.7153
46.7218
46.7258
46.728
46.728
46.7258
46.7218
46.7153
46.7093
46.7408
46.7466
46.7533
46.7573
46.7594
46.7594
46.7573
46.7533
46.7466
46.7408
46.7622
46.7667
46.7728
46.7761
46.7778
46.7778
46.7761
46.7728
46.7667
46.7622
46.7748
46.7775
46.7822
46.7845
46.7856
46.7856
46.7845
46.7822
46.7775
46.7748
46.7797
46.7804
46.7835
46.7846
46.7851
46.7851
46.7846
46.7835
46.7804
46.7797
46.778
46.7771
46.7786
46.7787
46.7785
46.7785
46.7787
46.7786
46.7771
46.778
46.7739
46.7712
46.7703
46.7689
46.768
46.768
46.7689
46.7703
46.7712
46.7739
46.778
46.7635
46.7577
46.7535
46.7513
46.7513
46.7535
46.7577
46.7635
46.778
43.4504
43.4509
43.4514
43.4516
43.4517
43.4517
43.4516
43.4514
43.4509
43.4504
43.4676
43.4689
43.4703
43.4709
43.4713
43.4713
43.4709
43.4703
43.4689
43.4676
43.4872
43.4893
43.4914
43.4925
43.493
43.493
43.4925
43.4914
43.4893
43.4872
43.5042
43.5065
43.509
43.5102
43.5109
43.5109
43.5102
43.509
43.5065
43.5042
43.5179
43.5202
43.5226
43.5238
43.5244
43.5244
43.5238
43.5226
43.5202
43.5179
43.5286
43.5305
43.5327
43.5337
43.5341
43.5341
43.5337
43.5327
43.5305
43.5286
43.5364
43.5378
43.5396
43.5403
43.5405
43.5405
43.5403
43.5396
43.5378
43.5364
43.5417
43.5426
43.544
43.5443
43.5443
43.5443
43.5443
43.544
43.5426
43.5417
43.5462
43.5464
43.5468
43.5465
43.5462
43.5462
43.5464
43.5468
43.5464
43.5462
43.5541
43.5492
43.5473
43.5457
43.5449
43.5449
43.5457
43.5473
43.5492
43.5541
40.2382
40.2387
40.2394
40.2397
40.2399
40.2399
40.2397
40.2394
40.2387
40.2382
40.2447
40.2457
40.2466
40.2472
40.2475
40.2475
40.2472
40.2466
40.2457
40.2447
40.2522
40.2535
40.2548
40.2557
40.2561
40.2561
40.2557
40.2548
40.2535
40.2522
40.2591
40.2606
40.2622
40.2631
40.2636
40.2636
40.2631
40.2622
40.2606
40.2591
40.2651
40.2667
40.2684
40.2694
40.2699
40.2699
40.2694
40.2684
40.2667
40.2651
40.2702
40.2718
40.2734
40.2743
40.2748
40.2748
40.2743
40.2734
40.2718
40.2702
40.2742
40.2756
40.2772
40.278
40.2784
40.2784
40.278
40.2772
40.2756
40.2742
40.2771
40.2785
40.2798
40.2805
40.2809
40.2809
40.2805
40.2798
40.2785
40.2771
40.2798
40.2808
40.2817
40.2821
40.2823
40.2823
40.2821
40.2817
40.2808
40.2798
40.2839
40.2827
40.2825
40.2822
40.2821
40.2821
40.2822
40.2825
40.2827
40.2839
37.0328
37.0329
37.033
37.0331
37.0331
37.0331
37.0331
37.033
37.0329
37.0328
37.0352
37.0355
37.0358
37.0359
37.036
37.036
37.0359
37.0358
37.0355
37.0352
37.0384
37.0389
37.0393
37.0395
37.0396
37.0396
37.0395
37.0393
37.0389
37.0384
37.0416
37.0422
37.0428
37.0431
37.0433
37.0433
37.0431
37.0428
37.0422
37.0416
37.0447
37.0455
37.0461
37.0465
37.0467
37.0467
37.0465
37.0461
37.0455
37.0447
37.0477
37.0485
37.0492
37.0496
37.0498
37.0498
37.0496
37.0492
37.0485
37.0477
37.0503
37.0512
37.052
37.0524
37.0526
37.0526
37.0524
37.052
37.0512
37.0503
37.0527
37.0536
37.0544
37.0548
37.0549
37.0549
37.0548
37.0544
37.0536
37.0527
37.0551
37.0559
37.0565
37.0568
37.0569
37.0569
37.0568
37.0565
37.0559
37.0551
37.0581
37.058
37.0582
37.0582
37.0582
37.0582
37.0582
37.0582
37.058
37.0581
33.8168
33.8169
33.817
33.817
33.8171
33.8171
33.817
33.817
33.8169
33.8168
33.8175
33.8177
33.8179
33.818
33.818
33.818
33.818
33.8179
33.8177
33.8175
33.8186
33.8188
33.819
33.8192
33.8193
33.8193
33.8192
33.819
33.8188
33.8186
33.8197
33.8201
33.8204
33.8206
33.8207
33.8207
33.8206
33.8204
33.8201
33.8197
33.821
33.8214
33.8217
33.822
33.8221
33.8221
33.822
33.8217
33.8214
33.821
33.8222
33.8227
33.8231
33.8233
33.8234
33.8234
33.8233
33.8231
33.8227
33.8222
33.8234
33.8239
33.8243
33.8245
33.8247
33.8247
33.8245
33.8243
33.8239
33.8234
33.8245
33.825
33.8254
33.8256
33.8258
33.8258
33.8256
33.8254
33.825
33.8245
33.8255
33.826
33.8264
33.8266
33.8267
33.8267
33.8266
33.8264
33.826
33.8255
33.8268
33.827
33.8272
33.8273
33.8273
33.8273
33.8273
33.8272
33.827
33.8268
30.5996
30.5996
30.5996
30.5996
30.5996
30.5996
30.5996
30.5996
30.5996
30.5996
30.5998
30.5998
30.5999
30.5999
30.5999
30.5999
30.5999
30.5999
30.5998
30.5998
30.6001
30.6002
30.6003
30.6003
30.6003
30.6003
30.6003
30.6003
30.6002
30.6001
30.6006
30.6007
30.6008
30.6009
30.6009
30.6009
30.6009
30.6008
30.6007
30.6006
30.6012
30.6014
30.6015
30.6016
30.6016
30.6016
30.6016
30.6015
30.6014
30.6012
30.6018
30.602
30.6022
30.6023
30.6023
30.6023
30.6023
30.6022
30.602
30.6018
30.6024
30.6027
30.6029
30.603
30.603
30.603
30.603
30.6029
30.6027
30.6024
30.6031
30.6033
30.6035
30.6037
30.6037
30.6037
30.6037
30.6035
30.6033
30.6031
30.6037
30.604
30.6042
30.6043
30.6044
30.6044
30.6043
30.6042
30.604
30.6037
30.6045
30.6046
30.6048
30.6049
30.6049
30.6049
30.6049
30.6048
30.6046
30.6045
27.3797
27.3797
27.3797
27.3797
27.3797
27.3797
27.3797
27.3797
27.3797
27.3797
27.3797
27.3797
27.3797
27.3797
27.3798
27.3798
27.3797
27.3797
27.3797
27.3797
27.3798
27.3798
27.3798
27.3799
27.3799
27.3799
27.3799
27.3798
27.3798
27.3798
27.3799
27.38
27.38
27.38
27.3801
27.3801
27.38
27.38
27.38
27.3799
27.3801
27.3802
27.3802
27.3803
27.3803
27.3803
27.3803
27.3802
27.3802
27.3801
27.3803
27.3804
27.3805
27.3806
27.3806
27.3806
27.3806
27.3805
27.3804
27.3803
27.3806
27.3807
27.3808
27.3809
27.3809
27.3809
27.3809
27.3808
27.3807
27.3806
27.3809
27.381
27.3811
27.3811
27.3812
27.3812
27.3811
27.3811
27.381
27.3809
27.3811
27.3813
27.3814
27.3814
27.3814
27.3814
27.3814
27.3814
27.3813
27.3811
27.3814
27.3815
27.3816
27.3817
27.3817
27.3817
27.3817
27.3816
27.3815
27.3814
24.1592
24.1592
24.1592
24.1592
24.1592
24.1592
24.1592
24.1592
24.1592
24.1592
24.1592
24.1592
24.1592
24.1592
24.1592
24.1592
24.1592
24.1592
24.1592
24.1592
24.1592
24.1592
24.1592
24.1592
24.1592
24.1592
24.1592
24.1592
24.1592
24.1592
24.1593
24.1593
24.1593
24.1593
24.1593
24.1593
24.1593
24.1593
24.1593
24.1593
24.1594
24.1594
24.1594
24.1594
24.1594
24.1594
24.1594
24.1594
24.1594
24.1594
24.1595
24.1595
24.1595
24.1595
24.1596
24.1596
24.1595
24.1595
24.1595
24.1595
24.1596
24.1596
24.1597
24.1597
24.1597
24.1597
24.1597
24.1597
24.1596
24.1596
24.1597
24.1598
24.1598
24.1598
24.1599
24.1599
24.1598
24.1598
24.1598
24.1597
24.1598
24.1599
24.16
24.16
24.16
24.16
24.16
24.16
24.1599
24.1598
24.16
24.1601
24.1601
24.1601
24.1601
24.1601
24.1601
24.1601
24.1601
24.16
20.9382
20.9382
20.9382
20.9382
20.9382
20.9382
20.9382
20.9382
20.9382
20.9382
20.9382
20.9382
20.9382
20.9382
20.9382
20.9382
20.9382
20.9382
20.9382
20.9382
20.9382
20.9382
20.9382
20.9382
20.9382
20.9382
20.9382
20.9382
20.9382
20.9382
20.9382
20.9382
20.9382
20.9382
20.9382
20.9382
20.9382
20.9382
20.9382
20.9382
20.9382
20.9382
20.9382
20.9382
20.9382
20.9382
20.9382
20.9382
20.9382
20.9382
20.9382
20.9383
20.9383
20.9383
20.9383
20.9383
20.9383
20.9383
20.9383
20.9382
20.9383
20.9383
20.9383
20.9383
20.9383
20.9383
20.9383
20.9383
20.9383
20.9383
20.9383
20.9384
20.9384
20.9384
20.9384
20.9384
20.9384
20.9384
20.9384
20.9383
20.9384
20.9384
20.9384
20.9384
20.9385
20.9385
20.9384
20.9384
20.9384
20.9384
20.9384
20.9385
20.9385
20.9385
20.9385
20.9385
20.9385
20.9385
20.9385
20.9384
17.7171
17.7171
17.7171
17.7171
17.7171
17.7171
17.7171
17.7171
17.7171
17.7171
17.7171
17.7171
17.7171
17.717
17.717
17.717
17.7171
17.7171
17.7171
17.7171
17.717
17.717
17.717
17.717
17.717
17.717
17.717
17.717
17.717
17.717
17.717
17.717
17.717
17.717
17.717
17.717
17.717
17.717
17.717
17.717
17.717
17.7171
17.7171
17.7171
17.7171
17.7171
17.7171
17.7171
17.7171
17.717
17.7171
17.7171
17.7171
17.7171
17.7171
17.7171
17.7171
17.7171
17.7171
17.7171
17.7171
17.7171
17.7171
17.7171
17.7171
17.7171
17.7171
17.7171
17.7171
17.7171
17.7171
17.7171
17.7171
17.7171
17.7171
17.7171
17.7171
17.7171
17.7171
17.7171
17.7171
17.7171
17.7171
17.7172
17.7172
17.7172
17.7172
17.7171
17.7171
17.7171
17.7171
17.7172
17.7172
17.7172
17.7172
17.7172
17.7172
17.7172
17.7172
17.7171
14.4958
14.4958
14.4958
14.4958
14.4958
14.4958
14.4958
14.4958
14.4958
14.4958
14.4958
14.4958
14.4958
14.4958
14.4958
14.4958
14.4958
14.4958
14.4958
14.4958
14.4958
14.4958
14.4958
14.4958
14.4958
14.4958
14.4958
14.4958
14.4958
14.4958
14.4958
14.4958
14.4958
14.4958
14.4958
14.4958
14.4958
14.4958
14.4958
14.4958
14.4958
14.4958
14.4958
14.4958
14.4958
14.4958
14.4958
14.4958
14.4958
14.4958
14.4958
14.4958
14.4958
14.4958
14.4958
14.4958
14.4958
14.4958
14.4958
14.4958
14.4958
14.4958
14.4958
14.4958
14.4958
14.4958
14.4958
14.4958
14.4958
14.4958
14.4958
14.4958
14.4958
14.4958
14.4958
14.4958
14.4958
14.4958
14.4958
14.4958
14.4958
14.4958
14.4958
14.4958
14.4958
14.4958
14.4958
14.4958
14.4958
14.4958
14.4958
14.4958
14.4958
14.4958
14.4958
14.4958
14.4958
14.4958
14.4958
14.4958
11.2745
11.2745
11.2745
11.2745
11.2745
11.2745
11.2745
11.2745
11.2745
11.2745
11.2745
11.2745
11.2745
11.2745
11.2745
11.2745
11.2745
11.2745
11.2745
11.2745
11.2745
11.2745
11.2745
11.2745
11.2745
11.2745
11.2745
11.2745
11.2745
11.2745
11.2745
11.2745
11.2745
11.2745
11.2745
11.2745
11.2745
11.2745
11.2745
11.2745
11.2745
11.2745
11.2745
11.2745
11.2745
11.2745
11.2745
11.2745
11.2745
11.2745
11.2745
11.2745
11.2745
11.2745
11.2745
11.2745
11.2745
11.2745
11.2745
11.2745
11.2745
11.2745
11.2745
11.2745
11.2745
11.2745
11.2745
11.2745
11.2745
11.2745
11.2745
11.2745
11.2745
11.2745
11.2745
11.2745
11.2745
11.2745
11.2745
11.2745
11.2745
11.2745
11.2745
11.2745
11.2745
11.2745
11.2745
11.2745
11.2745
11.2745
11.2745
11.2745
11.2745
11.2745
11.2745
11.2745
11.2745
11.2745
11.2745
11.2745
8.05324
8.05324
8.05324
8.05324
8.05324
8.05324
8.05324
8.05324
8.05324
8.05324
8.05324
8.05324
8.05324
8.05324
8.05324
8.05324
8.05324
8.05324
8.05324
8.05324
8.05324
8.05324
8.05324
8.05324
8.05324
8.05324
8.05324
8.05324
8.05324
8.05324
8.05324
8.05324
8.05323
8.05323
8.05323
8.05323
8.05323
8.05323
8.05324
8.05324
8.05323
8.05323
8.05323
8.05323
8.05323
8.05323
8.05323
8.05323
8.05323
8.05323
8.05323
8.05323
8.05323
8.05323
8.05323
8.05323
8.05323
8.05323
8.05323
8.05323
8.05323
8.05323
8.05323
8.05323
8.05323
8.05323
8.05323
8.05323
8.05323
8.05323
8.05323
8.05323
8.05324
8.05324
8.05324
8.05324
8.05324
8.05324
8.05324
8.05323
8.05324
8.05324
8.05324
8.05324
8.05324
8.05324
8.05324
8.05324
8.05324
8.05324
8.05324
8.05324
8.05324
8.05324
8.05324
8.05324
8.05324
8.05324
8.05324
8.05324
4.83195
4.83195
4.83195
4.83195
4.83195
4.83195
4.83195
4.83195
4.83195
4.83195
4.83195
4.83195
4.83195
4.83194
4.83194
4.83194
4.83194
4.83195
4.83195
4.83195
4.83194
4.83194
4.83194
4.83194
4.83194
4.83194
4.83194
4.83194
4.83194
4.83194
4.83194
4.83194
4.83194
4.83194
4.83194
4.83194
4.83194
4.83194
4.83194
4.83194
4.83194
4.83194
4.83194
4.83194
4.83194
4.83194
4.83194
4.83194
4.83194
4.83194
4.83194
4.83194
4.83194
4.83194
4.83194
4.83194
4.83194
4.83194
4.83194
4.83194
4.83194
4.83194
4.83194
4.83194
4.83194
4.83194
4.83194
4.83194
4.83194
4.83194
4.83194
4.83194
4.83194
4.83194
4.83194
4.83194
4.83194
4.83194
4.83194
4.83194
4.83194
4.83194
4.83194
4.83194
4.83194
4.83194
4.83194
4.83194
4.83194
4.83194
4.83194
4.83194
4.83194
4.83194
4.83194
4.83194
4.83194
4.83194
4.83194
4.83194
1.61065
1.61065
1.61065
1.61065
1.61065
1.61065
1.61065
1.61065
1.61065
1.61065
1.61065
1.61065
1.61065
1.61065
1.61065
1.61065
1.61065
1.61065
1.61065
1.61065
1.61065
1.61065
1.61065
1.61065
1.61065
1.61065
1.61065
1.61065
1.61065
1.61065
1.61065
1.61065
1.61065
1.61065
1.61065
1.61065
1.61065
1.61065
1.61065
1.61065
1.61065
1.61065
1.61065
1.61065
1.61065
1.61065
1.61065
1.61065
1.61065
1.61065
1.61065
1.61065
1.61065
1.61065
1.61065
1.61065
1.61065
1.61065
1.61065
1.61065
1.61065
1.61065
1.61065
1.61065
1.61065
1.61065
1.61065
1.61065
1.61065
1.61065
1.61065
1.61065
1.61065
1.61065
1.61065
1.61065
1.61065
1.61065
1.61065
1.61065
1.61064
1.61064
1.61064
1.61064
1.61064
1.61064
1.61064
1.61064
1.61064
1.61065
1.61064
1.61064
1.61064
1.61064
1.61064
1.61064
1.61064
1.61064
1.61064
1.61064
98.3154
97.7349
97.3703
97.1038
96.9656
96.9656
97.1038
97.3703
97.7349
98.3154
89.2012
88.3535
87.7953
87.4006
87.1973
87.1973
87.4006
87.7953
88.3535
89.2012
81.6343
80.6589
80.0223
79.5787
79.3512
79.3512
79.5787
80.0223
80.6589
81.6343
76.4098
75.4077
74.7621
74.3189
74.0918
74.0918
74.3189
74.7621
75.4077
76.4098
72.4894
71.4946
70.8569
70.4277
70.208
70.208
70.4277
70.8569
71.4946
72.4894
69.3141
68.3463
67.7244
67.3162
67.1076
67.1076
67.3162
67.7244
68.3463
69.3141
66.6952
65.7752
65.1787
64.7976
64.6036
64.6036
64.7976
65.1787
65.7752
66.6952
64.5263
63.6775
63.1187
62.7702
62.5935
62.5935
62.7702
63.1187
63.6775
64.5263
62.7276
61.9661
61.4577
61.1465
60.989
60.989
61.1465
61.4576
61.9661
62.7275
61.3192
60.5579
60.1082
59.8347
59.6961
59.6961
59.8347
60.1082
60.5579
61.3192
62.422
62.5944
62.7821
62.9086
62.9741
62.9741
62.9086
62.7821
62.5944
62.422
62.8444
62.9389
63.0654
63.1465
63.188
63.188
63.1465
63.0654
62.9389
62.8444
62.8216
62.8188
62.8714
62.8996
62.9137
62.9137
62.8996
62.8714
62.8188
62.8216
62.4122
62.3193
62.304
62.2856
62.2755
62.2755
62.2856
62.304
62.3193
62.4122
61.8183
61.6516
61.5785
61.5226
61.4933
61.4933
61.5226
61.5785
61.6516
61.8183
61.1491
60.9267
60.8068
60.723
60.6792
60.6792
60.723
60.8068
60.9267
61.1491
60.4593
60.2014
60.0477
59.9456
59.8927
59.8927
59.9456
60.0477
60.2014
60.4593
59.7803
59.5107
59.3387
59.228
59.1709
59.1709
59.228
59.3387
59.5107
59.7803
59.148
58.8825
58.704
58.5919
58.5338
58.5338
58.5919
58.704
58.8825
59.148
58.6653
58.318
58.1346
58.0218
57.9631
57.9631
58.0218
58.1346
58.318
58.6653
57.8272
57.8128
57.8146
57.8111
57.8096
57.8096
57.8111
57.8146
57.8128
57.8272
58.2377
58.2211
58.2223
58.2172
58.2146
58.2146
58.2172
58.2223
58.2211
58.2377
58.5777
58.5427
58.5324
58.5176
58.5097
58.5097
58.5176
58.5324
58.5427
58.5777
58.6309
58.5628
58.5304
58.4997
58.4833
58.4833
58.4997
58.5304
58.5628
58.6309
58.4875
58.3841
58.3275
58.2808
58.256
58.256
58.2808
58.3275
58.3841
58.4875
58.2414
58.1076
58.0287
57.9687
57.9371
57.9371
57.9687
58.0287
58.1076
58.2414
57.9411
57.7851
57.6881
57.6186
57.5822
57.5822
57.6186
57.6881
57.785
57.9411
57.6133
57.447
57.3387
57.2644
57.2255
57.2255
57.2644
57.3387
57.447
57.6133
57.2908
57.122
57.0063
56.9297
56.8896
56.8896
56.9297
57.0063
57.122
57.2908
57.0486
56.8158
56.6896
56.6092
56.5674
56.5674
56.6092
56.6896
56.8158
57.0486
53.1313
53.151
53.1759
53.1919
53.2003
53.2003
53.1919
53.1759
53.151
53.1313
53.3412
53.3648
53.3937
53.412
53.4217
53.4217
53.412
53.3937
53.3648
53.3412
53.5196
53.5409
53.5695
53.587
53.5962
53.5962
53.587
53.5695
53.5409
53.5196
53.6056
53.6165
53.6384
53.6505
53.6568
53.6568
53.6505
53.6384
53.6165
53.6056
53.6201
53.6168
53.6283
53.6329
53.6352
53.6352
53.6329
53.6283
53.6168
53.6201
53.5866
53.5684
53.5685
53.5655
53.5637
53.5637
53.5655
53.5685
53.5684
53.5866
53.5186
53.4876
53.4771
53.4673
53.462
53.462
53.4673
53.4771
53.4876
53.5186
53.4258
53.3869
53.368
53.3532
53.3452
53.3452
53.3532
53.368
53.3869
53.4258
53.3263
53.2816
53.2546
53.2352
53.2247
53.2247
53.2352
53.2546
53.2816
53.3263
53.2652
53.1767
53.1358
53.1091
53.0949
53.0949
53.109
53.1358
53.1767
53.2652
49.9278
49.9279
49.9299
49.93
49.9301
49.9301
49.93
49.9299
49.9279
49.9278
50.0261
50.0298
50.035
50.0373
50.0385
50.0385
50.0373
50.035
50.0298
50.0261
50.1266
50.1317
50.1386
50.1416
50.1432
50.1432
50.1416
50.1386
50.1317
50.1266
50.1949
50.198
50.2038
50.2058
50.2067
50.2067
50.2058
50.2038
50.198
50.1949
50.2331
50.2319
50.2349
50.2346
50.2342
50.2342
50.2346
50.2349
50.2319
50.2331
50.2482
50.2417
50.2409
50.2378
50.236
50.236
50.2378
50.2409
50.2417
50.2482
50.2449
50.2332
50.2284
50.2228
50.2196
50.2196
50.2228
50.2284
50.2332
50.2449
50.2275
50.2122
50.204
50.1963
50.192
50.192
50.1963
50.204
50.2122
50.2275
50.2054
50.1866
50.1741
50.164
50.1585
50.1585
50.164
50.1741
50.1866
50.2054
50.2
50.1583
50.1377
50.1234
50.1158
50.1158
50.1234
50.1377
50.1583
50.2
46.6266
46.6297
46.6334
46.6356
46.6367
46.6367
46.6356
46.6334
46.6297
46.6266
46.6676
46.6724
46.6777
46.681
46.6827
46.6827
46.681
46.6777
46.6724
46.6676
46.7093
46.7153
46.7218
46.7258
46.728
46.728
46.7258
46.7218
46.7153
46.7093
46.7408
46.7466
46.7533
46.7573
46.7594
46.7594
46.7573
46.7533
46.7466
46.7408
46.7622
46.7667
46.7728
46.7761
46.7778
46.7778
46.7761
46.7728
46.7667
46.7622
46.7748
46.7775
46.7822
46.7845
46.7856
46.7856
46.7845
46.7822
46.7775
46.7748
46.7797
46.7804
46.7835
46.7846
46.7851
46.7851
46.7846
46.7835
46.7804
46.7797
46.778
46.7771
46.7786
46.7787
46.7785
46.7785
46.7787
46.7786
46.7771
46.778
46.7739
46.7712
46.7703
46.7689
46.768
46.768
46.7689
46.7703
46.7712
46.7739
46.778
46.7635
46.7577
46.7535
46.7513
46.7513
46.7535
46.7577
46.7635
46.778
43.4504
43.4509
43.4514
43.4516
43.4517
43.4517
43.4516
43.4514
43.4509
43.4504
43.4676
43.4689
43.4703
43.4709
43.4713
43.4713
43.4709
43.4703
43.4689
43.4676
43.4872
43.4893
43.4914
43.4925
43.493
43.493
43.4925
43.4913
43.4893
43.4872
43.5042
43.5065
43.509
43.5102
43.5109
43.5109
43.5102
43.509
43.5065
43.5042
43.5179
43.5202
43.5226
43.5238
43.5244
43.5244
43.5238
43.5226
43.5202
43.5179
43.5286
43.5305
43.5327
43.5337
43.5341
43.5341
43.5337
43.5327
43.5305
43.5286
43.5364
43.5378
43.5396
43.5403
43.5405
43.5405
43.5403
43.5396
43.5378
43.5364
43.5417
43.5426
43.544
43.5443
43.5443
43.5443
43.5443
43.544
43.5426
43.5417
43.5462
43.5464
43.5468
43.5464
43.5462
43.5462
43.5464
43.5468
43.5464
43.5462
43.5541
43.5492
43.5473
43.5457
43.5448
43.5448
43.5457
43.5473
43.5492
43.5541
40.2382
40.2387
40.2394
40.2397
40.2399
40.2399
40.2397
40.2394
40.2387
40.2382
40.2447
40.2457
40.2466
40.2472
40.2475
40.2475
40.2472
40.2466
40.2457
40.2447
40.2522
40.2535
40.2548
40.2557
40.2561
40.2561
40.2557
40.2548
40.2535
40.2522
40.2591
40.2606
40.2622
40.2631
40.2636
40.2636
40.2631
40.2622
40.2606
40.2591
40.2651
40.2667
40.2684
40.2694
40.2699
40.2699
40.2694
40.2684
40.2667
40.2651
40.2702
40.2718
40.2734
40.2743
40.2748
40.2748
40.2743
40.2734
40.2718
40.2702
40.2742
40.2756
40.2772
40.278
40.2784
40.2784
40.278
40.2772
40.2756
40.2742
40.2771
40.2785
40.2798
40.2805
40.2809
40.2809
40.2805
40.2798
40.2785
40.2771
40.2798
40.2808
40.2817
40.2821
40.2823
40.2823
40.2821
40.2817
40.2808
40.2798
40.2839
40.2827
40.2825
40.2822
40.2821
40.2821
40.2822
40.2825
40.2827
40.2839
37.0328
37.0329
37.033
37.0331
37.0331
37.0331
37.0331
37.033
37.0329
37.0328
37.0352
37.0355
37.0358
37.0359
37.036
37.036
37.0359
37.0358
37.0355
37.0352
37.0384
37.0389
37.0393
37.0395
37.0396
37.0396
37.0395
37.0393
37.0389
37.0384
37.0416
37.0422
37.0428
37.0431
37.0433
37.0433
37.0431
37.0428
37.0422
37.0416
37.0447
37.0455
37.0461
37.0465
37.0467
37.0467
37.0465
37.0461
37.0455
37.0447
37.0477
37.0485
37.0492
37.0496
37.0498
37.0498
37.0496
37.0492
37.0485
37.0477
37.0503
37.0512
37.052
37.0524
37.0526
37.0526
37.0524
37.052
37.0512
37.0503
37.0527
37.0536
37.0544
37.0548
37.0549
37.0549
37.0548
37.0544
37.0536
37.0527
37.0551
37.0559
37.0565
37.0568
37.0569
37.0569
37.0568
37.0565
37.0559
37.0551
37.0581
37.058
37.0582
37.0582
37.0582
37.0582
37.0582
37.0582
37.058
37.0581
33.8168
33.8169
33.817
33.817
33.817
33.817
33.817
33.817
33.8169
33.8168
33.8175
33.8177
33.8179
33.818
33.818
33.818
33.818
33.8179
33.8177
33.8175
33.8186
33.8188
33.819
33.8192
33.8193
33.8193
33.8192
33.819
33.8188
33.8186
33.8197
33.8201
33.8204
33.8206
33.8207
33.8207
33.8206
33.8204
33.8201
33.8197
33.821
33.8214
33.8217
33.822
33.8221
33.8221
33.822
33.8217
33.8214
33.821
33.8222
33.8227
33.8231
33.8233
33.8234
33.8234
33.8233
33.8231
33.8227
33.8222
33.8234
33.8239
33.8243
33.8245
33.8247
33.8247
33.8245
33.8243
33.8239
33.8234
33.8245
33.825
33.8254
33.8256
33.8258
33.8258
33.8256
33.8254
33.825
33.8245
33.8255
33.826
33.8264
33.8266
33.8267
33.8267
33.8266
33.8264
33.826
33.8255
33.8268
33.827
33.8272
33.8273
33.8273
33.8273
33.8273
33.8272
33.827
33.8268
30.5996
30.5996
30.5996
30.5996
30.5996
30.5996
30.5996
30.5996
30.5996
30.5996
30.5998
30.5998
30.5999
30.5999
30.5999
30.5999
30.5999
30.5999
30.5998
30.5998
30.6001
30.6002
30.6003
30.6003
30.6003
30.6003
30.6003
30.6003
30.6002
30.6001
30.6006
30.6007
30.6008
30.6009
30.6009
30.6009
30.6009
30.6008
30.6007
30.6006
30.6012
30.6014
30.6015
30.6016
30.6016
30.6016
30.6016
30.6015
30.6014
30.6012
30.6018
30.602
30.6022
30.6023
30.6023
30.6023
30.6023
30.6022
30.602
30.6018
30.6024
30.6027
30.6029
30.603
30.603
30.603
30.603
30.6029
30.6027
30.6024
30.6031
30.6033
30.6035
30.6037
30.6037
30.6037
30.6037
30.6035
30.6033
30.6031
30.6037
30.604
30.6042
30.6043
30.6044
30.6044
30.6043
30.6042
30.604
30.6037
30.6045
30.6046
30.6048
30.6049
30.6049
30.6049
30.6049
30.6048
30.6046
30.6045
27.3797
27.3797
27.3797
27.3797
27.3797
27.3797
27.3797
27.3797
27.3797
27.3797
27.3797
27.3797
27.3797
27.3797
27.3798
27.3798
27.3797
27.3797
27.3797
27.3797
27.3798
27.3798
27.3798
27.3799
27.3799
27.3799
27.3799
27.3798
27.3798
27.3798
27.3799
27.38
27.38
27.38
27.3801
27.3801
27.38
27.38
27.38
27.3799
27.3801
27.3802
27.3802
27.3803
27.3803
27.3803
27.3803
27.3802
27.3802
27.3801
27.3803
27.3804
27.3805
27.3806
27.3806
27.3806
27.3806
27.3805
27.3804
27.3803
27.3806
27.3807
27.3808
27.3809
27.3809
27.3809
27.3809
27.3808
27.3807
27.3806
27.3809
27.381
27.3811
27.3811
27.3812
27.3812
27.3811
27.3811
27.381
27.3809
27.3811
27.3813
27.3814
27.3814
27.3814
27.3814
27.3814
27.3814
27.3813
27.3811
27.3814
27.3815
27.3816
27.3817
27.3817
27.3817
27.3817
27.3816
27.3815
27.3814
24.1592
24.1592
24.1592
24.1592
24.1592
24.1592
24.1592
24.1592
24.1592
24.1592
24.1592
24.1592
24.1592
24.1592
24.1592
24.1592
24.1592
24.1592
24.1592
24.1592
24.1592
24.1592
24.1592
24.1592
24.1592
24.1592
24.1592
24.1592
24.1592
24.1592
24.1593
24.1593
24.1593
24.1593
24.1593
24.1593
24.1593
24.1593
24.1593
24.1593
24.1594
24.1594
24.1594
24.1594
24.1594
24.1594
24.1594
24.1594
24.1594
24.1594
24.1595
24.1595
24.1595
24.1595
24.1596
24.1596
24.1595
24.1595
24.1595
24.1595
24.1596
24.1596
24.1597
24.1597
24.1597
24.1597
24.1597
24.1597
24.1596
24.1596
24.1597
24.1598
24.1598
24.1598
24.1599
24.1599
24.1598
24.1598
24.1598
24.1597
24.1598
24.1599
24.16
24.16
24.16
24.16
24.16
24.16
24.1599
24.1598
24.16
24.1601
24.1601
24.1601
24.1601
24.1601
24.1601
24.1601
24.1601
24.16
20.9382
20.9382
20.9382
20.9382
20.9382
20.9382
20.9382
20.9382
20.9382
20.9382
20.9382
20.9382
20.9382
20.9382
20.9382
20.9382
20.9382
20.9382
20.9382
20.9382
20.9382
20.9382
20.9382
20.9382
20.9382
20.9382
20.9382
20.9382
20.9382
20.9382
20.9382
20.9382
20.9382
20.9382
20.9382
20.9382
20.9382
20.9382
20.9382
20.9382
20.9382
20.9382
20.9382
20.9382
20.9382
20.9382
20.9382
20.9382
20.9382
20.9382
20.9382
20.9383
20.9383
20.9383
20.9383
20.9383
20.9383
20.9383
20.9383
20.9382
20.9383
20.9383
20.9383
20.9383
20.9383
20.9383
20.9383
20.9383
20.9383
20.9383
20.9383
20.9384
20.9384
20.9384
20.9384
20.9384
20.9384
20.9384
20.9384
20.9383
20.9384
20.9384
20.9384
20.9384
20.9385
20.9385
20.9384
20.9384
20.9384
20.9384
20.9384
20.9385
20.9385
20.9385
20.9385
20.9385
20.9385
20.9385
20.9385
20.9384
17.7171
17.7171
17.7171
17.7171
17.7171
17.7171
17.7171
17.7171
17.7171
17.7171
17.7171
17.7171
17.7171
17.7171
17.717
17.717
17.7171
17.7171
17.7171
17.7171
17.717
17.717
17.717
17.717
17.717
17.717
17.717
17.717
17.717
17.717
17.717
17.717
17.717
17.717
17.717
17.717
17.717
17.717
17.717
17.717
17.717
17.7171
17.7171
17.7171
17.7171
17.7171
17.7171
17.7171
17.7171
17.717
17.7171
17.7171
17.7171
17.7171
17.7171
17.7171
17.7171
17.7171
17.7171
17.7171
17.7171
17.7171
17.7171
17.7171
17.7171
17.7171
17.7171
17.7171
17.7171
17.7171
17.7171
17.7171
17.7171
17.7171
17.7171
17.7171
17.7171
17.7171
17.7171
17.7171
17.7171
17.7171
17.7171
17.7172
17.7172
17.7172
17.7172
17.7171
17.7171
17.7171
17.7171
17.7172
17.7172
17.7172
17.7172
17.7172
17.7172
17.7172
17.7172
17.7171
14.4958
14.4958
14.4958
14.4958
14.4958
14.4958
14.4958
14.4958
14.4958
14.4958
14.4958
14.4958
14.4958
14.4958
14.4958
14.4958
14.4958
14.4958
14.4958
14.4958
14.4958
14.4958
14.4958
14.4958
14.4958
14.4958
14.4958
14.4958
14.4958
14.4958
14.4958
14.4958
14.4958
14.4958
14.4958
14.4958
14.4958
14.4958
14.4958
14.4958
14.4958
14.4958
14.4958
14.4958
14.4958
14.4958
14.4958
14.4958
14.4958
14.4958
14.4958
14.4958
14.4958
14.4958
14.4958
14.4958
14.4958
14.4958
14.4958
14.4958
14.4958
14.4958
14.4958
14.4958
14.4958
14.4958
14.4958
14.4958
14.4958
14.4958
14.4958
14.4958
14.4958
14.4958
14.4958
14.4958
14.4958
14.4958
14.4958
14.4958
14.4958
14.4958
14.4958
14.4958
14.4958
14.4958
14.4958
14.4958
14.4958
14.4958
14.4958
14.4958
14.4958
14.4958
14.4958
14.4958
14.4958
14.4958
14.4958
14.4958
11.2745
11.2745
11.2745
11.2745
11.2745
11.2745
11.2745
11.2745
11.2745
11.2745
11.2745
11.2745
11.2745
11.2745
11.2745
11.2745
11.2745
11.2745
11.2745
11.2745
11.2745
11.2745
11.2745
11.2745
11.2745
11.2745
11.2745
11.2745
11.2745
11.2745
11.2745
11.2745
11.2745
11.2745
11.2745
11.2745
11.2745
11.2745
11.2745
11.2745
11.2745
11.2745
11.2745
11.2745
11.2745
11.2745
11.2745
11.2745
11.2745
11.2745
11.2745
11.2745
11.2745
11.2745
11.2745
11.2745
11.2745
11.2745
11.2745
11.2745
11.2745
11.2745
11.2745
11.2745
11.2745
11.2745
11.2745
11.2745
11.2745
11.2745
11.2745
11.2745
11.2745
11.2745
11.2745
11.2745
11.2745
11.2745
11.2745
11.2745
11.2745
11.2745
11.2745
11.2745
11.2745
11.2745
11.2745
11.2745
11.2745
11.2745
11.2745
11.2745
11.2745
11.2745
11.2745
11.2745
11.2745
11.2745
11.2745
11.2745
8.05324
8.05324
8.05324
8.05324
8.05324
8.05324
8.05324
8.05324
8.05324
8.05324
8.05324
8.05324
8.05324
8.05324
8.05324
8.05324
8.05324
8.05324
8.05324
8.05324
8.05324
8.05324
8.05324
8.05324
8.05324
8.05324
8.05324
8.05324
8.05324
8.05324
8.05324
8.05324
8.05324
8.05323
8.05323
8.05323
8.05324
8.05324
8.05324
8.05324
8.05323
8.05323
8.05323
8.05323
8.05323
8.05323
8.05323
8.05323
8.05323
8.05323
8.05323
8.05323
8.05323
8.05323
8.05323
8.05323
8.05323
8.05323
8.05323
8.05323
8.05323
8.05323
8.05323
8.05323
8.05323
8.05323
8.05323
8.05323
8.05323
8.05323
8.05323
8.05324
8.05324
8.05324
8.05324
8.05324
8.05324
8.05324
8.05324
8.05323
8.05324
8.05324
8.05324
8.05324
8.05324
8.05324
8.05324
8.05324
8.05324
8.05324
8.05324
8.05324
8.05324
8.05324
8.05324
8.05324
8.05324
8.05324
8.05324
8.05324
4.83195
4.83195
4.83195
4.83195
4.83195
4.83195
4.83195
4.83195
4.83195
4.83195
4.83195
4.83195
4.83195
4.83195
4.83195
4.83195
4.83195
4.83195
4.83195
4.83195
4.83194
4.83194
4.83194
4.83194
4.83194
4.83194
4.83194
4.83194
4.83194
4.83194
4.83194
4.83194
4.83194
4.83194
4.83194
4.83194
4.83194
4.83194
4.83194
4.83194
4.83194
4.83194
4.83194
4.83194
4.83194
4.83194
4.83194
4.83194
4.83194
4.83194
4.83194
4.83194
4.83194
4.83194
4.83194
4.83194
4.83194
4.83194
4.83194
4.83194
4.83194
4.83194
4.83194
4.83194
4.83194
4.83194
4.83194
4.83194
4.83194
4.83194
4.83194
4.83194
4.83194
4.83194
4.83194
4.83194
4.83194
4.83194
4.83194
4.83194
4.83194
4.83194
4.83194
4.83194
4.83194
4.83194
4.83194
4.83194
4.83194
4.83194
4.83194
4.83194
4.83194
4.83194
4.83194
4.83194
4.83194
4.83194
4.83194
4.83194
1.61065
1.61065
1.61065
1.61065
1.61065
1.61065
1.61065
1.61065
1.61065
1.61065
1.61065
1.61065
1.61065
1.61065
1.61065
1.61065
1.61065
1.61065
1.61065
1.61065
1.61065
1.61065
1.61065
1.61065
1.61065
1.61065
1.61065
1.61065
1.61065
1.61065
1.61065
1.61065
1.61065
1.61065
1.61065
1.61065
1.61065
1.61065
1.61065
1.61065
1.61065
1.61065
1.61065
1.61065
1.61065
1.61065
1.61065
1.61065
1.61065
1.61065
1.61065
1.61065
1.61065
1.61065
1.61065
1.61065
1.61065
1.61065
1.61065
1.61065
1.61065
1.61065
1.61065
1.61065
1.61065
1.61065
1.61065
1.61065
1.61065
1.61065
1.61065
1.61065
1.61065
1.61065
1.61065
1.61065
1.61065
1.61065
1.61065
1.61065
1.61065
1.61064
1.61064
1.61064
1.61064
1.61064
1.61064
1.61064
1.61064
1.61065
1.61064
1.61064
1.61064
1.61064
1.61064
1.61064
1.61064
1.61064
1.61064
1.61064
60.3101
59.6246
59.1899
58.9132
58.7758
58.7758
58.9132
59.19
59.6246
60.3101
59.6246
59.0387
58.5969
58.3018
58.1555
58.1555
58.3018
58.5969
59.0387
59.6246
59.1899
58.5969
58.1358
57.8283
57.6766
57.6766
57.8283
58.1358
58.5969
59.19
58.9132
58.3018
57.8283
57.5149
57.3607
57.3607
57.5149
57.8283
58.3018
58.9132
58.7758
58.1555
57.6766
57.3607
57.2054
57.2054
57.3607
57.6766
58.1555
58.7758
58.7758
58.1555
57.6766
57.3607
57.2054
57.2054
57.3607
57.6766
58.1555
58.7758
58.9132
58.3018
57.8283
57.5149
57.3607
57.3607
57.5149
57.8283
58.3018
58.9132
59.19
58.5969
58.1358
57.8283
57.6766
57.6766
57.8283
58.1358
58.5969
59.19
59.6246
59.0387
58.5969
58.3018
58.1555
58.1555
58.3018
58.5969
59.0387
59.6246
60.3101
59.6246
59.19
58.9132
58.7758
58.7758
58.9132
59.19
59.6246
60.3101
58.1478
57.8713
57.7064
57.5978
57.5425
57.5425
57.5978
57.7064
57.8713
58.1478
57.8713
57.652
57.4653
57.3352
57.27
57.27
57.3352
57.4653
57.652
57.8713
57.7064
57.4653
57.2555
57.1115
57.0403
57.0403
57.1115
57.2555
57.4653
57.7064
57.5978
57.3352
57.1115
56.9602
56.8857
56.8857
56.9602
57.1115
57.3352
57.5978
57.5425
57.27
57.0403
56.8857
56.8097
56.8097
56.8857
57.0403
57.27
57.5425
57.5425
57.27
57.0403
56.8857
56.8097
56.8097
56.8857
57.0403
57.27
57.5425
57.5978
57.3352
57.1115
56.9602
56.8857
56.8857
56.9602
57.1115
57.3352
57.5978
57.7064
57.4653
57.2555
57.1115
57.0403
57.0403
57.1115
57.2555
57.4653
57.7064
57.8713
57.652
57.4653
57.3352
57.27
57.27
57.3352
57.4653
57.652
57.8713
58.1478
57.8713
57.7064
57.5978
57.5425
57.5425
57.5978
57.7064
57.8713
58.1478
56.6615
56.5105
56.4171
56.3522
56.3187
56.3187
56.3522
56.4171
56.5105
56.6615
56.5105
56.3902
56.2768
56.1947
56.1533
56.1533
56.1947
56.2768
56.3902
56.5105
56.4171
56.2768
56.1445
56.0517
56.0057
56.0057
56.0517
56.1445
56.2768
56.4171
56.3522
56.1947
56.0517
55.9537
55.9053
55.9053
55.9537
56.0518
56.1947
56.3522
56.3187
56.1533
56.0057
55.9053
55.8557
55.8557
55.9053
56.0057
56.1533
56.3187
56.3187
56.1533
56.0057
55.9053
55.8557
55.8557
55.9053
56.0057
56.1533
56.3187
56.3522
56.1947
56.0517
55.9537
55.9053
55.9053
55.9537
56.0518
56.1947
56.3522
56.4171
56.2768
56.1445
56.0518
56.0057
56.0057
56.0518
56.1445
56.2768
56.4171
56.5105
56.3902
56.2768
56.1947
56.1533
56.1533
56.1947
56.2768
56.3902
56.5105
56.6615
56.5105
56.4171
56.3522
56.3187
56.3187
56.3522
56.4171
56.5105
56.6615
53.0697
53.0348
53.0154
52.9996
52.9911
52.9911
52.9996
53.0154
53.0348
53.0697
53.0348
53.0092
52.9743
52.9467
52.9328
52.9328
52.9467
52.9743
53.0092
53.0348
53.0154
52.9743
52.9274
52.8933
52.8765
52.8765
52.8933
52.9274
52.9743
53.0154
52.9996
52.9467
52.8933
52.8561
52.8378
52.8378
52.8561
52.8933
52.9467
52.9996
52.9911
52.9328
52.8765
52.8378
52.8188
52.8188
52.8378
52.8765
52.9328
52.9912
52.9911
52.9328
52.8765
52.8378
52.8188
52.8188
52.8378
52.8765
52.9328
52.9912
52.9996
52.9467
52.8933
52.8561
52.8378
52.8378
52.8561
52.8933
52.9467
52.9996
53.0154
52.9743
52.9274
52.8933
52.8765
52.8765
52.8933
52.9274
52.9743
53.0154
53.0348
53.0092
52.9743
52.9467
52.9328
52.9328
52.9467
52.9743
53.0092
53.0348
53.0697
53.0348
53.0154
52.9996
52.9912
52.9912
52.9996
53.0154
53.0348
53.0697
50.0981
50.091
50.0868
50.0819
50.079
50.079
50.0819
50.0868
50.091
50.0981
50.091
50.0875
50.0751
50.0641
50.0584
50.0584
50.0641
50.0751
50.0875
50.091
50.0868
50.0751
50.0564
50.0422
50.0351
50.0351
50.0422
50.0564
50.0751
50.0869
50.0819
50.0641
50.0422
50.0264
50.0186
50.0186
50.0264
50.0422
50.0641
50.0819
50.079
50.0584
50.0351
50.0186
50.0105
50.0105
50.0186
50.0351
50.0584
50.079
50.079
50.0584
50.0351
50.0186
50.0105
50.0105
50.0186
50.0351
50.0584
50.079
50.0819
50.0641
50.0422
50.0264
50.0186
50.0186
50.0264
50.0422
50.0641
50.0819
50.0868
50.0751
50.0564
50.0422
50.0351
50.0351
50.0422
50.0564
50.0751
50.0869
50.091
50.0875
50.0751
50.0641
50.0584
50.0584
50.0641
50.0751
50.0875
50.0911
50.0981
50.091
50.0869
50.0819
50.079
50.079
50.0819
50.0869
50.091
50.0981
46.7295
46.7328
46.7352
46.7358
46.7359
46.7359
46.7358
46.7352
46.7328
46.7295
46.7328
46.7363
46.7341
46.7313
46.7299
46.7299
46.7313
46.7341
46.7363
46.7328
46.7352
46.7341
46.7286
46.7242
46.7221
46.7221
46.7242
46.7286
46.7341
46.7353
46.7358
46.7313
46.7242
46.7191
46.7166
46.7166
46.7191
46.7242
46.7313
46.7358
46.7359
46.7299
46.7221
46.7166
46.7139
46.7139
46.7166
46.7221
46.7299
46.7359
46.7359
46.7299
46.7221
46.7166
46.7139
46.7139
46.7166
46.7221
46.7299
46.7359
46.7358
46.7313
46.7242
46.7191
46.7166
46.7166
46.7191
46.7242
46.7313
46.7358
46.7352
46.7341
46.7286
46.7242
46.7221
46.7221
46.7242
46.7286
46.7341
46.7353
46.7328
46.7363
46.7341
46.7313
46.7299
46.7299
46.7313
46.7341
46.7363
46.7328
46.7295
46.7328
46.7353
46.7358
46.7359
46.7359
46.7358
46.7353
46.7328
46.7295
43.5341
43.5382
43.5409
43.5421
43.5427
43.5427
43.5421
43.5409
43.5382
43.5341
43.5382
43.5424
43.5431
43.543
43.543
43.543
43.543
43.5432
43.5424
43.5382
43.5409
43.5431
43.5426
43.5418
43.5415
43.5415
43.5418
43.5426
43.5432
43.5409
43.5421
43.543
43.5418
43.5408
43.5403
43.5403
43.5408
43.5418
43.543
43.5421
43.5427
43.543
43.5415
43.5403
43.5398
43.5398
43.5403
43.5415
43.543
43.5427
43.5427
43.543
43.5415
43.5403
43.5398
43.5398
43.5403
43.5415
43.543
43.5427
43.5421
43.543
43.5418
43.5408
43.5403
43.5403
43.5408
43.5418
43.543
43.5421
43.5409
43.5432
43.5426
43.5418
43.5415
43.5415
43.5418
43.5426
43.5432
43.5409
43.5382
43.5424
43.5432
43.543
43.543
43.543
43.543
43.5432
43.5424
43.5382
43.5341
43.5382
43.5409
43.5421
43.5427
43.5427
43.5421
43.5409
43.5382
43.5341
40.2754
40.2781
40.2799
40.2809
40.2813
40.2813
40.2809
40.2799
40.2781
40.2754
40.2781
40.2806
40.2815
40.2818
40.282
40.282
40.2818
40.2815
40.2806
40.2781
40.2799
40.2815
40.2817
40.2818
40.2818
40.2818
40.2818
40.2817
40.2815
40.2799
40.2809
40.2818
40.2818
40.2817
40.2817
40.2817
40.2817
40.2818
40.2818
40.2809
40.2813
40.282
40.2818
40.2817
40.2817
40.2817
40.2817
40.2818
40.282
40.2813
40.2813
40.282
40.2818
40.2817
40.2817
40.2817
40.2817
40.2818
40.282
40.2813
40.2809
40.2818
40.2818
40.2817
40.2817
40.2817
40.2817
40.2818
40.2818
40.2809
40.2799
40.2815
40.2817
40.2818
40.2818
40.2818
40.2818
40.2817
40.2815
40.2799
40.2781
40.2806
40.2815
40.2818
40.282
40.282
40.2818
40.2815
40.2806
40.2781
40.2754
40.2781
40.2799
40.2809
40.2813
40.2813
40.2809
40.2799
40.2781
40.2754
37.0553
37.057
37.0581
37.0587
37.059
37.059
37.0587
37.0581
37.057
37.0553
37.057
37.0586
37.0594
37.0598
37.06
37.06
37.0598
37.0594
37.0586
37.057
37.0581
37.0594
37.06
37.0603
37.0605
37.0605
37.0603
37.06
37.0594
37.0581
37.0587
37.0598
37.0603
37.0606
37.0608
37.0608
37.0606
37.0603
37.0598
37.0587
37.059
37.06
37.0605
37.0608
37.061
37.061
37.0608
37.0605
37.06
37.059
37.059
37.06
37.0605
37.0608
37.061
37.061
37.0608
37.0605
37.06
37.059
37.0587
37.0598
37.0603
37.0606
37.0608
37.0608
37.0606
37.0603
37.0598
37.0587
37.0581
37.0594
37.06
37.0603
37.0605
37.0605
37.0603
37.06
37.0594
37.0581
37.057
37.0586
37.0594
37.0598
37.06
37.06
37.0598
37.0594
37.0586
37.057
37.0553
37.057
37.0581
37.0587
37.059
37.059
37.0587
37.0581
37.057
37.0553
33.8258
33.8267
33.8272
33.8275
33.8277
33.8277
33.8275
33.8272
33.8267
33.8258
33.8267
33.8274
33.8278
33.8281
33.8282
33.8282
33.8281
33.8278
33.8274
33.8267
33.8272
33.8278
33.8282
33.8284
33.8285
33.8285
33.8284
33.8282
33.8278
33.8272
33.8275
33.8281
33.8284
33.8286
33.8287
33.8287
33.8286
33.8284
33.8281
33.8275
33.8277
33.8282
33.8285
33.8287
33.8288
33.8288
33.8287
33.8285
33.8282
33.8277
33.8277
33.8282
33.8285
33.8287
33.8288
33.8288
33.8287
33.8285
33.8282
33.8277
33.8275
33.8281
33.8284
33.8286
33.8287
33.8287
33.8286
33.8284
33.8281
33.8275
33.8272
33.8278
33.8282
33.8284
33.8285
33.8285
33.8284
33.8282
33.8278
33.8272
33.8267
33.8274
33.8278
33.8281
33.8282
33.8282
33.8281
33.8278
33.8274
33.8267
33.8258
33.8267
33.8272
33.8275
33.8277
33.8277
33.8275
33.8272
33.8267
33.8258
30.6043
30.6047
30.605
30.6052
30.6053
30.6053
30.6052
30.605
30.6047
30.6043
30.6047
30.6051
30.6054
30.6056
30.6056
30.6056
30.6056
30.6054
30.6051
30.6047
30.605
30.6054
30.6056
30.6058
30.6059
30.6059
30.6058
30.6056
30.6054
30.605
30.6052
30.6056
30.6058
30.606
30.606
30.606
30.606
30.6058
30.6056
30.6052
30.6053
30.6056
30.6059
30.606
30.6061
30.6061
30.606
30.6059
30.6056
30.6053
30.6053
30.6056
30.6059
30.606
30.6061
30.6061
30.606
30.6059
30.6056
30.6053
30.6052
30.6056
30.6058
30.606
30.606
30.606
30.606
30.6058
30.6056
30.6052
30.605
30.6054
30.6056
30.6058
30.6059
30.6059
30.6058
30.6056
30.6054
30.605
30.6047
30.6051
30.6054
30.6056
30.6056
30.6056
30.6056
30.6054
30.6051
30.6047
30.6043
30.6047
30.605
30.6052
30.6053
30.6053
30.6052
30.605
30.6047
30.6043
27.3814
27.3816
27.3817
27.3818
27.3818
27.3818
27.3818
27.3817
27.3816
27.3814
27.3816
27.3818
27.3819
27.382
27.382
27.382
27.382
27.3819
27.3818
27.3816
27.3817
27.3819
27.382
27.3821
27.3821
27.3821
27.3821
27.382
27.3819
27.3817
27.3818
27.382
27.3821
27.3822
27.3822
27.3822
27.3822
27.3821
27.382
27.3818
27.3818
27.382
27.3821
27.3822
27.3822
27.3822
27.3822
27.3821
27.382
27.3818
27.3818
27.382
27.3821
27.3822
27.3822
27.3822
27.3822
27.3821
27.382
27.3818
27.3818
27.382
27.3821
27.3822
27.3822
27.3822
27.3822
27.3821
27.382
27.3818
27.3817
27.3819
27.382
27.3821
27.3821
27.3821
27.3821
27.382
27.3819
27.3817
27.3816
27.3818
27.3819
27.382
27.382
27.382
27.382
27.3819
27.3818
27.3816
27.3814
27.3816
27.3817
27.3818
27.3818
27.3818
27.3818
27.3817
27.3816
27.3814
24.1601
24.1601
24.1602
24.1602
24.1603
24.1603
24.1602
24.1602
24.1601
24.1601
24.1601
24.1602
24.1603
24.1603
24.1603
24.1603
24.1603
24.1603
24.1602
24.1601
24.1602
24.1603
24.1603
24.1604
24.1604
24.1604
24.1604
24.1603
24.1603
24.1602
24.1602
24.1603
24.1604
24.1604
24.1605
24.1605
24.1604
24.1604
24.1603
24.1602
24.1603
24.1603
24.1604
24.1605
24.1605
24.1605
24.1605
24.1604
24.1603
24.1603
24.1603
24.1603
24.1604
24.1605
24.1605
24.1605
24.1605
24.1604
24.1603
24.1603
24.1602
24.1603
24.1604
24.1604
24.1605
24.1605
24.1604
24.1604
24.1603
24.1602
24.1602
24.1603
24.1603
24.1604
24.1604
24.1604
24.1604
24.1603
24.1603
24.1602
24.1601
24.1602
24.1603
24.1603
24.1603
24.1603
24.1603
24.1603
24.1602
24.1601
24.1601
24.1601
24.1602
24.1602
24.1603
24.1603
24.1602
24.1602
24.1601
24.1601
20.9385
20.9385
20.9385
20.9385
20.9386
20.9386
20.9385
20.9385
20.9385
20.9385
20.9385
20.9385
20.9386
20.9386
20.9386
20.9386
20.9386
20.9386
20.9385
20.9385
20.9385
20.9386
20.9386
20.9386
20.9386
20.9386
20.9386
20.9386
20.9386
20.9385
20.9385
20.9386
20.9386
20.9386
20.9386
20.9386
20.9386
20.9386
20.9386
20.9385
20.9386
20.9386
20.9386
20.9386
20.9387
20.9387
20.9386
20.9386
20.9386
20.9386
20.9386
20.9386
20.9386
20.9386
20.9387
20.9387
20.9386
20.9386
20.9386
20.9386
20.9385
20.9386
20.9386
20.9386
20.9386
20.9386
20.9386
20.9386
20.9386
20.9385
20.9385
20.9386
20.9386
20.9386
20.9386
20.9386
20.9386
20.9386
20.9386
20.9385
20.9385
20.9385
20.9386
20.9386
20.9386
20.9386
20.9386
20.9386
20.9385
20.9385
20.9385
20.9385
20.9385
20.9385
20.9386
20.9386
20.9385
20.9385
20.9385
20.9385
17.7172
17.7172
17.7172
17.7172
17.7172
17.7172
17.7172
17.7172
17.7172
17.7172
17.7172
17.7172
17.7172
17.7172
17.7172
17.7172
17.7172
17.7172
17.7172
17.7172
17.7172
17.7172
17.7172
17.7172
17.7172
17.7172
17.7172
17.7172
17.7172
17.7172
17.7172
17.7172
17.7172
17.7172
17.7173
17.7173
17.7172
17.7172
17.7172
17.7172
17.7172
17.7172
17.7172
17.7173
17.7173
17.7173
17.7173
17.7172
17.7172
17.7172
17.7172
17.7172
17.7172
17.7173
17.7173
17.7173
17.7173
17.7172
17.7172
17.7172
17.7172
17.7172
17.7172
17.7172
17.7173
17.7173
17.7172
17.7172
17.7172
17.7172
17.7172
17.7172
17.7172
17.7172
17.7172
17.7172
17.7172
17.7172
17.7172
17.7172
17.7172
17.7172
17.7172
17.7172
17.7172
17.7172
17.7172
17.7172
17.7172
17.7172
17.7172
17.7172
17.7172
17.7172
17.7172
17.7172
17.7172
17.7172
17.7172
17.7172
14.4958
14.4958
14.4958
14.4958
14.4958
14.4958
14.4958
14.4958
14.4958
14.4958
14.4958
14.4958
14.4958
14.4959
14.4959
14.4959
14.4959
14.4958
14.4958
14.4958
14.4958
14.4958
14.4959
14.4959
14.4959
14.4959
14.4959
14.4959
14.4958
14.4958
14.4958
14.4959
14.4959
14.4959
14.4959
14.4959
14.4959
14.4959
14.4959
14.4958
14.4958
14.4959
14.4959
14.4959
14.4959
14.4959
14.4959
14.4959
14.4959
14.4958
14.4958
14.4959
14.4959
14.4959
14.4959
14.4959
14.4959
14.4959
14.4959
14.4958
14.4958
14.4959
14.4959
14.4959
14.4959
14.4959
14.4959
14.4959
14.4959
14.4958
14.4958
14.4958
14.4959
14.4959
14.4959
14.4959
14.4959
14.4959
14.4958
14.4958
14.4958
14.4958
14.4958
14.4959
14.4959
14.4959
14.4959
14.4958
14.4958
14.4958
14.4958
14.4958
14.4958
14.4958
14.4958
14.4958
14.4958
14.4958
14.4958
14.4958
11.2745
11.2745
11.2745
11.2745
11.2745
11.2745
11.2745
11.2745
11.2745
11.2745
11.2745
11.2745
11.2745
11.2745
11.2745
11.2745
11.2745
11.2745
11.2745
11.2745
11.2745
11.2745
11.2745
11.2745
11.2746
11.2746
11.2745
11.2745
11.2745
11.2745
11.2745
11.2745
11.2745
11.2746
11.2746
11.2746
11.2746
11.2745
11.2745
11.2745
11.2745
11.2745
11.2746
11.2746
11.2746
11.2746
11.2746
11.2746
11.2745
11.2745
11.2745
11.2745
11.2746
11.2746
11.2746
11.2746
11.2746
11.2746
11.2745
11.2745
11.2745
11.2745
11.2745
11.2746
11.2746
11.2746
11.2746
11.2745
11.2745
11.2745
11.2745
11.2745
11.2745
11.2745
11.2746
11.2746
11.2745
11.2745
11.2745
11.2745
11.2745
11.2745
11.2745
11.2745
11.2745
11.2745
11.2745
11.2745
11.2745
11.2745
11.2745
11.2745
11.2745
11.2745
11.2745
11.2745
11.2745
11.2745
11.2745
11.2745
8.05324
8.05324
8.05324
8.05324
8.05324
8.05324
8.05324
8.05324
8.05324
8.05324
8.05324
8.05324
8.05324
8.05324
8.05324
8.05324
8.05324
8.05324
8.05324
8.05324
8.05324
8.05324
8.05324
8.05324
8.05324
8.05324
8.05324
8.05324
8.05324
8.05324
8.05324
8.05324
8.05324
8.05324
8.05324
8.05324
8.05324
8.05324
8.05324
8.05324
8.05324
8.05324
8.05324
8.05324
8.05324
8.05324
8.05324
8.05324
8.05324
8.05324
8.05324
8.05324
8.05324
8.05324
8.05324
8.05324
8.05324
8.05324
8.05324
8.05324
8.05324
8.05324
8.05324
8.05324
8.05324
8.05324
8.05324
8.05324
8.05324
8.05324
8.05324
8.05324
8.05324
8.05324
8.05324
8.05324
8.05324
8.05324
8.05324
8.05324
8.05324
8.05324
8.05324
8.05324
8.05324
8.05324
8.05324
8.05324
8.05324
8.05324
8.05324
8.05324
8.05324
8.05324
8.05324
8.05324
8.05324
8.05324
8.05324
8.05324
4.83194
4.83194
4.83194
4.83194
4.83194
4.83194
4.83194
4.83194
4.83194
4.83194
4.83194
4.83194
4.83194
4.83194
4.83194
4.83194
4.83194
4.83194
4.83194
4.83194
4.83194
4.83194
4.83194
4.83194
4.83194
4.83194
4.83194
4.83194
4.83194
4.83194
4.83194
4.83194
4.83194
4.83194
4.83194
4.83194
4.83194
4.83194
4.83194
4.83194
4.83194
4.83194
4.83194
4.83194
4.83194
4.83194
4.83194
4.83194
4.83194
4.83194
4.83194
4.83194
4.83194
4.83194
4.83194
4.83194
4.83194
4.83194
4.83194
4.83194
4.83194
4.83194
4.83194
4.83194
4.83194
4.83194
4.83194
4.83194
4.83194
4.83194
4.83194
4.83194
4.83194
4.83194
4.83194
4.83194
4.83194
4.83194
4.83194
4.83194
4.83194
4.83194
4.83194
4.83194
4.83194
4.83194
4.83194
4.83194
4.83194
4.83194
4.83194
4.83194
4.83194
4.83194
4.83194
4.83194
4.83194
4.83194
4.83194
4.83194
1.61064
1.61064
1.61064
1.61064
1.61064
1.61064
1.61064
1.61064
1.61064
1.61064
1.61064
1.61064
1.61064
1.61064
1.61064
1.61064
1.61064
1.61064
1.61064
1.61064
1.61064
1.61064
1.61064
1.61064
1.61064
1.61064
1.61064
1.61064
1.61064
1.61064
1.61064
1.61064
1.61064
1.61064
1.61064
1.61064
1.61064
1.61064
1.61064
1.61064
1.61064
1.61064
1.61064
1.61064
1.61064
1.61064
1.61064
1.61064
1.61064
1.61064
1.61064
1.61064
1.61064
1.61064
1.61064
1.61064
1.61064
1.61064
1.61064
1.61064
1.61064
1.61064
1.61064
1.61064
1.61064
1.61064
1.61064
1.61064
1.61064
1.61064
1.61064
1.61064
1.61064
1.61064
1.61064
1.61064
1.61064
1.61064
1.61064
1.61064
1.61064
1.61064
1.61064
1.61064
1.61064
1.61064
1.61064
1.61064
1.61064
1.61064
1.61064
1.61064
1.61064
1.61064
1.61064
1.61064
1.61064
1.61064
1.61064
1.61064
)
;

boundaryField
{
    fixedWalls
    {
        type            zeroGradient;
    }
    inlet
    {
        type            fixedGradient;
        gradient        uniform 0;
    }
    outlet
    {
        type            fixedValue;
        value           uniform 0;
    }
}


// ************************************************************************* //
