/*--------------------------------*- C++ -*----------------------------------*\
| =========                 |                                                 |
| \\      /  F ield         | OpenFOAM: The Open Source CFD Toolbox           |
|  \\    /   O peration     | Version:  2106                                  |
|   \\  /    A nd           | Website:  www.openfoam.com                      |
|    \\/     M anipulation  |                                                 |
\*---------------------------------------------------------------------------*/
FoamFile
{
    version     2.0;
    format      ascii;
    arch        "LSB;label=32;scalar=64";
    class       volScalarField;
    location    "0.9";
    object      p;
}
// * * * * * * * * * * * * * * * * * * * * * * * * * * * * * * * * * * * * * //

dimensions      [0 2 -2 0 0 0 0];

internalField   nonuniform List<scalar> 
10000
(
99.0709
98.4857
98.1181
97.8495
97.7102
97.7102
97.8495
98.1181
98.4857
99.0709
89.8836
89.0291
88.4663
88.0684
87.8635
87.8635
88.0684
88.4663
89.0291
89.8836
82.2559
81.2726
80.6309
80.1838
79.9544
79.9544
80.1838
80.6309
81.2726
82.2559
76.9895
75.9793
75.3285
74.8818
74.6529
74.6529
74.8818
75.3285
75.9793
76.9895
73.0377
72.0349
71.3921
70.9596
70.7381
70.7381
70.9596
71.3921
72.0349
73.0377
69.8371
68.8616
68.2347
67.8232
67.6129
67.6129
67.8232
68.2347
68.8616
69.8371
67.1973
66.27
65.6687
65.2846
65.0891
65.0891
65.2846
65.6687
66.27
67.1973
65.0112
64.1556
63.5924
63.2411
63.063
63.063
63.2411
63.5924
64.1556
65.0112
63.1981
62.4306
61.9181
61.6045
61.4457
61.4457
61.6045
61.9181
62.4306
63.1981
61.7786
61.0112
60.558
60.2823
60.1425
60.1426
60.2823
60.558
61.0112
61.7786
62.8874
63.0612
63.2504
63.378
63.444
63.444
63.378
63.2504
63.0612
62.8874
63.3132
63.4085
63.536
63.6179
63.6597
63.6597
63.6179
63.536
63.4085
63.3132
63.2905
63.2877
63.3408
63.3693
63.3834
63.3834
63.3693
63.3408
63.2877
63.2905
62.8781
62.7846
62.7692
62.7507
62.7406
62.7406
62.7507
62.7692
62.7846
62.8781
62.2799
62.1119
62.0382
61.982
61.9524
61.9524
61.982
62.0382
62.1119
62.2799
61.6056
61.3815
61.2608
61.1763
61.1322
61.1322
61.1763
61.2608
61.3815
61.6056
60.9106
60.6507
60.4959
60.393
60.3397
60.3397
60.393
60.4959
60.6507
60.9106
60.2265
59.9548
59.7814
59.67
59.6124
59.6124
59.67
59.7814
59.9548
60.2265
59.5893
59.3218
59.142
59.029
58.9705
58.9705
59.029
59.142
59.3218
59.5893
59.103
58.753
58.5682
58.4546
58.3954
58.3954
58.4546
58.5682
58.753
59.103
58.2546
58.2402
58.242
58.2385
58.2369
58.2369
58.2385
58.242
58.2402
58.2546
58.6687
58.652
58.6532
58.6481
58.6454
58.6454
58.6481
58.6532
58.652
58.6687
59.0116
58.9764
58.9661
58.9512
58.9432
58.9432
58.9512
58.9661
58.9764
59.0116
59.0656
58.9969
58.9644
58.9334
58.917
58.917
58.9334
58.9644
58.9969
59.0656
58.9213
58.8172
58.7602
58.7131
58.6882
58.6882
58.7131
58.7602
58.8172
58.9213
58.6735
58.5388
58.4593
58.3988
58.367
58.367
58.3988
58.4593
58.5388
58.6735
58.3711
58.2139
58.1162
58.0463
58.0096
58.0096
58.0463
58.1162
58.2139
58.3711
58.0409
57.8735
57.7644
57.6895
57.6504
57.6504
57.6895
57.7644
57.8735
58.0409
57.7162
57.5462
57.4297
57.3525
57.3121
57.3121
57.3525
57.4297
57.5462
57.7162
57.4724
57.2378
57.1107
57.0297
56.9875
56.9875
57.0297
57.1107
57.2378
57.4724
53.5215
53.5413
53.5665
53.5826
53.5911
53.5911
53.5826
53.5665
53.5413
53.5215
53.7334
53.7571
53.7863
53.8048
53.8146
53.8146
53.8048
53.7863
53.7571
53.7334
53.9135
53.9349
53.9639
53.9815
53.9908
53.9908
53.9815
53.9639
53.9349
53.9135
54.0005
54.0115
54.0336
54.0458
54.0522
54.0522
54.0458
54.0336
54.0115
54.0005
54.0153
54.012
54.0236
54.0283
54.0307
54.0307
54.0283
54.0236
54.012
54.0153
53.9817
53.9635
53.9637
53.9606
53.9589
53.9589
53.9606
53.9637
53.9635
53.9817
53.9134
53.8823
53.8717
53.862
53.8566
53.8566
53.862
53.8717
53.8823
53.9134
53.8201
53.781
53.762
53.7472
53.7391
53.7391
53.7472
53.762
53.781
53.8201
53.7201
53.6751
53.648
53.6285
53.6179
53.6179
53.6285
53.648
53.6751
53.7201
53.6588
53.5697
53.5285
53.5015
53.4873
53.4873
53.5015
53.5285
53.5697
53.6588
50.293
50.2931
50.2951
50.2952
50.2954
50.2954
50.2952
50.2951
50.2931
50.293
50.3924
50.3961
50.4014
50.4037
50.4049
50.4049
50.4037
50.4014
50.3961
50.3924
50.4939
50.4991
50.5061
50.5092
50.5107
50.5107
50.5092
50.5061
50.4991
50.4939
50.563
50.5661
50.5721
50.574
50.575
50.575
50.574
50.5721
50.5661
50.563
50.6017
50.6005
50.6036
50.6033
50.603
50.603
50.6033
50.6036
50.6005
50.6017
50.6171
50.6106
50.6098
50.6068
50.605
50.605
50.6068
50.6098
50.6106
50.6171
50.614
50.6022
50.5975
50.5919
50.5887
50.5887
50.5919
50.5975
50.6022
50.614
50.5966
50.5812
50.573
50.5653
50.561
50.561
50.5653
50.573
50.5812
50.5966
50.5745
50.5557
50.5431
50.533
50.5274
50.5274
50.533
50.5431
50.5557
50.5745
50.5693
50.5273
50.5065
50.4922
50.4846
50.4846
50.4922
50.5065
50.5273
50.5693
46.967
46.97
46.9738
46.976
46.9771
46.9771
46.976
46.9738
46.97
46.967
47.0084
47.0133
47.0187
47.022
47.0237
47.0237
47.022
47.0187
47.0133
47.0084
47.0507
47.0567
47.0634
47.0674
47.0696
47.0696
47.0674
47.0634
47.0567
47.0507
47.0827
47.0885
47.0953
47.0994
47.1015
47.1015
47.0994
47.0953
47.0885
47.0827
47.1044
47.109
47.1151
47.1185
47.1202
47.1202
47.1185
47.1151
47.109
47.1044
47.1173
47.12
47.1248
47.1271
47.1283
47.1283
47.1271
47.1248
47.12
47.1173
47.1223
47.1231
47.1262
47.1274
47.1279
47.1279
47.1274
47.1262
47.1231
47.1223
47.1207
47.1199
47.1215
47.1216
47.1215
47.1215
47.1216
47.1215
47.1199
47.1207
47.1168
47.1141
47.1133
47.1119
47.111
47.111
47.1119
47.1133
47.1141
47.1168
47.1211
47.1065
47.1007
47.0965
47.0942
47.0942
47.0965
47.1007
47.1065
47.1211
43.7672
43.7676
43.7682
43.7684
43.7684
43.7684
43.7684
43.7682
43.7676
43.7672
43.7847
43.786
43.7874
43.7881
43.7884
43.7884
43.7881
43.7874
43.786
43.7847
43.8046
43.8067
43.8088
43.8099
43.8105
43.8105
43.8099
43.8088
43.8067
43.8046
43.8218
43.8242
43.8267
43.828
43.8287
43.8287
43.828
43.8267
43.8242
43.8218
43.8357
43.8381
43.8406
43.8418
43.8424
43.8424
43.8418
43.8406
43.8381
43.8357
43.8466
43.8486
43.8509
43.8519
43.8523
43.8523
43.8519
43.8509
43.8486
43.8466
43.8546
43.8561
43.858
43.8586
43.8589
43.8589
43.8586
43.858
43.8561
43.8546
43.86
43.8611
43.8624
43.8628
43.8628
43.8628
43.8628
43.8624
43.8611
43.86
43.8647
43.865
43.8654
43.8651
43.8648
43.8648
43.8651
43.8654
43.865
43.8647
43.8729
43.8679
43.866
43.8644
43.8635
43.8635
43.8644
43.866
43.8679
43.8729
40.5314
40.532
40.5326
40.533
40.5332
40.5332
40.533
40.5326
40.532
40.5314
40.5381
40.5391
40.5401
40.5407
40.541
40.541
40.5407
40.5401
40.5391
40.5381
40.5458
40.5471
40.5484
40.5493
40.5497
40.5497
40.5493
40.5484
40.5471
40.5458
40.5528
40.5544
40.5559
40.5569
40.5574
40.5574
40.5569
40.5559
40.5544
40.5528
40.5589
40.5606
40.5623
40.5633
40.5638
40.5638
40.5633
40.5623
40.5606
40.5589
40.5641
40.5657
40.5674
40.5684
40.5689
40.5689
40.5684
40.5674
40.5657
40.5641
40.5682
40.5697
40.5713
40.5722
40.5726
40.5726
40.5722
40.5713
40.5697
40.5682
40.5713
40.5727
40.5741
40.5748
40.5751
40.5751
40.5748
40.5741
40.5727
40.5713
40.574
40.5751
40.576
40.5765
40.5766
40.5766
40.5765
40.576
40.5751
40.574
40.5783
40.577
40.5769
40.5766
40.5765
40.5765
40.5766
40.5769
40.577
40.5783
37.3027
37.3028
37.3029
37.3029
37.303
37.303
37.3029
37.3029
37.3028
37.3027
37.3052
37.3055
37.3057
37.3059
37.306
37.306
37.3059
37.3057
37.3055
37.3052
37.3084
37.3089
37.3093
37.3096
37.3097
37.3097
37.3096
37.3093
37.3089
37.3084
37.3117
37.3124
37.3129
37.3133
37.3134
37.3134
37.3133
37.3129
37.3124
37.3117
37.3149
37.3157
37.3164
37.3168
37.317
37.317
37.3168
37.3164
37.3157
37.3149
37.3179
37.3188
37.3195
37.3199
37.3202
37.3202
37.3199
37.3195
37.3188
37.3179
37.3207
37.3216
37.3223
37.3228
37.323
37.323
37.3228
37.3223
37.3216
37.3207
37.3231
37.324
37.3248
37.3252
37.3254
37.3254
37.3252
37.3248
37.324
37.3231
37.3256
37.3264
37.327
37.3273
37.3274
37.3274
37.3273
37.327
37.3264
37.3256
37.3286
37.3285
37.3287
37.3288
37.3288
37.3288
37.3288
37.3287
37.3285
37.3286
34.0632
34.0633
34.0634
34.0635
34.0635
34.0635
34.0635
34.0634
34.0633
34.0632
34.064
34.0642
34.0644
34.0645
34.0645
34.0645
34.0645
34.0644
34.0642
34.064
34.0651
34.0654
34.0656
34.0657
34.0658
34.0658
34.0657
34.0656
34.0654
34.0651
34.0663
34.0667
34.067
34.0672
34.0673
34.0673
34.0672
34.067
34.0667
34.0663
34.0676
34.068
34.0684
34.0686
34.0687
34.0687
34.0686
34.0684
34.068
34.0676
34.0689
34.0693
34.0697
34.07
34.0701
34.0701
34.07
34.0697
34.0693
34.0689
34.0701
34.0706
34.071
34.0713
34.0714
34.0714
34.0713
34.071
34.0706
34.0701
34.0712
34.0717
34.0722
34.0724
34.0725
34.0725
34.0724
34.0722
34.0717
34.0712
34.0723
34.0728
34.0732
34.0734
34.0735
34.0735
34.0734
34.0732
34.0728
34.0723
34.0736
34.0738
34.074
34.0741
34.0742
34.0742
34.0741
34.074
34.0738
34.0736
30.8226
30.8226
30.8226
30.8227
30.8227
30.8227
30.8227
30.8226
30.8226
30.8226
30.8228
30.8229
30.8229
30.8229
30.823
30.823
30.8229
30.8229
30.8229
30.8228
30.8232
30.8233
30.8234
30.8234
30.8234
30.8234
30.8234
30.8234
30.8233
30.8232
30.8237
30.8239
30.824
30.824
30.8241
30.8241
30.824
30.824
30.8239
30.8237
30.8243
30.8245
30.8246
30.8247
30.8248
30.8248
30.8247
30.8246
30.8245
30.8243
30.8249
30.8252
30.8253
30.8254
30.8255
30.8255
30.8254
30.8253
30.8252
30.8249
30.8256
30.8259
30.826
30.8262
30.8262
30.8262
30.8262
30.826
30.8259
30.8256
30.8263
30.8265
30.8267
30.8269
30.8269
30.8269
30.8269
30.8267
30.8265
30.8263
30.8269
30.8272
30.8274
30.8275
30.8276
30.8276
30.8275
30.8274
30.8272
30.8269
30.8277
30.8279
30.828
30.8281
30.8281
30.8281
30.8281
30.828
30.8279
30.8277
27.5793
27.5793
27.5793
27.5793
27.5793
27.5793
27.5793
27.5793
27.5793
27.5793
27.5793
27.5793
27.5794
27.5794
27.5794
27.5794
27.5794
27.5794
27.5793
27.5793
27.5794
27.5794
27.5795
27.5795
27.5795
27.5795
27.5795
27.5795
27.5794
27.5794
27.5795
27.5796
27.5797
27.5797
27.5797
27.5797
27.5797
27.5797
27.5796
27.5795
27.5798
27.5798
27.5799
27.5799
27.58
27.58
27.5799
27.5799
27.5798
27.5798
27.58
27.5801
27.5802
27.5802
27.5803
27.5803
27.5802
27.5802
27.5801
27.58
27.5803
27.5804
27.5805
27.5805
27.5806
27.5806
27.5805
27.5805
27.5804
27.5803
27.5805
27.5807
27.5808
27.5808
27.5809
27.5809
27.5808
27.5808
27.5807
27.5805
27.5808
27.5809
27.5811
27.5811
27.5811
27.5811
27.5811
27.5811
27.5809
27.5808
27.5811
27.5812
27.5813
27.5814
27.5814
27.5814
27.5814
27.5813
27.5812
27.5811
24.3354
24.3354
24.3354
24.3354
24.3354
24.3354
24.3354
24.3354
24.3354
24.3354
24.3354
24.3354
24.3354
24.3354
24.3354
24.3354
24.3354
24.3354
24.3354
24.3354
24.3354
24.3354
24.3354
24.3354
24.3354
24.3354
24.3354
24.3354
24.3354
24.3354
24.3354
24.3355
24.3355
24.3355
24.3355
24.3355
24.3355
24.3355
24.3355
24.3354
24.3355
24.3355
24.3356
24.3356
24.3356
24.3356
24.3356
24.3356
24.3355
24.3355
24.3356
24.3357
24.3357
24.3357
24.3357
24.3357
24.3357
24.3357
24.3357
24.3356
24.3358
24.3358
24.3358
24.3359
24.3359
24.3359
24.3359
24.3358
24.3358
24.3357
24.3359
24.3359
24.336
24.336
24.336
24.336
24.336
24.336
24.3359
24.3359
24.336
24.3361
24.3361
24.3362
24.3362
24.3362
24.3362
24.3361
24.3361
24.336
24.3362
24.3363
24.3363
24.3363
24.3363
24.3363
24.3363
24.3363
24.3363
24.3362
21.0909
21.0909
21.0909
21.0909
21.0909
21.0909
21.0909
21.0909
21.0909
21.0909
21.0909
21.0909
21.0909
21.0909
21.0909
21.0909
21.0909
21.0909
21.0909
21.0909
21.0909
21.0909
21.0909
21.0909
21.0909
21.0909
21.0909
21.0909
21.0909
21.0909
21.0909
21.0909
21.0909
21.0909
21.0909
21.0909
21.0909
21.0909
21.0909
21.0909
21.0909
21.0909
21.0909
21.0909
21.0909
21.0909
21.0909
21.0909
21.0909
21.0909
21.0909
21.0909
21.091
21.091
21.091
21.091
21.091
21.091
21.0909
21.0909
21.091
21.091
21.091
21.091
21.091
21.091
21.091
21.091
21.091
21.091
21.091
21.091
21.0911
21.0911
21.0911
21.0911
21.0911
21.0911
21.091
21.091
21.0911
21.0911
21.0911
21.0911
21.0911
21.0911
21.0911
21.0911
21.0911
21.0911
21.0911
21.0912
21.0912
21.0912
21.0912
21.0912
21.0912
21.0912
21.0912
21.0911
17.8463
17.8463
17.8463
17.8463
17.8463
17.8463
17.8463
17.8463
17.8463
17.8463
17.8463
17.8463
17.8462
17.8462
17.8462
17.8462
17.8462
17.8462
17.8463
17.8463
17.8462
17.8462
17.8462
17.8462
17.8462
17.8462
17.8462
17.8462
17.8462
17.8462
17.8462
17.8462
17.8462
17.8462
17.8462
17.8462
17.8462
17.8462
17.8462
17.8462
17.8462
17.8462
17.8463
17.8463
17.8463
17.8463
17.8463
17.8463
17.8462
17.8462
17.8463
17.8463
17.8463
17.8463
17.8463
17.8463
17.8463
17.8463
17.8463
17.8463
17.8463
17.8463
17.8463
17.8463
17.8463
17.8463
17.8463
17.8463
17.8463
17.8463
17.8463
17.8463
17.8463
17.8463
17.8463
17.8463
17.8463
17.8463
17.8463
17.8463
17.8463
17.8463
17.8463
17.8464
17.8464
17.8464
17.8464
17.8463
17.8463
17.8463
17.8464
17.8464
17.8464
17.8464
17.8464
17.8464
17.8464
17.8464
17.8464
17.8464
14.6015
14.6015
14.6015
14.6015
14.6015
14.6015
14.6015
14.6015
14.6015
14.6015
14.6015
14.6015
14.6015
14.6015
14.6015
14.6015
14.6015
14.6015
14.6015
14.6015
14.6015
14.6015
14.6015
14.6015
14.6015
14.6015
14.6015
14.6015
14.6015
14.6015
14.6015
14.6015
14.6015
14.6015
14.6015
14.6015
14.6015
14.6015
14.6015
14.6015
14.6015
14.6015
14.6015
14.6015
14.6015
14.6015
14.6015
14.6015
14.6015
14.6015
14.6015
14.6015
14.6015
14.6015
14.6015
14.6015
14.6015
14.6015
14.6015
14.6015
14.6015
14.6015
14.6015
14.6015
14.6015
14.6015
14.6015
14.6015
14.6015
14.6015
14.6015
14.6015
14.6015
14.6015
14.6015
14.6015
14.6015
14.6015
14.6015
14.6015
14.6015
14.6015
14.6015
14.6015
14.6015
14.6015
14.6015
14.6015
14.6015
14.6015
14.6015
14.6015
14.6015
14.6015
14.6015
14.6015
14.6015
14.6015
14.6015
14.6015
11.3568
11.3568
11.3568
11.3568
11.3568
11.3568
11.3568
11.3568
11.3568
11.3568
11.3568
11.3568
11.3567
11.3567
11.3567
11.3567
11.3567
11.3567
11.3567
11.3568
11.3567
11.3567
11.3567
11.3567
11.3567
11.3567
11.3567
11.3567
11.3567
11.3567
11.3567
11.3567
11.3567
11.3567
11.3567
11.3567
11.3567
11.3567
11.3567
11.3567
11.3567
11.3567
11.3567
11.3567
11.3567
11.3567
11.3567
11.3567
11.3567
11.3567
11.3567
11.3567
11.3567
11.3567
11.3567
11.3567
11.3567
11.3567
11.3567
11.3567
11.3567
11.3567
11.3567
11.3567
11.3567
11.3567
11.3567
11.3567
11.3567
11.3567
11.3567
11.3567
11.3568
11.3568
11.3568
11.3568
11.3568
11.3568
11.3567
11.3567
11.3568
11.3568
11.3568
11.3568
11.3568
11.3568
11.3568
11.3568
11.3568
11.3568
11.3568
11.3568
11.3568
11.3568
11.3568
11.3568
11.3568
11.3568
11.3568
11.3568
8.11197
8.11197
8.11197
8.11197
8.11197
8.11197
8.11197
8.11197
8.11197
8.11197
8.11197
8.11197
8.11197
8.11197
8.11197
8.11197
8.11197
8.11197
8.11197
8.11197
8.11197
8.11197
8.11197
8.11197
8.11196
8.11196
8.11197
8.11197
8.11197
8.11197
8.11196
8.11196
8.11196
8.11196
8.11196
8.11196
8.11196
8.11196
8.11196
8.11196
8.11196
8.11196
8.11196
8.11196
8.11196
8.11196
8.11196
8.11196
8.11196
8.11196
8.11196
8.11196
8.11196
8.11196
8.11196
8.11196
8.11196
8.11196
8.11196
8.11196
8.11196
8.11196
8.11196
8.11196
8.11196
8.11196
8.11196
8.11196
8.11196
8.11196
8.11196
8.11196
8.11196
8.11196
8.11196
8.11196
8.11196
8.11196
8.11196
8.11196
8.11196
8.11196
8.11196
8.11196
8.11197
8.11197
8.11196
8.11196
8.11196
8.11196
8.11196
8.11197
8.11197
8.11197
8.11197
8.11197
8.11197
8.11197
8.11197
8.11196
4.86718
4.86718
4.86718
4.86718
4.86718
4.86718
4.86718
4.86718
4.86718
4.86718
4.86718
4.86718
4.86718
4.86718
4.86718
4.86718
4.86718
4.86718
4.86718
4.86718
4.86718
4.86718
4.86718
4.86718
4.86718
4.86718
4.86718
4.86718
4.86718
4.86718
4.86718
4.86718
4.86718
4.86718
4.86718
4.86718
4.86718
4.86718
4.86718
4.86718
4.86718
4.86718
4.86718
4.86718
4.86718
4.86718
4.86718
4.86718
4.86718
4.86718
4.86718
4.86718
4.86718
4.86718
4.86718
4.86718
4.86718
4.86718
4.86718
4.86718
4.86718
4.86718
4.86718
4.86718
4.86718
4.86718
4.86718
4.86718
4.86718
4.86718
4.86718
4.86718
4.86718
4.86718
4.86718
4.86718
4.86718
4.86718
4.86718
4.86718
4.86718
4.86718
4.86718
4.86718
4.86718
4.86718
4.86718
4.86718
4.86718
4.86718
4.86718
4.86718
4.86718
4.86718
4.86718
4.86718
4.86718
4.86718
4.86718
4.86718
1.62239
1.62239
1.62239
1.62239
1.62239
1.62239
1.62239
1.62239
1.62239
1.62239
1.62239
1.62239
1.62239
1.62239
1.62239
1.62239
1.62239
1.62239
1.62239
1.62239
1.62239
1.62239
1.62239
1.62239
1.62239
1.62239
1.62239
1.62239
1.62239
1.62239
1.62239
1.62239
1.62239
1.62239
1.62239
1.62239
1.62239
1.62239
1.62239
1.62239
1.62239
1.62239
1.62239
1.62239
1.62239
1.62239
1.62239
1.62239
1.62239
1.62239
1.62239
1.62239
1.62239
1.62239
1.62239
1.62239
1.62239
1.62239
1.62239
1.62239
1.62239
1.62239
1.62239
1.62239
1.62239
1.62239
1.62239
1.62239
1.62239
1.62239
1.62239
1.62239
1.62239
1.62239
1.62239
1.62239
1.62239
1.62239
1.62239
1.62239
1.62239
1.62239
1.62239
1.62239
1.62239
1.62239
1.62239
1.62239
1.62239
1.62239
1.62239
1.62239
1.62239
1.62239
1.62239
1.62239
1.62239
1.62239
1.62239
1.62239
99.0709
98.4857
98.1181
97.8495
97.7102
97.7102
97.8495
98.1181
98.4857
99.0709
89.8836
89.0291
88.4663
88.0684
87.8635
87.8635
88.0684
88.4663
89.0291
89.8836
82.2559
81.2726
80.6309
80.1838
79.9544
79.9544
80.1838
80.6309
81.2726
82.2559
76.9895
75.9793
75.3285
74.8818
74.6529
74.6529
74.8818
75.3286
75.9793
76.9895
73.0377
72.0349
71.3921
70.9596
70.7381
70.7381
70.9596
71.3921
72.0349
73.0377
69.8371
68.8616
68.2347
67.8232
67.6129
67.6129
67.8232
68.2347
68.8616
69.8371
67.1973
66.27
65.6687
65.2846
65.0891
65.0891
65.2846
65.6687
66.27
67.1973
65.0112
64.1556
63.5924
63.2411
63.063
63.063
63.2411
63.5924
64.1556
65.0112
63.1981
62.4306
61.9181
61.6045
61.4457
61.4457
61.6045
61.9181
62.4306
63.1981
61.7786
61.0112
60.558
60.2823
60.1426
60.1426
60.2823
60.558
61.0112
61.7786
62.8874
63.0612
63.2504
63.378
63.444
63.444
63.378
63.2504
63.0612
62.8874
63.3132
63.4085
63.536
63.6179
63.6597
63.6597
63.6179
63.536
63.4085
63.3132
63.2905
63.2877
63.3408
63.3693
63.3835
63.3835
63.3693
63.3408
63.2877
63.2905
62.8781
62.7846
62.7692
62.7507
62.7406
62.7406
62.7507
62.7692
62.7846
62.8781
62.2799
62.1119
62.0382
61.982
61.9524
61.9524
61.982
62.0382
62.1119
62.2799
61.6056
61.3815
61.2608
61.1763
61.1322
61.1322
61.1763
61.2608
61.3815
61.6056
60.9106
60.6507
60.4959
60.393
60.3397
60.3397
60.393
60.4959
60.6507
60.9106
60.2265
59.9548
59.7814
59.67
59.6124
59.6124
59.67
59.7814
59.9548
60.2265
59.5893
59.3218
59.142
59.029
58.9705
58.9705
59.029
59.142
59.3218
59.5893
59.103
58.753
58.5682
58.4546
58.3954
58.3954
58.4546
58.5682
58.753
59.103
58.2546
58.2402
58.242
58.2385
58.2369
58.2369
58.2385
58.242
58.2402
58.2546
58.6687
58.652
58.6532
58.6481
58.6454
58.6454
58.6481
58.6532
58.652
58.6687
59.0116
58.9764
58.9661
58.9512
58.9432
58.9432
58.9512
58.9661
58.9764
59.0116
59.0656
58.9969
58.9644
58.9334
58.917
58.917
58.9334
58.9644
58.9969
59.0656
58.9213
58.8172
58.7602
58.7131
58.6882
58.6882
58.7131
58.7602
58.8172
58.9213
58.6735
58.5388
58.4593
58.3988
58.367
58.367
58.3988
58.4593
58.5388
58.6735
58.3711
58.2139
58.1162
58.0463
58.0096
58.0096
58.0463
58.1162
58.2139
58.3711
58.0409
57.8735
57.7644
57.6895
57.6504
57.6504
57.6895
57.7644
57.8735
58.0409
57.7162
57.5462
57.4297
57.3525
57.3121
57.3121
57.3525
57.4297
57.5462
57.7162
57.4724
57.2378
57.1107
57.0297
56.9875
56.9875
57.0297
57.1107
57.2378
57.4724
53.5215
53.5413
53.5665
53.5826
53.5911
53.5911
53.5826
53.5665
53.5413
53.5215
53.7334
53.7571
53.7863
53.8048
53.8146
53.8146
53.8048
53.7863
53.7571
53.7334
53.9135
53.9349
53.9639
53.9815
53.9908
53.9908
53.9815
53.9639
53.9349
53.9135
54.0005
54.0115
54.0336
54.0458
54.0522
54.0522
54.0458
54.0336
54.0115
54.0005
54.0153
54.012
54.0236
54.0283
54.0307
54.0307
54.0283
54.0236
54.012
54.0153
53.9817
53.9635
53.9637
53.9606
53.9589
53.9589
53.9606
53.9637
53.9635
53.9817
53.9134
53.8823
53.8717
53.862
53.8566
53.8566
53.862
53.8717
53.8823
53.9134
53.8201
53.781
53.762
53.7472
53.7392
53.7392
53.7472
53.762
53.781
53.8202
53.7201
53.6751
53.648
53.6285
53.6179
53.6179
53.6285
53.648
53.6751
53.7201
53.6588
53.5697
53.5285
53.5015
53.4873
53.4873
53.5015
53.5285
53.5697
53.6588
50.293
50.2931
50.2951
50.2952
50.2954
50.2954
50.2952
50.2951
50.2931
50.293
50.3924
50.3961
50.4014
50.4037
50.4049
50.4049
50.4037
50.4014
50.3961
50.3924
50.4939
50.4991
50.5061
50.5092
50.5108
50.5108
50.5092
50.5061
50.4991
50.4939
50.563
50.5661
50.5721
50.574
50.575
50.575
50.574
50.5721
50.5661
50.563
50.6017
50.6005
50.6036
50.6033
50.603
50.603
50.6033
50.6036
50.6005
50.6017
50.6171
50.6106
50.6098
50.6068
50.605
50.605
50.6068
50.6098
50.6106
50.6171
50.614
50.6022
50.5975
50.5919
50.5887
50.5887
50.5919
50.5975
50.6022
50.614
50.5966
50.5812
50.573
50.5653
50.561
50.561
50.5653
50.573
50.5812
50.5966
50.5745
50.5557
50.5431
50.533
50.5274
50.5274
50.533
50.5431
50.5557
50.5745
50.5693
50.5273
50.5066
50.4922
50.4846
50.4846
50.4922
50.5066
50.5273
50.5693
46.967
46.97
46.9738
46.976
46.9771
46.9771
46.976
46.9738
46.97
46.967
47.0084
47.0133
47.0187
47.022
47.0237
47.0237
47.022
47.0187
47.0133
47.0084
47.0507
47.0567
47.0634
47.0674
47.0696
47.0696
47.0674
47.0634
47.0567
47.0507
47.0827
47.0885
47.0953
47.0994
47.1015
47.1015
47.0994
47.0953
47.0885
47.0827
47.1044
47.109
47.1151
47.1185
47.1202
47.1202
47.1185
47.1151
47.109
47.1044
47.1173
47.12
47.1248
47.1271
47.1283
47.1283
47.1271
47.1248
47.12
47.1173
47.1223
47.1231
47.1262
47.1274
47.1279
47.1279
47.1274
47.1262
47.1231
47.1223
47.1207
47.1199
47.1215
47.1216
47.1215
47.1215
47.1216
47.1215
47.1199
47.1207
47.1168
47.1141
47.1133
47.1119
47.111
47.111
47.1119
47.1133
47.1141
47.1168
47.1211
47.1065
47.1007
47.0965
47.0942
47.0942
47.0965
47.1007
47.1065
47.1211
43.7672
43.7676
43.7682
43.7684
43.7684
43.7684
43.7684
43.7682
43.7676
43.7672
43.7847
43.786
43.7874
43.7881
43.7884
43.7884
43.7881
43.7874
43.786
43.7847
43.8046
43.8067
43.8088
43.8099
43.8105
43.8105
43.8099
43.8088
43.8067
43.8046
43.8218
43.8242
43.8267
43.828
43.8287
43.8287
43.828
43.8267
43.8242
43.8218
43.8357
43.8381
43.8406
43.8418
43.8424
43.8424
43.8418
43.8406
43.8381
43.8357
43.8466
43.8486
43.8509
43.8519
43.8523
43.8523
43.8519
43.8509
43.8486
43.8466
43.8546
43.8561
43.858
43.8586
43.8589
43.8589
43.8586
43.858
43.8561
43.8546
43.86
43.8611
43.8624
43.8628
43.8628
43.8628
43.8628
43.8624
43.8611
43.86
43.8647
43.865
43.8654
43.8651
43.8648
43.8648
43.8651
43.8654
43.865
43.8647
43.8729
43.8679
43.866
43.8644
43.8635
43.8635
43.8644
43.866
43.8679
43.8729
40.5314
40.532
40.5326
40.533
40.5332
40.5332
40.533
40.5326
40.532
40.5314
40.5381
40.5391
40.5401
40.5407
40.541
40.541
40.5407
40.5401
40.5391
40.5381
40.5458
40.5471
40.5484
40.5493
40.5497
40.5497
40.5493
40.5484
40.5471
40.5458
40.5528
40.5544
40.5559
40.5569
40.5574
40.5574
40.5569
40.5559
40.5544
40.5528
40.5589
40.5606
40.5623
40.5633
40.5638
40.5638
40.5633
40.5623
40.5606
40.5589
40.5641
40.5657
40.5674
40.5684
40.5689
40.5689
40.5684
40.5674
40.5657
40.5641
40.5682
40.5697
40.5713
40.5722
40.5726
40.5726
40.5722
40.5713
40.5697
40.5682
40.5713
40.5727
40.5741
40.5748
40.5751
40.5751
40.5748
40.5741
40.5727
40.5713
40.574
40.5751
40.576
40.5765
40.5766
40.5766
40.5765
40.576
40.5751
40.574
40.5783
40.577
40.5769
40.5766
40.5765
40.5765
40.5766
40.5769
40.577
40.5783
37.3027
37.3028
37.3029
37.3029
37.303
37.303
37.3029
37.3029
37.3028
37.3027
37.3052
37.3055
37.3057
37.3059
37.306
37.306
37.3059
37.3057
37.3055
37.3052
37.3084
37.3089
37.3093
37.3096
37.3097
37.3097
37.3096
37.3093
37.3089
37.3084
37.3117
37.3124
37.3129
37.3133
37.3134
37.3134
37.3133
37.3129
37.3124
37.3117
37.3149
37.3157
37.3164
37.3168
37.317
37.317
37.3168
37.3164
37.3157
37.3149
37.3179
37.3188
37.3195
37.3199
37.3202
37.3202
37.3199
37.3195
37.3188
37.3179
37.3207
37.3216
37.3223
37.3228
37.323
37.323
37.3228
37.3223
37.3216
37.3207
37.3231
37.324
37.3248
37.3252
37.3254
37.3254
37.3252
37.3248
37.324
37.3231
37.3256
37.3264
37.327
37.3273
37.3274
37.3274
37.3273
37.327
37.3264
37.3256
37.3286
37.3285
37.3287
37.3288
37.3288
37.3288
37.3288
37.3287
37.3285
37.3286
34.0632
34.0633
34.0634
34.0635
34.0635
34.0635
34.0635
34.0634
34.0633
34.0632
34.064
34.0642
34.0644
34.0645
34.0645
34.0645
34.0645
34.0644
34.0642
34.064
34.0651
34.0654
34.0656
34.0657
34.0658
34.0658
34.0657
34.0656
34.0654
34.0651
34.0663
34.0667
34.067
34.0672
34.0673
34.0673
34.0672
34.067
34.0667
34.0663
34.0676
34.068
34.0684
34.0686
34.0687
34.0687
34.0686
34.0684
34.068
34.0676
34.0689
34.0693
34.0697
34.07
34.0701
34.0701
34.07
34.0697
34.0693
34.0689
34.0701
34.0706
34.071
34.0713
34.0714
34.0714
34.0713
34.071
34.0706
34.0701
34.0712
34.0717
34.0722
34.0724
34.0725
34.0725
34.0724
34.0722
34.0717
34.0712
34.0723
34.0728
34.0732
34.0734
34.0735
34.0735
34.0734
34.0732
34.0728
34.0723
34.0736
34.0738
34.074
34.0741
34.0742
34.0742
34.0741
34.074
34.0738
34.0736
30.8226
30.8226
30.8226
30.8227
30.8227
30.8227
30.8227
30.8226
30.8226
30.8226
30.8228
30.8229
30.8229
30.8229
30.823
30.823
30.8229
30.8229
30.8229
30.8228
30.8232
30.8233
30.8234
30.8234
30.8234
30.8234
30.8234
30.8234
30.8233
30.8232
30.8237
30.8239
30.824
30.824
30.8241
30.8241
30.824
30.824
30.8239
30.8237
30.8243
30.8245
30.8246
30.8247
30.8248
30.8248
30.8247
30.8246
30.8245
30.8243
30.8249
30.8252
30.8253
30.8254
30.8255
30.8255
30.8254
30.8253
30.8252
30.8249
30.8256
30.8259
30.826
30.8262
30.8262
30.8262
30.8262
30.826
30.8259
30.8256
30.8263
30.8265
30.8267
30.8269
30.8269
30.8269
30.8269
30.8267
30.8265
30.8263
30.8269
30.8272
30.8274
30.8275
30.8276
30.8276
30.8275
30.8274
30.8272
30.8269
30.8277
30.8279
30.828
30.8281
30.8281
30.8281
30.8281
30.828
30.8279
30.8277
27.5793
27.5793
27.5793
27.5793
27.5793
27.5793
27.5793
27.5793
27.5793
27.5793
27.5793
27.5793
27.5794
27.5794
27.5794
27.5794
27.5794
27.5794
27.5793
27.5793
27.5794
27.5794
27.5795
27.5795
27.5795
27.5795
27.5795
27.5795
27.5794
27.5794
27.5795
27.5796
27.5797
27.5797
27.5797
27.5797
27.5797
27.5797
27.5796
27.5795
27.5798
27.5798
27.5799
27.5799
27.58
27.58
27.5799
27.5799
27.5798
27.5798
27.58
27.5801
27.5802
27.5802
27.5803
27.5803
27.5802
27.5802
27.5801
27.58
27.5803
27.5804
27.5805
27.5805
27.5806
27.5806
27.5805
27.5805
27.5804
27.5803
27.5805
27.5807
27.5808
27.5808
27.5809
27.5809
27.5808
27.5808
27.5807
27.5805
27.5808
27.5809
27.5811
27.5811
27.5811
27.5811
27.5811
27.5811
27.5809
27.5808
27.5811
27.5812
27.5813
27.5814
27.5814
27.5814
27.5814
27.5813
27.5812
27.5811
24.3354
24.3354
24.3354
24.3354
24.3354
24.3354
24.3354
24.3354
24.3354
24.3354
24.3354
24.3354
24.3354
24.3354
24.3354
24.3354
24.3354
24.3354
24.3354
24.3354
24.3354
24.3354
24.3354
24.3354
24.3354
24.3354
24.3354
24.3354
24.3354
24.3354
24.3354
24.3355
24.3355
24.3355
24.3355
24.3355
24.3355
24.3355
24.3355
24.3354
24.3355
24.3355
24.3356
24.3356
24.3356
24.3356
24.3356
24.3356
24.3355
24.3355
24.3356
24.3357
24.3357
24.3357
24.3357
24.3357
24.3357
24.3357
24.3357
24.3356
24.3357
24.3358
24.3358
24.3359
24.3359
24.3359
24.3359
24.3358
24.3358
24.3357
24.3359
24.3359
24.336
24.336
24.336
24.336
24.336
24.336
24.3359
24.3359
24.336
24.3361
24.3361
24.3362
24.3362
24.3362
24.3362
24.3361
24.3361
24.336
24.3362
24.3363
24.3363
24.3363
24.3363
24.3363
24.3363
24.3363
24.3363
24.3362
21.0909
21.0909
21.0909
21.0909
21.0909
21.0909
21.0909
21.0909
21.0909
21.0909
21.0909
21.0909
21.0909
21.0909
21.0909
21.0909
21.0909
21.0909
21.0909
21.0909
21.0909
21.0909
21.0909
21.0909
21.0909
21.0909
21.0909
21.0909
21.0909
21.0909
21.0909
21.0909
21.0909
21.0909
21.0909
21.0909
21.0909
21.0909
21.0909
21.0909
21.0909
21.0909
21.0909
21.0909
21.0909
21.0909
21.0909
21.0909
21.0909
21.0909
21.0909
21.0909
21.091
21.091
21.091
21.091
21.091
21.091
21.0909
21.0909
21.091
21.091
21.091
21.091
21.091
21.091
21.091
21.091
21.091
21.091
21.091
21.091
21.0911
21.0911
21.0911
21.0911
21.0911
21.0911
21.091
21.091
21.0911
21.0911
21.0911
21.0911
21.0911
21.0911
21.0911
21.0911
21.0911
21.0911
21.0911
21.0912
21.0912
21.0912
21.0912
21.0912
21.0912
21.0912
21.0912
21.0911
17.8463
17.8463
17.8463
17.8463
17.8463
17.8463
17.8463
17.8463
17.8463
17.8463
17.8463
17.8463
17.8462
17.8462
17.8462
17.8462
17.8462
17.8462
17.8463
17.8463
17.8462
17.8462
17.8462
17.8462
17.8462
17.8462
17.8462
17.8462
17.8462
17.8462
17.8462
17.8462
17.8462
17.8462
17.8462
17.8462
17.8462
17.8462
17.8462
17.8462
17.8462
17.8462
17.8463
17.8463
17.8463
17.8463
17.8463
17.8463
17.8462
17.8462
17.8463
17.8463
17.8463
17.8463
17.8463
17.8463
17.8463
17.8463
17.8463
17.8463
17.8463
17.8463
17.8463
17.8463
17.8463
17.8463
17.8463
17.8463
17.8463
17.8463
17.8463
17.8463
17.8463
17.8463
17.8463
17.8463
17.8463
17.8463
17.8463
17.8463
17.8463
17.8463
17.8463
17.8464
17.8464
17.8464
17.8464
17.8463
17.8463
17.8463
17.8464
17.8464
17.8464
17.8464
17.8464
17.8464
17.8464
17.8464
17.8464
17.8464
14.6015
14.6015
14.6015
14.6015
14.6015
14.6015
14.6015
14.6015
14.6015
14.6015
14.6015
14.6015
14.6015
14.6015
14.6015
14.6015
14.6015
14.6015
14.6015
14.6015
14.6015
14.6015
14.6015
14.6015
14.6015
14.6015
14.6015
14.6015
14.6015
14.6015
14.6015
14.6015
14.6015
14.6015
14.6015
14.6015
14.6015
14.6015
14.6015
14.6015
14.6015
14.6015
14.6015
14.6015
14.6015
14.6015
14.6015
14.6015
14.6015
14.6015
14.6015
14.6015
14.6015
14.6015
14.6015
14.6015
14.6015
14.6015
14.6015
14.6015
14.6015
14.6015
14.6015
14.6015
14.6015
14.6015
14.6015
14.6015
14.6015
14.6015
14.6015
14.6015
14.6015
14.6015
14.6015
14.6015
14.6015
14.6015
14.6015
14.6015
14.6015
14.6015
14.6015
14.6015
14.6015
14.6015
14.6015
14.6015
14.6015
14.6015
14.6015
14.6015
14.6015
14.6015
14.6015
14.6015
14.6015
14.6015
14.6015
14.6015
11.3568
11.3568
11.3568
11.3568
11.3568
11.3568
11.3568
11.3568
11.3568
11.3568
11.3568
11.3567
11.3567
11.3567
11.3567
11.3567
11.3567
11.3567
11.3567
11.3568
11.3567
11.3567
11.3567
11.3567
11.3567
11.3567
11.3567
11.3567
11.3567
11.3567
11.3567
11.3567
11.3567
11.3567
11.3567
11.3567
11.3567
11.3567
11.3567
11.3567
11.3567
11.3567
11.3567
11.3567
11.3567
11.3567
11.3567
11.3567
11.3567
11.3567
11.3567
11.3567
11.3567
11.3567
11.3567
11.3567
11.3567
11.3567
11.3567
11.3567
11.3567
11.3567
11.3567
11.3567
11.3567
11.3567
11.3567
11.3567
11.3567
11.3567
11.3567
11.3567
11.3568
11.3568
11.3568
11.3568
11.3568
11.3568
11.3567
11.3567
11.3568
11.3568
11.3568
11.3568
11.3568
11.3568
11.3568
11.3568
11.3568
11.3568
11.3568
11.3568
11.3568
11.3568
11.3568
11.3568
11.3568
11.3568
11.3568
11.3568
8.11197
8.11197
8.11197
8.11197
8.11197
8.11197
8.11197
8.11197
8.11197
8.11197
8.11197
8.11197
8.11197
8.11197
8.11197
8.11197
8.11197
8.11197
8.11197
8.11197
8.11197
8.11197
8.11197
8.11197
8.11196
8.11196
8.11197
8.11197
8.11197
8.11197
8.11196
8.11196
8.11196
8.11196
8.11196
8.11196
8.11196
8.11196
8.11196
8.11196
8.11196
8.11196
8.11196
8.11196
8.11196
8.11196
8.11196
8.11196
8.11196
8.11196
8.11196
8.11196
8.11196
8.11196
8.11196
8.11196
8.11196
8.11196
8.11196
8.11196
8.11196
8.11196
8.11196
8.11196
8.11196
8.11196
8.11196
8.11196
8.11196
8.11196
8.11196
8.11196
8.11196
8.11196
8.11196
8.11196
8.11196
8.11196
8.11196
8.11196
8.11196
8.11196
8.11196
8.11196
8.11197
8.11197
8.11196
8.11196
8.11196
8.11196
8.11196
8.11197
8.11197
8.11197
8.11197
8.11197
8.11197
8.11197
8.11197
8.11196
4.86718
4.86718
4.86718
4.86718
4.86718
4.86718
4.86718
4.86718
4.86718
4.86718
4.86718
4.86718
4.86718
4.86718
4.86718
4.86718
4.86718
4.86718
4.86718
4.86718
4.86718
4.86718
4.86718
4.86718
4.86718
4.86718
4.86718
4.86718
4.86718
4.86718
4.86718
4.86718
4.86718
4.86718
4.86718
4.86718
4.86718
4.86718
4.86718
4.86718
4.86718
4.86718
4.86718
4.86718
4.86718
4.86718
4.86718
4.86718
4.86718
4.86718
4.86718
4.86718
4.86718
4.86718
4.86718
4.86718
4.86718
4.86718
4.86718
4.86718
4.86718
4.86718
4.86718
4.86718
4.86718
4.86718
4.86718
4.86718
4.86718
4.86718
4.86718
4.86718
4.86718
4.86718
4.86718
4.86718
4.86718
4.86718
4.86718
4.86718
4.86718
4.86718
4.86718
4.86718
4.86718
4.86718
4.86718
4.86718
4.86718
4.86718
4.86718
4.86718
4.86718
4.86718
4.86718
4.86718
4.86718
4.86718
4.86718
4.86718
1.62239
1.62239
1.62239
1.62239
1.62239
1.62239
1.62239
1.62239
1.62239
1.62239
1.62239
1.62239
1.62239
1.62239
1.62239
1.62239
1.62239
1.62239
1.62239
1.62239
1.62239
1.62239
1.62239
1.62239
1.62239
1.62239
1.62239
1.62239
1.62239
1.62239
1.62239
1.62239
1.62239
1.62239
1.62239
1.62239
1.62239
1.62239
1.62239
1.62239
1.62239
1.62239
1.62239
1.62239
1.62239
1.62239
1.62239
1.62239
1.62239
1.62239
1.62239
1.62239
1.62239
1.62239
1.62239
1.62239
1.62239
1.62239
1.62239
1.62239
1.62239
1.62239
1.62239
1.62239
1.62239
1.62239
1.62239
1.62239
1.62239
1.62239
1.62239
1.62239
1.62239
1.62239
1.62239
1.62239
1.62239
1.62239
1.62239
1.62239
1.62239
1.62239
1.62239
1.62239
1.62239
1.62239
1.62239
1.62239
1.62239
1.62239
1.62239
1.62239
1.62239
1.62239
1.62239
1.62239
1.62239
1.62239
1.62239
1.62239
99.0709
98.4857
98.1181
97.8495
97.7102
97.7102
97.8495
98.1181
98.4857
99.0709
89.8836
89.0291
88.4663
88.0684
87.8635
87.8635
88.0684
88.4663
89.0291
89.8836
82.2559
81.2726
80.6309
80.1838
79.9544
79.9544
80.1838
80.6309
81.2726
82.2559
76.9895
75.9793
75.3286
74.8818
74.6529
74.6529
74.8818
75.3285
75.9793
76.9895
73.0377
72.0349
71.3921
70.9596
70.7381
70.7381
70.9596
71.3921
72.0349
73.0377
69.8371
68.8616
68.2347
67.8232
67.6129
67.6129
67.8232
68.2347
68.8616
69.8371
67.1973
66.27
65.6687
65.2846
65.0891
65.0891
65.2846
65.6687
66.27
67.1973
65.0112
64.1556
63.5924
63.2411
63.063
63.063
63.2411
63.5924
64.1556
65.0112
63.1981
62.4306
61.9181
61.6045
61.4457
61.4457
61.6045
61.9181
62.4306
63.1981
61.7786
61.0112
60.558
60.2823
60.1426
60.1426
60.2823
60.558
61.0112
61.7786
62.8874
63.0612
63.2504
63.378
63.444
63.444
63.378
63.2504
63.0612
62.8874
63.3132
63.4085
63.536
63.6179
63.6597
63.6597
63.6179
63.536
63.4085
63.3132
63.2905
63.2877
63.3408
63.3693
63.3835
63.3835
63.3693
63.3408
63.2877
63.2905
62.8781
62.7846
62.7692
62.7507
62.7406
62.7406
62.7507
62.7692
62.7846
62.8781
62.2799
62.1119
62.0382
61.982
61.9524
61.9524
61.982
62.0382
62.1119
62.2799
61.6056
61.3815
61.2608
61.1763
61.1322
61.1322
61.1763
61.2608
61.3815
61.6056
60.9106
60.6507
60.4959
60.393
60.3397
60.3397
60.393
60.4959
60.6507
60.9106
60.2265
59.9548
59.7814
59.67
59.6124
59.6124
59.67
59.7814
59.9548
60.2265
59.5893
59.3218
59.142
59.0291
58.9705
58.9705
59.029
59.142
59.3218
59.5893
59.103
58.753
58.5682
58.4546
58.3954
58.3954
58.4546
58.5682
58.753
59.103
58.2546
58.2402
58.242
58.2385
58.2369
58.2369
58.2385
58.242
58.2402
58.2546
58.6687
58.652
58.6532
58.6481
58.6454
58.6454
58.6481
58.6532
58.652
58.6687
59.0116
58.9764
58.9661
58.9512
58.9432
58.9432
58.9512
58.9661
58.9764
59.0116
59.0656
58.9969
58.9644
58.9334
58.917
58.917
58.9334
58.9644
58.9969
59.0656
58.9213
58.8172
58.7602
58.7131
58.6882
58.6882
58.7131
58.7602
58.8172
58.9213
58.6735
58.5388
58.4593
58.3988
58.367
58.367
58.3988
58.4593
58.5388
58.6735
58.3711
58.2139
58.1162
58.0463
58.0096
58.0096
58.0463
58.1162
58.2139
58.3711
58.0409
57.8735
57.7644
57.6895
57.6504
57.6504
57.6895
57.7644
57.8735
58.0409
57.7162
57.5462
57.4297
57.3525
57.3121
57.3121
57.3525
57.4297
57.5462
57.7162
57.4724
57.2378
57.1107
57.0297
56.9875
56.9875
57.0297
57.1107
57.2378
57.4724
53.5215
53.5413
53.5665
53.5826
53.5911
53.5911
53.5826
53.5665
53.5413
53.5215
53.7334
53.7571
53.7863
53.8048
53.8146
53.8146
53.8048
53.7863
53.7571
53.7334
53.9135
53.9349
53.9639
53.9815
53.9908
53.9908
53.9815
53.9639
53.9349
53.9135
54.0005
54.0115
54.0336
54.0458
54.0522
54.0522
54.0458
54.0336
54.0115
54.0005
54.0153
54.012
54.0236
54.0283
54.0307
54.0307
54.0283
54.0236
54.012
54.0153
53.9817
53.9635
53.9637
53.9606
53.9589
53.9589
53.9606
53.9637
53.9635
53.9817
53.9134
53.8823
53.8717
53.862
53.8566
53.8566
53.862
53.8717
53.8823
53.9134
53.8202
53.781
53.762
53.7472
53.7392
53.7392
53.7472
53.762
53.781
53.8201
53.7201
53.6751
53.648
53.6285
53.6179
53.6179
53.6285
53.648
53.6751
53.7201
53.6588
53.5697
53.5285
53.5015
53.4873
53.4873
53.5015
53.5285
53.5697
53.6588
50.293
50.2931
50.2951
50.2952
50.2954
50.2954
50.2952
50.2951
50.2931
50.293
50.3924
50.3961
50.4014
50.4037
50.4049
50.4049
50.4037
50.4014
50.3961
50.3924
50.4939
50.4991
50.5061
50.5092
50.5108
50.5108
50.5092
50.5061
50.4991
50.4939
50.563
50.5661
50.5721
50.574
50.575
50.575
50.574
50.5721
50.5661
50.563
50.6017
50.6005
50.6036
50.6033
50.603
50.603
50.6033
50.6036
50.6005
50.6017
50.6171
50.6106
50.6098
50.6068
50.605
50.605
50.6068
50.6098
50.6106
50.6171
50.614
50.6022
50.5975
50.5919
50.5887
50.5887
50.5919
50.5975
50.6022
50.614
50.5966
50.5812
50.573
50.5653
50.561
50.561
50.5653
50.573
50.5812
50.5966
50.5745
50.5557
50.5431
50.533
50.5274
50.5274
50.533
50.5431
50.5557
50.5745
50.5693
50.5273
50.5066
50.4922
50.4846
50.4846
50.4922
50.5066
50.5273
50.5693
46.967
46.97
46.9738
46.976
46.9771
46.9771
46.976
46.9738
46.97
46.967
47.0084
47.0133
47.0187
47.022
47.0237
47.0237
47.022
47.0187
47.0133
47.0084
47.0507
47.0567
47.0634
47.0674
47.0696
47.0696
47.0674
47.0634
47.0567
47.0507
47.0827
47.0885
47.0953
47.0994
47.1015
47.1015
47.0994
47.0953
47.0885
47.0827
47.1044
47.109
47.1151
47.1185
47.1202
47.1202
47.1185
47.1151
47.109
47.1044
47.1173
47.12
47.1248
47.1271
47.1283
47.1283
47.1271
47.1248
47.12
47.1173
47.1223
47.1231
47.1262
47.1274
47.1279
47.1279
47.1274
47.1262
47.1231
47.1223
47.1207
47.1199
47.1215
47.1216
47.1215
47.1215
47.1216
47.1215
47.1199
47.1207
47.1168
47.1141
47.1133
47.1119
47.111
47.111
47.1119
47.1133
47.1141
47.1168
47.1211
47.1065
47.1007
47.0965
47.0942
47.0942
47.0965
47.1007
47.1065
47.1211
43.7672
43.7676
43.7682
43.7684
43.7684
43.7684
43.7684
43.7682
43.7676
43.7672
43.7847
43.786
43.7874
43.7881
43.7884
43.7884
43.7881
43.7874
43.786
43.7847
43.8046
43.8067
43.8088
43.8099
43.8105
43.8105
43.8099
43.8088
43.8067
43.8046
43.8218
43.8242
43.8267
43.828
43.8287
43.8287
43.828
43.8267
43.8242
43.8218
43.8357
43.8381
43.8406
43.8418
43.8424
43.8424
43.8418
43.8406
43.8381
43.8357
43.8466
43.8486
43.8509
43.8519
43.8523
43.8523
43.8519
43.8509
43.8486
43.8466
43.8546
43.8561
43.858
43.8586
43.8589
43.8589
43.8586
43.858
43.8561
43.8546
43.86
43.8611
43.8625
43.8628
43.8628
43.8628
43.8628
43.8624
43.8611
43.86
43.8647
43.865
43.8654
43.8651
43.8648
43.8648
43.8651
43.8654
43.865
43.8647
43.8729
43.8679
43.866
43.8644
43.8635
43.8635
43.8644
43.866
43.8679
43.8729
40.5314
40.532
40.5326
40.533
40.5332
40.5332
40.533
40.5326
40.532
40.5314
40.5381
40.5391
40.5401
40.5407
40.541
40.541
40.5407
40.5401
40.5391
40.5381
40.5458
40.5471
40.5484
40.5493
40.5497
40.5497
40.5493
40.5484
40.5471
40.5458
40.5528
40.5544
40.5559
40.5569
40.5574
40.5574
40.5569
40.5559
40.5544
40.5528
40.5589
40.5606
40.5623
40.5633
40.5638
40.5638
40.5633
40.5623
40.5606
40.5589
40.5641
40.5657
40.5674
40.5684
40.5689
40.5689
40.5684
40.5674
40.5657
40.5641
40.5682
40.5697
40.5713
40.5722
40.5726
40.5726
40.5722
40.5713
40.5697
40.5682
40.5713
40.5727
40.5741
40.5748
40.5751
40.5751
40.5748
40.5741
40.5727
40.5713
40.574
40.5751
40.576
40.5765
40.5766
40.5766
40.5765
40.576
40.5751
40.574
40.5783
40.577
40.5769
40.5766
40.5765
40.5765
40.5766
40.5769
40.577
40.5783
37.3027
37.3028
37.3029
37.3029
37.303
37.303
37.3029
37.3029
37.3028
37.3027
37.3052
37.3055
37.3057
37.3059
37.306
37.306
37.3059
37.3057
37.3055
37.3052
37.3084
37.3089
37.3093
37.3096
37.3097
37.3097
37.3096
37.3093
37.3089
37.3084
37.3117
37.3124
37.3129
37.3133
37.3134
37.3134
37.3133
37.3129
37.3124
37.3117
37.3149
37.3157
37.3164
37.3168
37.317
37.317
37.3168
37.3164
37.3157
37.3149
37.3179
37.3188
37.3195
37.3199
37.3202
37.3202
37.3199
37.3195
37.3188
37.3179
37.3207
37.3216
37.3223
37.3228
37.323
37.323
37.3228
37.3223
37.3216
37.3207
37.3231
37.324
37.3248
37.3252
37.3254
37.3254
37.3252
37.3248
37.324
37.3231
37.3256
37.3264
37.327
37.3273
37.3274
37.3274
37.3273
37.327
37.3264
37.3256
37.3286
37.3285
37.3287
37.3288
37.3288
37.3288
37.3288
37.3287
37.3285
37.3286
34.0632
34.0633
34.0634
34.0635
34.0635
34.0635
34.0635
34.0634
34.0633
34.0632
34.064
34.0642
34.0644
34.0645
34.0645
34.0645
34.0645
34.0644
34.0642
34.064
34.0651
34.0654
34.0656
34.0657
34.0658
34.0658
34.0657
34.0656
34.0654
34.0651
34.0663
34.0667
34.067
34.0672
34.0673
34.0673
34.0672
34.067
34.0667
34.0663
34.0676
34.068
34.0684
34.0686
34.0687
34.0687
34.0686
34.0684
34.068
34.0676
34.0689
34.0693
34.0697
34.07
34.0701
34.0701
34.07
34.0697
34.0693
34.0689
34.0701
34.0706
34.071
34.0713
34.0714
34.0714
34.0713
34.071
34.0706
34.0701
34.0712
34.0717
34.0722
34.0724
34.0725
34.0725
34.0724
34.0722
34.0717
34.0712
34.0723
34.0728
34.0732
34.0734
34.0735
34.0735
34.0734
34.0732
34.0728
34.0723
34.0736
34.0738
34.074
34.0741
34.0742
34.0742
34.0741
34.074
34.0738
34.0736
30.8226
30.8226
30.8226
30.8227
30.8227
30.8227
30.8227
30.8226
30.8226
30.8226
30.8228
30.8229
30.8229
30.8229
30.823
30.823
30.8229
30.8229
30.8229
30.8228
30.8232
30.8233
30.8234
30.8234
30.8234
30.8234
30.8234
30.8234
30.8233
30.8232
30.8237
30.8239
30.824
30.824
30.8241
30.8241
30.824
30.824
30.8239
30.8237
30.8243
30.8245
30.8246
30.8247
30.8248
30.8248
30.8247
30.8246
30.8245
30.8243
30.8249
30.8252
30.8253
30.8254
30.8255
30.8255
30.8254
30.8253
30.8252
30.8249
30.8256
30.8259
30.826
30.8262
30.8262
30.8262
30.8262
30.826
30.8259
30.8256
30.8263
30.8265
30.8267
30.8269
30.8269
30.8269
30.8269
30.8267
30.8265
30.8263
30.8269
30.8272
30.8274
30.8275
30.8276
30.8276
30.8275
30.8274
30.8272
30.8269
30.8277
30.8279
30.828
30.8281
30.8281
30.8281
30.8281
30.828
30.8279
30.8277
27.5793
27.5793
27.5793
27.5793
27.5793
27.5793
27.5793
27.5793
27.5793
27.5793
27.5793
27.5793
27.5794
27.5794
27.5794
27.5794
27.5794
27.5794
27.5793
27.5793
27.5794
27.5794
27.5795
27.5795
27.5795
27.5795
27.5795
27.5795
27.5794
27.5794
27.5795
27.5796
27.5797
27.5797
27.5797
27.5797
27.5797
27.5797
27.5796
27.5795
27.5798
27.5798
27.5799
27.5799
27.58
27.58
27.5799
27.5799
27.5798
27.5798
27.58
27.5801
27.5802
27.5802
27.5803
27.5803
27.5802
27.5802
27.5801
27.58
27.5803
27.5804
27.5805
27.5805
27.5806
27.5806
27.5805
27.5805
27.5804
27.5803
27.5805
27.5807
27.5808
27.5808
27.5809
27.5809
27.5808
27.5808
27.5807
27.5805
27.5808
27.5809
27.5811
27.5811
27.5811
27.5811
27.5811
27.5811
27.5809
27.5808
27.5811
27.5812
27.5813
27.5814
27.5814
27.5814
27.5814
27.5813
27.5812
27.5811
24.3354
24.3354
24.3354
24.3354
24.3354
24.3354
24.3354
24.3354
24.3354
24.3354
24.3354
24.3354
24.3354
24.3354
24.3354
24.3354
24.3354
24.3354
24.3354
24.3354
24.3354
24.3354
24.3354
24.3354
24.3354
24.3354
24.3354
24.3354
24.3354
24.3354
24.3354
24.3355
24.3355
24.3355
24.3355
24.3355
24.3355
24.3355
24.3355
24.3354
24.3355
24.3355
24.3356
24.3356
24.3356
24.3356
24.3356
24.3356
24.3355
24.3355
24.3356
24.3357
24.3357
24.3357
24.3357
24.3357
24.3357
24.3357
24.3357
24.3356
24.3357
24.3358
24.3358
24.3359
24.3359
24.3359
24.3359
24.3358
24.3358
24.3357
24.3359
24.3359
24.336
24.336
24.336
24.336
24.336
24.336
24.3359
24.3359
24.336
24.3361
24.3361
24.3362
24.3362
24.3362
24.3362
24.3361
24.3361
24.336
24.3362
24.3363
24.3363
24.3363
24.3363
24.3363
24.3363
24.3363
24.3363
24.3362
21.0909
21.0909
21.0909
21.0909
21.0909
21.0909
21.0909
21.0909
21.0909
21.0909
21.0909
21.0909
21.0909
21.0909
21.0909
21.0909
21.0909
21.0909
21.0909
21.0909
21.0909
21.0909
21.0909
21.0909
21.0909
21.0909
21.0909
21.0909
21.0909
21.0909
21.0909
21.0909
21.0909
21.0909
21.0909
21.0909
21.0909
21.0909
21.0909
21.0909
21.0909
21.0909
21.0909
21.0909
21.0909
21.0909
21.0909
21.0909
21.0909
21.0909
21.0909
21.0909
21.091
21.091
21.091
21.091
21.091
21.091
21.0909
21.0909
21.091
21.091
21.091
21.091
21.091
21.091
21.091
21.091
21.091
21.091
21.091
21.091
21.0911
21.0911
21.0911
21.0911
21.0911
21.0911
21.091
21.091
21.0911
21.0911
21.0911
21.0911
21.0911
21.0911
21.0911
21.0911
21.0911
21.0911
21.0911
21.0912
21.0912
21.0912
21.0912
21.0912
21.0912
21.0912
21.0912
21.0911
17.8463
17.8463
17.8463
17.8463
17.8463
17.8463
17.8463
17.8463
17.8463
17.8463
17.8463
17.8463
17.8462
17.8462
17.8462
17.8462
17.8462
17.8462
17.8463
17.8463
17.8462
17.8462
17.8462
17.8462
17.8462
17.8462
17.8462
17.8462
17.8462
17.8462
17.8462
17.8462
17.8462
17.8462
17.8462
17.8462
17.8462
17.8462
17.8462
17.8462
17.8462
17.8462
17.8463
17.8463
17.8463
17.8463
17.8463
17.8463
17.8462
17.8462
17.8463
17.8463
17.8463
17.8463
17.8463
17.8463
17.8463
17.8463
17.8463
17.8463
17.8463
17.8463
17.8463
17.8463
17.8463
17.8463
17.8463
17.8463
17.8463
17.8463
17.8463
17.8463
17.8463
17.8463
17.8463
17.8463
17.8463
17.8463
17.8463
17.8463
17.8463
17.8463
17.8463
17.8464
17.8464
17.8464
17.8464
17.8463
17.8463
17.8463
17.8464
17.8464
17.8464
17.8464
17.8464
17.8464
17.8464
17.8464
17.8464
17.8464
14.6015
14.6015
14.6015
14.6015
14.6015
14.6015
14.6015
14.6015
14.6015
14.6015
14.6015
14.6015
14.6015
14.6015
14.6015
14.6015
14.6015
14.6015
14.6015
14.6015
14.6015
14.6015
14.6015
14.6015
14.6015
14.6015
14.6015
14.6015
14.6015
14.6015
14.6015
14.6015
14.6015
14.6015
14.6015
14.6015
14.6015
14.6015
14.6015
14.6015
14.6015
14.6015
14.6015
14.6015
14.6015
14.6015
14.6015
14.6015
14.6015
14.6015
14.6015
14.6015
14.6015
14.6015
14.6015
14.6015
14.6015
14.6015
14.6015
14.6015
14.6015
14.6015
14.6015
14.6015
14.6015
14.6015
14.6015
14.6015
14.6015
14.6015
14.6015
14.6015
14.6015
14.6015
14.6015
14.6015
14.6015
14.6015
14.6015
14.6015
14.6015
14.6015
14.6015
14.6015
14.6015
14.6015
14.6015
14.6015
14.6015
14.6015
14.6015
14.6015
14.6015
14.6015
14.6015
14.6015
14.6015
14.6015
14.6015
14.6015
11.3568
11.3568
11.3568
11.3568
11.3568
11.3568
11.3568
11.3568
11.3568
11.3568
11.3568
11.3567
11.3567
11.3567
11.3567
11.3567
11.3567
11.3567
11.3567
11.3568
11.3567
11.3567
11.3567
11.3567
11.3567
11.3567
11.3567
11.3567
11.3567
11.3567
11.3567
11.3567
11.3567
11.3567
11.3567
11.3567
11.3567
11.3567
11.3567
11.3567
11.3567
11.3567
11.3567
11.3567
11.3567
11.3567
11.3567
11.3567
11.3567
11.3567
11.3567
11.3567
11.3567
11.3567
11.3567
11.3567
11.3567
11.3567
11.3567
11.3567
11.3567
11.3567
11.3567
11.3567
11.3567
11.3567
11.3567
11.3567
11.3567
11.3567
11.3567
11.3567
11.3568
11.3568
11.3568
11.3568
11.3568
11.3568
11.3567
11.3567
11.3568
11.3568
11.3568
11.3568
11.3568
11.3568
11.3568
11.3568
11.3568
11.3568
11.3568
11.3568
11.3568
11.3568
11.3568
11.3568
11.3568
11.3568
11.3568
11.3568
8.11197
8.11197
8.11197
8.11197
8.11197
8.11197
8.11197
8.11197
8.11197
8.11197
8.11197
8.11197
8.11197
8.11197
8.11197
8.11197
8.11197
8.11197
8.11197
8.11197
8.11197
8.11197
8.11197
8.11197
8.11196
8.11196
8.11197
8.11197
8.11197
8.11197
8.11196
8.11196
8.11196
8.11196
8.11196
8.11196
8.11196
8.11196
8.11196
8.11196
8.11196
8.11196
8.11196
8.11196
8.11196
8.11196
8.11196
8.11196
8.11196
8.11196
8.11196
8.11196
8.11196
8.11196
8.11196
8.11196
8.11196
8.11196
8.11196
8.11196
8.11196
8.11196
8.11196
8.11196
8.11196
8.11196
8.11196
8.11196
8.11196
8.11196
8.11196
8.11196
8.11196
8.11196
8.11196
8.11196
8.11196
8.11196
8.11196
8.11196
8.11196
8.11196
8.11196
8.11196
8.11197
8.11197
8.11196
8.11196
8.11196
8.11196
8.11196
8.11197
8.11197
8.11197
8.11197
8.11197
8.11197
8.11197
8.11197
8.11196
4.86718
4.86718
4.86718
4.86718
4.86718
4.86718
4.86718
4.86718
4.86718
4.86718
4.86718
4.86718
4.86718
4.86718
4.86718
4.86718
4.86718
4.86718
4.86718
4.86718
4.86718
4.86718
4.86718
4.86718
4.86718
4.86718
4.86718
4.86718
4.86718
4.86718
4.86718
4.86718
4.86718
4.86718
4.86718
4.86718
4.86718
4.86718
4.86718
4.86718
4.86718
4.86718
4.86718
4.86718
4.86718
4.86718
4.86718
4.86718
4.86718
4.86718
4.86718
4.86718
4.86718
4.86718
4.86718
4.86718
4.86718
4.86718
4.86718
4.86718
4.86718
4.86718
4.86718
4.86718
4.86718
4.86718
4.86718
4.86718
4.86718
4.86718
4.86718
4.86718
4.86718
4.86718
4.86718
4.86718
4.86718
4.86718
4.86718
4.86718
4.86718
4.86718
4.86718
4.86718
4.86718
4.86718
4.86718
4.86718
4.86718
4.86718
4.86718
4.86718
4.86718
4.86718
4.86718
4.86718
4.86718
4.86718
4.86718
4.86718
1.62239
1.62239
1.62239
1.62239
1.62239
1.62239
1.62239
1.62239
1.62239
1.62239
1.62239
1.62239
1.62239
1.62239
1.62239
1.62239
1.62239
1.62239
1.62239
1.62239
1.62239
1.62239
1.62239
1.62239
1.62239
1.62239
1.62239
1.62239
1.62239
1.62239
1.62239
1.62239
1.62239
1.62239
1.62239
1.62239
1.62239
1.62239
1.62239
1.62239
1.62239
1.62239
1.62239
1.62239
1.62239
1.62239
1.62239
1.62239
1.62239
1.62239
1.62239
1.62239
1.62239
1.62239
1.62239
1.62239
1.62239
1.62239
1.62239
1.62239
1.62239
1.62239
1.62239
1.62239
1.62239
1.62239
1.62239
1.62239
1.62239
1.62239
1.62239
1.62239
1.62239
1.62239
1.62239
1.62239
1.62239
1.62239
1.62239
1.62239
1.62239
1.62239
1.62239
1.62239
1.62239
1.62239
1.62239
1.62239
1.62239
1.62239
1.62239
1.62239
1.62239
1.62239
1.62239
1.62239
1.62239
1.62239
1.62239
1.62239
99.0709
98.4857
98.1181
97.8495
97.7102
97.7102
97.8495
98.1181
98.4857
99.0709
89.8836
89.0291
88.4663
88.0684
87.8635
87.8635
88.0684
88.4663
89.0291
89.8836
82.2559
81.2726
80.6309
80.1838
79.9544
79.9544
80.1838
80.6309
81.2726
82.2559
76.9895
75.9793
75.3285
74.8818
74.6529
74.6529
74.8818
75.3285
75.9793
76.9895
73.0377
72.0349
71.3921
70.9596
70.7381
70.7381
70.9596
71.3921
72.0349
73.0377
69.8371
68.8616
68.2347
67.8232
67.6129
67.6129
67.8232
68.2347
68.8616
69.8371
67.1973
66.27
65.6687
65.2846
65.0891
65.0891
65.2846
65.6687
66.27
67.1973
65.0112
64.1556
63.5924
63.2411
63.063
63.063
63.2411
63.5924
64.1556
65.0112
63.1981
62.4306
61.9181
61.6045
61.4457
61.4457
61.6045
61.9181
62.4306
63.1981
61.7786
61.0112
60.558
60.2823
60.1426
60.1425
60.2823
60.558
61.0112
61.7786
62.8874
63.0612
63.2504
63.378
63.444
63.444
63.378
63.2504
63.0612
62.8874
63.3132
63.4085
63.536
63.6179
63.6597
63.6597
63.6179
63.536
63.4085
63.3132
63.2905
63.2877
63.3408
63.3693
63.3834
63.3834
63.3693
63.3408
63.2877
63.2905
62.8781
62.7846
62.7692
62.7507
62.7406
62.7406
62.7507
62.7692
62.7846
62.8781
62.2799
62.1119
62.0382
61.982
61.9524
61.9524
61.982
62.0382
62.1119
62.2799
61.6056
61.3815
61.2608
61.1763
61.1322
61.1322
61.1763
61.2608
61.3815
61.6056
60.9106
60.6507
60.4959
60.393
60.3397
60.3397
60.393
60.4959
60.6507
60.9106
60.2265
59.9548
59.7814
59.67
59.6124
59.6124
59.67
59.7814
59.9548
60.2265
59.5893
59.3218
59.142
59.029
58.9705
58.9705
59.029
59.142
59.3218
59.5893
59.103
58.753
58.5682
58.4546
58.3954
58.3954
58.4546
58.5682
58.753
59.103
58.2546
58.2402
58.242
58.2385
58.2369
58.2369
58.2385
58.242
58.2402
58.2546
58.6687
58.652
58.6532
58.6481
58.6454
58.6454
58.6481
58.6532
58.652
58.6687
59.0116
58.9764
58.9661
58.9512
58.9432
58.9432
58.9512
58.9661
58.9764
59.0116
59.0656
58.9969
58.9644
58.9334
58.917
58.917
58.9334
58.9644
58.9969
59.0656
58.9213
58.8172
58.7602
58.7131
58.6882
58.6882
58.7131
58.7602
58.8172
58.9213
58.6735
58.5388
58.4593
58.3988
58.367
58.367
58.3988
58.4593
58.5388
58.6735
58.3711
58.2139
58.1162
58.0463
58.0096
58.0096
58.0463
58.1162
58.2139
58.3711
58.0409
57.8735
57.7644
57.6895
57.6504
57.6504
57.6895
57.7644
57.8735
58.0409
57.7162
57.5462
57.4297
57.3525
57.3121
57.3121
57.3525
57.4297
57.5462
57.7162
57.4724
57.2378
57.1107
57.0297
56.9875
56.9875
57.0297
57.1107
57.2378
57.4724
53.5215
53.5413
53.5665
53.5826
53.5911
53.5911
53.5826
53.5665
53.5413
53.5215
53.7334
53.7571
53.7863
53.8048
53.8146
53.8146
53.8048
53.7863
53.7571
53.7334
53.9135
53.9349
53.9639
53.9815
53.9908
53.9908
53.9815
53.9639
53.9349
53.9135
54.0005
54.0115
54.0336
54.0458
54.0522
54.0522
54.0458
54.0336
54.0115
54.0005
54.0153
54.012
54.0236
54.0283
54.0307
54.0307
54.0283
54.0236
54.012
54.0153
53.9817
53.9635
53.9637
53.9606
53.9589
53.9589
53.9606
53.9637
53.9635
53.9817
53.9134
53.8823
53.8717
53.862
53.8566
53.8566
53.862
53.8717
53.8823
53.9134
53.8201
53.781
53.762
53.7472
53.7391
53.7391
53.7472
53.762
53.781
53.8201
53.7201
53.6751
53.648
53.6285
53.6179
53.6179
53.6285
53.648
53.6751
53.7201
53.6588
53.5697
53.5285
53.5015
53.4873
53.4873
53.5015
53.5285
53.5697
53.6588
50.293
50.2931
50.2951
50.2952
50.2954
50.2954
50.2952
50.2951
50.2931
50.293
50.3924
50.3961
50.4014
50.4037
50.4049
50.4049
50.4037
50.4014
50.3961
50.3924
50.4939
50.4991
50.5061
50.5092
50.5107
50.5107
50.5092
50.5061
50.4991
50.4939
50.563
50.5661
50.5721
50.574
50.575
50.575
50.574
50.5721
50.5661
50.563
50.6017
50.6005
50.6036
50.6033
50.603
50.603
50.6033
50.6036
50.6005
50.6017
50.6171
50.6106
50.6098
50.6068
50.605
50.605
50.6068
50.6098
50.6106
50.6171
50.614
50.6022
50.5975
50.5919
50.5887
50.5887
50.5919
50.5975
50.6022
50.614
50.5966
50.5812
50.573
50.5653
50.561
50.561
50.5653
50.573
50.5812
50.5966
50.5745
50.5557
50.5431
50.533
50.5274
50.5274
50.533
50.5431
50.5557
50.5745
50.5693
50.5273
50.5066
50.4922
50.4846
50.4846
50.4922
50.5065
50.5273
50.5693
46.967
46.97
46.9738
46.976
46.9771
46.9771
46.976
46.9738
46.97
46.967
47.0084
47.0133
47.0187
47.022
47.0237
47.0237
47.022
47.0187
47.0133
47.0084
47.0507
47.0567
47.0634
47.0674
47.0696
47.0696
47.0674
47.0634
47.0567
47.0507
47.0827
47.0885
47.0953
47.0994
47.1015
47.1015
47.0994
47.0953
47.0885
47.0827
47.1044
47.109
47.1151
47.1185
47.1202
47.1202
47.1185
47.1151
47.109
47.1044
47.1173
47.12
47.1248
47.1271
47.1283
47.1283
47.1271
47.1248
47.12
47.1173
47.1223
47.1231
47.1262
47.1274
47.1279
47.1279
47.1274
47.1262
47.1231
47.1223
47.1207
47.1199
47.1215
47.1216
47.1215
47.1215
47.1216
47.1215
47.1199
47.1207
47.1168
47.1141
47.1133
47.1119
47.111
47.111
47.1119
47.1133
47.1141
47.1168
47.1211
47.1065
47.1007
47.0965
47.0942
47.0942
47.0965
47.1007
47.1065
47.1211
43.7672
43.7676
43.7682
43.7684
43.7684
43.7684
43.7684
43.7682
43.7676
43.7672
43.7847
43.786
43.7874
43.7881
43.7884
43.7884
43.7881
43.7874
43.786
43.7847
43.8046
43.8067
43.8088
43.8099
43.8105
43.8105
43.8099
43.8088
43.8067
43.8046
43.8218
43.8242
43.8267
43.828
43.8287
43.8287
43.828
43.8267
43.8242
43.8218
43.8357
43.8381
43.8406
43.8418
43.8424
43.8424
43.8418
43.8406
43.8381
43.8357
43.8466
43.8486
43.8509
43.8519
43.8523
43.8523
43.8519
43.8509
43.8486
43.8466
43.8546
43.8561
43.858
43.8586
43.8589
43.8589
43.8586
43.858
43.8561
43.8546
43.86
43.8611
43.8624
43.8628
43.8628
43.8628
43.8628
43.8624
43.8611
43.86
43.8647
43.865
43.8654
43.8651
43.8648
43.8648
43.8651
43.8654
43.865
43.8647
43.8729
43.8679
43.866
43.8644
43.8635
43.8635
43.8644
43.866
43.8679
43.8729
40.5314
40.532
40.5326
40.533
40.5332
40.5332
40.533
40.5326
40.532
40.5314
40.5381
40.5391
40.5401
40.5407
40.541
40.541
40.5407
40.5401
40.5391
40.5381
40.5458
40.5471
40.5484
40.5493
40.5497
40.5497
40.5493
40.5484
40.5471
40.5458
40.5528
40.5544
40.5559
40.5569
40.5574
40.5574
40.5569
40.5559
40.5544
40.5528
40.5589
40.5606
40.5623
40.5633
40.5638
40.5638
40.5633
40.5623
40.5606
40.5589
40.5641
40.5657
40.5674
40.5684
40.5689
40.5689
40.5684
40.5674
40.5657
40.5641
40.5682
40.5697
40.5713
40.5722
40.5726
40.5726
40.5722
40.5713
40.5697
40.5682
40.5713
40.5727
40.5741
40.5748
40.5751
40.5751
40.5748
40.5741
40.5727
40.5713
40.574
40.5751
40.576
40.5765
40.5766
40.5766
40.5765
40.576
40.5751
40.574
40.5783
40.577
40.5769
40.5766
40.5765
40.5765
40.5766
40.5769
40.577
40.5783
37.3027
37.3028
37.3029
37.3029
37.303
37.303
37.3029
37.3029
37.3028
37.3027
37.3052
37.3055
37.3057
37.3059
37.306
37.306
37.3059
37.3057
37.3055
37.3052
37.3084
37.3089
37.3093
37.3096
37.3097
37.3097
37.3096
37.3093
37.3089
37.3084
37.3117
37.3124
37.3129
37.3133
37.3134
37.3134
37.3133
37.3129
37.3124
37.3117
37.3149
37.3157
37.3164
37.3168
37.317
37.317
37.3168
37.3164
37.3157
37.3149
37.3179
37.3188
37.3195
37.3199
37.3202
37.3202
37.3199
37.3195
37.3188
37.3179
37.3207
37.3216
37.3223
37.3228
37.323
37.323
37.3228
37.3223
37.3216
37.3207
37.3231
37.324
37.3248
37.3252
37.3254
37.3254
37.3252
37.3248
37.324
37.3231
37.3256
37.3264
37.327
37.3273
37.3274
37.3274
37.3273
37.327
37.3264
37.3256
37.3286
37.3285
37.3287
37.3288
37.3288
37.3288
37.3288
37.3287
37.3285
37.3286
34.0632
34.0633
34.0634
34.0635
34.0635
34.0635
34.0635
34.0634
34.0633
34.0632
34.064
34.0642
34.0644
34.0645
34.0645
34.0645
34.0645
34.0644
34.0642
34.064
34.0651
34.0654
34.0656
34.0657
34.0658
34.0658
34.0657
34.0656
34.0654
34.0651
34.0663
34.0667
34.067
34.0672
34.0673
34.0673
34.0672
34.067
34.0667
34.0663
34.0676
34.068
34.0684
34.0686
34.0687
34.0687
34.0686
34.0684
34.068
34.0676
34.0689
34.0693
34.0697
34.07
34.0701
34.0701
34.07
34.0697
34.0693
34.0689
34.0701
34.0706
34.071
34.0713
34.0714
34.0714
34.0713
34.071
34.0706
34.0701
34.0712
34.0717
34.0722
34.0724
34.0725
34.0725
34.0724
34.0722
34.0717
34.0712
34.0723
34.0728
34.0732
34.0734
34.0735
34.0735
34.0734
34.0732
34.0728
34.0723
34.0736
34.0738
34.074
34.0741
34.0742
34.0742
34.0741
34.074
34.0738
34.0736
30.8226
30.8226
30.8226
30.8227
30.8227
30.8227
30.8227
30.8226
30.8226
30.8226
30.8228
30.8229
30.8229
30.8229
30.823
30.823
30.8229
30.8229
30.8229
30.8228
30.8232
30.8233
30.8234
30.8234
30.8234
30.8234
30.8234
30.8234
30.8233
30.8232
30.8237
30.8239
30.824
30.824
30.8241
30.8241
30.824
30.824
30.8239
30.8237
30.8243
30.8245
30.8246
30.8247
30.8248
30.8248
30.8247
30.8246
30.8245
30.8243
30.8249
30.8252
30.8253
30.8254
30.8255
30.8255
30.8254
30.8253
30.8252
30.8249
30.8256
30.8259
30.826
30.8262
30.8262
30.8262
30.8262
30.826
30.8259
30.8256
30.8263
30.8265
30.8267
30.8269
30.8269
30.8269
30.8269
30.8267
30.8265
30.8263
30.8269
30.8272
30.8274
30.8275
30.8276
30.8276
30.8275
30.8274
30.8272
30.8269
30.8277
30.8279
30.828
30.8281
30.8281
30.8281
30.8281
30.828
30.8279
30.8277
27.5793
27.5793
27.5793
27.5793
27.5793
27.5793
27.5793
27.5793
27.5793
27.5793
27.5793
27.5793
27.5794
27.5794
27.5794
27.5794
27.5794
27.5794
27.5793
27.5793
27.5794
27.5794
27.5795
27.5795
27.5795
27.5795
27.5795
27.5795
27.5794
27.5794
27.5795
27.5796
27.5797
27.5797
27.5797
27.5797
27.5797
27.5797
27.5796
27.5795
27.5798
27.5798
27.5799
27.5799
27.58
27.58
27.5799
27.5799
27.5798
27.5798
27.58
27.5801
27.5802
27.5802
27.5803
27.5803
27.5802
27.5802
27.5801
27.58
27.5803
27.5804
27.5805
27.5805
27.5806
27.5806
27.5805
27.5805
27.5804
27.5803
27.5805
27.5807
27.5808
27.5808
27.5809
27.5809
27.5808
27.5808
27.5807
27.5805
27.5808
27.5809
27.5811
27.5811
27.5811
27.5811
27.5811
27.5811
27.5809
27.5808
27.5811
27.5812
27.5813
27.5814
27.5814
27.5814
27.5814
27.5813
27.5812
27.5811
24.3354
24.3354
24.3354
24.3354
24.3354
24.3354
24.3354
24.3354
24.3354
24.3354
24.3354
24.3354
24.3354
24.3354
24.3354
24.3354
24.3354
24.3354
24.3354
24.3354
24.3354
24.3354
24.3354
24.3354
24.3354
24.3354
24.3354
24.3354
24.3354
24.3354
24.3354
24.3355
24.3355
24.3355
24.3355
24.3355
24.3355
24.3355
24.3355
24.3354
24.3355
24.3355
24.3356
24.3356
24.3356
24.3356
24.3356
24.3356
24.3355
24.3355
24.3356
24.3357
24.3357
24.3357
24.3357
24.3357
24.3357
24.3357
24.3357
24.3356
24.3357
24.3358
24.3358
24.3359
24.3359
24.3359
24.3359
24.3358
24.3358
24.3358
24.3359
24.3359
24.336
24.336
24.336
24.336
24.336
24.336
24.3359
24.3359
24.336
24.3361
24.3361
24.3362
24.3362
24.3362
24.3362
24.3361
24.3361
24.336
24.3362
24.3363
24.3363
24.3363
24.3363
24.3363
24.3363
24.3363
24.3363
24.3362
21.0909
21.0909
21.0909
21.0909
21.0909
21.0909
21.0909
21.0909
21.0909
21.0909
21.0909
21.0909
21.0909
21.0909
21.0909
21.0909
21.0909
21.0909
21.0909
21.0909
21.0909
21.0909
21.0909
21.0909
21.0909
21.0909
21.0909
21.0909
21.0909
21.0909
21.0909
21.0909
21.0909
21.0909
21.0909
21.0909
21.0909
21.0909
21.0909
21.0909
21.0909
21.0909
21.0909
21.0909
21.0909
21.0909
21.0909
21.0909
21.0909
21.0909
21.0909
21.0909
21.091
21.091
21.091
21.091
21.091
21.091
21.0909
21.0909
21.091
21.091
21.091
21.091
21.091
21.091
21.091
21.091
21.091
21.091
21.091
21.091
21.0911
21.0911
21.0911
21.0911
21.0911
21.0911
21.091
21.091
21.0911
21.0911
21.0911
21.0911
21.0911
21.0911
21.0911
21.0911
21.0911
21.0911
21.0911
21.0912
21.0912
21.0912
21.0912
21.0912
21.0912
21.0912
21.0912
21.0911
17.8463
17.8463
17.8463
17.8463
17.8463
17.8463
17.8463
17.8463
17.8463
17.8463
17.8463
17.8463
17.8462
17.8462
17.8462
17.8462
17.8462
17.8462
17.8463
17.8463
17.8462
17.8462
17.8462
17.8462
17.8462
17.8462
17.8462
17.8462
17.8462
17.8462
17.8462
17.8462
17.8462
17.8462
17.8462
17.8462
17.8462
17.8462
17.8462
17.8462
17.8462
17.8462
17.8463
17.8463
17.8463
17.8463
17.8463
17.8463
17.8462
17.8462
17.8463
17.8463
17.8463
17.8463
17.8463
17.8463
17.8463
17.8463
17.8463
17.8463
17.8463
17.8463
17.8463
17.8463
17.8463
17.8463
17.8463
17.8463
17.8463
17.8463
17.8463
17.8463
17.8463
17.8463
17.8463
17.8463
17.8463
17.8463
17.8463
17.8463
17.8463
17.8463
17.8463
17.8464
17.8464
17.8464
17.8464
17.8463
17.8463
17.8463
17.8464
17.8464
17.8464
17.8464
17.8464
17.8464
17.8464
17.8464
17.8464
17.8464
14.6015
14.6015
14.6015
14.6015
14.6015
14.6015
14.6015
14.6015
14.6015
14.6015
14.6015
14.6015
14.6015
14.6015
14.6015
14.6015
14.6015
14.6015
14.6015
14.6015
14.6015
14.6015
14.6015
14.6015
14.6015
14.6015
14.6015
14.6015
14.6015
14.6015
14.6015
14.6015
14.6015
14.6015
14.6015
14.6015
14.6015
14.6015
14.6015
14.6015
14.6015
14.6015
14.6015
14.6015
14.6015
14.6015
14.6015
14.6015
14.6015
14.6015
14.6015
14.6015
14.6015
14.6015
14.6015
14.6015
14.6015
14.6015
14.6015
14.6015
14.6015
14.6015
14.6015
14.6015
14.6015
14.6015
14.6015
14.6015
14.6015
14.6015
14.6015
14.6015
14.6015
14.6015
14.6015
14.6015
14.6015
14.6015
14.6015
14.6015
14.6015
14.6015
14.6015
14.6015
14.6015
14.6015
14.6015
14.6015
14.6015
14.6015
14.6015
14.6015
14.6015
14.6015
14.6015
14.6015
14.6015
14.6015
14.6015
14.6015
11.3568
11.3568
11.3568
11.3568
11.3568
11.3568
11.3568
11.3568
11.3568
11.3568
11.3568
11.3568
11.3567
11.3567
11.3567
11.3567
11.3567
11.3567
11.3568
11.3568
11.3567
11.3567
11.3567
11.3567
11.3567
11.3567
11.3567
11.3567
11.3567
11.3567
11.3567
11.3567
11.3567
11.3567
11.3567
11.3567
11.3567
11.3567
11.3567
11.3567
11.3567
11.3567
11.3567
11.3567
11.3567
11.3567
11.3567
11.3567
11.3567
11.3567
11.3567
11.3567
11.3567
11.3567
11.3567
11.3567
11.3567
11.3567
11.3567
11.3567
11.3567
11.3567
11.3567
11.3567
11.3567
11.3567
11.3567
11.3567
11.3567
11.3567
11.3567
11.3567
11.3568
11.3568
11.3568
11.3568
11.3568
11.3568
11.3567
11.3567
11.3568
11.3568
11.3568
11.3568
11.3568
11.3568
11.3568
11.3568
11.3568
11.3568
11.3568
11.3568
11.3568
11.3568
11.3568
11.3568
11.3568
11.3568
11.3568
11.3568
8.11197
8.11197
8.11197
8.11197
8.11197
8.11197
8.11197
8.11197
8.11197
8.11197
8.11197
8.11197
8.11197
8.11197
8.11197
8.11197
8.11197
8.11197
8.11197
8.11197
8.11197
8.11197
8.11197
8.11197
8.11196
8.11196
8.11197
8.11197
8.11197
8.11197
8.11196
8.11196
8.11196
8.11196
8.11196
8.11196
8.11196
8.11196
8.11196
8.11196
8.11196
8.11196
8.11196
8.11196
8.11196
8.11196
8.11196
8.11196
8.11196
8.11196
8.11196
8.11196
8.11196
8.11196
8.11196
8.11196
8.11196
8.11196
8.11196
8.11196
8.11196
8.11196
8.11196
8.11196
8.11196
8.11196
8.11196
8.11196
8.11196
8.11196
8.11196
8.11196
8.11196
8.11196
8.11196
8.11196
8.11196
8.11196
8.11196
8.11196
8.11196
8.11196
8.11196
8.11196
8.11197
8.11197
8.11196
8.11196
8.11196
8.11196
8.11196
8.11197
8.11197
8.11197
8.11197
8.11197
8.11197
8.11197
8.11197
8.11196
4.86718
4.86718
4.86718
4.86718
4.86718
4.86718
4.86718
4.86718
4.86718
4.86718
4.86718
4.86718
4.86718
4.86718
4.86718
4.86718
4.86718
4.86718
4.86718
4.86718
4.86718
4.86718
4.86718
4.86718
4.86718
4.86718
4.86718
4.86718
4.86718
4.86718
4.86718
4.86718
4.86718
4.86718
4.86718
4.86718
4.86718
4.86718
4.86718
4.86718
4.86718
4.86718
4.86718
4.86718
4.86718
4.86718
4.86718
4.86718
4.86718
4.86718
4.86718
4.86718
4.86718
4.86718
4.86718
4.86718
4.86718
4.86718
4.86718
4.86718
4.86718
4.86718
4.86718
4.86718
4.86718
4.86718
4.86718
4.86718
4.86718
4.86718
4.86718
4.86718
4.86718
4.86718
4.86718
4.86718
4.86718
4.86718
4.86718
4.86718
4.86718
4.86718
4.86718
4.86718
4.86718
4.86718
4.86718
4.86718
4.86718
4.86718
4.86718
4.86718
4.86718
4.86718
4.86718
4.86718
4.86718
4.86718
4.86718
4.86718
1.62239
1.62239
1.62239
1.62239
1.62239
1.62239
1.62239
1.62239
1.62239
1.62239
1.62239
1.62239
1.62239
1.62239
1.62239
1.62239
1.62239
1.62239
1.62239
1.62239
1.62239
1.62239
1.62239
1.62239
1.62239
1.62239
1.62239
1.62239
1.62239
1.62239
1.62239
1.62239
1.62239
1.62239
1.62239
1.62239
1.62239
1.62239
1.62239
1.62239
1.62239
1.62239
1.62239
1.62239
1.62239
1.62239
1.62239
1.62239
1.62239
1.62239
1.62239
1.62239
1.62239
1.62239
1.62239
1.62239
1.62239
1.62239
1.62239
1.62239
1.62239
1.62239
1.62239
1.62239
1.62239
1.62239
1.62239
1.62239
1.62239
1.62239
1.62239
1.62239
1.62239
1.62239
1.62239
1.62239
1.62239
1.62239
1.62239
1.62239
1.62239
1.62239
1.62239
1.62239
1.62239
1.62239
1.62239
1.62239
1.62239
1.62239
1.62239
1.62239
1.62239
1.62239
1.62239
1.62239
1.62239
1.62239
1.62239
1.62239
60.7614
60.0705
59.6324
59.3534
59.2149
59.2149
59.3534
59.6324
60.0705
60.7614
60.0705
59.48
59.0345
58.7372
58.5897
58.5897
58.7372
59.0345
59.48
60.0705
59.6324
59.0345
58.5698
58.2599
58.1069
58.1069
58.2599
58.5698
59.0345
59.6324
59.3534
58.7372
58.2599
57.944
57.7885
57.7885
57.944
58.2599
58.7372
59.3534
59.2149
58.5897
58.1069
57.7885
57.6319
57.6319
57.7885
58.1069
58.5897
59.215
59.2149
58.5897
58.1069
57.7885
57.6319
57.6319
57.7885
58.1069
58.5897
59.215
59.3534
58.7372
58.2599
57.944
57.7885
57.7885
57.944
58.2599
58.7372
59.3534
59.6324
59.0345
58.5698
58.2599
58.1069
58.1069
58.2599
58.5698
59.0346
59.6324
60.0705
59.48
59.0345
58.7372
58.5897
58.5897
58.7372
59.0346
59.48
60.0705
60.7614
60.0705
59.6324
59.3534
59.215
59.215
59.3534
59.6324
60.0705
60.7614
58.5814
58.3028
58.1367
58.0272
57.9716
57.9716
58.0272
58.1367
58.3028
58.5814
58.3028
58.0819
57.8938
57.7627
57.6971
57.6971
57.7627
57.8938
58.0819
58.3028
58.1367
57.8938
57.6824
57.5373
57.4656
57.4656
57.5373
57.6824
57.8938
58.1367
58.0272
57.7627
57.5373
57.3848
57.3098
57.3098
57.3848
57.5373
57.7627
58.0272
57.9716
57.6971
57.4656
57.3098
57.2332
57.2332
57.3098
57.4656
57.6971
57.9716
57.9716
57.6971
57.4656
57.3098
57.2332
57.2332
57.3098
57.4656
57.6971
57.9716
58.0272
57.7627
57.5373
57.3848
57.3098
57.3098
57.3848
57.5373
57.7627
58.0272
58.1367
57.8938
57.6824
57.5373
57.4656
57.4656
57.5373
57.6824
57.8938
58.1367
58.3028
58.0819
57.8938
57.7627
57.6971
57.6971
57.7627
57.8938
58.0819
58.3028
58.5814
58.3028
58.1367
58.0272
57.9716
57.9716
58.0272
58.1367
58.3028
58.5814
57.0822
56.9301
56.8362
56.7708
56.7371
56.7371
56.7708
56.8362
56.9301
57.0822
56.9301
56.8091
56.6949
56.6122
56.5705
56.5705
56.6122
56.6949
56.8091
56.9301
56.8362
56.6949
56.5616
56.4683
56.4219
56.4219
56.4683
56.5616
56.6949
56.8362
56.7708
56.6122
56.4683
56.3695
56.3208
56.3208
56.3695
56.4683
56.6122
56.7708
56.7371
56.5705
56.4219
56.3208
56.2709
56.2709
56.3208
56.4219
56.5705
56.7371
56.7371
56.5705
56.4219
56.3208
56.2709
56.2709
56.3208
56.4219
56.5705
56.7371
56.7708
56.6122
56.4683
56.3695
56.3208
56.3208
56.3695
56.4683
56.6122
56.7708
56.8362
56.6949
56.5616
56.4683
56.4219
56.4219
56.4683
56.5616
56.6949
56.8362
56.9301
56.8091
56.6949
56.6122
56.5705
56.5705
56.6122
56.6949
56.8091
56.9301
57.0822
56.9301
56.8362
56.7708
56.7371
56.7371
56.7708
56.8362
56.9301
57.0822
53.4616
53.4266
53.4072
53.3914
53.3829
53.3829
53.3914
53.4072
53.4266
53.4616
53.4266
53.4011
53.366
53.3382
53.3242
53.3242
53.3382
53.366
53.4011
53.4266
53.4072
53.366
53.3188
53.2845
53.2676
53.2676
53.2845
53.3188
53.366
53.4072
53.3914
53.3382
53.2845
53.2471
53.2287
53.2287
53.2471
53.2845
53.3382
53.3914
53.3829
53.3242
53.2676
53.2287
53.2096
53.2096
53.2287
53.2676
53.3242
53.3829
53.3829
53.3242
53.2676
53.2287
53.2096
53.2096
53.2287
53.2676
53.3242
53.3829
53.3914
53.3382
53.2845
53.2471
53.2287
53.2287
53.2471
53.2845
53.3382
53.3914
53.4072
53.366
53.3188
53.2845
53.2676
53.2676
53.2845
53.3188
53.366
53.4072
53.4266
53.4011
53.366
53.3382
53.3242
53.3242
53.3382
53.366
53.4011
53.4266
53.4616
53.4266
53.4072
53.3914
53.3829
53.3829
53.3914
53.4072
53.4266
53.4616
50.4664
50.4595
50.4554
50.4504
50.4476
50.4476
50.4504
50.4554
50.4595
50.4664
50.4595
50.4561
50.4437
50.4327
50.427
50.427
50.4327
50.4437
50.4561
50.4595
50.4554
50.4437
50.425
50.4107
50.4036
50.4036
50.4107
50.425
50.4437
50.4554
50.4504
50.4327
50.4107
50.3948
50.387
50.387
50.3948
50.4107
50.4327
50.4504
50.4476
50.427
50.4036
50.387
50.3789
50.3789
50.387
50.4036
50.427
50.4476
50.4476
50.427
50.4036
50.387
50.3789
50.3789
50.387
50.4036
50.427
50.4476
50.4504
50.4327
50.4107
50.3948
50.387
50.387
50.3948
50.4107
50.4327
50.4504
50.4554
50.4437
50.425
50.4107
50.4036
50.4036
50.4107
50.425
50.4437
50.4554
50.4595
50.4561
50.4437
50.4327
50.427
50.427
50.4327
50.4437
50.4561
50.4595
50.4664
50.4595
50.4554
50.4504
50.4476
50.4476
50.4504
50.4554
50.4595
50.4664
47.0721
47.0755
47.0781
47.0787
47.0788
47.0788
47.0787
47.0781
47.0755
47.0721
47.0755
47.0791
47.077
47.0743
47.0729
47.0729
47.0743
47.077
47.0792
47.0755
47.0781
47.077
47.0716
47.0672
47.0651
47.0651
47.0672
47.0716
47.077
47.0781
47.0787
47.0743
47.0672
47.0621
47.0596
47.0596
47.0621
47.0672
47.0743
47.0787
47.0788
47.0729
47.0651
47.0596
47.0569
47.0569
47.0596
47.0651
47.0729
47.0788
47.0788
47.0729
47.0651
47.0596
47.0569
47.0569
47.0596
47.0651
47.0729
47.0788
47.0787
47.0743
47.0672
47.0621
47.0596
47.0596
47.0621
47.0672
47.0743
47.0787
47.0781
47.077
47.0716
47.0672
47.0651
47.0651
47.0672
47.0716
47.077
47.0781
47.0755
47.0792
47.077
47.0743
47.0729
47.0729
47.0743
47.077
47.0792
47.0755
47.0721
47.0755
47.0781
47.0787
47.0788
47.0788
47.0787
47.0781
47.0755
47.0721
43.8525
43.8567
43.8595
43.8608
43.8614
43.8614
43.8608
43.8595
43.8567
43.8525
43.8567
43.8611
43.8619
43.8618
43.8617
43.8617
43.8618
43.8619
43.8611
43.8567
43.8595
43.8619
43.8614
43.8606
43.8603
43.8603
43.8606
43.8614
43.8619
43.8595
43.8608
43.8618
43.8606
43.8596
43.8592
43.8592
43.8596
43.8606
43.8618
43.8608
43.8614
43.8617
43.8603
43.8592
43.8586
43.8586
43.8592
43.8603
43.8617
43.8614
43.8614
43.8617
43.8603
43.8592
43.8586
43.8586
43.8592
43.8603
43.8617
43.8614
43.8608
43.8618
43.8606
43.8596
43.8592
43.8592
43.8596
43.8606
43.8618
43.8608
43.8595
43.8619
43.8614
43.8606
43.8603
43.8603
43.8606
43.8614
43.8619
43.8595
43.8567
43.8611
43.8619
43.8618
43.8617
43.8617
43.8618
43.8619
43.8611
43.8567
43.8525
43.8567
43.8595
43.8608
43.8614
43.8614
43.8608
43.8595
43.8567
43.8525
40.5696
40.5724
40.5743
40.5753
40.5757
40.5757
40.5753
40.5743
40.5724
40.5696
40.5724
40.575
40.5759
40.5762
40.5764
40.5764
40.5762
40.5759
40.575
40.5724
40.5743
40.5759
40.5762
40.5763
40.5763
40.5763
40.5763
40.5762
40.5759
40.5743
40.5753
40.5762
40.5763
40.5762
40.5762
40.5762
40.5762
40.5763
40.5762
40.5753
40.5757
40.5764
40.5763
40.5762
40.5762
40.5762
40.5762
40.5763
40.5764
40.5757
40.5757
40.5764
40.5763
40.5762
40.5762
40.5762
40.5762
40.5763
40.5764
40.5757
40.5753
40.5762
40.5763
40.5762
40.5762
40.5762
40.5762
40.5763
40.5762
40.5753
40.5743
40.5759
40.5762
40.5763
40.5763
40.5763
40.5763
40.5762
40.5759
40.5743
40.5724
40.575
40.5759
40.5762
40.5764
40.5764
40.5762
40.5759
40.575
40.5724
40.5696
40.5724
40.5743
40.5753
40.5757
40.5757
40.5753
40.5743
40.5724
40.5696
37.3257
37.3275
37.3286
37.3293
37.3296
37.3296
37.3293
37.3286
37.3275
37.3257
37.3275
37.3291
37.33
37.3304
37.3306
37.3306
37.3304
37.33
37.3291
37.3275
37.3286
37.33
37.3306
37.331
37.3312
37.3312
37.331
37.3306
37.33
37.3286
37.3293
37.3304
37.331
37.3313
37.3315
37.3315
37.3313
37.331
37.3304
37.3293
37.3296
37.3306
37.3312
37.3315
37.3317
37.3317
37.3315
37.3312
37.3306
37.3296
37.3296
37.3306
37.3312
37.3315
37.3317
37.3317
37.3315
37.3312
37.3306
37.3296
37.3293
37.3304
37.331
37.3313
37.3315
37.3315
37.3313
37.331
37.3304
37.3293
37.3286
37.33
37.3306
37.331
37.3312
37.3312
37.331
37.3306
37.33
37.3286
37.3275
37.3291
37.33
37.3304
37.3306
37.3306
37.3304
37.33
37.3291
37.3275
37.3257
37.3275
37.3286
37.3293
37.3296
37.3296
37.3293
37.3286
37.3275
37.3257
34.0726
34.0735
34.074
34.0744
34.0746
34.0746
34.0744
34.074
34.0735
34.0726
34.0735
34.0743
34.0747
34.075
34.0751
34.0751
34.075
34.0747
34.0743
34.0735
34.074
34.0747
34.0751
34.0753
34.0754
34.0754
34.0753
34.0751
34.0747
34.074
34.0744
34.075
34.0753
34.0755
34.0756
34.0756
34.0755
34.0753
34.075
34.0744
34.0746
34.0751
34.0754
34.0756
34.0757
34.0757
34.0756
34.0754
34.0751
34.0746
34.0746
34.0751
34.0754
34.0756
34.0757
34.0757
34.0756
34.0754
34.0751
34.0746
34.0744
34.075
34.0753
34.0755
34.0756
34.0756
34.0755
34.0753
34.075
34.0744
34.074
34.0747
34.0751
34.0753
34.0754
34.0754
34.0753
34.0751
34.0747
34.074
34.0735
34.0743
34.0747
34.075
34.0751
34.0751
34.075
34.0747
34.0743
34.0735
34.0726
34.0735
34.074
34.0744
34.0746
34.0746
34.0744
34.074
34.0735
34.0726
30.8275
30.828
30.8283
30.8285
30.8285
30.8285
30.8285
30.8283
30.828
30.8275
30.828
30.8284
30.8287
30.8288
30.8289
30.8289
30.8288
30.8287
30.8284
30.828
30.8283
30.8287
30.8289
30.8291
30.8292
30.8292
30.8291
30.8289
30.8287
30.8283
30.8285
30.8288
30.8291
30.8292
30.8293
30.8293
30.8292
30.8291
30.8288
30.8285
30.8285
30.8289
30.8292
30.8293
30.8294
30.8294
30.8293
30.8292
30.8289
30.8285
30.8285
30.8289
30.8292
30.8293
30.8294
30.8294
30.8293
30.8292
30.8289
30.8285
30.8285
30.8288
30.8291
30.8292
30.8293
30.8293
30.8292
30.8291
30.8288
30.8285
30.8283
30.8287
30.8289
30.8291
30.8292
30.8292
30.8291
30.8289
30.8287
30.8283
30.828
30.8284
30.8287
30.8288
30.8289
30.8289
30.8288
30.8287
30.8284
30.828
30.8275
30.828
30.8283
30.8285
30.8285
30.8285
30.8285
30.8283
30.828
30.8275
27.5811
27.5813
27.5814
27.5815
27.5816
27.5816
27.5815
27.5814
27.5813
27.5811
27.5813
27.5815
27.5816
27.5817
27.5817
27.5817
27.5817
27.5816
27.5815
27.5813
27.5814
27.5816
27.5817
27.5818
27.5818
27.5818
27.5818
27.5817
27.5816
27.5814
27.5815
27.5817
27.5818
27.5819
27.5819
27.5819
27.5819
27.5818
27.5817
27.5815
27.5816
27.5817
27.5818
27.5819
27.582
27.582
27.5819
27.5818
27.5817
27.5816
27.5816
27.5817
27.5818
27.5819
27.582
27.582
27.5819
27.5818
27.5817
27.5816
27.5815
27.5817
27.5818
27.5819
27.5819
27.5819
27.5819
27.5818
27.5817
27.5815
27.5814
27.5816
27.5817
27.5818
27.5818
27.5818
27.5818
27.5817
27.5816
27.5814
27.5813
27.5815
27.5816
27.5817
27.5817
27.5817
27.5817
27.5816
27.5815
27.5813
27.5811
27.5813
27.5814
27.5815
27.5816
27.5816
27.5815
27.5814
27.5813
27.5811
24.3362
24.3363
24.3364
24.3364
24.3365
24.3365
24.3364
24.3364
24.3363
24.3362
24.3363
24.3364
24.3365
24.3365
24.3365
24.3365
24.3365
24.3365
24.3364
24.3363
24.3364
24.3365
24.3365
24.3366
24.3366
24.3366
24.3366
24.3365
24.3365
24.3364
24.3364
24.3365
24.3366
24.3366
24.3367
24.3367
24.3366
24.3366
24.3365
24.3364
24.3365
24.3365
24.3366
24.3367
24.3367
24.3367
24.3367
24.3366
24.3365
24.3365
24.3365
24.3365
24.3366
24.3367
24.3367
24.3367
24.3367
24.3366
24.3365
24.3365
24.3364
24.3365
24.3366
24.3366
24.3367
24.3367
24.3366
24.3366
24.3365
24.3364
24.3364
24.3365
24.3365
24.3366
24.3366
24.3366
24.3366
24.3365
24.3365
24.3364
24.3363
24.3364
24.3365
24.3365
24.3365
24.3365
24.3365
24.3365
24.3364
24.3363
24.3362
24.3363
24.3364
24.3364
24.3365
24.3365
24.3364
24.3364
24.3363
24.3362
21.0912
21.0912
21.0912
21.0912
21.0913
21.0913
21.0912
21.0912
21.0912
21.0912
21.0912
21.0912
21.0913
21.0913
21.0913
21.0913
21.0913
21.0913
21.0912
21.0912
21.0912
21.0913
21.0913
21.0913
21.0913
21.0913
21.0913
21.0913
21.0913
21.0912
21.0912
21.0913
21.0913
21.0913
21.0913
21.0913
21.0913
21.0913
21.0913
21.0912
21.0913
21.0913
21.0913
21.0913
21.0914
21.0914
21.0913
21.0913
21.0913
21.0913
21.0913
21.0913
21.0913
21.0913
21.0914
21.0914
21.0913
21.0913
21.0913
21.0913
21.0912
21.0913
21.0913
21.0913
21.0913
21.0913
21.0913
21.0913
21.0913
21.0912
21.0912
21.0913
21.0913
21.0913
21.0913
21.0913
21.0913
21.0913
21.0913
21.0912
21.0912
21.0912
21.0913
21.0913
21.0913
21.0913
21.0913
21.0913
21.0912
21.0912
21.0912
21.0912
21.0912
21.0912
21.0913
21.0913
21.0912
21.0912
21.0912
21.0912
17.8464
17.8464
17.8464
17.8464
17.8464
17.8464
17.8464
17.8464
17.8464
17.8464
17.8464
17.8464
17.8464
17.8464
17.8464
17.8464
17.8464
17.8464
17.8464
17.8464
17.8464
17.8464
17.8464
17.8464
17.8464
17.8464
17.8464
17.8464
17.8464
17.8464
17.8464
17.8464
17.8464
17.8465
17.8465
17.8465
17.8465
17.8464
17.8464
17.8464
17.8464
17.8464
17.8464
17.8465
17.8465
17.8465
17.8465
17.8464
17.8464
17.8464
17.8464
17.8464
17.8464
17.8465
17.8465
17.8465
17.8465
17.8464
17.8464
17.8464
17.8464
17.8464
17.8464
17.8465
17.8465
17.8465
17.8465
17.8464
17.8464
17.8464
17.8464
17.8464
17.8464
17.8464
17.8464
17.8464
17.8464
17.8464
17.8464
17.8464
17.8464
17.8464
17.8464
17.8464
17.8464
17.8464
17.8464
17.8464
17.8464
17.8464
17.8464
17.8464
17.8464
17.8464
17.8464
17.8464
17.8464
17.8464
17.8464
17.8464
14.6015
14.6016
14.6016
14.6016
14.6016
14.6016
14.6016
14.6016
14.6016
14.6015
14.6016
14.6016
14.6016
14.6016
14.6016
14.6016
14.6016
14.6016
14.6016
14.6016
14.6016
14.6016
14.6016
14.6016
14.6016
14.6016
14.6016
14.6016
14.6016
14.6016
14.6016
14.6016
14.6016
14.6016
14.6016
14.6016
14.6016
14.6016
14.6016
14.6016
14.6016
14.6016
14.6016
14.6016
14.6016
14.6016
14.6016
14.6016
14.6016
14.6016
14.6016
14.6016
14.6016
14.6016
14.6016
14.6016
14.6016
14.6016
14.6016
14.6016
14.6016
14.6016
14.6016
14.6016
14.6016
14.6016
14.6016
14.6016
14.6016
14.6016
14.6016
14.6016
14.6016
14.6016
14.6016
14.6016
14.6016
14.6016
14.6016
14.6016
14.6016
14.6016
14.6016
14.6016
14.6016
14.6016
14.6016
14.6016
14.6016
14.6016
14.6015
14.6016
14.6016
14.6016
14.6016
14.6016
14.6016
14.6016
14.6016
14.6015
11.3568
11.3568
11.3568
11.3568
11.3568
11.3568
11.3568
11.3568
11.3568
11.3568
11.3568
11.3568
11.3568
11.3568
11.3568
11.3568
11.3568
11.3568
11.3568
11.3568
11.3568
11.3568
11.3568
11.3568
11.3568
11.3568
11.3568
11.3568
11.3568
11.3568
11.3568
11.3568
11.3568
11.3568
11.3568
11.3568
11.3568
11.3568
11.3568
11.3568
11.3568
11.3568
11.3568
11.3568
11.3568
11.3568
11.3568
11.3568
11.3568
11.3568
11.3568
11.3568
11.3568
11.3568
11.3568
11.3568
11.3568
11.3568
11.3568
11.3568
11.3568
11.3568
11.3568
11.3568
11.3568
11.3568
11.3568
11.3568
11.3568
11.3568
11.3568
11.3568
11.3568
11.3568
11.3568
11.3568
11.3568
11.3568
11.3568
11.3568
11.3568
11.3568
11.3568
11.3568
11.3568
11.3568
11.3568
11.3568
11.3568
11.3568
11.3568
11.3568
11.3568
11.3568
11.3568
11.3568
11.3568
11.3568
11.3568
11.3568
8.11197
8.11197
8.11197
8.11197
8.11197
8.11197
8.11197
8.11197
8.11197
8.11197
8.11197
8.11197
8.11197
8.11197
8.11197
8.11197
8.11197
8.11197
8.11197
8.11197
8.11197
8.11197
8.11197
8.11197
8.11197
8.11197
8.11197
8.11197
8.11197
8.11197
8.11197
8.11197
8.11197
8.11197
8.11197
8.11197
8.11197
8.11197
8.11197
8.11197
8.11197
8.11197
8.11197
8.11197
8.11197
8.11197
8.11197
8.11197
8.11197
8.11197
8.11197
8.11197
8.11197
8.11197
8.11197
8.11197
8.11197
8.11197
8.11197
8.11197
8.11197
8.11197
8.11197
8.11197
8.11197
8.11197
8.11197
8.11197
8.11197
8.11197
8.11197
8.11197
8.11197
8.11197
8.11197
8.11197
8.11197
8.11197
8.11197
8.11197
8.11197
8.11197
8.11197
8.11197
8.11197
8.11197
8.11197
8.11197
8.11197
8.11197
8.11197
8.11197
8.11197
8.11197
8.11197
8.11197
8.11197
8.11197
8.11197
8.11197
4.86718
4.86718
4.86718
4.86718
4.86718
4.86718
4.86718
4.86718
4.86718
4.86718
4.86718
4.86718
4.86718
4.86718
4.86718
4.86718
4.86718
4.86718
4.86718
4.86718
4.86718
4.86718
4.86718
4.86718
4.86718
4.86718
4.86718
4.86718
4.86718
4.86718
4.86718
4.86718
4.86718
4.86718
4.86718
4.86718
4.86718
4.86718
4.86718
4.86718
4.86718
4.86718
4.86718
4.86718
4.86718
4.86718
4.86718
4.86718
4.86718
4.86718
4.86718
4.86718
4.86718
4.86718
4.86718
4.86718
4.86718
4.86718
4.86718
4.86718
4.86718
4.86718
4.86718
4.86718
4.86718
4.86718
4.86718
4.86718
4.86718
4.86718
4.86718
4.86718
4.86718
4.86718
4.86718
4.86718
4.86718
4.86718
4.86718
4.86718
4.86718
4.86718
4.86718
4.86718
4.86718
4.86718
4.86718
4.86718
4.86718
4.86718
4.86718
4.86718
4.86718
4.86718
4.86718
4.86718
4.86718
4.86718
4.86718
4.86718
1.62239
1.62239
1.62239
1.62239
1.62239
1.62239
1.62239
1.62239
1.62239
1.62239
1.62239
1.62239
1.62239
1.62239
1.62239
1.62239
1.62239
1.62239
1.62239
1.62239
1.62239
1.62239
1.62239
1.62239
1.62239
1.62239
1.62239
1.62239
1.62239
1.62239
1.62239
1.62239
1.62239
1.62239
1.62239
1.62238
1.62239
1.62239
1.62239
1.62239
1.62239
1.62239
1.62239
1.62239
1.62238
1.62238
1.62238
1.62239
1.62239
1.62239
1.62239
1.62239
1.62239
1.62238
1.62238
1.62238
1.62238
1.62239
1.62239
1.62239
1.62239
1.62239
1.62239
1.62239
1.62238
1.62238
1.62239
1.62239
1.62239
1.62239
1.62239
1.62239
1.62239
1.62239
1.62239
1.62239
1.62239
1.62239
1.62239
1.62239
1.62239
1.62239
1.62239
1.62239
1.62239
1.62239
1.62239
1.62239
1.62239
1.62239
1.62239
1.62239
1.62239
1.62239
1.62239
1.62239
1.62239
1.62239
1.62239
1.62239
)
;

boundaryField
{
    fixedWalls
    {
        type            zeroGradient;
    }
    inlet
    {
        type            fixedGradient;
        gradient        uniform 0;
    }
    outlet
    {
        type            fixedValue;
        value           uniform 0;
    }
}


// ************************************************************************* //
