/*--------------------------------*- C++ -*----------------------------------*\
| =========                 |                                                 |
| \\      /  F ield         | OpenFOAM: The Open Source CFD Toolbox           |
|  \\    /   O peration     | Version:  2106                                  |
|   \\  /    A nd           | Website:  www.openfoam.com                      |
|    \\/     M anipulation  |                                                 |
\*---------------------------------------------------------------------------*/
FoamFile
{
    version     2.0;
    format      ascii;
    arch        "LSB;label=32;scalar=64";
    class       volScalarField;
    location    "0.03";
    object      p;
}
// * * * * * * * * * * * * * * * * * * * * * * * * * * * * * * * * * * * * * //

dimensions      [0 2 -2 0 0 0 0];

internalField   nonuniform List<scalar> 
10000
(
187.964
187.339
186.929
186.634
186.481
186.481
186.634
186.929
187.339
187.964
178.671
177.783
177.183
176.764
176.548
176.548
176.764
177.183
177.783
178.671
170.985
169.975
169.309
168.85
168.616
168.616
168.85
169.309
169.975
170.985
165.705
164.676
164.016
163.567
163.338
163.338
163.567
164.016
164.676
165.705
161.765
160.744
160.102
159.675
159.457
159.457
159.675
160.102
160.744
161.765
158.596
157.599
156.979
156.577
156.372
156.372
156.577
156.979
157.599
158.596
155.998
155.043
154.451
154.078
153.889
153.889
154.078
154.451
155.043
155.998
153.854
152.964
152.408
152.067
151.896
151.896
152.067
152.408
152.964
153.854
152.068
151.272
150.768
150.462
150.309
150.309
150.462
150.768
151.272
152.068
150.599
149.915
149.478
149.208
149.073
149.073
149.208
149.478
149.915
150.599
146.789
146.961
147.15
147.285
147.356
147.356
147.285
147.15
146.961
146.789
146.711
146.791
146.907
146.989
147.031
147.031
146.989
146.907
146.791
146.711
146.039
146.009
146.039
146.06
146.071
146.071
146.06
146.039
146.009
146.039
145.126
145.002
144.963
144.934
144.92
144.92
144.934
144.963
145.003
145.126
144.172
143.972
143.877
143.81
143.775
143.775
143.81
143.877
143.972
144.172
143.222
142.967
142.827
142.731
142.682
142.682
142.731
142.827
142.967
143.222
142.293
142.004
141.836
141.722
141.663
141.663
141.722
141.836
142.004
142.293
141.395
141.1
140.921
140.801
140.739
140.739
140.801
140.921
141.1
141.395
140.531
140.256
140.089
139.978
139.919
139.919
139.978
140.089
140.256
140.531
139.752
139.496
139.348
139.248
139.195
139.195
139.248
139.348
139.496
139.752
140.214
140.145
140.087
140.043
140.019
140.019
140.043
140.087
140.145
140.214
140.333
140.253
140.187
140.135
140.107
140.107
140.135
140.187
140.253
140.333
140.394
140.291
140.208
140.142
140.107
140.107
140.142
140.208
140.291
140.394
140.26
140.124
140.018
139.936
139.892
139.892
139.936
140.018
140.124
140.26
139.996
139.83
139.702
139.606
139.554
139.554
139.606
139.702
139.83
139.996
139.674
139.482
139.337
139.231
139.175
139.175
139.231
139.337
139.482
139.674
139.332
139.123
138.967
138.856
138.797
138.797
138.856
138.967
139.123
139.332
138.995
138.78
138.62
138.509
138.451
138.451
138.509
138.62
138.78
138.995
138.68
138.472
138.317
138.211
138.156
138.156
138.211
138.317
138.472
138.68
138.393
138.204
138.066
137.972
137.924
137.924
137.972
138.066
138.204
138.393
130.015
130.042
130.075
130.1
130.113
130.113
130.1
130.075
130.042
130.015
130.06
130.08
130.109
130.131
130.143
130.143
130.131
130.109
130.08
130.06
130.024
130.032
130.054
130.071
130.08
130.08
130.071
130.054
130.032
130.024
129.911
129.901
129.911
129.92
129.924
129.924
129.92
129.911
129.901
129.911
129.743
129.712
129.708
129.706
129.706
129.706
129.706
129.708
129.712
129.743
129.537
129.484
129.464
129.453
129.447
129.447
129.453
129.464
129.484
129.537
129.301
129.23
129.195
129.175
129.165
129.165
129.175
129.195
129.23
129.301
129.047
128.96
128.915
128.888
128.874
128.874
128.888
128.915
128.96
129.047
128.781
128.688
128.635
128.603
128.587
128.587
128.603
128.635
128.688
128.781
128.524
128.428
128.37
128.334
128.315
128.315
128.334
128.37
128.428
128.524
122.185
122.178
122.173
122.168
122.166
122.166
122.168
122.173
122.178
122.185
122.213
122.206
122.201
122.197
122.194
122.194
122.197
122.201
122.206
122.213
122.236
122.226
122.218
122.212
122.208
122.208
122.212
122.218
122.226
122.236
122.234
122.219
122.207
122.197
122.192
122.192
122.197
122.207
122.219
122.234
122.21
122.188
122.171
122.157
122.15
122.15
122.157
122.171
122.188
122.21
122.17
122.141
122.119
122.101
122.092
122.092
122.101
122.119
122.141
122.17
122.118
122.084
122.056
122.036
122.025
122.025
122.036
122.056
122.084
122.118
122.06
122.022
121.991
121.969
121.958
121.958
121.969
121.991
122.022
122.06
121.999
121.959
121.929
121.907
121.895
121.895
121.907
121.929
121.959
121.999
121.939
121.9
121.871
121.851
121.84
121.84
121.851
121.871
121.9
121.939
114.106
114.107
114.11
114.112
114.113
114.113
114.112
114.11
114.107
114.106
114.117
114.118
114.12
114.122
114.123
114.123
114.122
114.12
114.118
114.117
114.12
114.12
114.121
114.122
114.123
114.123
114.122
114.121
114.12
114.12
114.111
114.108
114.109
114.109
114.109
114.109
114.109
114.109
114.108
114.111
114.091
114.086
114.083
114.082
114.081
114.081
114.082
114.083
114.086
114.091
114.063
114.053
114.048
114.044
114.042
114.042
114.044
114.048
114.053
114.063
114.026
114.012
114.004
113.999
113.996
113.996
113.999
114.004
114.012
114.026
113.983
113.966
113.955
113.948
113.944
113.944
113.948
113.955
113.966
113.983
113.936
113.917
113.904
113.896
113.891
113.891
113.896
113.904
113.917
113.936
113.889
113.868
113.854
113.844
113.84
113.84
113.844
113.854
113.868
113.889
106.196
106.196
106.196
106.196
106.196
106.196
106.196
106.196
106.196
106.196
106.201
106.201
106.201
106.201
106.201
106.201
106.201
106.201
106.201
106.201
106.204
106.203
106.203
106.203
106.203
106.203
106.203
106.203
106.203
106.204
106.203
106.201
106.2
106.2
106.199
106.199
106.2
106.2
106.201
106.203
106.197
106.194
106.193
106.191
106.19
106.19
106.191
106.193
106.194
106.197
106.188
106.184
106.181
106.178
106.177
106.177
106.178
106.181
106.184
106.188
106.176
106.17
106.166
106.163
106.161
106.161
106.163
106.166
106.17
106.176
106.162
106.154
106.149
106.145
106.143
106.143
106.145
106.149
106.154
106.162
106.146
106.137
106.131
106.127
106.125
106.125
106.127
106.131
106.137
106.146
106.129
106.12
106.114
106.11
106.107
106.107
106.11
106.114
106.12
106.129
98.3071
98.3071
98.3074
98.3075
98.3076
98.3076
98.3075
98.3074
98.3071
98.3071
98.3093
98.3094
98.3096
98.3098
98.3099
98.3099
98.3098
98.3096
98.3094
98.3093
98.3107
98.3105
98.3107
98.3108
98.3108
98.3108
98.3108
98.3107
98.3106
98.3107
98.3101
98.3096
98.3095
98.3094
98.3093
98.3093
98.3094
98.3095
98.3096
98.3101
98.3077
98.3066
98.306
98.3056
98.3053
98.3053
98.3056
98.306
98.3066
98.3077
98.3035
98.3017
98.3006
98.2998
98.2994
98.2994
98.2998
98.3006
98.3017
98.3035
98.2979
98.2952
98.2936
98.2924
98.2918
98.2918
98.2924
98.2936
98.2952
98.2979
98.2909
98.2876
98.2854
98.2839
98.2831
98.2831
98.2839
98.2854
98.2876
98.2909
98.2831
98.2793
98.2767
98.2749
98.274
98.274
98.2749
98.2767
98.2793
98.2831
98.2749
98.2708
98.2679
98.266
98.265
98.265
98.266
98.2679
98.2708
98.275
90.4332
90.4332
90.4333
90.4334
90.4334
90.4334
90.4334
90.4333
90.4332
90.4332
90.4342
90.4343
90.4344
90.4344
90.4345
90.4345
90.4345
90.4344
90.4343
90.4342
90.4349
90.4349
90.4349
90.435
90.435
90.435
90.435
90.4349
90.4349
90.4349
90.4348
90.4346
90.4345
90.4345
90.4345
90.4345
90.4345
90.4345
90.4346
90.4348
90.4338
90.4334
90.4331
90.433
90.4329
90.4329
90.433
90.4331
90.4334
90.4338
90.4321
90.4314
90.4309
90.4305
90.4304
90.4304
90.4305
90.4309
90.4314
90.4321
90.4298
90.4286
90.4279
90.4274
90.4271
90.4271
90.4274
90.4279
90.4287
90.4298
90.4269
90.4254
90.4244
90.4238
90.4234
90.4234
90.4238
90.4244
90.4254
90.4269
90.4235
90.4219
90.4207
90.4199
90.4195
90.4195
90.4199
90.4207
90.4219
90.4235
90.42
90.4182
90.4169
90.416
90.4156
90.4156
90.416
90.4169
90.4182
90.42
82.5653
82.5654
82.5654
82.5654
82.5655
82.5655
82.5654
82.5654
82.5654
82.5653
82.5658
82.5658
82.5659
82.5659
82.566
82.566
82.5659
82.5659
82.5658
82.5658
82.5662
82.5661
82.5662
82.5662
82.5662
82.5662
82.5662
82.5662
82.5661
82.5662
82.5661
82.5661
82.5661
82.566
82.566
82.566
82.566
82.5661
82.5661
82.5661
82.5658
82.5656
82.5655
82.5654
82.5654
82.5654
82.5654
82.5655
82.5656
82.5658
82.5651
82.5647
82.5645
82.5644
82.5643
82.5643
82.5644
82.5645
82.5647
82.5651
82.5641
82.5636
82.5633
82.5631
82.5629
82.5629
82.5631
82.5633
82.5636
82.5641
82.5628
82.5622
82.5618
82.5615
82.5613
82.5613
82.5615
82.5618
82.5622
82.5628
82.5613
82.5606
82.5601
82.5598
82.5596
82.5596
82.5598
82.5601
82.5606
82.5613
82.5598
82.559
82.5584
82.558
82.5578
82.5578
82.558
82.5584
82.559
82.5598
74.7001
74.7001
74.7001
74.7001
74.7001
74.7001
74.7001
74.7001
74.7001
74.7001
74.7003
74.7003
74.7003
74.7004
74.7004
74.7004
74.7004
74.7003
74.7003
74.7003
74.7005
74.7005
74.7005
74.7005
74.7005
74.7005
74.7005
74.7005
74.7005
74.7005
74.7005
74.7004
74.7005
74.7005
74.7004
74.7004
74.7005
74.7005
74.7004
74.7005
74.7003
74.7003
74.7002
74.7002
74.7002
74.7002
74.7002
74.7002
74.7003
74.7003
74.7
74.6999
74.6998
74.6998
74.6997
74.6997
74.6998
74.6998
74.6999
74.7
74.6996
74.6994
74.6993
74.6992
74.6991
74.6991
74.6992
74.6993
74.6994
74.6996
74.6991
74.6988
74.6986
74.6985
74.6984
74.6984
74.6985
74.6986
74.6988
74.6991
74.6985
74.6981
74.6979
74.6978
74.6977
74.6977
74.6978
74.6979
74.6981
74.6985
74.6978
74.6974
74.6972
74.697
74.6969
74.6969
74.697
74.6972
74.6974
74.6978
66.8359
66.8359
66.836
66.836
66.836
66.836
66.836
66.836
66.8359
66.8359
66.836
66.836
66.8361
66.8361
66.8361
66.8361
66.8361
66.8361
66.836
66.836
66.8361
66.8361
66.8361
66.8361
66.8361
66.8361
66.8361
66.8361
66.8361
66.8361
66.8361
66.8361
66.8361
66.8361
66.8361
66.8361
66.8361
66.8361
66.8361
66.8361
66.8361
66.836
66.836
66.836
66.836
66.836
66.836
66.836
66.836
66.8361
66.836
66.8359
66.8359
66.8358
66.8358
66.8358
66.8358
66.8359
66.8359
66.836
66.8358
66.8357
66.8356
66.8356
66.8356
66.8356
66.8356
66.8356
66.8357
66.8358
66.8356
66.8354
66.8354
66.8353
66.8353
66.8353
66.8353
66.8354
66.8354
66.8356
66.8353
66.8351
66.8351
66.835
66.835
66.835
66.835
66.8351
66.8352
66.8353
66.835
66.8348
66.8347
66.8347
66.8346
66.8346
66.8347
66.8347
66.8349
66.835
58.9723
58.9723
58.9723
58.9723
58.9723
58.9723
58.9723
58.9723
58.9723
58.9723
58.9723
58.9723
58.9723
58.9723
58.9723
58.9723
58.9723
58.9723
58.9723
58.9723
58.9724
58.9724
58.9724
58.9724
58.9724
58.9724
58.9724
58.9724
58.9724
58.9724
58.9724
58.9724
58.9724
58.9724
58.9724
58.9724
58.9724
58.9724
58.9724
58.9724
58.9723
58.9723
58.9723
58.9723
58.9723
58.9723
58.9723
58.9723
58.9723
58.9723
58.9723
58.9723
58.9723
58.9722
58.9722
58.9722
58.9722
58.9723
58.9723
58.9723
58.9722
58.9722
58.9722
58.9721
58.9721
58.9721
58.9721
58.9722
58.9722
58.9722
58.9722
58.9721
58.972
58.972
58.972
58.972
58.972
58.972
58.9721
58.9721
58.9721
58.972
58.9719
58.9719
58.9719
58.9719
58.9719
58.9719
58.972
58.972
58.9719
58.9718
58.9718
58.9717
58.9717
58.9717
58.9717
58.9718
58.9718
58.9719
51.1088
51.1088
51.1088
51.1088
51.1088
51.1088
51.1088
51.1088
51.1088
51.1088
51.1088
51.1088
51.1088
51.1088
51.1088
51.1088
51.1088
51.1088
51.1088
51.1088
51.1088
51.1088
51.1088
51.1088
51.1088
51.1088
51.1088
51.1088
51.1088
51.1088
51.1088
51.1088
51.1088
51.1088
51.1088
51.1088
51.1088
51.1088
51.1088
51.1088
51.1088
51.1088
51.1088
51.1088
51.1088
51.1088
51.1088
51.1088
51.1088
51.1088
51.1088
51.1088
51.1088
51.1088
51.1088
51.1088
51.1088
51.1088
51.1088
51.1088
51.1088
51.1088
51.1088
51.1088
51.1088
51.1088
51.1088
51.1088
51.1088
51.1088
51.1088
51.1087
51.1087
51.1087
51.1087
51.1087
51.1087
51.1087
51.1087
51.1088
51.1087
51.1087
51.1087
51.1087
51.1086
51.1086
51.1086
51.1087
51.1087
51.1087
51.1087
51.1086
51.1086
51.1086
51.1086
51.1086
51.1086
51.1086
51.1086
51.1087
43.2454
43.2454
43.2454
43.2454
43.2454
43.2454
43.2454
43.2454
43.2454
43.2454
43.2454
43.2454
43.2454
43.2454
43.2454
43.2454
43.2454
43.2454
43.2454
43.2454
43.2454
43.2454
43.2454
43.2454
43.2454
43.2454
43.2454
43.2454
43.2454
43.2454
43.2454
43.2454
43.2454
43.2454
43.2454
43.2454
43.2454
43.2454
43.2454
43.2454
43.2454
43.2454
43.2454
43.2454
43.2454
43.2454
43.2454
43.2454
43.2454
43.2454
43.2454
43.2454
43.2454
43.2454
43.2454
43.2454
43.2454
43.2454
43.2454
43.2454
43.2454
43.2454
43.2454
43.2454
43.2454
43.2454
43.2454
43.2454
43.2454
43.2454
43.2454
43.2454
43.2454
43.2454
43.2454
43.2454
43.2454
43.2454
43.2454
43.2454
43.2455
43.2454
43.2454
43.2454
43.2454
43.2454
43.2454
43.2454
43.2454
43.2454
43.2455
43.2454
43.2454
43.2454
43.2454
43.2454
43.2454
43.2454
43.2454
43.2455
35.3819
35.382
35.382
35.382
35.382
35.382
35.382
35.382
35.382
35.3819
35.3819
35.3819
35.382
35.382
35.382
35.382
35.382
35.3819
35.3819
35.3819
35.3819
35.3819
35.3819
35.382
35.382
35.382
35.382
35.3819
35.3819
35.3819
35.3819
35.3819
35.382
35.382
35.382
35.382
35.382
35.382
35.3819
35.3819
35.382
35.382
35.382
35.382
35.382
35.382
35.382
35.382
35.382
35.382
35.382
35.382
35.382
35.382
35.382
35.382
35.382
35.382
35.382
35.382
35.382
35.382
35.382
35.382
35.382
35.382
35.382
35.382
35.382
35.382
35.382
35.382
35.382
35.382
35.382
35.382
35.382
35.382
35.382
35.382
35.3821
35.382
35.382
35.382
35.382
35.382
35.382
35.382
35.382
35.382
35.3821
35.382
35.382
35.382
35.382
35.382
35.382
35.382
35.382
35.3821
27.5185
27.5186
27.5186
27.5186
27.5186
27.5186
27.5186
27.5186
27.5186
27.5185
27.5185
27.5185
27.5186
27.5186
27.5186
27.5186
27.5186
27.5186
27.5185
27.5185
27.5185
27.5186
27.5186
27.5186
27.5186
27.5186
27.5186
27.5186
27.5186
27.5185
27.5186
27.5186
27.5186
27.5186
27.5186
27.5186
27.5186
27.5186
27.5186
27.5186
27.5187
27.5187
27.5187
27.5187
27.5187
27.5187
27.5187
27.5187
27.5187
27.5187
27.5187
27.5187
27.5188
27.5188
27.5188
27.5188
27.5188
27.5188
27.5187
27.5187
27.5188
27.5188
27.5188
27.5188
27.5188
27.5188
27.5188
27.5188
27.5188
27.5188
27.5189
27.5189
27.5189
27.5189
27.5189
27.5189
27.5189
27.5189
27.5189
27.5189
27.519
27.5189
27.5189
27.5189
27.5189
27.5189
27.5189
27.5189
27.5189
27.519
27.519
27.519
27.519
27.519
27.519
27.519
27.519
27.519
27.519
27.519
19.6553
19.6553
19.6553
19.6552
19.6552
19.6552
19.6552
19.6552
19.6553
19.6553
19.6552
19.6552
19.6552
19.6552
19.6552
19.6552
19.6552
19.6552
19.6552
19.6552
19.6552
19.6553
19.6553
19.6553
19.6552
19.6552
19.6553
19.6553
19.6553
19.6552
19.6554
19.6554
19.6554
19.6554
19.6554
19.6554
19.6554
19.6554
19.6554
19.6554
19.6555
19.6556
19.6556
19.6556
19.6556
19.6556
19.6556
19.6556
19.6556
19.6555
19.6556
19.6556
19.6557
19.6556
19.6556
19.6556
19.6556
19.6556
19.6556
19.6556
19.6557
19.6557
19.6557
19.6557
19.6557
19.6557
19.6557
19.6557
19.6557
19.6557
19.6557
19.6558
19.6558
19.6558
19.6558
19.6558
19.6558
19.6558
19.6558
19.6557
19.6558
19.6558
19.6558
19.6558
19.6558
19.6558
19.6558
19.6558
19.6558
19.6558
19.6559
19.6559
19.6559
19.6559
19.6559
19.6559
19.6559
19.6559
19.6559
19.6559
11.7881
11.7884
11.7886
11.7888
11.7889
11.7889
11.7888
11.7886
11.7884
11.7881
11.7859
11.7863
11.7866
11.7868
11.7869
11.7869
11.7868
11.7866
11.7863
11.7859
11.7872
11.7875
11.7877
11.7879
11.788
11.788
11.7879
11.7877
11.7875
11.7872
11.7881
11.7885
11.7888
11.789
11.7891
11.7891
11.789
11.7888
11.7885
11.7881
11.7897
11.79
11.7902
11.7904
11.7904
11.7904
11.7904
11.7902
11.79
11.7897
11.7903
11.7906
11.7908
11.7909
11.7909
11.7909
11.7909
11.7908
11.7906
11.7903
11.7909
11.7911
11.7912
11.7913
11.7914
11.7914
11.7913
11.7912
11.7911
11.7909
11.7913
11.7915
11.7916
11.7917
11.7917
11.7917
11.7917
11.7916
11.7915
11.7913
11.7916
11.7918
11.7918
11.7919
11.7919
11.7919
11.7919
11.7918
11.7918
11.7916
11.7919
11.792
11.792
11.7921
11.7921
11.7921
11.7921
11.792
11.792
11.7919
3.92637
3.92663
3.92687
3.92705
3.92714
3.92714
3.92705
3.92687
3.92663
3.92637
3.92432
3.92469
3.92503
3.92528
3.92541
3.92541
3.92528
3.92503
3.92469
3.92432
3.92555
3.92588
3.92616
3.92636
3.92646
3.92646
3.92636
3.92616
3.92588
3.92555
3.92626
3.92663
3.92691
3.92711
3.92721
3.92721
3.92711
3.92691
3.92663
3.92626
3.92767
3.92802
3.92826
3.9284
3.92848
3.92848
3.9284
3.92826
3.92802
3.92767
3.92825
3.92856
3.92876
3.9289
3.92898
3.92898
3.9289
3.92876
3.92856
3.92825
3.92885
3.92912
3.92929
3.92941
3.92946
3.92946
3.92941
3.92929
3.92912
3.92885
3.92935
3.92958
3.92972
3.92982
3.92987
3.92987
3.92982
3.92972
3.92958
3.92935
3.92979
3.92997
3.93008
3.93015
3.93019
3.93019
3.93015
3.93008
3.92996
3.92979
3.93015
3.93027
3.93036
3.93042
3.93045
3.93045
3.93042
3.93036
3.93027
3.93015
187.964
187.339
186.929
186.634
186.481
186.481
186.634
186.929
187.339
187.964
178.671
177.783
177.183
176.764
176.548
176.548
176.764
177.183
177.783
178.671
170.985
169.975
169.309
168.85
168.616
168.616
168.85
169.309
169.975
170.985
165.705
164.676
164.016
163.567
163.338
163.338
163.567
164.016
164.676
165.705
161.765
160.744
160.102
159.675
159.457
159.457
159.675
160.102
160.744
161.765
158.596
157.599
156.979
156.577
156.372
156.372
156.577
156.979
157.599
158.596
155.998
155.043
154.451
154.078
153.889
153.889
154.078
154.451
155.043
155.998
153.854
152.964
152.408
152.067
151.896
151.896
152.067
152.408
152.964
153.854
152.068
151.272
150.768
150.462
150.309
150.309
150.462
150.768
151.272
152.068
150.599
149.915
149.478
149.208
149.073
149.073
149.208
149.478
149.915
150.599
146.789
146.961
147.15
147.285
147.356
147.356
147.285
147.15
146.961
146.789
146.711
146.791
146.907
146.989
147.031
147.031
146.989
146.907
146.791
146.711
146.039
146.009
146.039
146.06
146.071
146.071
146.06
146.039
146.009
146.039
145.126
145.003
144.963
144.934
144.92
144.92
144.934
144.963
145.003
145.126
144.172
143.972
143.877
143.81
143.775
143.775
143.81
143.877
143.972
144.172
143.222
142.967
142.827
142.731
142.682
142.682
142.731
142.827
142.967
143.222
142.293
142.004
141.836
141.722
141.663
141.663
141.722
141.836
142.004
142.293
141.395
141.1
140.921
140.801
140.739
140.739
140.801
140.921
141.1
141.395
140.531
140.256
140.089
139.978
139.919
139.919
139.978
140.089
140.256
140.531
139.752
139.496
139.348
139.248
139.195
139.195
139.248
139.348
139.496
139.752
140.214
140.145
140.087
140.043
140.019
140.019
140.043
140.088
140.145
140.214
140.333
140.253
140.187
140.135
140.107
140.107
140.135
140.187
140.253
140.333
140.394
140.291
140.208
140.142
140.107
140.107
140.142
140.208
140.291
140.394
140.26
140.124
140.018
139.936
139.892
139.892
139.936
140.018
140.125
140.26
139.996
139.83
139.702
139.606
139.554
139.554
139.606
139.702
139.83
139.996
139.674
139.482
139.337
139.231
139.175
139.175
139.231
139.337
139.482
139.674
139.332
139.123
138.967
138.856
138.797
138.797
138.856
138.967
139.123
139.332
138.995
138.78
138.62
138.509
138.451
138.451
138.509
138.62
138.78
138.995
138.68
138.472
138.317
138.211
138.156
138.156
138.211
138.317
138.472
138.68
138.393
138.204
138.066
137.972
137.924
137.924
137.972
138.066
138.204
138.393
130.015
130.042
130.075
130.1
130.113
130.113
130.1
130.075
130.042
130.015
130.06
130.08
130.109
130.131
130.143
130.143
130.131
130.109
130.08
130.06
130.024
130.032
130.054
130.071
130.08
130.08
130.071
130.054
130.032
130.024
129.911
129.901
129.911
129.92
129.924
129.924
129.92
129.911
129.901
129.911
129.743
129.712
129.708
129.706
129.706
129.706
129.706
129.708
129.712
129.743
129.537
129.484
129.464
129.453
129.447
129.447
129.453
129.464
129.484
129.537
129.301
129.23
129.195
129.175
129.165
129.165
129.175
129.195
129.23
129.301
129.047
128.96
128.915
128.888
128.874
128.874
128.888
128.915
128.96
129.047
128.781
128.688
128.635
128.603
128.587
128.587
128.603
128.635
128.688
128.781
128.524
128.428
128.37
128.334
128.315
128.315
128.334
128.37
128.428
128.524
122.185
122.178
122.173
122.168
122.166
122.166
122.168
122.173
122.178
122.185
122.213
122.206
122.201
122.197
122.194
122.194
122.197
122.201
122.206
122.213
122.236
122.226
122.218
122.212
122.208
122.208
122.212
122.218
122.226
122.236
122.234
122.219
122.207
122.197
122.192
122.192
122.197
122.207
122.219
122.234
122.21
122.188
122.171
122.157
122.15
122.15
122.157
122.171
122.188
122.21
122.17
122.141
122.119
122.101
122.092
122.092
122.101
122.119
122.141
122.17
122.118
122.084
122.056
122.036
122.025
122.025
122.036
122.056
122.084
122.118
122.06
122.022
121.991
121.969
121.958
121.958
121.969
121.991
122.022
122.06
121.999
121.959
121.929
121.907
121.895
121.895
121.907
121.929
121.959
121.999
121.939
121.9
121.871
121.851
121.84
121.84
121.851
121.871
121.9
121.939
114.106
114.107
114.11
114.112
114.113
114.113
114.112
114.11
114.107
114.106
114.117
114.118
114.12
114.122
114.123
114.123
114.122
114.12
114.118
114.117
114.12
114.12
114.121
114.122
114.123
114.123
114.122
114.121
114.12
114.12
114.111
114.108
114.109
114.109
114.109
114.109
114.109
114.109
114.108
114.111
114.091
114.086
114.083
114.082
114.081
114.081
114.082
114.083
114.086
114.091
114.063
114.053
114.048
114.044
114.042
114.042
114.044
114.048
114.053
114.063
114.026
114.012
114.004
113.999
113.996
113.996
113.999
114.004
114.012
114.026
113.983
113.966
113.955
113.948
113.944
113.944
113.948
113.955
113.966
113.983
113.936
113.917
113.904
113.896
113.891
113.891
113.896
113.904
113.917
113.936
113.889
113.868
113.854
113.844
113.84
113.84
113.844
113.854
113.868
113.889
106.196
106.196
106.196
106.196
106.196
106.196
106.196
106.196
106.196
106.196
106.201
106.201
106.201
106.201
106.201
106.201
106.201
106.201
106.201
106.201
106.204
106.203
106.203
106.203
106.203
106.203
106.203
106.203
106.203
106.204
106.203
106.201
106.2
106.2
106.199
106.199
106.2
106.2
106.201
106.203
106.197
106.194
106.193
106.191
106.19
106.19
106.191
106.193
106.194
106.197
106.188
106.184
106.181
106.178
106.177
106.177
106.178
106.181
106.184
106.188
106.176
106.17
106.166
106.163
106.161
106.161
106.163
106.166
106.17
106.176
106.162
106.154
106.149
106.145
106.143
106.143
106.145
106.149
106.154
106.162
106.146
106.137
106.131
106.127
106.125
106.125
106.127
106.131
106.137
106.146
106.129
106.12
106.114
106.11
106.107
106.107
106.11
106.114
106.12
106.129
98.3071
98.3071
98.3074
98.3075
98.3076
98.3076
98.3075
98.3074
98.3071
98.3071
98.3093
98.3094
98.3096
98.3098
98.3099
98.3099
98.3098
98.3096
98.3094
98.3093
98.3107
98.3105
98.3107
98.3108
98.3108
98.3108
98.3108
98.3107
98.3106
98.3107
98.3101
98.3096
98.3095
98.3093
98.3093
98.3093
98.3094
98.3095
98.3096
98.3101
98.3077
98.3066
98.306
98.3056
98.3053
98.3053
98.3056
98.306
98.3066
98.3077
98.3035
98.3017
98.3006
98.2998
98.2994
98.2994
98.2998
98.3006
98.3017
98.3035
98.2979
98.2952
98.2936
98.2924
98.2918
98.2918
98.2924
98.2936
98.2952
98.2979
98.2909
98.2876
98.2854
98.2839
98.2831
98.2831
98.2839
98.2854
98.2876
98.2909
98.2831
98.2793
98.2767
98.2749
98.274
98.274
98.2749
98.2767
98.2793
98.2831
98.2749
98.2707
98.2679
98.266
98.265
98.265
98.266
98.2679
98.2708
98.2749
90.4332
90.4332
90.4333
90.4334
90.4334
90.4334
90.4334
90.4333
90.4332
90.4332
90.4342
90.4343
90.4344
90.4344
90.4345
90.4345
90.4344
90.4344
90.4343
90.4342
90.4349
90.4349
90.4349
90.435
90.435
90.435
90.435
90.4349
90.4349
90.4349
90.4348
90.4346
90.4345
90.4345
90.4345
90.4345
90.4345
90.4345
90.4346
90.4348
90.4338
90.4334
90.4331
90.433
90.4329
90.4329
90.433
90.4331
90.4334
90.4338
90.4321
90.4314
90.4309
90.4305
90.4303
90.4303
90.4305
90.4309
90.4314
90.4321
90.4298
90.4287
90.4279
90.4274
90.4271
90.4271
90.4274
90.4279
90.4287
90.4298
90.4269
90.4254
90.4244
90.4238
90.4234
90.4234
90.4238
90.4244
90.4254
90.4269
90.4235
90.4219
90.4207
90.4199
90.4195
90.4195
90.4199
90.4207
90.4219
90.4235
90.42
90.4182
90.4169
90.416
90.4156
90.4156
90.416
90.4169
90.4182
90.42
82.5653
82.5654
82.5654
82.5654
82.5655
82.5655
82.5654
82.5654
82.5654
82.5653
82.5658
82.5658
82.5659
82.5659
82.566
82.566
82.5659
82.5659
82.5658
82.5658
82.5662
82.5661
82.5662
82.5662
82.5662
82.5662
82.5662
82.5662
82.5661
82.5662
82.5661
82.5661
82.566
82.566
82.566
82.566
82.566
82.5661
82.5661
82.5661
82.5658
82.5656
82.5655
82.5654
82.5654
82.5654
82.5654
82.5655
82.5656
82.5658
82.5651
82.5647
82.5645
82.5644
82.5643
82.5643
82.5644
82.5645
82.5647
82.5651
82.5641
82.5636
82.5633
82.563
82.5629
82.5629
82.5631
82.5633
82.5636
82.5641
82.5628
82.5622
82.5618
82.5615
82.5613
82.5613
82.5615
82.5618
82.5622
82.5628
82.5613
82.5606
82.5601
82.5598
82.5596
82.5596
82.5598
82.5601
82.5606
82.5613
82.5598
82.559
82.5584
82.558
82.5578
82.5578
82.558
82.5584
82.559
82.5598
74.7001
74.7001
74.7001
74.7001
74.7001
74.7001
74.7001
74.7001
74.7001
74.7001
74.7003
74.7003
74.7003
74.7004
74.7004
74.7004
74.7004
74.7003
74.7003
74.7003
74.7005
74.7005
74.7005
74.7005
74.7005
74.7005
74.7005
74.7005
74.7005
74.7005
74.7005
74.7004
74.7005
74.7004
74.7004
74.7004
74.7005
74.7005
74.7005
74.7005
74.7003
74.7003
74.7002
74.7002
74.7002
74.7002
74.7002
74.7002
74.7003
74.7003
74.7001
74.6999
74.6998
74.6998
74.6997
74.6997
74.6998
74.6998
74.6999
74.7
74.6996
74.6994
74.6993
74.6992
74.6991
74.6991
74.6992
74.6993
74.6994
74.6996
74.6991
74.6988
74.6986
74.6985
74.6984
74.6984
74.6985
74.6986
74.6988
74.6991
74.6984
74.6981
74.6979
74.6978
74.6977
74.6977
74.6978
74.6979
74.6981
74.6984
74.6978
74.6974
74.6972
74.697
74.6969
74.6969
74.697
74.6972
74.6974
74.6978
66.8359
66.8359
66.8359
66.836
66.836
66.836
66.836
66.836
66.8359
66.8359
66.836
66.836
66.8361
66.8361
66.8361
66.8361
66.8361
66.8361
66.836
66.836
66.8361
66.8361
66.8361
66.8361
66.8361
66.8361
66.8361
66.8361
66.8361
66.8361
66.8361
66.8361
66.8361
66.8361
66.8361
66.8361
66.8361
66.8361
66.8361
66.8361
66.8361
66.836
66.836
66.836
66.836
66.836
66.836
66.836
66.8361
66.8361
66.836
66.8359
66.8359
66.8358
66.8358
66.8358
66.8358
66.8359
66.8359
66.836
66.8358
66.8357
66.8356
66.8356
66.8356
66.8356
66.8356
66.8356
66.8357
66.8358
66.8356
66.8354
66.8354
66.8353
66.8353
66.8353
66.8353
66.8354
66.8354
66.8356
66.8353
66.8352
66.8351
66.835
66.835
66.835
66.835
66.8351
66.8352
66.8353
66.835
66.8348
66.8347
66.8347
66.8346
66.8346
66.8347
66.8347
66.8348
66.835
58.9723
58.9723
58.9723
58.9723
58.9723
58.9723
58.9723
58.9723
58.9723
58.9723
58.9723
58.9723
58.9723
58.9723
58.9723
58.9723
58.9723
58.9723
58.9723
58.9723
58.9724
58.9724
58.9724
58.9724
58.9724
58.9724
58.9724
58.9724
58.9724
58.9724
58.9724
58.9724
58.9724
58.9724
58.9724
58.9724
58.9724
58.9724
58.9724
58.9724
58.9723
58.9723
58.9723
58.9723
58.9723
58.9723
58.9723
58.9723
58.9723
58.9723
58.9723
58.9723
58.9723
58.9723
58.9722
58.9722
58.9723
58.9723
58.9723
58.9723
58.9722
58.9722
58.9722
58.9721
58.9721
58.9721
58.9721
58.9722
58.9722
58.9722
58.9721
58.9721
58.972
58.972
58.972
58.972
58.972
58.972
58.9721
58.9721
58.972
58.972
58.9719
58.9719
58.9719
58.9719
58.9719
58.9719
58.972
58.972
58.9719
58.9718
58.9718
58.9717
58.9717
58.9717
58.9717
58.9718
58.9718
58.9719
51.1088
51.1088
51.1088
51.1088
51.1088
51.1088
51.1088
51.1088
51.1088
51.1088
51.1088
51.1088
51.1088
51.1088
51.1088
51.1088
51.1088
51.1088
51.1088
51.1088
51.1088
51.1088
51.1088
51.1088
51.1088
51.1088
51.1088
51.1088
51.1088
51.1088
51.1088
51.1088
51.1088
51.1088
51.1088
51.1088
51.1088
51.1088
51.1088
51.1088
51.1088
51.1088
51.1088
51.1088
51.1088
51.1088
51.1088
51.1088
51.1088
51.1088
51.1088
51.1088
51.1088
51.1088
51.1088
51.1088
51.1088
51.1088
51.1088
51.1088
51.1088
51.1088
51.1088
51.1088
51.1088
51.1088
51.1088
51.1088
51.1088
51.1088
51.1088
51.1087
51.1087
51.1087
51.1087
51.1087
51.1087
51.1087
51.1087
51.1088
51.1087
51.1087
51.1087
51.1087
51.1086
51.1086
51.1087
51.1087
51.1087
51.1087
51.1087
51.1086
51.1086
51.1086
51.1086
51.1086
51.1086
51.1086
51.1086
51.1087
43.2454
43.2454
43.2454
43.2454
43.2454
43.2454
43.2454
43.2454
43.2454
43.2454
43.2454
43.2454
43.2454
43.2454
43.2454
43.2454
43.2454
43.2454
43.2454
43.2454
43.2454
43.2454
43.2454
43.2454
43.2454
43.2454
43.2454
43.2454
43.2454
43.2454
43.2454
43.2454
43.2454
43.2454
43.2454
43.2454
43.2454
43.2454
43.2454
43.2454
43.2454
43.2454
43.2454
43.2454
43.2454
43.2454
43.2454
43.2454
43.2454
43.2454
43.2454
43.2454
43.2454
43.2454
43.2454
43.2454
43.2454
43.2454
43.2454
43.2454
43.2454
43.2454
43.2454
43.2454
43.2454
43.2454
43.2454
43.2454
43.2454
43.2454
43.2454
43.2454
43.2454
43.2454
43.2454
43.2454
43.2454
43.2454
43.2454
43.2454
43.2454
43.2454
43.2454
43.2454
43.2454
43.2454
43.2454
43.2454
43.2454
43.2454
43.2454
43.2454
43.2454
43.2454
43.2454
43.2454
43.2454
43.2454
43.2454
43.2454
35.3819
35.382
35.382
35.382
35.382
35.382
35.382
35.382
35.3819
35.3819
35.3819
35.3819
35.382
35.382
35.382
35.382
35.382
35.382
35.3819
35.3819
35.3819
35.3819
35.382
35.382
35.382
35.382
35.382
35.3819
35.3819
35.3819
35.3819
35.382
35.382
35.382
35.382
35.382
35.382
35.382
35.3819
35.3819
35.382
35.382
35.382
35.382
35.382
35.382
35.382
35.382
35.382
35.3819
35.382
35.382
35.382
35.382
35.382
35.382
35.382
35.382
35.382
35.382
35.382
35.382
35.382
35.382
35.382
35.382
35.382
35.382
35.382
35.382
35.382
35.382
35.382
35.382
35.382
35.382
35.382
35.382
35.382
35.382
35.382
35.382
35.382
35.382
35.382
35.382
35.382
35.382
35.382
35.382
35.3821
35.382
35.382
35.382
35.382
35.382
35.382
35.382
35.382
35.3821
27.5185
27.5186
27.5186
27.5186
27.5186
27.5186
27.5186
27.5186
27.5186
27.5185
27.5185
27.5186
27.5186
27.5186
27.5186
27.5186
27.5186
27.5186
27.5185
27.5185
27.5185
27.5186
27.5186
27.5186
27.5186
27.5186
27.5186
27.5186
27.5186
27.5185
27.5186
27.5186
27.5186
27.5186
27.5186
27.5186
27.5186
27.5186
27.5186
27.5186
27.5187
27.5187
27.5187
27.5187
27.5187
27.5187
27.5187
27.5187
27.5187
27.5187
27.5187
27.5187
27.5188
27.5188
27.5188
27.5188
27.5188
27.5188
27.5187
27.5187
27.5188
27.5188
27.5188
27.5188
27.5188
27.5188
27.5188
27.5188
27.5188
27.5188
27.5189
27.5189
27.5189
27.5189
27.5189
27.5189
27.5189
27.5189
27.5189
27.5189
27.5189
27.5189
27.5189
27.5189
27.5189
27.5189
27.5189
27.5189
27.5189
27.5189
27.519
27.519
27.519
27.519
27.519
27.519
27.519
27.519
27.519
27.519
19.6553
19.6553
19.6553
19.6552
19.6552
19.6552
19.6552
19.6552
19.6553
19.6553
19.6552
19.6552
19.6552
19.6552
19.6552
19.6552
19.6552
19.6552
19.6552
19.6552
19.6552
19.6553
19.6553
19.6553
19.6552
19.6552
19.6553
19.6553
19.6553
19.6552
19.6554
19.6554
19.6554
19.6554
19.6554
19.6554
19.6554
19.6554
19.6554
19.6554
19.6555
19.6556
19.6556
19.6556
19.6556
19.6556
19.6556
19.6556
19.6556
19.6555
19.6556
19.6556
19.6557
19.6557
19.6556
19.6556
19.6556
19.6556
19.6556
19.6556
19.6557
19.6557
19.6557
19.6557
19.6557
19.6557
19.6557
19.6557
19.6557
19.6557
19.6557
19.6558
19.6558
19.6558
19.6558
19.6558
19.6558
19.6558
19.6558
19.6557
19.6558
19.6558
19.6558
19.6558
19.6558
19.6558
19.6558
19.6558
19.6558
19.6558
19.6559
19.6559
19.6559
19.6559
19.6559
19.6559
19.6559
19.6559
19.6559
19.6559
11.7881
11.7884
11.7886
11.7888
11.7889
11.7889
11.7888
11.7886
11.7884
11.7881
11.7859
11.7863
11.7866
11.7868
11.787
11.787
11.7868
11.7866
11.7863
11.7859
11.7872
11.7875
11.7877
11.7879
11.788
11.788
11.7879
11.7877
11.7875
11.7872
11.7881
11.7885
11.7888
11.789
11.7891
11.7891
11.789
11.7888
11.7885
11.7881
11.7897
11.79
11.7902
11.7904
11.7904
11.7904
11.7904
11.7902
11.79
11.7896
11.7903
11.7906
11.7908
11.7909
11.7909
11.7909
11.7909
11.7908
11.7906
11.7903
11.7909
11.7911
11.7912
11.7913
11.7914
11.7914
11.7913
11.7912
11.7911
11.7909
11.7913
11.7915
11.7916
11.7917
11.7917
11.7917
11.7917
11.7916
11.7915
11.7913
11.7916
11.7918
11.7918
11.7919
11.7919
11.7919
11.7919
11.7918
11.7918
11.7916
11.7919
11.792
11.792
11.7921
11.7921
11.7921
11.7921
11.792
11.792
11.7919
3.92637
3.92663
3.92687
3.92705
3.92714
3.92714
3.92705
3.92687
3.92663
3.92637
3.92432
3.92469
3.92503
3.92528
3.92541
3.92541
3.92528
3.92503
3.92469
3.92432
3.92555
3.92588
3.92616
3.92636
3.92646
3.92646
3.92636
3.92616
3.92587
3.92555
3.92626
3.92663
3.92691
3.92711
3.92721
3.92721
3.92711
3.92691
3.92663
3.92626
3.92767
3.92802
3.92826
3.9284
3.92848
3.92848
3.9284
3.92826
3.92802
3.92767
3.92825
3.92856
3.92876
3.9289
3.92898
3.92898
3.9289
3.92876
3.92856
3.92825
3.92885
3.92912
3.92929
3.92941
3.92947
3.92947
3.92941
3.92929
3.92912
3.92884
3.92935
3.92958
3.92972
3.92982
3.92987
3.92987
3.92982
3.92972
3.92958
3.92935
3.92978
3.92997
3.93008
3.93015
3.93019
3.93019
3.93015
3.93008
3.92996
3.92979
3.93015
3.93027
3.93036
3.93042
3.93045
3.93045
3.93042
3.93036
3.93027
3.93015
187.964
187.339
186.929
186.634
186.481
186.481
186.634
186.929
187.339
187.964
178.671
177.783
177.183
176.764
176.548
176.548
176.764
177.183
177.783
178.671
170.985
169.975
169.309
168.85
168.616
168.616
168.85
169.309
169.975
170.985
165.705
164.676
164.016
163.567
163.338
163.338
163.567
164.016
164.676
165.705
161.765
160.744
160.102
159.675
159.457
159.457
159.675
160.102
160.744
161.765
158.596
157.599
156.979
156.577
156.372
156.372
156.577
156.979
157.599
158.596
155.998
155.043
154.451
154.078
153.889
153.889
154.078
154.451
155.043
155.998
153.854
152.964
152.408
152.067
151.896
151.896
152.067
152.408
152.964
153.854
152.068
151.272
150.768
150.462
150.309
150.309
150.462
150.768
151.272
152.068
150.599
149.915
149.478
149.208
149.073
149.073
149.208
149.478
149.915
150.599
146.789
146.961
147.15
147.285
147.356
147.356
147.285
147.15
146.961
146.789
146.711
146.791
146.907
146.989
147.031
147.031
146.989
146.907
146.791
146.711
146.039
146.009
146.039
146.06
146.071
146.071
146.06
146.039
146.009
146.039
145.126
145.003
144.963
144.934
144.92
144.92
144.934
144.963
145.003
145.126
144.172
143.972
143.877
143.81
143.775
143.775
143.81
143.877
143.972
144.172
143.222
142.967
142.827
142.731
142.682
142.682
142.731
142.827
142.967
143.222
142.293
142.004
141.836
141.722
141.663
141.663
141.722
141.836
142.004
142.293
141.395
141.1
140.921
140.801
140.739
140.739
140.801
140.921
141.1
141.395
140.531
140.256
140.089
139.978
139.919
139.919
139.978
140.089
140.256
140.531
139.752
139.496
139.348
139.248
139.195
139.195
139.248
139.348
139.496
139.751
140.214
140.145
140.088
140.043
140.019
140.019
140.043
140.087
140.145
140.214
140.333
140.253
140.187
140.135
140.107
140.107
140.135
140.187
140.253
140.333
140.394
140.291
140.208
140.142
140.107
140.107
140.142
140.208
140.291
140.394
140.26
140.125
140.018
139.936
139.892
139.892
139.936
140.018
140.124
140.26
139.996
139.83
139.702
139.606
139.554
139.554
139.606
139.702
139.83
139.996
139.674
139.482
139.337
139.231
139.175
139.175
139.231
139.337
139.482
139.674
139.332
139.123
138.967
138.856
138.797
138.797
138.856
138.967
139.123
139.332
138.995
138.78
138.62
138.509
138.451
138.451
138.509
138.62
138.78
138.995
138.68
138.472
138.317
138.211
138.156
138.156
138.211
138.317
138.472
138.68
138.393
138.204
138.066
137.972
137.924
137.924
137.972
138.066
138.204
138.393
130.015
130.042
130.075
130.1
130.113
130.113
130.1
130.075
130.042
130.015
130.06
130.08
130.109
130.131
130.143
130.143
130.131
130.109
130.08
130.06
130.024
130.032
130.054
130.071
130.08
130.08
130.071
130.054
130.032
130.024
129.911
129.901
129.911
129.92
129.924
129.924
129.92
129.911
129.901
129.911
129.743
129.712
129.708
129.706
129.706
129.706
129.706
129.708
129.712
129.743
129.537
129.484
129.464
129.453
129.447
129.447
129.453
129.464
129.484
129.537
129.301
129.23
129.195
129.175
129.165
129.165
129.175
129.195
129.23
129.301
129.047
128.96
128.915
128.888
128.874
128.874
128.888
128.915
128.96
129.047
128.781
128.688
128.635
128.603
128.587
128.587
128.603
128.635
128.688
128.781
128.524
128.428
128.37
128.334
128.315
128.315
128.334
128.37
128.428
128.524
122.185
122.178
122.173
122.168
122.166
122.166
122.168
122.173
122.178
122.185
122.213
122.206
122.201
122.197
122.194
122.194
122.197
122.201
122.206
122.213
122.236
122.226
122.218
122.212
122.208
122.208
122.212
122.218
122.226
122.236
122.234
122.219
122.207
122.197
122.192
122.192
122.197
122.207
122.219
122.234
122.21
122.188
122.171
122.157
122.15
122.15
122.157
122.171
122.188
122.21
122.17
122.141
122.119
122.101
122.092
122.092
122.101
122.119
122.141
122.17
122.118
122.084
122.056
122.036
122.025
122.025
122.036
122.056
122.084
122.118
122.06
122.022
121.991
121.969
121.958
121.958
121.969
121.991
122.022
122.06
121.999
121.959
121.929
121.907
121.895
121.895
121.907
121.929
121.959
121.999
121.939
121.9
121.871
121.851
121.84
121.84
121.851
121.871
121.9
121.939
114.106
114.107
114.11
114.112
114.113
114.113
114.112
114.11
114.107
114.106
114.117
114.118
114.12
114.122
114.123
114.123
114.122
114.12
114.118
114.117
114.12
114.12
114.121
114.122
114.123
114.123
114.122
114.121
114.12
114.12
114.111
114.108
114.109
114.109
114.109
114.109
114.109
114.109
114.108
114.111
114.091
114.086
114.083
114.082
114.081
114.081
114.082
114.083
114.086
114.091
114.063
114.053
114.048
114.044
114.042
114.042
114.044
114.048
114.053
114.063
114.026
114.012
114.004
113.999
113.996
113.996
113.999
114.004
114.012
114.026
113.983
113.966
113.955
113.948
113.944
113.944
113.948
113.955
113.966
113.983
113.936
113.917
113.904
113.896
113.891
113.891
113.896
113.904
113.917
113.936
113.889
113.868
113.854
113.844
113.84
113.84
113.844
113.854
113.868
113.889
106.196
106.196
106.196
106.196
106.196
106.196
106.196
106.196
106.196
106.196
106.201
106.201
106.201
106.201
106.201
106.201
106.201
106.201
106.201
106.201
106.204
106.203
106.203
106.203
106.203
106.203
106.203
106.203
106.203
106.204
106.203
106.201
106.2
106.2
106.199
106.199
106.2
106.2
106.201
106.203
106.197
106.194
106.193
106.191
106.19
106.19
106.191
106.193
106.194
106.197
106.188
106.184
106.181
106.178
106.177
106.177
106.178
106.181
106.184
106.188
106.176
106.17
106.166
106.163
106.161
106.161
106.163
106.166
106.17
106.176
106.162
106.154
106.149
106.145
106.143
106.143
106.145
106.149
106.154
106.162
106.146
106.137
106.131
106.127
106.125
106.125
106.127
106.131
106.137
106.146
106.129
106.12
106.114
106.11
106.107
106.107
106.11
106.114
106.12
106.129
98.3071
98.3071
98.3074
98.3075
98.3076
98.3076
98.3075
98.3074
98.3071
98.3071
98.3093
98.3094
98.3096
98.3098
98.3099
98.3099
98.3098
98.3096
98.3094
98.3093
98.3107
98.3106
98.3107
98.3108
98.3108
98.3108
98.3108
98.3107
98.3105
98.3107
98.3101
98.3096
98.3095
98.3094
98.3093
98.3093
98.3093
98.3095
98.3096
98.3101
98.3077
98.3066
98.306
98.3056
98.3053
98.3053
98.3056
98.306
98.3066
98.3077
98.3035
98.3017
98.3006
98.2998
98.2994
98.2994
98.2998
98.3006
98.3017
98.3035
98.2979
98.2952
98.2936
98.2924
98.2918
98.2918
98.2924
98.2936
98.2952
98.2979
98.2909
98.2876
98.2854
98.2839
98.2831
98.2831
98.2839
98.2854
98.2876
98.2909
98.2831
98.2793
98.2767
98.2749
98.274
98.274
98.2749
98.2767
98.2793
98.2831
98.2749
98.2708
98.2679
98.266
98.265
98.265
98.266
98.2679
98.2707
98.2749
90.4332
90.4332
90.4333
90.4334
90.4334
90.4334
90.4334
90.4333
90.4332
90.4332
90.4342
90.4343
90.4344
90.4344
90.4345
90.4345
90.4344
90.4344
90.4343
90.4342
90.4349
90.4349
90.4349
90.435
90.435
90.435
90.435
90.4349
90.4349
90.4349
90.4348
90.4346
90.4345
90.4345
90.4345
90.4345
90.4345
90.4345
90.4346
90.4348
90.4338
90.4334
90.4331
90.433
90.4329
90.4329
90.4329
90.4331
90.4334
90.4338
90.4321
90.4314
90.4309
90.4305
90.4303
90.4303
90.4305
90.4309
90.4314
90.4321
90.4298
90.4287
90.4279
90.4274
90.4271
90.4271
90.4274
90.4279
90.4287
90.4298
90.4269
90.4254
90.4244
90.4238
90.4234
90.4234
90.4238
90.4244
90.4254
90.4269
90.4235
90.4219
90.4207
90.4199
90.4195
90.4195
90.4199
90.4207
90.4219
90.4235
90.42
90.4182
90.4169
90.416
90.4156
90.4156
90.416
90.4169
90.4182
90.42
82.5653
82.5654
82.5654
82.5654
82.5655
82.5655
82.5654
82.5654
82.5654
82.5653
82.5658
82.5658
82.5659
82.5659
82.566
82.566
82.5659
82.5659
82.5658
82.5658
82.5662
82.5661
82.5662
82.5662
82.5662
82.5662
82.5662
82.5662
82.5661
82.5662
82.5661
82.5661
82.5661
82.566
82.566
82.566
82.566
82.566
82.5661
82.5661
82.5658
82.5656
82.5655
82.5654
82.5654
82.5654
82.5654
82.5655
82.5656
82.5658
82.5651
82.5647
82.5645
82.5644
82.5643
82.5643
82.5644
82.5645
82.5647
82.5651
82.5641
82.5636
82.5633
82.563
82.5629
82.5629
82.563
82.5633
82.5636
82.5641
82.5628
82.5622
82.5618
82.5615
82.5613
82.5613
82.5615
82.5618
82.5622
82.5628
82.5613
82.5606
82.5601
82.5598
82.5596
82.5596
82.5598
82.5601
82.5606
82.5613
82.5598
82.559
82.5584
82.5581
82.5579
82.5578
82.558
82.5584
82.559
82.5598
74.7001
74.7001
74.7001
74.7001
74.7001
74.7001
74.7001
74.7001
74.7001
74.7001
74.7003
74.7003
74.7003
74.7004
74.7004
74.7004
74.7004
74.7003
74.7003
74.7003
74.7005
74.7005
74.7005
74.7005
74.7005
74.7005
74.7005
74.7005
74.7005
74.7005
74.7005
74.7005
74.7005
74.7005
74.7004
74.7004
74.7004
74.7004
74.7004
74.7005
74.7003
74.7003
74.7002
74.7002
74.7002
74.7002
74.7002
74.7002
74.7003
74.7003
74.7
74.6999
74.6998
74.6998
74.6997
74.6997
74.6998
74.6998
74.6999
74.7
74.6996
74.6994
74.6993
74.6992
74.6991
74.6991
74.6992
74.6993
74.6994
74.6996
74.6991
74.6988
74.6986
74.6985
74.6984
74.6984
74.6985
74.6986
74.6988
74.6991
74.6984
74.6981
74.6979
74.6978
74.6977
74.6977
74.6978
74.6979
74.6981
74.6984
74.6978
74.6974
74.6972
74.697
74.6969
74.6969
74.697
74.6972
74.6974
74.6978
66.8359
66.8359
66.836
66.836
66.836
66.836
66.836
66.8359
66.8359
66.8359
66.836
66.836
66.8361
66.8361
66.8361
66.8361
66.8361
66.8361
66.836
66.836
66.8361
66.8361
66.8361
66.8361
66.8361
66.8361
66.8361
66.8361
66.8361
66.8361
66.8361
66.8361
66.8361
66.8361
66.8361
66.8361
66.8361
66.8361
66.8361
66.8361
66.8361
66.8361
66.836
66.836
66.836
66.836
66.836
66.836
66.836
66.8361
66.836
66.8359
66.8359
66.8358
66.8358
66.8358
66.8358
66.8359
66.8359
66.836
66.8358
66.8357
66.8356
66.8356
66.8356
66.8356
66.8356
66.8356
66.8357
66.8358
66.8356
66.8354
66.8354
66.8353
66.8353
66.8353
66.8353
66.8354
66.8354
66.8356
66.8353
66.8352
66.8351
66.835
66.835
66.835
66.835
66.8351
66.8352
66.8353
66.835
66.8348
66.8347
66.8347
66.8346
66.8346
66.8347
66.8347
66.8348
66.835
58.9723
58.9723
58.9723
58.9723
58.9723
58.9723
58.9723
58.9723
58.9723
58.9723
58.9723
58.9723
58.9723
58.9723
58.9723
58.9723
58.9723
58.9723
58.9723
58.9723
58.9724
58.9724
58.9724
58.9724
58.9724
58.9724
58.9724
58.9724
58.9724
58.9724
58.9724
58.9724
58.9724
58.9724
58.9724
58.9724
58.9724
58.9724
58.9724
58.9724
58.9723
58.9723
58.9723
58.9723
58.9723
58.9723
58.9723
58.9723
58.9723
58.9723
58.9723
58.9723
58.9723
58.9722
58.9722
58.9722
58.9723
58.9723
58.9723
58.9723
58.9722
58.9722
58.9722
58.9721
58.9721
58.9721
58.9721
58.9722
58.9722
58.9722
58.9721
58.9721
58.972
58.972
58.972
58.972
58.972
58.972
58.9721
58.9721
58.972
58.972
58.9719
58.9719
58.9719
58.9719
58.9719
58.9719
58.972
58.972
58.9719
58.9718
58.9718
58.9717
58.9717
58.9717
58.9717
58.9718
58.9718
58.9719
51.1088
51.1088
51.1088
51.1088
51.1088
51.1088
51.1088
51.1088
51.1088
51.1088
51.1088
51.1088
51.1088
51.1088
51.1088
51.1088
51.1088
51.1088
51.1088
51.1088
51.1088
51.1088
51.1088
51.1088
51.1088
51.1088
51.1088
51.1088
51.1088
51.1088
51.1088
51.1088
51.1088
51.1088
51.1088
51.1088
51.1088
51.1088
51.1088
51.1088
51.1088
51.1088
51.1088
51.1088
51.1088
51.1088
51.1088
51.1088
51.1088
51.1088
51.1088
51.1088
51.1088
51.1088
51.1088
51.1088
51.1088
51.1088
51.1088
51.1088
51.1088
51.1088
51.1088
51.1088
51.1088
51.1088
51.1088
51.1088
51.1088
51.1088
51.1088
51.1087
51.1087
51.1087
51.1087
51.1087
51.1087
51.1087
51.1087
51.1088
51.1087
51.1087
51.1087
51.1087
51.1086
51.1086
51.1087
51.1087
51.1087
51.1087
51.1087
51.1086
51.1086
51.1086
51.1086
51.1086
51.1086
51.1086
51.1086
51.1087
43.2454
43.2454
43.2454
43.2454
43.2454
43.2454
43.2454
43.2454
43.2454
43.2454
43.2454
43.2454
43.2454
43.2454
43.2454
43.2454
43.2454
43.2454
43.2454
43.2454
43.2454
43.2454
43.2454
43.2454
43.2454
43.2454
43.2454
43.2454
43.2454
43.2454
43.2454
43.2454
43.2454
43.2454
43.2454
43.2454
43.2454
43.2454
43.2454
43.2454
43.2454
43.2454
43.2454
43.2454
43.2454
43.2454
43.2454
43.2454
43.2454
43.2454
43.2454
43.2454
43.2454
43.2454
43.2454
43.2454
43.2454
43.2454
43.2454
43.2454
43.2454
43.2454
43.2454
43.2454
43.2454
43.2454
43.2454
43.2454
43.2454
43.2454
43.2454
43.2454
43.2454
43.2454
43.2454
43.2454
43.2454
43.2454
43.2454
43.2454
43.2454
43.2454
43.2454
43.2454
43.2454
43.2454
43.2454
43.2454
43.2454
43.2454
43.2454
43.2454
43.2454
43.2454
43.2454
43.2454
43.2454
43.2454
43.2454
43.2454
35.3819
35.3819
35.382
35.382
35.382
35.382
35.382
35.382
35.382
35.3819
35.3819
35.3819
35.382
35.382
35.382
35.382
35.382
35.382
35.3819
35.3819
35.3819
35.3819
35.3819
35.382
35.382
35.382
35.382
35.382
35.3819
35.3819
35.3819
35.3819
35.382
35.382
35.382
35.382
35.382
35.382
35.382
35.3819
35.382
35.382
35.382
35.382
35.382
35.382
35.382
35.382
35.382
35.382
35.382
35.382
35.382
35.382
35.382
35.382
35.382
35.382
35.382
35.382
35.382
35.382
35.382
35.382
35.382
35.382
35.382
35.382
35.382
35.382
35.382
35.382
35.382
35.382
35.382
35.382
35.382
35.382
35.382
35.382
35.382
35.382
35.382
35.382
35.382
35.382
35.382
35.382
35.382
35.382
35.3821
35.382
35.382
35.382
35.382
35.382
35.382
35.382
35.382
35.3821
27.5185
27.5186
27.5186
27.5186
27.5186
27.5186
27.5186
27.5186
27.5186
27.5185
27.5185
27.5185
27.5186
27.5186
27.5186
27.5186
27.5186
27.5186
27.5186
27.5185
27.5185
27.5186
27.5186
27.5186
27.5186
27.5186
27.5186
27.5186
27.5186
27.5185
27.5186
27.5186
27.5186
27.5186
27.5186
27.5186
27.5186
27.5186
27.5186
27.5186
27.5187
27.5187
27.5187
27.5187
27.5187
27.5187
27.5187
27.5187
27.5187
27.5187
27.5187
27.5187
27.5188
27.5188
27.5188
27.5188
27.5188
27.5188
27.5187
27.5187
27.5188
27.5188
27.5188
27.5188
27.5188
27.5188
27.5188
27.5188
27.5188
27.5188
27.5189
27.5189
27.5189
27.5189
27.5189
27.5189
27.5189
27.5189
27.5189
27.5189
27.5189
27.5189
27.5189
27.5189
27.5189
27.5189
27.5189
27.5189
27.5189
27.5189
27.519
27.519
27.519
27.519
27.519
27.519
27.519
27.519
27.519
27.519
19.6553
19.6553
19.6552
19.6552
19.6552
19.6552
19.6552
19.6553
19.6553
19.6553
19.6552
19.6552
19.6552
19.6552
19.6552
19.6552
19.6552
19.6552
19.6552
19.6552
19.6552
19.6553
19.6553
19.6553
19.6552
19.6552
19.6553
19.6553
19.6553
19.6552
19.6554
19.6554
19.6554
19.6554
19.6554
19.6554
19.6554
19.6554
19.6554
19.6554
19.6555
19.6556
19.6556
19.6556
19.6556
19.6556
19.6556
19.6556
19.6556
19.6555
19.6556
19.6556
19.6557
19.6556
19.6556
19.6556
19.6557
19.6557
19.6556
19.6556
19.6557
19.6557
19.6557
19.6557
19.6557
19.6557
19.6557
19.6557
19.6557
19.6557
19.6557
19.6558
19.6558
19.6558
19.6558
19.6558
19.6558
19.6558
19.6558
19.6557
19.6558
19.6558
19.6558
19.6558
19.6558
19.6558
19.6558
19.6558
19.6558
19.6558
19.6559
19.6559
19.6559
19.6559
19.6559
19.6559
19.6559
19.6559
19.6559
19.6559
11.7881
11.7884
11.7886
11.7888
11.7889
11.7889
11.7888
11.7886
11.7884
11.7881
11.7859
11.7863
11.7866
11.7868
11.787
11.787
11.7868
11.7866
11.7863
11.7859
11.7872
11.7875
11.7877
11.7879
11.788
11.788
11.7879
11.7877
11.7875
11.7872
11.7881
11.7885
11.7888
11.789
11.7891
11.7891
11.789
11.7888
11.7885
11.7881
11.7897
11.79
11.7902
11.7904
11.7904
11.7904
11.7904
11.7902
11.79
11.7897
11.7903
11.7906
11.7908
11.7909
11.7909
11.7909
11.7909
11.7908
11.7906
11.7903
11.7909
11.7911
11.7912
11.7913
11.7914
11.7914
11.7913
11.7912
11.7911
11.7909
11.7913
11.7915
11.7916
11.7917
11.7917
11.7917
11.7917
11.7916
11.7915
11.7913
11.7916
11.7918
11.7918
11.7919
11.7919
11.7919
11.7919
11.7918
11.7918
11.7916
11.7919
11.792
11.792
11.7921
11.7921
11.7921
11.7921
11.792
11.792
11.7919
3.92637
3.92663
3.92687
3.92705
3.92714
3.92714
3.92705
3.92687
3.92663
3.92637
3.92432
3.92469
3.92503
3.92528
3.92541
3.92541
3.92528
3.92503
3.92469
3.92432
3.92555
3.92587
3.92616
3.92636
3.92646
3.92646
3.92636
3.92616
3.92588
3.92555
3.92626
3.92663
3.92691
3.92711
3.92721
3.92721
3.92711
3.92691
3.92663
3.92626
3.92767
3.92802
3.92826
3.9284
3.92848
3.92848
3.9284
3.92826
3.92802
3.92767
3.92825
3.92856
3.92876
3.9289
3.92898
3.92898
3.9289
3.92876
3.92856
3.92825
3.92885
3.92912
3.92929
3.92941
3.92947
3.92947
3.92941
3.92929
3.92912
3.92885
3.92935
3.92958
3.92972
3.92982
3.92987
3.92987
3.92982
3.92972
3.92958
3.92935
3.92979
3.92997
3.93008
3.93015
3.93019
3.93019
3.93015
3.93008
3.92997
3.92978
3.93015
3.93027
3.93036
3.93042
3.93045
3.93045
3.93042
3.93036
3.93027
3.93015
187.964
187.339
186.929
186.634
186.481
186.481
186.634
186.929
187.339
187.964
178.671
177.783
177.183
176.764
176.548
176.548
176.764
177.183
177.783
178.671
170.985
169.975
169.309
168.85
168.616
168.616
168.85
169.309
169.975
170.985
165.705
164.676
164.016
163.567
163.338
163.338
163.567
164.016
164.676
165.705
161.765
160.744
160.102
159.675
159.457
159.457
159.675
160.102
160.744
161.765
158.596
157.599
156.979
156.577
156.372
156.372
156.577
156.979
157.599
158.596
155.998
155.043
154.451
154.078
153.889
153.889
154.078
154.451
155.043
155.998
153.854
152.964
152.408
152.067
151.896
151.896
152.067
152.408
152.964
153.854
152.068
151.272
150.768
150.462
150.309
150.309
150.462
150.768
151.272
152.068
150.599
149.915
149.478
149.208
149.073
149.073
149.208
149.478
149.915
150.599
146.789
146.961
147.15
147.285
147.356
147.356
147.285
147.15
146.961
146.789
146.711
146.791
146.907
146.989
147.031
147.031
146.989
146.907
146.791
146.711
146.039
146.009
146.039
146.06
146.071
146.071
146.06
146.039
146.009
146.039
145.126
145.003
144.963
144.934
144.92
144.92
144.934
144.963
145.003
145.126
144.172
143.972
143.877
143.81
143.775
143.775
143.81
143.877
143.972
144.172
143.222
142.967
142.827
142.731
142.682
142.682
142.731
142.827
142.967
143.222
142.293
142.004
141.836
141.722
141.663
141.663
141.722
141.836
142.004
142.293
141.395
141.1
140.921
140.801
140.739
140.739
140.801
140.921
141.1
141.396
140.531
140.256
140.089
139.978
139.919
139.919
139.978
140.089
140.256
140.531
139.752
139.496
139.348
139.248
139.195
139.195
139.248
139.348
139.496
139.752
140.214
140.145
140.087
140.043
140.019
140.019
140.043
140.087
140.145
140.214
140.333
140.253
140.187
140.135
140.107
140.107
140.135
140.187
140.253
140.333
140.394
140.291
140.208
140.142
140.107
140.107
140.142
140.208
140.291
140.394
140.26
140.124
140.018
139.936
139.892
139.892
139.936
140.018
140.124
140.26
139.996
139.83
139.702
139.606
139.554
139.554
139.606
139.702
139.83
139.996
139.674
139.482
139.337
139.231
139.175
139.175
139.231
139.337
139.482
139.674
139.332
139.123
138.967
138.856
138.797
138.797
138.856
138.967
139.123
139.332
138.995
138.78
138.62
138.509
138.451
138.451
138.509
138.62
138.78
138.995
138.68
138.472
138.317
138.211
138.156
138.156
138.211
138.317
138.472
138.68
138.393
138.204
138.066
137.972
137.924
137.924
137.972
138.066
138.204
138.393
130.015
130.042
130.075
130.1
130.113
130.113
130.1
130.075
130.042
130.015
130.06
130.08
130.109
130.131
130.143
130.143
130.131
130.109
130.08
130.06
130.024
130.032
130.054
130.071
130.08
130.08
130.071
130.054
130.032
130.024
129.911
129.901
129.911
129.92
129.924
129.924
129.92
129.911
129.901
129.911
129.743
129.712
129.708
129.706
129.706
129.706
129.706
129.708
129.712
129.743
129.537
129.484
129.464
129.453
129.447
129.447
129.453
129.464
129.484
129.537
129.301
129.23
129.195
129.175
129.165
129.165
129.175
129.195
129.23
129.301
129.047
128.96
128.915
128.888
128.874
128.874
128.888
128.915
128.96
129.047
128.781
128.688
128.635
128.603
128.587
128.587
128.603
128.635
128.688
128.781
128.524
128.428
128.37
128.334
128.315
128.315
128.334
128.37
128.428
128.524
122.185
122.178
122.173
122.168
122.166
122.166
122.168
122.173
122.178
122.185
122.213
122.206
122.201
122.197
122.194
122.194
122.197
122.201
122.206
122.213
122.236
122.226
122.218
122.212
122.208
122.208
122.212
122.218
122.226
122.236
122.234
122.219
122.207
122.197
122.192
122.192
122.197
122.207
122.219
122.234
122.21
122.188
122.171
122.157
122.15
122.15
122.157
122.171
122.188
122.21
122.17
122.141
122.119
122.101
122.092
122.092
122.101
122.119
122.141
122.17
122.118
122.084
122.056
122.036
122.025
122.025
122.036
122.056
122.084
122.118
122.06
122.022
121.991
121.969
121.958
121.958
121.969
121.991
122.022
122.06
121.999
121.959
121.929
121.907
121.895
121.895
121.907
121.929
121.959
121.999
121.939
121.9
121.871
121.851
121.84
121.84
121.851
121.871
121.9
121.939
114.106
114.107
114.11
114.112
114.113
114.113
114.112
114.11
114.107
114.106
114.117
114.118
114.12
114.122
114.123
114.123
114.122
114.12
114.118
114.117
114.12
114.12
114.121
114.122
114.123
114.123
114.122
114.121
114.12
114.12
114.111
114.108
114.109
114.109
114.109
114.109
114.109
114.109
114.108
114.111
114.091
114.086
114.083
114.082
114.081
114.081
114.082
114.083
114.086
114.091
114.063
114.053
114.048
114.044
114.042
114.042
114.044
114.048
114.053
114.063
114.026
114.012
114.004
113.999
113.996
113.996
113.999
114.004
114.012
114.026
113.983
113.966
113.955
113.948
113.944
113.944
113.948
113.955
113.966
113.983
113.936
113.917
113.904
113.896
113.891
113.891
113.896
113.904
113.917
113.936
113.889
113.868
113.854
113.844
113.84
113.84
113.844
113.854
113.868
113.889
106.196
106.196
106.196
106.196
106.196
106.196
106.196
106.196
106.196
106.196
106.201
106.201
106.201
106.201
106.201
106.201
106.201
106.201
106.201
106.201
106.204
106.203
106.203
106.203
106.203
106.203
106.203
106.203
106.203
106.204
106.203
106.201
106.2
106.2
106.199
106.199
106.2
106.2
106.201
106.203
106.197
106.194
106.193
106.191
106.19
106.19
106.191
106.193
106.194
106.197
106.188
106.184
106.181
106.178
106.177
106.177
106.178
106.181
106.184
106.188
106.176
106.17
106.166
106.163
106.161
106.161
106.163
106.166
106.17
106.176
106.162
106.154
106.149
106.145
106.143
106.143
106.145
106.149
106.154
106.162
106.146
106.137
106.131
106.127
106.125
106.125
106.127
106.131
106.137
106.146
106.129
106.12
106.114
106.11
106.107
106.107
106.11
106.114
106.12
106.129
98.3071
98.3071
98.3074
98.3075
98.3076
98.3076
98.3075
98.3074
98.3071
98.3071
98.3093
98.3094
98.3096
98.3098
98.3099
98.3099
98.3098
98.3096
98.3094
98.3093
98.3107
98.3106
98.3107
98.3108
98.3108
98.3108
98.3108
98.3107
98.3105
98.3107
98.3101
98.3096
98.3095
98.3094
98.3093
98.3093
98.3094
98.3095
98.3096
98.3101
98.3077
98.3066
98.306
98.3056
98.3053
98.3053
98.3056
98.306
98.3066
98.3077
98.3035
98.3017
98.3006
98.2998
98.2994
98.2994
98.2998
98.3006
98.3017
98.3035
98.2979
98.2952
98.2936
98.2924
98.2918
98.2918
98.2924
98.2936
98.2952
98.2979
98.2909
98.2876
98.2854
98.2839
98.2831
98.2831
98.2839
98.2854
98.2876
98.2909
98.2831
98.2793
98.2767
98.2749
98.274
98.274
98.2749
98.2767
98.2793
98.2831
98.2749
98.2708
98.2679
98.266
98.265
98.265
98.266
98.2679
98.2707
98.2749
90.4332
90.4332
90.4333
90.4334
90.4334
90.4334
90.4334
90.4333
90.4332
90.4332
90.4342
90.4343
90.4344
90.4345
90.4345
90.4345
90.4344
90.4344
90.4343
90.4342
90.4349
90.4349
90.4349
90.435
90.435
90.435
90.435
90.4349
90.4349
90.4349
90.4348
90.4346
90.4345
90.4345
90.4345
90.4345
90.4345
90.4345
90.4346
90.4348
90.4338
90.4334
90.4331
90.433
90.4329
90.4329
90.433
90.4331
90.4334
90.4338
90.4321
90.4314
90.4309
90.4305
90.4304
90.4304
90.4305
90.4309
90.4314
90.4321
90.4298
90.4287
90.4279
90.4274
90.4271
90.4271
90.4274
90.4279
90.4286
90.4298
90.4269
90.4254
90.4244
90.4238
90.4234
90.4234
90.4238
90.4244
90.4254
90.4269
90.4235
90.4219
90.4207
90.4199
90.4195
90.4195
90.4199
90.4207
90.4219
90.4235
90.42
90.4182
90.4169
90.416
90.4156
90.4156
90.416
90.4169
90.4182
90.42
82.5653
82.5654
82.5654
82.5654
82.5655
82.5655
82.5654
82.5654
82.5654
82.5653
82.5658
82.5658
82.5659
82.5659
82.566
82.566
82.5659
82.5659
82.5658
82.5658
82.5662
82.5661
82.5662
82.5662
82.5662
82.5662
82.5662
82.5662
82.5661
82.5662
82.5661
82.5661
82.5661
82.566
82.566
82.566
82.566
82.5661
82.5661
82.5661
82.5658
82.5656
82.5655
82.5654
82.5654
82.5654
82.5654
82.5655
82.5656
82.5658
82.5651
82.5647
82.5645
82.5644
82.5643
82.5643
82.5644
82.5645
82.5647
82.5651
82.5641
82.5636
82.5633
82.5631
82.5629
82.5629
82.5631
82.5633
82.5636
82.5641
82.5628
82.5622
82.5618
82.5615
82.5613
82.5613
82.5615
82.5618
82.5622
82.5628
82.5613
82.5606
82.5601
82.5598
82.5596
82.5596
82.5598
82.5601
82.5606
82.5613
82.5598
82.559
82.5584
82.558
82.5578
82.5578
82.558
82.5584
82.559
82.5598
74.7001
74.7001
74.7001
74.7001
74.7001
74.7001
74.7001
74.7001
74.7001
74.7001
74.7003
74.7003
74.7003
74.7004
74.7004
74.7004
74.7004
74.7003
74.7003
74.7003
74.7005
74.7005
74.7005
74.7005
74.7005
74.7005
74.7005
74.7005
74.7005
74.7005
74.7005
74.7004
74.7005
74.7005
74.7005
74.7005
74.7005
74.7005
74.7004
74.7005
74.7003
74.7003
74.7002
74.7002
74.7002
74.7002
74.7002
74.7002
74.7003
74.7003
74.7
74.6999
74.6998
74.6998
74.6997
74.6997
74.6998
74.6998
74.6999
74.7
74.6996
74.6994
74.6993
74.6992
74.6991
74.6991
74.6992
74.6993
74.6994
74.6996
74.6991
74.6988
74.6986
74.6985
74.6984
74.6984
74.6985
74.6986
74.6988
74.6991
74.6984
74.6981
74.6979
74.6978
74.6977
74.6977
74.6978
74.6979
74.6981
74.6985
74.6978
74.6974
74.6972
74.697
74.6969
74.6969
74.697
74.6972
74.6974
74.6978
66.8359
66.8359
66.836
66.836
66.836
66.836
66.836
66.836
66.8359
66.8359
66.836
66.836
66.8361
66.8361
66.8361
66.8361
66.8361
66.8361
66.836
66.836
66.8361
66.8361
66.8361
66.8361
66.8361
66.8361
66.8361
66.8361
66.8361
66.8361
66.8361
66.8361
66.8361
66.8361
66.8361
66.8361
66.8361
66.8361
66.8361
66.8361
66.8361
66.836
66.836
66.836
66.836
66.836
66.836
66.836
66.836
66.8361
66.836
66.8359
66.8359
66.8358
66.8358
66.8358
66.8358
66.8359
66.8359
66.836
66.8358
66.8357
66.8356
66.8356
66.8356
66.8356
66.8356
66.8356
66.8357
66.8358
66.8356
66.8354
66.8354
66.8353
66.8353
66.8353
66.8353
66.8354
66.8354
66.8356
66.8353
66.8352
66.8351
66.835
66.835
66.835
66.835
66.8351
66.8351
66.8353
66.835
66.8349
66.8347
66.8347
66.8346
66.8346
66.8347
66.8347
66.8348
66.835
58.9723
58.9723
58.9723
58.9723
58.9723
58.9723
58.9723
58.9723
58.9723
58.9723
58.9723
58.9723
58.9723
58.9723
58.9723
58.9723
58.9723
58.9723
58.9723
58.9723
58.9724
58.9724
58.9724
58.9724
58.9724
58.9724
58.9724
58.9724
58.9724
58.9724
58.9724
58.9724
58.9724
58.9724
58.9724
58.9724
58.9724
58.9724
58.9724
58.9724
58.9723
58.9723
58.9723
58.9723
58.9723
58.9723
58.9723
58.9723
58.9723
58.9723
58.9723
58.9723
58.9723
58.9722
58.9722
58.9722
58.9723
58.9723
58.9723
58.9723
58.9722
58.9722
58.9722
58.9721
58.9721
58.9721
58.9721
58.9722
58.9722
58.9722
58.9721
58.9721
58.972
58.972
58.972
58.972
58.972
58.972
58.9721
58.9722
58.972
58.972
58.9719
58.9719
58.9719
58.9719
58.9719
58.9719
58.972
58.9721
58.9719
58.9718
58.9718
58.9717
58.9717
58.9717
58.9717
58.9718
58.9718
58.9719
51.1088
51.1088
51.1088
51.1088
51.1088
51.1088
51.1088
51.1088
51.1088
51.1088
51.1088
51.1088
51.1088
51.1088
51.1088
51.1088
51.1088
51.1088
51.1088
51.1088
51.1088
51.1088
51.1088
51.1088
51.1088
51.1088
51.1088
51.1088
51.1088
51.1088
51.1088
51.1088
51.1088
51.1088
51.1088
51.1088
51.1088
51.1088
51.1088
51.1088
51.1088
51.1088
51.1088
51.1088
51.1088
51.1088
51.1088
51.1088
51.1088
51.1088
51.1088
51.1088
51.1088
51.1088
51.1088
51.1088
51.1088
51.1088
51.1088
51.1088
51.1088
51.1088
51.1088
51.1088
51.1088
51.1088
51.1088
51.1088
51.1088
51.1088
51.1088
51.1087
51.1087
51.1087
51.1087
51.1087
51.1087
51.1087
51.1087
51.1088
51.1087
51.1087
51.1087
51.1086
51.1086
51.1086
51.1087
51.1087
51.1087
51.1087
51.1087
51.1086
51.1086
51.1086
51.1086
51.1086
51.1086
51.1086
51.1086
51.1087
43.2454
43.2454
43.2454
43.2454
43.2454
43.2454
43.2454
43.2454
43.2454
43.2454
43.2454
43.2454
43.2454
43.2454
43.2454
43.2454
43.2454
43.2454
43.2454
43.2454
43.2454
43.2454
43.2454
43.2454
43.2454
43.2454
43.2454
43.2454
43.2454
43.2454
43.2454
43.2454
43.2454
43.2454
43.2454
43.2454
43.2454
43.2454
43.2454
43.2454
43.2454
43.2454
43.2454
43.2454
43.2454
43.2454
43.2454
43.2454
43.2454
43.2454
43.2454
43.2454
43.2454
43.2454
43.2454
43.2454
43.2454
43.2454
43.2454
43.2454
43.2454
43.2454
43.2454
43.2454
43.2454
43.2454
43.2454
43.2454
43.2454
43.2454
43.2454
43.2454
43.2454
43.2454
43.2454
43.2454
43.2454
43.2454
43.2454
43.2454
43.2454
43.2454
43.2454
43.2454
43.2454
43.2454
43.2454
43.2454
43.2454
43.2455
43.2455
43.2454
43.2454
43.2454
43.2454
43.2454
43.2454
43.2454
43.2454
43.2454
35.3819
35.382
35.382
35.382
35.382
35.382
35.382
35.382
35.382
35.3819
35.3819
35.3819
35.3819
35.382
35.382
35.382
35.382
35.382
35.3819
35.3819
35.3819
35.3819
35.3819
35.382
35.382
35.382
35.382
35.3819
35.3819
35.3819
35.3819
35.3819
35.382
35.382
35.382
35.382
35.382
35.382
35.3819
35.3819
35.382
35.382
35.382
35.382
35.382
35.382
35.382
35.382
35.382
35.382
35.382
35.382
35.382
35.382
35.382
35.382
35.382
35.382
35.382
35.382
35.382
35.382
35.382
35.382
35.382
35.382
35.382
35.382
35.382
35.382
35.382
35.382
35.382
35.382
35.382
35.382
35.382
35.382
35.382
35.382
35.3821
35.382
35.382
35.382
35.382
35.382
35.382
35.382
35.382
35.3821
35.3821
35.382
35.382
35.382
35.382
35.382
35.382
35.382
35.382
35.3821
27.5185
27.5186
27.5186
27.5186
27.5186
27.5186
27.5186
27.5186
27.5186
27.5185
27.5185
27.5185
27.5186
27.5186
27.5186
27.5186
27.5186
27.5186
27.5185
27.5185
27.5185
27.5186
27.5186
27.5186
27.5186
27.5186
27.5186
27.5186
27.5186
27.5185
27.5186
27.5186
27.5186
27.5186
27.5186
27.5186
27.5186
27.5186
27.5186
27.5186
27.5187
27.5187
27.5187
27.5187
27.5187
27.5187
27.5187
27.5187
27.5187
27.5187
27.5187
27.5187
27.5188
27.5188
27.5188
27.5188
27.5188
27.5188
27.5187
27.5187
27.5188
27.5188
27.5188
27.5188
27.5188
27.5188
27.5188
27.5188
27.5188
27.5188
27.5189
27.5189
27.5189
27.5189
27.5189
27.5189
27.5189
27.5189
27.5189
27.5189
27.519
27.5189
27.5189
27.5189
27.5189
27.5189
27.5189
27.5189
27.5189
27.519
27.519
27.519
27.519
27.519
27.519
27.519
27.519
27.519
27.519
27.519
19.6553
19.6553
19.6552
19.6552
19.6552
19.6552
19.6552
19.6553
19.6553
19.6553
19.6552
19.6552
19.6552
19.6552
19.6552
19.6552
19.6552
19.6552
19.6552
19.6552
19.6552
19.6553
19.6553
19.6553
19.6552
19.6552
19.6553
19.6553
19.6553
19.6552
19.6554
19.6554
19.6554
19.6554
19.6554
19.6554
19.6554
19.6554
19.6554
19.6554
19.6555
19.6556
19.6556
19.6556
19.6556
19.6556
19.6556
19.6556
19.6556
19.6555
19.6556
19.6556
19.6557
19.6556
19.6556
19.6556
19.6556
19.6557
19.6556
19.6556
19.6557
19.6557
19.6557
19.6557
19.6557
19.6557
19.6557
19.6557
19.6557
19.6557
19.6557
19.6558
19.6558
19.6558
19.6558
19.6558
19.6558
19.6558
19.6558
19.6557
19.6558
19.6558
19.6558
19.6558
19.6558
19.6558
19.6558
19.6558
19.6558
19.6558
19.6559
19.6559
19.6559
19.6559
19.6559
19.6559
19.6559
19.6559
19.6559
19.6559
11.7881
11.7884
11.7886
11.7888
11.7889
11.7889
11.7888
11.7886
11.7884
11.7881
11.7859
11.7863
11.7866
11.7868
11.7869
11.7869
11.7868
11.7866
11.7863
11.7859
11.7872
11.7875
11.7877
11.7879
11.788
11.788
11.7879
11.7877
11.7875
11.7872
11.7881
11.7885
11.7888
11.789
11.7891
11.7891
11.789
11.7888
11.7885
11.7881
11.7897
11.79
11.7902
11.7904
11.7904
11.7904
11.7904
11.7902
11.79
11.7897
11.7903
11.7906
11.7908
11.7909
11.7909
11.7909
11.7909
11.7908
11.7906
11.7903
11.7909
11.7911
11.7912
11.7913
11.7914
11.7914
11.7913
11.7912
11.7911
11.7909
11.7913
11.7915
11.7916
11.7917
11.7917
11.7917
11.7917
11.7916
11.7915
11.7913
11.7916
11.7918
11.7918
11.7919
11.7919
11.7919
11.7919
11.7918
11.7918
11.7916
11.7919
11.792
11.792
11.7921
11.7921
11.7921
11.7921
11.792
11.792
11.7919
3.92637
3.92663
3.92687
3.92705
3.92714
3.92714
3.92705
3.92687
3.92663
3.92637
3.92432
3.92469
3.92503
3.92528
3.92541
3.92541
3.92528
3.92503
3.92469
3.92432
3.92555
3.92588
3.92616
3.92636
3.92646
3.92646
3.92636
3.92616
3.92588
3.92555
3.92626
3.92663
3.92691
3.92711
3.92721
3.92721
3.92711
3.92691
3.92663
3.92626
3.92767
3.92802
3.92826
3.9284
3.92848
3.92848
3.9284
3.92826
3.92802
3.92767
3.92825
3.92856
3.92876
3.9289
3.92898
3.92898
3.9289
3.92876
3.92856
3.92825
3.92885
3.92912
3.92929
3.92941
3.92946
3.92946
3.92941
3.92929
3.92912
3.92885
3.92935
3.92958
3.92972
3.92982
3.92987
3.92987
3.92982
3.92972
3.92958
3.92935
3.92978
3.92996
3.93008
3.93015
3.93019
3.93019
3.93015
3.93008
3.92996
3.92979
3.93015
3.93027
3.93036
3.93042
3.93045
3.93045
3.93042
3.93036
3.93027
3.93015
149.594
148.992
148.582
148.314
148.182
148.182
148.314
148.582
148.992
149.594
148.992
148.384
147.947
147.66
147.518
147.518
147.66
147.947
148.384
148.992
148.582
147.947
147.48
147.175
147.025
147.025
147.175
147.48
147.947
148.582
148.314
147.66
147.175
146.861
146.707
146.707
146.861
147.175
147.66
148.314
148.182
147.518
147.025
146.707
146.551
146.551
146.707
147.025
147.518
148.182
148.182
147.518
147.025
146.707
146.551
146.551
146.707
147.025
147.518
148.182
148.314
147.66
147.175
146.861
146.707
146.707
146.861
147.175
147.66
148.314
148.582
147.947
147.48
147.175
147.025
147.025
147.175
147.48
147.947
148.582
148.992
148.384
147.947
147.66
147.518
147.518
147.66
147.947
148.384
148.992
149.594
148.992
148.582
148.314
148.182
148.182
148.314
148.582
148.992
149.594
139.241
138.993
138.814
138.686
138.621
138.621
138.686
138.814
138.994
139.241
138.993
138.708
138.489
138.335
138.257
138.257
138.335
138.489
138.708
138.993
138.814
138.489
138.245
138.076
137.991
137.991
138.076
138.245
138.489
138.814
138.686
138.335
138.076
137.9
137.81
137.81
137.9
138.076
138.335
138.686
138.621
138.257
137.991
137.81
137.719
137.719
137.81
137.991
138.257
138.621
138.621
138.257
137.991
137.81
137.719
137.719
137.81
137.991
138.257
138.621
138.686
138.335
138.076
137.9
137.81
137.81
137.9
138.076
138.335
138.686
138.814
138.489
138.245
138.076
137.991
137.991
138.076
138.245
138.489
138.814
138.994
138.708
138.489
138.335
138.257
138.257
138.335
138.489
138.708
138.994
139.241
138.993
138.814
138.686
138.621
138.621
138.686
138.814
138.994
139.241
138.14
137.985
137.868
137.786
137.744
137.744
137.786
137.868
137.985
138.14
137.985
137.829
137.705
137.618
137.573
137.573
137.618
137.705
137.829
137.985
137.868
137.705
137.571
137.477
137.43
137.43
137.477
137.571
137.705
137.868
137.786
137.618
137.477
137.381
137.332
137.332
137.381
137.477
137.618
137.786
137.744
137.573
137.43
137.332
137.283
137.283
137.332
137.43
137.573
137.744
137.744
137.573
137.43
137.332
137.283
137.283
137.332
137.43
137.573
137.744
137.786
137.618
137.477
137.381
137.332
137.332
137.381
137.477
137.618
137.786
137.868
137.705
137.571
137.477
137.43
137.43
137.477
137.571
137.705
137.868
137.985
137.829
137.705
137.618
137.573
137.573
137.618
137.705
137.829
137.985
138.14
137.985
137.868
137.786
137.744
137.744
137.786
137.868
137.985
138.14
128.323
128.227
128.16
128.114
128.091
128.091
128.114
128.16
128.227
128.323
128.227
128.11
128.024
127.966
127.936
127.936
127.966
128.024
128.11
128.227
128.16
128.024
127.924
127.856
127.823
127.823
127.856
127.924
128.024
128.16
128.114
127.966
127.856
127.784
127.747
127.747
127.784
127.856
127.966
128.114
128.091
127.936
127.823
127.747
127.71
127.71
127.747
127.823
127.936
128.091
128.091
127.936
127.823
127.747
127.71
127.71
127.747
127.823
127.936
128.091
128.114
127.966
127.856
127.784
127.747
127.747
127.784
127.856
127.966
128.114
128.16
128.024
127.924
127.856
127.823
127.823
127.856
127.924
128.024
128.16
128.227
128.11
128.024
127.966
127.936
127.936
127.966
128.024
128.11
128.227
128.323
128.227
128.16
128.114
128.091
128.091
128.114
128.16
128.227
128.323
121.879
121.847
121.823
121.804
121.795
121.795
121.804
121.823
121.847
121.879
121.847
121.814
121.786
121.765
121.754
121.754
121.765
121.786
121.814
121.847
121.823
121.786
121.754
121.732
121.72
121.72
121.732
121.754
121.786
121.823
121.804
121.765
121.732
121.708
121.695
121.695
121.708
121.732
121.765
121.804
121.795
121.754
121.72
121.695
121.683
121.683
121.695
121.72
121.754
121.795
121.795
121.754
121.72
121.695
121.683
121.683
121.695
121.72
121.754
121.795
121.804
121.765
121.732
121.708
121.695
121.695
121.708
121.732
121.765
121.804
121.823
121.786
121.754
121.732
121.72
121.72
121.732
121.754
121.786
121.823
121.847
121.814
121.786
121.765
121.754
121.754
121.765
121.786
121.814
121.847
121.879
121.847
121.823
121.804
121.795
121.795
121.804
121.823
121.847
121.879
113.846
113.826
113.811
113.8
113.795
113.795
113.8
113.811
113.826
113.847
113.826
113.801
113.782
113.769
113.762
113.762
113.769
113.782
113.801
113.826
113.811
113.782
113.76
113.744
113.737
113.737
113.744
113.76
113.782
113.811
113.8
113.769
113.744
113.728
113.719
113.719
113.728
113.744
113.769
113.8
113.795
113.762
113.737
113.719
113.711
113.711
113.719
113.737
113.762
113.795
113.795
113.762
113.737
113.719
113.711
113.711
113.719
113.737
113.762
113.795
113.8
113.769
113.744
113.728
113.719
113.719
113.728
113.744
113.769
113.8
113.811
113.782
113.76
113.744
113.737
113.737
113.744
113.76
113.782
113.811
113.826
113.801
113.782
113.769
113.762
113.762
113.769
113.782
113.801
113.826
113.847
113.826
113.811
113.8
113.795
113.795
113.8
113.811
113.826
113.846
106.113
106.105
106.099
106.094
106.092
106.092
106.094
106.099
106.105
106.113
106.105
106.096
106.088
106.083
106.08
106.08
106.083
106.088
106.096
106.105
106.099
106.088
106.08
106.074
106.07
106.07
106.074
106.08
106.088
106.099
106.094
106.083
106.074
106.067
106.064
106.064
106.067
106.074
106.083
106.094
106.092
106.08
106.07
106.064
106.06
106.06
106.064
106.07
106.08
106.092
106.092
106.08
106.07
106.064
106.06
106.06
106.064
106.07
106.08
106.092
106.094
106.083
106.074
106.067
106.064
106.064
106.067
106.074
106.083
106.094
106.099
106.088
106.08
106.074
106.07
106.07
106.074
106.08
106.088
106.099
106.105
106.096
106.088
106.083
106.08
106.08
106.083
106.088
106.096
106.105
106.113
106.105
106.099
106.094
106.092
106.092
106.094
106.099
106.105
106.113
98.2668
98.263
98.2601
98.2581
98.257
98.257
98.2581
98.2601
98.263
98.2668
98.263
98.2584
98.2548
98.2522
98.2509
98.2509
98.2522
98.2548
98.2584
98.263
98.2601
98.2548
98.2505
98.2475
98.2459
98.2459
98.2475
98.2505
98.2548
98.2601
98.2581
98.2522
98.2475
98.2442
98.2425
98.2425
98.2442
98.2475
98.2522
98.2581
98.257
98.2509
98.2459
98.2425
98.2408
98.2408
98.2425
98.2459
98.2509
98.257
98.257
98.2509
98.2459
98.2425
98.2408
98.2408
98.2425
98.2459
98.2509
98.257
98.2581
98.2522
98.2475
98.2442
98.2425
98.2425
98.2442
98.2475
98.2522
98.2581
98.2601
98.2548
98.2505
98.2475
98.2459
98.2459
98.2475
98.2505
98.2548
98.2601
98.263
98.2584
98.2548
98.2522
98.2509
98.2509
98.2522
98.2548
98.2584
98.263
98.2668
98.263
98.2601
98.2581
98.257
98.257
98.2581
98.2601
98.263
98.2668
90.4164
90.4148
90.4135
90.4126
90.4121
90.4121
90.4126
90.4135
90.4148
90.4164
90.4148
90.4128
90.4111
90.41
90.4094
90.4094
90.41
90.4111
90.4128
90.4148
90.4135
90.4111
90.4092
90.4079
90.4072
90.4072
90.4079
90.4092
90.4111
90.4135
90.4126
90.41
90.4079
90.4064
90.4057
90.4057
90.4064
90.4079
90.41
90.4126
90.4121
90.4094
90.4072
90.4057
90.4049
90.4049
90.4057
90.4072
90.4094
90.4121
90.4121
90.4094
90.4072
90.4057
90.4049
90.4049
90.4057
90.4072
90.4094
90.4121
90.4126
90.41
90.4079
90.4064
90.4057
90.4057
90.4064
90.4079
90.41
90.4126
90.4135
90.4111
90.4092
90.4079
90.4072
90.4072
90.4079
90.4092
90.4111
90.4135
90.4148
90.4128
90.4111
90.41
90.4094
90.4094
90.41
90.4111
90.4128
90.4148
90.4164
90.4148
90.4135
90.4126
90.4121
90.4121
90.4126
90.4135
90.4148
90.4164
82.5582
82.5575
82.5569
82.5565
82.5563
82.5563
82.5565
82.5569
82.5575
82.5582
82.5575
82.5566
82.5558
82.5553
82.5551
82.5551
82.5553
82.5558
82.5566
82.5574
82.5569
82.5558
82.555
82.5544
82.5541
82.5541
82.5544
82.555
82.5558
82.5569
82.5565
82.5553
82.5544
82.5537
82.5534
82.5534
82.5537
82.5544
82.5553
82.5565
82.5563
82.5551
82.5541
82.5534
82.553
82.553
82.5534
82.5541
82.5551
82.5563
82.5563
82.5551
82.5541
82.5534
82.553
82.553
82.5534
82.5541
82.5551
82.5563
82.5565
82.5553
82.5544
82.5537
82.5534
82.5534
82.5537
82.5544
82.5553
82.5565
82.5569
82.5558
82.555
82.5544
82.5541
82.5541
82.5544
82.555
82.5558
82.5569
82.5575
82.5566
82.5558
82.5553
82.5551
82.5551
82.5553
82.5558
82.5566
82.5575
82.5582
82.5575
82.5569
82.5565
82.5563
82.5563
82.5565
82.5569
82.5575
82.5582
74.6971
74.6967
74.6965
74.6963
74.6962
74.6962
74.6963
74.6965
74.6968
74.6971
74.6967
74.6964
74.696
74.6958
74.6957
74.6957
74.6958
74.696
74.6964
74.6968
74.6965
74.696
74.6957
74.6954
74.6953
74.6953
74.6954
74.6957
74.696
74.6965
74.6963
74.6958
74.6954
74.6951
74.695
74.695
74.6951
74.6954
74.6958
74.6963
74.6962
74.6957
74.6953
74.695
74.6948
74.6948
74.695
74.6953
74.6957
74.6962
74.6962
74.6957
74.6953
74.695
74.6948
74.6948
74.695
74.6953
74.6957
74.6962
74.6963
74.6958
74.6954
74.6951
74.695
74.695
74.6951
74.6954
74.6958
74.6963
74.6965
74.696
74.6957
74.6954
74.6953
74.6953
74.6954
74.6957
74.696
74.6965
74.6968
74.6964
74.696
74.6958
74.6957
74.6957
74.6958
74.696
74.6964
74.6968
74.6971
74.6968
74.6965
74.6963
74.6962
74.6962
74.6963
74.6965
74.6968
74.6971
66.8347
66.8345
66.8344
66.8344
66.8343
66.8343
66.8344
66.8344
66.8346
66.8347
66.8345
66.8344
66.8342
66.8341
66.8341
66.8341
66.8341
66.8342
66.8344
66.8345
66.8344
66.8342
66.8341
66.834
66.8339
66.8339
66.834
66.8341
66.8342
66.8344
66.8344
66.8341
66.834
66.8338
66.8338
66.8338
66.8338
66.834
66.8341
66.8344
66.8343
66.8341
66.8339
66.8338
66.8337
66.8337
66.8338
66.8339
66.8341
66.8343
66.8343
66.8341
66.8339
66.8338
66.8337
66.8337
66.8338
66.8339
66.8341
66.8343
66.8344
66.8341
66.834
66.8338
66.8338
66.8338
66.8338
66.834
66.8341
66.8344
66.8344
66.8342
66.8341
66.834
66.8339
66.8339
66.834
66.8341
66.8342
66.8344
66.8346
66.8344
66.8342
66.8341
66.8341
66.8341
66.8341
66.8342
66.8344
66.8345
66.8347
66.8345
66.8344
66.8344
66.8343
66.8343
66.8344
66.8344
66.8345
66.8347
58.9717
58.9717
58.9716
58.9716
58.9716
58.9716
58.9716
58.9717
58.9717
58.9717
58.9717
58.9716
58.9716
58.9715
58.9715
58.9715
58.9715
58.9716
58.9716
58.9717
58.9716
58.9716
58.9715
58.9714
58.9714
58.9714
58.9714
58.9715
58.9716
58.9716
58.9716
58.9715
58.9714
58.9714
58.9714
58.9714
58.9714
58.9714
58.9715
58.9716
58.9716
58.9715
58.9714
58.9714
58.9713
58.9713
58.9714
58.9714
58.9715
58.9716
58.9716
58.9715
58.9714
58.9714
58.9713
58.9713
58.9714
58.9714
58.9715
58.9716
58.9716
58.9715
58.9714
58.9714
58.9714
58.9714
58.9714
58.9714
58.9715
58.9716
58.9717
58.9716
58.9715
58.9714
58.9714
58.9714
58.9714
58.9715
58.9716
58.9717
58.9717
58.9716
58.9716
58.9715
58.9715
58.9715
58.9715
58.9716
58.9716
58.9717
58.9717
58.9717
58.9716
58.9716
58.9716
58.9716
58.9716
58.9717
58.9717
58.9718
51.1086
51.1086
51.1085
51.1085
51.1085
51.1085
51.1086
51.1086
51.1086
51.1086
51.1086
51.1086
51.1085
51.1085
51.1085
51.1085
51.1085
51.1085
51.1085
51.1086
51.1085
51.1085
51.1085
51.1085
51.1085
51.1085
51.1085
51.1085
51.1085
51.1086
51.1085
51.1085
51.1085
51.1085
51.1084
51.1084
51.1085
51.1085
51.1085
51.1085
51.1085
51.1085
51.1085
51.1084
51.1084
51.1084
51.1084
51.1085
51.1085
51.1085
51.1085
51.1085
51.1085
51.1084
51.1084
51.1084
51.1084
51.1085
51.1085
51.1085
51.1086
51.1085
51.1085
51.1085
51.1084
51.1084
51.1085
51.1085
51.1085
51.1086
51.1086
51.1085
51.1085
51.1085
51.1085
51.1085
51.1085
51.1085
51.1085
51.1086
51.1086
51.1085
51.1085
51.1085
51.1085
51.1085
51.1085
51.1085
51.1086
51.1086
51.1086
51.1086
51.1086
51.1085
51.1085
51.1085
51.1085
51.1086
51.1086
51.1086
43.2453
43.2453
43.2454
43.2454
43.2454
43.2454
43.2454
43.2454
43.2454
43.2454
43.2454
43.2454
43.2454
43.2454
43.2454
43.2454
43.2454
43.2454
43.2454
43.2454
43.2454
43.2454
43.2454
43.2453
43.2453
43.2453
43.2453
43.2454
43.2454
43.2454
43.2454
43.2454
43.2453
43.2453
43.2453
43.2453
43.2453
43.2453
43.2454
43.2454
43.2454
43.2454
43.2453
43.2453
43.2453
43.2453
43.2453
43.2453
43.2454
43.2454
43.2454
43.2454
43.2453
43.2453
43.2453
43.2453
43.2453
43.2453
43.2454
43.2454
43.2454
43.2454
43.2453
43.2453
43.2453
43.2453
43.2453
43.2453
43.2454
43.2454
43.2454
43.2454
43.2454
43.2453
43.2453
43.2453
43.2453
43.2454
43.2454
43.2454
43.2454
43.2454
43.2454
43.2454
43.2454
43.2454
43.2454
43.2454
43.2454
43.2454
43.2454
43.2453
43.2454
43.2454
43.2454
43.2454
43.2454
43.2454
43.2454
43.2454
35.382
35.382
35.382
35.3821
35.3821
35.3821
35.3821
35.382
35.382
35.382
35.382
35.382
35.3821
35.3821
35.3821
35.3821
35.3821
35.3821
35.3821
35.382
35.382
35.3821
35.3821
35.3821
35.3821
35.3821
35.3821
35.3821
35.3821
35.382
35.3821
35.3821
35.3821
35.3821
35.3821
35.3821
35.3821
35.3821
35.3821
35.382
35.3821
35.3821
35.3821
35.3821
35.3821
35.3821
35.3821
35.3821
35.3821
35.3821
35.3821
35.3821
35.3821
35.3821
35.3821
35.3821
35.3821
35.3821
35.3821
35.3821
35.3821
35.3821
35.3821
35.3821
35.3821
35.3821
35.3821
35.3821
35.3821
35.3821
35.382
35.3821
35.3821
35.3821
35.3821
35.3821
35.3821
35.3821
35.3821
35.3821
35.382
35.3821
35.3821
35.3821
35.3821
35.3821
35.3821
35.3821
35.382
35.382
35.382
35.382
35.382
35.382
35.3821
35.3821
35.3821
35.3821
35.382
35.382
27.519
27.519
27.519
27.519
27.519
27.519
27.519
27.519
27.519
27.519
27.519
27.519
27.519
27.519
27.519
27.519
27.519
27.519
27.519
27.519
27.519
27.519
27.519
27.5191
27.5191
27.5191
27.5191
27.519
27.519
27.519
27.519
27.519
27.5191
27.5191
27.5191
27.5191
27.5191
27.5191
27.519
27.519
27.519
27.519
27.5191
27.5191
27.5191
27.5191
27.5191
27.5191
27.519
27.519
27.519
27.519
27.5191
27.5191
27.5191
27.5191
27.5191
27.5191
27.519
27.519
27.519
27.519
27.5191
27.5191
27.5191
27.5191
27.5191
27.5191
27.519
27.519
27.519
27.519
27.519
27.5191
27.5191
27.5191
27.5191
27.519
27.519
27.519
27.519
27.519
27.519
27.519
27.519
27.519
27.519
27.519
27.519
27.519
27.519
27.519
27.519
27.519
27.519
27.519
27.519
27.519
27.519
27.519
19.6559
19.6559
19.6559
19.6559
19.6559
19.6559
19.6559
19.6559
19.6559
19.6559
19.6559
19.6559
19.6559
19.6559
19.6559
19.6559
19.6559
19.6559
19.6559
19.6559
19.6559
19.6559
19.656
19.656
19.656
19.656
19.656
19.656
19.6559
19.6559
19.6559
19.6559
19.656
19.656
19.656
19.656
19.656
19.656
19.6559
19.6559
19.6559
19.6559
19.656
19.656
19.656
19.656
19.656
19.656
19.6559
19.6559
19.6559
19.6559
19.656
19.656
19.656
19.656
19.656
19.656
19.6559
19.6559
19.6559
19.6559
19.656
19.656
19.656
19.656
19.656
19.656
19.6559
19.6559
19.6559
19.6559
19.656
19.656
19.656
19.656
19.656
19.656
19.6559
19.6559
19.6559
19.6559
19.6559
19.6559
19.6559
19.6559
19.6559
19.6559
19.6559
19.6559
19.6559
19.6559
19.6559
19.6559
19.6559
19.6559
19.6559
19.6559
19.6559
19.6559
11.792
11.7921
11.7921
11.7922
11.7922
11.7922
11.7922
11.7921
11.7921
11.792
11.7921
11.7922
11.7922
11.7923
11.7923
11.7923
11.7923
11.7922
11.7922
11.7921
11.7921
11.7922
11.7923
11.7924
11.7924
11.7924
11.7924
11.7923
11.7922
11.7921
11.7922
11.7923
11.7924
11.7924
11.7924
11.7924
11.7924
11.7924
11.7923
11.7922
11.7922
11.7923
11.7924
11.7924
11.7924
11.7924
11.7924
11.7924
11.7923
11.7922
11.7922
11.7923
11.7924
11.7924
11.7924
11.7924
11.7924
11.7924
11.7923
11.7922
11.7922
11.7923
11.7924
11.7924
11.7924
11.7924
11.7924
11.7924
11.7923
11.7922
11.7922
11.7922
11.7923
11.7924
11.7924
11.7924
11.7924
11.7923
11.7922
11.7921
11.7921
11.7922
11.7922
11.7923
11.7923
11.7923
11.7923
11.7922
11.7922
11.7921
11.792
11.7921
11.7921
11.7922
11.7922
11.7922
11.7922
11.7921
11.7921
11.792
3.93036
3.93047
3.93056
3.93062
3.93065
3.93065
3.93062
3.93056
3.93048
3.93036
3.93048
3.93061
3.9307
3.93076
3.9308
3.9308
3.93076
3.9307
3.93061
3.93047
3.93056
3.9307
3.9308
3.93087
3.9309
3.9309
3.93087
3.9308
3.9307
3.93056
3.93062
3.93076
3.93087
3.93093
3.93097
3.93097
3.93093
3.93087
3.93076
3.93062
3.93065
3.9308
3.9309
3.93097
3.931
3.931
3.93097
3.9309
3.9308
3.93065
3.93065
3.9308
3.9309
3.93097
3.931
3.931
3.93097
3.9309
3.9308
3.93065
3.93062
3.93076
3.93087
3.93093
3.93097
3.93097
3.93093
3.93087
3.93076
3.93062
3.93056
3.9307
3.9308
3.93087
3.9309
3.9309
3.93087
3.9308
3.9307
3.93056
3.93048
3.93061
3.9307
3.93076
3.9308
3.9308
3.93076
3.9307
3.93061
3.93047
3.93036
3.93047
3.93056
3.93062
3.93065
3.93065
3.93062
3.93056
3.93047
3.93036
)
;

boundaryField
{
    fixedWalls
    {
        type            zeroGradient;
    }
    inlet
    {
        type            fixedGradient;
        gradient        uniform 0;
    }
    outlet
    {
        type            fixedValue;
        value           uniform 0;
    }
}


// ************************************************************************* //
