/*--------------------------------*- C++ -*----------------------------------*\
| =========                 |                                                 |
| \\      /  F ield         | OpenFOAM: The Open Source CFD Toolbox           |
|  \\    /   O peration     | Version:  2106                                  |
|   \\  /    A nd           | Website:  www.openfoam.com                      |
|    \\/     M anipulation  |                                                 |
\*---------------------------------------------------------------------------*/
FoamFile
{
    version     2.0;
    format      ascii;
    arch        "LSB;label=32;scalar=64";
    class       volScalarField;
    location    "0.17";
    object      p;
}
// * * * * * * * * * * * * * * * * * * * * * * * * * * * * * * * * * * * * * //

dimensions      [0 2 -2 0 0 0 0];

internalField   nonuniform List<scalar> 
10000
(
103.894
103.313
102.948
102.681
102.543
102.543
102.681
102.948
103.313
103.894
94.7481
93.8987
93.3383
92.9424
92.7385
92.7385
92.9424
93.3383
93.8987
94.7481
87.1462
86.168
85.5282
85.0829
84.8544
84.8544
85.0829
85.5282
86.168
87.1462
81.8956
80.8914
80.2429
79.7985
79.5708
79.5708
79.7985
80.2429
80.8914
81.8956
77.962
76.9675
76.3288
75.9
75.6805
75.6805
75.9
76.3288
76.9675
77.962
74.7874
73.8239
73.2044
72.7988
72.5918
72.5918
72.7988
73.2044
73.8239
74.7874
72.1829
71.2723
70.6823
70.3069
70.116
70.116
70.3069
70.6823
71.2723
72.1829
70.0411
69.2067
68.6589
68.3192
68.1472
68.1472
68.3192
68.6589
69.2067
70.0411
68.2771
67.5356
67.0433
66.744
66.5927
66.5927
66.744
67.0433
67.5356
68.2771
66.8996
66.173
65.7461
65.488
65.3573
65.3573
65.488
65.7461
66.173
66.8996
68.0905
68.2612
68.4464
68.5717
68.6365
68.6365
68.5717
68.4464
68.2612
68.0905
68.4658
68.5567
68.6789
68.7577
68.798
68.798
68.7577
68.6789
68.5567
68.4658
68.3919
68.3841
68.4311
68.4562
68.4687
68.4687
68.4562
68.4311
68.3841
68.3919
67.9428
67.8449
67.8235
67.802
67.7903
67.7903
67.802
67.8235
67.8449
67.9428
67.3205
67.1495
67.0707
67.0123
66.9816
66.9816
67.0123
67.0707
67.1495
67.3205
66.6319
66.4068
66.2823
66.1968
66.1523
66.1523
66.1968
66.2823
66.4068
66.6319
65.931
65.6722
65.5154
65.4127
65.3597
65.3597
65.4127
65.5154
65.6722
65.931
65.2481
64.9791
64.8056
64.6956
64.639
64.639
64.6956
64.8056
64.9792
65.2481
64.6129
64.3512
64.1747
64.0652
64.0086
64.0086
64.0652
64.1747
64.3512
64.6129
64.1121
63.7893
63.6158
63.5097
63.4544
63.4544
63.5097
63.6158
63.7894
64.1121
63.4178
63.4016
63.4008
63.396
63.3938
63.3938
63.396
63.4008
63.4016
63.4178
63.7805
63.7601
63.757
63.7496
63.7457
63.7457
63.7496
63.757
63.7601
63.7806
64.0683
64.028
64.012
63.9941
63.9845
63.9845
63.9941
64.012
64.028
64.0683
64.0799
64.0058
63.967
63.9328
63.9146
63.9146
63.9328
63.967
64.0058
64.0799
63.9039
63.7947
63.7313
63.6812
63.6547
63.6547
63.6812
63.7313
63.7947
63.9039
63.6319
63.4927
63.4071
63.3439
63.3107
63.3107
63.3439
63.4071
63.4927
63.6319
63.3113
63.1502
63.0467
62.9744
62.9367
62.9367
62.9744
63.0467
63.1502
63.3113
62.9678
62.7965
62.6821
62.6052
62.5652
62.5652
62.6052
62.6821
62.7965
62.9678
62.6289
62.4565
62.337
62.2591
62.2186
62.2186
62.2591
62.3371
62.4565
62.6289
62.354
62.1367
62.0139
61.9358
61.8952
61.8952
61.9358
62.0139
62.1367
62.354
58.5023
58.5204
58.5434
58.5583
58.5663
58.5663
58.5583
58.5434
58.5204
58.5023
58.676
58.6964
58.722
58.7384
58.7471
58.7471
58.7384
58.722
58.6964
58.676
58.8142
58.8311
58.8552
58.87
58.8779
58.8779
58.87
58.8552
58.8311
58.8142
58.8671
58.8729
58.8894
58.8985
58.9033
58.9033
58.8985
58.8894
58.8729
58.8672
58.8545
58.8458
58.8514
58.8529
58.8536
58.8536
58.8529
58.8514
58.8458
58.8545
58.7981
58.7745
58.7685
58.7623
58.759
58.759
58.7623
58.7685
58.7745
58.7981
58.7109
58.6744
58.6576
58.6448
58.6379
58.6379
58.6448
58.6576
58.6744
58.7109
58.6019
58.557
58.5318
58.514
58.5045
58.5045
58.514
58.5318
58.557
58.6019
58.4851
58.4351
58.4032
58.3816
58.37
58.37
58.3816
58.4032
58.4351
58.4851
58.3943
58.3141
58.2737
58.2474
58.2335
58.2335
58.2474
58.2737
58.3141
58.3943
55.0004
54.9993
55.0001
54.9996
54.9994
54.9994
54.9996
55.0001
54.9993
55.0004
55.0761
55.0777
55.0807
55.0818
55.0823
55.0823
55.0818
55.0807
55.0777
55.0761
55.1512
55.1533
55.1571
55.1584
55.1591
55.1591
55.1584
55.1571
55.1533
55.1512
55.1977
55.1971
55.1993
55.1991
55.199
55.199
55.1991
55.1993
55.1971
55.1977
55.2173
55.212
55.2108
55.2082
55.2067
55.2067
55.2082
55.2108
55.212
55.2173
55.2159
55.2051
55.1998
55.1944
55.1914
55.1914
55.1944
55.1998
55.2051
55.2159
55.1982
55.1819
55.1724
55.1644
55.16
55.16
55.1644
55.1724
55.1819
55.1982
55.168
55.1477
55.1346
55.1244
55.1189
55.1189
55.1244
55.1346
55.1477
55.168
55.1323
55.1089
55.0923
55.0802
55.0737
55.0737
55.0802
55.0923
55.1089
55.1323
55.1056
55.0675
55.0461
55.0316
55.0239
55.0239
55.0316
55.0461
55.0675
55.1056
51.3662
51.3686
51.3716
51.3734
51.3744
51.3744
51.3734
51.3716
51.3686
51.3662
51.3951
51.3987
51.4028
51.4054
51.4067
51.4067
51.4054
51.4028
51.3987
51.3951
51.423
51.4271
51.4319
51.4349
51.4365
51.4365
51.4349
51.4319
51.4271
51.423
51.442
51.4454
51.4499
51.4527
51.4541
51.4541
51.4527
51.45
51.4454
51.442
51.452
51.454
51.4574
51.4593
51.4603
51.4603
51.4593
51.4574
51.454
51.452
51.4543
51.4541
51.456
51.4567
51.4571
51.4571
51.4567
51.456
51.4542
51.4543
51.4498
51.4473
51.4473
51.4468
51.4465
51.4465
51.4468
51.4473
51.4473
51.4498
51.4395
51.4351
51.4334
51.4317
51.4307
51.4307
51.4317
51.4334
51.4351
51.4395
51.4262
51.4201
51.4164
51.4135
51.4119
51.4119
51.4135
51.4164
51.4201
51.4262
51.4169
51.4034
51.3967
51.392
51.3895
51.3895
51.392
51.3967
51.4034
51.4169
47.8527
47.8527
47.8529
47.8529
47.8529
47.8529
47.8529
47.8529
47.8527
47.8527
47.8642
47.8649
47.8656
47.8659
47.8661
47.8661
47.8659
47.8656
47.8649
47.8642
47.8772
47.8782
47.8794
47.8799
47.8802
47.8802
47.8799
47.8794
47.8782
47.8772
47.8877
47.8888
47.89
47.8906
47.8909
47.8909
47.8906
47.89
47.8888
47.8877
47.8954
47.8961
47.8971
47.8975
47.8977
47.8977
47.8975
47.8971
47.8961
47.8954
47.9003
47.9004
47.901
47.9011
47.901
47.901
47.9011
47.901
47.9004
47.9003
47.9026
47.9021
47.9021
47.9017
47.9015
47.9015
47.9017
47.9021
47.9021
47.9027
47.9028
47.9016
47.9009
47.9002
47.8997
47.8997
47.9002
47.9009
47.9016
47.9028
47.9018
47.8998
47.8984
47.8972
47.8964
47.8964
47.8972
47.8984
47.8998
47.9018
47.9022
47.8972
47.8944
47.8924
47.8913
47.8913
47.8924
47.8944
47.8972
47.9022
44.3037
44.3041
44.3046
44.3049
44.3051
44.3051
44.3049
44.3046
44.3041
44.3037
44.308
44.3086
44.3093
44.3098
44.31
44.31
44.3098
44.3093
44.3086
44.308
44.3126
44.3134
44.3143
44.3149
44.3152
44.3152
44.3149
44.3143
44.3134
44.3126
44.3165
44.3174
44.3184
44.319
44.3193
44.3193
44.319
44.3184
44.3174
44.3165
44.3195
44.3203
44.3212
44.3218
44.3221
44.3221
44.3218
44.3212
44.3203
44.3195
44.3215
44.3222
44.3229
44.3234
44.3236
44.3236
44.3234
44.3229
44.3222
44.3215
44.3226
44.3229
44.3235
44.3238
44.3239
44.3239
44.3238
44.3235
44.3229
44.3226
44.3226
44.3227
44.323
44.3231
44.3231
44.3231
44.3231
44.323
44.3227
44.3226
44.3222
44.3219
44.3219
44.3217
44.3216
44.3216
44.3217
44.3219
44.3219
44.3222
44.3223
44.3206
44.3199
44.3193
44.319
44.319
44.3193
44.3199
44.3206
44.3223
40.7673
40.7674
40.7674
40.7674
40.7674
40.7674
40.7674
40.7674
40.7674
40.7673
40.769
40.7691
40.7693
40.7694
40.7694
40.7694
40.7694
40.7693
40.7691
40.769
40.7711
40.7713
40.7716
40.7717
40.7718
40.7718
40.7717
40.7716
40.7713
40.7711
40.7731
40.7734
40.7737
40.7739
40.774
40.774
40.7739
40.7737
40.7734
40.7731
40.7749
40.7752
40.7755
40.7757
40.7758
40.7758
40.7757
40.7755
40.7752
40.7749
40.7764
40.7767
40.777
40.7772
40.7773
40.7773
40.7772
40.777
40.7767
40.7764
40.7776
40.7779
40.7782
40.7783
40.7784
40.7784
40.7783
40.7782
40.7779
40.7776
40.7786
40.7788
40.779
40.7791
40.7791
40.7791
40.7791
40.779
40.7788
40.7786
40.7794
40.7795
40.7796
40.7795
40.7795
40.7795
40.7795
40.7796
40.7795
40.7794
40.7804
40.78
40.7798
40.7796
40.7795
40.7795
40.7796
40.7798
40.78
40.7804
37.2227
37.2228
37.2228
37.2229
37.2229
37.2229
37.2229
37.2228
37.2228
37.2227
37.2233
37.2234
37.2235
37.2236
37.2237
37.2237
37.2236
37.2235
37.2234
37.2233
37.224
37.2242
37.2243
37.2245
37.2245
37.2245
37.2245
37.2243
37.2242
37.224
37.2247
37.2249
37.2251
37.2253
37.2253
37.2253
37.2253
37.2251
37.2249
37.2247
37.2254
37.2256
37.2258
37.226
37.226
37.226
37.226
37.2258
37.2256
37.2254
37.226
37.2262
37.2264
37.2266
37.2266
37.2266
37.2266
37.2264
37.2262
37.226
37.2265
37.2267
37.2269
37.227
37.227
37.227
37.227
37.2269
37.2267
37.2265
37.2268
37.227
37.2272
37.2273
37.2273
37.2273
37.2273
37.2272
37.227
37.2268
37.2271
37.2272
37.2274
37.2274
37.2274
37.2274
37.2274
37.2274
37.2272
37.2271
37.2275
37.2274
37.2274
37.2273
37.2273
37.2273
37.2273
37.2274
37.2274
37.2275
33.6795
33.6796
33.6796
33.6796
33.6796
33.6796
33.6796
33.6796
33.6796
33.6795
33.6798
33.6798
33.6798
33.6798
33.6799
33.6799
33.6798
33.6798
33.6798
33.6798
33.6801
33.6802
33.6802
33.6802
33.6802
33.6802
33.6802
33.6802
33.6802
33.6801
33.6805
33.6806
33.6806
33.6807
33.6807
33.6807
33.6807
33.6806
33.6806
33.6805
33.6809
33.6809
33.681
33.6811
33.6811
33.6811
33.6811
33.681
33.6809
33.6809
33.6812
33.6813
33.6814
33.6815
33.6815
33.6815
33.6815
33.6814
33.6813
33.6812
33.6816
33.6817
33.6818
33.6818
33.6819
33.6819
33.6818
33.6818
33.6817
33.6816
33.6819
33.682
33.6821
33.6822
33.6822
33.6822
33.6822
33.6821
33.682
33.6819
33.6822
33.6823
33.6824
33.6824
33.6825
33.6825
33.6824
33.6824
33.6823
33.6822
33.6826
33.6826
33.6826
33.6826
33.6826
33.6826
33.6826
33.6826
33.6826
33.6826
30.1345
30.1345
30.1346
30.1346
30.1346
30.1346
30.1346
30.1346
30.1345
30.1345
30.1346
30.1346
30.1347
30.1347
30.1347
30.1347
30.1347
30.1347
30.1346
30.1346
30.1347
30.1348
30.1348
30.1348
30.1348
30.1348
30.1348
30.1348
30.1348
30.1347
30.1349
30.1349
30.1349
30.135
30.135
30.135
30.135
30.1349
30.1349
30.1349
30.135
30.135
30.1351
30.1351
30.1351
30.1351
30.1351
30.1351
30.135
30.135
30.1351
30.1352
30.1352
30.1353
30.1353
30.1353
30.1353
30.1352
30.1352
30.1351
30.1353
30.1353
30.1354
30.1354
30.1354
30.1354
30.1354
30.1354
30.1353
30.1353
30.1354
30.1354
30.1355
30.1355
30.1355
30.1355
30.1355
30.1355
30.1354
30.1354
30.1355
30.1356
30.1356
30.1356
30.1356
30.1356
30.1356
30.1356
30.1356
30.1355
30.1356
30.1357
30.1357
30.1357
30.1357
30.1357
30.1357
30.1357
30.1357
30.1356
26.5897
26.5897
26.5897
26.5897
26.5897
26.5897
26.5897
26.5897
26.5897
26.5897
26.5897
26.5897
26.5898
26.5898
26.5898
26.5898
26.5898
26.5898
26.5897
26.5897
26.5898
26.5898
26.5898
26.5898
26.5898
26.5898
26.5898
26.5898
26.5898
26.5898
26.5899
26.5899
26.5899
26.5899
26.5899
26.5899
26.5899
26.5899
26.5899
26.5899
26.5899
26.59
26.59
26.59
26.59
26.59
26.59
26.59
26.59
26.5899
26.59
26.59
26.5901
26.5901
26.5901
26.5901
26.5901
26.5901
26.59
26.59
26.5901
26.5901
26.5902
26.5902
26.5902
26.5902
26.5902
26.5902
26.5901
26.5901
26.5902
26.5902
26.5902
26.5903
26.5903
26.5903
26.5903
26.5902
26.5902
26.5902
26.5903
26.5903
26.5903
26.5904
26.5904
26.5904
26.5904
26.5903
26.5903
26.5903
26.5904
26.5904
26.5904
26.5904
26.5904
26.5904
26.5904
26.5904
26.5904
26.5904
23.0445
23.0445
23.0445
23.0445
23.0445
23.0445
23.0445
23.0445
23.0445
23.0445
23.0445
23.0445
23.0445
23.0445
23.0445
23.0445
23.0445
23.0445
23.0445
23.0445
23.0445
23.0445
23.0445
23.0445
23.0445
23.0445
23.0445
23.0445
23.0445
23.0445
23.0445
23.0445
23.0445
23.0445
23.0445
23.0445
23.0445
23.0445
23.0445
23.0445
23.0445
23.0446
23.0446
23.0446
23.0446
23.0446
23.0446
23.0446
23.0446
23.0445
23.0446
23.0446
23.0446
23.0446
23.0446
23.0446
23.0446
23.0446
23.0446
23.0446
23.0446
23.0446
23.0446
23.0446
23.0446
23.0446
23.0446
23.0446
23.0446
23.0446
23.0446
23.0447
23.0447
23.0447
23.0447
23.0447
23.0447
23.0447
23.0447
23.0446
23.0447
23.0447
23.0447
23.0447
23.0447
23.0447
23.0447
23.0447
23.0447
23.0447
23.0447
23.0447
23.0447
23.0447
23.0447
23.0447
23.0447
23.0447
23.0447
23.0447
19.4993
19.4993
19.4993
19.4993
19.4993
19.4993
19.4993
19.4993
19.4993
19.4993
19.4993
19.4993
19.4993
19.4993
19.4993
19.4993
19.4993
19.4993
19.4993
19.4993
19.4993
19.4993
19.4993
19.4993
19.4993
19.4993
19.4993
19.4993
19.4993
19.4993
19.4993
19.4993
19.4993
19.4993
19.4993
19.4993
19.4993
19.4993
19.4993
19.4993
19.4993
19.4993
19.4993
19.4993
19.4993
19.4993
19.4993
19.4993
19.4993
19.4993
19.4993
19.4993
19.4993
19.4993
19.4993
19.4993
19.4993
19.4993
19.4993
19.4993
19.4993
19.4993
19.4993
19.4993
19.4993
19.4993
19.4993
19.4993
19.4993
19.4993
19.4994
19.4994
19.4994
19.4994
19.4994
19.4994
19.4994
19.4994
19.4994
19.4994
19.4994
19.4994
19.4994
19.4994
19.4994
19.4994
19.4994
19.4994
19.4994
19.4994
19.4994
19.4994
19.4994
19.4994
19.4994
19.4994
19.4994
19.4994
19.4994
19.4994
15.954
15.954
15.954
15.954
15.954
15.954
15.954
15.954
15.954
15.954
15.954
15.954
15.954
15.954
15.954
15.954
15.954
15.954
15.954
15.954
15.954
15.954
15.954
15.954
15.954
15.954
15.954
15.954
15.954
15.954
15.954
15.954
15.954
15.954
15.954
15.954
15.954
15.954
15.954
15.954
15.954
15.954
15.954
15.954
15.954
15.954
15.954
15.954
15.954
15.954
15.954
15.954
15.954
15.954
15.954
15.954
15.954
15.954
15.954
15.954
15.954
15.954
15.954
15.954
15.954
15.954
15.954
15.954
15.954
15.954
15.954
15.954
15.954
15.954
15.954
15.954
15.954
15.954
15.954
15.954
15.954
15.954
15.954
15.954
15.954
15.954
15.954
15.954
15.954
15.954
15.954
15.954
15.954
15.954
15.954
15.954
15.954
15.954
15.954
15.954
12.4087
12.4087
12.4087
12.4087
12.4087
12.4087
12.4087
12.4087
12.4087
12.4087
12.4087
12.4087
12.4087
12.4087
12.4087
12.4087
12.4087
12.4087
12.4087
12.4087
12.4087
12.4087
12.4087
12.4087
12.4087
12.4087
12.4087
12.4087
12.4087
12.4087
12.4087
12.4087
12.4087
12.4087
12.4087
12.4087
12.4087
12.4087
12.4087
12.4087
12.4087
12.4087
12.4087
12.4087
12.4087
12.4087
12.4087
12.4087
12.4087
12.4087
12.4087
12.4087
12.4087
12.4087
12.4087
12.4087
12.4087
12.4087
12.4087
12.4087
12.4087
12.4087
12.4087
12.4087
12.4087
12.4087
12.4087
12.4087
12.4087
12.4087
12.4087
12.4087
12.4087
12.4087
12.4087
12.4087
12.4087
12.4087
12.4087
12.4087
12.4087
12.4087
12.4087
12.4087
12.4087
12.4087
12.4087
12.4087
12.4087
12.4087
12.4087
12.4087
12.4087
12.4087
12.4087
12.4087
12.4087
12.4087
12.4087
12.4087
8.86334
8.86334
8.86334
8.86334
8.86334
8.86334
8.86334
8.86334
8.86334
8.86334
8.86334
8.86334
8.86334
8.86334
8.86334
8.86334
8.86334
8.86334
8.86334
8.86334
8.86333
8.86333
8.86333
8.86333
8.86333
8.86333
8.86333
8.86333
8.86333
8.86333
8.86333
8.86333
8.86333
8.86333
8.86333
8.86333
8.86333
8.86333
8.86333
8.86333
8.86333
8.86333
8.86333
8.86333
8.86333
8.86333
8.86333
8.86333
8.86333
8.86333
8.86333
8.86333
8.86333
8.86333
8.86333
8.86333
8.86333
8.86333
8.86333
8.86333
8.86333
8.86333
8.86333
8.86333
8.86333
8.86333
8.86333
8.86333
8.86333
8.86333
8.86333
8.86333
8.86333
8.86333
8.86333
8.86333
8.86333
8.86333
8.86333
8.86333
8.86332
8.86332
8.86332
8.86332
8.86332
8.86332
8.86332
8.86332
8.86332
8.86332
8.86332
8.86332
8.86332
8.86332
8.86332
8.86332
8.86332
8.86332
8.86332
8.86332
5.31802
5.31801
5.31801
5.31801
5.31801
5.31801
5.31801
5.31801
5.31801
5.31801
5.31801
5.31801
5.31801
5.318
5.318
5.318
5.318
5.318
5.31801
5.31801
5.318
5.318
5.318
5.318
5.318
5.318
5.318
5.318
5.318
5.318
5.318
5.318
5.318
5.318
5.318
5.318
5.318
5.318
5.318
5.318
5.318
5.318
5.318
5.318
5.318
5.318
5.318
5.318
5.318
5.318
5.318
5.318
5.318
5.318
5.318
5.318
5.318
5.318
5.318
5.318
5.318
5.318
5.318
5.318
5.318
5.318
5.318
5.318
5.318
5.318
5.318
5.318
5.318
5.318
5.318
5.318
5.318
5.318
5.318
5.318
5.318
5.318
5.318
5.318
5.318
5.318
5.318
5.318
5.318
5.318
5.318
5.318
5.318
5.318
5.318
5.318
5.318
5.318
5.318
5.31799
1.77269
1.77269
1.77269
1.77269
1.77269
1.77269
1.77269
1.77269
1.77269
1.77269
1.77268
1.77268
1.77268
1.77268
1.77268
1.77268
1.77268
1.77268
1.77268
1.77268
1.77268
1.77268
1.77268
1.77267
1.77267
1.77267
1.77267
1.77268
1.77268
1.77268
1.77267
1.77267
1.77267
1.77267
1.77267
1.77267
1.77267
1.77267
1.77267
1.77267
1.77267
1.77267
1.77267
1.77267
1.77267
1.77267
1.77267
1.77267
1.77267
1.77267
1.77266
1.77266
1.77266
1.77266
1.77266
1.77266
1.77266
1.77266
1.77266
1.77266
1.77266
1.77265
1.77265
1.77265
1.77265
1.77265
1.77265
1.77265
1.77265
1.77266
1.77265
1.77265
1.77265
1.77264
1.77264
1.77264
1.77264
1.77265
1.77265
1.77265
1.77264
1.77264
1.77264
1.77264
1.77264
1.77264
1.77264
1.77264
1.77264
1.77264
1.77263
1.77263
1.77263
1.77263
1.77263
1.77263
1.77263
1.77263
1.77263
1.77263
103.894
103.313
102.948
102.681
102.543
102.543
102.681
102.948
103.313
103.894
94.7481
93.8987
93.3383
92.9424
92.7385
92.7385
92.9424
93.3383
93.8987
94.7481
87.1462
86.168
85.5282
85.0829
84.8544
84.8544
85.0829
85.5282
86.168
87.1462
81.8956
80.8914
80.2429
79.7985
79.5708
79.5708
79.7985
80.2429
80.8914
81.8956
77.962
76.9675
76.3288
75.9
75.6805
75.6805
75.9
76.3289
76.9675
77.962
74.7874
73.8239
73.2044
72.7989
72.5918
72.5918
72.7989
73.2044
73.8239
74.7874
72.1829
71.2723
70.6823
70.3069
70.116
70.116
70.3069
70.6823
71.2723
72.183
70.0411
69.2067
68.6589
68.3192
68.1472
68.1472
68.3192
68.6589
69.2067
70.0411
68.2771
67.5356
67.0433
66.744
66.5927
66.5927
66.744
67.0433
67.5356
68.2771
66.8996
66.1731
65.7461
65.488
65.3573
65.3573
65.488
65.7461
66.1731
66.8996
68.0905
68.2612
68.4464
68.5717
68.6365
68.6365
68.5717
68.4464
68.2613
68.0905
68.4658
68.5567
68.6789
68.7577
68.798
68.798
68.7577
68.6789
68.5567
68.4658
68.3919
68.3841
68.4311
68.4562
68.4687
68.4687
68.4562
68.4311
68.3841
68.3919
67.9428
67.8449
67.8235
67.802
67.7903
67.7903
67.802
67.8235
67.8449
67.9428
67.3205
67.1495
67.0707
67.0123
66.9816
66.9816
67.0123
67.0707
67.1495
67.3205
66.6319
66.4068
66.2823
66.1968
66.1523
66.1523
66.1968
66.2823
66.4068
66.6319
65.931
65.6722
65.5154
65.4128
65.3597
65.3597
65.4128
65.5154
65.6723
65.931
65.2481
64.9792
64.8056
64.6957
64.639
64.639
64.6957
64.8056
64.9792
65.2481
64.6129
64.3512
64.1747
64.0653
64.0086
64.0086
64.0653
64.1747
64.3512
64.6129
64.1121
63.7894
63.6158
63.5097
63.4544
63.4544
63.5097
63.6158
63.7894
64.1121
63.4178
63.4016
63.4008
63.396
63.3938
63.3938
63.396
63.4008
63.4016
63.4178
63.7806
63.7601
63.757
63.7496
63.7457
63.7457
63.7496
63.757
63.7601
63.7806
64.0683
64.028
64.012
63.9941
63.9845
63.9845
63.9941
64.012
64.028
64.0683
64.0799
64.0058
63.967
63.9328
63.9146
63.9146
63.9328
63.967
64.0058
64.0799
63.9039
63.7947
63.7313
63.6812
63.6547
63.6547
63.6812
63.7313
63.7947
63.9039
63.6319
63.4927
63.4071
63.3439
63.3107
63.3107
63.3439
63.4071
63.4927
63.6319
63.3113
63.1502
63.0467
62.9744
62.9367
62.9367
62.9745
63.0467
63.1502
63.3113
62.9678
62.7966
62.6821
62.6053
62.5653
62.5653
62.6053
62.6821
62.7966
62.9678
62.6289
62.4565
62.3371
62.2592
62.2186
62.2186
62.2592
62.3371
62.4565
62.6289
62.354
62.1367
62.0139
61.9358
61.8952
61.8952
61.9358
62.0139
62.1367
62.354
58.5023
58.5204
58.5434
58.5584
58.5663
58.5663
58.5584
58.5434
58.5204
58.5023
58.676
58.6964
58.722
58.7384
58.7472
58.7472
58.7385
58.722
58.6964
58.676
58.8142
58.8311
58.8552
58.87
58.8779
58.8779
58.87
58.8552
58.8311
58.8143
58.8672
58.8729
58.8894
58.8985
58.9033
58.9033
58.8985
58.8894
58.8729
58.8672
58.8545
58.8458
58.8514
58.8529
58.8537
58.8537
58.8529
58.8514
58.8458
58.8545
58.7981
58.7745
58.7685
58.7623
58.759
58.759
58.7623
58.7685
58.7745
58.7981
58.7109
58.6744
58.6576
58.6448
58.6379
58.6379
58.6448
58.6576
58.6744
58.7109
58.6019
58.557
58.5318
58.514
58.5045
58.5045
58.514
58.5318
58.557
58.6019
58.4851
58.4351
58.4032
58.3816
58.37
58.37
58.3816
58.4032
58.4351
58.4851
58.3943
58.3141
58.2737
58.2474
58.2335
58.2335
58.2474
58.2737
58.3142
58.3943
55.0004
54.9994
55.0001
54.9996
54.9994
54.9994
54.9996
55.0001
54.9994
55.0004
55.0761
55.0777
55.0807
55.0818
55.0823
55.0823
55.0818
55.0807
55.0777
55.0761
55.1512
55.1533
55.1571
55.1584
55.1591
55.1591
55.1584
55.1571
55.1533
55.1512
55.1977
55.1971
55.1993
55.1991
55.199
55.199
55.1991
55.1993
55.1971
55.1977
55.2173
55.212
55.2108
55.2082
55.2067
55.2067
55.2082
55.2108
55.212
55.2173
55.2159
55.2051
55.1998
55.1944
55.1914
55.1914
55.1944
55.1998
55.2051
55.2159
55.1982
55.1819
55.1724
55.1644
55.16
55.16
55.1644
55.1724
55.1819
55.1982
55.168
55.1477
55.1346
55.1244
55.1189
55.1189
55.1245
55.1346
55.1477
55.168
55.1323
55.1089
55.0923
55.0802
55.0737
55.0737
55.0802
55.0923
55.1089
55.1323
55.1056
55.0675
55.0461
55.0316
55.0239
55.0239
55.0316
55.0461
55.0675
55.1056
51.3662
51.3686
51.3716
51.3734
51.3744
51.3744
51.3734
51.3716
51.3686
51.3662
51.3951
51.3987
51.4028
51.4054
51.4067
51.4067
51.4054
51.4028
51.3987
51.3951
51.423
51.4271
51.4319
51.4349
51.4365
51.4365
51.4349
51.4319
51.4271
51.423
51.442
51.4454
51.45
51.4527
51.4541
51.4541
51.4527
51.45
51.4454
51.442
51.452
51.454
51.4574
51.4593
51.4603
51.4603
51.4593
51.4574
51.454
51.452
51.4543
51.4542
51.456
51.4567
51.4571
51.4571
51.4567
51.456
51.4542
51.4544
51.4498
51.4473
51.4473
51.4468
51.4465
51.4465
51.4468
51.4473
51.4473
51.4498
51.4395
51.4351
51.4334
51.4317
51.4307
51.4307
51.4317
51.4334
51.4351
51.4395
51.4262
51.4201
51.4164
51.4135
51.4119
51.4119
51.4135
51.4164
51.4201
51.4262
51.4169
51.4034
51.3967
51.392
51.3895
51.3895
51.392
51.3967
51.4034
51.4169
47.8527
47.8527
47.8529
47.8529
47.8529
47.8529
47.8529
47.8529
47.8527
47.8527
47.8642
47.8649
47.8656
47.8659
47.8661
47.8661
47.8659
47.8656
47.8649
47.8642
47.8772
47.8782
47.8794
47.8799
47.8802
47.8802
47.8799
47.8794
47.8782
47.8772
47.8877
47.8888
47.89
47.8906
47.8909
47.8909
47.8906
47.89
47.8888
47.8877
47.8954
47.8961
47.8971
47.8975
47.8977
47.8977
47.8975
47.8971
47.8961
47.8954
47.9003
47.9004
47.901
47.9011
47.901
47.901
47.9011
47.901
47.9004
47.9003
47.9027
47.9021
47.9021
47.9017
47.9015
47.9015
47.9017
47.9021
47.9021
47.9027
47.9028
47.9016
47.901
47.9002
47.8997
47.8997
47.9002
47.901
47.9016
47.9028
47.9018
47.8998
47.8984
47.8972
47.8964
47.8964
47.8972
47.8984
47.8998
47.9018
47.9022
47.8972
47.8944
47.8924
47.8913
47.8913
47.8924
47.8944
47.8972
47.9022
44.3037
44.3041
44.3046
44.3049
44.3051
44.3051
44.3049
44.3046
44.3041
44.3037
44.308
44.3086
44.3093
44.3098
44.31
44.31
44.3098
44.3093
44.3086
44.308
44.3126
44.3134
44.3143
44.3149
44.3152
44.3152
44.3149
44.3143
44.3134
44.3126
44.3165
44.3174
44.3184
44.319
44.3193
44.3193
44.319
44.3184
44.3174
44.3165
44.3195
44.3203
44.3212
44.3218
44.3221
44.3221
44.3218
44.3212
44.3203
44.3195
44.3215
44.3222
44.3229
44.3234
44.3236
44.3236
44.3234
44.3229
44.3222
44.3215
44.3226
44.3229
44.3235
44.3238
44.3239
44.3239
44.3238
44.3235
44.3229
44.3226
44.3226
44.3227
44.323
44.3231
44.3231
44.3231
44.3231
44.323
44.3227
44.3226
44.3222
44.3219
44.3219
44.3217
44.3216
44.3216
44.3217
44.3219
44.3219
44.3222
44.3223
44.3206
44.3199
44.3193
44.319
44.319
44.3193
44.3199
44.3206
44.3223
40.7673
40.7674
40.7674
40.7674
40.7674
40.7674
40.7674
40.7674
40.7674
40.7673
40.769
40.7691
40.7693
40.7694
40.7694
40.7694
40.7694
40.7693
40.7691
40.769
40.7711
40.7713
40.7716
40.7717
40.7718
40.7718
40.7717
40.7716
40.7713
40.7711
40.7731
40.7734
40.7737
40.7739
40.774
40.774
40.7739
40.7737
40.7734
40.7731
40.7749
40.7752
40.7755
40.7757
40.7758
40.7758
40.7757
40.7755
40.7752
40.7749
40.7764
40.7767
40.777
40.7772
40.7773
40.7773
40.7772
40.777
40.7767
40.7764
40.7776
40.7779
40.7782
40.7783
40.7784
40.7784
40.7783
40.7782
40.7779
40.7776
40.7786
40.7788
40.779
40.7791
40.7791
40.7791
40.7791
40.779
40.7788
40.7786
40.7794
40.7795
40.7796
40.7795
40.7795
40.7795
40.7795
40.7796
40.7795
40.7794
40.7804
40.78
40.7798
40.7796
40.7795
40.7795
40.7796
40.7798
40.78
40.7804
37.2227
37.2228
37.2228
37.2229
37.2229
37.2229
37.2229
37.2228
37.2228
37.2227
37.2233
37.2234
37.2235
37.2236
37.2237
37.2237
37.2236
37.2235
37.2234
37.2233
37.224
37.2242
37.2243
37.2245
37.2245
37.2245
37.2245
37.2243
37.2242
37.224
37.2247
37.2249
37.2251
37.2253
37.2253
37.2253
37.2253
37.2251
37.2249
37.2247
37.2254
37.2256
37.2258
37.226
37.226
37.226
37.226
37.2258
37.2256
37.2254
37.226
37.2262
37.2264
37.2266
37.2266
37.2266
37.2266
37.2264
37.2262
37.226
37.2265
37.2267
37.2269
37.227
37.227
37.227
37.227
37.2269
37.2267
37.2265
37.2268
37.227
37.2272
37.2273
37.2273
37.2273
37.2273
37.2272
37.227
37.2268
37.2271
37.2272
37.2274
37.2274
37.2274
37.2274
37.2274
37.2274
37.2272
37.2271
37.2275
37.2274
37.2274
37.2273
37.2273
37.2273
37.2273
37.2274
37.2274
37.2275
33.6795
33.6796
33.6796
33.6796
33.6796
33.6796
33.6796
33.6796
33.6796
33.6795
33.6798
33.6798
33.6798
33.6798
33.6799
33.6799
33.6798
33.6798
33.6798
33.6798
33.6801
33.6802
33.6802
33.6802
33.6802
33.6802
33.6802
33.6802
33.6802
33.6801
33.6805
33.6806
33.6806
33.6807
33.6807
33.6807
33.6807
33.6806
33.6806
33.6805
33.6809
33.6809
33.681
33.6811
33.6811
33.6811
33.6811
33.681
33.6809
33.6809
33.6812
33.6813
33.6814
33.6815
33.6815
33.6815
33.6815
33.6814
33.6813
33.6812
33.6816
33.6817
33.6818
33.6818
33.6819
33.6819
33.6818
33.6818
33.6817
33.6816
33.6819
33.682
33.6821
33.6822
33.6822
33.6822
33.6822
33.6821
33.682
33.6819
33.6822
33.6823
33.6824
33.6824
33.6825
33.6825
33.6824
33.6824
33.6823
33.6822
33.6826
33.6826
33.6826
33.6826
33.6826
33.6826
33.6826
33.6826
33.6826
33.6826
30.1345
30.1345
30.1346
30.1346
30.1346
30.1346
30.1346
30.1346
30.1345
30.1345
30.1346
30.1346
30.1347
30.1347
30.1347
30.1347
30.1347
30.1347
30.1346
30.1346
30.1347
30.1348
30.1348
30.1348
30.1348
30.1348
30.1348
30.1348
30.1348
30.1347
30.1349
30.1349
30.1349
30.135
30.135
30.135
30.135
30.1349
30.1349
30.1349
30.135
30.135
30.1351
30.1351
30.1351
30.1351
30.1351
30.1351
30.135
30.135
30.1351
30.1352
30.1352
30.1353
30.1353
30.1353
30.1353
30.1352
30.1352
30.1351
30.1353
30.1353
30.1354
30.1354
30.1354
30.1354
30.1354
30.1354
30.1353
30.1353
30.1354
30.1354
30.1355
30.1355
30.1355
30.1355
30.1355
30.1355
30.1354
30.1354
30.1355
30.1356
30.1356
30.1356
30.1356
30.1356
30.1356
30.1356
30.1356
30.1355
30.1356
30.1357
30.1357
30.1357
30.1357
30.1357
30.1357
30.1357
30.1357
30.1356
26.5897
26.5897
26.5897
26.5897
26.5897
26.5897
26.5897
26.5897
26.5897
26.5897
26.5897
26.5897
26.5898
26.5898
26.5898
26.5898
26.5898
26.5898
26.5897
26.5897
26.5898
26.5898
26.5898
26.5898
26.5898
26.5898
26.5898
26.5898
26.5898
26.5898
26.5899
26.5899
26.5899
26.5899
26.5899
26.5899
26.5899
26.5899
26.5899
26.5899
26.5899
26.59
26.59
26.59
26.59
26.59
26.59
26.59
26.59
26.5899
26.59
26.59
26.5901
26.5901
26.5901
26.5901
26.5901
26.5901
26.59
26.59
26.5901
26.5901
26.5902
26.5902
26.5902
26.5902
26.5902
26.5902
26.5901
26.5901
26.5902
26.5902
26.5902
26.5903
26.5903
26.5903
26.5903
26.5902
26.5902
26.5902
26.5903
26.5903
26.5903
26.5904
26.5904
26.5904
26.5904
26.5903
26.5903
26.5903
26.5904
26.5904
26.5904
26.5904
26.5904
26.5904
26.5904
26.5904
26.5904
26.5904
23.0445
23.0445
23.0445
23.0445
23.0445
23.0445
23.0445
23.0445
23.0445
23.0445
23.0445
23.0445
23.0445
23.0445
23.0445
23.0445
23.0445
23.0445
23.0445
23.0445
23.0445
23.0445
23.0445
23.0445
23.0445
23.0445
23.0445
23.0445
23.0445
23.0445
23.0445
23.0445
23.0445
23.0445
23.0445
23.0445
23.0445
23.0445
23.0445
23.0445
23.0445
23.0446
23.0446
23.0446
23.0446
23.0446
23.0446
23.0446
23.0446
23.0445
23.0446
23.0446
23.0446
23.0446
23.0446
23.0446
23.0446
23.0446
23.0446
23.0446
23.0446
23.0446
23.0446
23.0446
23.0446
23.0446
23.0446
23.0446
23.0446
23.0446
23.0446
23.0447
23.0447
23.0447
23.0447
23.0447
23.0447
23.0447
23.0447
23.0446
23.0447
23.0447
23.0447
23.0447
23.0447
23.0447
23.0447
23.0447
23.0447
23.0447
23.0447
23.0447
23.0447
23.0447
23.0447
23.0447
23.0447
23.0447
23.0447
23.0447
19.4993
19.4993
19.4993
19.4993
19.4993
19.4993
19.4993
19.4993
19.4993
19.4993
19.4993
19.4993
19.4993
19.4993
19.4993
19.4993
19.4993
19.4993
19.4993
19.4993
19.4993
19.4993
19.4993
19.4993
19.4993
19.4993
19.4993
19.4993
19.4993
19.4993
19.4993
19.4993
19.4993
19.4993
19.4993
19.4993
19.4993
19.4993
19.4993
19.4993
19.4993
19.4993
19.4993
19.4993
19.4993
19.4993
19.4993
19.4993
19.4993
19.4993
19.4993
19.4993
19.4993
19.4993
19.4993
19.4993
19.4993
19.4993
19.4993
19.4993
19.4993
19.4993
19.4993
19.4993
19.4993
19.4993
19.4993
19.4993
19.4993
19.4993
19.4994
19.4994
19.4994
19.4994
19.4994
19.4994
19.4994
19.4994
19.4994
19.4994
19.4994
19.4994
19.4994
19.4994
19.4994
19.4994
19.4994
19.4994
19.4994
19.4994
19.4994
19.4994
19.4994
19.4994
19.4994
19.4994
19.4994
19.4994
19.4994
19.4994
15.954
15.954
15.954
15.954
15.954
15.954
15.954
15.954
15.954
15.954
15.954
15.954
15.954
15.954
15.954
15.954
15.954
15.954
15.954
15.954
15.954
15.954
15.954
15.954
15.954
15.954
15.954
15.954
15.954
15.954
15.954
15.954
15.954
15.954
15.954
15.954
15.954
15.954
15.954
15.954
15.954
15.954
15.954
15.954
15.954
15.954
15.954
15.954
15.954
15.954
15.954
15.954
15.954
15.954
15.954
15.954
15.954
15.954
15.954
15.954
15.954
15.954
15.954
15.954
15.954
15.954
15.954
15.954
15.954
15.954
15.954
15.954
15.954
15.954
15.954
15.954
15.954
15.954
15.954
15.954
15.954
15.954
15.954
15.954
15.954
15.954
15.954
15.954
15.954
15.954
15.954
15.954
15.954
15.954
15.954
15.954
15.954
15.954
15.954
15.954
12.4087
12.4087
12.4087
12.4087
12.4087
12.4087
12.4087
12.4087
12.4087
12.4087
12.4087
12.4087
12.4087
12.4087
12.4087
12.4087
12.4087
12.4087
12.4087
12.4087
12.4087
12.4087
12.4087
12.4087
12.4087
12.4087
12.4087
12.4087
12.4087
12.4087
12.4087
12.4087
12.4087
12.4087
12.4087
12.4087
12.4087
12.4087
12.4087
12.4087
12.4087
12.4087
12.4087
12.4087
12.4087
12.4087
12.4087
12.4087
12.4087
12.4087
12.4087
12.4087
12.4087
12.4087
12.4087
12.4087
12.4087
12.4087
12.4087
12.4087
12.4087
12.4087
12.4087
12.4087
12.4087
12.4087
12.4087
12.4087
12.4087
12.4087
12.4087
12.4087
12.4087
12.4087
12.4087
12.4087
12.4087
12.4087
12.4087
12.4087
12.4087
12.4087
12.4087
12.4087
12.4087
12.4087
12.4087
12.4087
12.4087
12.4087
12.4087
12.4087
12.4087
12.4087
12.4087
12.4087
12.4087
12.4087
12.4087
12.4087
8.86334
8.86334
8.86334
8.86334
8.86334
8.86334
8.86334
8.86334
8.86334
8.86334
8.86334
8.86334
8.86334
8.86334
8.86333
8.86333
8.86333
8.86334
8.86334
8.86334
8.86333
8.86333
8.86333
8.86333
8.86333
8.86333
8.86333
8.86333
8.86333
8.86333
8.86333
8.86333
8.86333
8.86333
8.86333
8.86333
8.86333
8.86333
8.86333
8.86333
8.86333
8.86333
8.86333
8.86333
8.86333
8.86333
8.86333
8.86333
8.86333
8.86333
8.86333
8.86333
8.86333
8.86333
8.86333
8.86333
8.86333
8.86333
8.86333
8.86333
8.86333
8.86333
8.86333
8.86333
8.86333
8.86333
8.86333
8.86333
8.86333
8.86333
8.86333
8.86333
8.86332
8.86332
8.86332
8.86332
8.86332
8.86332
8.86332
8.86332
8.86332
8.86332
8.86332
8.86332
8.86332
8.86332
8.86332
8.86332
8.86332
8.86332
8.86332
8.86332
8.86332
8.86332
8.86332
8.86332
8.86332
8.86332
8.86332
8.86332
5.31801
5.31801
5.31801
5.31801
5.31801
5.31801
5.31801
5.31801
5.31801
5.31801
5.318
5.318
5.318
5.318
5.318
5.318
5.318
5.318
5.318
5.318
5.318
5.318
5.318
5.318
5.318
5.318
5.318
5.318
5.318
5.318
5.318
5.318
5.318
5.318
5.318
5.318
5.318
5.318
5.318
5.318
5.318
5.318
5.318
5.318
5.318
5.318
5.318
5.318
5.318
5.318
5.318
5.318
5.318
5.318
5.318
5.318
5.318
5.318
5.318
5.318
5.318
5.318
5.318
5.318
5.318
5.318
5.318
5.318
5.318
5.318
5.318
5.318
5.318
5.318
5.318
5.318
5.318
5.318
5.318
5.318
5.318
5.318
5.318
5.318
5.318
5.31799
5.31799
5.31799
5.31799
5.318
5.31799
5.318
5.318
5.31799
5.31799
5.31799
5.31799
5.31799
5.31799
5.31799
1.77269
1.77269
1.77269
1.77269
1.77269
1.77269
1.77269
1.77269
1.77269
1.77269
1.77268
1.77268
1.77268
1.77268
1.77268
1.77268
1.77268
1.77268
1.77268
1.77268
1.77268
1.77268
1.77268
1.77267
1.77267
1.77267
1.77267
1.77268
1.77268
1.77268
1.77267
1.77267
1.77267
1.77267
1.77267
1.77267
1.77267
1.77267
1.77267
1.77267
1.77267
1.77267
1.77267
1.77267
1.77267
1.77267
1.77267
1.77267
1.77267
1.77267
1.77266
1.77266
1.77266
1.77266
1.77266
1.77266
1.77266
1.77266
1.77266
1.77266
1.77266
1.77265
1.77265
1.77265
1.77265
1.77265
1.77265
1.77265
1.77265
1.77266
1.77265
1.77265
1.77265
1.77264
1.77264
1.77264
1.77264
1.77265
1.77265
1.77265
1.77264
1.77264
1.77264
1.77264
1.77264
1.77264
1.77264
1.77264
1.77264
1.77264
1.77263
1.77263
1.77263
1.77263
1.77263
1.77263
1.77263
1.77263
1.77263
1.77263
103.894
103.313
102.948
102.681
102.543
102.543
102.681
102.948
103.313
103.894
94.7481
93.8987
93.3383
92.9424
92.7385
92.7385
92.9424
93.3383
93.8987
94.7481
87.1462
86.168
85.5282
85.0829
84.8544
84.8544
85.0829
85.5282
86.168
87.1462
81.8956
80.8914
80.2429
79.7985
79.5708
79.5708
79.7985
80.2429
80.8914
81.8956
77.962
76.9675
76.3289
75.9
75.6805
75.6805
75.9
76.3288
76.9675
77.962
74.7874
73.8239
73.2044
72.7989
72.5918
72.5918
72.7989
73.2044
73.8239
74.7874
72.183
71.2723
70.6823
70.3069
70.116
70.116
70.3069
70.6823
71.2723
72.1829
70.0411
69.2067
68.6589
68.3192
68.1472
68.1472
68.3192
68.6589
69.2067
70.0411
68.2771
67.5356
67.0433
66.744
66.5927
66.5927
66.744
67.0433
67.5356
68.2771
66.8996
66.1731
65.7461
65.488
65.3573
65.3573
65.488
65.7461
66.1731
66.8996
68.0905
68.2613
68.4464
68.5717
68.6365
68.6365
68.5717
68.4464
68.2612
68.0905
68.4658
68.5567
68.6789
68.7577
68.798
68.798
68.7577
68.6789
68.5567
68.4658
68.3919
68.3841
68.4311
68.4563
68.4687
68.4687
68.4562
68.4311
68.3841
68.3919
67.9428
67.8449
67.8235
67.802
67.7903
67.7903
67.802
67.8235
67.8449
67.9428
67.3205
67.1495
67.0707
67.0123
66.9816
66.9816
67.0123
67.0707
67.1495
67.3205
66.6319
66.4068
66.2823
66.1968
66.1523
66.1523
66.1968
66.2823
66.4068
66.6319
65.931
65.6723
65.5154
65.4128
65.3597
65.3597
65.4128
65.5154
65.6722
65.931
65.2481
64.9792
64.8056
64.6957
64.639
64.639
64.6957
64.8056
64.9792
65.2481
64.6129
64.3512
64.1747
64.0653
64.0087
64.0086
64.0653
64.1747
64.3512
64.6129
64.1121
63.7894
63.6158
63.5097
63.4544
63.4544
63.5097
63.6158
63.7894
64.1121
63.4178
63.4016
63.4008
63.3961
63.3938
63.3938
63.396
63.4008
63.4016
63.4178
63.7806
63.7601
63.757
63.7496
63.7457
63.7457
63.7496
63.757
63.7601
63.7806
64.0683
64.028
64.012
63.9941
63.9845
63.9845
63.9941
64.012
64.028
64.0683
64.0799
64.0058
63.967
63.9328
63.9146
63.9146
63.9328
63.967
64.0058
64.0799
63.9039
63.7947
63.7313
63.6812
63.6547
63.6547
63.6812
63.7313
63.7947
63.9039
63.6319
63.4927
63.4071
63.3439
63.3107
63.3107
63.3439
63.4071
63.4927
63.6319
63.3113
63.1502
63.0467
62.9745
62.9367
62.9367
62.9744
63.0467
63.1502
63.3113
62.9678
62.7966
62.6821
62.6053
62.5653
62.5653
62.6053
62.6821
62.7966
62.9678
62.6289
62.4565
62.3371
62.2592
62.2186
62.2186
62.2592
62.3371
62.4565
62.6289
62.354
62.1367
62.0139
61.9358
61.8952
61.8952
61.9358
62.0139
62.1367
62.354
58.5023
58.5204
58.5434
58.5584
58.5663
58.5663
58.5584
58.5434
58.5204
58.5023
58.676
58.6964
58.722
58.7385
58.7472
58.7472
58.7384
58.722
58.6964
58.676
58.8143
58.8311
58.8552
58.87
58.8779
58.8779
58.87
58.8552
58.8311
58.8142
58.8672
58.8729
58.8894
58.8985
58.9033
58.9033
58.8985
58.8894
58.8729
58.8672
58.8545
58.8458
58.8514
58.8529
58.8537
58.8537
58.8529
58.8514
58.8458
58.8545
58.7981
58.7745
58.7685
58.7623
58.759
58.759
58.7623
58.7685
58.7745
58.7981
58.7109
58.6744
58.6576
58.6448
58.6379
58.6379
58.6448
58.6576
58.6744
58.7109
58.6019
58.557
58.5318
58.514
58.5045
58.5045
58.514
58.5318
58.557
58.6019
58.4851
58.4351
58.4032
58.3816
58.37
58.37
58.3816
58.4032
58.4351
58.4851
58.3943
58.3142
58.2737
58.2474
58.2335
58.2335
58.2474
58.2737
58.3142
58.3943
55.0004
54.9994
55.0001
54.9996
54.9994
54.9994
54.9996
55.0001
54.9994
55.0004
55.0761
55.0777
55.0807
55.0818
55.0823
55.0823
55.0818
55.0807
55.0777
55.0761
55.1512
55.1533
55.1571
55.1584
55.1591
55.1591
55.1584
55.1571
55.1533
55.1512
55.1977
55.1971
55.1993
55.1991
55.199
55.199
55.1991
55.1993
55.1971
55.1977
55.2173
55.212
55.2108
55.2082
55.2067
55.2067
55.2082
55.2108
55.212
55.2173
55.2159
55.2051
55.1998
55.1944
55.1914
55.1914
55.1944
55.1998
55.2051
55.2159
55.1982
55.1819
55.1724
55.1644
55.16
55.16
55.1644
55.1724
55.1819
55.1982
55.168
55.1477
55.1346
55.1245
55.1189
55.1189
55.1244
55.1346
55.1477
55.168
55.1323
55.1089
55.0923
55.0802
55.0737
55.0737
55.0802
55.0923
55.1089
55.1323
55.1056
55.0675
55.0461
55.0316
55.0239
55.0239
55.0316
55.0461
55.0675
55.1056
51.3662
51.3686
51.3716
51.3734
51.3744
51.3744
51.3734
51.3716
51.3686
51.3662
51.3951
51.3987
51.4028
51.4054
51.4067
51.4067
51.4054
51.4028
51.3987
51.3951
51.423
51.4271
51.4319
51.4349
51.4365
51.4365
51.4349
51.4319
51.4271
51.423
51.442
51.4454
51.45
51.4527
51.4541
51.4541
51.4527
51.45
51.4454
51.442
51.452
51.454
51.4574
51.4593
51.4603
51.4603
51.4593
51.4574
51.454
51.452
51.4544
51.4542
51.456
51.4567
51.4571
51.4571
51.4567
51.456
51.4542
51.4543
51.4498
51.4473
51.4473
51.4468
51.4465
51.4465
51.4468
51.4473
51.4473
51.4498
51.4395
51.4351
51.4334
51.4317
51.4307
51.4307
51.4317
51.4334
51.4351
51.4395
51.4262
51.4201
51.4164
51.4135
51.4119
51.4119
51.4135
51.4164
51.4201
51.4262
51.4169
51.4034
51.3967
51.392
51.3895
51.3895
51.392
51.3967
51.4034
51.4169
47.8527
47.8527
47.8529
47.8529
47.8529
47.8529
47.8529
47.8529
47.8527
47.8527
47.8642
47.8649
47.8656
47.8659
47.8661
47.8661
47.8659
47.8656
47.8649
47.8642
47.8772
47.8782
47.8794
47.8799
47.8802
47.8802
47.8799
47.8794
47.8782
47.8772
47.8877
47.8888
47.89
47.8906
47.8909
47.8909
47.8906
47.89
47.8888
47.8877
47.8954
47.8961
47.8971
47.8975
47.8977
47.8977
47.8975
47.8971
47.8961
47.8954
47.9003
47.9004
47.901
47.9011
47.901
47.901
47.9011
47.901
47.9004
47.9003
47.9027
47.9021
47.9021
47.9017
47.9015
47.9015
47.9017
47.9021
47.9021
47.9027
47.9028
47.9016
47.901
47.9002
47.8997
47.8997
47.9002
47.901
47.9016
47.9028
47.9018
47.8998
47.8984
47.8972
47.8964
47.8964
47.8972
47.8984
47.8998
47.9018
47.9022
47.8972
47.8944
47.8924
47.8913
47.8913
47.8924
47.8944
47.8972
47.9022
44.3037
44.3041
44.3046
44.3049
44.3051
44.3051
44.3049
44.3046
44.3041
44.3037
44.308
44.3086
44.3093
44.3098
44.31
44.31
44.3098
44.3093
44.3086
44.308
44.3126
44.3134
44.3143
44.3149
44.3152
44.3152
44.3149
44.3143
44.3134
44.3126
44.3165
44.3174
44.3184
44.319
44.3193
44.3193
44.319
44.3184
44.3174
44.3165
44.3195
44.3203
44.3212
44.3218
44.3221
44.3221
44.3218
44.3212
44.3203
44.3195
44.3215
44.3222
44.3229
44.3234
44.3236
44.3236
44.3234
44.3229
44.3222
44.3215
44.3226
44.3229
44.3235
44.3238
44.3239
44.3239
44.3238
44.3235
44.3229
44.3226
44.3226
44.3227
44.323
44.3231
44.3231
44.3231
44.3231
44.323
44.3227
44.3226
44.3222
44.3219
44.3219
44.3217
44.3216
44.3216
44.3217
44.3219
44.3219
44.3222
44.3223
44.3206
44.3199
44.3193
44.319
44.319
44.3193
44.3199
44.3206
44.3223
40.7673
40.7674
40.7674
40.7674
40.7674
40.7674
40.7674
40.7674
40.7674
40.7673
40.769
40.7691
40.7693
40.7694
40.7694
40.7694
40.7694
40.7693
40.7691
40.769
40.7711
40.7713
40.7716
40.7717
40.7718
40.7718
40.7717
40.7716
40.7713
40.7711
40.7731
40.7734
40.7737
40.7739
40.774
40.774
40.7739
40.7737
40.7734
40.7731
40.7749
40.7752
40.7755
40.7757
40.7758
40.7758
40.7757
40.7755
40.7752
40.7749
40.7764
40.7767
40.777
40.7772
40.7773
40.7773
40.7772
40.777
40.7767
40.7764
40.7776
40.7779
40.7782
40.7783
40.7784
40.7784
40.7783
40.7782
40.7779
40.7776
40.7786
40.7788
40.779
40.7791
40.7791
40.7791
40.7791
40.779
40.7788
40.7786
40.7794
40.7795
40.7796
40.7795
40.7795
40.7795
40.7795
40.7796
40.7795
40.7794
40.7804
40.78
40.7798
40.7796
40.7795
40.7795
40.7796
40.7798
40.78
40.7804
37.2227
37.2228
37.2228
37.2229
37.2229
37.2229
37.2229
37.2228
37.2228
37.2227
37.2233
37.2234
37.2235
37.2236
37.2237
37.2237
37.2236
37.2235
37.2234
37.2233
37.224
37.2242
37.2243
37.2245
37.2245
37.2245
37.2245
37.2243
37.2242
37.224
37.2247
37.2249
37.2251
37.2253
37.2253
37.2253
37.2253
37.2251
37.2249
37.2247
37.2254
37.2256
37.2258
37.226
37.226
37.226
37.226
37.2258
37.2256
37.2254
37.226
37.2262
37.2264
37.2266
37.2266
37.2266
37.2266
37.2264
37.2262
37.226
37.2265
37.2267
37.2269
37.227
37.227
37.227
37.227
37.2269
37.2267
37.2265
37.2268
37.227
37.2272
37.2273
37.2273
37.2273
37.2273
37.2272
37.227
37.2268
37.2271
37.2272
37.2274
37.2274
37.2274
37.2274
37.2274
37.2274
37.2272
37.2271
37.2275
37.2274
37.2274
37.2273
37.2273
37.2273
37.2273
37.2274
37.2274
37.2275
33.6795
33.6796
33.6796
33.6796
33.6796
33.6796
33.6796
33.6796
33.6796
33.6795
33.6798
33.6798
33.6798
33.6798
33.6799
33.6799
33.6798
33.6798
33.6798
33.6798
33.6801
33.6802
33.6802
33.6802
33.6802
33.6802
33.6802
33.6802
33.6802
33.6801
33.6805
33.6806
33.6806
33.6807
33.6807
33.6807
33.6807
33.6806
33.6806
33.6805
33.6809
33.6809
33.681
33.6811
33.6811
33.6811
33.6811
33.681
33.6809
33.6809
33.6812
33.6813
33.6814
33.6815
33.6815
33.6815
33.6815
33.6814
33.6813
33.6812
33.6816
33.6817
33.6818
33.6818
33.6819
33.6819
33.6818
33.6818
33.6817
33.6816
33.6819
33.682
33.6821
33.6822
33.6822
33.6822
33.6822
33.6821
33.682
33.6819
33.6822
33.6823
33.6824
33.6824
33.6825
33.6825
33.6824
33.6824
33.6823
33.6822
33.6826
33.6826
33.6826
33.6826
33.6826
33.6826
33.6826
33.6826
33.6826
33.6826
30.1345
30.1345
30.1346
30.1346
30.1346
30.1346
30.1346
30.1346
30.1345
30.1345
30.1346
30.1346
30.1347
30.1347
30.1347
30.1347
30.1347
30.1347
30.1346
30.1346
30.1347
30.1348
30.1348
30.1348
30.1348
30.1348
30.1348
30.1348
30.1348
30.1347
30.1349
30.1349
30.1349
30.135
30.135
30.135
30.135
30.1349
30.1349
30.1349
30.135
30.135
30.1351
30.1351
30.1351
30.1351
30.1351
30.1351
30.135
30.135
30.1351
30.1352
30.1352
30.1353
30.1353
30.1353
30.1353
30.1352
30.1352
30.1351
30.1353
30.1353
30.1354
30.1354
30.1354
30.1354
30.1354
30.1354
30.1353
30.1353
30.1354
30.1354
30.1355
30.1355
30.1355
30.1355
30.1355
30.1355
30.1354
30.1354
30.1355
30.1356
30.1356
30.1356
30.1356
30.1356
30.1356
30.1356
30.1356
30.1355
30.1356
30.1357
30.1357
30.1357
30.1357
30.1357
30.1357
30.1357
30.1357
30.1356
26.5897
26.5897
26.5897
26.5897
26.5897
26.5897
26.5897
26.5897
26.5897
26.5897
26.5897
26.5897
26.5898
26.5898
26.5898
26.5898
26.5898
26.5898
26.5897
26.5897
26.5898
26.5898
26.5898
26.5898
26.5898
26.5898
26.5898
26.5898
26.5898
26.5898
26.5899
26.5899
26.5899
26.5899
26.5899
26.5899
26.5899
26.5899
26.5899
26.5899
26.5899
26.59
26.59
26.59
26.59
26.59
26.59
26.59
26.59
26.5899
26.59
26.59
26.5901
26.5901
26.5901
26.5901
26.5901
26.5901
26.59
26.59
26.5901
26.5901
26.5902
26.5902
26.5902
26.5902
26.5902
26.5902
26.5901
26.5901
26.5902
26.5902
26.5902
26.5903
26.5903
26.5903
26.5903
26.5902
26.5902
26.5902
26.5903
26.5903
26.5903
26.5904
26.5904
26.5904
26.5904
26.5903
26.5903
26.5903
26.5904
26.5904
26.5904
26.5904
26.5904
26.5904
26.5904
26.5904
26.5904
26.5904
23.0445
23.0445
23.0445
23.0445
23.0445
23.0445
23.0445
23.0445
23.0445
23.0445
23.0445
23.0445
23.0445
23.0445
23.0445
23.0445
23.0445
23.0445
23.0445
23.0445
23.0445
23.0445
23.0445
23.0445
23.0445
23.0445
23.0445
23.0445
23.0445
23.0445
23.0445
23.0445
23.0445
23.0445
23.0445
23.0445
23.0445
23.0445
23.0445
23.0445
23.0445
23.0446
23.0446
23.0446
23.0446
23.0446
23.0446
23.0446
23.0446
23.0445
23.0446
23.0446
23.0446
23.0446
23.0446
23.0446
23.0446
23.0446
23.0446
23.0446
23.0446
23.0446
23.0446
23.0446
23.0446
23.0446
23.0446
23.0446
23.0446
23.0446
23.0446
23.0447
23.0447
23.0447
23.0447
23.0447
23.0447
23.0447
23.0447
23.0446
23.0447
23.0447
23.0447
23.0447
23.0447
23.0447
23.0447
23.0447
23.0447
23.0447
23.0447
23.0447
23.0447
23.0447
23.0447
23.0447
23.0447
23.0447
23.0447
23.0447
19.4993
19.4993
19.4993
19.4993
19.4993
19.4993
19.4993
19.4993
19.4993
19.4993
19.4993
19.4993
19.4993
19.4993
19.4993
19.4993
19.4993
19.4993
19.4993
19.4993
19.4993
19.4993
19.4993
19.4993
19.4993
19.4993
19.4993
19.4993
19.4993
19.4993
19.4993
19.4993
19.4993
19.4993
19.4993
19.4993
19.4993
19.4993
19.4993
19.4993
19.4993
19.4993
19.4993
19.4993
19.4993
19.4993
19.4993
19.4993
19.4993
19.4993
19.4993
19.4993
19.4993
19.4993
19.4993
19.4993
19.4993
19.4993
19.4993
19.4993
19.4993
19.4993
19.4993
19.4993
19.4993
19.4993
19.4993
19.4993
19.4993
19.4993
19.4994
19.4994
19.4994
19.4994
19.4994
19.4994
19.4994
19.4994
19.4994
19.4994
19.4994
19.4994
19.4994
19.4994
19.4994
19.4994
19.4994
19.4994
19.4994
19.4994
19.4994
19.4994
19.4994
19.4994
19.4994
19.4994
19.4994
19.4994
19.4994
19.4994
15.954
15.954
15.954
15.954
15.954
15.954
15.954
15.954
15.954
15.954
15.954
15.954
15.954
15.954
15.954
15.954
15.954
15.954
15.954
15.954
15.954
15.954
15.954
15.954
15.954
15.954
15.954
15.954
15.954
15.954
15.954
15.954
15.954
15.954
15.954
15.954
15.954
15.954
15.954
15.954
15.954
15.954
15.954
15.954
15.954
15.954
15.954
15.954
15.954
15.954
15.954
15.954
15.954
15.954
15.954
15.954
15.954
15.954
15.954
15.954
15.954
15.954
15.954
15.954
15.954
15.954
15.954
15.954
15.954
15.954
15.954
15.954
15.954
15.954
15.954
15.954
15.954
15.954
15.954
15.954
15.954
15.954
15.954
15.954
15.954
15.954
15.954
15.954
15.954
15.954
15.954
15.954
15.954
15.954
15.954
15.954
15.954
15.954
15.954
15.954
12.4087
12.4087
12.4087
12.4087
12.4087
12.4087
12.4087
12.4087
12.4087
12.4087
12.4087
12.4087
12.4087
12.4087
12.4087
12.4087
12.4087
12.4087
12.4087
12.4087
12.4087
12.4087
12.4087
12.4087
12.4087
12.4087
12.4087
12.4087
12.4087
12.4087
12.4087
12.4087
12.4087
12.4087
12.4087
12.4087
12.4087
12.4087
12.4087
12.4087
12.4087
12.4087
12.4087
12.4087
12.4087
12.4087
12.4087
12.4087
12.4087
12.4087
12.4087
12.4087
12.4087
12.4087
12.4087
12.4087
12.4087
12.4087
12.4087
12.4087
12.4087
12.4087
12.4087
12.4087
12.4087
12.4087
12.4087
12.4087
12.4087
12.4087
12.4087
12.4087
12.4087
12.4087
12.4087
12.4087
12.4087
12.4087
12.4087
12.4087
12.4087
12.4087
12.4087
12.4087
12.4087
12.4087
12.4087
12.4087
12.4087
12.4087
12.4087
12.4087
12.4087
12.4087
12.4087
12.4087
12.4087
12.4087
12.4087
12.4087
8.86334
8.86334
8.86334
8.86334
8.86334
8.86334
8.86334
8.86334
8.86334
8.86334
8.86334
8.86334
8.86334
8.86333
8.86333
8.86333
8.86334
8.86334
8.86334
8.86334
8.86333
8.86333
8.86333
8.86333
8.86333
8.86333
8.86333
8.86333
8.86333
8.86333
8.86333
8.86333
8.86333
8.86333
8.86333
8.86333
8.86333
8.86333
8.86333
8.86333
8.86333
8.86333
8.86333
8.86333
8.86333
8.86333
8.86333
8.86333
8.86333
8.86333
8.86333
8.86333
8.86333
8.86333
8.86333
8.86333
8.86333
8.86333
8.86333
8.86333
8.86333
8.86333
8.86333
8.86333
8.86333
8.86333
8.86333
8.86333
8.86333
8.86333
8.86332
8.86332
8.86332
8.86332
8.86332
8.86332
8.86332
8.86332
8.86332
8.86333
8.86332
8.86332
8.86332
8.86332
8.86332
8.86332
8.86332
8.86332
8.86332
8.86332
8.86332
8.86332
8.86332
8.86332
8.86332
8.86332
8.86332
8.86332
8.86332
8.86332
5.31801
5.31801
5.31801
5.31801
5.31801
5.31801
5.31801
5.31801
5.31801
5.31801
5.318
5.318
5.318
5.318
5.318
5.318
5.318
5.318
5.318
5.318
5.318
5.318
5.318
5.318
5.318
5.318
5.318
5.318
5.318
5.318
5.318
5.318
5.318
5.318
5.318
5.318
5.318
5.318
5.318
5.318
5.318
5.318
5.318
5.318
5.318
5.318
5.318
5.318
5.318
5.318
5.318
5.318
5.318
5.318
5.318
5.318
5.318
5.318
5.318
5.318
5.318
5.318
5.318
5.318
5.318
5.318
5.318
5.318
5.318
5.318
5.318
5.318
5.318
5.318
5.318
5.318
5.318
5.318
5.318
5.318
5.318
5.31799
5.31799
5.31799
5.31799
5.31799
5.318
5.318
5.318
5.318
5.31799
5.31799
5.31799
5.31799
5.31799
5.31799
5.31799
5.318
5.318
5.31799
1.77269
1.77269
1.77269
1.77269
1.77269
1.77269
1.77269
1.77269
1.77269
1.77269
1.77268
1.77268
1.77268
1.77268
1.77268
1.77268
1.77268
1.77268
1.77268
1.77268
1.77268
1.77268
1.77268
1.77267
1.77267
1.77267
1.77267
1.77268
1.77268
1.77268
1.77267
1.77267
1.77267
1.77267
1.77267
1.77267
1.77267
1.77267
1.77267
1.77267
1.77267
1.77267
1.77267
1.77267
1.77267
1.77267
1.77267
1.77267
1.77267
1.77267
1.77266
1.77266
1.77266
1.77266
1.77266
1.77266
1.77266
1.77266
1.77266
1.77266
1.77266
1.77265
1.77265
1.77265
1.77265
1.77265
1.77265
1.77265
1.77265
1.77266
1.77265
1.77265
1.77265
1.77264
1.77264
1.77264
1.77264
1.77265
1.77265
1.77265
1.77264
1.77264
1.77264
1.77264
1.77264
1.77264
1.77264
1.77264
1.77264
1.77264
1.77263
1.77263
1.77263
1.77263
1.77263
1.77263
1.77263
1.77263
1.77263
1.77263
103.894
103.313
102.948
102.681
102.543
102.543
102.681
102.948
103.313
103.894
94.7481
93.8987
93.3383
92.9424
92.7385
92.7385
92.9424
93.3383
93.8987
94.7481
87.1462
86.168
85.5282
85.0829
84.8544
84.8544
85.0829
85.5282
86.168
87.1462
81.8956
80.8914
80.2429
79.7985
79.5708
79.5708
79.7985
80.2429
80.8914
81.8956
77.962
76.9675
76.3288
75.9
75.6805
75.6805
75.9
76.3288
76.9675
77.962
74.7874
73.8239
73.2044
72.7989
72.5918
72.5918
72.7988
73.2044
73.8239
74.7874
72.1829
71.2723
70.6823
70.3069
70.116
70.116
70.3069
70.6823
71.2723
72.1829
70.0411
69.2067
68.6589
68.3192
68.1472
68.1472
68.3192
68.6589
69.2067
70.0411
68.2771
67.5356
67.0433
66.744
66.5927
66.5927
66.744
67.0433
67.5356
68.2771
66.8996
66.173
65.7461
65.488
65.3573
65.3573
65.488
65.7461
66.173
66.8996
68.0905
68.2612
68.4464
68.5717
68.6365
68.6365
68.5717
68.4464
68.2612
68.0905
68.4658
68.5567
68.6789
68.7577
68.798
68.798
68.7577
68.6789
68.5567
68.4658
68.3919
68.3841
68.4311
68.4562
68.4687
68.4687
68.4562
68.4311
68.3841
68.3919
67.9428
67.8449
67.8235
67.802
67.7903
67.7903
67.802
67.8235
67.8449
67.9428
67.3205
67.1495
67.0707
67.0123
66.9816
66.9816
67.0123
67.0707
67.1495
67.3205
66.6319
66.4068
66.2823
66.1968
66.1523
66.1523
66.1968
66.2823
66.4068
66.6319
65.931
65.6722
65.5154
65.4127
65.3597
65.3597
65.4127
65.5154
65.6722
65.931
65.2481
64.9792
64.8056
64.6956
64.639
64.639
64.6956
64.8056
64.9791
65.2481
64.6129
64.3512
64.1747
64.0652
64.0086
64.0086
64.0652
64.1747
64.3512
64.6129
64.1121
63.7894
63.6158
63.5097
63.4544
63.4544
63.5097
63.6158
63.7893
64.1121
63.4178
63.4016
63.4008
63.396
63.3938
63.3938
63.396
63.4008
63.4016
63.4178
63.7806
63.7601
63.757
63.7496
63.7457
63.7457
63.7496
63.757
63.7601
63.7805
64.0683
64.028
64.012
63.9941
63.9845
63.9845
63.9941
64.012
64.028
64.0683
64.0799
64.0058
63.967
63.9328
63.9146
63.9146
63.9328
63.967
64.0058
64.0799
63.9039
63.7947
63.7313
63.6812
63.6547
63.6547
63.6812
63.7313
63.7947
63.9039
63.6319
63.4927
63.4071
63.3439
63.3107
63.3107
63.3439
63.4071
63.4927
63.6319
63.3113
63.1502
63.0467
62.9744
62.9367
62.9367
62.9744
63.0467
63.1502
63.3113
62.9678
62.7966
62.6821
62.6052
62.5652
62.5652
62.6052
62.6821
62.7965
62.9678
62.6289
62.4565
62.3371
62.2591
62.2186
62.2186
62.2591
62.337
62.4565
62.6289
62.354
62.1367
62.0139
61.9358
61.8952
61.8952
61.9358
62.0139
62.1367
62.354
58.5023
58.5204
58.5434
58.5584
58.5663
58.5663
58.5583
58.5434
58.5204
58.5023
58.676
58.6964
58.722
58.7384
58.7471
58.7471
58.7384
58.722
58.6964
58.676
58.8142
58.8311
58.8552
58.87
58.8779
58.8779
58.87
58.8552
58.8311
58.8142
58.8672
58.8729
58.8894
58.8985
58.9033
58.9033
58.8985
58.8894
58.8729
58.8671
58.8545
58.8458
58.8514
58.8529
58.8536
58.8536
58.8529
58.8514
58.8458
58.8545
58.7981
58.7745
58.7685
58.7623
58.759
58.759
58.7623
58.7685
58.7745
58.7981
58.7109
58.6744
58.6576
58.6448
58.6379
58.6379
58.6448
58.6576
58.6744
58.7109
58.6019
58.557
58.5318
58.514
58.5045
58.5045
58.514
58.5318
58.557
58.6019
58.4851
58.4351
58.4032
58.3816
58.37
58.37
58.3816
58.4032
58.4351
58.4851
58.3943
58.3141
58.2737
58.2474
58.2335
58.2335
58.2474
58.2737
58.3141
58.3943
55.0004
54.9993
55.0001
54.9996
54.9994
54.9994
54.9996
55.0001
54.9993
55.0004
55.0761
55.0777
55.0807
55.0818
55.0823
55.0823
55.0818
55.0807
55.0777
55.0761
55.1512
55.1533
55.1571
55.1584
55.1591
55.1591
55.1584
55.1571
55.1533
55.1512
55.1977
55.1971
55.1993
55.1991
55.199
55.199
55.1991
55.1993
55.1971
55.1977
55.2173
55.212
55.2108
55.2082
55.2067
55.2067
55.2082
55.2108
55.212
55.2173
55.2159
55.2051
55.1998
55.1944
55.1914
55.1914
55.1944
55.1998
55.2051
55.2159
55.1982
55.1819
55.1724
55.1644
55.16
55.16
55.1644
55.1724
55.1819
55.1982
55.168
55.1477
55.1346
55.1244
55.1189
55.1189
55.1244
55.1346
55.1477
55.168
55.1323
55.1089
55.0923
55.0802
55.0737
55.0737
55.0802
55.0923
55.1089
55.1323
55.1056
55.0675
55.0461
55.0316
55.0239
55.0239
55.0316
55.0461
55.0675
55.1056
51.3662
51.3686
51.3716
51.3734
51.3744
51.3744
51.3734
51.3716
51.3686
51.3662
51.3951
51.3987
51.4028
51.4054
51.4067
51.4067
51.4054
51.4028
51.3987
51.3951
51.423
51.4271
51.4319
51.4349
51.4365
51.4365
51.4349
51.4319
51.4271
51.423
51.442
51.4454
51.45
51.4527
51.4541
51.4541
51.4527
51.4499
51.4454
51.442
51.452
51.454
51.4574
51.4593
51.4603
51.4603
51.4593
51.4574
51.454
51.452
51.4543
51.4542
51.456
51.4567
51.4571
51.4571
51.4567
51.456
51.4541
51.4543
51.4498
51.4473
51.4473
51.4468
51.4465
51.4465
51.4468
51.4473
51.4473
51.4498
51.4395
51.4351
51.4334
51.4317
51.4307
51.4307
51.4317
51.4334
51.4351
51.4395
51.4262
51.4201
51.4164
51.4135
51.4119
51.4119
51.4135
51.4164
51.4201
51.4262
51.4169
51.4034
51.3967
51.392
51.3895
51.3895
51.392
51.3967
51.4034
51.4169
47.8527
47.8527
47.8529
47.8529
47.8529
47.8529
47.8529
47.8529
47.8527
47.8527
47.8642
47.8649
47.8656
47.8659
47.8661
47.8661
47.8659
47.8656
47.8649
47.8642
47.8772
47.8782
47.8794
47.8799
47.8802
47.8802
47.8799
47.8794
47.8782
47.8772
47.8877
47.8888
47.89
47.8906
47.8909
47.8909
47.8906
47.89
47.8888
47.8877
47.8954
47.8961
47.8971
47.8975
47.8977
47.8977
47.8975
47.8971
47.8961
47.8954
47.9003
47.9004
47.901
47.9011
47.901
47.901
47.9011
47.901
47.9004
47.9003
47.9027
47.9021
47.9021
47.9017
47.9015
47.9015
47.9017
47.9021
47.9021
47.9026
47.9028
47.9016
47.9009
47.9002
47.8997
47.8997
47.9002
47.9009
47.9016
47.9028
47.9018
47.8998
47.8984
47.8972
47.8964
47.8964
47.8972
47.8984
47.8998
47.9018
47.9022
47.8972
47.8944
47.8924
47.8913
47.8913
47.8924
47.8944
47.8972
47.9022
44.3037
44.3041
44.3046
44.3049
44.3051
44.3051
44.3049
44.3046
44.3041
44.3037
44.308
44.3086
44.3093
44.3098
44.31
44.31
44.3098
44.3093
44.3086
44.308
44.3126
44.3134
44.3143
44.3149
44.3152
44.3152
44.3149
44.3143
44.3134
44.3126
44.3165
44.3174
44.3184
44.319
44.3193
44.3193
44.319
44.3184
44.3174
44.3165
44.3195
44.3203
44.3212
44.3218
44.3221
44.3221
44.3218
44.3212
44.3203
44.3195
44.3215
44.3222
44.3229
44.3234
44.3236
44.3236
44.3234
44.3229
44.3222
44.3215
44.3226
44.3229
44.3235
44.3238
44.3239
44.3239
44.3238
44.3235
44.3229
44.3226
44.3226
44.3227
44.323
44.3231
44.3231
44.3231
44.3231
44.323
44.3227
44.3226
44.3222
44.3219
44.3219
44.3217
44.3216
44.3216
44.3217
44.3219
44.3219
44.3222
44.3223
44.3206
44.3199
44.3193
44.319
44.319
44.3193
44.3199
44.3206
44.3223
40.7673
40.7674
40.7674
40.7674
40.7674
40.7674
40.7674
40.7674
40.7674
40.7673
40.769
40.7691
40.7693
40.7694
40.7694
40.7694
40.7694
40.7693
40.7691
40.769
40.7711
40.7713
40.7716
40.7717
40.7718
40.7718
40.7717
40.7716
40.7713
40.7711
40.7731
40.7734
40.7737
40.7739
40.774
40.774
40.7739
40.7737
40.7734
40.7731
40.7749
40.7752
40.7755
40.7757
40.7758
40.7758
40.7757
40.7755
40.7752
40.7749
40.7764
40.7767
40.777
40.7772
40.7773
40.7773
40.7772
40.777
40.7767
40.7764
40.7776
40.7779
40.7782
40.7783
40.7784
40.7784
40.7783
40.7782
40.7779
40.7776
40.7786
40.7788
40.779
40.7791
40.7791
40.7791
40.7791
40.779
40.7788
40.7786
40.7794
40.7795
40.7796
40.7795
40.7795
40.7795
40.7795
40.7796
40.7795
40.7794
40.7804
40.78
40.7798
40.7796
40.7795
40.7795
40.7796
40.7798
40.78
40.7804
37.2227
37.2228
37.2228
37.2229
37.2229
37.2229
37.2229
37.2228
37.2228
37.2227
37.2233
37.2234
37.2235
37.2236
37.2237
37.2237
37.2236
37.2235
37.2234
37.2233
37.224
37.2242
37.2243
37.2245
37.2245
37.2245
37.2245
37.2243
37.2242
37.224
37.2247
37.2249
37.2251
37.2253
37.2253
37.2253
37.2253
37.2251
37.2249
37.2247
37.2254
37.2256
37.2258
37.226
37.226
37.226
37.226
37.2258
37.2256
37.2254
37.226
37.2262
37.2264
37.2266
37.2266
37.2266
37.2266
37.2264
37.2262
37.226
37.2265
37.2267
37.2269
37.227
37.227
37.227
37.227
37.2269
37.2267
37.2265
37.2268
37.227
37.2272
37.2273
37.2273
37.2273
37.2273
37.2272
37.227
37.2268
37.2271
37.2272
37.2274
37.2274
37.2274
37.2274
37.2274
37.2274
37.2272
37.2271
37.2275
37.2274
37.2274
37.2273
37.2273
37.2273
37.2273
37.2274
37.2274
37.2275
33.6795
33.6796
33.6796
33.6796
33.6796
33.6796
33.6796
33.6796
33.6796
33.6795
33.6798
33.6798
33.6798
33.6798
33.6799
33.6799
33.6798
33.6798
33.6798
33.6798
33.6801
33.6802
33.6802
33.6802
33.6802
33.6802
33.6802
33.6802
33.6802
33.6801
33.6805
33.6806
33.6806
33.6807
33.6807
33.6807
33.6807
33.6806
33.6806
33.6805
33.6809
33.6809
33.681
33.6811
33.6811
33.6811
33.6811
33.681
33.6809
33.6809
33.6812
33.6813
33.6814
33.6815
33.6815
33.6815
33.6815
33.6814
33.6813
33.6812
33.6816
33.6817
33.6818
33.6818
33.6819
33.6819
33.6818
33.6818
33.6817
33.6816
33.6819
33.682
33.6821
33.6822
33.6822
33.6822
33.6822
33.6821
33.682
33.6819
33.6822
33.6823
33.6824
33.6824
33.6825
33.6825
33.6824
33.6824
33.6823
33.6822
33.6826
33.6826
33.6826
33.6826
33.6826
33.6826
33.6826
33.6826
33.6826
33.6826
30.1345
30.1345
30.1346
30.1346
30.1346
30.1346
30.1346
30.1346
30.1345
30.1345
30.1346
30.1346
30.1347
30.1347
30.1347
30.1347
30.1347
30.1347
30.1346
30.1346
30.1347
30.1348
30.1348
30.1348
30.1348
30.1348
30.1348
30.1348
30.1348
30.1347
30.1349
30.1349
30.1349
30.135
30.135
30.135
30.135
30.1349
30.1349
30.1349
30.135
30.135
30.1351
30.1351
30.1351
30.1351
30.1351
30.1351
30.135
30.135
30.1351
30.1352
30.1352
30.1353
30.1353
30.1353
30.1353
30.1352
30.1352
30.1351
30.1353
30.1353
30.1354
30.1354
30.1354
30.1354
30.1354
30.1354
30.1353
30.1353
30.1354
30.1354
30.1355
30.1355
30.1355
30.1355
30.1355
30.1355
30.1354
30.1354
30.1355
30.1356
30.1356
30.1356
30.1356
30.1356
30.1356
30.1356
30.1356
30.1355
30.1356
30.1357
30.1357
30.1357
30.1357
30.1357
30.1357
30.1357
30.1357
30.1356
26.5897
26.5897
26.5897
26.5897
26.5897
26.5897
26.5897
26.5897
26.5897
26.5897
26.5897
26.5897
26.5898
26.5898
26.5898
26.5898
26.5898
26.5898
26.5897
26.5897
26.5898
26.5898
26.5898
26.5898
26.5898
26.5898
26.5898
26.5898
26.5898
26.5898
26.5899
26.5899
26.5899
26.5899
26.5899
26.5899
26.5899
26.5899
26.5899
26.5899
26.5899
26.59
26.59
26.59
26.59
26.59
26.59
26.59
26.59
26.5899
26.59
26.59
26.5901
26.5901
26.5901
26.5901
26.5901
26.5901
26.59
26.59
26.5901
26.5901
26.5902
26.5902
26.5902
26.5902
26.5902
26.5902
26.5901
26.5901
26.5902
26.5902
26.5902
26.5903
26.5903
26.5903
26.5903
26.5902
26.5902
26.5902
26.5903
26.5903
26.5903
26.5904
26.5904
26.5904
26.5904
26.5903
26.5903
26.5903
26.5904
26.5904
26.5904
26.5904
26.5904
26.5904
26.5904
26.5904
26.5904
26.5904
23.0445
23.0445
23.0445
23.0445
23.0445
23.0445
23.0445
23.0445
23.0445
23.0445
23.0445
23.0445
23.0445
23.0445
23.0445
23.0445
23.0445
23.0445
23.0445
23.0445
23.0445
23.0445
23.0445
23.0445
23.0445
23.0445
23.0445
23.0445
23.0445
23.0445
23.0445
23.0445
23.0445
23.0445
23.0445
23.0445
23.0445
23.0445
23.0445
23.0445
23.0445
23.0446
23.0446
23.0446
23.0446
23.0446
23.0446
23.0446
23.0446
23.0445
23.0446
23.0446
23.0446
23.0446
23.0446
23.0446
23.0446
23.0446
23.0446
23.0446
23.0446
23.0446
23.0446
23.0446
23.0446
23.0446
23.0446
23.0446
23.0446
23.0446
23.0446
23.0447
23.0447
23.0447
23.0447
23.0447
23.0447
23.0447
23.0447
23.0446
23.0447
23.0447
23.0447
23.0447
23.0447
23.0447
23.0447
23.0447
23.0447
23.0447
23.0447
23.0447
23.0447
23.0447
23.0447
23.0447
23.0447
23.0447
23.0447
23.0447
19.4993
19.4993
19.4993
19.4993
19.4993
19.4993
19.4993
19.4993
19.4993
19.4993
19.4993
19.4993
19.4993
19.4993
19.4993
19.4993
19.4993
19.4993
19.4993
19.4993
19.4993
19.4993
19.4993
19.4993
19.4993
19.4993
19.4993
19.4993
19.4993
19.4993
19.4993
19.4993
19.4993
19.4993
19.4993
19.4993
19.4993
19.4993
19.4993
19.4993
19.4993
19.4993
19.4993
19.4993
19.4993
19.4993
19.4993
19.4993
19.4993
19.4993
19.4993
19.4993
19.4993
19.4993
19.4993
19.4993
19.4993
19.4993
19.4993
19.4993
19.4993
19.4993
19.4993
19.4993
19.4993
19.4993
19.4993
19.4993
19.4993
19.4993
19.4994
19.4994
19.4994
19.4994
19.4994
19.4994
19.4994
19.4994
19.4994
19.4994
19.4994
19.4994
19.4994
19.4994
19.4994
19.4994
19.4994
19.4994
19.4994
19.4994
19.4994
19.4994
19.4994
19.4994
19.4994
19.4994
19.4994
19.4994
19.4994
19.4994
15.954
15.954
15.954
15.954
15.954
15.954
15.954
15.954
15.954
15.954
15.954
15.954
15.954
15.954
15.954
15.954
15.954
15.954
15.954
15.954
15.954
15.954
15.954
15.954
15.954
15.954
15.954
15.954
15.954
15.954
15.954
15.954
15.954
15.954
15.954
15.954
15.954
15.954
15.954
15.954
15.954
15.954
15.954
15.954
15.954
15.954
15.954
15.954
15.954
15.954
15.954
15.954
15.954
15.954
15.954
15.954
15.954
15.954
15.954
15.954
15.954
15.954
15.954
15.954
15.954
15.954
15.954
15.954
15.954
15.954
15.954
15.954
15.954
15.954
15.954
15.954
15.954
15.954
15.954
15.954
15.954
15.954
15.954
15.954
15.954
15.954
15.954
15.954
15.954
15.954
15.954
15.954
15.954
15.954
15.954
15.954
15.954
15.954
15.954
15.954
12.4087
12.4087
12.4087
12.4087
12.4087
12.4087
12.4087
12.4087
12.4087
12.4087
12.4087
12.4087
12.4087
12.4087
12.4087
12.4087
12.4087
12.4087
12.4087
12.4087
12.4087
12.4087
12.4087
12.4087
12.4087
12.4087
12.4087
12.4087
12.4087
12.4087
12.4087
12.4087
12.4087
12.4087
12.4087
12.4087
12.4087
12.4087
12.4087
12.4087
12.4087
12.4087
12.4087
12.4087
12.4087
12.4087
12.4087
12.4087
12.4087
12.4087
12.4087
12.4087
12.4087
12.4087
12.4087
12.4087
12.4087
12.4087
12.4087
12.4087
12.4087
12.4087
12.4087
12.4087
12.4087
12.4087
12.4087
12.4087
12.4087
12.4087
12.4087
12.4087
12.4087
12.4087
12.4087
12.4087
12.4087
12.4087
12.4087
12.4087
12.4087
12.4087
12.4087
12.4087
12.4087
12.4087
12.4087
12.4087
12.4087
12.4087
12.4087
12.4087
12.4087
12.4087
12.4087
12.4087
12.4087
12.4087
12.4087
12.4087
8.86334
8.86334
8.86334
8.86334
8.86334
8.86334
8.86334
8.86334
8.86334
8.86334
8.86334
8.86334
8.86334
8.86334
8.86334
8.86334
8.86334
8.86334
8.86334
8.86334
8.86333
8.86333
8.86333
8.86333
8.86333
8.86333
8.86333
8.86333
8.86333
8.86333
8.86333
8.86333
8.86333
8.86333
8.86333
8.86333
8.86333
8.86333
8.86333
8.86333
8.86333
8.86333
8.86333
8.86333
8.86333
8.86333
8.86333
8.86333
8.86333
8.86333
8.86333
8.86333
8.86333
8.86333
8.86333
8.86333
8.86333
8.86333
8.86333
8.86333
8.86333
8.86333
8.86333
8.86333
8.86333
8.86333
8.86333
8.86333
8.86333
8.86333
8.86333
8.86333
8.86333
8.86333
8.86333
8.86333
8.86333
8.86333
8.86333
8.86333
8.86332
8.86332
8.86332
8.86332
8.86332
8.86332
8.86332
8.86332
8.86332
8.86332
8.86332
8.86332
8.86332
8.86332
8.86332
8.86332
8.86332
8.86332
8.86332
8.86332
5.31801
5.31801
5.31801
5.31801
5.31801
5.31801
5.31801
5.31801
5.31801
5.31802
5.31801
5.318
5.318
5.318
5.318
5.318
5.318
5.31801
5.31801
5.31801
5.318
5.318
5.318
5.318
5.318
5.318
5.318
5.318
5.318
5.318
5.318
5.318
5.318
5.318
5.318
5.318
5.318
5.318
5.318
5.318
5.318
5.318
5.318
5.318
5.318
5.318
5.318
5.318
5.318
5.318
5.318
5.318
5.318
5.318
5.318
5.318
5.318
5.318
5.318
5.318
5.318
5.318
5.318
5.318
5.318
5.318
5.318
5.318
5.318
5.318
5.318
5.318
5.318
5.318
5.318
5.318
5.318
5.318
5.318
5.318
5.318
5.318
5.318
5.318
5.318
5.318
5.318
5.318
5.318
5.318
5.31799
5.318
5.318
5.318
5.318
5.318
5.318
5.318
5.318
5.318
1.77269
1.77269
1.77269
1.77269
1.77269
1.77269
1.77269
1.77269
1.77269
1.77269
1.77268
1.77268
1.77268
1.77268
1.77268
1.77268
1.77268
1.77268
1.77268
1.77268
1.77268
1.77268
1.77268
1.77267
1.77267
1.77267
1.77267
1.77268
1.77268
1.77268
1.77267
1.77267
1.77267
1.77267
1.77267
1.77267
1.77267
1.77267
1.77267
1.77267
1.77267
1.77267
1.77267
1.77267
1.77267
1.77267
1.77267
1.77267
1.77267
1.77267
1.77266
1.77266
1.77266
1.77266
1.77266
1.77266
1.77266
1.77266
1.77266
1.77266
1.77266
1.77265
1.77265
1.77265
1.77265
1.77265
1.77265
1.77265
1.77265
1.77266
1.77265
1.77265
1.77265
1.77264
1.77264
1.77264
1.77264
1.77265
1.77265
1.77265
1.77264
1.77264
1.77264
1.77264
1.77264
1.77264
1.77264
1.77264
1.77264
1.77264
1.77263
1.77263
1.77263
1.77263
1.77263
1.77263
1.77263
1.77263
1.77263
1.77263
65.9623
65.299
64.8818
64.618
64.4875
64.4875
64.618
64.8818
65.299
65.9623
65.299
64.736
64.3169
64.0391
63.9016
63.9016
64.0391
64.3169
64.736
65.299
64.8818
64.3169
63.8828
63.5952
63.4536
63.4536
63.5952
63.8828
64.3169
64.8818
64.618
64.0391
63.5952
63.3032
63.1598
63.1598
63.3032
63.5952
64.0391
64.6181
64.4875
63.9016
63.4536
63.1598
63.0157
63.0157
63.1598
63.4536
63.9016
64.4875
64.4875
63.9016
63.4536
63.1598
63.0157
63.0157
63.1598
63.4536
63.9016
64.4875
64.6181
64.0391
63.5952
63.3032
63.1598
63.1598
63.3032
63.5952
64.0391
64.6181
64.8818
64.3169
63.8828
63.5952
63.4536
63.4536
63.5952
63.8828
64.3169
64.8818
65.299
64.7361
64.3169
64.0391
63.9016
63.9016
64.0391
64.3169
64.7361
65.299
65.9623
65.299
64.8818
64.6181
64.4875
64.4875
64.6181
64.8818
65.299
65.9623
63.6567
63.3779
63.2109
63.1021
63.0468
63.0468
63.1021
63.2109
63.3779
63.6567
63.3779
63.1505
62.966
62.8393
62.7759
62.7759
62.8393
62.966
63.1505
63.3779
63.2109
62.966
62.7614
62.6222
62.5533
62.5533
62.6222
62.7614
62.966
63.2109
63.1021
62.8393
62.6222
62.4761
62.4041
62.4041
62.4761
62.6222
62.8393
63.1021
63.0468
62.7759
62.5533
62.4041
62.3306
62.3306
62.4041
62.5533
62.7759
63.0468
63.0468
62.7759
62.5533
62.4041
62.3306
62.3306
62.4041
62.5533
62.7759
63.0468
63.1021
62.8393
62.6222
62.4761
62.4041
62.4041
62.4761
62.6222
62.8393
63.1021
63.2109
62.966
62.7614
62.6222
62.5533
62.5533
62.6222
62.7614
62.9661
63.2109
63.3779
63.1505
62.966
62.8393
62.7759
62.7759
62.8393
62.9661
63.1505
63.3779
63.6567
63.3779
63.2109
63.1021
63.0468
63.0468
63.1021
63.2109
63.3779
63.6567
62.017
61.8536
61.7508
61.6806
61.6446
61.6446
61.6806
61.7508
61.8536
62.017
61.8536
61.7149
61.5957
61.5113
61.4686
61.4686
61.5113
61.5957
61.7149
61.8536
61.7508
61.5957
61.4596
61.3653
61.3183
61.3183
61.3653
61.4596
61.5957
61.7508
61.6806
61.5113
61.3653
61.2658
61.2163
61.2163
61.2658
61.3653
61.5113
61.6806
61.6446
61.4686
61.3183
61.2163
61.1656
61.1656
61.2163
61.3183
61.4686
61.6446
61.6446
61.4686
61.3183
61.2163
61.1656
61.1656
61.2163
61.3183
61.4686
61.6446
61.6806
61.5113
61.3653
61.2658
61.2163
61.2163
61.2658
61.3654
61.5113
61.6806
61.7508
61.5957
61.4596
61.3653
61.3183
61.3183
61.3654
61.4596
61.5957
61.7508
61.8536
61.7149
61.5957
61.5113
61.4686
61.4686
61.5113
61.5957
61.7149
61.8536
62.017
61.8536
61.7508
61.6806
61.6446
61.6446
61.6806
61.7508
61.8536
62.017
58.2343
58.1858
58.1564
58.1348
58.1235
58.1235
58.1348
58.1564
58.1858
58.2343
58.1858
58.1426
58.1004
58.0691
58.0532
58.0532
58.0691
58.1004
58.1426
58.1858
58.1564
58.1004
58.0476
58.0103
57.9916
57.9916
58.0103
58.0476
58.1004
58.1564
58.1348
58.0691
58.0103
57.9696
57.9494
57.9494
57.9696
58.0103
58.0691
58.1348
58.1235
58.0532
57.9916
57.9494
57.9284
57.9284
57.9494
57.9916
58.0532
58.1235
58.1235
58.0532
57.9916
57.9494
57.9284
57.9284
57.9494
57.9916
58.0532
58.1235
58.1348
58.0691
58.0103
57.9696
57.9494
57.9494
57.9696
58.0103
58.0691
58.1348
58.1564
58.1004
58.0476
58.0103
57.9916
57.9916
58.0103
58.0476
58.1004
58.1564
58.1858
58.1426
58.1004
58.0691
58.0532
58.0532
58.0691
58.1004
58.1426
58.1858
58.2343
58.1858
58.1564
58.1348
58.1235
58.1235
58.1348
58.1564
58.1858
58.2343
55.0256
55.0077
54.9957
54.9861
54.981
54.981
54.9861
54.9957
55.0077
55.0256
55.0077
54.9911
54.9727
54.9584
54.9511
54.9511
54.9584
54.9727
54.9911
55.0077
54.9957
54.9727
54.9489
54.9316
54.9229
54.9229
54.9316
54.9489
54.9727
54.9957
54.9861
54.9584
54.9316
54.9127
54.9031
54.9031
54.9127
54.9316
54.9584
54.9861
54.981
54.9511
54.9229
54.9031
54.8932
54.8932
54.9031
54.9229
54.9511
54.981
54.981
54.9511
54.9229
54.9031
54.8932
54.8932
54.9031
54.9229
54.9511
54.981
54.9861
54.9584
54.9316
54.9127
54.9031
54.9031
54.9127
54.9316
54.9584
54.9861
54.9957
54.9727
54.9489
54.9316
54.9229
54.9229
54.9316
54.9489
54.9727
54.9957
55.0077
54.9911
54.9727
54.9584
54.9511
54.9511
54.9584
54.9727
54.9911
55.0077
55.0256
55.0077
54.9957
54.9861
54.981
54.981
54.9861
54.9957
55.0077
55.0256
51.3803
51.3761
51.3735
51.3709
51.3695
51.3695
51.3709
51.3735
51.3761
51.3803
51.3761
51.3714
51.3651
51.36
51.3574
51.3574
51.36
51.3651
51.3714
51.3761
51.3735
51.3651
51.356
51.3494
51.3461
51.3461
51.3494
51.356
51.3651
51.3735
51.3709
51.36
51.3494
51.3419
51.3382
51.3382
51.3419
51.3494
51.36
51.3709
51.3695
51.3574
51.3461
51.3382
51.3342
51.3342
51.3382
51.3461
51.3574
51.3695
51.3695
51.3574
51.3461
51.3382
51.3342
51.3342
51.3382
51.3461
51.3574
51.3695
51.3709
51.36
51.3494
51.3419
51.3382
51.3382
51.3419
51.3494
51.36
51.3709
51.3735
51.3651
51.356
51.3494
51.3461
51.3461
51.3494
51.3561
51.3651
51.3735
51.3761
51.3714
51.3651
51.36
51.3574
51.3574
51.36
51.3651
51.3714
51.3761
51.3803
51.3761
51.3735
51.3709
51.3695
51.3695
51.3709
51.3735
51.3761
51.3803
47.8877
47.8874
47.8871
47.8865
47.8862
47.8862
47.8865
47.8871
47.8874
47.8877
47.8874
47.8869
47.8852
47.8836
47.8828
47.8828
47.8836
47.8852
47.8869
47.8874
47.8871
47.8852
47.8824
47.8802
47.8791
47.8791
47.8802
47.8824
47.8852
47.8871
47.8865
47.8836
47.8802
47.8777
47.8764
47.8764
47.8777
47.8802
47.8836
47.8865
47.8862
47.8828
47.8791
47.8764
47.875
47.875
47.8764
47.8791
47.8828
47.8862
47.8862
47.8828
47.8791
47.8764
47.875
47.875
47.8764
47.8791
47.8828
47.8862
47.8865
47.8836
47.8802
47.8777
47.8764
47.8764
47.8777
47.8802
47.8836
47.8865
47.8871
47.8852
47.8824
47.8802
47.8791
47.8791
47.8802
47.8824
47.8852
47.8871
47.8874
47.8869
47.8852
47.8836
47.8828
47.8828
47.8836
47.8852
47.8869
47.8874
47.8877
47.8874
47.8871
47.8865
47.8862
47.8862
47.8865
47.8871
47.8874
47.8877
44.316
44.3163
44.3164
44.3164
44.3164
44.3164
44.3164
44.3164
44.3163
44.316
44.3163
44.3163
44.3158
44.3153
44.315
44.315
44.3153
44.3158
44.3163
44.3163
44.3164
44.3158
44.3147
44.3139
44.3135
44.3135
44.3139
44.3147
44.3158
44.3164
44.3164
44.3153
44.3139
44.313
44.3125
44.3125
44.313
44.3139
44.3153
44.3164
44.3164
44.315
44.3135
44.3125
44.312
44.312
44.3125
44.3135
44.315
44.3164
44.3164
44.315
44.3135
44.3125
44.312
44.312
44.3125
44.3135
44.315
44.3164
44.3164
44.3153
44.3139
44.313
44.3125
44.3125
44.313
44.3139
44.3153
44.3164
44.3164
44.3158
44.3147
44.3139
44.3135
44.3135
44.3139
44.3147
44.3158
44.3164
44.3163
44.3163
44.3158
44.3153
44.315
44.315
44.3153
44.3158
44.3163
44.3163
44.316
44.3163
44.3164
44.3164
44.3164
44.3164
44.3164
44.3164
44.3163
44.316
40.7783
40.7788
40.7791
40.7792
40.7793
40.7793
40.7792
40.7791
40.7788
40.7783
40.7788
40.7792
40.7793
40.7793
40.7793
40.7793
40.7793
40.7793
40.7792
40.7788
40.7791
40.7793
40.7792
40.7791
40.779
40.779
40.7791
40.7792
40.7793
40.7791
40.7792
40.7793
40.7791
40.7789
40.7788
40.7788
40.7789
40.7791
40.7793
40.7792
40.7793
40.7793
40.779
40.7788
40.7787
40.7787
40.7788
40.779
40.7793
40.7793
40.7793
40.7793
40.779
40.7788
40.7787
40.7787
40.7788
40.779
40.7793
40.7793
40.7792
40.7793
40.7791
40.7789
40.7788
40.7788
40.7789
40.7791
40.7793
40.7792
40.7791
40.7793
40.7792
40.7791
40.779
40.779
40.7791
40.7792
40.7793
40.7791
40.7788
40.7792
40.7793
40.7793
40.7793
40.7793
40.7793
40.7793
40.7792
40.7788
40.7783
40.7788
40.7791
40.7792
40.7793
40.7793
40.7792
40.7791
40.7788
40.7783
37.2266
37.2269
37.227
37.2271
37.2271
37.2271
37.2271
37.227
37.2269
37.2266
37.2269
37.2271
37.2271
37.2271
37.2271
37.2271
37.2271
37.2271
37.2271
37.2269
37.227
37.2271
37.2271
37.2271
37.2271
37.2271
37.2271
37.2271
37.2271
37.227
37.2271
37.2271
37.2271
37.227
37.227
37.227
37.227
37.2271
37.2271
37.2271
37.2271
37.2271
37.2271
37.227
37.227
37.227
37.227
37.2271
37.2271
37.2271
37.2271
37.2271
37.2271
37.227
37.227
37.227
37.227
37.2271
37.2271
37.2271
37.2271
37.2271
37.2271
37.227
37.227
37.227
37.227
37.2271
37.2271
37.2271
37.227
37.2271
37.2271
37.2271
37.2271
37.2271
37.2271
37.2271
37.2271
37.227
37.2269
37.2271
37.2271
37.2271
37.2271
37.2271
37.2271
37.2271
37.2271
37.2269
37.2266
37.2269
37.227
37.2271
37.2271
37.2271
37.2271
37.227
37.2269
37.2266
33.6824
33.6825
33.6827
33.6827
33.6828
33.6828
33.6827
33.6827
33.6825
33.6824
33.6825
33.6827
33.6828
33.6829
33.6829
33.6829
33.6829
33.6828
33.6827
33.6825
33.6827
33.6828
33.6829
33.6829
33.6829
33.6829
33.6829
33.6829
33.6828
33.6827
33.6827
33.6829
33.6829
33.683
33.683
33.683
33.683
33.6829
33.6829
33.6827
33.6828
33.6829
33.6829
33.683
33.683
33.683
33.683
33.6829
33.6829
33.6828
33.6828
33.6829
33.6829
33.683
33.683
33.683
33.683
33.6829
33.6829
33.6828
33.6827
33.6829
33.6829
33.683
33.683
33.683
33.683
33.6829
33.6829
33.6827
33.6827
33.6828
33.6829
33.6829
33.6829
33.6829
33.6829
33.6829
33.6828
33.6827
33.6825
33.6827
33.6828
33.6829
33.6829
33.6829
33.6829
33.6828
33.6827
33.6825
33.6824
33.6825
33.6827
33.6827
33.6828
33.6828
33.6827
33.6827
33.6825
33.6824
30.1355
30.1356
30.1357
30.1357
30.1357
30.1357
30.1357
30.1357
30.1356
30.1355
30.1356
30.1357
30.1357
30.1358
30.1358
30.1358
30.1358
30.1357
30.1357
30.1356
30.1357
30.1357
30.1358
30.1358
30.1358
30.1358
30.1358
30.1358
30.1357
30.1357
30.1357
30.1358
30.1358
30.1358
30.1358
30.1358
30.1358
30.1358
30.1358
30.1357
30.1357
30.1358
30.1358
30.1358
30.1358
30.1358
30.1358
30.1358
30.1358
30.1357
30.1357
30.1358
30.1358
30.1358
30.1358
30.1358
30.1358
30.1358
30.1358
30.1357
30.1357
30.1358
30.1358
30.1358
30.1358
30.1358
30.1358
30.1358
30.1358
30.1357
30.1357
30.1357
30.1358
30.1358
30.1358
30.1358
30.1358
30.1358
30.1357
30.1357
30.1356
30.1357
30.1357
30.1358
30.1358
30.1358
30.1358
30.1357
30.1357
30.1356
30.1355
30.1356
30.1357
30.1357
30.1357
30.1357
30.1357
30.1357
30.1356
30.1355
26.5904
26.5904
26.5905
26.5905
26.5905
26.5905
26.5905
26.5905
26.5904
26.5904
26.5904
26.5905
26.5905
26.5905
26.5905
26.5905
26.5905
26.5905
26.5905
26.5904
26.5905
26.5905
26.5905
26.5906
26.5906
26.5906
26.5906
26.5905
26.5905
26.5905
26.5905
26.5905
26.5906
26.5906
26.5906
26.5906
26.5906
26.5906
26.5905
26.5905
26.5905
26.5905
26.5906
26.5906
26.5906
26.5906
26.5906
26.5906
26.5905
26.5905
26.5905
26.5905
26.5906
26.5906
26.5906
26.5906
26.5906
26.5906
26.5905
26.5905
26.5905
26.5905
26.5906
26.5906
26.5906
26.5906
26.5906
26.5906
26.5905
26.5905
26.5905
26.5905
26.5905
26.5906
26.5906
26.5906
26.5906
26.5905
26.5905
26.5905
26.5904
26.5905
26.5905
26.5905
26.5905
26.5905
26.5905
26.5905
26.5905
26.5904
26.5904
26.5904
26.5905
26.5905
26.5905
26.5905
26.5905
26.5905
26.5904
26.5904
23.0447
23.0447
23.0447
23.0448
23.0448
23.0448
23.0448
23.0447
23.0447
23.0447
23.0447
23.0447
23.0448
23.0448
23.0448
23.0448
23.0448
23.0448
23.0447
23.0447
23.0447
23.0448
23.0448
23.0448
23.0448
23.0448
23.0448
23.0448
23.0448
23.0447
23.0448
23.0448
23.0448
23.0448
23.0448
23.0448
23.0448
23.0448
23.0448
23.0448
23.0448
23.0448
23.0448
23.0448
23.0448
23.0448
23.0448
23.0448
23.0448
23.0448
23.0448
23.0448
23.0448
23.0448
23.0448
23.0448
23.0448
23.0448
23.0448
23.0448
23.0448
23.0448
23.0448
23.0448
23.0448
23.0448
23.0448
23.0448
23.0448
23.0448
23.0447
23.0448
23.0448
23.0448
23.0448
23.0448
23.0448
23.0448
23.0448
23.0447
23.0447
23.0447
23.0448
23.0448
23.0448
23.0448
23.0448
23.0448
23.0447
23.0447
23.0447
23.0447
23.0447
23.0448
23.0448
23.0448
23.0448
23.0447
23.0447
23.0447
19.4994
19.4994
19.4994
19.4994
19.4994
19.4994
19.4994
19.4994
19.4994
19.4994
19.4994
19.4994
19.4994
19.4994
19.4994
19.4994
19.4994
19.4994
19.4994
19.4994
19.4994
19.4994
19.4994
19.4994
19.4995
19.4995
19.4994
19.4994
19.4994
19.4994
19.4994
19.4994
19.4994
19.4995
19.4995
19.4995
19.4995
19.4994
19.4994
19.4994
19.4994
19.4994
19.4995
19.4995
19.4995
19.4995
19.4995
19.4995
19.4994
19.4994
19.4994
19.4994
19.4995
19.4995
19.4995
19.4995
19.4995
19.4995
19.4994
19.4994
19.4994
19.4994
19.4994
19.4995
19.4995
19.4995
19.4995
19.4994
19.4994
19.4994
19.4994
19.4994
19.4994
19.4994
19.4995
19.4995
19.4994
19.4994
19.4994
19.4994
19.4994
19.4994
19.4994
19.4994
19.4994
19.4994
19.4994
19.4994
19.4994
19.4994
19.4994
19.4994
19.4994
19.4994
19.4994
19.4994
19.4994
19.4994
19.4994
19.4994
15.954
15.954
15.954
15.954
15.954
15.954
15.954
15.954
15.954
15.954
15.954
15.954
15.954
15.954
15.954
15.954
15.954
15.954
15.954
15.954
15.954
15.954
15.954
15.954
15.954
15.954
15.954
15.954
15.954
15.954
15.954
15.954
15.954
15.954
15.954
15.954
15.954
15.954
15.954
15.954
15.954
15.954
15.954
15.954
15.954
15.954
15.954
15.954
15.954
15.954
15.954
15.954
15.954
15.954
15.954
15.954
15.954
15.954
15.954
15.954
15.954
15.954
15.954
15.954
15.954
15.954
15.954
15.954
15.954
15.954
15.954
15.954
15.954
15.954
15.954
15.954
15.954
15.954
15.954
15.954
15.954
15.954
15.954
15.954
15.954
15.954
15.954
15.954
15.954
15.954
15.954
15.954
15.954
15.954
15.954
15.954
15.954
15.954
15.954
15.954
12.4087
12.4087
12.4087
12.4087
12.4087
12.4087
12.4087
12.4087
12.4087
12.4087
12.4087
12.4087
12.4087
12.4087
12.4087
12.4087
12.4087
12.4087
12.4087
12.4087
12.4087
12.4087
12.4087
12.4087
12.4087
12.4087
12.4087
12.4087
12.4087
12.4087
12.4087
12.4087
12.4087
12.4087
12.4087
12.4087
12.4087
12.4087
12.4087
12.4087
12.4087
12.4087
12.4087
12.4087
12.4087
12.4087
12.4087
12.4087
12.4087
12.4087
12.4087
12.4087
12.4087
12.4087
12.4087
12.4087
12.4087
12.4087
12.4087
12.4087
12.4087
12.4087
12.4087
12.4087
12.4087
12.4087
12.4087
12.4087
12.4087
12.4087
12.4087
12.4087
12.4087
12.4087
12.4087
12.4087
12.4087
12.4087
12.4087
12.4087
12.4087
12.4087
12.4087
12.4087
12.4087
12.4087
12.4087
12.4087
12.4087
12.4087
12.4087
12.4087
12.4087
12.4087
12.4087
12.4087
12.4087
12.4087
12.4087
12.4087
8.86332
8.86332
8.86332
8.86332
8.86332
8.86332
8.86332
8.86332
8.86332
8.86332
8.86332
8.86332
8.86332
8.86332
8.86332
8.86332
8.86332
8.86332
8.86332
8.86332
8.86332
8.86332
8.86332
8.86332
8.86332
8.86332
8.86332
8.86332
8.86332
8.86332
8.86332
8.86332
8.86332
8.86332
8.86332
8.86332
8.86332
8.86332
8.86332
8.86332
8.86332
8.86332
8.86332
8.86332
8.86332
8.86332
8.86332
8.86332
8.86332
8.86332
8.86332
8.86332
8.86332
8.86332
8.86332
8.86332
8.86332
8.86332
8.86332
8.86332
8.86332
8.86332
8.86332
8.86332
8.86332
8.86332
8.86332
8.86332
8.86332
8.86332
8.86332
8.86332
8.86332
8.86332
8.86332
8.86332
8.86332
8.86332
8.86332
8.86332
8.86332
8.86332
8.86332
8.86332
8.86332
8.86332
8.86332
8.86332
8.86332
8.86332
8.86332
8.86332
8.86332
8.86332
8.86332
8.86332
8.86332
8.86332
8.86332
8.86332
5.31799
5.318
5.318
5.318
5.318
5.318
5.318
5.318
5.31799
5.31799
5.318
5.318
5.318
5.318
5.31799
5.31799
5.31799
5.31799
5.31799
5.31799
5.318
5.318
5.31799
5.31799
5.31799
5.31799
5.31799
5.31799
5.31799
5.31799
5.318
5.318
5.31799
5.31799
5.31799
5.31799
5.31799
5.31799
5.31799
5.31799
5.318
5.31799
5.31799
5.31799
5.31799
5.31799
5.31799
5.31799
5.31799
5.31799
5.318
5.31799
5.31799
5.31799
5.31799
5.31799
5.31799
5.31799
5.31799
5.31799
5.318
5.31799
5.31799
5.31799
5.31799
5.31799
5.31799
5.31799
5.31799
5.31799
5.318
5.31799
5.31799
5.31799
5.31799
5.31799
5.31799
5.31799
5.31799
5.31799
5.31799
5.31799
5.31799
5.31799
5.31799
5.31799
5.31799
5.31799
5.31799
5.31799
5.31799
5.31799
5.31799
5.31799
5.31799
5.31799
5.31799
5.31799
5.31799
5.31799
1.77263
1.77263
1.77263
1.77263
1.77262
1.77262
1.77263
1.77263
1.77263
1.77263
1.77263
1.77263
1.77262
1.77262
1.77262
1.77262
1.77262
1.77262
1.77262
1.77263
1.77263
1.77262
1.77262
1.77262
1.77262
1.77262
1.77262
1.77262
1.77262
1.77263
1.77263
1.77262
1.77262
1.77262
1.77262
1.77262
1.77262
1.77262
1.77262
1.77262
1.77262
1.77262
1.77262
1.77262
1.77262
1.77262
1.77262
1.77262
1.77262
1.77262
1.77262
1.77262
1.77262
1.77262
1.77262
1.77262
1.77262
1.77262
1.77262
1.77262
1.77263
1.77262
1.77262
1.77262
1.77262
1.77262
1.77262
1.77262
1.77262
1.77262
1.77263
1.77262
1.77262
1.77262
1.77262
1.77262
1.77262
1.77262
1.77262
1.77263
1.77263
1.77262
1.77262
1.77262
1.77262
1.77262
1.77262
1.77262
1.77262
1.77263
1.77263
1.77263
1.77263
1.77262
1.77262
1.77262
1.77262
1.77263
1.77263
1.77263
)
;

boundaryField
{
    fixedWalls
    {
        type            zeroGradient;
    }
    inlet
    {
        type            fixedGradient;
        gradient        uniform 0;
    }
    outlet
    {
        type            fixedValue;
        value           uniform 0;
    }
}


// ************************************************************************* //
