/*--------------------------------*- C++ -*----------------------------------*\
| =========                 |                                                 |
| \\      /  F ield         | OpenFOAM: The Open Source CFD Toolbox           |
|  \\    /   O peration     | Version:  2106                                  |
|   \\  /    A nd           | Website:  www.openfoam.com                      |
|    \\/     M anipulation  |                                                 |
\*---------------------------------------------------------------------------*/
FoamFile
{
    version     2.0;
    format      ascii;
    arch        "LSB;label=32;scalar=64";
    class       volScalarField;
    location    "0.74";
    object      p;
}
// * * * * * * * * * * * * * * * * * * * * * * * * * * * * * * * * * * * * * //

dimensions      [0 2 -2 0 0 0 0];

internalField   nonuniform List<scalar> 
10000
(
98.2241
97.6435
97.2789
97.0124
96.8742
96.8742
97.0124
97.2789
97.6435
98.2241
89.1093
88.2616
87.7033
87.3085
87.1052
87.1052
87.3085
87.7033
88.2616
89.1093
81.5419
80.5664
79.9298
79.4862
79.2586
79.2586
79.4862
79.9298
80.5664
81.5419
76.3171
75.3149
74.6692
74.226
73.9989
73.9989
74.226
74.6692
75.3149
76.3171
72.3964
71.4015
70.7638
70.3346
70.1149
70.1149
70.3346
70.7638
71.4015
72.3964
69.221
68.2531
67.6311
67.2228
67.0142
67.0142
67.2228
67.6311
68.2531
69.221
66.6018
65.6817
65.0851
64.704
64.51
64.51
64.704
65.0851
65.6817
66.6018
64.4327
63.5838
63.0249
62.6764
62.4996
62.4996
62.6764
63.0249
63.5838
64.4327
62.6337
61.8721
61.3636
61.0524
60.8948
60.8948
61.0524
61.3636
61.8721
62.6337
61.2252
60.4637
60.0139
59.7403
59.6017
59.6017
59.7403
60.0139
60.4637
61.2252
62.3312
62.5036
62.6913
62.8178
62.8833
62.8833
62.8178
62.6913
62.5036
62.3312
62.7537
62.8483
62.9748
63.0559
63.0974
63.0974
63.0559
62.9748
62.8483
62.7537
62.7311
62.7283
62.7809
62.8092
62.8232
62.8232
62.8092
62.7809
62.7283
62.7311
62.3218
62.2289
62.2136
62.1952
62.1852
62.1852
62.1952
62.2136
62.2289
62.3218
61.728
61.5613
61.4881
61.4323
61.4029
61.4029
61.4323
61.4881
61.5613
61.728
61.0588
60.8364
60.7165
60.6326
60.5889
60.5889
60.6326
60.7165
60.8364
61.0588
60.369
60.1111
59.9574
59.8553
59.8024
59.8024
59.8553
59.9574
60.1111
60.369
59.69
59.4203
59.2483
59.1377
59.0805
59.0805
59.1377
59.2483
59.4203
59.69
59.0576
58.7922
58.6136
58.5015
58.4434
58.4434
58.5015
58.6136
58.7922
59.0576
58.575
58.2276
58.0441
57.9313
57.8726
57.8726
57.9313
58.0441
58.2276
58.575
57.7396
57.7253
57.727
57.7236
57.722
57.722
57.7236
57.727
57.7253
57.7396
58.1503
58.1338
58.135
58.1299
58.1272
58.1272
58.1299
58.135
58.1338
58.1503
58.4906
58.4556
58.4453
58.4306
58.4226
58.4226
58.4306
58.4453
58.4556
58.4906
58.544
58.4759
58.4436
58.4128
58.3965
58.3965
58.4128
58.4436
58.4759
58.544
58.4007
58.2974
58.2408
58.1941
58.1693
58.1693
58.1941
58.2408
58.2974
58.4007
58.1547
58.021
57.9421
57.8821
57.8504
57.8504
57.8821
57.9421
58.021
58.1547
57.8545
57.6985
57.6015
57.5321
57.4957
57.4957
57.5321
57.6015
57.6985
57.8545
57.5267
57.3605
57.2522
57.1779
57.1391
57.1391
57.1779
57.2522
57.3605
57.5267
57.2044
57.0356
56.9199
56.8433
56.8032
56.8032
56.8433
56.9199
57.0356
57.2044
56.9623
56.7294
56.6032
56.5228
56.481
56.481
56.5228
56.6032
56.7294
56.9623
53.0473
53.067
53.0919
53.1079
53.1163
53.1163
53.1079
53.0919
53.067
53.0473
53.2574
53.281
53.31
53.3283
53.338
53.338
53.3283
53.31
53.281
53.2574
53.436
53.4573
53.486
53.5035
53.5127
53.5127
53.5035
53.486
53.4573
53.436
53.5223
53.5332
53.5551
53.5672
53.5735
53.5735
53.5672
53.5551
53.5332
53.5223
53.5369
53.5336
53.5451
53.5498
53.5521
53.5521
53.5498
53.5451
53.5336
53.5369
53.5035
53.4854
53.4855
53.4825
53.4807
53.4807
53.4825
53.4855
53.4854
53.5035
53.4356
53.4047
53.3942
53.3845
53.3791
53.3791
53.3845
53.3942
53.4047
53.4356
53.3429
53.304
53.2852
53.2704
53.2624
53.2624
53.2704
53.2852
53.304
53.3429
53.2435
53.1988
53.1718
53.1525
53.142
53.142
53.1525
53.1718
53.1988
53.2435
53.1826
53.0941
53.0531
53.0264
53.0122
53.0122
53.0264
53.0531
53.0941
53.1826
49.848
49.8481
49.8501
49.8502
49.8504
49.8504
49.8502
49.8501
49.8481
49.848
49.9465
49.9503
49.9555
49.9577
49.9589
49.9589
49.9577
49.9555
49.9503
49.9465
50.0472
50.0524
50.0593
50.0623
50.0639
50.0639
50.0623
50.0593
50.0524
50.0472
50.1157
50.1188
50.1247
50.1266
50.1276
50.1276
50.1266
50.1247
50.1188
50.1157
50.1541
50.1529
50.156
50.1556
50.1553
50.1553
50.1556
50.156
50.1529
50.1541
50.1693
50.1628
50.162
50.159
50.1572
50.1572
50.159
50.162
50.1628
50.1693
50.1661
50.1545
50.1497
50.1441
50.1409
50.1409
50.1441
50.1497
50.1545
50.1661
50.1488
50.1335
50.1253
50.1177
50.1134
50.1134
50.1177
50.1253
50.1335
50.1488
50.1268
50.1081
50.0956
50.0855
50.08
50.08
50.0855
50.0956
50.1081
50.1268
50.1216
50.0798
50.0592
50.0449
50.0374
50.0374
50.0449
50.0592
50.0798
50.1216
46.5515
46.5545
46.5583
46.5604
46.5616
46.5616
46.5604
46.5583
46.5545
46.5515
46.5926
46.5974
46.6027
46.606
46.6077
46.6077
46.606
46.6027
46.5974
46.5926
46.6345
46.6405
46.647
46.6511
46.6532
46.6532
46.6511
46.647
46.6405
46.6345
46.6661
46.6719
46.6787
46.6827
46.6848
46.6848
46.6827
46.6787
46.6719
46.6661
46.6876
46.6922
46.6983
46.7016
46.7033
46.7033
46.7016
46.6983
46.6922
46.6876
46.7004
46.7031
46.7078
46.7101
46.7113
46.7113
46.7101
46.7078
46.7031
46.7004
46.7054
46.7061
46.7092
46.7103
46.7108
46.7108
46.7103
46.7092
46.7061
46.7054
46.7037
46.7029
46.7044
46.7045
46.7044
46.7044
46.7045
46.7044
46.7029
46.7037
46.6997
46.697
46.6962
46.6948
46.6939
46.6939
46.6948
46.6962
46.697
46.6997
46.704
46.6895
46.6837
46.6795
46.6772
46.6772
46.6795
46.6837
46.6895
46.704
43.3802
43.3807
43.3812
43.3814
43.3815
43.3815
43.3814
43.3812
43.3807
43.3802
43.3975
43.3988
43.4002
43.4009
43.4012
43.4012
43.4009
43.4002
43.3988
43.3975
43.4173
43.4193
43.4214
43.4225
43.4231
43.4231
43.4225
43.4214
43.4193
43.4173
43.4343
43.4367
43.4391
43.4404
43.4411
43.4411
43.4404
43.4391
43.4367
43.4343
43.4481
43.4504
43.4529
43.4541
43.4547
43.4547
43.4541
43.4529
43.4504
43.4481
43.4589
43.4608
43.4631
43.464
43.4645
43.4645
43.464
43.4631
43.4608
43.4589
43.4668
43.4682
43.4701
43.4707
43.471
43.471
43.4707
43.4701
43.4682
43.4668
43.4721
43.4731
43.4745
43.4748
43.4749
43.4749
43.4748
43.4745
43.4731
43.4721
43.4767
43.4769
43.4773
43.477
43.4768
43.4768
43.477
43.4773
43.4769
43.4767
43.4848
43.4798
43.4779
43.4763
43.4755
43.4755
43.4763
43.4779
43.4798
43.4848
40.1731
40.1737
40.1743
40.1747
40.1749
40.1749
40.1747
40.1743
40.1737
40.1731
40.1797
40.1807
40.1816
40.1822
40.1825
40.1825
40.1822
40.1816
40.1807
40.1797
40.1873
40.1886
40.1899
40.1907
40.1912
40.1912
40.1907
40.1899
40.1886
40.1873
40.1942
40.1958
40.1973
40.1983
40.1988
40.1988
40.1983
40.1973
40.1958
40.1942
40.2003
40.202
40.2036
40.2046
40.2051
40.2051
40.2046
40.2036
40.202
40.2003
40.2054
40.207
40.2087
40.2096
40.2101
40.2101
40.2096
40.2087
40.207
40.2054
40.2095
40.211
40.2125
40.2134
40.2138
40.2138
40.2134
40.2125
40.211
40.2095
40.2125
40.2138
40.2152
40.2159
40.2163
40.2163
40.2159
40.2152
40.2138
40.2125
40.2152
40.2162
40.2172
40.2176
40.2177
40.2177
40.2176
40.2172
40.2162
40.2152
40.2194
40.2181
40.2179
40.2177
40.2176
40.2176
40.2177
40.2179
40.2181
40.2194
36.9729
36.973
36.9732
36.9732
36.9732
36.9732
36.9732
36.9732
36.973
36.9729
36.9754
36.9757
36.9759
36.9761
36.9762
36.9762
36.9761
36.9759
36.9757
36.9754
36.9786
36.9791
36.9795
36.9797
36.9799
36.9799
36.9797
36.9795
36.9791
36.9786
36.9818
36.9825
36.9831
36.9834
36.9836
36.9836
36.9834
36.9831
36.9825
36.9818
36.985
36.9858
36.9864
36.9868
36.987
36.987
36.9868
36.9864
36.9858
36.985
36.988
36.9888
36.9896
36.99
36.9902
36.9902
36.99
36.9896
36.9888
36.988
36.9907
36.9916
36.9923
36.9928
36.993
36.993
36.9928
36.9923
36.9916
36.9907
36.9931
36.994
36.9948
36.9952
36.9954
36.9954
36.9952
36.9948
36.994
36.9931
36.9955
36.9963
36.997
36.9972
36.9974
36.9974
36.9972
36.997
36.9963
36.9955
36.9985
36.9985
36.9986
36.9987
36.9987
36.9987
36.9987
36.9986
36.9985
36.9985
33.7621
33.7622
33.7623
33.7624
33.7624
33.7624
33.7624
33.7623
33.7622
33.7621
33.7629
33.7631
33.7632
33.7633
33.7634
33.7634
33.7633
33.7632
33.7631
33.7629
33.764
33.7642
33.7644
33.7646
33.7647
33.7647
33.7646
33.7644
33.7642
33.764
33.7652
33.7655
33.7658
33.766
33.7661
33.7661
33.766
33.7658
33.7655
33.7652
33.7664
33.7668
33.7672
33.7674
33.7675
33.7675
33.7674
33.7672
33.7668
33.7664
33.7677
33.7681
33.7685
33.7688
33.7689
33.7689
33.7688
33.7685
33.7681
33.7677
33.7689
33.7693
33.7698
33.77
33.7702
33.7702
33.77
33.7698
33.7693
33.7689
33.77
33.7705
33.7709
33.7712
33.7713
33.7713
33.7712
33.7709
33.7705
33.77
33.771
33.7715
33.7719
33.7721
33.7722
33.7722
33.7721
33.7719
33.7715
33.771
33.7724
33.7725
33.7727
33.7728
33.7729
33.7729
33.7728
33.7727
33.7725
33.7724
30.5501
30.5502
30.5502
30.5502
30.5502
30.5502
30.5502
30.5502
30.5502
30.5501
30.5504
30.5504
30.5504
30.5505
30.5505
30.5505
30.5505
30.5504
30.5504
30.5504
30.5507
30.5508
30.5509
30.5509
30.551
30.551
30.5509
30.5509
30.5508
30.5507
30.5512
30.5514
30.5515
30.5515
30.5516
30.5516
30.5515
30.5515
30.5514
30.5512
30.5518
30.552
30.5521
30.5522
30.5523
30.5523
30.5522
30.5521
30.552
30.5518
30.5524
30.5527
30.5528
30.5529
30.553
30.553
30.5529
30.5528
30.5527
30.5524
30.5531
30.5533
30.5535
30.5536
30.5537
30.5537
30.5536
30.5535
30.5533
30.5531
30.5537
30.554
30.5542
30.5543
30.5544
30.5544
30.5543
30.5542
30.554
30.5537
30.5544
30.5547
30.5549
30.555
30.555
30.555
30.555
30.5549
30.5547
30.5544
30.5552
30.5553
30.5555
30.5555
30.5556
30.5556
30.5555
30.5555
30.5553
30.5552
27.3355
27.3355
27.3355
27.3355
27.3355
27.3355
27.3355
27.3355
27.3355
27.3355
27.3355
27.3355
27.3355
27.3356
27.3356
27.3356
27.3356
27.3355
27.3355
27.3355
27.3356
27.3356
27.3357
27.3357
27.3357
27.3357
27.3357
27.3357
27.3356
27.3356
27.3357
27.3358
27.3358
27.3359
27.3359
27.3359
27.3359
27.3358
27.3358
27.3357
27.3359
27.336
27.3361
27.3361
27.3361
27.3361
27.3361
27.3361
27.336
27.3359
27.3362
27.3363
27.3364
27.3364
27.3364
27.3364
27.3364
27.3364
27.3363
27.3362
27.3364
27.3365
27.3366
27.3367
27.3367
27.3367
27.3367
27.3366
27.3365
27.3364
27.3367
27.3368
27.3369
27.337
27.337
27.337
27.337
27.3369
27.3368
27.3367
27.337
27.3371
27.3372
27.3373
27.3373
27.3373
27.3373
27.3372
27.3371
27.337
27.3373
27.3374
27.3375
27.3375
27.3375
27.3375
27.3375
27.3375
27.3374
27.3373
24.1203
24.1203
24.1203
24.1203
24.1203
24.1203
24.1203
24.1203
24.1203
24.1203
24.1202
24.1202
24.1202
24.1202
24.1202
24.1202
24.1202
24.1202
24.1202
24.1202
24.1202
24.1203
24.1203
24.1203
24.1203
24.1203
24.1203
24.1203
24.1203
24.1202
24.1203
24.1203
24.1203
24.1203
24.1203
24.1203
24.1203
24.1203
24.1203
24.1203
24.1204
24.1204
24.1204
24.1204
24.1205
24.1205
24.1204
24.1204
24.1204
24.1204
24.1205
24.1205
24.1206
24.1206
24.1206
24.1206
24.1206
24.1206
24.1205
24.1205
24.1206
24.1207
24.1207
24.1207
24.1207
24.1207
24.1207
24.1207
24.1207
24.1206
24.1207
24.1208
24.1208
24.1209
24.1209
24.1209
24.1209
24.1208
24.1208
24.1207
24.1209
24.121
24.121
24.121
24.121
24.121
24.121
24.121
24.121
24.1209
24.121
24.1211
24.1211
24.1212
24.1212
24.1212
24.1212
24.1211
24.1211
24.121
20.9044
20.9044
20.9044
20.9044
20.9044
20.9044
20.9044
20.9044
20.9044
20.9044
20.9044
20.9044
20.9044
20.9044
20.9044
20.9044
20.9044
20.9044
20.9044
20.9044
20.9044
20.9044
20.9044
20.9044
20.9044
20.9044
20.9044
20.9044
20.9044
20.9044
20.9044
20.9044
20.9044
20.9044
20.9044
20.9044
20.9044
20.9044
20.9044
20.9044
20.9044
20.9044
20.9045
20.9045
20.9045
20.9045
20.9045
20.9045
20.9044
20.9044
20.9045
20.9045
20.9045
20.9045
20.9045
20.9045
20.9045
20.9045
20.9045
20.9045
20.9045
20.9045
20.9046
20.9046
20.9046
20.9046
20.9046
20.9046
20.9045
20.9045
20.9046
20.9046
20.9046
20.9046
20.9046
20.9046
20.9046
20.9046
20.9046
20.9046
20.9046
20.9046
20.9047
20.9047
20.9047
20.9047
20.9047
20.9047
20.9046
20.9046
20.9047
20.9047
20.9047
20.9047
20.9047
20.9047
20.9047
20.9047
20.9047
20.9047
17.6885
17.6885
17.6885
17.6885
17.6885
17.6885
17.6885
17.6885
17.6885
17.6885
17.6885
17.6885
17.6885
17.6885
17.6885
17.6885
17.6885
17.6885
17.6885
17.6885
17.6885
17.6885
17.6885
17.6885
17.6885
17.6885
17.6885
17.6885
17.6885
17.6885
17.6885
17.6885
17.6885
17.6885
17.6885
17.6885
17.6885
17.6885
17.6885
17.6885
17.6885
17.6885
17.6885
17.6885
17.6885
17.6885
17.6885
17.6885
17.6885
17.6885
17.6885
17.6885
17.6885
17.6885
17.6885
17.6885
17.6885
17.6885
17.6885
17.6885
17.6885
17.6885
17.6885
17.6885
17.6885
17.6885
17.6885
17.6885
17.6885
17.6885
17.6885
17.6885
17.6885
17.6886
17.6886
17.6886
17.6886
17.6885
17.6885
17.6885
17.6886
17.6886
17.6886
17.6886
17.6886
17.6886
17.6886
17.6886
17.6886
17.6886
17.6886
17.6886
17.6886
17.6886
17.6886
17.6886
17.6886
17.6886
17.6886
17.6886
14.4724
14.4724
14.4724
14.4724
14.4724
14.4724
14.4724
14.4724
14.4724
14.4724
14.4724
14.4724
14.4724
14.4724
14.4724
14.4724
14.4724
14.4724
14.4724
14.4724
14.4724
14.4724
14.4724
14.4724
14.4724
14.4724
14.4724
14.4724
14.4724
14.4724
14.4724
14.4724
14.4724
14.4724
14.4724
14.4724
14.4724
14.4724
14.4724
14.4724
14.4724
14.4724
14.4724
14.4724
14.4724
14.4724
14.4724
14.4724
14.4724
14.4724
14.4724
14.4724
14.4724
14.4724
14.4724
14.4724
14.4724
14.4724
14.4724
14.4724
14.4724
14.4724
14.4724
14.4724
14.4724
14.4724
14.4724
14.4724
14.4724
14.4724
14.4724
14.4724
14.4724
14.4724
14.4724
14.4724
14.4724
14.4724
14.4724
14.4724
14.4724
14.4724
14.4724
14.4724
14.4724
14.4724
14.4724
14.4724
14.4724
14.4724
14.4724
14.4725
14.4725
14.4725
14.4725
14.4725
14.4725
14.4725
14.4725
14.4724
11.2564
11.2564
11.2564
11.2564
11.2564
11.2564
11.2564
11.2564
11.2564
11.2564
11.2563
11.2563
11.2563
11.2563
11.2563
11.2563
11.2563
11.2563
11.2563
11.2563
11.2563
11.2563
11.2563
11.2563
11.2563
11.2563
11.2563
11.2563
11.2563
11.2563
11.2563
11.2563
11.2563
11.2563
11.2563
11.2563
11.2563
11.2563
11.2563
11.2563
11.2563
11.2563
11.2563
11.2563
11.2563
11.2563
11.2563
11.2563
11.2563
11.2563
11.2563
11.2563
11.2563
11.2563
11.2563
11.2563
11.2563
11.2563
11.2563
11.2563
11.2563
11.2563
11.2563
11.2563
11.2563
11.2563
11.2563
11.2563
11.2563
11.2563
11.2563
11.2563
11.2563
11.2563
11.2563
11.2563
11.2563
11.2563
11.2563
11.2563
11.2563
11.2563
11.2564
11.2564
11.2564
11.2564
11.2564
11.2564
11.2563
11.2563
11.2564
11.2564
11.2564
11.2564
11.2564
11.2564
11.2564
11.2564
11.2564
11.2564
8.04025
8.04025
8.04025
8.04025
8.04025
8.04025
8.04025
8.04025
8.04025
8.04025
8.04025
8.04025
8.04025
8.04025
8.04025
8.04025
8.04025
8.04025
8.04025
8.04025
8.04025
8.04025
8.04025
8.04025
8.04025
8.04025
8.04025
8.04025
8.04025
8.04025
8.04025
8.04025
8.04025
8.04024
8.04024
8.04024
8.04024
8.04025
8.04025
8.04025
8.04024
8.04024
8.04024
8.04024
8.04024
8.04024
8.04024
8.04024
8.04024
8.04024
8.04024
8.04024
8.04024
8.04024
8.04024
8.04024
8.04024
8.04024
8.04024
8.04024
8.04024
8.04024
8.04024
8.04024
8.04025
8.04025
8.04024
8.04024
8.04024
8.04024
8.04024
8.04025
8.04025
8.04025
8.04025
8.04025
8.04025
8.04025
8.04025
8.04024
8.04025
8.04025
8.04025
8.04025
8.04025
8.04025
8.04025
8.04025
8.04025
8.04025
8.04025
8.04025
8.04025
8.04025
8.04025
8.04025
8.04025
8.04025
8.04025
8.04025
4.82415
4.82415
4.82415
4.82415
4.82415
4.82415
4.82415
4.82415
4.82415
4.82415
4.82415
4.82415
4.82415
4.82415
4.82415
4.82415
4.82415
4.82415
4.82415
4.82415
4.82415
4.82415
4.82415
4.82415
4.82415
4.82415
4.82415
4.82415
4.82415
4.82415
4.82415
4.82415
4.82415
4.82415
4.82415
4.82415
4.82415
4.82415
4.82415
4.82415
4.82415
4.82415
4.82415
4.82415
4.82415
4.82415
4.82415
4.82415
4.82415
4.82415
4.82415
4.82415
4.82415
4.82415
4.82415
4.82415
4.82415
4.82415
4.82415
4.82415
4.82415
4.82415
4.82415
4.82415
4.82415
4.82415
4.82415
4.82415
4.82415
4.82415
4.82415
4.82415
4.82415
4.82415
4.82415
4.82415
4.82415
4.82415
4.82415
4.82415
4.82415
4.82415
4.82415
4.82415
4.82415
4.82415
4.82415
4.82415
4.82415
4.82415
4.82415
4.82415
4.82415
4.82415
4.82415
4.82415
4.82415
4.82415
4.82415
4.82415
1.60805
1.60805
1.60805
1.60805
1.60805
1.60805
1.60805
1.60805
1.60805
1.60805
1.60805
1.60805
1.60805
1.60805
1.60805
1.60805
1.60805
1.60805
1.60805
1.60805
1.60805
1.60805
1.60805
1.60805
1.60805
1.60805
1.60805
1.60805
1.60805
1.60805
1.60805
1.60805
1.60805
1.60805
1.60805
1.60805
1.60805
1.60805
1.60805
1.60805
1.60805
1.60805
1.60805
1.60805
1.60805
1.60805
1.60805
1.60805
1.60805
1.60805
1.60805
1.60805
1.60805
1.60805
1.60805
1.60805
1.60805
1.60805
1.60805
1.60805
1.60805
1.60805
1.60805
1.60805
1.60805
1.60805
1.60805
1.60805
1.60805
1.60805
1.60805
1.60805
1.60805
1.60805
1.60805
1.60805
1.60805
1.60805
1.60805
1.60805
1.60805
1.60805
1.60805
1.60805
1.60805
1.60805
1.60805
1.60805
1.60805
1.60805
1.60804
1.60804
1.60804
1.60804
1.60804
1.60804
1.60804
1.60804
1.60804
1.60804
98.2241
97.6435
97.2789
97.0124
96.8742
96.8742
97.0124
97.2789
97.6435
98.2241
89.1093
88.2616
87.7033
87.3085
87.1052
87.1052
87.3085
87.7033
88.2616
89.1093
81.5419
80.5664
79.9298
79.4862
79.2586
79.2586
79.4862
79.9298
80.5664
81.5419
76.3171
75.3149
74.6692
74.226
73.9989
73.9989
74.226
74.6692
75.3149
76.3171
72.3964
71.4015
70.7638
70.3346
70.1149
70.1149
70.3346
70.7638
71.4015
72.3964
69.221
68.2531
67.6311
67.2228
67.0142
67.0142
67.2228
67.6311
68.2531
69.221
66.6018
65.6817
65.0851
64.704
64.51
64.51
64.704
65.0851
65.6817
66.6018
64.4327
63.5838
63.0249
62.6764
62.4996
62.4996
62.6764
63.0249
63.5838
64.4327
62.6337
61.8721
61.3636
61.0524
60.8948
60.8948
61.0524
61.3636
61.8721
62.6337
61.2252
60.4637
60.0139
59.7403
59.6017
59.6017
59.7403
60.0139
60.4637
61.2252
62.3312
62.5036
62.6913
62.8178
62.8833
62.8833
62.8178
62.6913
62.5036
62.3312
62.7537
62.8483
62.9748
63.0559
63.0974
63.0974
63.0559
62.9748
62.8483
62.7537
62.7311
62.7283
62.7809
62.8092
62.8232
62.8232
62.8092
62.7809
62.7283
62.7311
62.3218
62.2289
62.2136
62.1952
62.1852
62.1852
62.1952
62.2136
62.2289
62.3218
61.728
61.5613
61.4881
61.4323
61.4029
61.4029
61.4323
61.4881
61.5613
61.728
61.0588
60.8364
60.7165
60.6326
60.5889
60.5889
60.6326
60.7165
60.8364
61.0588
60.369
60.1111
59.9574
59.8553
59.8024
59.8024
59.8553
59.9574
60.1111
60.369
59.69
59.4204
59.2483
59.1377
59.0805
59.0805
59.1377
59.2483
59.4204
59.69
59.0576
58.7922
58.6136
58.5015
58.4434
58.4434
58.5015
58.6136
58.7922
59.0576
58.575
58.2276
58.0442
57.9313
57.8726
57.8726
57.9313
58.0442
58.2276
58.575
57.7396
57.7253
57.727
57.7236
57.722
57.722
57.7236
57.727
57.7253
57.7396
58.1503
58.1338
58.135
58.1299
58.1272
58.1272
58.1299
58.135
58.1338
58.1504
58.4906
58.4556
58.4453
58.4306
58.4226
58.4226
58.4306
58.4453
58.4556
58.4906
58.544
58.4759
58.4436
58.4128
58.3965
58.3965
58.4128
58.4436
58.4759
58.544
58.4007
58.2974
58.2408
58.1941
58.1693
58.1693
58.1941
58.2408
58.2974
58.4007
58.1547
58.021
57.9421
57.8821
57.8504
57.8504
57.8821
57.9421
58.021
58.1547
57.8545
57.6985
57.6015
57.5321
57.4957
57.4957
57.5321
57.6015
57.6985
57.8545
57.5267
57.3605
57.2522
57.1779
57.1391
57.1391
57.1779
57.2522
57.3605
57.5267
57.2044
57.0356
56.9199
56.8433
56.8032
56.8032
56.8433
56.9199
57.0356
57.2044
56.9623
56.7294
56.6032
56.5228
56.481
56.481
56.5228
56.6032
56.7294
56.9623
53.0473
53.067
53.0919
53.1079
53.1163
53.1163
53.1079
53.0919
53.067
53.0473
53.2574
53.281
53.31
53.3283
53.338
53.338
53.3283
53.31
53.281
53.2574
53.436
53.4573
53.486
53.5035
53.5127
53.5127
53.5035
53.486
53.4573
53.436
53.5223
53.5332
53.5551
53.5672
53.5735
53.5735
53.5672
53.5551
53.5332
53.5223
53.5369
53.5336
53.5451
53.5498
53.5521
53.5521
53.5498
53.5451
53.5336
53.5369
53.5035
53.4854
53.4855
53.4825
53.4807
53.4807
53.4825
53.4855
53.4854
53.5035
53.4356
53.4047
53.3942
53.3845
53.3791
53.3791
53.3845
53.3942
53.4047
53.4356
53.3429
53.304
53.2852
53.2704
53.2624
53.2624
53.2704
53.2852
53.304
53.3429
53.2435
53.1988
53.1718
53.1525
53.142
53.142
53.1525
53.1718
53.1988
53.2435
53.1826
53.0941
53.0531
53.0264
53.0122
53.0122
53.0264
53.0531
53.0941
53.1826
49.848
49.8481
49.8501
49.8502
49.8504
49.8504
49.8502
49.8501
49.8481
49.848
49.9465
49.9503
49.9555
49.9577
49.9589
49.9589
49.9577
49.9555
49.9503
49.9465
50.0472
50.0524
50.0593
50.0623
50.0639
50.0639
50.0623
50.0593
50.0524
50.0472
50.1157
50.1188
50.1247
50.1266
50.1276
50.1276
50.1266
50.1247
50.1188
50.1157
50.1541
50.1529
50.156
50.1556
50.1553
50.1553
50.1556
50.156
50.1529
50.1541
50.1693
50.1628
50.162
50.159
50.1572
50.1572
50.159
50.162
50.1628
50.1693
50.1661
50.1545
50.1497
50.1441
50.1409
50.1409
50.1441
50.1497
50.1545
50.1661
50.1488
50.1335
50.1253
50.1177
50.1134
50.1134
50.1177
50.1253
50.1335
50.1488
50.1268
50.1081
50.0956
50.0855
50.08
50.08
50.0855
50.0956
50.1081
50.1268
50.1216
50.0798
50.0592
50.0449
50.0374
50.0374
50.0449
50.0592
50.0798
50.1216
46.5515
46.5545
46.5583
46.5604
46.5616
46.5616
46.5604
46.5583
46.5545
46.5515
46.5926
46.5974
46.6027
46.606
46.6077
46.6077
46.606
46.6027
46.5974
46.5926
46.6345
46.6405
46.647
46.6511
46.6532
46.6532
46.6511
46.647
46.6405
46.6345
46.6661
46.6719
46.6787
46.6827
46.6848
46.6848
46.6827
46.6787
46.6719
46.6661
46.6876
46.6922
46.6983
46.7016
46.7033
46.7033
46.7016
46.6983
46.6922
46.6876
46.7004
46.7031
46.7078
46.7101
46.7113
46.7113
46.7101
46.7078
46.7031
46.7004
46.7054
46.7061
46.7092
46.7103
46.7108
46.7108
46.7103
46.7092
46.7061
46.7054
46.7037
46.7029
46.7044
46.7045
46.7044
46.7044
46.7045
46.7044
46.7029
46.7037
46.6997
46.697
46.6962
46.6948
46.6939
46.6939
46.6948
46.6962
46.697
46.6997
46.704
46.6895
46.6837
46.6795
46.6772
46.6772
46.6795
46.6837
46.6895
46.704
43.3802
43.3807
43.3812
43.3814
43.3815
43.3815
43.3814
43.3812
43.3807
43.3802
43.3975
43.3988
43.4002
43.4009
43.4012
43.4012
43.4009
43.4002
43.3988
43.3975
43.4173
43.4193
43.4214
43.4225
43.4231
43.4231
43.4225
43.4214
43.4193
43.4173
43.4343
43.4367
43.4391
43.4404
43.4411
43.4411
43.4404
43.4391
43.4367
43.4343
43.4481
43.4504
43.4529
43.4541
43.4547
43.4547
43.4541
43.4529
43.4504
43.4481
43.4589
43.4608
43.4631
43.464
43.4645
43.4645
43.464
43.4631
43.4608
43.4589
43.4668
43.4682
43.4701
43.4707
43.471
43.471
43.4707
43.4701
43.4682
43.4668
43.4721
43.4731
43.4745
43.4748
43.4749
43.4749
43.4748
43.4745
43.4731
43.4721
43.4767
43.4769
43.4773
43.477
43.4768
43.4768
43.477
43.4773
43.4769
43.4767
43.4848
43.4798
43.4779
43.4763
43.4755
43.4755
43.4763
43.4779
43.4798
43.4848
40.1731
40.1737
40.1743
40.1747
40.1749
40.1749
40.1747
40.1743
40.1737
40.1731
40.1797
40.1807
40.1816
40.1822
40.1825
40.1825
40.1822
40.1816
40.1807
40.1797
40.1873
40.1886
40.1899
40.1907
40.1912
40.1912
40.1907
40.1899
40.1886
40.1873
40.1942
40.1958
40.1973
40.1983
40.1988
40.1988
40.1983
40.1973
40.1958
40.1942
40.2003
40.202
40.2036
40.2046
40.2051
40.2051
40.2046
40.2036
40.202
40.2003
40.2054
40.207
40.2087
40.2096
40.2101
40.2101
40.2096
40.2087
40.207
40.2054
40.2095
40.211
40.2125
40.2134
40.2138
40.2138
40.2134
40.2125
40.211
40.2095
40.2125
40.2138
40.2152
40.2159
40.2163
40.2163
40.2159
40.2152
40.2138
40.2125
40.2152
40.2162
40.2172
40.2176
40.2177
40.2177
40.2176
40.2172
40.2162
40.2152
40.2194
40.2181
40.2179
40.2177
40.2176
40.2176
40.2177
40.2179
40.2181
40.2194
36.9729
36.973
36.9732
36.9732
36.9732
36.9732
36.9732
36.9732
36.973
36.9729
36.9754
36.9757
36.9759
36.9761
36.9762
36.9762
36.9761
36.9759
36.9757
36.9754
36.9786
36.9791
36.9795
36.9797
36.9799
36.9799
36.9797
36.9795
36.9791
36.9786
36.9818
36.9825
36.9831
36.9834
36.9836
36.9836
36.9834
36.9831
36.9825
36.9818
36.985
36.9858
36.9864
36.9868
36.987
36.987
36.9868
36.9864
36.9858
36.985
36.988
36.9888
36.9896
36.99
36.9902
36.9902
36.99
36.9896
36.9888
36.988
36.9907
36.9916
36.9923
36.9928
36.993
36.993
36.9928
36.9923
36.9916
36.9907
36.9931
36.994
36.9948
36.9952
36.9954
36.9954
36.9952
36.9948
36.994
36.9931
36.9955
36.9963
36.997
36.9972
36.9974
36.9974
36.9972
36.997
36.9963
36.9955
36.9985
36.9985
36.9986
36.9987
36.9987
36.9987
36.9987
36.9986
36.9985
36.9985
33.7621
33.7622
33.7623
33.7624
33.7624
33.7624
33.7624
33.7623
33.7622
33.7621
33.7629
33.7631
33.7632
33.7633
33.7634
33.7634
33.7633
33.7632
33.7631
33.7629
33.764
33.7642
33.7644
33.7646
33.7647
33.7647
33.7646
33.7644
33.7642
33.764
33.7652
33.7655
33.7658
33.766
33.7661
33.7661
33.766
33.7658
33.7655
33.7652
33.7664
33.7668
33.7672
33.7674
33.7675
33.7675
33.7674
33.7672
33.7668
33.7664
33.7677
33.7681
33.7685
33.7688
33.7689
33.7689
33.7688
33.7685
33.7681
33.7677
33.7689
33.7693
33.7698
33.77
33.7702
33.7702
33.77
33.7698
33.7693
33.7689
33.77
33.7705
33.7709
33.7712
33.7713
33.7713
33.7712
33.7709
33.7705
33.77
33.771
33.7715
33.7719
33.7721
33.7722
33.7722
33.7721
33.7719
33.7715
33.771
33.7724
33.7725
33.7727
33.7728
33.7729
33.7729
33.7728
33.7727
33.7725
33.7724
30.5501
30.5502
30.5502
30.5502
30.5502
30.5502
30.5502
30.5502
30.5502
30.5501
30.5504
30.5504
30.5504
30.5505
30.5505
30.5505
30.5505
30.5504
30.5504
30.5504
30.5507
30.5508
30.5509
30.5509
30.551
30.551
30.5509
30.5509
30.5508
30.5507
30.5512
30.5514
30.5515
30.5515
30.5516
30.5516
30.5515
30.5515
30.5514
30.5512
30.5518
30.552
30.5521
30.5522
30.5523
30.5523
30.5522
30.5521
30.552
30.5518
30.5524
30.5527
30.5528
30.5529
30.553
30.553
30.5529
30.5528
30.5527
30.5524
30.5531
30.5533
30.5535
30.5536
30.5537
30.5537
30.5536
30.5535
30.5533
30.5531
30.5537
30.554
30.5542
30.5543
30.5544
30.5544
30.5543
30.5542
30.554
30.5537
30.5544
30.5547
30.5549
30.555
30.555
30.555
30.555
30.5549
30.5547
30.5544
30.5552
30.5553
30.5555
30.5555
30.5556
30.5556
30.5555
30.5555
30.5553
30.5552
27.3355
27.3355
27.3355
27.3355
27.3355
27.3355
27.3355
27.3355
27.3355
27.3355
27.3355
27.3355
27.3355
27.3356
27.3356
27.3356
27.3356
27.3355
27.3355
27.3355
27.3356
27.3356
27.3357
27.3357
27.3357
27.3357
27.3357
27.3357
27.3356
27.3356
27.3357
27.3358
27.3358
27.3359
27.3359
27.3359
27.3359
27.3358
27.3358
27.3357
27.3359
27.336
27.3361
27.3361
27.3361
27.3361
27.3361
27.3361
27.336
27.3359
27.3362
27.3363
27.3364
27.3364
27.3364
27.3364
27.3364
27.3364
27.3363
27.3362
27.3364
27.3365
27.3366
27.3367
27.3367
27.3367
27.3367
27.3366
27.3365
27.3364
27.3367
27.3368
27.3369
27.337
27.337
27.337
27.337
27.3369
27.3368
27.3367
27.337
27.3371
27.3372
27.3373
27.3373
27.3373
27.3373
27.3372
27.3371
27.337
27.3373
27.3374
27.3375
27.3375
27.3375
27.3375
27.3375
27.3375
27.3374
27.3373
24.1203
24.1203
24.1203
24.1203
24.1203
24.1203
24.1203
24.1203
24.1203
24.1203
24.1202
24.1202
24.1202
24.1202
24.1202
24.1202
24.1202
24.1202
24.1202
24.1202
24.1202
24.1203
24.1203
24.1203
24.1203
24.1203
24.1203
24.1203
24.1203
24.1202
24.1203
24.1203
24.1203
24.1203
24.1203
24.1203
24.1203
24.1203
24.1203
24.1203
24.1204
24.1204
24.1204
24.1204
24.1205
24.1205
24.1204
24.1204
24.1204
24.1204
24.1205
24.1205
24.1206
24.1206
24.1206
24.1206
24.1206
24.1206
24.1205
24.1205
24.1206
24.1207
24.1207
24.1207
24.1207
24.1207
24.1207
24.1207
24.1207
24.1206
24.1207
24.1208
24.1208
24.1209
24.1209
24.1209
24.1209
24.1208
24.1208
24.1207
24.1209
24.121
24.121
24.121
24.121
24.121
24.121
24.121
24.121
24.1209
24.121
24.1211
24.1211
24.1212
24.1212
24.1212
24.1212
24.1211
24.1211
24.121
20.9044
20.9044
20.9044
20.9044
20.9044
20.9044
20.9044
20.9044
20.9044
20.9044
20.9044
20.9044
20.9044
20.9044
20.9044
20.9044
20.9044
20.9044
20.9044
20.9044
20.9044
20.9044
20.9044
20.9044
20.9044
20.9044
20.9044
20.9044
20.9044
20.9044
20.9044
20.9044
20.9044
20.9044
20.9044
20.9044
20.9044
20.9044
20.9044
20.9044
20.9044
20.9044
20.9045
20.9045
20.9045
20.9045
20.9045
20.9045
20.9044
20.9044
20.9045
20.9045
20.9045
20.9045
20.9045
20.9045
20.9045
20.9045
20.9045
20.9045
20.9045
20.9045
20.9046
20.9046
20.9046
20.9046
20.9046
20.9046
20.9045
20.9045
20.9046
20.9046
20.9046
20.9046
20.9046
20.9046
20.9046
20.9046
20.9046
20.9046
20.9046
20.9046
20.9047
20.9047
20.9047
20.9047
20.9047
20.9047
20.9046
20.9046
20.9047
20.9047
20.9047
20.9047
20.9047
20.9047
20.9047
20.9047
20.9047
20.9047
17.6885
17.6885
17.6885
17.6885
17.6885
17.6885
17.6885
17.6885
17.6885
17.6885
17.6885
17.6885
17.6885
17.6885
17.6885
17.6885
17.6885
17.6885
17.6885
17.6885
17.6885
17.6885
17.6885
17.6885
17.6885
17.6885
17.6885
17.6885
17.6885
17.6885
17.6885
17.6885
17.6885
17.6885
17.6885
17.6885
17.6885
17.6885
17.6885
17.6885
17.6885
17.6885
17.6885
17.6885
17.6885
17.6885
17.6885
17.6885
17.6885
17.6885
17.6885
17.6885
17.6885
17.6885
17.6885
17.6885
17.6885
17.6885
17.6885
17.6885
17.6885
17.6885
17.6885
17.6885
17.6885
17.6885
17.6885
17.6885
17.6885
17.6885
17.6885
17.6885
17.6885
17.6886
17.6886
17.6886
17.6886
17.6885
17.6885
17.6885
17.6886
17.6886
17.6886
17.6886
17.6886
17.6886
17.6886
17.6886
17.6886
17.6886
17.6886
17.6886
17.6886
17.6886
17.6886
17.6886
17.6886
17.6886
17.6886
17.6886
14.4724
14.4724
14.4724
14.4724
14.4724
14.4724
14.4724
14.4724
14.4724
14.4724
14.4724
14.4724
14.4724
14.4724
14.4724
14.4724
14.4724
14.4724
14.4724
14.4724
14.4724
14.4724
14.4724
14.4724
14.4724
14.4724
14.4724
14.4724
14.4724
14.4724
14.4724
14.4724
14.4724
14.4724
14.4724
14.4724
14.4724
14.4724
14.4724
14.4724
14.4724
14.4724
14.4724
14.4724
14.4724
14.4724
14.4724
14.4724
14.4724
14.4724
14.4724
14.4724
14.4724
14.4724
14.4724
14.4724
14.4724
14.4724
14.4724
14.4724
14.4724
14.4724
14.4724
14.4724
14.4724
14.4724
14.4724
14.4724
14.4724
14.4724
14.4724
14.4724
14.4724
14.4724
14.4724
14.4724
14.4724
14.4724
14.4724
14.4724
14.4724
14.4724
14.4724
14.4724
14.4724
14.4724
14.4724
14.4724
14.4724
14.4724
14.4724
14.4725
14.4725
14.4725
14.4725
14.4725
14.4725
14.4725
14.4725
14.4724
11.2564
11.2564
11.2564
11.2564
11.2564
11.2564
11.2564
11.2564
11.2564
11.2564
11.2563
11.2563
11.2563
11.2563
11.2563
11.2563
11.2563
11.2563
11.2563
11.2563
11.2563
11.2563
11.2563
11.2563
11.2563
11.2563
11.2563
11.2563
11.2563
11.2563
11.2563
11.2563
11.2563
11.2563
11.2563
11.2563
11.2563
11.2563
11.2563
11.2563
11.2563
11.2563
11.2563
11.2563
11.2563
11.2563
11.2563
11.2563
11.2563
11.2563
11.2563
11.2563
11.2563
11.2563
11.2563
11.2563
11.2563
11.2563
11.2563
11.2563
11.2563
11.2563
11.2563
11.2563
11.2563
11.2563
11.2563
11.2563
11.2563
11.2563
11.2563
11.2563
11.2563
11.2563
11.2563
11.2563
11.2563
11.2563
11.2563
11.2563
11.2563
11.2563
11.2564
11.2564
11.2564
11.2564
11.2564
11.2564
11.2563
11.2563
11.2564
11.2564
11.2564
11.2564
11.2564
11.2564
11.2564
11.2564
11.2564
11.2564
8.04025
8.04025
8.04025
8.04025
8.04025
8.04025
8.04025
8.04025
8.04025
8.04025
8.04025
8.04025
8.04025
8.04025
8.04025
8.04025
8.04025
8.04025
8.04025
8.04025
8.04025
8.04025
8.04025
8.04025
8.04025
8.04025
8.04025
8.04025
8.04025
8.04025
8.04025
8.04025
8.04025
8.04025
8.04025
8.04025
8.04025
8.04025
8.04025
8.04025
8.04024
8.04024
8.04024
8.04024
8.04024
8.04024
8.04024
8.04024
8.04024
8.04024
8.04024
8.04024
8.04024
8.04024
8.04024
8.04024
8.04024
8.04024
8.04024
8.04024
8.04024
8.04024
8.04024
8.04025
8.04025
8.04025
8.04025
8.04024
8.04024
8.04024
8.04025
8.04025
8.04025
8.04025
8.04025
8.04025
8.04025
8.04025
8.04025
8.04025
8.04025
8.04025
8.04025
8.04025
8.04025
8.04025
8.04025
8.04025
8.04025
8.04025
8.04025
8.04025
8.04025
8.04025
8.04025
8.04025
8.04025
8.04025
8.04025
8.04025
4.82415
4.82415
4.82415
4.82415
4.82415
4.82415
4.82415
4.82415
4.82415
4.82415
4.82415
4.82415
4.82415
4.82415
4.82415
4.82415
4.82415
4.82415
4.82415
4.82415
4.82415
4.82415
4.82415
4.82415
4.82415
4.82415
4.82415
4.82415
4.82415
4.82415
4.82415
4.82415
4.82415
4.82415
4.82415
4.82415
4.82415
4.82415
4.82415
4.82415
4.82415
4.82415
4.82415
4.82415
4.82415
4.82415
4.82415
4.82415
4.82415
4.82415
4.82415
4.82415
4.82415
4.82415
4.82415
4.82415
4.82415
4.82415
4.82415
4.82415
4.82415
4.82415
4.82415
4.82415
4.82415
4.82415
4.82415
4.82415
4.82415
4.82415
4.82415
4.82415
4.82415
4.82415
4.82415
4.82415
4.82415
4.82415
4.82415
4.82415
4.82415
4.82415
4.82415
4.82415
4.82415
4.82415
4.82415
4.82415
4.82415
4.82415
4.82415
4.82415
4.82415
4.82415
4.82415
4.82415
4.82415
4.82415
4.82415
4.82415
1.60805
1.60805
1.60805
1.60805
1.60805
1.60805
1.60805
1.60805
1.60805
1.60805
1.60805
1.60805
1.60805
1.60805
1.60805
1.60805
1.60805
1.60805
1.60805
1.60805
1.60805
1.60805
1.60805
1.60805
1.60805
1.60805
1.60805
1.60805
1.60805
1.60805
1.60805
1.60805
1.60805
1.60805
1.60805
1.60805
1.60805
1.60805
1.60805
1.60805
1.60805
1.60805
1.60805
1.60805
1.60805
1.60805
1.60805
1.60805
1.60805
1.60805
1.60805
1.60805
1.60805
1.60805
1.60805
1.60805
1.60805
1.60805
1.60805
1.60805
1.60805
1.60805
1.60805
1.60805
1.60805
1.60805
1.60805
1.60805
1.60805
1.60805
1.60805
1.60805
1.60805
1.60805
1.60805
1.60805
1.60805
1.60805
1.60805
1.60805
1.60805
1.60805
1.60805
1.60805
1.60805
1.60805
1.60805
1.60805
1.60805
1.60805
1.60804
1.60804
1.60804
1.60804
1.60804
1.60804
1.60804
1.60804
1.60804
1.60804
98.2241
97.6435
97.2789
97.0124
96.8742
96.8742
97.0124
97.2789
97.6435
98.2241
89.1093
88.2616
87.7033
87.3085
87.1052
87.1052
87.3085
87.7033
88.2616
89.1093
81.5419
80.5664
79.9298
79.4862
79.2586
79.2586
79.4862
79.9298
80.5664
81.5419
76.3171
75.3149
74.6692
74.226
73.9989
73.9989
74.226
74.6692
75.3149
76.3171
72.3964
71.4015
70.7638
70.3346
70.1149
70.1149
70.3346
70.7638
71.4015
72.3964
69.221
68.2531
67.6311
67.2228
67.0142
67.0142
67.2228
67.6311
68.2531
69.221
66.6018
65.6817
65.0851
64.704
64.51
64.51
64.704
65.0851
65.6817
66.6018
64.4327
63.5838
63.0249
62.6764
62.4996
62.4996
62.6764
63.0249
63.5838
64.4327
62.6337
61.8721
61.3636
61.0524
60.8948
60.8948
61.0524
61.3636
61.8721
62.6337
61.2252
60.4637
60.0139
59.7403
59.6017
59.6017
59.7403
60.0139
60.4637
61.2252
62.3312
62.5036
62.6913
62.8178
62.8833
62.8833
62.8178
62.6913
62.5036
62.3312
62.7537
62.8483
62.9748
63.0559
63.0974
63.0974
63.0559
62.9748
62.8483
62.7537
62.7311
62.7283
62.7809
62.8092
62.8232
62.8232
62.8092
62.7809
62.7283
62.7311
62.3218
62.2289
62.2136
62.1952
62.1852
62.1852
62.1952
62.2136
62.2289
62.3218
61.728
61.5613
61.4881
61.4323
61.4029
61.4029
61.4323
61.4881
61.5613
61.728
61.0588
60.8364
60.7165
60.6326
60.5889
60.5889
60.6326
60.7165
60.8364
61.0588
60.369
60.1111
59.9574
59.8553
59.8024
59.8024
59.8553
59.9574
60.1111
60.369
59.69
59.4204
59.2483
59.1377
59.0805
59.0805
59.1377
59.2483
59.4204
59.69
59.0576
58.7922
58.6136
58.5015
58.4434
58.4434
58.5015
58.6136
58.7922
59.0576
58.575
58.2276
58.0442
57.9313
57.8726
57.8726
57.9313
58.0442
58.2276
58.575
57.7396
57.7253
57.727
57.7236
57.722
57.722
57.7236
57.727
57.7253
57.7396
58.1504
58.1338
58.135
58.1299
58.1272
58.1272
58.1299
58.135
58.1338
58.1503
58.4906
58.4556
58.4453
58.4306
58.4226
58.4226
58.4306
58.4453
58.4556
58.4906
58.544
58.4759
58.4436
58.4128
58.3965
58.3965
58.4128
58.4436
58.4759
58.544
58.4007
58.2974
58.2408
58.1941
58.1693
58.1693
58.1941
58.2408
58.2974
58.4007
58.1547
58.021
57.9421
57.8821
57.8504
57.8504
57.8821
57.9421
58.021
58.1547
57.8545
57.6985
57.6015
57.5321
57.4957
57.4957
57.5321
57.6015
57.6985
57.8545
57.5267
57.3605
57.2522
57.1779
57.1391
57.1391
57.1779
57.2522
57.3605
57.5267
57.2044
57.0356
56.9199
56.8433
56.8032
56.8032
56.8433
56.9199
57.0356
57.2044
56.9623
56.7294
56.6032
56.5228
56.481
56.481
56.5228
56.6032
56.7294
56.9623
53.0473
53.067
53.0919
53.1079
53.1163
53.1163
53.1079
53.0919
53.067
53.0473
53.2574
53.281
53.31
53.3283
53.338
53.338
53.3283
53.31
53.281
53.2574
53.436
53.4573
53.486
53.5035
53.5127
53.5127
53.5035
53.486
53.4573
53.436
53.5223
53.5332
53.5551
53.5672
53.5735
53.5735
53.5672
53.5551
53.5332
53.5223
53.5369
53.5336
53.5451
53.5498
53.5521
53.5521
53.5498
53.5451
53.5336
53.5369
53.5035
53.4854
53.4855
53.4825
53.4807
53.4807
53.4825
53.4855
53.4854
53.5035
53.4356
53.4047
53.3942
53.3845
53.3791
53.3791
53.3845
53.3942
53.4047
53.4356
53.3429
53.304
53.2852
53.2704
53.2624
53.2624
53.2704
53.2852
53.304
53.3429
53.2435
53.1988
53.1718
53.1525
53.142
53.142
53.1525
53.1718
53.1988
53.2435
53.1826
53.0941
53.0531
53.0264
53.0122
53.0122
53.0264
53.0531
53.0941
53.1826
49.848
49.8481
49.8501
49.8502
49.8504
49.8504
49.8502
49.8501
49.8481
49.848
49.9465
49.9503
49.9555
49.9577
49.9589
49.9589
49.9577
49.9555
49.9503
49.9465
50.0472
50.0524
50.0593
50.0623
50.0639
50.0639
50.0623
50.0593
50.0524
50.0472
50.1157
50.1188
50.1247
50.1266
50.1276
50.1276
50.1266
50.1247
50.1188
50.1157
50.1541
50.1529
50.156
50.1556
50.1553
50.1553
50.1556
50.156
50.1529
50.1541
50.1693
50.1628
50.162
50.159
50.1572
50.1572
50.159
50.162
50.1628
50.1693
50.1661
50.1545
50.1497
50.1441
50.1409
50.1409
50.1441
50.1497
50.1545
50.1661
50.1488
50.1335
50.1253
50.1177
50.1134
50.1134
50.1177
50.1253
50.1335
50.1488
50.1268
50.1081
50.0956
50.0855
50.08
50.08
50.0855
50.0956
50.1081
50.1268
50.1216
50.0798
50.0592
50.0449
50.0374
50.0374
50.0449
50.0592
50.0798
50.1216
46.5515
46.5545
46.5583
46.5604
46.5616
46.5616
46.5604
46.5583
46.5545
46.5515
46.5926
46.5974
46.6027
46.606
46.6077
46.6077
46.606
46.6027
46.5974
46.5926
46.6345
46.6405
46.647
46.6511
46.6532
46.6532
46.6511
46.647
46.6405
46.6345
46.6661
46.6719
46.6787
46.6827
46.6848
46.6848
46.6827
46.6787
46.6719
46.6661
46.6876
46.6922
46.6983
46.7016
46.7033
46.7033
46.7016
46.6983
46.6922
46.6876
46.7004
46.7031
46.7078
46.7101
46.7113
46.7113
46.7101
46.7078
46.7031
46.7004
46.7054
46.7061
46.7092
46.7103
46.7108
46.7108
46.7103
46.7092
46.7061
46.7054
46.7037
46.7029
46.7044
46.7045
46.7044
46.7044
46.7045
46.7044
46.7029
46.7037
46.6997
46.697
46.6962
46.6948
46.6939
46.6939
46.6948
46.6962
46.697
46.6997
46.704
46.6895
46.6837
46.6795
46.6772
46.6772
46.6795
46.6837
46.6895
46.704
43.3802
43.3807
43.3812
43.3814
43.3815
43.3815
43.3814
43.3812
43.3807
43.3802
43.3975
43.3988
43.4002
43.4009
43.4012
43.4012
43.4009
43.4002
43.3988
43.3975
43.4173
43.4193
43.4214
43.4225
43.4231
43.4231
43.4225
43.4214
43.4193
43.4173
43.4343
43.4367
43.4391
43.4404
43.4411
43.4411
43.4404
43.4391
43.4367
43.4343
43.4481
43.4504
43.4529
43.4541
43.4547
43.4547
43.4541
43.4529
43.4504
43.4481
43.4589
43.4608
43.4631
43.464
43.4645
43.4645
43.464
43.4631
43.4608
43.4589
43.4668
43.4682
43.4701
43.4707
43.471
43.471
43.4707
43.4701
43.4682
43.4668
43.4721
43.4731
43.4745
43.4748
43.4749
43.4749
43.4748
43.4745
43.4731
43.4721
43.4767
43.4769
43.4773
43.477
43.4768
43.4768
43.477
43.4773
43.4769
43.4767
43.4848
43.4798
43.4779
43.4763
43.4755
43.4755
43.4763
43.4779
43.4798
43.4848
40.1731
40.1737
40.1743
40.1747
40.1749
40.1749
40.1747
40.1743
40.1737
40.1731
40.1797
40.1807
40.1816
40.1822
40.1825
40.1825
40.1822
40.1816
40.1807
40.1797
40.1873
40.1886
40.1899
40.1907
40.1912
40.1912
40.1907
40.1899
40.1886
40.1873
40.1942
40.1958
40.1973
40.1983
40.1988
40.1988
40.1983
40.1973
40.1958
40.1942
40.2003
40.202
40.2036
40.2046
40.2051
40.2051
40.2046
40.2036
40.202
40.2003
40.2054
40.207
40.2087
40.2096
40.2101
40.2101
40.2096
40.2087
40.207
40.2054
40.2095
40.211
40.2125
40.2134
40.2138
40.2138
40.2134
40.2125
40.211
40.2095
40.2125
40.2138
40.2152
40.2159
40.2163
40.2163
40.2159
40.2152
40.2138
40.2125
40.2152
40.2162
40.2172
40.2176
40.2177
40.2177
40.2176
40.2172
40.2162
40.2152
40.2194
40.2181
40.2179
40.2177
40.2176
40.2176
40.2177
40.2179
40.2181
40.2194
36.9729
36.973
36.9732
36.9732
36.9732
36.9732
36.9732
36.9732
36.973
36.9729
36.9754
36.9757
36.9759
36.9761
36.9762
36.9762
36.9761
36.9759
36.9757
36.9754
36.9786
36.9791
36.9795
36.9797
36.9799
36.9799
36.9797
36.9795
36.9791
36.9786
36.9818
36.9825
36.9831
36.9834
36.9836
36.9836
36.9834
36.9831
36.9825
36.9818
36.985
36.9858
36.9864
36.9868
36.987
36.987
36.9868
36.9864
36.9858
36.985
36.988
36.9888
36.9896
36.99
36.9902
36.9902
36.99
36.9896
36.9888
36.988
36.9907
36.9916
36.9923
36.9928
36.993
36.993
36.9928
36.9923
36.9916
36.9907
36.9931
36.994
36.9948
36.9952
36.9954
36.9954
36.9952
36.9948
36.994
36.9931
36.9955
36.9963
36.997
36.9972
36.9974
36.9974
36.9972
36.997
36.9963
36.9955
36.9985
36.9985
36.9986
36.9987
36.9987
36.9987
36.9987
36.9986
36.9985
36.9985
33.7621
33.7622
33.7623
33.7624
33.7624
33.7624
33.7624
33.7623
33.7622
33.7621
33.7629
33.7631
33.7632
33.7633
33.7634
33.7634
33.7633
33.7632
33.7631
33.7629
33.764
33.7642
33.7644
33.7646
33.7647
33.7647
33.7646
33.7644
33.7642
33.764
33.7652
33.7655
33.7658
33.766
33.7661
33.7661
33.766
33.7658
33.7655
33.7652
33.7664
33.7668
33.7672
33.7674
33.7675
33.7675
33.7674
33.7672
33.7668
33.7664
33.7677
33.7681
33.7685
33.7688
33.7689
33.7689
33.7688
33.7685
33.7681
33.7677
33.7689
33.7693
33.7698
33.77
33.7702
33.7702
33.77
33.7698
33.7693
33.7689
33.77
33.7705
33.7709
33.7712
33.7713
33.7713
33.7712
33.7709
33.7705
33.77
33.771
33.7715
33.7719
33.7721
33.7722
33.7722
33.7721
33.7719
33.7715
33.771
33.7724
33.7725
33.7727
33.7728
33.7729
33.7729
33.7728
33.7727
33.7725
33.7724
30.5501
30.5502
30.5502
30.5502
30.5502
30.5502
30.5502
30.5502
30.5502
30.5501
30.5504
30.5504
30.5504
30.5505
30.5505
30.5505
30.5505
30.5504
30.5504
30.5504
30.5507
30.5508
30.5509
30.5509
30.551
30.551
30.5509
30.5509
30.5508
30.5507
30.5512
30.5514
30.5515
30.5515
30.5516
30.5516
30.5515
30.5515
30.5514
30.5512
30.5518
30.552
30.5521
30.5522
30.5523
30.5523
30.5522
30.5521
30.552
30.5518
30.5524
30.5527
30.5528
30.5529
30.553
30.553
30.5529
30.5528
30.5527
30.5524
30.5531
30.5533
30.5535
30.5536
30.5537
30.5537
30.5536
30.5535
30.5533
30.5531
30.5537
30.554
30.5542
30.5543
30.5544
30.5544
30.5543
30.5542
30.554
30.5537
30.5544
30.5547
30.5549
30.555
30.555
30.555
30.555
30.5549
30.5547
30.5544
30.5552
30.5553
30.5555
30.5555
30.5556
30.5556
30.5555
30.5555
30.5553
30.5552
27.3355
27.3355
27.3355
27.3355
27.3355
27.3355
27.3355
27.3355
27.3355
27.3355
27.3355
27.3355
27.3355
27.3356
27.3356
27.3356
27.3356
27.3355
27.3355
27.3355
27.3356
27.3356
27.3357
27.3357
27.3357
27.3357
27.3357
27.3357
27.3356
27.3356
27.3357
27.3358
27.3358
27.3359
27.3359
27.3359
27.3359
27.3358
27.3358
27.3357
27.3359
27.336
27.3361
27.3361
27.3361
27.3361
27.3361
27.3361
27.336
27.3359
27.3362
27.3363
27.3364
27.3364
27.3364
27.3364
27.3364
27.3364
27.3363
27.3362
27.3364
27.3365
27.3366
27.3367
27.3367
27.3367
27.3367
27.3366
27.3365
27.3364
27.3367
27.3368
27.3369
27.337
27.337
27.337
27.337
27.3369
27.3368
27.3367
27.337
27.3371
27.3372
27.3373
27.3373
27.3373
27.3373
27.3372
27.3371
27.337
27.3373
27.3374
27.3375
27.3375
27.3375
27.3375
27.3375
27.3375
27.3374
27.3373
24.1203
24.1203
24.1203
24.1203
24.1203
24.1203
24.1203
24.1203
24.1203
24.1203
24.1202
24.1202
24.1202
24.1202
24.1202
24.1202
24.1202
24.1202
24.1202
24.1202
24.1202
24.1203
24.1203
24.1203
24.1203
24.1203
24.1203
24.1203
24.1203
24.1202
24.1203
24.1203
24.1203
24.1203
24.1203
24.1203
24.1203
24.1203
24.1203
24.1203
24.1204
24.1204
24.1204
24.1204
24.1205
24.1205
24.1204
24.1204
24.1204
24.1204
24.1205
24.1205
24.1206
24.1206
24.1206
24.1206
24.1206
24.1206
24.1205
24.1205
24.1206
24.1207
24.1207
24.1207
24.1207
24.1207
24.1207
24.1207
24.1207
24.1206
24.1207
24.1208
24.1208
24.1209
24.1209
24.1209
24.1209
24.1208
24.1208
24.1207
24.1209
24.121
24.121
24.121
24.121
24.121
24.121
24.121
24.121
24.1209
24.121
24.1211
24.1211
24.1212
24.1212
24.1212
24.1212
24.1211
24.1211
24.121
20.9044
20.9044
20.9044
20.9044
20.9044
20.9044
20.9044
20.9044
20.9044
20.9044
20.9044
20.9044
20.9044
20.9044
20.9044
20.9044
20.9044
20.9044
20.9044
20.9044
20.9044
20.9044
20.9044
20.9044
20.9044
20.9044
20.9044
20.9044
20.9044
20.9044
20.9044
20.9044
20.9044
20.9044
20.9044
20.9044
20.9044
20.9044
20.9044
20.9044
20.9044
20.9044
20.9045
20.9045
20.9045
20.9045
20.9045
20.9045
20.9044
20.9044
20.9045
20.9045
20.9045
20.9045
20.9045
20.9045
20.9045
20.9045
20.9045
20.9045
20.9045
20.9045
20.9046
20.9046
20.9046
20.9046
20.9046
20.9046
20.9045
20.9045
20.9046
20.9046
20.9046
20.9046
20.9046
20.9046
20.9046
20.9046
20.9046
20.9046
20.9046
20.9046
20.9047
20.9047
20.9047
20.9047
20.9047
20.9047
20.9046
20.9046
20.9047
20.9047
20.9047
20.9047
20.9047
20.9047
20.9047
20.9047
20.9047
20.9047
17.6885
17.6885
17.6885
17.6885
17.6885
17.6885
17.6885
17.6885
17.6885
17.6885
17.6885
17.6885
17.6885
17.6885
17.6885
17.6885
17.6885
17.6885
17.6885
17.6885
17.6885
17.6885
17.6885
17.6885
17.6885
17.6885
17.6885
17.6885
17.6885
17.6885
17.6885
17.6885
17.6885
17.6885
17.6885
17.6885
17.6885
17.6885
17.6885
17.6885
17.6885
17.6885
17.6885
17.6885
17.6885
17.6885
17.6885
17.6885
17.6885
17.6885
17.6885
17.6885
17.6885
17.6885
17.6885
17.6885
17.6885
17.6885
17.6885
17.6885
17.6885
17.6885
17.6885
17.6885
17.6885
17.6885
17.6885
17.6885
17.6885
17.6885
17.6885
17.6885
17.6885
17.6886
17.6886
17.6886
17.6886
17.6885
17.6885
17.6885
17.6886
17.6886
17.6886
17.6886
17.6886
17.6886
17.6886
17.6886
17.6886
17.6886
17.6886
17.6886
17.6886
17.6886
17.6886
17.6886
17.6886
17.6886
17.6886
17.6886
14.4724
14.4724
14.4724
14.4724
14.4724
14.4724
14.4724
14.4724
14.4724
14.4724
14.4724
14.4724
14.4724
14.4724
14.4724
14.4724
14.4724
14.4724
14.4724
14.4724
14.4724
14.4724
14.4724
14.4724
14.4724
14.4724
14.4724
14.4724
14.4724
14.4724
14.4724
14.4724
14.4724
14.4724
14.4724
14.4724
14.4724
14.4724
14.4724
14.4724
14.4724
14.4724
14.4724
14.4724
14.4724
14.4724
14.4724
14.4724
14.4724
14.4724
14.4724
14.4724
14.4724
14.4724
14.4724
14.4724
14.4724
14.4724
14.4724
14.4724
14.4724
14.4724
14.4724
14.4724
14.4724
14.4724
14.4724
14.4724
14.4724
14.4724
14.4724
14.4724
14.4724
14.4724
14.4724
14.4724
14.4724
14.4724
14.4724
14.4724
14.4724
14.4724
14.4724
14.4724
14.4724
14.4724
14.4724
14.4724
14.4724
14.4724
14.4724
14.4725
14.4725
14.4725
14.4725
14.4725
14.4725
14.4725
14.4725
14.4724
11.2564
11.2564
11.2564
11.2564
11.2564
11.2564
11.2564
11.2564
11.2564
11.2564
11.2563
11.2563
11.2563
11.2563
11.2563
11.2563
11.2563
11.2563
11.2563
11.2563
11.2563
11.2563
11.2563
11.2563
11.2563
11.2563
11.2563
11.2563
11.2563
11.2563
11.2563
11.2563
11.2563
11.2563
11.2563
11.2563
11.2563
11.2563
11.2563
11.2563
11.2563
11.2563
11.2563
11.2563
11.2563
11.2563
11.2563
11.2563
11.2563
11.2563
11.2563
11.2563
11.2563
11.2563
11.2563
11.2563
11.2563
11.2563
11.2563
11.2563
11.2563
11.2563
11.2563
11.2563
11.2563
11.2563
11.2563
11.2563
11.2563
11.2563
11.2563
11.2563
11.2563
11.2563
11.2563
11.2563
11.2563
11.2563
11.2563
11.2563
11.2563
11.2563
11.2564
11.2564
11.2564
11.2564
11.2564
11.2564
11.2563
11.2563
11.2564
11.2564
11.2564
11.2564
11.2564
11.2564
11.2564
11.2564
11.2564
11.2564
8.04025
8.04025
8.04025
8.04025
8.04025
8.04025
8.04025
8.04025
8.04025
8.04025
8.04025
8.04025
8.04025
8.04025
8.04025
8.04025
8.04025
8.04025
8.04025
8.04025
8.04025
8.04025
8.04025
8.04025
8.04025
8.04025
8.04025
8.04025
8.04025
8.04025
8.04025
8.04025
8.04025
8.04025
8.04025
8.04025
8.04025
8.04025
8.04025
8.04025
8.04024
8.04024
8.04024
8.04024
8.04024
8.04024
8.04024
8.04024
8.04024
8.04024
8.04024
8.04024
8.04024
8.04024
8.04024
8.04024
8.04024
8.04024
8.04024
8.04024
8.04024
8.04024
8.04024
8.04025
8.04025
8.04025
8.04024
8.04024
8.04024
8.04024
8.04025
8.04025
8.04025
8.04025
8.04025
8.04025
8.04025
8.04025
8.04025
8.04025
8.04025
8.04025
8.04025
8.04025
8.04025
8.04025
8.04025
8.04025
8.04025
8.04025
8.04025
8.04025
8.04025
8.04025
8.04025
8.04025
8.04025
8.04025
8.04025
8.04025
4.82415
4.82415
4.82415
4.82415
4.82415
4.82415
4.82415
4.82415
4.82415
4.82415
4.82415
4.82415
4.82415
4.82415
4.82415
4.82415
4.82415
4.82415
4.82415
4.82415
4.82415
4.82415
4.82415
4.82415
4.82415
4.82415
4.82415
4.82415
4.82415
4.82415
4.82415
4.82415
4.82415
4.82415
4.82415
4.82415
4.82415
4.82415
4.82415
4.82415
4.82415
4.82415
4.82415
4.82415
4.82415
4.82415
4.82415
4.82415
4.82415
4.82415
4.82415
4.82415
4.82415
4.82415
4.82415
4.82415
4.82415
4.82415
4.82415
4.82415
4.82415
4.82415
4.82415
4.82415
4.82415
4.82415
4.82415
4.82415
4.82415
4.82415
4.82415
4.82415
4.82415
4.82415
4.82415
4.82415
4.82415
4.82415
4.82415
4.82415
4.82415
4.82415
4.82415
4.82415
4.82415
4.82415
4.82415
4.82415
4.82415
4.82415
4.82415
4.82415
4.82415
4.82415
4.82415
4.82415
4.82415
4.82415
4.82415
4.82415
1.60805
1.60805
1.60805
1.60805
1.60805
1.60805
1.60805
1.60805
1.60805
1.60805
1.60805
1.60805
1.60805
1.60805
1.60805
1.60805
1.60805
1.60805
1.60805
1.60805
1.60805
1.60805
1.60805
1.60805
1.60805
1.60805
1.60805
1.60805
1.60805
1.60805
1.60805
1.60805
1.60805
1.60805
1.60805
1.60805
1.60805
1.60805
1.60805
1.60805
1.60805
1.60805
1.60805
1.60805
1.60805
1.60805
1.60805
1.60805
1.60805
1.60805
1.60805
1.60805
1.60805
1.60805
1.60805
1.60805
1.60805
1.60805
1.60805
1.60805
1.60805
1.60805
1.60805
1.60805
1.60805
1.60805
1.60805
1.60805
1.60805
1.60805
1.60805
1.60805
1.60805
1.60805
1.60805
1.60805
1.60805
1.60805
1.60805
1.60805
1.60805
1.60805
1.60805
1.60805
1.60805
1.60805
1.60805
1.60805
1.60805
1.60805
1.60804
1.60804
1.60804
1.60804
1.60804
1.60804
1.60804
1.60804
1.60804
1.60804
98.2241
97.6435
97.2789
97.0124
96.8742
96.8742
97.0124
97.2789
97.6435
98.2241
89.1093
88.2616
87.7033
87.3085
87.1052
87.1052
87.3085
87.7033
88.2616
89.1093
81.5419
80.5664
79.9298
79.4862
79.2586
79.2586
79.4862
79.9298
80.5664
81.5419
76.3171
75.3149
74.6692
74.226
73.9989
73.9989
74.226
74.6692
75.3149
76.3171
72.3964
71.4015
70.7638
70.3346
70.1149
70.1149
70.3346
70.7638
71.4015
72.3964
69.221
68.2531
67.6311
67.2228
67.0142
67.0142
67.2228
67.6311
68.2531
69.221
66.6018
65.6817
65.0851
64.704
64.51
64.51
64.704
65.0851
65.6817
66.6018
64.4327
63.5838
63.0249
62.6764
62.4996
62.4996
62.6764
63.0249
63.5838
64.4327
62.6337
61.8721
61.3636
61.0524
60.8948
60.8948
61.0524
61.3636
61.8721
62.6337
61.2252
60.4637
60.0139
59.7403
59.6017
59.6017
59.7403
60.0139
60.4637
61.2252
62.3312
62.5036
62.6913
62.8178
62.8833
62.8833
62.8178
62.6913
62.5036
62.3312
62.7537
62.8483
62.9748
63.0559
63.0974
63.0974
63.0559
62.9748
62.8483
62.7537
62.7311
62.7283
62.7809
62.8092
62.8232
62.8232
62.8092
62.7809
62.7283
62.7311
62.3218
62.2289
62.2136
62.1952
62.1852
62.1852
62.1952
62.2136
62.2289
62.3218
61.728
61.5613
61.4881
61.4323
61.4029
61.4029
61.4323
61.4881
61.5613
61.728
61.0588
60.8364
60.7165
60.6326
60.5889
60.5889
60.6326
60.7165
60.8364
61.0588
60.369
60.1111
59.9574
59.8553
59.8024
59.8024
59.8553
59.9574
60.1111
60.369
59.69
59.4203
59.2483
59.1377
59.0805
59.0805
59.1377
59.2483
59.4203
59.69
59.0576
58.7922
58.6136
58.5015
58.4434
58.4434
58.5015
58.6136
58.7922
59.0576
58.575
58.2276
58.0441
57.9313
57.8726
57.8726
57.9313
58.0441
58.2276
58.575
57.7396
57.7253
57.727
57.7236
57.722
57.722
57.7236
57.727
57.7253
57.7396
58.1503
58.1338
58.135
58.1299
58.1272
58.1272
58.1299
58.135
58.1338
58.1503
58.4906
58.4556
58.4453
58.4306
58.4226
58.4226
58.4306
58.4453
58.4556
58.4906
58.544
58.4759
58.4436
58.4128
58.3965
58.3965
58.4128
58.4436
58.4759
58.544
58.4007
58.2974
58.2408
58.1941
58.1693
58.1693
58.1941
58.2408
58.2974
58.4007
58.1547
58.021
57.9421
57.8821
57.8504
57.8504
57.8821
57.9421
58.021
58.1547
57.8545
57.6985
57.6015
57.5321
57.4957
57.4957
57.5321
57.6015
57.6985
57.8545
57.5267
57.3605
57.2522
57.1779
57.1391
57.1391
57.1779
57.2522
57.3605
57.5267
57.2044
57.0356
56.9199
56.8433
56.8032
56.8032
56.8433
56.9199
57.0356
57.2044
56.9623
56.7294
56.6032
56.5228
56.481
56.481
56.5228
56.6032
56.7294
56.9623
53.0473
53.067
53.0919
53.1079
53.1163
53.1163
53.1079
53.0919
53.067
53.0473
53.2574
53.281
53.31
53.3283
53.338
53.338
53.3283
53.31
53.281
53.2574
53.436
53.4573
53.486
53.5035
53.5127
53.5127
53.5035
53.486
53.4573
53.436
53.5223
53.5332
53.5551
53.5672
53.5735
53.5735
53.5672
53.5551
53.5332
53.5223
53.5369
53.5336
53.5451
53.5498
53.5521
53.5521
53.5498
53.5451
53.5336
53.5369
53.5035
53.4854
53.4855
53.4825
53.4807
53.4807
53.4825
53.4855
53.4854
53.5035
53.4356
53.4047
53.3942
53.3845
53.3791
53.3791
53.3845
53.3942
53.4047
53.4356
53.3429
53.304
53.2852
53.2704
53.2624
53.2624
53.2704
53.2852
53.304
53.3429
53.2435
53.1988
53.1718
53.1525
53.142
53.142
53.1525
53.1718
53.1988
53.2435
53.1826
53.0941
53.0531
53.0264
53.0122
53.0122
53.0264
53.0531
53.0941
53.1826
49.848
49.8481
49.8501
49.8502
49.8504
49.8504
49.8502
49.8501
49.8481
49.848
49.9465
49.9503
49.9555
49.9577
49.9589
49.9589
49.9577
49.9555
49.9503
49.9465
50.0472
50.0524
50.0593
50.0623
50.0639
50.0639
50.0623
50.0593
50.0524
50.0472
50.1157
50.1188
50.1247
50.1266
50.1276
50.1276
50.1266
50.1247
50.1188
50.1157
50.1541
50.1529
50.156
50.1556
50.1553
50.1553
50.1556
50.156
50.1529
50.1541
50.1693
50.1628
50.162
50.159
50.1572
50.1572
50.159
50.162
50.1628
50.1693
50.1661
50.1545
50.1497
50.1441
50.1409
50.1409
50.1441
50.1497
50.1545
50.1661
50.1488
50.1335
50.1253
50.1177
50.1134
50.1134
50.1177
50.1253
50.1335
50.1488
50.1268
50.1081
50.0956
50.0855
50.08
50.08
50.0855
50.0956
50.1081
50.1268
50.1216
50.0798
50.0592
50.0449
50.0374
50.0374
50.0449
50.0592
50.0798
50.1216
46.5515
46.5545
46.5583
46.5604
46.5616
46.5616
46.5604
46.5583
46.5545
46.5515
46.5926
46.5974
46.6027
46.606
46.6077
46.6077
46.606
46.6027
46.5974
46.5926
46.6345
46.6405
46.647
46.6511
46.6532
46.6532
46.6511
46.647
46.6405
46.6345
46.6661
46.6719
46.6787
46.6827
46.6848
46.6848
46.6827
46.6787
46.6719
46.6661
46.6876
46.6922
46.6983
46.7016
46.7033
46.7033
46.7016
46.6983
46.6922
46.6876
46.7004
46.7031
46.7078
46.7101
46.7113
46.7113
46.7101
46.7078
46.7031
46.7004
46.7054
46.7061
46.7092
46.7103
46.7108
46.7108
46.7103
46.7092
46.7061
46.7054
46.7037
46.7029
46.7044
46.7045
46.7044
46.7044
46.7045
46.7044
46.7029
46.7037
46.6997
46.697
46.6962
46.6948
46.6939
46.6939
46.6948
46.6962
46.697
46.6997
46.704
46.6895
46.6837
46.6795
46.6772
46.6772
46.6795
46.6837
46.6895
46.704
43.3802
43.3807
43.3812
43.3814
43.3815
43.3815
43.3814
43.3812
43.3807
43.3802
43.3975
43.3988
43.4002
43.4009
43.4012
43.4012
43.4009
43.4002
43.3988
43.3975
43.4173
43.4193
43.4214
43.4225
43.4231
43.4231
43.4225
43.4214
43.4193
43.4173
43.4343
43.4367
43.4391
43.4404
43.4411
43.4411
43.4404
43.4391
43.4367
43.4343
43.4481
43.4504
43.4529
43.4541
43.4547
43.4547
43.4541
43.4529
43.4504
43.4481
43.4589
43.4608
43.4631
43.464
43.4645
43.4645
43.464
43.4631
43.4608
43.4589
43.4668
43.4682
43.4701
43.4707
43.471
43.471
43.4707
43.4701
43.4682
43.4668
43.4721
43.4731
43.4745
43.4748
43.4749
43.4749
43.4748
43.4745
43.4731
43.4721
43.4767
43.4769
43.4773
43.477
43.4768
43.4768
43.477
43.4773
43.4769
43.4767
43.4848
43.4798
43.4779
43.4763
43.4755
43.4755
43.4763
43.4779
43.4798
43.4848
40.1731
40.1737
40.1743
40.1747
40.1749
40.1749
40.1747
40.1743
40.1737
40.1731
40.1797
40.1807
40.1816
40.1822
40.1825
40.1825
40.1822
40.1816
40.1807
40.1797
40.1873
40.1886
40.1899
40.1907
40.1912
40.1912
40.1907
40.1899
40.1886
40.1873
40.1942
40.1958
40.1973
40.1983
40.1988
40.1988
40.1983
40.1973
40.1958
40.1942
40.2003
40.202
40.2036
40.2046
40.2051
40.2051
40.2046
40.2036
40.202
40.2003
40.2054
40.207
40.2087
40.2096
40.2101
40.2101
40.2096
40.2087
40.207
40.2054
40.2095
40.211
40.2125
40.2134
40.2138
40.2138
40.2134
40.2125
40.211
40.2095
40.2125
40.2138
40.2152
40.2159
40.2163
40.2163
40.2159
40.2152
40.2138
40.2125
40.2152
40.2162
40.2172
40.2176
40.2177
40.2177
40.2176
40.2172
40.2162
40.2152
40.2194
40.2181
40.2179
40.2177
40.2176
40.2176
40.2177
40.2179
40.2181
40.2194
36.9729
36.973
36.9732
36.9732
36.9732
36.9732
36.9732
36.9732
36.973
36.9729
36.9754
36.9757
36.9759
36.9761
36.9762
36.9762
36.9761
36.9759
36.9757
36.9754
36.9786
36.9791
36.9795
36.9797
36.9799
36.9799
36.9797
36.9795
36.9791
36.9786
36.9818
36.9825
36.9831
36.9834
36.9836
36.9836
36.9834
36.9831
36.9825
36.9818
36.985
36.9858
36.9864
36.9868
36.987
36.987
36.9868
36.9864
36.9858
36.985
36.988
36.9888
36.9896
36.99
36.9902
36.9902
36.99
36.9896
36.9888
36.988
36.9907
36.9916
36.9923
36.9928
36.993
36.993
36.9928
36.9923
36.9916
36.9907
36.9931
36.994
36.9948
36.9952
36.9954
36.9954
36.9952
36.9948
36.994
36.9931
36.9955
36.9963
36.997
36.9972
36.9974
36.9974
36.9972
36.997
36.9963
36.9955
36.9985
36.9985
36.9986
36.9987
36.9987
36.9987
36.9987
36.9986
36.9985
36.9985
33.7621
33.7622
33.7623
33.7624
33.7624
33.7624
33.7624
33.7623
33.7622
33.7621
33.7629
33.7631
33.7632
33.7633
33.7634
33.7634
33.7633
33.7632
33.7631
33.7629
33.764
33.7642
33.7644
33.7646
33.7647
33.7647
33.7646
33.7644
33.7642
33.764
33.7652
33.7655
33.7658
33.766
33.7661
33.7661
33.766
33.7658
33.7655
33.7652
33.7664
33.7668
33.7672
33.7674
33.7675
33.7675
33.7674
33.7672
33.7668
33.7664
33.7677
33.7681
33.7685
33.7688
33.7689
33.7689
33.7688
33.7685
33.7681
33.7677
33.7689
33.7693
33.7698
33.77
33.7702
33.7702
33.77
33.7698
33.7693
33.7689
33.77
33.7705
33.7709
33.7712
33.7713
33.7713
33.7712
33.7709
33.7705
33.77
33.771
33.7715
33.7719
33.7721
33.7722
33.7722
33.7721
33.7719
33.7715
33.771
33.7724
33.7725
33.7727
33.7728
33.7729
33.7729
33.7728
33.7727
33.7725
33.7724
30.5501
30.5502
30.5502
30.5502
30.5502
30.5502
30.5502
30.5502
30.5502
30.5501
30.5504
30.5504
30.5504
30.5505
30.5505
30.5505
30.5505
30.5504
30.5504
30.5504
30.5507
30.5508
30.5509
30.5509
30.551
30.551
30.5509
30.5509
30.5508
30.5507
30.5512
30.5514
30.5515
30.5515
30.5516
30.5516
30.5515
30.5515
30.5514
30.5512
30.5518
30.552
30.5521
30.5522
30.5523
30.5523
30.5522
30.5521
30.552
30.5518
30.5524
30.5527
30.5528
30.5529
30.553
30.553
30.5529
30.5528
30.5527
30.5524
30.5531
30.5533
30.5535
30.5536
30.5537
30.5537
30.5536
30.5535
30.5533
30.5531
30.5537
30.554
30.5542
30.5543
30.5544
30.5544
30.5543
30.5542
30.554
30.5537
30.5544
30.5547
30.5549
30.555
30.555
30.555
30.555
30.5549
30.5547
30.5544
30.5552
30.5553
30.5555
30.5555
30.5556
30.5556
30.5555
30.5555
30.5553
30.5552
27.3355
27.3355
27.3355
27.3355
27.3355
27.3355
27.3355
27.3355
27.3355
27.3355
27.3355
27.3355
27.3355
27.3356
27.3356
27.3356
27.3356
27.3355
27.3355
27.3355
27.3356
27.3356
27.3357
27.3357
27.3357
27.3357
27.3357
27.3357
27.3356
27.3356
27.3357
27.3358
27.3358
27.3359
27.3359
27.3359
27.3359
27.3358
27.3358
27.3357
27.3359
27.336
27.3361
27.3361
27.3361
27.3361
27.3361
27.3361
27.336
27.3359
27.3362
27.3363
27.3364
27.3364
27.3364
27.3364
27.3364
27.3364
27.3363
27.3362
27.3364
27.3365
27.3366
27.3367
27.3367
27.3367
27.3367
27.3366
27.3365
27.3364
27.3367
27.3368
27.3369
27.337
27.337
27.337
27.337
27.3369
27.3368
27.3367
27.337
27.3371
27.3372
27.3373
27.3373
27.3373
27.3373
27.3372
27.3371
27.337
27.3373
27.3374
27.3375
27.3375
27.3375
27.3375
27.3375
27.3375
27.3374
27.3373
24.1203
24.1203
24.1203
24.1203
24.1203
24.1203
24.1203
24.1203
24.1203
24.1203
24.1202
24.1202
24.1202
24.1202
24.1202
24.1202
24.1202
24.1202
24.1202
24.1202
24.1202
24.1203
24.1203
24.1203
24.1203
24.1203
24.1203
24.1203
24.1203
24.1202
24.1203
24.1203
24.1203
24.1203
24.1203
24.1203
24.1203
24.1203
24.1203
24.1203
24.1204
24.1204
24.1204
24.1204
24.1205
24.1205
24.1204
24.1204
24.1204
24.1204
24.1205
24.1205
24.1206
24.1206
24.1206
24.1206
24.1206
24.1206
24.1205
24.1205
24.1206
24.1207
24.1207
24.1207
24.1207
24.1207
24.1207
24.1207
24.1207
24.1206
24.1207
24.1208
24.1208
24.1209
24.1209
24.1209
24.1209
24.1208
24.1208
24.1207
24.1209
24.121
24.121
24.121
24.121
24.121
24.121
24.121
24.121
24.1209
24.121
24.1211
24.1211
24.1212
24.1212
24.1212
24.1212
24.1211
24.1211
24.121
20.9044
20.9044
20.9044
20.9044
20.9044
20.9044
20.9044
20.9044
20.9044
20.9044
20.9044
20.9044
20.9044
20.9044
20.9044
20.9044
20.9044
20.9044
20.9044
20.9044
20.9044
20.9044
20.9044
20.9044
20.9044
20.9044
20.9044
20.9044
20.9044
20.9044
20.9044
20.9044
20.9044
20.9044
20.9044
20.9044
20.9044
20.9044
20.9044
20.9044
20.9044
20.9044
20.9045
20.9045
20.9045
20.9045
20.9045
20.9045
20.9044
20.9044
20.9045
20.9045
20.9045
20.9045
20.9045
20.9045
20.9045
20.9045
20.9045
20.9045
20.9045
20.9045
20.9046
20.9046
20.9046
20.9046
20.9046
20.9046
20.9045
20.9045
20.9046
20.9046
20.9046
20.9046
20.9046
20.9046
20.9046
20.9046
20.9046
20.9046
20.9046
20.9046
20.9047
20.9047
20.9047
20.9047
20.9047
20.9047
20.9046
20.9046
20.9047
20.9047
20.9047
20.9047
20.9047
20.9047
20.9047
20.9047
20.9047
20.9047
17.6885
17.6885
17.6885
17.6885
17.6885
17.6885
17.6885
17.6885
17.6885
17.6885
17.6885
17.6885
17.6885
17.6885
17.6885
17.6885
17.6885
17.6885
17.6885
17.6885
17.6885
17.6885
17.6885
17.6885
17.6885
17.6885
17.6885
17.6885
17.6885
17.6885
17.6885
17.6885
17.6885
17.6885
17.6885
17.6885
17.6885
17.6885
17.6885
17.6885
17.6885
17.6885
17.6885
17.6885
17.6885
17.6885
17.6885
17.6885
17.6885
17.6885
17.6885
17.6885
17.6885
17.6885
17.6885
17.6885
17.6885
17.6885
17.6885
17.6885
17.6885
17.6885
17.6885
17.6885
17.6885
17.6885
17.6885
17.6885
17.6885
17.6885
17.6885
17.6885
17.6885
17.6886
17.6886
17.6886
17.6886
17.6885
17.6885
17.6885
17.6886
17.6886
17.6886
17.6886
17.6886
17.6886
17.6886
17.6886
17.6886
17.6886
17.6886
17.6886
17.6886
17.6886
17.6886
17.6886
17.6886
17.6886
17.6886
17.6886
14.4724
14.4724
14.4724
14.4724
14.4724
14.4724
14.4724
14.4724
14.4724
14.4724
14.4724
14.4724
14.4724
14.4724
14.4724
14.4724
14.4724
14.4724
14.4724
14.4724
14.4724
14.4724
14.4724
14.4724
14.4724
14.4724
14.4724
14.4724
14.4724
14.4724
14.4724
14.4724
14.4724
14.4724
14.4724
14.4724
14.4724
14.4724
14.4724
14.4724
14.4724
14.4724
14.4724
14.4724
14.4724
14.4724
14.4724
14.4724
14.4724
14.4724
14.4724
14.4724
14.4724
14.4724
14.4724
14.4724
14.4724
14.4724
14.4724
14.4724
14.4724
14.4724
14.4724
14.4724
14.4724
14.4724
14.4724
14.4724
14.4724
14.4724
14.4724
14.4724
14.4724
14.4724
14.4724
14.4724
14.4724
14.4724
14.4724
14.4724
14.4724
14.4724
14.4724
14.4724
14.4724
14.4724
14.4724
14.4724
14.4724
14.4724
14.4724
14.4725
14.4725
14.4725
14.4725
14.4725
14.4725
14.4725
14.4725
14.4724
11.2564
11.2564
11.2564
11.2564
11.2564
11.2564
11.2564
11.2564
11.2564
11.2564
11.2563
11.2563
11.2563
11.2563
11.2563
11.2563
11.2563
11.2563
11.2563
11.2563
11.2563
11.2563
11.2563
11.2563
11.2563
11.2563
11.2563
11.2563
11.2563
11.2563
11.2563
11.2563
11.2563
11.2563
11.2563
11.2563
11.2563
11.2563
11.2563
11.2563
11.2563
11.2563
11.2563
11.2563
11.2563
11.2563
11.2563
11.2563
11.2563
11.2563
11.2563
11.2563
11.2563
11.2563
11.2563
11.2563
11.2563
11.2563
11.2563
11.2563
11.2563
11.2563
11.2563
11.2563
11.2563
11.2563
11.2563
11.2563
11.2563
11.2563
11.2563
11.2563
11.2563
11.2563
11.2563
11.2563
11.2563
11.2563
11.2563
11.2563
11.2563
11.2563
11.2564
11.2564
11.2564
11.2564
11.2564
11.2564
11.2563
11.2563
11.2564
11.2564
11.2564
11.2564
11.2564
11.2564
11.2564
11.2564
11.2564
11.2564
8.04025
8.04025
8.04025
8.04025
8.04025
8.04025
8.04025
8.04025
8.04025
8.04025
8.04025
8.04025
8.04025
8.04025
8.04025
8.04025
8.04025
8.04025
8.04025
8.04025
8.04025
8.04025
8.04025
8.04025
8.04025
8.04025
8.04025
8.04025
8.04025
8.04025
8.04025
8.04025
8.04025
8.04024
8.04024
8.04024
8.04024
8.04025
8.04025
8.04025
8.04024
8.04024
8.04024
8.04024
8.04024
8.04024
8.04024
8.04024
8.04024
8.04024
8.04024
8.04024
8.04024
8.04024
8.04024
8.04024
8.04024
8.04024
8.04024
8.04024
8.04024
8.04024
8.04024
8.04024
8.04025
8.04025
8.04024
8.04024
8.04024
8.04024
8.04024
8.04025
8.04025
8.04025
8.04025
8.04025
8.04025
8.04025
8.04025
8.04024
8.04025
8.04025
8.04025
8.04025
8.04025
8.04025
8.04025
8.04025
8.04025
8.04025
8.04025
8.04025
8.04025
8.04025
8.04025
8.04025
8.04025
8.04025
8.04025
8.04025
4.82415
4.82415
4.82415
4.82415
4.82415
4.82415
4.82415
4.82415
4.82415
4.82415
4.82415
4.82415
4.82415
4.82415
4.82415
4.82415
4.82415
4.82415
4.82415
4.82415
4.82415
4.82415
4.82415
4.82415
4.82415
4.82415
4.82415
4.82415
4.82415
4.82415
4.82415
4.82415
4.82415
4.82415
4.82415
4.82415
4.82415
4.82415
4.82415
4.82415
4.82415
4.82415
4.82415
4.82415
4.82415
4.82415
4.82415
4.82415
4.82415
4.82415
4.82415
4.82415
4.82415
4.82415
4.82415
4.82415
4.82415
4.82415
4.82415
4.82415
4.82415
4.82415
4.82415
4.82415
4.82415
4.82415
4.82415
4.82415
4.82415
4.82415
4.82415
4.82415
4.82415
4.82415
4.82415
4.82415
4.82415
4.82415
4.82415
4.82415
4.82415
4.82415
4.82415
4.82415
4.82415
4.82415
4.82415
4.82415
4.82415
4.82415
4.82415
4.82415
4.82415
4.82415
4.82415
4.82415
4.82415
4.82415
4.82415
4.82415
1.60805
1.60805
1.60805
1.60805
1.60805
1.60805
1.60805
1.60805
1.60805
1.60805
1.60805
1.60805
1.60805
1.60805
1.60805
1.60805
1.60805
1.60805
1.60805
1.60805
1.60805
1.60805
1.60805
1.60805
1.60805
1.60805
1.60805
1.60805
1.60805
1.60805
1.60805
1.60805
1.60805
1.60805
1.60805
1.60805
1.60805
1.60805
1.60805
1.60805
1.60805
1.60805
1.60805
1.60805
1.60805
1.60805
1.60805
1.60805
1.60805
1.60805
1.60805
1.60805
1.60805
1.60805
1.60805
1.60805
1.60805
1.60805
1.60805
1.60805
1.60805
1.60805
1.60805
1.60805
1.60805
1.60805
1.60805
1.60805
1.60805
1.60805
1.60805
1.60805
1.60805
1.60805
1.60805
1.60805
1.60805
1.60805
1.60805
1.60805
1.60805
1.60805
1.60805
1.60805
1.60805
1.60805
1.60805
1.60805
1.60805
1.60805
1.60804
1.60804
1.60804
1.60804
1.60804
1.60804
1.60804
1.60804
1.60804
1.60804
60.2157
59.5301
59.0954
58.8185
58.6812
58.6812
58.8185
59.0954
59.5301
60.2157
59.5301
58.9441
58.5021
58.207
58.0607
58.0607
58.207
58.5021
58.9441
59.5301
59.0954
58.5021
58.0409
57.7334
57.5816
57.5816
57.7334
58.0409
58.5021
59.0954
58.8185
58.207
57.7334
57.4199
57.2656
57.2656
57.4199
57.7334
58.207
58.8185
58.6812
58.0607
57.5816
57.2656
57.1102
57.1102
57.2656
57.5816
58.0607
58.6812
58.6812
58.0607
57.5816
57.2656
57.1102
57.1102
57.2656
57.5816
58.0607
58.6812
58.8185
58.207
57.7334
57.4199
57.2656
57.2656
57.4199
57.7334
58.207
58.8185
59.0954
58.5021
58.0409
57.7334
57.5816
57.5816
57.7334
58.0409
58.5021
59.0954
59.5301
58.9441
58.5021
58.207
58.0607
58.0607
58.207
58.5021
58.9441
59.5301
60.2157
59.5301
59.0954
58.8185
58.6812
58.6812
58.8185
59.0954
59.5301
60.2157
58.0572
57.7807
57.6158
57.5072
57.452
57.452
57.5072
57.6158
57.7807
58.0572
57.7807
57.5614
57.3748
57.2446
57.1795
57.1795
57.2446
57.3748
57.5614
57.7807
57.6158
57.3748
57.1649
57.0209
56.9497
56.9497
57.0209
57.1649
57.3748
57.6158
57.5072
57.2446
57.0209
56.8696
56.7951
56.7951
56.8696
57.0209
57.2446
57.5072
57.452
57.1795
56.9497
56.7951
56.7191
56.7191
56.7951
56.9497
57.1795
57.452
57.452
57.1795
56.9497
56.7951
56.7191
56.7191
56.7951
56.9497
57.1795
57.452
57.5072
57.2446
57.0209
56.8696
56.7951
56.7951
56.8696
57.0209
57.2446
57.5072
57.6158
57.3748
57.1649
57.0209
56.9497
56.9497
57.0209
57.1649
57.3748
57.6158
57.7807
57.5614
57.3748
57.2446
57.1795
57.1795
57.2446
57.3748
57.5614
57.7807
58.0572
57.7807
57.6158
57.5072
57.452
57.452
57.5072
57.6158
57.7807
58.0572
56.5749
56.424
56.3307
56.2657
56.2323
56.2323
56.2657
56.3307
56.424
56.575
56.424
56.3038
56.1904
56.1083
56.0669
56.0669
56.1083
56.1904
56.3038
56.424
56.3307
56.1904
56.0581
55.9654
55.9194
55.9194
55.9654
56.0581
56.1904
56.3307
56.2657
56.1083
55.9654
55.8673
55.8189
55.819
55.8673
55.9654
56.1083
56.2657
56.2323
56.0669
55.9194
55.8189
55.7694
55.7694
55.819
55.9194
56.0669
56.2323
56.2323
56.0669
55.9194
55.819
55.7694
55.7694
55.819
55.9194
56.0669
56.2323
56.2657
56.1083
55.9654
55.8673
55.819
55.819
55.8673
55.9654
56.1083
56.2657
56.3307
56.1904
56.0581
55.9654
55.9194
55.9194
55.9654
56.0581
56.1904
56.3307
56.424
56.3038
56.1904
56.1083
56.0669
56.0669
56.1083
56.1904
56.3038
56.424
56.575
56.424
56.3307
56.2657
56.2323
56.2323
56.2657
56.3307
56.424
56.575
52.9868
52.952
52.9327
52.9169
52.9085
52.9085
52.9169
52.9327
52.952
52.9868
52.952
52.9265
52.8917
52.8641
52.8502
52.8502
52.8641
52.8917
52.9265
52.952
52.9327
52.8917
52.8448
52.8107
52.7939
52.7939
52.8107
52.8448
52.8917
52.9327
52.9169
52.8641
52.8107
52.7735
52.7552
52.7552
52.7735
52.8107
52.8641
52.9169
52.9085
52.8502
52.7939
52.7552
52.7363
52.7363
52.7552
52.7939
52.8502
52.9085
52.9085
52.8502
52.7939
52.7552
52.7363
52.7363
52.7552
52.7939
52.8502
52.9085
52.9169
52.8641
52.8107
52.7735
52.7552
52.7552
52.7735
52.8107
52.8641
52.9169
52.9327
52.8917
52.8448
52.8107
52.7939
52.7939
52.8107
52.8448
52.8917
52.9327
52.952
52.9265
52.8917
52.8641
52.8502
52.8502
52.8641
52.8917
52.9265
52.952
52.9868
52.952
52.9327
52.9169
52.9085
52.9085
52.9169
52.9327
52.952
52.9868
50.0194
50.0125
50.0084
50.0034
50.0006
50.0006
50.0034
50.0084
50.0125
50.0194
50.0125
50.0091
49.9967
49.9857
49.9801
49.9801
49.9857
49.9967
50.0091
50.0125
50.0084
49.9967
49.9781
49.9638
49.9568
49.9568
49.9638
49.9781
49.9967
50.0084
50.0034
49.9857
49.9638
49.9481
49.9403
49.9403
49.9481
49.9638
49.9857
50.0034
50.0006
49.9801
49.9568
49.9403
49.9322
49.9322
49.9403
49.9568
49.9801
50.0006
50.0006
49.9801
49.9568
49.9403
49.9322
49.9322
49.9403
49.9568
49.9801
50.0006
50.0034
49.9857
49.9638
49.9481
49.9403
49.9403
49.9481
49.9638
49.9857
50.0034
50.0084
49.9967
49.9781
49.9638
49.9568
49.9568
49.9638
49.9781
49.9967
50.0084
50.0125
50.0091
49.9967
49.9857
49.9801
49.9801
49.9857
49.9967
50.0091
50.0125
50.0194
50.0125
50.0084
50.0034
50.0006
50.0006
50.0034
50.0084
50.0125
50.0194
46.6553
46.6586
46.6612
46.6617
46.6619
46.6619
46.6617
46.6612
46.6586
46.6553
46.6586
46.6622
46.6601
46.6573
46.6559
46.6559
46.6573
46.6601
46.6622
46.6586
46.6612
46.6601
46.6547
46.6503
46.6482
46.6482
46.6503
46.6547
46.6601
46.6612
46.6617
46.6573
46.6503
46.6452
46.6427
46.6427
46.6452
46.6503
46.6573
46.6617
46.6619
46.6559
46.6482
46.6427
46.64
46.64
46.6427
46.6482
46.6559
46.6619
46.6619
46.6559
46.6482
46.6427
46.64
46.64
46.6427
46.6482
46.6559
46.6619
46.6617
46.6573
46.6503
46.6452
46.6427
46.6427
46.6452
46.6503
46.6573
46.6617
46.6612
46.6601
46.6547
46.6503
46.6482
46.6482
46.6503
46.6547
46.6601
46.6612
46.6586
46.6622
46.6601
46.6573
46.6559
46.6559
46.6573
46.6601
46.6622
46.6586
46.6553
46.6586
46.6612
46.6617
46.6619
46.6619
46.6617
46.6612
46.6586
46.6553
43.4646
43.4687
43.4715
43.4728
43.4733
43.4733
43.4728
43.4715
43.4687
43.4646
43.4687
43.473
43.4738
43.4737
43.4736
43.4736
43.4737
43.4738
43.473
43.4687
43.4715
43.4738
43.4733
43.4725
43.4722
43.4722
43.4725
43.4733
43.4738
43.4715
43.4728
43.4737
43.4725
43.4715
43.4711
43.4711
43.4715
43.4725
43.4737
43.4728
43.4733
43.4736
43.4722
43.4711
43.4705
43.4705
43.4711
43.4722
43.4736
43.4733
43.4733
43.4736
43.4722
43.4711
43.4705
43.4705
43.4711
43.4722
43.4736
43.4733
43.4728
43.4737
43.4725
43.4715
43.4711
43.4711
43.4715
43.4725
43.4737
43.4728
43.4715
43.4738
43.4733
43.4725
43.4722
43.4722
43.4725
43.4733
43.4738
43.4715
43.4687
43.473
43.4738
43.4737
43.4736
43.4736
43.4737
43.4738
43.473
43.4687
43.4646
43.4687
43.4715
43.4728
43.4733
43.4733
43.4728
43.4715
43.4687
43.4646
40.2108
40.2135
40.2154
40.2163
40.2168
40.2168
40.2163
40.2154
40.2135
40.2108
40.2135
40.2161
40.217
40.2173
40.2175
40.2175
40.2173
40.217
40.2161
40.2135
40.2154
40.217
40.2173
40.2173
40.2174
40.2174
40.2173
40.2173
40.217
40.2154
40.2163
40.2173
40.2173
40.2173
40.2173
40.2173
40.2173
40.2173
40.2173
40.2163
40.2168
40.2175
40.2174
40.2173
40.2172
40.2172
40.2173
40.2174
40.2175
40.2168
40.2168
40.2175
40.2174
40.2173
40.2172
40.2172
40.2173
40.2174
40.2175
40.2168
40.2163
40.2173
40.2173
40.2173
40.2173
40.2173
40.2173
40.2173
40.2173
40.2163
40.2154
40.217
40.2173
40.2173
40.2174
40.2174
40.2173
40.2173
40.217
40.2154
40.2135
40.2161
40.217
40.2173
40.2175
40.2175
40.2173
40.217
40.2161
40.2135
40.2108
40.2135
40.2154
40.2163
40.2168
40.2168
40.2163
40.2154
40.2135
40.2108
36.9957
36.9974
36.9985
36.9992
36.9995
36.9995
36.9992
36.9985
36.9974
36.9957
36.9974
36.9991
36.9999
37.0003
37.0005
37.0005
37.0003
36.9999
36.9991
36.9974
36.9985
36.9999
37.0005
37.0008
37.001
37.001
37.0008
37.0005
36.9999
36.9985
36.9992
37.0003
37.0008
37.0012
37.0013
37.0013
37.0012
37.0008
37.0003
36.9992
36.9995
37.0005
37.001
37.0013
37.0015
37.0015
37.0013
37.001
37.0005
36.9995
36.9995
37.0005
37.001
37.0013
37.0015
37.0015
37.0013
37.001
37.0005
36.9995
36.9992
37.0003
37.0008
37.0012
37.0013
37.0013
37.0012
37.0008
37.0003
36.9992
36.9985
36.9999
37.0005
37.0008
37.001
37.001
37.0008
37.0005
36.9999
36.9985
36.9974
36.9991
36.9999
37.0003
37.0005
37.0005
37.0003
36.9999
36.9991
36.9974
36.9957
36.9974
36.9985
36.9992
36.9995
36.9995
36.9992
36.9985
36.9974
36.9957
33.7714
33.7722
33.7728
33.7731
33.7733
33.7733
33.7731
33.7728
33.7722
33.7714
33.7722
33.773
33.7734
33.7737
33.7738
33.7738
33.7737
33.7734
33.773
33.7722
33.7728
33.7734
33.7738
33.774
33.7741
33.7741
33.774
33.7738
33.7734
33.7728
33.7731
33.7737
33.774
33.7742
33.7743
33.7743
33.7742
33.774
33.7737
33.7731
33.7733
33.7738
33.7741
33.7743
33.7744
33.7744
33.7743
33.7741
33.7738
33.7733
33.7733
33.7738
33.7741
33.7743
33.7744
33.7744
33.7743
33.7741
33.7738
33.7733
33.7731
33.7737
33.774
33.7742
33.7743
33.7743
33.7742
33.774
33.7737
33.7731
33.7728
33.7734
33.7738
33.774
33.7741
33.7741
33.774
33.7738
33.7734
33.7728
33.7722
33.773
33.7734
33.7737
33.7738
33.7738
33.7737
33.7734
33.773
33.7722
33.7714
33.7722
33.7728
33.7731
33.7733
33.7733
33.7731
33.7728
33.7722
33.7714
30.555
30.5554
30.5557
30.5559
30.556
30.556
30.5559
30.5557
30.5554
30.555
30.5554
30.5558
30.5561
30.5563
30.5563
30.5563
30.5563
30.5561
30.5558
30.5554
30.5557
30.5561
30.5563
30.5565
30.5566
30.5566
30.5565
30.5563
30.5561
30.5557
30.5559
30.5563
30.5565
30.5567
30.5568
30.5568
30.5567
30.5565
30.5563
30.5559
30.556
30.5563
30.5566
30.5568
30.5568
30.5568
30.5568
30.5566
30.5563
30.556
30.556
30.5563
30.5566
30.5568
30.5568
30.5568
30.5568
30.5566
30.5563
30.556
30.5559
30.5563
30.5565
30.5567
30.5568
30.5568
30.5567
30.5565
30.5563
30.5559
30.5557
30.5561
30.5563
30.5565
30.5566
30.5566
30.5565
30.5563
30.5561
30.5557
30.5554
30.5558
30.5561
30.5563
30.5563
30.5563
30.5563
30.5561
30.5558
30.5554
30.555
30.5554
30.5557
30.5559
30.556
30.556
30.5559
30.5557
30.5554
30.555
27.3373
27.3375
27.3376
27.3377
27.3377
27.3377
27.3377
27.3376
27.3375
27.3373
27.3375
27.3376
27.3378
27.3378
27.3379
27.3379
27.3378
27.3378
27.3376
27.3375
27.3376
27.3378
27.3379
27.3379
27.338
27.338
27.3379
27.3379
27.3378
27.3376
27.3377
27.3378
27.3379
27.338
27.3381
27.3381
27.338
27.3379
27.3378
27.3377
27.3377
27.3379
27.338
27.3381
27.3381
27.3381
27.3381
27.338
27.3379
27.3377
27.3377
27.3379
27.338
27.3381
27.3381
27.3381
27.3381
27.338
27.3379
27.3377
27.3377
27.3378
27.3379
27.338
27.3381
27.3381
27.338
27.3379
27.3378
27.3377
27.3376
27.3378
27.3379
27.3379
27.338
27.338
27.3379
27.3379
27.3378
27.3376
27.3375
27.3376
27.3378
27.3378
27.3379
27.3379
27.3378
27.3378
27.3376
27.3375
27.3373
27.3375
27.3376
27.3377
27.3377
27.3377
27.3377
27.3376
27.3375
27.3373
24.1211
24.1212
24.1212
24.1213
24.1213
24.1213
24.1213
24.1212
24.1212
24.1211
24.1212
24.1213
24.1213
24.1214
24.1214
24.1214
24.1214
24.1213
24.1213
24.1212
24.1212
24.1213
24.1214
24.1214
24.1215
24.1215
24.1214
24.1214
24.1213
24.1212
24.1213
24.1214
24.1214
24.1215
24.1215
24.1215
24.1215
24.1214
24.1214
24.1213
24.1213
24.1214
24.1215
24.1215
24.1215
24.1215
24.1215
24.1215
24.1214
24.1213
24.1213
24.1214
24.1215
24.1215
24.1215
24.1215
24.1215
24.1215
24.1214
24.1213
24.1213
24.1214
24.1214
24.1215
24.1215
24.1215
24.1215
24.1214
24.1214
24.1213
24.1212
24.1213
24.1214
24.1214
24.1215
24.1215
24.1214
24.1214
24.1213
24.1212
24.1212
24.1213
24.1213
24.1214
24.1214
24.1214
24.1214
24.1213
24.1213
24.1212
24.1211
24.1212
24.1212
24.1213
24.1213
24.1213
24.1213
24.1212
24.1212
24.1211
20.9047
20.9047
20.9048
20.9048
20.9048
20.9048
20.9048
20.9048
20.9047
20.9047
20.9047
20.9048
20.9048
20.9048
20.9048
20.9048
20.9048
20.9048
20.9048
20.9047
20.9048
20.9048
20.9048
20.9048
20.9049
20.9049
20.9048
20.9048
20.9048
20.9048
20.9048
20.9048
20.9048
20.9049
20.9049
20.9049
20.9049
20.9048
20.9048
20.9048
20.9048
20.9048
20.9049
20.9049
20.9049
20.9049
20.9049
20.9049
20.9048
20.9048
20.9048
20.9048
20.9049
20.9049
20.9049
20.9049
20.9049
20.9049
20.9048
20.9048
20.9048
20.9048
20.9048
20.9049
20.9049
20.9049
20.9049
20.9048
20.9048
20.9048
20.9048
20.9048
20.9048
20.9048
20.9049
20.9049
20.9048
20.9048
20.9048
20.9048
20.9047
20.9048
20.9048
20.9048
20.9048
20.9048
20.9048
20.9048
20.9048
20.9047
20.9047
20.9047
20.9048
20.9048
20.9048
20.9048
20.9048
20.9048
20.9047
20.9047
17.6886
17.6886
17.6886
17.6886
17.6886
17.6886
17.6886
17.6886
17.6886
17.6886
17.6886
17.6886
17.6886
17.6887
17.6887
17.6887
17.6887
17.6886
17.6886
17.6886
17.6886
17.6886
17.6887
17.6887
17.6887
17.6887
17.6887
17.6887
17.6886
17.6886
17.6886
17.6887
17.6887
17.6887
17.6887
17.6887
17.6887
17.6887
17.6887
17.6886
17.6886
17.6887
17.6887
17.6887
17.6887
17.6887
17.6887
17.6887
17.6887
17.6886
17.6886
17.6887
17.6887
17.6887
17.6887
17.6887
17.6887
17.6887
17.6887
17.6886
17.6886
17.6887
17.6887
17.6887
17.6887
17.6887
17.6887
17.6887
17.6887
17.6886
17.6886
17.6886
17.6887
17.6887
17.6887
17.6887
17.6887
17.6887
17.6886
17.6886
17.6886
17.6886
17.6886
17.6887
17.6887
17.6887
17.6887
17.6886
17.6886
17.6886
17.6886
17.6886
17.6886
17.6886
17.6886
17.6886
17.6886
17.6886
17.6886
17.6886
14.4725
14.4725
14.4725
14.4725
14.4725
14.4725
14.4725
14.4725
14.4725
14.4725
14.4725
14.4725
14.4725
14.4725
14.4725
14.4725
14.4725
14.4725
14.4725
14.4725
14.4725
14.4725
14.4725
14.4725
14.4725
14.4725
14.4725
14.4725
14.4725
14.4725
14.4725
14.4725
14.4725
14.4725
14.4725
14.4725
14.4725
14.4725
14.4725
14.4725
14.4725
14.4725
14.4725
14.4725
14.4725
14.4725
14.4725
14.4725
14.4725
14.4725
14.4725
14.4725
14.4725
14.4725
14.4725
14.4725
14.4725
14.4725
14.4725
14.4725
14.4725
14.4725
14.4725
14.4725
14.4725
14.4725
14.4725
14.4725
14.4725
14.4725
14.4725
14.4725
14.4725
14.4725
14.4725
14.4725
14.4725
14.4725
14.4725
14.4725
14.4725
14.4725
14.4725
14.4725
14.4725
14.4725
14.4725
14.4725
14.4725
14.4725
14.4725
14.4725
14.4725
14.4725
14.4725
14.4725
14.4725
14.4725
14.4725
14.4725
11.2564
11.2564
11.2564
11.2564
11.2564
11.2564
11.2564
11.2564
11.2564
11.2564
11.2564
11.2564
11.2564
11.2564
11.2564
11.2564
11.2564
11.2564
11.2564
11.2564
11.2564
11.2564
11.2564
11.2564
11.2564
11.2564
11.2564
11.2564
11.2564
11.2564
11.2564
11.2564
11.2564
11.2564
11.2564
11.2564
11.2564
11.2564
11.2564
11.2564
11.2564
11.2564
11.2564
11.2564
11.2564
11.2564
11.2564
11.2564
11.2564
11.2564
11.2564
11.2564
11.2564
11.2564
11.2564
11.2564
11.2564
11.2564
11.2564
11.2564
11.2564
11.2564
11.2564
11.2564
11.2564
11.2564
11.2564
11.2564
11.2564
11.2564
11.2564
11.2564
11.2564
11.2564
11.2564
11.2564
11.2564
11.2564
11.2564
11.2564
11.2564
11.2564
11.2564
11.2564
11.2564
11.2564
11.2564
11.2564
11.2564
11.2564
11.2564
11.2564
11.2564
11.2564
11.2564
11.2564
11.2564
11.2564
11.2564
11.2564
8.04025
8.04025
8.04025
8.04025
8.04025
8.04025
8.04025
8.04025
8.04025
8.04025
8.04025
8.04025
8.04025
8.04025
8.04025
8.04025
8.04025
8.04025
8.04025
8.04025
8.04025
8.04025
8.04025
8.04025
8.04025
8.04025
8.04025
8.04025
8.04025
8.04025
8.04025
8.04025
8.04025
8.04025
8.04025
8.04025
8.04025
8.04025
8.04025
8.04025
8.04025
8.04025
8.04025
8.04025
8.04025
8.04025
8.04025
8.04025
8.04025
8.04025
8.04025
8.04025
8.04025
8.04025
8.04025
8.04025
8.04025
8.04025
8.04025
8.04025
8.04025
8.04025
8.04025
8.04025
8.04025
8.04025
8.04025
8.04025
8.04025
8.04025
8.04025
8.04025
8.04025
8.04025
8.04025
8.04025
8.04025
8.04025
8.04025
8.04025
8.04025
8.04025
8.04025
8.04025
8.04025
8.04025
8.04025
8.04025
8.04025
8.04025
8.04025
8.04025
8.04025
8.04025
8.04025
8.04025
8.04025
8.04025
8.04025
8.04025
4.82415
4.82415
4.82415
4.82415
4.82415
4.82415
4.82415
4.82415
4.82415
4.82415
4.82415
4.82415
4.82415
4.82415
4.82415
4.82415
4.82415
4.82415
4.82415
4.82415
4.82415
4.82415
4.82415
4.82415
4.82415
4.82415
4.82415
4.82415
4.82415
4.82415
4.82415
4.82415
4.82415
4.82415
4.82415
4.82415
4.82414
4.82414
4.82414
4.82415
4.82415
4.82415
4.82415
4.82415
4.82415
4.82414
4.82414
4.82414
4.82414
4.82415
4.82415
4.82415
4.82415
4.82415
4.82414
4.82414
4.82414
4.82414
4.82414
4.82415
4.82415
4.82415
4.82415
4.82414
4.82414
4.82414
4.82414
4.82414
4.82414
4.82415
4.82415
4.82415
4.82415
4.82414
4.82414
4.82414
4.82414
4.82414
4.82414
4.82415
4.82415
4.82415
4.82415
4.82414
4.82414
4.82414
4.82414
4.82414
4.82414
4.82415
4.82415
4.82415
4.82415
4.82415
4.82415
4.82415
4.82415
4.82415
4.82415
4.82415
1.60804
1.60804
1.60804
1.60804
1.60804
1.60804
1.60804
1.60804
1.60804
1.60804
1.60804
1.60804
1.60804
1.60804
1.60804
1.60804
1.60804
1.60804
1.60804
1.60804
1.60804
1.60804
1.60804
1.60804
1.60804
1.60804
1.60804
1.60804
1.60804
1.60804
1.60804
1.60804
1.60804
1.60804
1.60804
1.60804
1.60804
1.60804
1.60804
1.60804
1.60804
1.60804
1.60804
1.60804
1.60804
1.60804
1.60804
1.60804
1.60804
1.60804
1.60804
1.60804
1.60804
1.60804
1.60804
1.60804
1.60804
1.60804
1.60804
1.60804
1.60804
1.60804
1.60804
1.60804
1.60804
1.60804
1.60804
1.60804
1.60804
1.60804
1.60804
1.60804
1.60804
1.60804
1.60804
1.60804
1.60804
1.60804
1.60804
1.60804
1.60804
1.60804
1.60804
1.60804
1.60804
1.60804
1.60804
1.60804
1.60804
1.60804
1.60804
1.60804
1.60804
1.60804
1.60804
1.60804
1.60804
1.60804
1.60804
1.60804
)
;

boundaryField
{
    fixedWalls
    {
        type            zeroGradient;
    }
    inlet
    {
        type            fixedGradient;
        gradient        uniform 0;
    }
    outlet
    {
        type            fixedValue;
        value           uniform 0;
    }
}


// ************************************************************************* //
