/*--------------------------------*- C++ -*----------------------------------*\
| =========                 |                                                 |
| \\      /  F ield         | OpenFOAM: The Open Source CFD Toolbox           |
|  \\    /   O peration     | Version:  2106                                  |
|   \\  /    A nd           | Website:  www.openfoam.com                      |
|    \\/     M anipulation  |                                                 |
\*---------------------------------------------------------------------------*/
FoamFile
{
    version     2.0;
    format      ascii;
    arch        "LSB;label=32;scalar=64";
    class       volScalarField;
    location    "0.37";
    object      p;
}
// * * * * * * * * * * * * * * * * * * * * * * * * * * * * * * * * * * * * * //

dimensions      [0 2 -2 0 0 0 0];

internalField   nonuniform List<scalar> 
10000
(
98.9715
98.3909
98.0263
97.7598
97.6216
97.6216
97.7598
98.0263
98.3909
98.9715
89.8545
89.0066
88.4481
88.0533
87.85
87.85
88.0533
88.4482
89.0066
89.8545
82.2845
81.3087
80.6718
80.2281
80.0004
80.0004
80.2281
80.6718
81.3087
82.2845
77.0574
76.055
75.4091
74.9657
74.7386
74.7386
74.9657
75.4091
76.055
77.0574
73.1354
72.1404
71.5025
71.0734
70.8536
70.8536
71.0734
71.5025
72.1405
73.1355
69.9597
68.992
68.3701
67.9621
67.7535
67.7535
67.9621
68.3701
68.992
69.9597
67.3414
66.422
65.8259
65.4452
65.2514
65.2514
65.4452
65.8259
66.422
67.3414
65.1743
64.3265
63.7685
63.4208
63.2444
63.2444
63.4208
63.7685
64.3266
65.1743
63.3782
62.6183
62.1112
61.8011
61.6441
61.6441
61.8011
62.1112
62.6183
63.3782
61.9723
61.2139
60.7663
60.4941
60.3562
60.3562
60.4941
60.7663
61.2139
61.9724
63.0827
63.255
63.4424
63.5688
63.6343
63.6343
63.5688
63.4424
63.255
63.0827
63.5012
63.5954
63.7215
63.8024
63.8438
63.8438
63.8024
63.7215
63.5954
63.5012
63.4741
63.4708
63.5229
63.5509
63.5648
63.5648
63.5509
63.5229
63.4708
63.4741
63.0611
62.9677
62.9518
62.9332
62.923
62.923
62.9332
62.9519
62.9677
63.0611
62.4645
62.2974
62.2237
62.1676
62.1381
62.1381
62.1676
62.2237
62.2974
62.4646
61.7933
61.5706
61.4502
61.3661
61.3223
61.3223
61.3661
61.4502
61.5706
61.7933
61.1022
60.8441
60.69
60.5878
60.5349
60.5349
60.5878
60.69
60.8441
61.1022
60.4226
60.1529
59.9806
59.8699
59.8128
59.8128
59.8699
59.9806
60.1529
60.4226
59.7897
59.5244
59.3459
59.234
59.176
59.176
59.234
59.3459
59.5244
59.7897
59.305
58.9597
58.7771
58.665
58.6066
58.6066
58.665
58.7771
58.9597
59.305
58.483
58.4684
58.47
58.4664
58.4647
58.4647
58.4664
58.47
58.4685
58.483
58.8888
58.8719
58.8726
58.8673
58.8645
58.8645
58.8673
58.8726
58.8719
58.8888
59.2236
59.1881
59.1772
59.1621
59.154
59.154
59.1621
59.1772
59.1881
59.2236
59.2726
59.2038
59.1708
59.1397
59.1231
59.1231
59.1397
59.1708
59.2038
59.2726
59.1257
59.0218
58.9644
58.9173
58.8924
58.8924
58.9173
58.9644
59.0218
59.1257
58.8769
58.7425
58.6628
58.6024
58.5706
58.5706
58.6024
58.6628
58.7425
58.8769
58.5743
58.4177
58.3199
58.2501
58.2136
58.2136
58.2501
58.3199
58.4177
58.5743
58.2447
58.0778
57.9688
57.8941
57.8551
57.8551
57.8941
57.9688
58.0778
58.2447
57.9203
57.751
57.6348
57.558
57.5179
57.5179
57.558
57.6348
57.751
57.9203
57.6743
57.443
57.3172
57.237
57.1953
57.1953
57.237
57.3172
57.443
57.6743
53.7696
53.7891
53.8138
53.8296
53.838
53.838
53.8296
53.8138
53.7891
53.7696
53.9751
53.9983
54.0268
54.0449
54.0545
54.0545
54.0449
54.0268
53.9983
53.9751
54.1486
54.1693
54.1974
54.2146
54.2236
54.2236
54.2146
54.1974
54.1693
54.1486
54.2306
54.2409
54.262
54.2738
54.2799
54.2799
54.2738
54.262
54.2409
54.2306
54.2417
54.2377
54.2484
54.2527
54.2548
54.2548
54.2527
54.2484
54.2377
54.2417
54.2053
54.1864
54.1858
54.1823
54.1804
54.1804
54.1823
54.1858
54.1865
54.2053
54.1349
54.1032
54.0919
54.0817
54.0762
54.0762
54.0817
54.0919
54.1032
54.1349
54.0401
54.0004
53.9806
53.9655
53.9573
53.9573
53.9655
53.9806
54.0004
54.0401
53.9383
53.8929
53.8652
53.8456
53.8349
53.8349
53.8456
53.8652
53.8929
53.9383
53.8733
53.7859
53.7451
53.7184
53.7043
53.7043
53.7184
53.7451
53.7859
53.8733
50.5378
50.5377
50.5395
50.5395
50.5395
50.5395
50.5395
50.5395
50.5377
50.5378
50.6326
50.636
50.6409
50.643
50.644
50.644
50.643
50.6409
50.636
50.6326
50.7292
50.7339
50.7403
50.7431
50.7445
50.7445
50.7431
50.7403
50.7339
50.7292
50.7942
50.7968
50.8021
50.8037
50.8045
50.8045
50.8037
50.8021
50.7968
50.7942
50.8297
50.8279
50.8303
50.8296
50.8291
50.8291
50.8296
50.8303
50.8279
50.8297
50.8424
50.8352
50.8337
50.8303
50.8284
50.8284
50.8303
50.8337
50.8352
50.8424
50.837
50.8246
50.8191
50.8132
50.8098
50.8098
50.8132
50.8191
50.8246
50.837
50.8177
50.8017
50.7927
50.7847
50.7802
50.7802
50.7847
50.7927
50.8017
50.8177
50.7936
50.7742
50.7611
50.7507
50.745
50.745
50.7507
50.7611
50.7742
50.7936
50.7849
50.7439
50.7232
50.709
50.7014
50.7014
50.709
50.7232
50.7439
50.7849
47.2013
47.2042
47.2078
47.2099
47.211
47.211
47.2099
47.2078
47.2042
47.2013
47.2399
47.2445
47.2495
47.2527
47.2543
47.2543
47.2527
47.2495
47.2445
47.2399
47.279
47.2846
47.2908
47.2947
47.2967
47.2967
47.2947
47.2908
47.2846
47.279
47.3082
47.3136
47.3199
47.3236
47.3256
47.3256
47.3236
47.3199
47.3136
47.3082
47.3275
47.3316
47.3372
47.3403
47.3419
47.3419
47.3403
47.3372
47.3316
47.3275
47.3384
47.3406
47.3448
47.3468
47.3478
47.3478
47.3468
47.3448
47.3406
47.3384
47.3417
47.3418
47.3444
47.3452
47.3456
47.3456
47.3452
47.3444
47.3418
47.3417
47.3385
47.3371
47.338
47.3378
47.3375
47.3375
47.3378
47.338
47.3371
47.3385
47.3329
47.3296
47.3283
47.3267
47.3257
47.3257
47.3267
47.3283
47.3296
47.3329
47.3346
47.3205
47.3146
47.3104
47.3081
47.3081
47.3104
47.3146
47.3205
47.3346
43.986
43.9864
43.9869
43.987
43.987
43.987
43.987
43.9869
43.9864
43.986
44.0018
44.003
44.0042
44.0048
44.0051
44.0051
44.0048
44.0042
44.003
44.0018
44.0198
44.0217
44.0235
44.0245
44.0251
44.0251
44.0245
44.0235
44.0217
44.0198
44.0353
44.0374
44.0396
44.0407
44.0413
44.0413
44.0407
44.0396
44.0374
44.0353
44.0477
44.0497
44.0519
44.0529
44.0535
44.0535
44.0529
44.0519
44.0498
44.0477
44.0573
44.0589
44.0607
44.0615
44.0619
44.0619
44.0615
44.0607
44.0589
44.0573
44.064
44.0651
44.0665
44.067
44.0671
44.0671
44.067
44.0665
44.0651
44.064
44.0683
44.0689
44.0698
44.0699
44.0699
44.0699
44.0699
44.0698
44.0689
44.0683
44.0717
44.0716
44.0716
44.0712
44.0708
44.0708
44.0712
44.0716
44.0716
44.0718
44.0781
44.0733
44.0713
44.0697
44.0689
44.0689
44.0697
44.0713
44.0733
44.0781
40.7333
40.7339
40.7345
40.7348
40.735
40.735
40.7348
40.7345
40.7339
40.7333
40.7392
40.74
40.7409
40.7415
40.7418
40.7418
40.7415
40.7409
40.7401
40.7392
40.7458
40.747
40.7482
40.749
40.7493
40.7493
40.749
40.7482
40.747
40.7458
40.7519
40.7533
40.7547
40.7555
40.756
40.756
40.7555
40.7547
40.7533
40.7519
40.7572
40.7586
40.7601
40.761
40.7614
40.7614
40.761
40.7601
40.7586
40.7572
40.7615
40.7629
40.7643
40.7652
40.7656
40.7656
40.7652
40.7643
40.7629
40.7615
40.7649
40.7661
40.7674
40.7681
40.7685
40.7685
40.7681
40.7674
40.7661
40.7649
40.7672
40.7683
40.7694
40.77
40.7702
40.7702
40.77
40.7694
40.7683
40.7672
40.7692
40.7699
40.7707
40.771
40.7711
40.7711
40.771
40.7707
40.7699
40.7692
40.7724
40.7711
40.7709
40.7706
40.7704
40.7704
40.7706
40.7709
40.7711
40.7724
37.4874
37.4875
37.4876
37.4876
37.4876
37.4876
37.4876
37.4876
37.4875
37.4874
37.4895
37.4897
37.49
37.4901
37.4901
37.4901
37.4901
37.49
37.4897
37.4895
37.4922
37.4927
37.493
37.4932
37.4933
37.4933
37.4932
37.493
37.4927
37.4922
37.4951
37.4956
37.4961
37.4964
37.4965
37.4965
37.4964
37.4961
37.4956
37.4951
37.4978
37.4984
37.499
37.4993
37.4995
37.4995
37.4993
37.499
37.4984
37.4978
37.5004
37.5011
37.5017
37.502
37.5022
37.5022
37.502
37.5017
37.5011
37.5004
37.5027
37.5034
37.504
37.5044
37.5045
37.5045
37.5044
37.504
37.5034
37.5027
37.5047
37.5054
37.506
37.5064
37.5065
37.5065
37.5064
37.506
37.5054
37.5047
37.5067
37.5073
37.5078
37.508
37.5081
37.5081
37.508
37.5078
37.5073
37.5067
37.5092
37.5091
37.5092
37.5092
37.5092
37.5092
37.5092
37.5092
37.5091
37.5092
34.231
34.2311
34.2312
34.2313
34.2313
34.2313
34.2313
34.2312
34.2311
34.231
34.2317
34.2319
34.232
34.2321
34.2321
34.2321
34.2321
34.232
34.2319
34.2317
34.2326
34.2328
34.233
34.2331
34.2332
34.2332
34.2331
34.233
34.2328
34.2326
34.2336
34.2339
34.2341
34.2343
34.2344
34.2344
34.2343
34.2341
34.2339
34.2336
34.2346
34.235
34.2353
34.2355
34.2356
34.2356
34.2355
34.2353
34.235
34.2346
34.2357
34.2361
34.2364
34.2366
34.2367
34.2367
34.2366
34.2364
34.2361
34.2357
34.2367
34.2371
34.2374
34.2376
34.2378
34.2378
34.2376
34.2374
34.2371
34.2367
34.2375
34.238
34.2383
34.2385
34.2386
34.2386
34.2385
34.2383
34.238
34.2375
34.2384
34.2388
34.2391
34.2393
34.2394
34.2394
34.2393
34.2391
34.2388
34.2384
34.2395
34.2396
34.2397
34.2398
34.2398
34.2398
34.2398
34.2397
34.2396
34.2395
30.9739
30.9739
30.9739
30.9739
30.9739
30.9739
30.9739
30.9739
30.9739
30.9739
30.9741
30.9741
30.9742
30.9742
30.9742
30.9742
30.9742
30.9742
30.9741
30.9741
30.9744
30.9745
30.9745
30.9746
30.9746
30.9746
30.9746
30.9745
30.9745
30.9744
30.9748
30.9749
30.975
30.9751
30.9751
30.9751
30.9751
30.975
30.9749
30.9748
30.9753
30.9755
30.9756
30.9757
30.9757
30.9757
30.9757
30.9756
30.9755
30.9753
30.9759
30.976
30.9762
30.9763
30.9763
30.9763
30.9763
30.9762
30.976
30.9759
30.9764
30.9766
30.9768
30.9769
30.9769
30.9769
30.9769
30.9768
30.9766
30.9764
30.9769
30.9772
30.9773
30.9774
30.9775
30.9775
30.9774
30.9773
30.9772
30.9769
30.9775
30.9777
30.9779
30.978
30.978
30.978
30.978
30.9779
30.9777
30.9775
30.9781
30.9783
30.9784
30.9784
30.9785
30.9785
30.9784
30.9784
30.9783
30.9781
27.7144
27.7144
27.7144
27.7144
27.7144
27.7144
27.7144
27.7144
27.7144
27.7144
27.7144
27.7144
27.7144
27.7144
27.7144
27.7144
27.7144
27.7144
27.7144
27.7144
27.7145
27.7145
27.7145
27.7145
27.7145
27.7145
27.7145
27.7145
27.7145
27.7145
27.7146
27.7146
27.7147
27.7147
27.7147
27.7147
27.7147
27.7147
27.7146
27.7146
27.7148
27.7148
27.7149
27.7149
27.7149
27.7149
27.7149
27.7149
27.7148
27.7148
27.715
27.715
27.7151
27.7152
27.7152
27.7152
27.7152
27.7151
27.715
27.715
27.7152
27.7153
27.7153
27.7154
27.7154
27.7154
27.7154
27.7153
27.7153
27.7152
27.7154
27.7155
27.7156
27.7156
27.7157
27.7157
27.7156
27.7156
27.7155
27.7154
27.7156
27.7157
27.7158
27.7159
27.7159
27.7159
27.7159
27.7158
27.7157
27.7156
27.7159
27.7159
27.716
27.7161
27.7161
27.7161
27.7161
27.716
27.7159
27.7159
24.4544
24.4544
24.4544
24.4544
24.4544
24.4544
24.4544
24.4544
24.4544
24.4544
24.4544
24.4544
24.4544
24.4544
24.4544
24.4544
24.4544
24.4544
24.4544
24.4544
24.4544
24.4544
24.4544
24.4544
24.4544
24.4544
24.4544
24.4544
24.4544
24.4544
24.4545
24.4545
24.4545
24.4545
24.4545
24.4545
24.4545
24.4545
24.4545
24.4545
24.4546
24.4546
24.4546
24.4546
24.4546
24.4546
24.4546
24.4546
24.4546
24.4546
24.4546
24.4547
24.4547
24.4547
24.4547
24.4547
24.4547
24.4547
24.4547
24.4546
24.4548
24.4548
24.4548
24.4548
24.4549
24.4549
24.4548
24.4548
24.4548
24.4548
24.4549
24.4549
24.455
24.455
24.455
24.455
24.455
24.455
24.4549
24.4549
24.455
24.455
24.4551
24.4551
24.4551
24.4551
24.4551
24.4551
24.455
24.455
24.4551
24.4552
24.4552
24.4552
24.4552
24.4552
24.4552
24.4552
24.4552
24.4551
21.194
21.194
21.194
21.194
21.194
21.194
21.194
21.194
21.194
21.194
21.194
21.194
21.194
21.194
21.194
21.194
21.194
21.194
21.194
21.194
21.194
21.194
21.194
21.194
21.194
21.194
21.194
21.194
21.194
21.194
21.194
21.194
21.194
21.194
21.194
21.194
21.194
21.194
21.194
21.194
21.194
21.194
21.194
21.194
21.194
21.194
21.194
21.194
21.194
21.194
21.194
21.194
21.1941
21.1941
21.1941
21.1941
21.1941
21.1941
21.194
21.194
21.1941
21.1941
21.1941
21.1941
21.1941
21.1941
21.1941
21.1941
21.1941
21.1941
21.1941
21.1941
21.1942
21.1942
21.1942
21.1942
21.1942
21.1942
21.1941
21.1941
21.1942
21.1942
21.1942
21.1942
21.1942
21.1942
21.1942
21.1942
21.1942
21.1942
21.1942
21.1942
21.1943
21.1943
21.1943
21.1943
21.1943
21.1943
21.1942
21.1942
17.9335
17.9335
17.9335
17.9335
17.9335
17.9335
17.9335
17.9335
17.9335
17.9335
17.9335
17.9335
17.9335
17.9335
17.9335
17.9335
17.9335
17.9335
17.9335
17.9335
17.9335
17.9335
17.9335
17.9335
17.9335
17.9335
17.9335
17.9335
17.9335
17.9335
17.9335
17.9335
17.9335
17.9335
17.9335
17.9335
17.9335
17.9335
17.9335
17.9335
17.9335
17.9335
17.9335
17.9335
17.9335
17.9335
17.9335
17.9335
17.9335
17.9335
17.9335
17.9335
17.9335
17.9335
17.9335
17.9335
17.9335
17.9335
17.9335
17.9335
17.9335
17.9335
17.9335
17.9335
17.9335
17.9335
17.9335
17.9335
17.9335
17.9335
17.9335
17.9335
17.9335
17.9335
17.9335
17.9335
17.9335
17.9335
17.9335
17.9335
17.9335
17.9336
17.9336
17.9336
17.9336
17.9336
17.9336
17.9336
17.9336
17.9335
17.9336
17.9336
17.9336
17.9336
17.9336
17.9336
17.9336
17.9336
17.9336
17.9336
14.6729
14.6729
14.6729
14.6729
14.6729
14.6729
14.6729
14.6729
14.6729
14.6729
14.6729
14.6729
14.6729
14.6729
14.6729
14.6729
14.6729
14.6729
14.6729
14.6729
14.6729
14.6729
14.6729
14.6729
14.6729
14.6729
14.6729
14.6729
14.6729
14.6729
14.6729
14.6729
14.6729
14.6729
14.6729
14.6729
14.6729
14.6729
14.6729
14.6729
14.6729
14.6729
14.6729
14.6729
14.6729
14.6729
14.6729
14.6729
14.6729
14.6729
14.6729
14.6729
14.6729
14.6729
14.6729
14.6729
14.6729
14.6729
14.6729
14.6729
14.6729
14.6729
14.6729
14.6729
14.6729
14.6729
14.6729
14.6729
14.6729
14.6729
14.6729
14.6729
14.6729
14.6729
14.6729
14.6729
14.6729
14.6729
14.6729
14.6729
14.6729
14.6729
14.6729
14.6729
14.6729
14.6729
14.6729
14.6729
14.6729
14.6729
14.6729
14.6729
14.6729
14.6729
14.6729
14.6729
14.6729
14.6729
14.6729
14.6729
11.4122
11.4122
11.4122
11.4122
11.4122
11.4122
11.4122
11.4122
11.4122
11.4122
11.4122
11.4122
11.4122
11.4122
11.4122
11.4122
11.4122
11.4122
11.4122
11.4122
11.4122
11.4122
11.4122
11.4122
11.4122
11.4122
11.4122
11.4122
11.4122
11.4122
11.4122
11.4122
11.4122
11.4122
11.4122
11.4122
11.4122
11.4122
11.4122
11.4122
11.4122
11.4122
11.4122
11.4122
11.4122
11.4122
11.4122
11.4122
11.4122
11.4122
11.4122
11.4122
11.4122
11.4122
11.4122
11.4122
11.4122
11.4122
11.4122
11.4122
11.4122
11.4122
11.4122
11.4122
11.4122
11.4122
11.4122
11.4122
11.4122
11.4122
11.4122
11.4122
11.4122
11.4122
11.4122
11.4122
11.4122
11.4122
11.4122
11.4122
11.4122
11.4122
11.4122
11.4122
11.4122
11.4122
11.4122
11.4122
11.4122
11.4122
11.4122
11.4122
11.4123
11.4123
11.4123
11.4123
11.4123
11.4123
11.4122
11.4122
8.1516
8.1516
8.1516
8.1516
8.1516
8.1516
8.1516
8.1516
8.1516
8.1516
8.1516
8.1516
8.1516
8.1516
8.1516
8.1516
8.1516
8.1516
8.1516
8.1516
8.1516
8.1516
8.1516
8.1516
8.1516
8.1516
8.1516
8.1516
8.1516
8.1516
8.1516
8.1516
8.1516
8.1516
8.1516
8.1516
8.1516
8.1516
8.1516
8.1516
8.1516
8.1516
8.1516
8.1516
8.1516
8.1516
8.1516
8.1516
8.1516
8.1516
8.1516
8.1516
8.1516
8.1516
8.1516
8.1516
8.1516
8.1516
8.1516
8.1516
8.1516
8.1516
8.1516
8.1516
8.1516
8.1516
8.1516
8.1516
8.1516
8.1516
8.1516
8.1516
8.1516
8.1516
8.1516
8.1516
8.1516
8.1516
8.1516
8.1516
8.1516
8.1516
8.1516
8.1516
8.1516
8.1516
8.1516
8.1516
8.1516
8.1516
8.1516
8.1516
8.1516
8.1516
8.1516
8.1516
8.1516
8.1516
8.1516
8.1516
4.89096
4.89096
4.89096
4.89096
4.89096
4.89096
4.89096
4.89096
4.89096
4.89096
4.89096
4.89096
4.89096
4.89096
4.89096
4.89096
4.89096
4.89096
4.89096
4.89096
4.89096
4.89096
4.89096
4.89096
4.89096
4.89096
4.89096
4.89096
4.89096
4.89096
4.89096
4.89096
4.89096
4.89096
4.89096
4.89096
4.89096
4.89096
4.89096
4.89096
4.89096
4.89096
4.89096
4.89096
4.89096
4.89096
4.89096
4.89096
4.89096
4.89096
4.89096
4.89096
4.89096
4.89096
4.89096
4.89096
4.89096
4.89096
4.89096
4.89096
4.89096
4.89096
4.89096
4.89096
4.89096
4.89096
4.89096
4.89096
4.89096
4.89096
4.89096
4.89096
4.89096
4.89096
4.89096
4.89096
4.89096
4.89096
4.89096
4.89096
4.89096
4.89096
4.89096
4.89096
4.89096
4.89096
4.89096
4.89096
4.89096
4.89096
4.89096
4.89096
4.89096
4.89096
4.89096
4.89096
4.89096
4.89096
4.89096
4.89096
1.63032
1.63032
1.63032
1.63032
1.63032
1.63032
1.63032
1.63032
1.63032
1.63032
1.63032
1.63032
1.63032
1.63032
1.63032
1.63032
1.63032
1.63032
1.63032
1.63032
1.63032
1.63032
1.63032
1.63032
1.63032
1.63032
1.63032
1.63032
1.63032
1.63032
1.63032
1.63032
1.63032
1.63032
1.63032
1.63032
1.63032
1.63032
1.63032
1.63032
1.63032
1.63032
1.63032
1.63032
1.63032
1.63032
1.63032
1.63032
1.63032
1.63032
1.63032
1.63032
1.63032
1.63032
1.63032
1.63032
1.63032
1.63032
1.63032
1.63032
1.63032
1.63032
1.63032
1.63032
1.63032
1.63032
1.63032
1.63032
1.63032
1.63032
1.63032
1.63032
1.63032
1.63032
1.63032
1.63032
1.63032
1.63032
1.63032
1.63032
1.63032
1.63031
1.63031
1.63031
1.63031
1.63031
1.63031
1.63031
1.63031
1.63032
1.63031
1.63031
1.63031
1.63031
1.63031
1.63031
1.63031
1.63031
1.63031
1.63031
98.9715
98.3909
98.0263
97.7598
97.6216
97.6216
97.7598
98.0263
98.3909
98.9715
89.8545
89.0066
88.4482
88.0533
87.85
87.85
88.0533
88.4482
89.0066
89.8545
82.2845
81.3087
80.6718
80.2281
80.0004
80.0004
80.2281
80.6718
81.3087
82.2845
77.0574
76.055
75.4091
74.9658
74.7386
74.7386
74.9658
75.4091
76.055
77.0574
73.1355
72.1405
71.5025
71.0734
70.8536
70.8536
71.0734
71.5025
72.1405
73.1355
69.9597
68.992
68.3702
67.9621
67.7535
67.7535
67.9621
68.3702
68.992
69.9597
67.3414
66.422
65.8259
65.4452
65.2514
65.2514
65.4452
65.8259
66.422
67.3414
65.1743
64.3266
63.7686
63.4208
63.2444
63.2444
63.4208
63.7686
64.3266
65.1743
63.3782
62.6183
62.1112
61.8011
61.6441
61.6441
61.8011
62.1112
62.6183
63.3782
61.9724
61.2139
60.7663
60.4941
60.3562
60.3562
60.4941
60.7663
61.2139
61.9724
63.0827
63.255
63.4424
63.5688
63.6343
63.6343
63.5689
63.4424
63.255
63.0827
63.5012
63.5954
63.7215
63.8024
63.8439
63.8439
63.8024
63.7215
63.5954
63.5012
63.4741
63.4708
63.5229
63.5509
63.5648
63.5648
63.5509
63.5229
63.4708
63.4741
63.0611
62.9677
62.9519
62.9332
62.923
62.923
62.9332
62.9519
62.9678
63.0611
62.4646
62.2974
62.2237
62.1676
62.1381
62.1381
62.1676
62.2237
62.2974
62.4646
61.7933
61.5706
61.4502
61.3661
61.3223
61.3223
61.3661
61.4502
61.5706
61.7934
61.1022
60.8441
60.69
60.5878
60.5349
60.5349
60.5878
60.69
60.8441
61.1022
60.4226
60.1529
59.9806
59.8699
59.8128
59.8128
59.8699
59.9806
60.1529
60.4226
59.7897
59.5244
59.3459
59.234
59.176
59.176
59.234
59.3459
59.5244
59.7897
59.305
58.9597
58.7771
58.665
58.6066
58.6066
58.665
58.7771
58.9597
59.305
58.483
58.4685
58.47
58.4664
58.4648
58.4648
58.4664
58.47
58.4685
58.483
58.8888
58.8719
58.8726
58.8673
58.8645
58.8645
58.8673
58.8726
58.8719
58.8888
59.2236
59.1881
59.1772
59.1621
59.154
59.154
59.1621
59.1772
59.1881
59.2236
59.2726
59.2038
59.1708
59.1397
59.1231
59.1231
59.1397
59.1708
59.2038
59.2726
59.1257
59.0218
58.9644
58.9173
58.8924
58.8924
58.9173
58.9644
59.0218
59.1257
58.8769
58.7425
58.6628
58.6024
58.5706
58.5706
58.6024
58.6628
58.7425
58.8769
58.5743
58.4177
58.3199
58.2502
58.2136
58.2136
58.2502
58.3199
58.4177
58.5743
58.2447
58.0778
57.9688
57.8941
57.8551
57.8551
57.8941
57.9688
58.0778
58.2447
57.9203
57.751
57.6348
57.558
57.5179
57.5179
57.558
57.6348
57.751
57.9203
57.6743
57.443
57.3172
57.237
57.1953
57.1953
57.237
57.3172
57.443
57.6743
53.7696
53.7891
53.8138
53.8296
53.838
53.838
53.8296
53.8138
53.7891
53.7696
53.9751
53.9983
54.0268
54.0449
54.0545
54.0545
54.0449
54.0268
53.9983
53.9752
54.1486
54.1693
54.1974
54.2146
54.2236
54.2236
54.2146
54.1974
54.1693
54.1486
54.2306
54.2409
54.262
54.2738
54.2799
54.2799
54.2738
54.262
54.2409
54.2306
54.2417
54.2377
54.2484
54.2527
54.2548
54.2548
54.2527
54.2484
54.2377
54.2417
54.2053
54.1865
54.1858
54.1823
54.1804
54.1804
54.1823
54.1858
54.1865
54.2053
54.1349
54.1032
54.0919
54.0817
54.0762
54.0762
54.0817
54.0919
54.1032
54.1349
54.0401
54.0004
53.9806
53.9655
53.9573
53.9573
53.9655
53.9806
54.0004
54.0401
53.9383
53.8929
53.8653
53.8456
53.8349
53.8349
53.8456
53.8653
53.8929
53.9384
53.8733
53.7859
53.7451
53.7184
53.7043
53.7043
53.7184
53.7451
53.7859
53.8733
50.5378
50.5377
50.5395
50.5395
50.5396
50.5396
50.5395
50.5395
50.5377
50.5378
50.6326
50.636
50.6409
50.643
50.644
50.644
50.643
50.6409
50.636
50.6326
50.7292
50.7339
50.7403
50.7431
50.7446
50.7446
50.7431
50.7403
50.7339
50.7292
50.7942
50.7968
50.8021
50.8037
50.8045
50.8045
50.8037
50.8021
50.7968
50.7942
50.8297
50.8279
50.8303
50.8296
50.8291
50.8291
50.8296
50.8303
50.8279
50.8297
50.8424
50.8352
50.8337
50.8303
50.8284
50.8284
50.8303
50.8337
50.8352
50.8424
50.837
50.8246
50.8191
50.8132
50.8098
50.8098
50.8132
50.8191
50.8246
50.837
50.8177
50.8017
50.7927
50.7847
50.7802
50.7802
50.7847
50.7927
50.8017
50.8177
50.7936
50.7742
50.7611
50.7507
50.745
50.745
50.7507
50.7611
50.7742
50.7936
50.7849
50.7439
50.7232
50.709
50.7014
50.7014
50.709
50.7232
50.7439
50.7849
47.2013
47.2042
47.2078
47.2099
47.211
47.211
47.2099
47.2078
47.2042
47.2013
47.2399
47.2445
47.2496
47.2527
47.2543
47.2543
47.2527
47.2496
47.2445
47.2399
47.279
47.2846
47.2908
47.2947
47.2967
47.2967
47.2947
47.2908
47.2846
47.279
47.3082
47.3136
47.3199
47.3236
47.3256
47.3256
47.3236
47.3199
47.3136
47.3082
47.3275
47.3316
47.3372
47.3403
47.3419
47.3419
47.3403
47.3372
47.3317
47.3275
47.3384
47.3406
47.3448
47.3468
47.3478
47.3478
47.3468
47.3448
47.3406
47.3384
47.3417
47.3418
47.3444
47.3452
47.3456
47.3456
47.3452
47.3444
47.3418
47.3417
47.3385
47.3371
47.338
47.3378
47.3375
47.3375
47.3378
47.338
47.3371
47.3385
47.3329
47.3296
47.3283
47.3267
47.3257
47.3257
47.3267
47.3283
47.3296
47.3329
47.3346
47.3205
47.3146
47.3104
47.3081
47.3081
47.3104
47.3146
47.3205
47.3346
43.986
43.9864
43.9869
43.987
43.987
43.987
43.987
43.9869
43.9864
43.986
44.0018
44.003
44.0042
44.0048
44.0051
44.0051
44.0048
44.0042
44.003
44.0018
44.0198
44.0217
44.0235
44.0245
44.0251
44.0251
44.0245
44.0235
44.0217
44.0199
44.0353
44.0374
44.0396
44.0407
44.0413
44.0413
44.0407
44.0396
44.0374
44.0353
44.0477
44.0498
44.0519
44.0529
44.0535
44.0535
44.0529
44.0519
44.0498
44.0478
44.0573
44.0589
44.0608
44.0615
44.0619
44.0619
44.0615
44.0608
44.0589
44.0573
44.064
44.0651
44.0665
44.067
44.0671
44.0671
44.067
44.0665
44.0651
44.064
44.0683
44.0689
44.0698
44.0699
44.0699
44.0699
44.0699
44.0698
44.0689
44.0683
44.0718
44.0716
44.0716
44.0712
44.0708
44.0708
44.0712
44.0716
44.0716
44.0718
44.0781
44.0733
44.0713
44.0697
44.0689
44.0689
44.0697
44.0713
44.0733
44.0781
40.7333
40.7339
40.7345
40.7348
40.735
40.735
40.7348
40.7345
40.7339
40.7333
40.7392
40.7401
40.7409
40.7415
40.7418
40.7418
40.7415
40.7409
40.7401
40.7392
40.7458
40.747
40.7482
40.749
40.7493
40.7493
40.749
40.7482
40.747
40.7458
40.7519
40.7533
40.7547
40.7556
40.756
40.756
40.7556
40.7547
40.7533
40.7519
40.7572
40.7586
40.7601
40.761
40.7614
40.7614
40.761
40.7601
40.7586
40.7572
40.7615
40.7629
40.7643
40.7652
40.7656
40.7656
40.7652
40.7643
40.7629
40.7615
40.7649
40.7661
40.7674
40.7681
40.7685
40.7685
40.7681
40.7674
40.7661
40.7649
40.7672
40.7683
40.7694
40.77
40.7703
40.7703
40.77
40.7694
40.7683
40.7672
40.7692
40.7699
40.7707
40.771
40.7711
40.7711
40.771
40.7707
40.7699
40.7692
40.7724
40.7711
40.7709
40.7706
40.7704
40.7704
40.7706
40.7709
40.7711
40.7724
37.4874
37.4875
37.4876
37.4876
37.4876
37.4876
37.4876
37.4876
37.4875
37.4874
37.4895
37.4897
37.49
37.4901
37.4901
37.4901
37.4901
37.49
37.4897
37.4895
37.4922
37.4927
37.493
37.4932
37.4933
37.4933
37.4932
37.493
37.4927
37.4922
37.4951
37.4956
37.4961
37.4964
37.4965
37.4965
37.4964
37.4961
37.4956
37.4951
37.4978
37.4984
37.499
37.4993
37.4995
37.4995
37.4993
37.499
37.4984
37.4978
37.5004
37.5011
37.5017
37.502
37.5022
37.5022
37.502
37.5017
37.5011
37.5004
37.5027
37.5034
37.504
37.5044
37.5045
37.5045
37.5044
37.504
37.5034
37.5027
37.5047
37.5054
37.506
37.5064
37.5065
37.5065
37.5064
37.506
37.5054
37.5047
37.5067
37.5073
37.5078
37.508
37.5081
37.5081
37.508
37.5078
37.5073
37.5067
37.5092
37.5091
37.5092
37.5092
37.5092
37.5092
37.5092
37.5092
37.5091
37.5092
34.231
34.2311
34.2312
34.2313
34.2313
34.2313
34.2313
34.2312
34.2311
34.231
34.2317
34.2319
34.232
34.2321
34.2321
34.2321
34.2321
34.232
34.2319
34.2317
34.2326
34.2328
34.233
34.2331
34.2332
34.2332
34.2331
34.233
34.2328
34.2326
34.2336
34.2339
34.2341
34.2343
34.2344
34.2344
34.2343
34.2341
34.2339
34.2336
34.2346
34.235
34.2353
34.2355
34.2356
34.2356
34.2355
34.2353
34.235
34.2346
34.2357
34.2361
34.2364
34.2366
34.2367
34.2367
34.2366
34.2364
34.2361
34.2357
34.2367
34.2371
34.2374
34.2376
34.2378
34.2378
34.2376
34.2374
34.2371
34.2367
34.2375
34.238
34.2383
34.2385
34.2387
34.2387
34.2385
34.2383
34.238
34.2375
34.2384
34.2388
34.2391
34.2393
34.2394
34.2394
34.2393
34.2391
34.2388
34.2384
34.2395
34.2396
34.2397
34.2398
34.2398
34.2398
34.2398
34.2397
34.2396
34.2395
30.9739
30.9739
30.9739
30.9739
30.9739
30.9739
30.9739
30.9739
30.9739
30.9739
30.9741
30.9741
30.9742
30.9742
30.9742
30.9742
30.9742
30.9742
30.9741
30.9741
30.9744
30.9745
30.9745
30.9746
30.9746
30.9746
30.9746
30.9745
30.9745
30.9744
30.9748
30.9749
30.975
30.9751
30.9751
30.9751
30.9751
30.975
30.9749
30.9748
30.9753
30.9755
30.9756
30.9757
30.9757
30.9757
30.9757
30.9756
30.9755
30.9753
30.9759
30.976
30.9762
30.9763
30.9763
30.9763
30.9763
30.9762
30.976
30.9759
30.9764
30.9766
30.9768
30.9769
30.9769
30.9769
30.9769
30.9768
30.9766
30.9764
30.9769
30.9772
30.9773
30.9774
30.9775
30.9775
30.9774
30.9773
30.9772
30.9769
30.9775
30.9777
30.9779
30.978
30.978
30.978
30.978
30.9779
30.9777
30.9775
30.9781
30.9783
30.9784
30.9784
30.9785
30.9785
30.9784
30.9784
30.9783
30.9781
27.7144
27.7144
27.7144
27.7144
27.7144
27.7144
27.7144
27.7144
27.7144
27.7144
27.7144
27.7144
27.7144
27.7144
27.7144
27.7144
27.7144
27.7144
27.7144
27.7144
27.7145
27.7145
27.7145
27.7145
27.7145
27.7145
27.7145
27.7145
27.7145
27.7145
27.7146
27.7146
27.7147
27.7147
27.7147
27.7147
27.7147
27.7147
27.7146
27.7146
27.7148
27.7148
27.7149
27.7149
27.7149
27.7149
27.7149
27.7149
27.7148
27.7148
27.715
27.715
27.7151
27.7152
27.7152
27.7152
27.7152
27.7151
27.715
27.715
27.7152
27.7153
27.7153
27.7154
27.7154
27.7154
27.7154
27.7153
27.7153
27.7152
27.7154
27.7155
27.7156
27.7156
27.7157
27.7157
27.7156
27.7156
27.7155
27.7154
27.7156
27.7157
27.7158
27.7159
27.7159
27.7159
27.7159
27.7158
27.7157
27.7156
27.7159
27.7159
27.716
27.7161
27.7161
27.7161
27.7161
27.716
27.7159
27.7159
24.4544
24.4544
24.4544
24.4544
24.4544
24.4544
24.4544
24.4544
24.4544
24.4544
24.4544
24.4544
24.4544
24.4544
24.4544
24.4544
24.4544
24.4544
24.4544
24.4544
24.4544
24.4544
24.4544
24.4544
24.4544
24.4544
24.4544
24.4544
24.4544
24.4544
24.4545
24.4545
24.4545
24.4545
24.4545
24.4545
24.4545
24.4545
24.4545
24.4545
24.4546
24.4546
24.4546
24.4546
24.4546
24.4546
24.4546
24.4546
24.4546
24.4546
24.4546
24.4547
24.4547
24.4547
24.4547
24.4547
24.4547
24.4547
24.4547
24.4546
24.4548
24.4548
24.4548
24.4548
24.4549
24.4549
24.4548
24.4548
24.4548
24.4548
24.4549
24.4549
24.455
24.455
24.455
24.455
24.455
24.455
24.4549
24.4549
24.455
24.455
24.4551
24.4551
24.4551
24.4551
24.4551
24.4551
24.455
24.455
24.4551
24.4552
24.4552
24.4552
24.4552
24.4552
24.4552
24.4552
24.4552
24.4551
21.194
21.194
21.194
21.194
21.194
21.194
21.194
21.194
21.194
21.194
21.194
21.194
21.194
21.194
21.194
21.194
21.194
21.194
21.194
21.194
21.194
21.194
21.194
21.194
21.194
21.194
21.194
21.194
21.194
21.194
21.194
21.194
21.194
21.194
21.194
21.194
21.194
21.194
21.194
21.194
21.194
21.194
21.194
21.194
21.194
21.194
21.194
21.194
21.194
21.194
21.194
21.194
21.1941
21.1941
21.1941
21.1941
21.1941
21.1941
21.194
21.194
21.1941
21.1941
21.1941
21.1941
21.1941
21.1941
21.1941
21.1941
21.1941
21.1941
21.1941
21.1941
21.1942
21.1942
21.1942
21.1942
21.1942
21.1942
21.1941
21.1941
21.1942
21.1942
21.1942
21.1942
21.1942
21.1942
21.1942
21.1942
21.1942
21.1942
21.1942
21.1942
21.1943
21.1943
21.1943
21.1943
21.1943
21.1943
21.1942
21.1942
17.9335
17.9335
17.9335
17.9335
17.9335
17.9335
17.9335
17.9335
17.9335
17.9335
17.9335
17.9335
17.9335
17.9335
17.9335
17.9335
17.9335
17.9335
17.9335
17.9335
17.9335
17.9335
17.9335
17.9335
17.9335
17.9335
17.9335
17.9335
17.9335
17.9335
17.9335
17.9335
17.9335
17.9335
17.9335
17.9335
17.9335
17.9335
17.9335
17.9335
17.9335
17.9335
17.9335
17.9335
17.9335
17.9335
17.9335
17.9335
17.9335
17.9335
17.9335
17.9335
17.9335
17.9335
17.9335
17.9335
17.9335
17.9335
17.9335
17.9335
17.9335
17.9335
17.9335
17.9335
17.9335
17.9335
17.9335
17.9335
17.9335
17.9335
17.9335
17.9335
17.9335
17.9335
17.9335
17.9335
17.9335
17.9335
17.9335
17.9335
17.9335
17.9336
17.9336
17.9336
17.9336
17.9336
17.9336
17.9336
17.9336
17.9335
17.9336
17.9336
17.9336
17.9336
17.9336
17.9336
17.9336
17.9336
17.9336
17.9336
14.6729
14.6729
14.6729
14.6729
14.6729
14.6729
14.6729
14.6729
14.6729
14.6729
14.6729
14.6729
14.6729
14.6729
14.6729
14.6729
14.6729
14.6729
14.6729
14.6729
14.6729
14.6729
14.6729
14.6729
14.6729
14.6729
14.6729
14.6729
14.6729
14.6729
14.6729
14.6729
14.6729
14.6729
14.6729
14.6729
14.6729
14.6729
14.6729
14.6729
14.6729
14.6729
14.6729
14.6729
14.6729
14.6729
14.6729
14.6729
14.6729
14.6729
14.6729
14.6729
14.6729
14.6729
14.6729
14.6729
14.6729
14.6729
14.6729
14.6729
14.6729
14.6729
14.6729
14.6729
14.6729
14.6729
14.6729
14.6729
14.6729
14.6729
14.6729
14.6729
14.6729
14.6729
14.6729
14.6729
14.6729
14.6729
14.6729
14.6729
14.6729
14.6729
14.6729
14.6729
14.6729
14.6729
14.6729
14.6729
14.6729
14.6729
14.6729
14.6729
14.6729
14.6729
14.6729
14.6729
14.6729
14.6729
14.6729
14.6729
11.4122
11.4122
11.4122
11.4122
11.4122
11.4122
11.4122
11.4122
11.4122
11.4122
11.4122
11.4122
11.4122
11.4122
11.4122
11.4122
11.4122
11.4122
11.4122
11.4122
11.4122
11.4122
11.4122
11.4122
11.4122
11.4122
11.4122
11.4122
11.4122
11.4122
11.4122
11.4122
11.4122
11.4122
11.4122
11.4122
11.4122
11.4122
11.4122
11.4122
11.4122
11.4122
11.4122
11.4122
11.4122
11.4122
11.4122
11.4122
11.4122
11.4122
11.4122
11.4122
11.4122
11.4122
11.4122
11.4122
11.4122
11.4122
11.4122
11.4122
11.4122
11.4122
11.4122
11.4122
11.4122
11.4122
11.4122
11.4122
11.4122
11.4122
11.4122
11.4122
11.4122
11.4122
11.4122
11.4122
11.4122
11.4122
11.4122
11.4122
11.4122
11.4122
11.4122
11.4122
11.4122
11.4122
11.4122
11.4122
11.4122
11.4122
11.4122
11.4122
11.4123
11.4123
11.4123
11.4123
11.4123
11.4123
11.4122
11.4122
8.1516
8.1516
8.1516
8.1516
8.1516
8.1516
8.1516
8.1516
8.1516
8.1516
8.1516
8.1516
8.1516
8.1516
8.1516
8.1516
8.1516
8.1516
8.1516
8.1516
8.1516
8.1516
8.1516
8.1516
8.1516
8.1516
8.1516
8.1516
8.1516
8.1516
8.1516
8.1516
8.1516
8.1516
8.1516
8.1516
8.1516
8.1516
8.1516
8.1516
8.1516
8.1516
8.1516
8.1516
8.1516
8.1516
8.1516
8.1516
8.1516
8.1516
8.1516
8.1516
8.1516
8.1516
8.1516
8.1516
8.1516
8.1516
8.1516
8.1516
8.1516
8.1516
8.1516
8.1516
8.1516
8.1516
8.1516
8.1516
8.1516
8.1516
8.1516
8.1516
8.1516
8.1516
8.1516
8.1516
8.1516
8.1516
8.1516
8.1516
8.1516
8.1516
8.1516
8.1516
8.1516
8.1516
8.1516
8.1516
8.1516
8.1516
8.1516
8.1516
8.1516
8.1516
8.1516
8.1516
8.1516
8.1516
8.1516
8.1516
4.89096
4.89096
4.89096
4.89096
4.89096
4.89096
4.89096
4.89096
4.89096
4.89096
4.89096
4.89096
4.89096
4.89096
4.89096
4.89096
4.89096
4.89096
4.89096
4.89096
4.89096
4.89096
4.89096
4.89096
4.89096
4.89096
4.89096
4.89096
4.89096
4.89096
4.89096
4.89096
4.89096
4.89096
4.89096
4.89096
4.89096
4.89096
4.89096
4.89096
4.89096
4.89096
4.89096
4.89096
4.89096
4.89096
4.89096
4.89096
4.89096
4.89096
4.89096
4.89096
4.89096
4.89096
4.89096
4.89096
4.89096
4.89096
4.89096
4.89096
4.89096
4.89096
4.89096
4.89096
4.89096
4.89096
4.89096
4.89096
4.89096
4.89096
4.89096
4.89096
4.89096
4.89096
4.89096
4.89096
4.89096
4.89096
4.89096
4.89096
4.89096
4.89096
4.89096
4.89096
4.89096
4.89096
4.89096
4.89096
4.89096
4.89096
4.89096
4.89096
4.89095
4.89095
4.89095
4.89095
4.89095
4.89095
4.89095
4.89095
1.63032
1.63032
1.63032
1.63032
1.63032
1.63032
1.63032
1.63032
1.63032
1.63032
1.63032
1.63032
1.63032
1.63032
1.63032
1.63032
1.63032
1.63032
1.63032
1.63032
1.63032
1.63032
1.63032
1.63032
1.63032
1.63032
1.63032
1.63032
1.63032
1.63032
1.63032
1.63032
1.63032
1.63032
1.63032
1.63032
1.63032
1.63032
1.63032
1.63032
1.63032
1.63032
1.63032
1.63032
1.63032
1.63032
1.63032
1.63032
1.63032
1.63032
1.63032
1.63032
1.63032
1.63032
1.63032
1.63032
1.63032
1.63032
1.63032
1.63032
1.63032
1.63032
1.63032
1.63032
1.63032
1.63032
1.63032
1.63032
1.63032
1.63032
1.63032
1.63032
1.63032
1.63032
1.63032
1.63032
1.63032
1.63032
1.63032
1.63032
1.63032
1.63031
1.63031
1.63031
1.63031
1.63031
1.63031
1.63031
1.63031
1.63031
1.63031
1.63031
1.63031
1.63031
1.63031
1.63031
1.63031
1.63031
1.63031
1.63031
98.9715
98.3909
98.0263
97.7598
97.6216
97.6216
97.7598
98.0263
98.3909
98.9715
89.8545
89.0066
88.4482
88.0533
87.85
87.85
88.0533
88.4482
89.0066
89.8545
82.2845
81.3087
80.6718
80.2281
80.0004
80.0004
80.2281
80.6718
81.3087
82.2845
77.0574
76.055
75.4091
74.9658
74.7386
74.7386
74.9658
75.4091
76.055
77.0574
73.1355
72.1405
71.5025
71.0734
70.8536
70.8536
71.0734
71.5025
72.1405
73.1355
69.9597
68.992
68.3702
67.9621
67.7535
67.7535
67.9621
68.3702
68.992
69.9597
67.3414
66.422
65.8259
65.4452
65.2514
65.2514
65.4452
65.8259
66.422
67.3414
65.1743
64.3266
63.7686
63.4208
63.2444
63.2444
63.4208
63.7686
64.3266
65.1743
63.3782
62.6183
62.1112
61.8011
61.6441
61.6441
61.8011
62.1112
62.6183
63.3782
61.9724
61.2139
60.7663
60.4941
60.3562
60.3562
60.4941
60.7663
61.2139
61.9724
63.0827
63.255
63.4424
63.5689
63.6343
63.6343
63.5688
63.4424
63.255
63.0827
63.5012
63.5954
63.7215
63.8024
63.8439
63.8439
63.8024
63.7215
63.5954
63.5012
63.4741
63.4708
63.5229
63.5509
63.5648
63.5648
63.5509
63.5229
63.4708
63.4741
63.0611
62.9678
62.9519
62.9332
62.923
62.923
62.9332
62.9519
62.9677
63.0611
62.4646
62.2974
62.2237
62.1676
62.1381
62.1381
62.1676
62.2237
62.2974
62.4646
61.7934
61.5706
61.4502
61.3661
61.3223
61.3223
61.3661
61.4502
61.5706
61.7933
61.1022
60.8441
60.69
60.5878
60.5349
60.5349
60.5878
60.69
60.8441
61.1022
60.4226
60.1529
59.9806
59.8699
59.8128
59.8128
59.8699
59.9806
60.1529
60.4226
59.7897
59.5244
59.3459
59.234
59.176
59.176
59.234
59.3459
59.5244
59.7897
59.305
58.9597
58.7771
58.665
58.6066
58.6066
58.665
58.7771
58.9597
59.305
58.483
58.4685
58.47
58.4664
58.4648
58.4648
58.4664
58.47
58.4685
58.483
58.8888
58.8719
58.8726
58.8673
58.8645
58.8645
58.8673
58.8726
58.8719
58.8888
59.2236
59.1881
59.1772
59.1621
59.154
59.154
59.1621
59.1772
59.1881
59.2236
59.2726
59.2038
59.1708
59.1397
59.1232
59.1231
59.1397
59.1708
59.2038
59.2726
59.1257
59.0218
58.9644
58.9173
58.8924
58.8924
58.9173
58.9644
59.0218
59.1257
58.8769
58.7425
58.6628
58.6024
58.5706
58.5706
58.6024
58.6628
58.7425
58.8769
58.5743
58.4177
58.3199
58.2502
58.2136
58.2136
58.2502
58.3199
58.4177
58.5743
58.2447
58.0778
57.9688
57.8941
57.8551
57.8551
57.8941
57.9688
58.0778
58.2447
57.9203
57.751
57.6348
57.558
57.5179
57.5179
57.558
57.6348
57.751
57.9203
57.6743
57.443
57.3172
57.237
57.1953
57.1953
57.237
57.3172
57.443
57.6743
53.7696
53.7891
53.8138
53.8296
53.838
53.838
53.8296
53.8138
53.7891
53.7696
53.9752
53.9983
54.0268
54.0449
54.0545
54.0545
54.0449
54.0268
53.9983
53.9751
54.1486
54.1693
54.1974
54.2146
54.2236
54.2236
54.2146
54.1974
54.1693
54.1486
54.2306
54.2409
54.262
54.2738
54.2799
54.2799
54.2738
54.262
54.2409
54.2306
54.2417
54.2377
54.2484
54.2527
54.2548
54.2548
54.2527
54.2484
54.2377
54.2417
54.2053
54.1865
54.1858
54.1823
54.1804
54.1804
54.1823
54.1858
54.1865
54.2053
54.1349
54.1032
54.0919
54.0817
54.0762
54.0762
54.0817
54.0919
54.1032
54.1349
54.0401
54.0004
53.9806
53.9655
53.9573
53.9573
53.9655
53.9806
54.0004
54.0401
53.9384
53.8929
53.8653
53.8456
53.8349
53.8349
53.8456
53.8653
53.8929
53.9383
53.8733
53.7859
53.7451
53.7184
53.7043
53.7043
53.7184
53.7451
53.7859
53.8733
50.5378
50.5377
50.5395
50.5395
50.5396
50.5396
50.5395
50.5395
50.5377
50.5378
50.6326
50.636
50.6409
50.643
50.644
50.644
50.643
50.6409
50.636
50.6326
50.7292
50.7339
50.7404
50.7431
50.7446
50.7446
50.7431
50.7403
50.7339
50.7292
50.7942
50.7968
50.8021
50.8037
50.8045
50.8045
50.8037
50.8021
50.7968
50.7942
50.8297
50.8279
50.8303
50.8296
50.8291
50.8291
50.8296
50.8303
50.8279
50.8297
50.8424
50.8352
50.8337
50.8303
50.8284
50.8284
50.8303
50.8337
50.8352
50.8424
50.837
50.8246
50.8191
50.8132
50.8098
50.8098
50.8132
50.8191
50.8246
50.837
50.8177
50.8017
50.7927
50.7847
50.7802
50.7802
50.7847
50.7927
50.8017
50.8177
50.7936
50.7742
50.7611
50.7507
50.745
50.745
50.7507
50.7611
50.7742
50.7936
50.7849
50.7439
50.7232
50.709
50.7014
50.7014
50.709
50.7232
50.7439
50.7849
47.2013
47.2042
47.2078
47.2099
47.211
47.211
47.2099
47.2078
47.2042
47.2013
47.2399
47.2445
47.2496
47.2527
47.2543
47.2543
47.2527
47.2496
47.2445
47.2399
47.279
47.2846
47.2908
47.2947
47.2967
47.2967
47.2947
47.2908
47.2846
47.279
47.3082
47.3136
47.3199
47.3236
47.3256
47.3256
47.3236
47.3199
47.3136
47.3082
47.3275
47.3317
47.3372
47.3403
47.3419
47.3419
47.3403
47.3372
47.3316
47.3275
47.3384
47.3406
47.3448
47.3468
47.3478
47.3478
47.3468
47.3448
47.3406
47.3384
47.3417
47.3418
47.3444
47.3452
47.3456
47.3456
47.3452
47.3444
47.3418
47.3417
47.3385
47.3371
47.338
47.3378
47.3375
47.3375
47.3378
47.338
47.3371
47.3385
47.3329
47.3296
47.3283
47.3267
47.3257
47.3257
47.3267
47.3283
47.3296
47.3329
47.3346
47.3205
47.3146
47.3104
47.3081
47.3081
47.3104
47.3146
47.3205
47.3346
43.986
43.9864
43.9869
43.987
43.987
43.987
43.987
43.9869
43.9864
43.986
44.0018
44.003
44.0042
44.0048
44.0051
44.0051
44.0048
44.0042
44.003
44.0018
44.0199
44.0217
44.0235
44.0245
44.0251
44.0251
44.0245
44.0235
44.0217
44.0198
44.0353
44.0374
44.0396
44.0407
44.0413
44.0413
44.0407
44.0396
44.0374
44.0353
44.0478
44.0498
44.0519
44.0529
44.0535
44.0535
44.0529
44.0519
44.0498
44.0477
44.0573
44.0589
44.0608
44.0615
44.0619
44.0619
44.0615
44.0608
44.0589
44.0573
44.064
44.0651
44.0665
44.067
44.0671
44.0671
44.067
44.0665
44.0651
44.064
44.0683
44.0689
44.0698
44.0699
44.0699
44.0699
44.0699
44.0698
44.0689
44.0683
44.0718
44.0716
44.0716
44.0712
44.0708
44.0708
44.0712
44.0716
44.0716
44.0718
44.0781
44.0733
44.0713
44.0697
44.0689
44.0689
44.0697
44.0713
44.0733
44.0781
40.7333
40.7339
40.7345
40.7348
40.735
40.735
40.7348
40.7345
40.7339
40.7333
40.7392
40.7401
40.7409
40.7415
40.7418
40.7418
40.7415
40.7409
40.7401
40.7392
40.7458
40.747
40.7482
40.749
40.7493
40.7493
40.749
40.7482
40.747
40.7458
40.7519
40.7533
40.7547
40.7556
40.756
40.756
40.7556
40.7547
40.7533
40.7519
40.7572
40.7586
40.7601
40.761
40.7614
40.7614
40.761
40.7601
40.7586
40.7572
40.7615
40.7629
40.7643
40.7652
40.7656
40.7656
40.7652
40.7643
40.7629
40.7615
40.7649
40.7661
40.7674
40.7681
40.7685
40.7685
40.7681
40.7674
40.7661
40.7649
40.7672
40.7683
40.7694
40.77
40.7703
40.7703
40.77
40.7694
40.7683
40.7672
40.7692
40.7699
40.7707
40.771
40.7711
40.7711
40.771
40.7707
40.7699
40.7692
40.7724
40.7711
40.7709
40.7706
40.7704
40.7704
40.7706
40.7709
40.7711
40.7724
37.4874
37.4875
37.4876
37.4876
37.4876
37.4876
37.4876
37.4876
37.4875
37.4874
37.4895
37.4897
37.49
37.4901
37.4901
37.4901
37.4901
37.49
37.4897
37.4895
37.4922
37.4927
37.493
37.4932
37.4933
37.4933
37.4932
37.493
37.4927
37.4922
37.4951
37.4956
37.4961
37.4964
37.4965
37.4965
37.4964
37.4961
37.4956
37.4951
37.4978
37.4984
37.499
37.4993
37.4995
37.4995
37.4993
37.499
37.4984
37.4978
37.5004
37.5011
37.5017
37.502
37.5022
37.5022
37.502
37.5017
37.5011
37.5004
37.5027
37.5034
37.504
37.5044
37.5045
37.5045
37.5044
37.504
37.5034
37.5027
37.5047
37.5054
37.506
37.5064
37.5065
37.5065
37.5064
37.506
37.5054
37.5047
37.5067
37.5073
37.5078
37.508
37.5081
37.5081
37.508
37.5078
37.5073
37.5067
37.5092
37.5091
37.5092
37.5092
37.5092
37.5092
37.5092
37.5092
37.5091
37.5092
34.231
34.2311
34.2312
34.2313
34.2313
34.2313
34.2313
34.2312
34.2311
34.231
34.2317
34.2319
34.232
34.2321
34.2321
34.2321
34.2321
34.232
34.2319
34.2317
34.2326
34.2328
34.233
34.2331
34.2332
34.2332
34.2331
34.233
34.2328
34.2326
34.2336
34.2339
34.2341
34.2343
34.2344
34.2344
34.2343
34.2341
34.2339
34.2336
34.2346
34.235
34.2353
34.2355
34.2356
34.2356
34.2355
34.2353
34.235
34.2346
34.2357
34.2361
34.2364
34.2366
34.2367
34.2367
34.2366
34.2364
34.2361
34.2357
34.2367
34.2371
34.2374
34.2376
34.2378
34.2378
34.2376
34.2374
34.2371
34.2367
34.2375
34.238
34.2383
34.2385
34.2387
34.2387
34.2385
34.2383
34.238
34.2375
34.2384
34.2388
34.2391
34.2393
34.2394
34.2394
34.2393
34.2391
34.2388
34.2384
34.2395
34.2396
34.2397
34.2398
34.2398
34.2398
34.2398
34.2397
34.2396
34.2395
30.9739
30.9739
30.9739
30.9739
30.9739
30.9739
30.9739
30.9739
30.9739
30.9739
30.9741
30.9741
30.9742
30.9742
30.9742
30.9742
30.9742
30.9742
30.9741
30.9741
30.9744
30.9745
30.9745
30.9746
30.9746
30.9746
30.9746
30.9745
30.9745
30.9744
30.9748
30.9749
30.975
30.9751
30.9751
30.9751
30.9751
30.975
30.9749
30.9748
30.9753
30.9755
30.9756
30.9757
30.9757
30.9757
30.9757
30.9756
30.9755
30.9753
30.9759
30.976
30.9762
30.9763
30.9763
30.9763
30.9763
30.9762
30.976
30.9759
30.9764
30.9766
30.9768
30.9769
30.9769
30.9769
30.9769
30.9768
30.9766
30.9764
30.9769
30.9772
30.9773
30.9774
30.9775
30.9775
30.9774
30.9773
30.9772
30.9769
30.9775
30.9777
30.9779
30.978
30.978
30.978
30.978
30.9779
30.9777
30.9775
30.9781
30.9783
30.9784
30.9784
30.9785
30.9785
30.9784
30.9784
30.9783
30.9781
27.7144
27.7144
27.7144
27.7144
27.7144
27.7144
27.7144
27.7144
27.7144
27.7144
27.7144
27.7144
27.7144
27.7144
27.7144
27.7144
27.7144
27.7144
27.7144
27.7144
27.7145
27.7145
27.7145
27.7145
27.7145
27.7145
27.7145
27.7145
27.7145
27.7145
27.7146
27.7146
27.7147
27.7147
27.7147
27.7147
27.7147
27.7147
27.7146
27.7146
27.7148
27.7148
27.7149
27.7149
27.7149
27.7149
27.7149
27.7149
27.7148
27.7148
27.715
27.715
27.7151
27.7152
27.7152
27.7152
27.7152
27.7151
27.715
27.715
27.7152
27.7153
27.7153
27.7154
27.7154
27.7154
27.7154
27.7153
27.7153
27.7152
27.7154
27.7155
27.7156
27.7156
27.7157
27.7157
27.7156
27.7156
27.7155
27.7154
27.7156
27.7157
27.7158
27.7159
27.7159
27.7159
27.7159
27.7158
27.7157
27.7156
27.7159
27.7159
27.716
27.7161
27.7161
27.7161
27.7161
27.716
27.7159
27.7159
24.4544
24.4544
24.4544
24.4544
24.4544
24.4544
24.4544
24.4544
24.4544
24.4544
24.4544
24.4544
24.4544
24.4544
24.4544
24.4544
24.4544
24.4544
24.4544
24.4544
24.4544
24.4544
24.4544
24.4544
24.4544
24.4544
24.4544
24.4544
24.4544
24.4544
24.4545
24.4545
24.4545
24.4545
24.4545
24.4545
24.4545
24.4545
24.4545
24.4545
24.4546
24.4546
24.4546
24.4546
24.4546
24.4546
24.4546
24.4546
24.4546
24.4546
24.4546
24.4547
24.4547
24.4547
24.4547
24.4547
24.4547
24.4547
24.4547
24.4546
24.4548
24.4548
24.4548
24.4548
24.4549
24.4549
24.4548
24.4548
24.4548
24.4548
24.4549
24.4549
24.455
24.455
24.455
24.455
24.455
24.455
24.4549
24.4549
24.455
24.455
24.4551
24.4551
24.4551
24.4551
24.4551
24.4551
24.455
24.455
24.4551
24.4552
24.4552
24.4552
24.4552
24.4552
24.4552
24.4552
24.4552
24.4551
21.194
21.194
21.194
21.194
21.194
21.194
21.194
21.194
21.194
21.194
21.194
21.194
21.194
21.194
21.194
21.194
21.194
21.194
21.194
21.194
21.194
21.194
21.194
21.194
21.194
21.194
21.194
21.194
21.194
21.194
21.194
21.194
21.194
21.194
21.194
21.194
21.194
21.194
21.194
21.194
21.194
21.194
21.194
21.194
21.194
21.194
21.194
21.194
21.194
21.194
21.194
21.194
21.1941
21.1941
21.1941
21.1941
21.1941
21.1941
21.194
21.194
21.1941
21.1941
21.1941
21.1941
21.1941
21.1941
21.1941
21.1941
21.1941
21.1941
21.1941
21.1941
21.1942
21.1942
21.1942
21.1942
21.1942
21.1942
21.1941
21.1941
21.1942
21.1942
21.1942
21.1942
21.1942
21.1942
21.1942
21.1942
21.1942
21.1942
21.1942
21.1942
21.1943
21.1943
21.1943
21.1943
21.1943
21.1943
21.1942
21.1942
17.9335
17.9335
17.9335
17.9335
17.9335
17.9335
17.9335
17.9335
17.9335
17.9335
17.9335
17.9335
17.9335
17.9335
17.9335
17.9335
17.9335
17.9335
17.9335
17.9335
17.9335
17.9335
17.9335
17.9335
17.9335
17.9335
17.9335
17.9335
17.9335
17.9335
17.9335
17.9335
17.9335
17.9335
17.9335
17.9335
17.9335
17.9335
17.9335
17.9335
17.9335
17.9335
17.9335
17.9335
17.9335
17.9335
17.9335
17.9335
17.9335
17.9335
17.9335
17.9335
17.9335
17.9335
17.9335
17.9335
17.9335
17.9335
17.9335
17.9335
17.9335
17.9335
17.9335
17.9335
17.9335
17.9335
17.9335
17.9335
17.9335
17.9335
17.9335
17.9335
17.9335
17.9335
17.9335
17.9335
17.9335
17.9335
17.9335
17.9335
17.9335
17.9336
17.9336
17.9336
17.9336
17.9336
17.9336
17.9336
17.9336
17.9335
17.9336
17.9336
17.9336
17.9336
17.9336
17.9336
17.9336
17.9336
17.9336
17.9336
14.6729
14.6729
14.6729
14.6729
14.6729
14.6729
14.6729
14.6729
14.6729
14.6729
14.6729
14.6729
14.6729
14.6729
14.6729
14.6729
14.6729
14.6729
14.6729
14.6729
14.6729
14.6729
14.6729
14.6729
14.6729
14.6729
14.6729
14.6729
14.6729
14.6729
14.6729
14.6729
14.6729
14.6729
14.6729
14.6729
14.6729
14.6729
14.6729
14.6729
14.6729
14.6729
14.6729
14.6729
14.6729
14.6729
14.6729
14.6729
14.6729
14.6729
14.6729
14.6729
14.6729
14.6729
14.6729
14.6729
14.6729
14.6729
14.6729
14.6729
14.6729
14.6729
14.6729
14.6729
14.6729
14.6729
14.6729
14.6729
14.6729
14.6729
14.6729
14.6729
14.6729
14.6729
14.6729
14.6729
14.6729
14.6729
14.6729
14.6729
14.6729
14.6729
14.6729
14.6729
14.6729
14.6729
14.6729
14.6729
14.6729
14.6729
14.6729
14.6729
14.6729
14.6729
14.6729
14.6729
14.6729
14.6729
14.6729
14.6729
11.4122
11.4122
11.4122
11.4122
11.4122
11.4122
11.4122
11.4122
11.4122
11.4122
11.4122
11.4122
11.4122
11.4122
11.4122
11.4122
11.4122
11.4122
11.4122
11.4122
11.4122
11.4122
11.4122
11.4122
11.4122
11.4122
11.4122
11.4122
11.4122
11.4122
11.4122
11.4122
11.4122
11.4122
11.4122
11.4122
11.4122
11.4122
11.4122
11.4122
11.4122
11.4122
11.4122
11.4122
11.4122
11.4122
11.4122
11.4122
11.4122
11.4122
11.4122
11.4122
11.4122
11.4122
11.4122
11.4122
11.4122
11.4122
11.4122
11.4122
11.4122
11.4122
11.4122
11.4122
11.4122
11.4122
11.4122
11.4122
11.4122
11.4122
11.4122
11.4122
11.4122
11.4122
11.4122
11.4122
11.4122
11.4122
11.4122
11.4122
11.4122
11.4122
11.4122
11.4122
11.4122
11.4122
11.4122
11.4122
11.4122
11.4122
11.4122
11.4122
11.4123
11.4123
11.4123
11.4123
11.4123
11.4123
11.4122
11.4122
8.1516
8.1516
8.1516
8.1516
8.1516
8.1516
8.1516
8.1516
8.1516
8.1516
8.1516
8.1516
8.1516
8.1516
8.1516
8.1516
8.1516
8.1516
8.1516
8.1516
8.1516
8.1516
8.1516
8.1516
8.1516
8.1516
8.1516
8.1516
8.1516
8.1516
8.1516
8.1516
8.1516
8.1516
8.1516
8.1516
8.1516
8.1516
8.1516
8.1516
8.1516
8.1516
8.1516
8.1516
8.1516
8.1516
8.1516
8.1516
8.1516
8.1516
8.1516
8.1516
8.1516
8.1516
8.1516
8.1516
8.1516
8.1516
8.1516
8.1516
8.1516
8.1516
8.1516
8.1516
8.1516
8.1516
8.1516
8.1516
8.1516
8.1516
8.1516
8.1516
8.1516
8.1516
8.1516
8.1516
8.1516
8.1516
8.1516
8.1516
8.1516
8.1516
8.1516
8.1516
8.1516
8.1516
8.1516
8.1516
8.1516
8.1516
8.1516
8.1516
8.1516
8.1516
8.1516
8.1516
8.1516
8.1516
8.1516
8.1516
4.89096
4.89096
4.89096
4.89096
4.89096
4.89096
4.89096
4.89096
4.89096
4.89096
4.89096
4.89096
4.89096
4.89096
4.89096
4.89096
4.89096
4.89096
4.89096
4.89096
4.89096
4.89096
4.89096
4.89096
4.89096
4.89096
4.89096
4.89096
4.89096
4.89096
4.89096
4.89096
4.89096
4.89096
4.89096
4.89096
4.89096
4.89096
4.89096
4.89096
4.89096
4.89096
4.89096
4.89096
4.89096
4.89096
4.89096
4.89096
4.89096
4.89096
4.89096
4.89096
4.89096
4.89096
4.89096
4.89096
4.89096
4.89096
4.89096
4.89096
4.89096
4.89096
4.89096
4.89096
4.89096
4.89096
4.89096
4.89096
4.89096
4.89096
4.89096
4.89096
4.89096
4.89096
4.89096
4.89096
4.89096
4.89096
4.89096
4.89096
4.89096
4.89096
4.89096
4.89096
4.89096
4.89096
4.89096
4.89096
4.89096
4.89096
4.89095
4.89095
4.89095
4.89095
4.89095
4.89095
4.89095
4.89095
4.89096
4.89096
1.63032
1.63032
1.63032
1.63032
1.63032
1.63032
1.63032
1.63032
1.63032
1.63032
1.63032
1.63032
1.63032
1.63032
1.63032
1.63032
1.63032
1.63032
1.63032
1.63032
1.63032
1.63032
1.63032
1.63032
1.63032
1.63032
1.63032
1.63032
1.63032
1.63032
1.63032
1.63032
1.63032
1.63032
1.63032
1.63032
1.63032
1.63032
1.63032
1.63032
1.63032
1.63032
1.63032
1.63032
1.63032
1.63032
1.63032
1.63032
1.63032
1.63032
1.63032
1.63032
1.63032
1.63032
1.63032
1.63032
1.63032
1.63032
1.63032
1.63032
1.63032
1.63032
1.63032
1.63032
1.63032
1.63032
1.63032
1.63032
1.63032
1.63032
1.63032
1.63032
1.63032
1.63032
1.63032
1.63032
1.63032
1.63032
1.63032
1.63032
1.63031
1.63031
1.63031
1.63031
1.63031
1.63031
1.63031
1.63031
1.63031
1.63032
1.63031
1.63031
1.63031
1.63031
1.63031
1.63031
1.63031
1.63031
1.63031
1.63031
98.9715
98.3909
98.0263
97.7598
97.6216
97.6216
97.7598
98.0263
98.3909
98.9715
89.8545
89.0066
88.4482
88.0533
87.85
87.85
88.0533
88.4481
89.0066
89.8545
82.2845
81.3087
80.6718
80.2281
80.0004
80.0004
80.2281
80.6718
81.3087
82.2845
77.0574
76.055
75.4091
74.9657
74.7386
74.7386
74.9657
75.4091
76.055
77.0574
73.1355
72.1405
71.5025
71.0734
70.8536
70.8536
71.0734
71.5025
72.1404
73.1354
69.9597
68.992
68.3701
67.9621
67.7535
67.7535
67.9621
68.3701
68.992
69.9597
67.3414
66.422
65.8259
65.4452
65.2514
65.2514
65.4452
65.8259
66.422
67.3414
65.1743
64.3266
63.7685
63.4208
63.2444
63.2444
63.4208
63.7685
64.3265
65.1743
63.3782
62.6183
62.1112
61.8011
61.6441
61.6441
61.8011
62.1112
62.6183
63.3782
61.9724
61.2139
60.7663
60.4941
60.3562
60.3562
60.4941
60.7663
61.2139
61.9723
63.0827
63.255
63.4424
63.5688
63.6343
63.6343
63.5688
63.4424
63.255
63.0827
63.5012
63.5954
63.7215
63.8024
63.8438
63.8438
63.8024
63.7215
63.5954
63.5012
63.4741
63.4708
63.5229
63.5509
63.5648
63.5648
63.5509
63.5229
63.4708
63.4741
63.0611
62.9677
62.9519
62.9332
62.923
62.923
62.9332
62.9518
62.9677
63.0611
62.4646
62.2974
62.2237
62.1676
62.1381
62.1381
62.1676
62.2237
62.2974
62.4645
61.7933
61.5706
61.4502
61.3661
61.3223
61.3223
61.3661
61.4502
61.5706
61.7933
61.1022
60.8441
60.69
60.5878
60.5349
60.5349
60.5878
60.69
60.8441
61.1022
60.4226
60.1529
59.9806
59.8699
59.8128
59.8128
59.8699
59.9806
60.1529
60.4226
59.7897
59.5244
59.3459
59.234
59.176
59.176
59.234
59.3459
59.5244
59.7897
59.305
58.9597
58.7771
58.665
58.6066
58.6066
58.665
58.7771
58.9597
59.305
58.483
58.4685
58.47
58.4664
58.4647
58.4647
58.4664
58.47
58.4684
58.483
58.8888
58.8719
58.8726
58.8673
58.8645
58.8645
58.8673
58.8726
58.8719
58.8888
59.2236
59.1881
59.1772
59.1621
59.154
59.154
59.1621
59.1772
59.1881
59.2236
59.2726
59.2038
59.1708
59.1397
59.1231
59.1231
59.1397
59.1708
59.2038
59.2726
59.1257
59.0218
58.9644
58.9173
58.8924
58.8924
58.9173
58.9644
59.0218
59.1257
58.8769
58.7425
58.6628
58.6024
58.5706
58.5706
58.6024
58.6628
58.7425
58.8769
58.5743
58.4177
58.3199
58.2501
58.2136
58.2136
58.2501
58.3199
58.4177
58.5743
58.2447
58.0778
57.9688
57.8941
57.8551
57.8551
57.8941
57.9688
58.0778
58.2447
57.9203
57.751
57.6348
57.558
57.5179
57.5179
57.558
57.6348
57.751
57.9203
57.6743
57.443
57.3172
57.237
57.1953
57.1953
57.237
57.3172
57.443
57.6743
53.7696
53.7891
53.8138
53.8296
53.838
53.838
53.8296
53.8138
53.7891
53.7696
53.9751
53.9983
54.0268
54.0449
54.0545
54.0545
54.0449
54.0268
53.9983
53.9751
54.1486
54.1693
54.1974
54.2146
54.2236
54.2236
54.2146
54.1974
54.1693
54.1486
54.2306
54.2409
54.262
54.2738
54.2799
54.2799
54.2738
54.262
54.2409
54.2306
54.2417
54.2377
54.2484
54.2527
54.2548
54.2548
54.2527
54.2484
54.2377
54.2417
54.2053
54.1865
54.1858
54.1823
54.1804
54.1804
54.1823
54.1858
54.1864
54.2053
54.1349
54.1032
54.0919
54.0817
54.0762
54.0762
54.0817
54.0919
54.1032
54.1349
54.0401
54.0004
53.9806
53.9655
53.9573
53.9573
53.9655
53.9806
54.0004
54.0401
53.9383
53.8929
53.8652
53.8456
53.8349
53.8349
53.8456
53.8652
53.8929
53.9383
53.8733
53.7859
53.7451
53.7184
53.7043
53.7043
53.7184
53.7451
53.7859
53.8733
50.5378
50.5377
50.5395
50.5395
50.5395
50.5395
50.5395
50.5395
50.5377
50.5378
50.6326
50.636
50.6409
50.643
50.644
50.644
50.643
50.6409
50.636
50.6326
50.7292
50.7339
50.7403
50.7431
50.7445
50.7445
50.7431
50.7403
50.7339
50.7292
50.7942
50.7968
50.8021
50.8037
50.8045
50.8045
50.8037
50.8021
50.7968
50.7942
50.8297
50.8279
50.8303
50.8296
50.8291
50.8291
50.8296
50.8303
50.8279
50.8297
50.8424
50.8352
50.8337
50.8303
50.8284
50.8284
50.8303
50.8337
50.8352
50.8424
50.837
50.8246
50.8191
50.8132
50.8098
50.8098
50.8132
50.8191
50.8246
50.837
50.8177
50.8017
50.7927
50.7847
50.7802
50.7802
50.7847
50.7927
50.8017
50.8177
50.7936
50.7742
50.7611
50.7507
50.745
50.745
50.7507
50.7611
50.7742
50.7936
50.7849
50.7439
50.7232
50.709
50.7014
50.7014
50.709
50.7232
50.7439
50.7849
47.2013
47.2042
47.2078
47.2099
47.211
47.211
47.2099
47.2078
47.2042
47.2013
47.2399
47.2445
47.2496
47.2527
47.2543
47.2543
47.2527
47.2495
47.2445
47.2399
47.279
47.2846
47.2908
47.2947
47.2967
47.2967
47.2947
47.2908
47.2846
47.279
47.3082
47.3136
47.3199
47.3236
47.3256
47.3256
47.3236
47.3199
47.3136
47.3082
47.3275
47.3316
47.3372
47.3403
47.3419
47.3419
47.3403
47.3372
47.3316
47.3275
47.3384
47.3406
47.3448
47.3468
47.3478
47.3478
47.3468
47.3448
47.3406
47.3384
47.3417
47.3418
47.3444
47.3452
47.3456
47.3456
47.3452
47.3444
47.3418
47.3417
47.3385
47.3371
47.338
47.3378
47.3375
47.3375
47.3378
47.338
47.3371
47.3385
47.3329
47.3296
47.3283
47.3267
47.3257
47.3257
47.3267
47.3283
47.3296
47.3329
47.3346
47.3205
47.3146
47.3104
47.3081
47.3081
47.3104
47.3146
47.3205
47.3346
43.986
43.9864
43.9869
43.987
43.987
43.987
43.987
43.9869
43.9864
43.986
44.0018
44.003
44.0042
44.0048
44.0051
44.0051
44.0048
44.0042
44.003
44.0018
44.0198
44.0217
44.0235
44.0245
44.0251
44.0251
44.0245
44.0235
44.0217
44.0198
44.0353
44.0374
44.0396
44.0407
44.0413
44.0413
44.0407
44.0396
44.0374
44.0353
44.0477
44.0498
44.0519
44.0529
44.0535
44.0535
44.0529
44.0519
44.0497
44.0477
44.0573
44.0589
44.0607
44.0615
44.0619
44.0619
44.0615
44.0607
44.0589
44.0573
44.064
44.0651
44.0665
44.067
44.0671
44.0671
44.067
44.0665
44.0651
44.064
44.0683
44.0689
44.0698
44.0699
44.0699
44.0699
44.0699
44.0698
44.0689
44.0683
44.0718
44.0716
44.0716
44.0712
44.0708
44.0708
44.0712
44.0716
44.0716
44.0717
44.0781
44.0733
44.0713
44.0697
44.0689
44.0689
44.0697
44.0713
44.0733
44.0781
40.7333
40.7339
40.7345
40.7348
40.735
40.735
40.7348
40.7345
40.7339
40.7333
40.7392
40.7401
40.7409
40.7415
40.7418
40.7418
40.7415
40.7409
40.74
40.7392
40.7458
40.747
40.7482
40.749
40.7493
40.7493
40.749
40.7482
40.747
40.7458
40.7519
40.7533
40.7547
40.7555
40.756
40.756
40.7555
40.7547
40.7533
40.7519
40.7572
40.7586
40.7601
40.761
40.7614
40.7614
40.761
40.7601
40.7586
40.7572
40.7615
40.7629
40.7643
40.7652
40.7656
40.7656
40.7652
40.7643
40.7629
40.7615
40.7649
40.7661
40.7674
40.7681
40.7685
40.7685
40.7681
40.7674
40.7661
40.7649
40.7672
40.7683
40.7694
40.77
40.7702
40.7702
40.77
40.7694
40.7683
40.7672
40.7692
40.7699
40.7707
40.771
40.7711
40.7711
40.771
40.7707
40.7699
40.7692
40.7724
40.7711
40.7709
40.7706
40.7704
40.7704
40.7706
40.7709
40.7711
40.7724
37.4874
37.4875
37.4876
37.4876
37.4876
37.4876
37.4876
37.4876
37.4875
37.4874
37.4895
37.4897
37.49
37.4901
37.4901
37.4901
37.4901
37.49
37.4897
37.4895
37.4922
37.4927
37.493
37.4932
37.4933
37.4933
37.4932
37.493
37.4927
37.4922
37.4951
37.4956
37.4961
37.4964
37.4965
37.4965
37.4964
37.4961
37.4956
37.4951
37.4978
37.4984
37.499
37.4993
37.4995
37.4995
37.4993
37.499
37.4984
37.4978
37.5004
37.5011
37.5017
37.502
37.5022
37.5022
37.502
37.5017
37.5011
37.5004
37.5027
37.5034
37.504
37.5044
37.5045
37.5045
37.5044
37.504
37.5034
37.5027
37.5047
37.5054
37.506
37.5064
37.5065
37.5065
37.5064
37.506
37.5054
37.5047
37.5067
37.5073
37.5078
37.508
37.5081
37.5081
37.508
37.5078
37.5073
37.5067
37.5092
37.5091
37.5092
37.5092
37.5092
37.5092
37.5092
37.5092
37.5091
37.5092
34.231
34.2311
34.2312
34.2313
34.2313
34.2313
34.2313
34.2312
34.2311
34.231
34.2317
34.2319
34.232
34.2321
34.2321
34.2321
34.2321
34.232
34.2319
34.2317
34.2326
34.2328
34.233
34.2331
34.2332
34.2332
34.2331
34.233
34.2328
34.2326
34.2336
34.2339
34.2341
34.2343
34.2344
34.2344
34.2343
34.2341
34.2339
34.2336
34.2346
34.235
34.2353
34.2355
34.2356
34.2356
34.2355
34.2353
34.235
34.2346
34.2357
34.2361
34.2364
34.2366
34.2367
34.2367
34.2366
34.2364
34.2361
34.2357
34.2367
34.2371
34.2374
34.2376
34.2378
34.2378
34.2376
34.2374
34.2371
34.2367
34.2375
34.238
34.2383
34.2385
34.2386
34.2386
34.2385
34.2383
34.238
34.2375
34.2384
34.2388
34.2391
34.2393
34.2394
34.2394
34.2393
34.2391
34.2388
34.2384
34.2395
34.2396
34.2397
34.2398
34.2398
34.2398
34.2398
34.2397
34.2396
34.2395
30.9739
30.9739
30.9739
30.9739
30.9739
30.9739
30.9739
30.9739
30.9739
30.9739
30.9741
30.9741
30.9742
30.9742
30.9742
30.9742
30.9742
30.9742
30.9741
30.9741
30.9744
30.9745
30.9745
30.9746
30.9746
30.9746
30.9746
30.9745
30.9745
30.9744
30.9748
30.9749
30.975
30.9751
30.9751
30.9751
30.9751
30.975
30.9749
30.9748
30.9753
30.9755
30.9756
30.9757
30.9757
30.9757
30.9757
30.9756
30.9755
30.9753
30.9759
30.976
30.9762
30.9763
30.9763
30.9763
30.9763
30.9762
30.976
30.9759
30.9764
30.9766
30.9768
30.9769
30.9769
30.9769
30.9769
30.9768
30.9766
30.9764
30.9769
30.9772
30.9773
30.9774
30.9775
30.9775
30.9774
30.9773
30.9772
30.9769
30.9775
30.9777
30.9779
30.978
30.978
30.978
30.978
30.9779
30.9777
30.9775
30.9781
30.9783
30.9784
30.9784
30.9785
30.9785
30.9784
30.9784
30.9783
30.9781
27.7144
27.7144
27.7144
27.7144
27.7144
27.7144
27.7144
27.7144
27.7144
27.7144
27.7144
27.7144
27.7144
27.7144
27.7144
27.7144
27.7144
27.7144
27.7144
27.7144
27.7145
27.7145
27.7145
27.7145
27.7145
27.7145
27.7145
27.7145
27.7145
27.7145
27.7146
27.7146
27.7147
27.7147
27.7147
27.7147
27.7147
27.7147
27.7146
27.7146
27.7148
27.7148
27.7149
27.7149
27.7149
27.7149
27.7149
27.7149
27.7148
27.7148
27.715
27.715
27.7151
27.7152
27.7152
27.7152
27.7152
27.7151
27.715
27.715
27.7152
27.7153
27.7153
27.7154
27.7154
27.7154
27.7154
27.7153
27.7153
27.7152
27.7154
27.7155
27.7156
27.7156
27.7157
27.7157
27.7156
27.7156
27.7155
27.7154
27.7156
27.7157
27.7158
27.7159
27.7159
27.7159
27.7159
27.7158
27.7157
27.7156
27.7159
27.7159
27.716
27.7161
27.7161
27.7161
27.7161
27.716
27.7159
27.7159
24.4544
24.4544
24.4544
24.4544
24.4544
24.4544
24.4544
24.4544
24.4544
24.4544
24.4544
24.4544
24.4544
24.4544
24.4544
24.4544
24.4544
24.4544
24.4544
24.4544
24.4544
24.4544
24.4544
24.4544
24.4544
24.4544
24.4544
24.4544
24.4544
24.4544
24.4545
24.4545
24.4545
24.4545
24.4545
24.4545
24.4545
24.4545
24.4545
24.4545
24.4546
24.4546
24.4546
24.4546
24.4546
24.4546
24.4546
24.4546
24.4546
24.4546
24.4546
24.4547
24.4547
24.4547
24.4547
24.4547
24.4547
24.4547
24.4547
24.4546
24.4548
24.4548
24.4548
24.4548
24.4549
24.4549
24.4548
24.4548
24.4548
24.4548
24.4549
24.4549
24.455
24.455
24.455
24.455
24.455
24.455
24.4549
24.4549
24.455
24.455
24.4551
24.4551
24.4551
24.4551
24.4551
24.4551
24.455
24.455
24.4551
24.4552
24.4552
24.4552
24.4552
24.4552
24.4552
24.4552
24.4552
24.4551
21.194
21.194
21.194
21.194
21.194
21.194
21.194
21.194
21.194
21.194
21.194
21.194
21.194
21.194
21.194
21.194
21.194
21.194
21.194
21.194
21.194
21.194
21.194
21.194
21.194
21.194
21.194
21.194
21.194
21.194
21.194
21.194
21.194
21.194
21.194
21.194
21.194
21.194
21.194
21.194
21.194
21.194
21.194
21.194
21.194
21.194
21.194
21.194
21.194
21.194
21.194
21.194
21.1941
21.1941
21.1941
21.1941
21.1941
21.1941
21.194
21.194
21.1941
21.1941
21.1941
21.1941
21.1941
21.1941
21.1941
21.1941
21.1941
21.1941
21.1941
21.1941
21.1942
21.1942
21.1942
21.1942
21.1942
21.1942
21.1941
21.1941
21.1942
21.1942
21.1942
21.1942
21.1942
21.1942
21.1942
21.1942
21.1942
21.1942
21.1942
21.1942
21.1943
21.1943
21.1943
21.1943
21.1943
21.1943
21.1942
21.1942
17.9335
17.9335
17.9335
17.9335
17.9335
17.9335
17.9335
17.9335
17.9335
17.9335
17.9335
17.9335
17.9335
17.9335
17.9335
17.9335
17.9335
17.9335
17.9335
17.9335
17.9335
17.9335
17.9335
17.9335
17.9335
17.9335
17.9335
17.9335
17.9335
17.9335
17.9335
17.9335
17.9335
17.9335
17.9335
17.9335
17.9335
17.9335
17.9335
17.9335
17.9335
17.9335
17.9335
17.9335
17.9335
17.9335
17.9335
17.9335
17.9335
17.9335
17.9335
17.9335
17.9335
17.9335
17.9335
17.9335
17.9335
17.9335
17.9335
17.9335
17.9335
17.9335
17.9335
17.9335
17.9335
17.9335
17.9335
17.9335
17.9335
17.9335
17.9335
17.9335
17.9335
17.9335
17.9335
17.9335
17.9335
17.9335
17.9335
17.9335
17.9335
17.9336
17.9336
17.9336
17.9336
17.9336
17.9336
17.9336
17.9336
17.9335
17.9336
17.9336
17.9336
17.9336
17.9336
17.9336
17.9336
17.9336
17.9336
17.9336
14.6729
14.6729
14.6729
14.6729
14.6729
14.6729
14.6729
14.6729
14.6729
14.6729
14.6729
14.6729
14.6729
14.6729
14.6729
14.6729
14.6729
14.6729
14.6729
14.6729
14.6729
14.6729
14.6729
14.6729
14.6729
14.6729
14.6729
14.6729
14.6729
14.6729
14.6729
14.6729
14.6729
14.6729
14.6729
14.6729
14.6729
14.6729
14.6729
14.6729
14.6729
14.6729
14.6729
14.6729
14.6729
14.6729
14.6729
14.6729
14.6729
14.6729
14.6729
14.6729
14.6729
14.6729
14.6729
14.6729
14.6729
14.6729
14.6729
14.6729
14.6729
14.6729
14.6729
14.6729
14.6729
14.6729
14.6729
14.6729
14.6729
14.6729
14.6729
14.6729
14.6729
14.6729
14.6729
14.6729
14.6729
14.6729
14.6729
14.6729
14.6729
14.6729
14.6729
14.6729
14.6729
14.6729
14.6729
14.6729
14.6729
14.6729
14.6729
14.6729
14.6729
14.6729
14.6729
14.6729
14.6729
14.6729
14.6729
14.6729
11.4122
11.4122
11.4122
11.4122
11.4122
11.4122
11.4122
11.4122
11.4122
11.4122
11.4122
11.4122
11.4122
11.4122
11.4122
11.4122
11.4122
11.4122
11.4122
11.4122
11.4122
11.4122
11.4122
11.4122
11.4122
11.4122
11.4122
11.4122
11.4122
11.4122
11.4122
11.4122
11.4122
11.4122
11.4122
11.4122
11.4122
11.4122
11.4122
11.4122
11.4122
11.4122
11.4122
11.4122
11.4122
11.4122
11.4122
11.4122
11.4122
11.4122
11.4122
11.4122
11.4122
11.4122
11.4122
11.4122
11.4122
11.4122
11.4122
11.4122
11.4122
11.4122
11.4122
11.4122
11.4122
11.4122
11.4122
11.4122
11.4122
11.4122
11.4122
11.4122
11.4122
11.4122
11.4122
11.4122
11.4122
11.4122
11.4122
11.4122
11.4122
11.4122
11.4122
11.4122
11.4122
11.4122
11.4122
11.4122
11.4122
11.4122
11.4122
11.4122
11.4123
11.4123
11.4123
11.4123
11.4123
11.4123
11.4122
11.4122
8.1516
8.1516
8.1516
8.1516
8.1516
8.1516
8.1516
8.1516
8.1516
8.1516
8.1516
8.1516
8.1516
8.1516
8.1516
8.1516
8.1516
8.1516
8.1516
8.1516
8.1516
8.1516
8.1516
8.1516
8.1516
8.1516
8.1516
8.1516
8.1516
8.1516
8.1516
8.1516
8.1516
8.1516
8.1516
8.1516
8.1516
8.1516
8.1516
8.1516
8.1516
8.1516
8.1516
8.1516
8.1516
8.1516
8.1516
8.1516
8.1516
8.1516
8.1516
8.1516
8.1516
8.1516
8.1516
8.1516
8.1516
8.1516
8.1516
8.1516
8.1516
8.1516
8.1516
8.1516
8.1516
8.1516
8.1516
8.1516
8.1516
8.1516
8.1516
8.1516
8.1516
8.1516
8.1516
8.1516
8.1516
8.1516
8.1516
8.1516
8.1516
8.1516
8.1516
8.1516
8.1516
8.1516
8.1516
8.1516
8.1516
8.1516
8.1516
8.1516
8.1516
8.1516
8.1516
8.1516
8.1516
8.1516
8.1516
8.1516
4.89096
4.89096
4.89096
4.89096
4.89096
4.89096
4.89096
4.89096
4.89096
4.89096
4.89096
4.89096
4.89096
4.89096
4.89096
4.89096
4.89096
4.89096
4.89096
4.89096
4.89096
4.89096
4.89096
4.89096
4.89096
4.89096
4.89096
4.89096
4.89096
4.89096
4.89096
4.89096
4.89096
4.89096
4.89096
4.89096
4.89096
4.89096
4.89096
4.89096
4.89096
4.89096
4.89096
4.89096
4.89096
4.89096
4.89096
4.89096
4.89096
4.89096
4.89096
4.89096
4.89096
4.89096
4.89096
4.89096
4.89096
4.89096
4.89096
4.89096
4.89096
4.89096
4.89096
4.89096
4.89096
4.89096
4.89096
4.89096
4.89096
4.89096
4.89096
4.89096
4.89096
4.89096
4.89096
4.89096
4.89096
4.89096
4.89096
4.89096
4.89096
4.89096
4.89096
4.89096
4.89096
4.89096
4.89096
4.89096
4.89096
4.89096
4.89096
4.89096
4.89096
4.89096
4.89096
4.89096
4.89096
4.89096
4.89096
4.89096
1.63032
1.63032
1.63032
1.63032
1.63032
1.63032
1.63032
1.63032
1.63032
1.63032
1.63032
1.63032
1.63032
1.63032
1.63032
1.63032
1.63032
1.63032
1.63032
1.63032
1.63032
1.63032
1.63032
1.63032
1.63032
1.63032
1.63032
1.63032
1.63032
1.63032
1.63032
1.63032
1.63032
1.63032
1.63032
1.63032
1.63032
1.63032
1.63032
1.63032
1.63032
1.63032
1.63032
1.63032
1.63032
1.63032
1.63032
1.63032
1.63032
1.63032
1.63032
1.63032
1.63032
1.63032
1.63032
1.63032
1.63032
1.63032
1.63032
1.63032
1.63032
1.63032
1.63032
1.63032
1.63032
1.63032
1.63032
1.63032
1.63032
1.63032
1.63032
1.63032
1.63032
1.63032
1.63032
1.63032
1.63032
1.63032
1.63032
1.63032
1.63032
1.63031
1.63031
1.63031
1.63031
1.63031
1.63031
1.63031
1.63031
1.63032
1.63031
1.63031
1.63031
1.63031
1.63031
1.63031
1.63031
1.63031
1.63031
1.63031
60.9701
60.2862
59.853
59.5774
59.4407
59.4407
59.5774
59.853
60.2862
60.9701
60.2862
59.7024
59.2626
58.9692
58.8237
58.8237
58.9692
59.2626
59.7024
60.2862
59.853
59.2626
58.8041
58.4986
58.3478
58.3478
58.4986
58.8041
59.2626
59.853
59.5774
58.9692
58.4986
58.1873
58.0341
58.0341
58.1873
58.4986
58.9692
59.5774
59.4407
58.8237
58.3478
58.0341
57.8799
57.8799
58.0341
58.3478
58.8237
59.4407
59.4407
58.8237
58.3478
58.0341
57.8799
57.8799
58.0341
58.3478
58.8237
59.4407
59.5774
58.9692
58.4986
58.1873
58.0341
58.0341
58.1873
58.4986
58.9692
59.5774
59.853
59.2626
58.8041
58.4986
58.3478
58.3478
58.4986
58.8041
59.2626
59.8531
60.2862
59.7024
59.2626
58.9692
58.8237
58.8237
58.9692
59.2626
59.7024
60.2862
60.9701
60.2862
59.853
59.5774
59.4407
59.4407
59.5774
59.8531
60.2862
60.9701
58.794
58.5166
58.3512
58.2425
58.1872
58.1872
58.2425
58.3512
58.5166
58.794
58.5166
58.2962
58.1096
57.9797
57.9147
57.9147
57.9797
58.1096
58.2962
58.5166
58.3512
58.1096
57.9001
57.7566
57.6856
57.6856
57.7566
57.9001
58.1096
58.3512
58.2425
57.9797
57.7566
57.6057
57.5315
57.5315
57.6057
57.7566
57.9797
58.2425
58.1872
57.9147
57.6856
57.5315
57.4556
57.4556
57.5315
57.6856
57.9147
58.1872
58.1872
57.9147
57.6856
57.5315
57.4556
57.4556
57.5315
57.6856
57.9147
58.1872
58.2425
57.9797
57.7566
57.6057
57.5315
57.5315
57.6057
57.7566
57.9797
58.2425
58.3512
58.1096
57.9001
57.7566
57.6856
57.6856
57.7566
57.9002
58.1096
58.3513
58.5166
58.2962
58.1096
57.9797
57.9147
57.9147
57.9797
58.1096
58.2962
58.5166
58.794
58.5166
58.3512
58.2425
58.1872
58.1872
58.2425
58.3513
58.5166
58.7941
57.2933
57.1404
57.0458
56.9801
56.9463
56.9463
56.9801
57.0458
57.1404
57.2933
57.1404
57.0178
56.9036
56.8211
56.7795
56.7795
56.8211
56.9036
57.0178
57.1404
57.0458
56.9036
56.7707
56.6777
56.6316
56.6316
56.6777
56.7707
56.9036
57.0458
56.9801
56.8211
56.6777
56.5794
56.5309
56.5309
56.5794
56.6777
56.8211
56.9801
56.9463
56.7795
56.6316
56.5309
56.4811
56.4811
56.5309
56.6316
56.7796
56.9463
56.9463
56.7795
56.6316
56.5309
56.4811
56.4811
56.5309
56.6316
56.7796
56.9463
56.9801
56.8211
56.6777
56.5794
56.5309
56.5309
56.5794
56.6777
56.8211
56.9801
57.0458
56.9036
56.7707
56.6777
56.6316
56.6316
56.6777
56.7707
56.9036
57.0458
57.1404
57.0178
56.9036
56.8211
56.7796
56.7796
56.8211
56.9036
57.0178
57.1404
57.2933
57.1404
57.0458
56.9801
56.9463
56.9463
56.9801
57.0458
57.1404
57.2933
53.6829
53.646
53.6252
53.6086
53.5998
53.5998
53.6086
53.6252
53.646
53.6829
53.646
53.6179
53.5821
53.554
53.5398
53.5398
53.554
53.5821
53.6179
53.646
53.6252
53.5821
53.5343
53.4998
53.4828
53.4828
53.4998
53.5343
53.5821
53.6252
53.6086
53.554
53.4998
53.4621
53.4436
53.4436
53.4621
53.4998
53.554
53.6086
53.5998
53.5398
53.4828
53.4436
53.4243
53.4243
53.4436
53.4828
53.5398
53.5998
53.5998
53.5398
53.4828
53.4436
53.4243
53.4243
53.4436
53.4828
53.5398
53.5998
53.6086
53.554
53.4998
53.4621
53.4436
53.4436
53.4621
53.4998
53.554
53.6086
53.6252
53.5821
53.5343
53.4998
53.4828
53.4828
53.4998
53.5343
53.5821
53.6252
53.646
53.6179
53.5821
53.554
53.5398
53.5398
53.554
53.5821
53.618
53.646
53.6829
53.646
53.6252
53.6086
53.5998
53.5998
53.6086
53.6252
53.646
53.6829
50.6869
50.6781
50.6727
50.667
50.6638
50.6638
50.667
50.6727
50.6781
50.6869
50.6781
50.6725
50.6592
50.6477
50.6418
50.6418
50.6477
50.6592
50.6725
50.6781
50.6727
50.6592
50.6397
50.6251
50.6177
50.6177
50.6251
50.6397
50.6592
50.6727
50.667
50.6477
50.6251
50.6088
50.6008
50.6008
50.6088
50.6251
50.6477
50.667
50.6638
50.6418
50.6177
50.6008
50.5924
50.5924
50.6008
50.6177
50.6418
50.6638
50.6638
50.6418
50.6177
50.6008
50.5924
50.5924
50.6008
50.6177
50.6418
50.6638
50.667
50.6477
50.6251
50.6088
50.6008
50.6008
50.6088
50.6251
50.6477
50.667
50.6727
50.6592
50.6397
50.6251
50.6177
50.6177
50.6251
50.6397
50.6592
50.6727
50.6781
50.6725
50.6592
50.6477
50.6418
50.6418
50.6477
50.6592
50.6725
50.6781
50.6869
50.6781
50.6727
50.667
50.6638
50.6638
50.667
50.6727
50.6781
50.6869
47.2887
47.2906
47.2922
47.2922
47.2921
47.2921
47.2922
47.2922
47.2906
47.2887
47.2906
47.2926
47.2897
47.2866
47.285
47.285
47.2866
47.2897
47.2926
47.2906
47.2922
47.2897
47.2837
47.279
47.2766
47.2766
47.279
47.2837
47.2897
47.2922
47.2922
47.2866
47.279
47.2735
47.2708
47.2708
47.2735
47.279
47.2866
47.2922
47.2921
47.285
47.2766
47.2708
47.2679
47.2679
47.2708
47.2767
47.285
47.2921
47.2921
47.285
47.2766
47.2708
47.2679
47.2679
47.2708
47.2767
47.285
47.2921
47.2922
47.2866
47.279
47.2735
47.2708
47.2708
47.2735
47.279
47.2866
47.2922
47.2922
47.2897
47.2837
47.279
47.2767
47.2767
47.279
47.2837
47.2897
47.2922
47.2906
47.2926
47.2897
47.2866
47.285
47.285
47.2866
47.2897
47.2926
47.2906
47.2887
47.2906
47.2922
47.2922
47.2921
47.2921
47.2922
47.2922
47.2906
47.2887
44.0596
44.0628
44.0649
44.0658
44.0662
44.0662
44.0658
44.0649
44.0628
44.0596
44.0628
44.066
44.0663
44.066
44.0658
44.0658
44.066
44.0664
44.066
44.0628
44.0649
44.0663
44.0654
44.0644
44.0639
44.0639
44.0644
44.0654
44.0664
44.0649
44.0658
44.066
44.0644
44.0631
44.0625
44.0625
44.0631
44.0644
44.066
44.0658
44.0662
44.0658
44.0639
44.0625
44.0618
44.0618
44.0625
44.0639
44.0658
44.0662
44.0662
44.0658
44.0639
44.0625
44.0618
44.0618
44.0625
44.0639
44.0658
44.0662
44.0658
44.066
44.0644
44.0631
44.0625
44.0625
44.0631
44.0644
44.066
44.0658
44.0649
44.0664
44.0654
44.0644
44.0639
44.0639
44.0644
44.0654
44.0664
44.0649
44.0628
44.066
44.0664
44.066
44.0658
44.0658
44.066
44.0664
44.066
44.0628
44.0596
44.0628
44.0649
44.0658
44.0662
44.0662
44.0658
44.0649
44.0628
44.0596
40.7646
40.7668
40.7682
40.769
40.7693
40.7693
40.769
40.7682
40.7668
40.7646
40.7668
40.7687
40.7693
40.7694
40.7695
40.7695
40.7694
40.7693
40.7687
40.7668
40.7682
40.7693
40.7693
40.7692
40.7691
40.7691
40.7692
40.7693
40.7693
40.7682
40.769
40.7694
40.7692
40.7689
40.7688
40.7688
40.7689
40.7692
40.7695
40.769
40.7693
40.7695
40.7691
40.7688
40.7687
40.7687
40.7688
40.7691
40.7695
40.7693
40.7693
40.7695
40.7691
40.7688
40.7687
40.7687
40.7688
40.7691
40.7695
40.7693
40.769
40.7694
40.7692
40.7689
40.7688
40.7688
40.7689
40.7692
40.7695
40.769
40.7682
40.7693
40.7693
40.7692
40.7691
40.7691
40.7692
40.7693
40.7693
40.7682
40.7668
40.7687
40.7693
40.7695
40.7695
40.7695
40.7695
40.7693
40.7687
40.7668
40.7646
40.7668
40.7682
40.769
40.7693
40.7693
40.769
40.7682
40.7668
40.7646
37.5067
37.5081
37.509
37.5095
37.5098
37.5098
37.5095
37.509
37.5081
37.5067
37.5081
37.5094
37.51
37.5103
37.5105
37.5105
37.5103
37.51
37.5094
37.5081
37.509
37.51
37.5105
37.5107
37.5108
37.5108
37.5107
37.5105
37.51
37.509
37.5095
37.5103
37.5107
37.5109
37.511
37.511
37.5109
37.5107
37.5103
37.5095
37.5098
37.5105
37.5108
37.511
37.5111
37.5111
37.511
37.5108
37.5105
37.5098
37.5098
37.5105
37.5108
37.511
37.5111
37.5111
37.511
37.5108
37.5105
37.5098
37.5095
37.5103
37.5107
37.5109
37.511
37.511
37.5109
37.5107
37.5103
37.5095
37.509
37.51
37.5105
37.5107
37.5108
37.5108
37.5107
37.5105
37.51
37.509
37.5081
37.5094
37.51
37.5103
37.5105
37.5105
37.5103
37.51
37.5094
37.5081
37.5067
37.5081
37.509
37.5095
37.5098
37.5098
37.5095
37.509
37.5081
37.5067
34.2386
34.2393
34.2397
34.24
34.2401
34.2401
34.24
34.2397
34.2393
34.2386
34.2393
34.2399
34.2402
34.2404
34.2405
34.2405
34.2404
34.2402
34.2399
34.2393
34.2397
34.2402
34.2404
34.2406
34.2407
34.2407
34.2406
34.2404
34.2402
34.2397
34.24
34.2404
34.2406
34.2408
34.2408
34.2408
34.2408
34.2406
34.2404
34.24
34.2401
34.2405
34.2407
34.2408
34.2409
34.2409
34.2408
34.2407
34.2405
34.2401
34.2401
34.2405
34.2407
34.2408
34.2409
34.2409
34.2408
34.2407
34.2405
34.2401
34.24
34.2404
34.2406
34.2408
34.2408
34.2408
34.2408
34.2406
34.2404
34.24
34.2397
34.2402
34.2404
34.2406
34.2407
34.2407
34.2406
34.2404
34.2402
34.2397
34.2393
34.2399
34.2402
34.2404
34.2405
34.2405
34.2404
34.2402
34.2399
34.2393
34.2386
34.2393
34.2397
34.24
34.2401
34.2401
34.24
34.2397
34.2393
34.2386
30.978
30.9783
30.9786
30.9787
30.9788
30.9788
30.9787
30.9786
30.9783
30.978
30.9783
30.9787
30.9789
30.979
30.9791
30.9791
30.979
30.9789
30.9787
30.9783
30.9786
30.9789
30.9791
30.9792
30.9793
30.9793
30.9792
30.9791
30.9789
30.9786
30.9787
30.979
30.9792
30.9793
30.9794
30.9794
30.9793
30.9792
30.979
30.9787
30.9788
30.9791
30.9793
30.9794
30.9795
30.9795
30.9794
30.9793
30.9791
30.9788
30.9788
30.9791
30.9793
30.9794
30.9795
30.9795
30.9794
30.9793
30.9791
30.9788
30.9787
30.979
30.9792
30.9793
30.9794
30.9794
30.9793
30.9792
30.979
30.9787
30.9786
30.9789
30.9791
30.9792
30.9793
30.9793
30.9792
30.9791
30.9789
30.9786
30.9783
30.9787
30.9789
30.979
30.9791
30.9791
30.979
30.9789
30.9787
30.9783
30.978
30.9783
30.9786
30.9787
30.9788
30.9788
30.9787
30.9786
30.9783
30.978
27.7159
27.716
27.7161
27.7162
27.7162
27.7162
27.7162
27.7161
27.716
27.7159
27.716
27.7161
27.7162
27.7163
27.7163
27.7163
27.7163
27.7162
27.7161
27.716
27.7161
27.7162
27.7163
27.7164
27.7164
27.7164
27.7164
27.7163
27.7162
27.7161
27.7162
27.7163
27.7164
27.7165
27.7165
27.7165
27.7165
27.7164
27.7163
27.7162
27.7162
27.7163
27.7164
27.7165
27.7165
27.7165
27.7165
27.7164
27.7163
27.7162
27.7162
27.7163
27.7164
27.7165
27.7165
27.7165
27.7165
27.7164
27.7163
27.7162
27.7162
27.7163
27.7164
27.7165
27.7165
27.7165
27.7165
27.7164
27.7163
27.7162
27.7161
27.7162
27.7163
27.7164
27.7164
27.7164
27.7164
27.7163
27.7162
27.7161
27.716
27.7161
27.7162
27.7163
27.7163
27.7163
27.7163
27.7162
27.7161
27.716
27.7159
27.716
27.7161
27.7162
27.7162
27.7162
27.7162
27.7161
27.716
27.7159
24.4552
24.4552
24.4553
24.4553
24.4553
24.4553
24.4553
24.4553
24.4552
24.4552
24.4552
24.4553
24.4554
24.4554
24.4554
24.4554
24.4554
24.4554
24.4553
24.4552
24.4553
24.4554
24.4554
24.4555
24.4555
24.4555
24.4555
24.4554
24.4554
24.4553
24.4553
24.4554
24.4555
24.4555
24.4555
24.4555
24.4555
24.4555
24.4554
24.4553
24.4553
24.4554
24.4555
24.4555
24.4555
24.4555
24.4555
24.4555
24.4554
24.4553
24.4553
24.4554
24.4555
24.4555
24.4555
24.4555
24.4555
24.4555
24.4554
24.4553
24.4553
24.4554
24.4555
24.4555
24.4555
24.4555
24.4555
24.4555
24.4554
24.4553
24.4553
24.4554
24.4554
24.4555
24.4555
24.4555
24.4555
24.4554
24.4554
24.4553
24.4552
24.4553
24.4554
24.4554
24.4554
24.4554
24.4554
24.4554
24.4553
24.4552
24.4552
24.4552
24.4553
24.4553
24.4553
24.4553
24.4553
24.4553
24.4552
24.4552
21.1942
21.1943
21.1943
21.1943
21.1943
21.1943
21.1943
21.1943
21.1943
21.1942
21.1943
21.1943
21.1943
21.1943
21.1943
21.1943
21.1943
21.1943
21.1943
21.1943
21.1943
21.1943
21.1943
21.1944
21.1944
21.1944
21.1944
21.1943
21.1943
21.1943
21.1943
21.1943
21.1944
21.1944
21.1944
21.1944
21.1944
21.1944
21.1943
21.1943
21.1943
21.1943
21.1944
21.1944
21.1944
21.1944
21.1944
21.1944
21.1943
21.1943
21.1943
21.1943
21.1944
21.1944
21.1944
21.1944
21.1944
21.1944
21.1943
21.1943
21.1943
21.1943
21.1944
21.1944
21.1944
21.1944
21.1944
21.1944
21.1943
21.1943
21.1943
21.1943
21.1943
21.1944
21.1944
21.1944
21.1944
21.1943
21.1943
21.1943
21.1943
21.1943
21.1943
21.1943
21.1943
21.1943
21.1943
21.1943
21.1943
21.1943
21.1942
21.1943
21.1943
21.1943
21.1943
21.1943
21.1943
21.1943
21.1943
21.1942
17.9336
17.9336
17.9336
17.9336
17.9336
17.9336
17.9336
17.9336
17.9336
17.9336
17.9336
17.9336
17.9336
17.9336
17.9336
17.9336
17.9336
17.9336
17.9336
17.9336
17.9336
17.9336
17.9336
17.9336
17.9337
17.9337
17.9336
17.9336
17.9336
17.9336
17.9336
17.9336
17.9336
17.9337
17.9337
17.9337
17.9337
17.9336
17.9336
17.9336
17.9336
17.9336
17.9337
17.9337
17.9337
17.9337
17.9337
17.9337
17.9336
17.9336
17.9336
17.9336
17.9337
17.9337
17.9337
17.9337
17.9337
17.9337
17.9336
17.9336
17.9336
17.9336
17.9336
17.9337
17.9337
17.9337
17.9337
17.9336
17.9336
17.9336
17.9336
17.9336
17.9336
17.9336
17.9337
17.9337
17.9336
17.9336
17.9336
17.9336
17.9336
17.9336
17.9336
17.9336
17.9336
17.9336
17.9336
17.9336
17.9336
17.9336
17.9336
17.9336
17.9336
17.9336
17.9336
17.9336
17.9336
17.9336
17.9336
17.9336
14.6729
14.6729
14.6729
14.6729
14.6729
14.6729
14.6729
14.6729
14.6729
14.6729
14.6729
14.6729
14.6729
14.6729
14.6729
14.6729
14.6729
14.6729
14.6729
14.6729
14.6729
14.6729
14.6729
14.6729
14.6729
14.6729
14.6729
14.6729
14.6729
14.6729
14.6729
14.6729
14.6729
14.6729
14.6729
14.6729
14.6729
14.6729
14.6729
14.6729
14.6729
14.6729
14.6729
14.6729
14.6729
14.6729
14.6729
14.6729
14.6729
14.6729
14.6729
14.6729
14.6729
14.6729
14.6729
14.6729
14.6729
14.6729
14.6729
14.6729
14.6729
14.6729
14.6729
14.6729
14.6729
14.6729
14.6729
14.6729
14.6729
14.6729
14.6729
14.6729
14.6729
14.6729
14.6729
14.6729
14.6729
14.6729
14.6729
14.6729
14.6729
14.6729
14.6729
14.6729
14.6729
14.6729
14.6729
14.6729
14.6729
14.6729
14.6729
14.6729
14.6729
14.6729
14.6729
14.6729
14.6729
14.6729
14.6729
14.6729
11.4123
11.4123
11.4123
11.4123
11.4123
11.4123
11.4123
11.4123
11.4123
11.4123
11.4123
11.4123
11.4123
11.4123
11.4123
11.4123
11.4123
11.4123
11.4123
11.4123
11.4123
11.4123
11.4123
11.4123
11.4123
11.4123
11.4123
11.4123
11.4123
11.4123
11.4123
11.4123
11.4123
11.4123
11.4123
11.4123
11.4123
11.4123
11.4123
11.4123
11.4123
11.4123
11.4123
11.4123
11.4123
11.4123
11.4123
11.4123
11.4123
11.4123
11.4123
11.4123
11.4123
11.4123
11.4123
11.4123
11.4123
11.4123
11.4123
11.4123
11.4123
11.4123
11.4123
11.4123
11.4123
11.4123
11.4123
11.4123
11.4123
11.4123
11.4123
11.4123
11.4123
11.4123
11.4123
11.4123
11.4123
11.4123
11.4123
11.4123
11.4123
11.4123
11.4123
11.4123
11.4123
11.4123
11.4123
11.4123
11.4123
11.4123
11.4123
11.4123
11.4123
11.4123
11.4123
11.4123
11.4123
11.4123
11.4123
11.4123
8.1516
8.1516
8.1516
8.1516
8.1516
8.1516
8.1516
8.1516
8.1516
8.1516
8.1516
8.1516
8.1516
8.1516
8.1516
8.1516
8.1516
8.1516
8.1516
8.1516
8.1516
8.1516
8.1516
8.1516
8.1516
8.1516
8.1516
8.1516
8.1516
8.1516
8.1516
8.1516
8.1516
8.1516
8.1516
8.1516
8.1516
8.1516
8.1516
8.1516
8.1516
8.1516
8.1516
8.1516
8.1516
8.1516
8.1516
8.1516
8.1516
8.1516
8.1516
8.1516
8.1516
8.1516
8.1516
8.1516
8.1516
8.1516
8.1516
8.1516
8.1516
8.1516
8.1516
8.1516
8.1516
8.1516
8.1516
8.1516
8.1516
8.1516
8.1516
8.1516
8.1516
8.1516
8.1516
8.1516
8.1516
8.1516
8.1516
8.1516
8.1516
8.1516
8.1516
8.1516
8.1516
8.1516
8.1516
8.1516
8.1516
8.1516
8.1516
8.1516
8.1516
8.1516
8.1516
8.1516
8.1516
8.1516
8.1516
8.1516
4.89096
4.89096
4.89096
4.89096
4.89096
4.89095
4.89095
4.89095
4.89095
4.89095
4.89096
4.89096
4.89095
4.89095
4.89095
4.89095
4.89095
4.89095
4.89095
4.89095
4.89096
4.89095
4.89095
4.89095
4.89095
4.89095
4.89095
4.89095
4.89095
4.89095
4.89096
4.89095
4.89095
4.89095
4.89095
4.89095
4.89095
4.89095
4.89095
4.89095
4.89095
4.89095
4.89095
4.89095
4.89095
4.89095
4.89095
4.89095
4.89095
4.89095
4.89095
4.89095
4.89095
4.89095
4.89095
4.89095
4.89095
4.89095
4.89095
4.89095
4.89095
4.89095
4.89095
4.89095
4.89095
4.89095
4.89095
4.89095
4.89095
4.89095
4.89095
4.89095
4.89095
4.89095
4.89095
4.89095
4.89095
4.89095
4.89095
4.89095
4.89095
4.89095
4.89095
4.89095
4.89095
4.89095
4.89095
4.89095
4.89095
4.89095
4.89095
4.89095
4.89095
4.89095
4.89095
4.89095
4.89095
4.89095
4.89095
4.89095
1.63031
1.63031
1.63031
1.63031
1.63031
1.63031
1.63031
1.63031
1.63031
1.63031
1.63031
1.63031
1.63031
1.63031
1.63031
1.63031
1.63031
1.63031
1.63031
1.63031
1.63031
1.63031
1.63031
1.63031
1.63031
1.63031
1.63031
1.63031
1.63031
1.63031
1.63031
1.63031
1.63031
1.63031
1.63031
1.63031
1.63031
1.63031
1.63031
1.63031
1.63031
1.63031
1.63031
1.63031
1.63031
1.63031
1.63031
1.63031
1.63031
1.63031
1.63031
1.63031
1.63031
1.63031
1.63031
1.63031
1.63031
1.63031
1.63031
1.63031
1.63031
1.63031
1.63031
1.63031
1.63031
1.63031
1.63031
1.63031
1.63031
1.63031
1.63031
1.63031
1.63031
1.63031
1.63031
1.63031
1.63031
1.63031
1.63031
1.63031
1.63031
1.63031
1.63031
1.63031
1.63031
1.63031
1.63031
1.63031
1.63031
1.63031
1.63031
1.63031
1.63031
1.63031
1.63031
1.63031
1.63031
1.63031
1.63031
1.63031
)
;

boundaryField
{
    fixedWalls
    {
        type            zeroGradient;
    }
    inlet
    {
        type            fixedGradient;
        gradient        uniform 0;
    }
    outlet
    {
        type            fixedValue;
        value           uniform 0;
    }
}


// ************************************************************************* //
