/*--------------------------------*- C++ -*----------------------------------*\
| =========                 |                                                 |
| \\      /  F ield         | OpenFOAM: The Open Source CFD Toolbox           |
|  \\    /   O peration     | Version:  2106                                  |
|   \\  /    A nd           | Website:  www.openfoam.com                      |
|    \\/     M anipulation  |                                                 |
\*---------------------------------------------------------------------------*/
FoamFile
{
    version     2.0;
    format      ascii;
    arch        "LSB;label=32;scalar=64";
    class       volScalarField;
    location    "0.05";
    object      p;
}
// * * * * * * * * * * * * * * * * * * * * * * * * * * * * * * * * * * * * * //

dimensions      [0 2 -2 0 0 0 0];

internalField   nonuniform List<scalar> 
10000
(
222.273
221.966
221.747
221.587
221.503
221.503
221.587
221.747
221.966
222.273
217.848
217.419
217.114
216.897
216.785
216.785
216.897
217.114
217.419
217.848
214.247
213.756
213.415
213.177
213.054
213.054
213.177
213.415
213.756
214.247
211.736
211.229
210.887
210.651
210.529
210.529
210.651
210.887
211.229
211.736
209.829
209.325
208.991
208.764
208.648
208.648
208.764
208.991
209.325
209.829
208.291
207.801
207.479
207.265
207.156
207.156
207.265
207.479
207.801
208.291
207.035
206.569
206.263
206.066
205.965
205.965
206.066
206.263
206.569
207.035
206.006
205.574
205.29
205.11
205.019
205.019
205.11
205.29
205.574
206.006
205.156
204.772
204.517
204.357
204.277
204.277
204.357
204.517
204.772
205.156
204.463
204.132
203.911
203.773
203.704
203.704
203.773
203.911
204.132
204.463
195.458
195.545
195.639
195.705
195.739
195.739
195.705
195.639
195.545
195.458
195.396
195.436
195.492
195.53
195.55
195.55
195.53
195.492
195.436
195.396
195.039
195.024
195.038
195.048
195.053
195.053
195.048
195.038
195.024
195.039
194.56
194.497
194.476
194.462
194.454
194.454
194.462
194.476
194.497
194.56
194.052
193.95
193.901
193.868
193.851
193.851
193.868
193.901
193.95
194.052
193.543
193.412
193.341
193.295
193.271
193.271
193.295
193.341
193.412
193.543
193.047
192.898
192.812
192.756
192.728
192.728
192.756
192.812
192.898
193.047
192.572
192.416
192.322
192.264
192.233
192.233
192.264
192.322
192.416
192.572
192.121
191.972
191.88
191.823
191.793
191.793
191.823
191.88
191.972
192.121
191.72
191.578
191.491
191.435
191.406
191.406
191.435
191.491
191.578
191.72
185.204
185.177
185.157
185.141
185.133
185.133
185.141
185.157
185.177
185.204
185.254
185.222
185.197
185.178
185.168
185.168
185.178
185.197
185.222
185.254
185.26
185.215
185.181
185.154
185.14
185.14
185.154
185.181
185.215
185.26
185.165
185.103
185.056
185.02
185.001
185.001
185.02
185.056
185.103
185.165
185.005
184.925
184.866
184.822
184.799
184.799
184.822
184.866
184.925
185.005
184.815
184.72
184.65
184.6
184.574
184.574
184.6
184.65
184.72
184.815
184.614
184.508
184.431
184.378
184.349
184.349
184.378
184.431
184.508
184.614
184.415
184.305
184.224
184.169
184.14
184.14
184.169
184.224
184.305
184.415
184.226
184.118
184.038
183.985
183.957
183.957
183.985
184.038
184.118
184.226
184.055
183.953
183.879
183.83
183.805
183.805
183.83
183.879
183.953
184.055
173.668
173.677
173.69
173.699
173.704
173.704
173.699
173.69
173.677
173.668
173.689
173.696
173.707
173.714
173.719
173.719
173.714
173.707
173.696
173.689
173.673
173.674
173.681
173.686
173.689
173.689
173.686
173.681
173.674
173.673
173.619
173.612
173.612
173.613
173.614
173.614
173.613
173.612
173.612
173.619
173.538
173.521
173.514
173.51
173.507
173.507
173.51
173.514
173.521
173.538
173.438
173.41
173.396
173.387
173.383
173.383
173.387
173.396
173.41
173.438
173.326
173.289
173.268
173.254
173.248
173.248
173.254
173.268
173.289
173.326
173.204
173.161
173.135
173.119
173.11
173.11
173.119
173.135
173.161
173.204
173.08
173.034
173.004
172.986
172.977
172.977
172.986
173.004
173.034
173.08
172.961
172.913
172.882
172.862
172.852
172.852
172.862
172.882
172.913
172.961
163.13
163.127
163.125
163.123
163.122
163.122
163.123
163.125
163.127
163.13
163.142
163.139
163.137
163.135
163.134
163.134
163.135
163.137
163.139
163.142
163.149
163.145
163.141
163.138
163.137
163.137
163.138
163.141
163.145
163.149
163.143
163.136
163.13
163.126
163.123
163.123
163.126
163.13
163.136
163.143
163.125
163.114
163.106
163.099
163.096
163.096
163.099
163.106
163.114
163.125
163.099
163.084
163.072
163.064
163.06
163.06
163.064
163.072
163.084
163.099
163.066
163.047
163.033
163.023
163.018
163.018
163.023
163.033
163.047
163.066
163.029
163.008
162.992
162.981
162.975
162.975
162.981
162.992
163.008
163.029
162.991
162.969
162.952
162.94
162.934
162.934
162.94
162.952
162.969
162.991
162.954
162.931
162.915
162.903
162.897
162.897
162.903
162.915
162.931
162.954
152.496
152.497
152.498
152.499
152.5
152.5
152.499
152.498
152.497
152.496
152.501
152.501
152.502
152.503
152.504
152.504
152.503
152.502
152.501
152.501
152.5
152.5
152.501
152.501
152.502
152.502
152.501
152.501
152.5
152.5
152.494
152.492
152.492
152.492
152.492
152.492
152.492
152.492
152.492
152.494
152.482
152.478
152.477
152.476
152.475
152.475
152.476
152.477
152.478
152.482
152.465
152.46
152.457
152.454
152.453
152.453
152.454
152.457
152.46
152.465
152.445
152.437
152.432
152.429
152.427
152.427
152.429
152.432
152.437
152.445
152.421
152.411
152.405
152.401
152.399
152.399
152.401
152.405
152.411
152.421
152.395
152.385
152.378
152.373
152.37
152.37
152.373
152.378
152.385
152.395
152.37
152.358
152.35
152.345
152.343
152.343
152.345
152.35
152.358
152.37
141.963
141.963
141.962
141.962
141.962
141.962
141.962
141.962
141.963
141.963
141.965
141.965
141.965
141.965
141.964
141.964
141.965
141.965
141.965
141.965
141.966
141.966
141.965
141.965
141.965
141.965
141.965
141.965
141.966
141.966
141.965
141.964
141.963
141.963
141.962
141.962
141.963
141.963
141.964
141.965
141.962
141.96
141.959
141.958
141.957
141.957
141.958
141.959
141.96
141.962
141.957
141.954
141.952
141.951
141.95
141.95
141.951
141.952
141.954
141.957
141.95
141.946
141.944
141.942
141.941
141.941
141.942
141.944
141.946
141.95
141.942
141.938
141.935
141.933
141.932
141.932
141.933
141.935
141.938
141.942
141.934
141.929
141.926
141.923
141.922
141.922
141.923
141.926
141.929
141.934
141.925
141.92
141.917
141.914
141.913
141.913
141.914
141.917
141.92
141.925
131.432
131.432
131.432
131.432
131.433
131.433
131.432
131.432
131.432
131.432
131.433
131.433
131.433
131.433
131.433
131.433
131.433
131.433
131.433
131.433
131.433
131.433
131.433
131.433
131.433
131.433
131.433
131.433
131.433
131.433
131.433
131.432
131.432
131.432
131.432
131.432
131.432
131.432
131.432
131.433
131.431
131.43
131.43
131.429
131.429
131.429
131.429
131.43
131.43
131.431
131.428
131.427
131.426
131.426
131.425
131.425
131.426
131.426
131.427
131.428
131.424
131.423
131.422
131.421
131.421
131.421
131.421
131.422
131.423
131.424
131.42
131.418
131.417
131.416
131.415
131.415
131.416
131.417
131.418
131.42
131.415
131.413
131.411
131.41
131.41
131.41
131.41
131.411
131.413
131.415
131.41
131.408
131.406
131.405
131.404
131.404
131.405
131.406
131.408
131.41
120.913
120.913
120.913
120.913
120.913
120.913
120.913
120.913
120.913
120.913
120.913
120.913
120.913
120.913
120.913
120.913
120.913
120.913
120.913
120.913
120.914
120.914
120.914
120.913
120.913
120.913
120.913
120.914
120.914
120.914
120.913
120.913
120.913
120.913
120.913
120.913
120.913
120.913
120.913
120.913
120.913
120.912
120.912
120.912
120.912
120.912
120.912
120.912
120.912
120.913
120.912
120.911
120.911
120.911
120.91
120.91
120.911
120.911
120.911
120.912
120.91
120.91
120.909
120.909
120.909
120.909
120.909
120.909
120.91
120.91
120.908
120.908
120.907
120.907
120.906
120.906
120.907
120.907
120.908
120.908
120.907
120.906
120.905
120.905
120.904
120.904
120.905
120.905
120.906
120.907
120.905
120.904
120.903
120.902
120.902
120.902
120.902
120.903
120.904
120.905
110.396
110.396
110.396
110.396
110.396
110.396
110.396
110.396
110.396
110.396
110.397
110.397
110.397
110.397
110.397
110.397
110.397
110.397
110.397
110.397
110.397
110.397
110.397
110.397
110.397
110.397
110.397
110.397
110.397
110.397
110.397
110.396
110.396
110.396
110.396
110.396
110.396
110.396
110.396
110.397
110.396
110.396
110.396
110.396
110.396
110.396
110.396
110.396
110.396
110.396
110.396
110.395
110.395
110.395
110.395
110.395
110.395
110.395
110.395
110.396
110.395
110.395
110.395
110.394
110.394
110.394
110.394
110.395
110.395
110.395
110.394
110.394
110.394
110.393
110.393
110.393
110.393
110.394
110.394
110.394
110.393
110.393
110.393
110.392
110.392
110.392
110.392
110.393
110.393
110.393
110.392
110.392
110.392
110.391
110.391
110.391
110.391
110.392
110.392
110.392
99.8814
99.8814
99.8814
99.8814
99.8814
99.8814
99.8814
99.8814
99.8814
99.8814
99.8815
99.8815
99.8815
99.8815
99.8815
99.8815
99.8815
99.8815
99.8815
99.8815
99.8815
99.8815
99.8815
99.8815
99.8815
99.8815
99.8815
99.8815
99.8815
99.8815
99.8815
99.8814
99.8814
99.8814
99.8814
99.8814
99.8814
99.8814
99.8814
99.8815
99.8813
99.8813
99.8813
99.8812
99.8812
99.8812
99.8812
99.8813
99.8813
99.8813
99.8811
99.881
99.881
99.8809
99.8809
99.8809
99.8809
99.881
99.881
99.8811
99.8808
99.8807
99.8806
99.8806
99.8805
99.8805
99.8806
99.8806
99.8807
99.8808
99.8805
99.8803
99.8802
99.8801
99.8801
99.8801
99.8801
99.8802
99.8803
99.8805
99.8801
99.8799
99.8798
99.8797
99.8796
99.8796
99.8797
99.8798
99.8799
99.8801
99.8797
99.8795
99.8793
99.8792
99.8792
99.8792
99.8792
99.8793
99.8795
99.8797
89.3671
89.3671
89.3671
89.3671
89.3671
89.3671
89.3671
89.3671
89.3671
89.3671
89.3671
89.3671
89.3671
89.3671
89.3671
89.3671
89.3671
89.3671
89.3671
89.3671
89.3671
89.3671
89.3671
89.3671
89.3671
89.3671
89.3671
89.3671
89.3671
89.3671
89.3671
89.3671
89.3671
89.3671
89.3671
89.3671
89.3671
89.3671
89.3671
89.3671
89.3671
89.367
89.367
89.367
89.367
89.367
89.367
89.367
89.367
89.3671
89.367
89.3669
89.3669
89.3669
89.3669
89.3669
89.3669
89.3669
89.3669
89.367
89.3668
89.3668
89.3667
89.3667
89.3667
89.3667
89.3667
89.3667
89.3668
89.3668
89.3667
89.3666
89.3666
89.3665
89.3665
89.3665
89.3665
89.3666
89.3666
89.3667
89.3665
89.3664
89.3664
89.3663
89.3663
89.3663
89.3663
89.3664
89.3664
89.3665
89.3663
89.3662
89.3662
89.3661
89.3661
89.3661
89.3661
89.3662
89.3662
89.3663
78.853
78.853
78.8531
78.8531
78.8531
78.8531
78.8531
78.8531
78.853
78.853
78.8531
78.8531
78.8531
78.8531
78.8531
78.8531
78.8531
78.8531
78.8531
78.8531
78.8531
78.8531
78.8531
78.8531
78.8531
78.8531
78.8531
78.8531
78.8531
78.8531
78.8531
78.8531
78.8531
78.8531
78.8531
78.8531
78.8531
78.8531
78.8531
78.8531
78.853
78.853
78.853
78.853
78.853
78.853
78.853
78.853
78.853
78.853
78.853
78.853
78.853
78.853
78.853
78.853
78.853
78.853
78.853
78.853
78.8529
78.8529
78.8529
78.8529
78.8529
78.8529
78.8529
78.8529
78.8529
78.8529
78.8529
78.8528
78.8528
78.8528
78.8528
78.8528
78.8528
78.8528
78.8528
78.8529
78.8528
78.8528
78.8527
78.8527
78.8527
78.8527
78.8527
78.8527
78.8528
78.8528
78.8527
78.8527
78.8526
78.8526
78.8526
78.8526
78.8526
78.8526
78.8527
78.8527
68.3392
68.3392
68.3392
68.3392
68.3392
68.3392
68.3392
68.3392
68.3392
68.3392
68.3392
68.3392
68.3392
68.3392
68.3392
68.3392
68.3392
68.3392
68.3392
68.3392
68.3392
68.3392
68.3392
68.3392
68.3392
68.3392
68.3392
68.3392
68.3392
68.3392
68.3392
68.3392
68.3392
68.3392
68.3392
68.3392
68.3392
68.3392
68.3392
68.3392
68.3392
68.3392
68.3391
68.3391
68.3391
68.3391
68.3391
68.3391
68.3392
68.3392
68.3391
68.3391
68.3391
68.3391
68.3391
68.3391
68.3391
68.3391
68.3391
68.3391
68.3391
68.3391
68.3391
68.3391
68.3391
68.3391
68.3391
68.3391
68.3391
68.3391
68.3391
68.3391
68.3391
68.3391
68.3391
68.3391
68.3391
68.3391
68.3391
68.3391
68.3391
68.339
68.339
68.339
68.339
68.339
68.339
68.339
68.339
68.3391
68.339
68.339
68.339
68.339
68.339
68.339
68.339
68.339
68.339
68.339
57.8253
57.8253
57.8253
57.8253
57.8253
57.8253
57.8253
57.8253
57.8253
57.8253
57.8253
57.8253
57.8253
57.8253
57.8253
57.8253
57.8253
57.8253
57.8253
57.8253
57.8253
57.8253
57.8253
57.8253
57.8253
57.8253
57.8253
57.8253
57.8253
57.8253
57.8253
57.8253
57.8253
57.8253
57.8253
57.8253
57.8253
57.8253
57.8253
57.8253
57.8253
57.8253
57.8253
57.8253
57.8253
57.8253
57.8253
57.8253
57.8253
57.8253
57.8253
57.8253
57.8253
57.8253
57.8253
57.8253
57.8253
57.8253
57.8253
57.8253
57.8253
57.8253
57.8253
57.8253
57.8253
57.8253
57.8253
57.8253
57.8253
57.8253
57.8253
57.8253
57.8253
57.8253
57.8253
57.8253
57.8253
57.8253
57.8253
57.8253
57.8253
57.8253
57.8253
57.8253
57.8253
57.8253
57.8253
57.8253
57.8253
57.8253
57.8253
57.8253
57.8253
57.8253
57.8253
57.8253
57.8253
57.8253
57.8253
57.8253
47.3115
47.3115
47.3115
47.3115
47.3115
47.3115
47.3115
47.3115
47.3115
47.3115
47.3115
47.3115
47.3115
47.3115
47.3115
47.3115
47.3115
47.3115
47.3115
47.3115
47.3115
47.3115
47.3115
47.3115
47.3115
47.3115
47.3115
47.3115
47.3115
47.3115
47.3115
47.3115
47.3115
47.3115
47.3115
47.3115
47.3115
47.3115
47.3115
47.3115
47.3115
47.3115
47.3115
47.3115
47.3115
47.3115
47.3115
47.3115
47.3115
47.3115
47.3115
47.3115
47.3115
47.3115
47.3115
47.3115
47.3115
47.3115
47.3115
47.3115
47.3115
47.3115
47.3115
47.3115
47.3115
47.3115
47.3115
47.3115
47.3115
47.3115
47.3115
47.3115
47.3115
47.3115
47.3115
47.3115
47.3115
47.3115
47.3115
47.3115
47.3115
47.3115
47.3115
47.3115
47.3115
47.3115
47.3115
47.3115
47.3115
47.3115
47.3115
47.3115
47.3115
47.3115
47.3115
47.3115
47.3115
47.3115
47.3115
47.3115
36.7977
36.7977
36.7977
36.7977
36.7977
36.7977
36.7977
36.7977
36.7977
36.7977
36.7977
36.7977
36.7977
36.7977
36.7977
36.7977
36.7977
36.7977
36.7977
36.7977
36.7977
36.7977
36.7977
36.7977
36.7977
36.7977
36.7977
36.7977
36.7977
36.7977
36.7977
36.7977
36.7977
36.7977
36.7977
36.7977
36.7977
36.7977
36.7977
36.7977
36.7977
36.7977
36.7977
36.7977
36.7977
36.7977
36.7977
36.7977
36.7977
36.7977
36.7977
36.7977
36.7977
36.7977
36.7977
36.7977
36.7977
36.7977
36.7977
36.7977
36.7977
36.7977
36.7977
36.7977
36.7978
36.7978
36.7977
36.7977
36.7977
36.7977
36.7978
36.7978
36.7978
36.7978
36.7978
36.7978
36.7978
36.7978
36.7978
36.7978
36.7978
36.7978
36.7978
36.7978
36.7978
36.7978
36.7978
36.7978
36.7978
36.7978
36.7978
36.7978
36.7978
36.7978
36.7978
36.7978
36.7978
36.7978
36.7978
36.7978
26.2838
26.2838
26.2838
26.2838
26.2838
26.2838
26.2838
26.2838
26.2838
26.2838
26.2838
26.2838
26.2838
26.2838
26.2838
26.2838
26.2838
26.2838
26.2838
26.2838
26.2839
26.2839
26.2839
26.2839
26.2839
26.2839
26.2839
26.2839
26.2839
26.2839
26.2839
26.2839
26.2839
26.2839
26.2839
26.2839
26.2839
26.2839
26.2839
26.2839
26.2839
26.2839
26.2839
26.2839
26.2839
26.2839
26.2839
26.2839
26.2839
26.2839
26.2839
26.284
26.284
26.284
26.284
26.284
26.284
26.284
26.284
26.2839
26.284
26.284
26.284
26.284
26.284
26.284
26.284
26.284
26.284
26.284
26.284
26.284
26.284
26.284
26.284
26.284
26.284
26.284
26.284
26.284
26.284
26.284
26.284
26.284
26.284
26.284
26.284
26.284
26.284
26.284
26.284
26.284
26.284
26.2841
26.2841
26.2841
26.2841
26.284
26.284
26.284
15.7698
15.7699
15.7699
15.7699
15.7699
15.7699
15.7699
15.7699
15.7699
15.7698
15.7698
15.7698
15.7698
15.7698
15.7699
15.7699
15.7698
15.7698
15.7698
15.7698
15.7699
15.7699
15.7699
15.7699
15.7699
15.7699
15.7699
15.7699
15.7699
15.7699
15.77
15.77
15.77
15.77
15.77
15.77
15.77
15.77
15.77
15.77
15.7701
15.7701
15.7701
15.7701
15.7701
15.7701
15.7701
15.7701
15.7701
15.7701
15.7701
15.7702
15.7702
15.7702
15.7702
15.7702
15.7702
15.7702
15.7702
15.7701
15.7702
15.7702
15.7702
15.7702
15.7702
15.7702
15.7702
15.7702
15.7702
15.7702
15.7702
15.7703
15.7703
15.7703
15.7703
15.7703
15.7703
15.7703
15.7703
15.7702
15.7703
15.7703
15.7703
15.7703
15.7703
15.7703
15.7703
15.7703
15.7703
15.7703
15.7703
15.7703
15.7703
15.7703
15.7703
15.7703
15.7703
15.7703
15.7703
15.7703
5.25634
5.25636
5.25638
5.25639
5.2564
5.2564
5.25639
5.25638
5.25636
5.25634
5.2563
5.25632
5.25634
5.25635
5.25636
5.25636
5.25635
5.25634
5.25632
5.2563
5.25637
5.25639
5.25641
5.25642
5.25643
5.25643
5.25642
5.25641
5.25639
5.25637
5.25647
5.25649
5.25651
5.25652
5.25653
5.25653
5.25652
5.25651
5.25649
5.25647
5.25656
5.25659
5.2566
5.25662
5.25662
5.25662
5.25662
5.2566
5.25659
5.25656
5.25664
5.25666
5.25668
5.25669
5.2567
5.2567
5.25669
5.25668
5.25666
5.25664
5.25671
5.25673
5.25675
5.25676
5.25676
5.25676
5.25676
5.25675
5.25673
5.25671
5.25677
5.25679
5.2568
5.25681
5.25682
5.25682
5.25681
5.2568
5.25679
5.25677
5.25682
5.25683
5.25685
5.25685
5.25686
5.25686
5.25685
5.25685
5.25683
5.25682
5.25686
5.25687
5.25688
5.25688
5.25689
5.25689
5.25688
5.25688
5.25687
5.25686
222.273
221.966
221.747
221.587
221.503
221.503
221.587
221.747
221.966
222.273
217.848
217.419
217.114
216.897
216.785
216.785
216.897
217.114
217.419
217.848
214.247
213.756
213.415
213.177
213.054
213.054
213.177
213.415
213.756
214.247
211.736
211.229
210.887
210.651
210.529
210.529
210.651
210.887
211.229
211.736
209.829
209.325
208.991
208.764
208.648
208.648
208.764
208.991
209.325
209.829
208.291
207.801
207.479
207.265
207.156
207.156
207.265
207.479
207.801
208.291
207.035
206.569
206.263
206.066
205.965
205.965
206.066
206.263
206.569
207.035
206.006
205.574
205.29
205.11
205.019
205.019
205.11
205.29
205.574
206.006
205.156
204.772
204.517
204.357
204.277
204.277
204.357
204.517
204.772
205.156
204.463
204.132
203.911
203.773
203.704
203.704
203.773
203.911
204.132
204.463
195.458
195.545
195.639
195.705
195.739
195.739
195.705
195.639
195.545
195.458
195.396
195.436
195.492
195.53
195.55
195.55
195.53
195.492
195.436
195.396
195.039
195.024
195.038
195.048
195.053
195.053
195.048
195.038
195.024
195.039
194.56
194.497
194.476
194.462
194.454
194.454
194.462
194.476
194.497
194.56
194.052
193.95
193.901
193.868
193.851
193.851
193.868
193.901
193.95
194.052
193.543
193.412
193.341
193.295
193.271
193.271
193.295
193.341
193.412
193.543
193.047
192.898
192.812
192.756
192.728
192.728
192.756
192.812
192.898
193.047
192.572
192.416
192.322
192.264
192.233
192.233
192.264
192.322
192.416
192.572
192.121
191.972
191.88
191.823
191.793
191.793
191.823
191.88
191.972
192.121
191.72
191.578
191.491
191.435
191.406
191.406
191.435
191.491
191.578
191.72
185.204
185.177
185.157
185.141
185.133
185.133
185.141
185.157
185.177
185.204
185.254
185.222
185.197
185.178
185.168
185.168
185.178
185.197
185.222
185.254
185.26
185.215
185.181
185.154
185.14
185.14
185.154
185.181
185.215
185.26
185.165
185.103
185.056
185.02
185.001
185.001
185.02
185.056
185.103
185.165
185.005
184.925
184.866
184.822
184.799
184.799
184.822
184.866
184.925
185.005
184.815
184.72
184.65
184.6
184.574
184.574
184.6
184.65
184.72
184.815
184.614
184.508
184.431
184.378
184.349
184.349
184.378
184.431
184.508
184.614
184.415
184.305
184.224
184.169
184.14
184.14
184.169
184.224
184.305
184.415
184.226
184.118
184.038
183.985
183.957
183.957
183.985
184.038
184.118
184.226
184.055
183.953
183.879
183.83
183.805
183.805
183.83
183.879
183.953
184.055
173.668
173.677
173.69
173.699
173.704
173.704
173.699
173.69
173.677
173.668
173.689
173.696
173.707
173.714
173.719
173.719
173.714
173.707
173.696
173.689
173.673
173.674
173.681
173.686
173.689
173.689
173.686
173.681
173.674
173.673
173.619
173.612
173.612
173.613
173.614
173.614
173.613
173.612
173.612
173.619
173.538
173.521
173.514
173.51
173.507
173.507
173.51
173.514
173.521
173.538
173.438
173.41
173.396
173.387
173.383
173.383
173.387
173.396
173.41
173.438
173.326
173.289
173.268
173.254
173.248
173.248
173.254
173.268
173.289
173.326
173.204
173.161
173.135
173.119
173.11
173.11
173.119
173.135
173.161
173.204
173.08
173.034
173.004
172.986
172.977
172.977
172.986
173.004
173.034
173.08
172.961
172.913
172.882
172.862
172.852
172.852
172.862
172.882
172.913
172.961
163.13
163.127
163.125
163.123
163.122
163.122
163.123
163.125
163.127
163.13
163.142
163.139
163.137
163.135
163.134
163.134
163.135
163.137
163.139
163.142
163.149
163.145
163.141
163.138
163.137
163.137
163.138
163.141
163.145
163.149
163.143
163.136
163.13
163.126
163.123
163.123
163.126
163.13
163.136
163.143
163.125
163.114
163.106
163.099
163.096
163.096
163.099
163.106
163.114
163.125
163.099
163.084
163.072
163.064
163.06
163.06
163.064
163.072
163.084
163.099
163.066
163.047
163.033
163.023
163.018
163.018
163.023
163.033
163.047
163.066
163.029
163.008
162.992
162.981
162.975
162.975
162.981
162.992
163.008
163.029
162.991
162.969
162.952
162.94
162.934
162.934
162.94
162.952
162.969
162.991
162.954
162.931
162.915
162.903
162.897
162.897
162.903
162.915
162.931
162.954
152.496
152.497
152.498
152.499
152.5
152.5
152.499
152.498
152.497
152.496
152.501
152.501
152.502
152.503
152.504
152.504
152.503
152.502
152.501
152.501
152.5
152.5
152.501
152.501
152.502
152.502
152.501
152.501
152.5
152.5
152.494
152.492
152.492
152.492
152.492
152.492
152.492
152.492
152.492
152.494
152.482
152.478
152.477
152.476
152.475
152.475
152.476
152.477
152.478
152.482
152.465
152.46
152.457
152.454
152.453
152.453
152.454
152.457
152.46
152.465
152.445
152.437
152.432
152.429
152.427
152.427
152.429
152.432
152.437
152.445
152.421
152.411
152.405
152.401
152.399
152.399
152.401
152.405
152.411
152.421
152.395
152.385
152.378
152.373
152.37
152.37
152.373
152.378
152.385
152.395
152.37
152.358
152.35
152.345
152.343
152.343
152.345
152.35
152.358
152.37
141.963
141.963
141.962
141.962
141.962
141.962
141.962
141.962
141.963
141.963
141.965
141.965
141.965
141.965
141.964
141.964
141.965
141.965
141.965
141.965
141.966
141.966
141.965
141.965
141.965
141.965
141.965
141.965
141.966
141.966
141.965
141.964
141.963
141.963
141.962
141.962
141.963
141.963
141.964
141.965
141.962
141.96
141.959
141.958
141.957
141.957
141.958
141.959
141.96
141.962
141.957
141.954
141.952
141.951
141.95
141.95
141.951
141.952
141.954
141.957
141.95
141.946
141.944
141.942
141.941
141.941
141.942
141.944
141.946
141.95
141.942
141.938
141.935
141.933
141.932
141.932
141.933
141.935
141.938
141.942
141.934
141.929
141.926
141.923
141.922
141.922
141.923
141.926
141.929
141.934
141.925
141.92
141.917
141.914
141.913
141.913
141.914
141.917
141.92
141.925
131.432
131.432
131.432
131.432
131.433
131.433
131.432
131.432
131.432
131.432
131.433
131.433
131.433
131.433
131.433
131.433
131.433
131.433
131.433
131.433
131.433
131.433
131.433
131.433
131.433
131.433
131.433
131.433
131.433
131.433
131.433
131.432
131.432
131.432
131.432
131.432
131.432
131.432
131.432
131.433
131.431
131.43
131.43
131.429
131.429
131.429
131.429
131.43
131.43
131.431
131.428
131.427
131.426
131.426
131.425
131.425
131.426
131.426
131.427
131.428
131.424
131.423
131.422
131.421
131.421
131.421
131.421
131.422
131.423
131.424
131.42
131.418
131.417
131.416
131.415
131.415
131.416
131.417
131.418
131.42
131.415
131.413
131.411
131.41
131.41
131.41
131.41
131.411
131.413
131.415
131.41
131.408
131.406
131.405
131.404
131.404
131.405
131.406
131.408
131.41
120.913
120.913
120.913
120.913
120.913
120.913
120.913
120.913
120.913
120.913
120.913
120.913
120.913
120.913
120.913
120.913
120.913
120.913
120.913
120.913
120.914
120.914
120.914
120.913
120.913
120.913
120.913
120.914
120.914
120.914
120.913
120.913
120.913
120.913
120.913
120.913
120.913
120.913
120.913
120.913
120.913
120.912
120.912
120.912
120.912
120.912
120.912
120.912
120.912
120.913
120.912
120.911
120.911
120.911
120.91
120.91
120.911
120.911
120.911
120.912
120.91
120.91
120.909
120.909
120.909
120.909
120.909
120.909
120.91
120.91
120.908
120.908
120.907
120.907
120.906
120.906
120.907
120.907
120.908
120.908
120.907
120.906
120.905
120.905
120.904
120.904
120.905
120.905
120.906
120.907
120.905
120.904
120.903
120.902
120.902
120.902
120.902
120.903
120.904
120.905
110.396
110.396
110.396
110.396
110.396
110.396
110.396
110.396
110.396
110.396
110.397
110.397
110.397
110.397
110.397
110.397
110.397
110.397
110.397
110.397
110.397
110.397
110.397
110.397
110.397
110.397
110.397
110.397
110.397
110.397
110.397
110.396
110.396
110.396
110.396
110.396
110.396
110.396
110.396
110.397
110.396
110.396
110.396
110.396
110.396
110.396
110.396
110.396
110.396
110.396
110.396
110.395
110.395
110.395
110.395
110.395
110.395
110.395
110.395
110.396
110.395
110.395
110.395
110.394
110.394
110.394
110.394
110.395
110.395
110.395
110.394
110.394
110.394
110.393
110.393
110.393
110.393
110.394
110.394
110.394
110.393
110.393
110.393
110.392
110.392
110.392
110.392
110.393
110.393
110.393
110.392
110.392
110.392
110.391
110.391
110.391
110.391
110.392
110.392
110.392
99.8814
99.8814
99.8814
99.8814
99.8814
99.8814
99.8814
99.8814
99.8814
99.8814
99.8815
99.8815
99.8815
99.8815
99.8815
99.8815
99.8815
99.8815
99.8815
99.8815
99.8815
99.8815
99.8815
99.8815
99.8815
99.8815
99.8815
99.8815
99.8815
99.8815
99.8815
99.8814
99.8814
99.8814
99.8814
99.8814
99.8814
99.8814
99.8814
99.8815
99.8813
99.8813
99.8813
99.8812
99.8812
99.8812
99.8812
99.8813
99.8813
99.8813
99.8811
99.881
99.881
99.8809
99.8809
99.8809
99.8809
99.881
99.881
99.8811
99.8808
99.8807
99.8806
99.8806
99.8805
99.8805
99.8806
99.8806
99.8807
99.8808
99.8805
99.8803
99.8802
99.8801
99.8801
99.8801
99.8801
99.8802
99.8803
99.8805
99.8801
99.8799
99.8798
99.8797
99.8796
99.8796
99.8797
99.8798
99.8799
99.8801
99.8797
99.8795
99.8793
99.8792
99.8792
99.8792
99.8792
99.8793
99.8795
99.8797
89.3671
89.3671
89.3671
89.3671
89.3671
89.3671
89.3671
89.3671
89.3671
89.3671
89.3671
89.3671
89.3671
89.3671
89.3671
89.3671
89.3671
89.3671
89.3671
89.3671
89.3671
89.3671
89.3671
89.3671
89.3671
89.3671
89.3671
89.3671
89.3671
89.3671
89.3671
89.3671
89.3671
89.3671
89.3671
89.3671
89.3671
89.3671
89.3671
89.3671
89.3671
89.367
89.367
89.367
89.367
89.367
89.367
89.367
89.367
89.3671
89.367
89.3669
89.3669
89.3669
89.3669
89.3669
89.3669
89.3669
89.3669
89.367
89.3668
89.3668
89.3667
89.3667
89.3667
89.3667
89.3667
89.3667
89.3668
89.3668
89.3667
89.3666
89.3666
89.3665
89.3665
89.3665
89.3665
89.3666
89.3666
89.3667
89.3665
89.3664
89.3664
89.3663
89.3663
89.3663
89.3663
89.3664
89.3664
89.3665
89.3663
89.3662
89.3662
89.3661
89.3661
89.3661
89.3661
89.3662
89.3662
89.3663
78.853
78.853
78.8531
78.8531
78.8531
78.8531
78.8531
78.8531
78.853
78.853
78.8531
78.8531
78.8531
78.8531
78.8531
78.8531
78.8531
78.8531
78.8531
78.8531
78.8531
78.8531
78.8531
78.8531
78.8531
78.8531
78.8531
78.8531
78.8531
78.8531
78.8531
78.8531
78.8531
78.8531
78.8531
78.8531
78.8531
78.8531
78.8531
78.8531
78.853
78.853
78.853
78.853
78.853
78.853
78.853
78.853
78.853
78.853
78.853
78.853
78.853
78.853
78.853
78.853
78.853
78.853
78.853
78.853
78.8529
78.8529
78.8529
78.8529
78.8529
78.8529
78.8529
78.8529
78.8529
78.8529
78.8529
78.8528
78.8528
78.8528
78.8528
78.8528
78.8528
78.8528
78.8528
78.8529
78.8528
78.8528
78.8527
78.8527
78.8527
78.8527
78.8527
78.8527
78.8528
78.8528
78.8527
78.8527
78.8526
78.8526
78.8526
78.8526
78.8526
78.8526
78.8527
78.8527
68.3392
68.3392
68.3392
68.3392
68.3392
68.3392
68.3392
68.3392
68.3392
68.3392
68.3392
68.3392
68.3392
68.3392
68.3392
68.3392
68.3392
68.3392
68.3392
68.3392
68.3392
68.3392
68.3392
68.3392
68.3392
68.3392
68.3392
68.3392
68.3392
68.3392
68.3392
68.3392
68.3392
68.3392
68.3392
68.3392
68.3392
68.3392
68.3392
68.3392
68.3392
68.3392
68.3391
68.3391
68.3391
68.3391
68.3391
68.3391
68.3392
68.3392
68.3391
68.3391
68.3391
68.3391
68.3391
68.3391
68.3391
68.3391
68.3391
68.3391
68.3391
68.3391
68.3391
68.3391
68.3391
68.3391
68.3391
68.3391
68.3391
68.3391
68.3391
68.3391
68.3391
68.3391
68.3391
68.3391
68.3391
68.3391
68.3391
68.3391
68.3391
68.339
68.339
68.339
68.339
68.339
68.339
68.339
68.339
68.3391
68.339
68.339
68.339
68.339
68.339
68.339
68.339
68.339
68.339
68.339
57.8253
57.8253
57.8253
57.8253
57.8253
57.8253
57.8253
57.8253
57.8253
57.8253
57.8253
57.8253
57.8253
57.8253
57.8253
57.8253
57.8253
57.8253
57.8253
57.8253
57.8253
57.8253
57.8253
57.8253
57.8253
57.8253
57.8253
57.8253
57.8253
57.8253
57.8253
57.8253
57.8253
57.8253
57.8253
57.8253
57.8253
57.8253
57.8253
57.8253
57.8253
57.8253
57.8253
57.8253
57.8253
57.8253
57.8253
57.8253
57.8253
57.8253
57.8253
57.8253
57.8253
57.8253
57.8253
57.8253
57.8253
57.8253
57.8253
57.8253
57.8253
57.8253
57.8253
57.8253
57.8253
57.8253
57.8253
57.8253
57.8253
57.8253
57.8253
57.8253
57.8253
57.8253
57.8253
57.8253
57.8253
57.8253
57.8253
57.8253
57.8253
57.8253
57.8253
57.8253
57.8253
57.8253
57.8253
57.8253
57.8253
57.8253
57.8253
57.8253
57.8253
57.8253
57.8253
57.8253
57.8253
57.8253
57.8253
57.8253
47.3115
47.3115
47.3115
47.3115
47.3115
47.3115
47.3115
47.3115
47.3115
47.3115
47.3115
47.3115
47.3115
47.3115
47.3115
47.3115
47.3115
47.3115
47.3115
47.3115
47.3115
47.3115
47.3115
47.3115
47.3115
47.3115
47.3115
47.3115
47.3115
47.3115
47.3115
47.3115
47.3115
47.3115
47.3115
47.3115
47.3115
47.3115
47.3115
47.3115
47.3115
47.3115
47.3115
47.3115
47.3115
47.3115
47.3115
47.3115
47.3115
47.3115
47.3115
47.3115
47.3115
47.3115
47.3115
47.3115
47.3115
47.3115
47.3115
47.3115
47.3115
47.3115
47.3115
47.3115
47.3115
47.3115
47.3115
47.3115
47.3115
47.3115
47.3115
47.3115
47.3115
47.3115
47.3115
47.3115
47.3115
47.3115
47.3115
47.3115
47.3115
47.3115
47.3115
47.3115
47.3115
47.3115
47.3115
47.3115
47.3115
47.3115
47.3115
47.3115
47.3115
47.3115
47.3115
47.3115
47.3115
47.3115
47.3115
47.3115
36.7977
36.7977
36.7977
36.7977
36.7977
36.7977
36.7977
36.7977
36.7977
36.7977
36.7977
36.7977
36.7977
36.7977
36.7977
36.7977
36.7977
36.7977
36.7977
36.7977
36.7977
36.7977
36.7977
36.7977
36.7977
36.7977
36.7977
36.7977
36.7977
36.7977
36.7977
36.7977
36.7977
36.7977
36.7977
36.7977
36.7977
36.7977
36.7977
36.7977
36.7977
36.7977
36.7977
36.7977
36.7977
36.7977
36.7977
36.7977
36.7977
36.7977
36.7977
36.7977
36.7977
36.7977
36.7977
36.7977
36.7977
36.7977
36.7977
36.7977
36.7977
36.7977
36.7977
36.7977
36.7978
36.7978
36.7977
36.7977
36.7977
36.7977
36.7978
36.7978
36.7978
36.7978
36.7978
36.7978
36.7978
36.7978
36.7978
36.7978
36.7978
36.7978
36.7978
36.7978
36.7978
36.7978
36.7978
36.7978
36.7978
36.7978
36.7978
36.7978
36.7978
36.7978
36.7978
36.7978
36.7978
36.7978
36.7978
36.7978
26.2838
26.2838
26.2838
26.2838
26.2838
26.2838
26.2838
26.2838
26.2838
26.2838
26.2838
26.2838
26.2838
26.2838
26.2838
26.2838
26.2838
26.2838
26.2838
26.2838
26.2839
26.2839
26.2839
26.2839
26.2839
26.2839
26.2839
26.2839
26.2839
26.2839
26.2839
26.2839
26.2839
26.2839
26.2839
26.2839
26.2839
26.2839
26.2839
26.2839
26.2839
26.2839
26.2839
26.2839
26.2839
26.2839
26.2839
26.2839
26.2839
26.2839
26.2839
26.284
26.284
26.284
26.284
26.284
26.284
26.284
26.284
26.2839
26.284
26.284
26.284
26.284
26.284
26.284
26.284
26.284
26.284
26.284
26.284
26.284
26.284
26.284
26.284
26.284
26.284
26.284
26.284
26.284
26.284
26.284
26.284
26.284
26.284
26.284
26.284
26.284
26.284
26.284
26.284
26.284
26.284
26.2841
26.2841
26.2841
26.2841
26.284
26.284
26.284
15.7698
15.7699
15.7699
15.7699
15.7699
15.7699
15.7699
15.7699
15.7699
15.7698
15.7698
15.7698
15.7698
15.7698
15.7699
15.7699
15.7698
15.7698
15.7698
15.7698
15.7699
15.7699
15.7699
15.7699
15.7699
15.7699
15.7699
15.7699
15.7699
15.7699
15.77
15.77
15.77
15.77
15.77
15.77
15.77
15.77
15.77
15.77
15.7701
15.7701
15.7701
15.7701
15.7701
15.7701
15.7701
15.7701
15.7701
15.7701
15.7701
15.7702
15.7702
15.7702
15.7702
15.7702
15.7702
15.7702
15.7702
15.7701
15.7702
15.7702
15.7702
15.7702
15.7702
15.7702
15.7702
15.7702
15.7702
15.7702
15.7702
15.7703
15.7703
15.7703
15.7703
15.7703
15.7703
15.7703
15.7703
15.7702
15.7703
15.7703
15.7703
15.7703
15.7703
15.7703
15.7703
15.7703
15.7703
15.7703
15.7703
15.7703
15.7703
15.7703
15.7703
15.7703
15.7703
15.7703
15.7703
15.7703
5.25634
5.25636
5.25638
5.25639
5.2564
5.2564
5.25639
5.25638
5.25636
5.25634
5.2563
5.25632
5.25634
5.25635
5.25636
5.25636
5.25635
5.25634
5.25632
5.2563
5.25637
5.25639
5.25641
5.25642
5.25643
5.25643
5.25642
5.25641
5.25639
5.25637
5.25646
5.25649
5.25651
5.25652
5.25653
5.25653
5.25652
5.25651
5.25649
5.25646
5.25656
5.25659
5.2566
5.25662
5.25662
5.25662
5.25662
5.2566
5.25659
5.25656
5.25664
5.25666
5.25668
5.25669
5.2567
5.2567
5.25669
5.25668
5.25666
5.25664
5.25671
5.25673
5.25675
5.25676
5.25676
5.25676
5.25676
5.25675
5.25673
5.25671
5.25677
5.25679
5.2568
5.25681
5.25682
5.25682
5.25681
5.2568
5.25679
5.25677
5.25682
5.25683
5.25685
5.25685
5.25686
5.25686
5.25685
5.25685
5.25683
5.25682
5.25686
5.25687
5.25688
5.25688
5.25689
5.25689
5.25688
5.25688
5.25687
5.25686
222.273
221.966
221.747
221.587
221.503
221.503
221.587
221.747
221.966
222.273
217.848
217.419
217.114
216.897
216.785
216.785
216.897
217.114
217.419
217.848
214.247
213.756
213.415
213.177
213.054
213.054
213.177
213.415
213.756
214.247
211.736
211.229
210.887
210.651
210.529
210.529
210.651
210.887
211.229
211.736
209.829
209.325
208.991
208.764
208.648
208.648
208.764
208.991
209.325
209.829
208.291
207.801
207.479
207.265
207.156
207.156
207.265
207.479
207.801
208.291
207.035
206.569
206.263
206.066
205.965
205.965
206.066
206.263
206.569
207.035
206.006
205.574
205.29
205.11
205.019
205.019
205.11
205.29
205.574
206.006
205.156
204.772
204.517
204.357
204.277
204.277
204.357
204.517
204.772
205.156
204.463
204.132
203.911
203.773
203.704
203.704
203.773
203.911
204.132
204.463
195.458
195.545
195.639
195.705
195.739
195.739
195.705
195.639
195.545
195.458
195.396
195.436
195.492
195.53
195.55
195.55
195.53
195.492
195.436
195.396
195.039
195.024
195.038
195.048
195.053
195.053
195.048
195.038
195.024
195.039
194.56
194.497
194.476
194.462
194.454
194.454
194.462
194.476
194.497
194.56
194.052
193.95
193.901
193.868
193.851
193.851
193.868
193.901
193.95
194.052
193.543
193.412
193.341
193.295
193.271
193.271
193.295
193.341
193.412
193.543
193.047
192.898
192.812
192.756
192.728
192.728
192.756
192.812
192.898
193.047
192.572
192.416
192.322
192.264
192.233
192.233
192.264
192.322
192.416
192.572
192.121
191.972
191.88
191.823
191.793
191.793
191.823
191.88
191.972
192.121
191.72
191.578
191.491
191.435
191.406
191.406
191.435
191.491
191.578
191.72
185.204
185.177
185.157
185.141
185.133
185.133
185.141
185.157
185.177
185.204
185.254
185.222
185.197
185.178
185.168
185.168
185.178
185.197
185.222
185.254
185.26
185.215
185.181
185.154
185.14
185.14
185.154
185.181
185.215
185.26
185.165
185.103
185.056
185.02
185.001
185.001
185.02
185.056
185.103
185.165
185.005
184.925
184.866
184.822
184.799
184.799
184.822
184.866
184.925
185.005
184.815
184.72
184.65
184.6
184.574
184.574
184.6
184.65
184.72
184.815
184.614
184.508
184.431
184.378
184.349
184.349
184.378
184.431
184.508
184.614
184.415
184.305
184.224
184.169
184.14
184.14
184.169
184.224
184.305
184.415
184.226
184.118
184.038
183.985
183.957
183.957
183.985
184.038
184.118
184.226
184.055
183.953
183.879
183.83
183.805
183.805
183.83
183.879
183.953
184.055
173.668
173.677
173.69
173.699
173.704
173.704
173.699
173.69
173.677
173.668
173.689
173.696
173.707
173.714
173.719
173.719
173.714
173.707
173.696
173.689
173.673
173.674
173.681
173.686
173.689
173.689
173.686
173.681
173.674
173.673
173.619
173.612
173.612
173.613
173.614
173.614
173.613
173.612
173.612
173.619
173.538
173.521
173.514
173.51
173.507
173.507
173.51
173.514
173.521
173.538
173.438
173.41
173.396
173.387
173.383
173.383
173.387
173.396
173.41
173.438
173.326
173.289
173.268
173.254
173.248
173.248
173.254
173.268
173.289
173.326
173.204
173.161
173.135
173.119
173.11
173.11
173.119
173.135
173.161
173.204
173.08
173.034
173.004
172.986
172.977
172.977
172.986
173.004
173.034
173.08
172.961
172.913
172.882
172.862
172.852
172.852
172.862
172.882
172.913
172.961
163.13
163.127
163.125
163.123
163.122
163.122
163.123
163.125
163.127
163.13
163.142
163.139
163.137
163.135
163.134
163.134
163.135
163.137
163.139
163.142
163.149
163.145
163.141
163.138
163.137
163.137
163.138
163.141
163.145
163.149
163.143
163.136
163.13
163.126
163.123
163.123
163.126
163.13
163.136
163.143
163.125
163.114
163.106
163.099
163.096
163.096
163.099
163.106
163.114
163.125
163.099
163.084
163.072
163.064
163.06
163.06
163.064
163.072
163.084
163.099
163.066
163.047
163.033
163.023
163.018
163.018
163.023
163.033
163.047
163.066
163.029
163.008
162.992
162.981
162.975
162.975
162.981
162.992
163.008
163.029
162.991
162.969
162.952
162.94
162.934
162.934
162.94
162.952
162.969
162.991
162.954
162.931
162.915
162.903
162.897
162.897
162.903
162.915
162.931
162.954
152.496
152.497
152.498
152.499
152.5
152.5
152.499
152.498
152.497
152.496
152.501
152.501
152.502
152.503
152.504
152.504
152.503
152.502
152.501
152.501
152.5
152.5
152.501
152.501
152.502
152.502
152.501
152.501
152.5
152.5
152.494
152.492
152.492
152.492
152.492
152.492
152.492
152.492
152.492
152.494
152.482
152.478
152.477
152.476
152.475
152.475
152.476
152.477
152.478
152.482
152.465
152.46
152.457
152.454
152.453
152.453
152.454
152.457
152.46
152.465
152.445
152.437
152.432
152.429
152.427
152.427
152.429
152.432
152.437
152.445
152.421
152.411
152.405
152.401
152.399
152.399
152.401
152.405
152.411
152.421
152.395
152.385
152.378
152.373
152.37
152.37
152.373
152.378
152.385
152.395
152.37
152.358
152.35
152.345
152.343
152.343
152.345
152.35
152.358
152.37
141.963
141.963
141.962
141.962
141.962
141.962
141.962
141.962
141.963
141.963
141.965
141.965
141.965
141.965
141.964
141.964
141.965
141.965
141.965
141.965
141.966
141.966
141.965
141.965
141.965
141.965
141.965
141.965
141.966
141.966
141.965
141.964
141.963
141.963
141.962
141.962
141.963
141.963
141.964
141.965
141.962
141.96
141.959
141.958
141.957
141.957
141.958
141.959
141.96
141.962
141.957
141.954
141.952
141.951
141.95
141.95
141.951
141.952
141.954
141.957
141.95
141.946
141.944
141.942
141.941
141.941
141.942
141.944
141.946
141.95
141.942
141.938
141.935
141.933
141.932
141.932
141.933
141.935
141.938
141.942
141.934
141.929
141.926
141.923
141.922
141.922
141.923
141.926
141.929
141.934
141.925
141.92
141.917
141.914
141.913
141.913
141.914
141.917
141.92
141.925
131.432
131.432
131.432
131.432
131.433
131.433
131.432
131.432
131.432
131.432
131.433
131.433
131.433
131.433
131.433
131.433
131.433
131.433
131.433
131.433
131.433
131.433
131.433
131.433
131.433
131.433
131.433
131.433
131.433
131.433
131.433
131.432
131.432
131.432
131.432
131.432
131.432
131.432
131.432
131.433
131.431
131.43
131.43
131.429
131.429
131.429
131.429
131.43
131.43
131.431
131.428
131.427
131.426
131.426
131.425
131.425
131.426
131.426
131.427
131.428
131.424
131.423
131.422
131.421
131.421
131.421
131.421
131.422
131.423
131.424
131.42
131.418
131.417
131.416
131.415
131.415
131.416
131.417
131.418
131.42
131.415
131.413
131.411
131.41
131.41
131.41
131.41
131.411
131.413
131.415
131.41
131.408
131.406
131.405
131.404
131.404
131.405
131.406
131.408
131.41
120.913
120.913
120.913
120.913
120.913
120.913
120.913
120.913
120.913
120.913
120.913
120.913
120.913
120.913
120.913
120.913
120.913
120.913
120.913
120.913
120.914
120.914
120.914
120.913
120.913
120.913
120.913
120.914
120.914
120.914
120.913
120.913
120.913
120.913
120.913
120.913
120.913
120.913
120.913
120.913
120.913
120.912
120.912
120.912
120.912
120.912
120.912
120.912
120.912
120.913
120.912
120.911
120.911
120.911
120.91
120.91
120.911
120.911
120.911
120.912
120.91
120.91
120.909
120.909
120.909
120.909
120.909
120.909
120.91
120.91
120.908
120.908
120.907
120.907
120.906
120.906
120.907
120.907
120.908
120.908
120.907
120.906
120.905
120.905
120.904
120.904
120.905
120.905
120.906
120.907
120.905
120.904
120.903
120.902
120.902
120.902
120.902
120.903
120.904
120.905
110.396
110.396
110.396
110.396
110.396
110.396
110.396
110.396
110.396
110.396
110.397
110.397
110.397
110.397
110.397
110.397
110.397
110.397
110.397
110.397
110.397
110.397
110.397
110.397
110.397
110.397
110.397
110.397
110.397
110.397
110.397
110.396
110.396
110.396
110.396
110.396
110.396
110.396
110.396
110.397
110.396
110.396
110.396
110.396
110.396
110.396
110.396
110.396
110.396
110.396
110.396
110.395
110.395
110.395
110.395
110.395
110.395
110.395
110.395
110.396
110.395
110.395
110.395
110.394
110.394
110.394
110.394
110.395
110.395
110.395
110.394
110.394
110.394
110.393
110.393
110.393
110.393
110.394
110.394
110.394
110.393
110.393
110.393
110.392
110.392
110.392
110.392
110.393
110.393
110.393
110.392
110.392
110.392
110.391
110.391
110.391
110.391
110.392
110.392
110.392
99.8814
99.8814
99.8814
99.8814
99.8814
99.8814
99.8814
99.8814
99.8814
99.8814
99.8815
99.8815
99.8815
99.8815
99.8815
99.8815
99.8815
99.8815
99.8815
99.8815
99.8815
99.8815
99.8815
99.8815
99.8815
99.8815
99.8815
99.8815
99.8815
99.8815
99.8815
99.8814
99.8814
99.8814
99.8814
99.8814
99.8814
99.8814
99.8814
99.8815
99.8813
99.8813
99.8813
99.8812
99.8812
99.8812
99.8812
99.8813
99.8813
99.8813
99.8811
99.881
99.881
99.8809
99.8809
99.8809
99.8809
99.881
99.881
99.8811
99.8808
99.8807
99.8806
99.8806
99.8805
99.8805
99.8806
99.8806
99.8807
99.8808
99.8805
99.8803
99.8802
99.8801
99.8801
99.8801
99.8801
99.8802
99.8803
99.8805
99.8801
99.8799
99.8798
99.8797
99.8796
99.8796
99.8797
99.8798
99.8799
99.8801
99.8797
99.8795
99.8793
99.8792
99.8792
99.8792
99.8792
99.8793
99.8795
99.8797
89.3671
89.3671
89.3671
89.3671
89.3671
89.3671
89.3671
89.3671
89.3671
89.3671
89.3671
89.3671
89.3671
89.3671
89.3671
89.3671
89.3671
89.3671
89.3671
89.3671
89.3671
89.3671
89.3671
89.3671
89.3671
89.3671
89.3671
89.3671
89.3671
89.3671
89.3671
89.3671
89.3671
89.3671
89.3671
89.3671
89.3671
89.3671
89.3671
89.3671
89.3671
89.367
89.367
89.367
89.367
89.367
89.367
89.367
89.367
89.3671
89.367
89.3669
89.3669
89.3669
89.3669
89.3669
89.3669
89.3669
89.3669
89.367
89.3668
89.3668
89.3667
89.3667
89.3667
89.3667
89.3667
89.3667
89.3668
89.3668
89.3667
89.3666
89.3666
89.3665
89.3665
89.3665
89.3665
89.3666
89.3666
89.3667
89.3665
89.3664
89.3664
89.3663
89.3663
89.3663
89.3663
89.3664
89.3664
89.3665
89.3663
89.3662
89.3662
89.3661
89.3661
89.3661
89.3661
89.3662
89.3662
89.3663
78.853
78.853
78.8531
78.8531
78.8531
78.8531
78.8531
78.8531
78.853
78.853
78.8531
78.8531
78.8531
78.8531
78.8531
78.8531
78.8531
78.8531
78.8531
78.8531
78.8531
78.8531
78.8531
78.8531
78.8531
78.8531
78.8531
78.8531
78.8531
78.8531
78.8531
78.8531
78.8531
78.8531
78.8531
78.8531
78.8531
78.8531
78.8531
78.8531
78.853
78.853
78.853
78.853
78.853
78.853
78.853
78.853
78.853
78.853
78.853
78.853
78.853
78.853
78.853
78.853
78.853
78.853
78.853
78.853
78.8529
78.8529
78.8529
78.8529
78.8529
78.8529
78.8529
78.8529
78.8529
78.8529
78.8529
78.8528
78.8528
78.8528
78.8528
78.8528
78.8528
78.8528
78.8528
78.8529
78.8528
78.8528
78.8527
78.8527
78.8527
78.8527
78.8527
78.8527
78.8528
78.8528
78.8527
78.8527
78.8526
78.8526
78.8526
78.8526
78.8526
78.8526
78.8527
78.8527
68.3392
68.3392
68.3392
68.3392
68.3392
68.3392
68.3392
68.3392
68.3392
68.3392
68.3392
68.3392
68.3392
68.3392
68.3392
68.3392
68.3392
68.3392
68.3392
68.3392
68.3392
68.3392
68.3392
68.3392
68.3392
68.3392
68.3392
68.3392
68.3392
68.3392
68.3392
68.3392
68.3392
68.3392
68.3392
68.3392
68.3392
68.3392
68.3392
68.3392
68.3392
68.3392
68.3391
68.3391
68.3391
68.3391
68.3391
68.3391
68.3392
68.3392
68.3391
68.3391
68.3391
68.3391
68.3391
68.3391
68.3391
68.3391
68.3391
68.3391
68.3391
68.3391
68.3391
68.3391
68.3391
68.3391
68.3391
68.3391
68.3391
68.3391
68.3391
68.3391
68.3391
68.3391
68.3391
68.3391
68.3391
68.3391
68.3391
68.3391
68.3391
68.339
68.339
68.339
68.339
68.339
68.339
68.339
68.339
68.3391
68.339
68.339
68.339
68.339
68.339
68.339
68.339
68.339
68.339
68.339
57.8253
57.8253
57.8253
57.8253
57.8253
57.8253
57.8253
57.8253
57.8253
57.8253
57.8253
57.8253
57.8253
57.8253
57.8253
57.8253
57.8253
57.8253
57.8253
57.8253
57.8253
57.8253
57.8253
57.8253
57.8253
57.8253
57.8253
57.8253
57.8253
57.8253
57.8253
57.8253
57.8253
57.8253
57.8253
57.8253
57.8253
57.8253
57.8253
57.8253
57.8253
57.8253
57.8253
57.8253
57.8253
57.8253
57.8253
57.8253
57.8253
57.8253
57.8253
57.8253
57.8253
57.8253
57.8253
57.8253
57.8253
57.8253
57.8253
57.8253
57.8253
57.8253
57.8253
57.8253
57.8253
57.8253
57.8253
57.8253
57.8253
57.8253
57.8253
57.8253
57.8253
57.8253
57.8253
57.8253
57.8253
57.8253
57.8253
57.8253
57.8253
57.8253
57.8253
57.8253
57.8253
57.8253
57.8253
57.8253
57.8253
57.8253
57.8253
57.8253
57.8253
57.8253
57.8253
57.8253
57.8253
57.8253
57.8253
57.8253
47.3115
47.3115
47.3115
47.3115
47.3115
47.3115
47.3115
47.3115
47.3115
47.3115
47.3115
47.3115
47.3115
47.3115
47.3115
47.3115
47.3115
47.3115
47.3115
47.3115
47.3115
47.3115
47.3115
47.3115
47.3115
47.3115
47.3115
47.3115
47.3115
47.3115
47.3115
47.3115
47.3115
47.3115
47.3115
47.3115
47.3115
47.3115
47.3115
47.3115
47.3115
47.3115
47.3115
47.3115
47.3115
47.3115
47.3115
47.3115
47.3115
47.3115
47.3115
47.3115
47.3115
47.3115
47.3115
47.3115
47.3115
47.3115
47.3115
47.3115
47.3115
47.3115
47.3115
47.3115
47.3115
47.3115
47.3115
47.3115
47.3115
47.3115
47.3115
47.3115
47.3115
47.3115
47.3115
47.3115
47.3115
47.3115
47.3115
47.3115
47.3115
47.3115
47.3115
47.3115
47.3115
47.3115
47.3115
47.3115
47.3115
47.3115
47.3115
47.3115
47.3115
47.3115
47.3115
47.3115
47.3115
47.3115
47.3115
47.3115
36.7977
36.7977
36.7977
36.7977
36.7977
36.7977
36.7977
36.7977
36.7977
36.7977
36.7977
36.7977
36.7977
36.7977
36.7977
36.7977
36.7977
36.7977
36.7977
36.7977
36.7977
36.7977
36.7977
36.7977
36.7977
36.7977
36.7977
36.7977
36.7977
36.7977
36.7977
36.7977
36.7977
36.7977
36.7977
36.7977
36.7977
36.7977
36.7977
36.7977
36.7977
36.7977
36.7977
36.7977
36.7977
36.7977
36.7977
36.7977
36.7977
36.7977
36.7977
36.7977
36.7977
36.7977
36.7977
36.7977
36.7977
36.7977
36.7977
36.7977
36.7977
36.7977
36.7977
36.7977
36.7978
36.7978
36.7977
36.7977
36.7977
36.7977
36.7978
36.7978
36.7978
36.7978
36.7978
36.7978
36.7978
36.7978
36.7978
36.7978
36.7978
36.7978
36.7978
36.7978
36.7978
36.7978
36.7978
36.7978
36.7978
36.7978
36.7978
36.7978
36.7978
36.7978
36.7978
36.7978
36.7978
36.7978
36.7978
36.7978
26.2838
26.2838
26.2838
26.2838
26.2838
26.2838
26.2838
26.2838
26.2838
26.2838
26.2838
26.2838
26.2838
26.2838
26.2838
26.2838
26.2838
26.2838
26.2838
26.2838
26.2839
26.2839
26.2839
26.2839
26.2839
26.2839
26.2839
26.2839
26.2839
26.2839
26.2839
26.2839
26.2839
26.2839
26.2839
26.2839
26.2839
26.2839
26.2839
26.2839
26.2839
26.2839
26.2839
26.2839
26.2839
26.2839
26.2839
26.2839
26.2839
26.2839
26.2839
26.284
26.284
26.284
26.284
26.284
26.284
26.284
26.284
26.2839
26.284
26.284
26.284
26.284
26.284
26.284
26.284
26.284
26.284
26.284
26.284
26.284
26.284
26.284
26.284
26.284
26.284
26.284
26.284
26.284
26.284
26.284
26.284
26.284
26.284
26.284
26.284
26.284
26.284
26.284
26.284
26.284
26.284
26.2841
26.2841
26.2841
26.2841
26.284
26.284
26.284
15.7698
15.7699
15.7699
15.7699
15.7699
15.7699
15.7699
15.7699
15.7699
15.7698
15.7698
15.7698
15.7698
15.7698
15.7699
15.7699
15.7698
15.7698
15.7698
15.7698
15.7699
15.7699
15.7699
15.7699
15.7699
15.7699
15.7699
15.7699
15.7699
15.7699
15.77
15.77
15.77
15.77
15.77
15.77
15.77
15.77
15.77
15.77
15.7701
15.7701
15.7701
15.7701
15.7701
15.7701
15.7701
15.7701
15.7701
15.7701
15.7701
15.7702
15.7702
15.7702
15.7702
15.7702
15.7702
15.7702
15.7702
15.7701
15.7702
15.7702
15.7702
15.7702
15.7702
15.7702
15.7702
15.7702
15.7702
15.7702
15.7702
15.7703
15.7703
15.7703
15.7703
15.7703
15.7703
15.7703
15.7703
15.7702
15.7703
15.7703
15.7703
15.7703
15.7703
15.7703
15.7703
15.7703
15.7703
15.7703
15.7703
15.7703
15.7703
15.7703
15.7703
15.7703
15.7703
15.7703
15.7703
15.7703
5.25634
5.25636
5.25638
5.25639
5.2564
5.2564
5.25639
5.25638
5.25636
5.25634
5.2563
5.25632
5.25634
5.25635
5.25636
5.25636
5.25635
5.25634
5.25632
5.2563
5.25637
5.25639
5.25641
5.25642
5.25643
5.25643
5.25642
5.25641
5.25639
5.25637
5.25646
5.25649
5.25651
5.25652
5.25653
5.25653
5.25652
5.25651
5.25649
5.25646
5.25656
5.25659
5.2566
5.25662
5.25662
5.25662
5.25662
5.2566
5.25659
5.25656
5.25664
5.25666
5.25668
5.25669
5.2567
5.2567
5.25669
5.25668
5.25666
5.25664
5.25671
5.25673
5.25675
5.25676
5.25676
5.25676
5.25676
5.25675
5.25673
5.25671
5.25677
5.25679
5.2568
5.25681
5.25682
5.25682
5.25681
5.2568
5.25679
5.25677
5.25682
5.25683
5.25685
5.25685
5.25686
5.25686
5.25685
5.25685
5.25683
5.25682
5.25686
5.25687
5.25688
5.25688
5.25689
5.25689
5.25688
5.25688
5.25687
5.25686
222.273
221.966
221.747
221.587
221.503
221.503
221.587
221.747
221.966
222.273
217.848
217.419
217.114
216.897
216.785
216.785
216.897
217.114
217.419
217.848
214.247
213.756
213.415
213.177
213.054
213.054
213.177
213.415
213.756
214.247
211.736
211.229
210.887
210.651
210.529
210.529
210.651
210.887
211.229
211.736
209.829
209.325
208.991
208.764
208.648
208.648
208.764
208.991
209.325
209.829
208.291
207.801
207.479
207.265
207.156
207.156
207.265
207.479
207.801
208.291
207.035
206.569
206.263
206.066
205.965
205.965
206.066
206.263
206.569
207.035
206.006
205.574
205.29
205.11
205.019
205.019
205.11
205.29
205.574
206.006
205.156
204.772
204.517
204.357
204.277
204.277
204.357
204.517
204.772
205.156
204.463
204.132
203.911
203.773
203.704
203.704
203.773
203.911
204.132
204.463
195.458
195.545
195.639
195.705
195.739
195.739
195.705
195.639
195.545
195.458
195.396
195.436
195.492
195.53
195.55
195.55
195.53
195.492
195.436
195.396
195.039
195.024
195.038
195.048
195.053
195.053
195.048
195.038
195.024
195.039
194.56
194.497
194.476
194.462
194.454
194.454
194.462
194.476
194.497
194.56
194.052
193.95
193.901
193.868
193.851
193.851
193.868
193.901
193.95
194.052
193.543
193.412
193.341
193.295
193.271
193.271
193.295
193.341
193.412
193.543
193.047
192.898
192.812
192.756
192.728
192.728
192.756
192.812
192.898
193.047
192.572
192.416
192.322
192.264
192.233
192.233
192.264
192.322
192.416
192.572
192.121
191.972
191.88
191.823
191.793
191.793
191.823
191.88
191.972
192.121
191.72
191.578
191.491
191.435
191.406
191.406
191.435
191.491
191.578
191.72
185.204
185.177
185.157
185.141
185.133
185.133
185.141
185.157
185.177
185.204
185.254
185.222
185.197
185.178
185.168
185.168
185.178
185.197
185.222
185.254
185.26
185.215
185.181
185.154
185.14
185.14
185.154
185.181
185.215
185.26
185.165
185.103
185.056
185.02
185.001
185.001
185.02
185.056
185.103
185.165
185.005
184.925
184.866
184.822
184.799
184.799
184.822
184.866
184.925
185.005
184.815
184.72
184.65
184.6
184.574
184.574
184.6
184.65
184.72
184.815
184.614
184.508
184.431
184.378
184.349
184.349
184.378
184.431
184.508
184.614
184.415
184.305
184.224
184.169
184.14
184.14
184.169
184.224
184.305
184.415
184.226
184.118
184.038
183.985
183.957
183.957
183.985
184.038
184.118
184.226
184.055
183.953
183.879
183.83
183.805
183.805
183.83
183.879
183.953
184.055
173.668
173.677
173.69
173.699
173.704
173.704
173.699
173.69
173.677
173.668
173.689
173.696
173.707
173.714
173.719
173.719
173.714
173.707
173.696
173.689
173.673
173.674
173.681
173.686
173.689
173.689
173.686
173.681
173.674
173.673
173.619
173.612
173.612
173.613
173.614
173.614
173.613
173.612
173.612
173.619
173.538
173.521
173.514
173.51
173.507
173.507
173.51
173.514
173.521
173.538
173.438
173.41
173.396
173.387
173.383
173.383
173.387
173.396
173.41
173.438
173.326
173.289
173.268
173.254
173.248
173.248
173.254
173.268
173.289
173.326
173.204
173.161
173.135
173.119
173.11
173.11
173.119
173.135
173.161
173.204
173.08
173.034
173.004
172.986
172.977
172.977
172.986
173.004
173.034
173.08
172.961
172.913
172.882
172.862
172.852
172.852
172.862
172.882
172.913
172.961
163.13
163.127
163.125
163.123
163.122
163.122
163.123
163.125
163.127
163.13
163.142
163.139
163.137
163.135
163.134
163.134
163.135
163.137
163.139
163.142
163.149
163.145
163.141
163.138
163.137
163.137
163.138
163.141
163.145
163.149
163.143
163.136
163.13
163.126
163.123
163.123
163.126
163.13
163.136
163.143
163.125
163.114
163.106
163.099
163.096
163.096
163.099
163.106
163.114
163.125
163.099
163.084
163.072
163.064
163.06
163.06
163.064
163.072
163.084
163.099
163.066
163.047
163.033
163.023
163.018
163.018
163.023
163.033
163.047
163.066
163.029
163.008
162.992
162.981
162.975
162.975
162.981
162.992
163.008
163.029
162.991
162.969
162.952
162.94
162.934
162.934
162.94
162.952
162.969
162.991
162.954
162.931
162.915
162.903
162.897
162.897
162.903
162.915
162.931
162.954
152.496
152.497
152.498
152.499
152.5
152.5
152.499
152.498
152.497
152.496
152.501
152.501
152.502
152.503
152.504
152.504
152.503
152.502
152.501
152.501
152.5
152.5
152.501
152.501
152.502
152.502
152.501
152.501
152.5
152.5
152.494
152.492
152.492
152.492
152.492
152.492
152.492
152.492
152.492
152.494
152.482
152.478
152.477
152.476
152.475
152.475
152.476
152.477
152.478
152.482
152.465
152.46
152.457
152.454
152.453
152.453
152.454
152.457
152.46
152.465
152.445
152.437
152.432
152.429
152.427
152.427
152.429
152.432
152.437
152.445
152.421
152.411
152.405
152.401
152.399
152.399
152.401
152.405
152.411
152.421
152.395
152.385
152.378
152.373
152.37
152.37
152.373
152.378
152.385
152.395
152.37
152.358
152.35
152.345
152.343
152.343
152.345
152.35
152.358
152.37
141.963
141.963
141.962
141.962
141.962
141.962
141.962
141.962
141.963
141.963
141.965
141.965
141.965
141.965
141.964
141.964
141.965
141.965
141.965
141.965
141.966
141.966
141.965
141.965
141.965
141.965
141.965
141.965
141.966
141.966
141.965
141.964
141.963
141.963
141.962
141.962
141.963
141.963
141.964
141.965
141.962
141.96
141.959
141.958
141.957
141.957
141.958
141.959
141.96
141.962
141.957
141.954
141.952
141.951
141.95
141.95
141.951
141.952
141.954
141.957
141.95
141.946
141.944
141.942
141.941
141.941
141.942
141.944
141.946
141.95
141.942
141.938
141.935
141.933
141.932
141.932
141.933
141.935
141.938
141.942
141.934
141.929
141.926
141.923
141.922
141.922
141.923
141.926
141.929
141.934
141.925
141.92
141.917
141.914
141.913
141.913
141.914
141.917
141.92
141.925
131.432
131.432
131.432
131.432
131.433
131.433
131.432
131.432
131.432
131.432
131.433
131.433
131.433
131.433
131.433
131.433
131.433
131.433
131.433
131.433
131.433
131.433
131.433
131.433
131.433
131.433
131.433
131.433
131.433
131.433
131.433
131.432
131.432
131.432
131.432
131.432
131.432
131.432
131.432
131.433
131.431
131.43
131.43
131.429
131.429
131.429
131.429
131.43
131.43
131.431
131.428
131.427
131.426
131.426
131.425
131.425
131.426
131.426
131.427
131.428
131.424
131.423
131.422
131.421
131.421
131.421
131.421
131.422
131.423
131.424
131.42
131.418
131.417
131.416
131.415
131.415
131.416
131.417
131.418
131.42
131.415
131.413
131.411
131.41
131.41
131.41
131.41
131.411
131.413
131.415
131.41
131.408
131.406
131.405
131.404
131.404
131.405
131.406
131.408
131.41
120.913
120.913
120.913
120.913
120.913
120.913
120.913
120.913
120.913
120.913
120.913
120.913
120.913
120.913
120.913
120.913
120.913
120.913
120.913
120.913
120.914
120.914
120.914
120.913
120.913
120.913
120.913
120.914
120.914
120.914
120.913
120.913
120.913
120.913
120.913
120.913
120.913
120.913
120.913
120.913
120.913
120.912
120.912
120.912
120.912
120.912
120.912
120.912
120.912
120.913
120.912
120.911
120.911
120.911
120.91
120.91
120.911
120.911
120.911
120.912
120.91
120.91
120.909
120.909
120.909
120.909
120.909
120.909
120.91
120.91
120.908
120.908
120.907
120.907
120.906
120.906
120.907
120.907
120.908
120.908
120.907
120.906
120.905
120.905
120.904
120.904
120.905
120.905
120.906
120.907
120.905
120.904
120.903
120.902
120.902
120.902
120.902
120.903
120.904
120.905
110.396
110.396
110.396
110.396
110.396
110.396
110.396
110.396
110.396
110.396
110.397
110.397
110.397
110.397
110.397
110.397
110.397
110.397
110.397
110.397
110.397
110.397
110.397
110.397
110.397
110.397
110.397
110.397
110.397
110.397
110.397
110.396
110.396
110.396
110.396
110.396
110.396
110.396
110.396
110.397
110.396
110.396
110.396
110.396
110.396
110.396
110.396
110.396
110.396
110.396
110.396
110.395
110.395
110.395
110.395
110.395
110.395
110.395
110.395
110.396
110.395
110.395
110.395
110.394
110.394
110.394
110.394
110.395
110.395
110.395
110.394
110.394
110.394
110.393
110.393
110.393
110.393
110.394
110.394
110.394
110.393
110.393
110.393
110.392
110.392
110.392
110.392
110.393
110.393
110.393
110.392
110.392
110.392
110.391
110.391
110.391
110.391
110.392
110.392
110.392
99.8814
99.8814
99.8814
99.8814
99.8814
99.8814
99.8814
99.8814
99.8814
99.8814
99.8815
99.8815
99.8815
99.8815
99.8815
99.8815
99.8815
99.8815
99.8815
99.8815
99.8815
99.8815
99.8815
99.8815
99.8815
99.8815
99.8815
99.8815
99.8815
99.8815
99.8815
99.8814
99.8814
99.8814
99.8814
99.8814
99.8814
99.8814
99.8814
99.8815
99.8813
99.8813
99.8813
99.8812
99.8812
99.8812
99.8812
99.8813
99.8813
99.8813
99.8811
99.881
99.881
99.8809
99.8809
99.8809
99.8809
99.881
99.881
99.8811
99.8808
99.8807
99.8806
99.8806
99.8805
99.8805
99.8806
99.8806
99.8807
99.8808
99.8805
99.8803
99.8802
99.8801
99.8801
99.8801
99.8801
99.8802
99.8803
99.8805
99.8801
99.8799
99.8798
99.8797
99.8796
99.8796
99.8797
99.8798
99.8799
99.8801
99.8797
99.8795
99.8793
99.8792
99.8792
99.8792
99.8792
99.8793
99.8795
99.8797
89.3671
89.3671
89.3671
89.3671
89.3671
89.3671
89.3671
89.3671
89.3671
89.3671
89.3671
89.3671
89.3671
89.3671
89.3671
89.3671
89.3671
89.3671
89.3671
89.3671
89.3671
89.3671
89.3671
89.3671
89.3671
89.3671
89.3671
89.3671
89.3671
89.3671
89.3671
89.3671
89.3671
89.3671
89.3671
89.3671
89.3671
89.3671
89.3671
89.3671
89.3671
89.367
89.367
89.367
89.367
89.367
89.367
89.367
89.367
89.3671
89.367
89.3669
89.3669
89.3669
89.3669
89.3669
89.3669
89.3669
89.3669
89.367
89.3668
89.3668
89.3667
89.3667
89.3667
89.3667
89.3667
89.3667
89.3668
89.3668
89.3667
89.3666
89.3666
89.3665
89.3665
89.3665
89.3665
89.3666
89.3666
89.3667
89.3665
89.3664
89.3664
89.3663
89.3663
89.3663
89.3663
89.3664
89.3664
89.3665
89.3663
89.3662
89.3662
89.3661
89.3661
89.3661
89.3661
89.3662
89.3662
89.3663
78.853
78.853
78.8531
78.8531
78.8531
78.8531
78.8531
78.8531
78.853
78.853
78.8531
78.8531
78.8531
78.8531
78.8531
78.8531
78.8531
78.8531
78.8531
78.8531
78.8531
78.8531
78.8531
78.8531
78.8531
78.8531
78.8531
78.8531
78.8531
78.8531
78.8531
78.8531
78.8531
78.8531
78.8531
78.8531
78.8531
78.8531
78.8531
78.8531
78.853
78.853
78.853
78.853
78.853
78.853
78.853
78.853
78.853
78.853
78.853
78.853
78.853
78.853
78.853
78.853
78.853
78.853
78.853
78.853
78.8529
78.8529
78.8529
78.8529
78.8529
78.8529
78.8529
78.8529
78.8529
78.8529
78.8529
78.8528
78.8528
78.8528
78.8528
78.8528
78.8528
78.8528
78.8528
78.8529
78.8528
78.8528
78.8527
78.8527
78.8527
78.8527
78.8527
78.8527
78.8528
78.8528
78.8527
78.8527
78.8526
78.8526
78.8526
78.8526
78.8526
78.8526
78.8527
78.8527
68.3392
68.3392
68.3392
68.3392
68.3392
68.3392
68.3392
68.3392
68.3392
68.3392
68.3392
68.3392
68.3392
68.3392
68.3392
68.3392
68.3392
68.3392
68.3392
68.3392
68.3392
68.3392
68.3392
68.3392
68.3392
68.3392
68.3392
68.3392
68.3392
68.3392
68.3392
68.3392
68.3392
68.3392
68.3392
68.3392
68.3392
68.3392
68.3392
68.3392
68.3392
68.3392
68.3391
68.3391
68.3391
68.3391
68.3391
68.3391
68.3392
68.3392
68.3391
68.3391
68.3391
68.3391
68.3391
68.3391
68.3391
68.3391
68.3391
68.3391
68.3391
68.3391
68.3391
68.3391
68.3391
68.3391
68.3391
68.3391
68.3391
68.3391
68.3391
68.3391
68.3391
68.3391
68.3391
68.3391
68.3391
68.3391
68.3391
68.3391
68.3391
68.339
68.339
68.339
68.339
68.339
68.339
68.339
68.339
68.3391
68.339
68.339
68.339
68.339
68.339
68.339
68.339
68.339
68.339
68.339
57.8253
57.8253
57.8253
57.8253
57.8253
57.8253
57.8253
57.8253
57.8253
57.8253
57.8253
57.8253
57.8253
57.8253
57.8253
57.8253
57.8253
57.8253
57.8253
57.8253
57.8253
57.8253
57.8253
57.8253
57.8253
57.8253
57.8253
57.8253
57.8253
57.8253
57.8253
57.8253
57.8253
57.8253
57.8253
57.8253
57.8253
57.8253
57.8253
57.8253
57.8253
57.8253
57.8253
57.8253
57.8253
57.8253
57.8253
57.8253
57.8253
57.8253
57.8253
57.8253
57.8253
57.8253
57.8253
57.8253
57.8253
57.8253
57.8253
57.8253
57.8253
57.8253
57.8253
57.8253
57.8253
57.8253
57.8253
57.8253
57.8253
57.8253
57.8253
57.8253
57.8253
57.8253
57.8253
57.8253
57.8253
57.8253
57.8253
57.8253
57.8253
57.8253
57.8253
57.8253
57.8253
57.8253
57.8253
57.8253
57.8253
57.8253
57.8253
57.8253
57.8253
57.8253
57.8253
57.8253
57.8253
57.8253
57.8253
57.8253
47.3115
47.3115
47.3115
47.3115
47.3115
47.3115
47.3115
47.3115
47.3115
47.3115
47.3115
47.3115
47.3115
47.3115
47.3115
47.3115
47.3115
47.3115
47.3115
47.3115
47.3115
47.3115
47.3115
47.3115
47.3115
47.3115
47.3115
47.3115
47.3115
47.3115
47.3115
47.3115
47.3115
47.3115
47.3115
47.3115
47.3115
47.3115
47.3115
47.3115
47.3115
47.3115
47.3115
47.3115
47.3115
47.3115
47.3115
47.3115
47.3115
47.3115
47.3115
47.3115
47.3115
47.3115
47.3115
47.3115
47.3115
47.3115
47.3115
47.3115
47.3115
47.3115
47.3115
47.3115
47.3115
47.3115
47.3115
47.3115
47.3115
47.3115
47.3115
47.3115
47.3115
47.3115
47.3115
47.3115
47.3115
47.3115
47.3115
47.3115
47.3115
47.3115
47.3115
47.3115
47.3115
47.3115
47.3115
47.3115
47.3115
47.3115
47.3115
47.3115
47.3115
47.3115
47.3115
47.3115
47.3115
47.3115
47.3115
47.3115
36.7977
36.7977
36.7977
36.7977
36.7977
36.7977
36.7977
36.7977
36.7977
36.7977
36.7977
36.7977
36.7977
36.7977
36.7977
36.7977
36.7977
36.7977
36.7977
36.7977
36.7977
36.7977
36.7977
36.7977
36.7977
36.7977
36.7977
36.7977
36.7977
36.7977
36.7977
36.7977
36.7977
36.7977
36.7977
36.7977
36.7977
36.7977
36.7977
36.7977
36.7977
36.7977
36.7977
36.7977
36.7977
36.7977
36.7977
36.7977
36.7977
36.7977
36.7977
36.7977
36.7977
36.7977
36.7977
36.7977
36.7977
36.7977
36.7977
36.7977
36.7977
36.7977
36.7977
36.7977
36.7978
36.7978
36.7977
36.7977
36.7977
36.7977
36.7978
36.7978
36.7978
36.7978
36.7978
36.7978
36.7978
36.7978
36.7978
36.7978
36.7978
36.7978
36.7978
36.7978
36.7978
36.7978
36.7978
36.7978
36.7978
36.7978
36.7978
36.7978
36.7978
36.7978
36.7978
36.7978
36.7978
36.7978
36.7978
36.7978
26.2838
26.2838
26.2838
26.2838
26.2838
26.2838
26.2838
26.2838
26.2838
26.2838
26.2838
26.2838
26.2838
26.2838
26.2838
26.2838
26.2838
26.2838
26.2838
26.2838
26.2839
26.2839
26.2839
26.2839
26.2839
26.2839
26.2839
26.2839
26.2839
26.2839
26.2839
26.2839
26.2839
26.2839
26.2839
26.2839
26.2839
26.2839
26.2839
26.2839
26.2839
26.2839
26.2839
26.2839
26.2839
26.2839
26.2839
26.2839
26.2839
26.2839
26.2839
26.284
26.284
26.284
26.284
26.284
26.284
26.284
26.284
26.2839
26.284
26.284
26.284
26.284
26.284
26.284
26.284
26.284
26.284
26.284
26.284
26.284
26.284
26.284
26.284
26.284
26.284
26.284
26.284
26.284
26.284
26.284
26.284
26.284
26.284
26.284
26.284
26.284
26.284
26.284
26.284
26.284
26.284
26.2841
26.2841
26.2841
26.2841
26.284
26.284
26.284
15.7698
15.7699
15.7699
15.7699
15.7699
15.7699
15.7699
15.7699
15.7699
15.7698
15.7698
15.7698
15.7698
15.7698
15.7699
15.7699
15.7698
15.7698
15.7698
15.7698
15.7699
15.7699
15.7699
15.7699
15.7699
15.7699
15.7699
15.7699
15.7699
15.7699
15.77
15.77
15.77
15.77
15.77
15.77
15.77
15.77
15.77
15.77
15.7701
15.7701
15.7701
15.7701
15.7701
15.7701
15.7701
15.7701
15.7701
15.7701
15.7701
15.7702
15.7702
15.7702
15.7702
15.7702
15.7702
15.7702
15.7702
15.7701
15.7702
15.7702
15.7702
15.7702
15.7702
15.7702
15.7702
15.7702
15.7702
15.7702
15.7702
15.7703
15.7703
15.7703
15.7703
15.7703
15.7703
15.7703
15.7703
15.7702
15.7703
15.7703
15.7703
15.7703
15.7703
15.7703
15.7703
15.7703
15.7703
15.7703
15.7703
15.7703
15.7703
15.7703
15.7703
15.7703
15.7703
15.7703
15.7703
15.7703
5.25634
5.25636
5.25638
5.25639
5.2564
5.2564
5.25639
5.25638
5.25636
5.25634
5.2563
5.25632
5.25634
5.25635
5.25636
5.25636
5.25635
5.25634
5.25632
5.2563
5.25637
5.25639
5.25641
5.25642
5.25643
5.25643
5.25642
5.25641
5.25639
5.25637
5.25646
5.25649
5.25651
5.25652
5.25653
5.25653
5.25652
5.25651
5.25649
5.25647
5.25656
5.25659
5.2566
5.25662
5.25662
5.25662
5.25662
5.2566
5.25659
5.25656
5.25664
5.25666
5.25668
5.25669
5.2567
5.2567
5.25669
5.25668
5.25666
5.25664
5.25671
5.25673
5.25675
5.25676
5.25676
5.25676
5.25676
5.25675
5.25673
5.25671
5.25677
5.25679
5.2568
5.25681
5.25682
5.25682
5.25681
5.2568
5.25679
5.25677
5.25682
5.25683
5.25685
5.25685
5.25686
5.25686
5.25685
5.25685
5.25683
5.25682
5.25686
5.25687
5.25688
5.25688
5.25689
5.25689
5.25688
5.25688
5.25687
5.25686
203.99
203.696
203.492
203.359
203.292
203.292
203.359
203.492
203.696
203.99
203.696
203.409
203.197
203.056
202.986
202.986
203.056
203.197
203.409
203.696
203.492
203.197
202.975
202.828
202.755
202.755
202.828
202.975
203.197
203.492
203.359
203.056
202.828
202.678
202.604
202.604
202.678
202.828
203.056
203.359
203.292
202.986
202.755
202.604
202.53
202.53
202.604
202.755
202.986
203.292
203.292
202.986
202.755
202.604
202.53
202.53
202.604
202.755
202.986
203.292
203.359
203.056
202.828
202.678
202.604
202.604
202.678
202.828
203.056
203.359
203.492
203.197
202.975
202.828
202.755
202.755
202.828
202.975
203.197
203.492
203.696
203.409
203.197
203.056
202.986
202.986
203.056
203.197
203.409
203.696
203.99
203.696
203.492
203.359
203.292
203.292
203.359
203.492
203.696
203.99
191.448
191.307
191.207
191.139
191.105
191.105
191.139
191.207
191.307
191.448
191.307
191.149
191.031
190.95
190.909
190.909
190.95
191.031
191.149
191.307
191.207
191.031
190.899
190.81
190.766
190.766
190.81
190.899
191.031
191.207
191.139
190.95
190.81
190.717
190.671
190.671
190.717
190.81
190.95
191.139
191.105
190.909
190.766
190.671
190.623
190.623
190.671
190.766
190.909
191.105
191.105
190.909
190.766
190.671
190.623
190.623
190.671
190.766
190.909
191.105
191.139
190.95
190.81
190.717
190.671
190.671
190.717
190.81
190.95
191.139
191.207
191.031
190.899
190.81
190.766
190.766
190.81
190.899
191.031
191.207
191.307
191.149
191.031
190.95
190.909
190.909
190.95
191.031
191.149
191.307
191.448
191.307
191.207
191.139
191.105
191.105
191.139
191.207
191.307
191.448
183.908
183.82
183.754
183.709
183.686
183.686
183.709
183.754
183.82
183.908
183.82
183.73
183.659
183.61
183.585
183.585
183.61
183.659
183.73
183.82
183.754
183.659
183.583
183.53
183.503
183.503
183.53
183.583
183.659
183.754
183.709
183.61
183.53
183.475
183.447
183.447
183.475
183.53
183.61
183.709
183.686
183.585
183.503
183.447
183.419
183.419
183.447
183.503
183.585
183.686
183.686
183.585
183.503
183.447
183.419
183.419
183.447
183.503
183.585
183.686
183.709
183.61
183.53
183.475
183.447
183.447
183.475
183.53
183.61
183.709
183.754
183.659
183.583
183.53
183.503
183.503
183.53
183.583
183.659
183.754
183.82
183.73
183.659
183.61
183.585
183.585
183.61
183.659
183.73
183.82
183.908
183.82
183.754
183.709
183.686
183.686
183.709
183.754
183.82
183.908
172.866
172.818
172.784
172.761
172.75
172.75
172.761
172.784
172.818
172.866
172.818
172.763
172.721
172.693
172.678
172.678
172.693
172.721
172.763
172.818
172.784
172.721
172.674
172.641
172.625
172.625
172.641
172.674
172.721
172.784
172.761
172.693
172.641
172.607
172.589
172.589
172.607
172.641
172.693
172.761
172.75
172.678
172.625
172.589
172.571
172.571
172.589
172.625
172.678
172.75
172.75
172.678
172.625
172.589
172.571
172.571
172.589
172.625
172.678
172.75
172.761
172.693
172.641
172.607
172.589
172.589
172.607
172.641
172.693
172.761
172.784
172.721
172.674
172.641
172.625
172.625
172.641
172.674
172.721
172.784
172.818
172.763
172.721
172.693
172.678
172.678
172.693
172.721
172.763
172.818
172.866
172.818
172.784
172.761
172.75
172.75
172.761
172.784
172.818
172.866
162.918
162.898
162.883
162.872
162.867
162.867
162.872
162.883
162.898
162.918
162.898
162.877
162.86
162.848
162.841
162.841
162.848
162.86
162.877
162.898
162.883
162.86
162.841
162.827
162.82
162.82
162.827
162.841
162.86
162.883
162.872
162.848
162.827
162.813
162.806
162.806
162.813
162.827
162.848
162.872
162.867
162.841
162.82
162.806
162.798
162.798
162.806
162.82
162.841
162.867
162.867
162.841
162.82
162.806
162.798
162.798
162.806
162.82
162.841
162.867
162.872
162.848
162.827
162.813
162.806
162.806
162.813
162.827
162.848
162.872
162.883
162.86
162.841
162.827
162.82
162.82
162.827
162.841
162.86
162.883
162.898
162.877
162.86
162.848
162.841
162.841
162.848
162.86
162.877
162.898
162.918
162.898
162.883
162.872
162.867
162.867
162.872
162.883
162.898
162.918
152.347
152.336
152.328
152.322
152.319
152.319
152.322
152.328
152.336
152.347
152.336
152.322
152.312
152.305
152.301
152.301
152.305
152.312
152.322
152.336
152.328
152.312
152.3
152.292
152.288
152.288
152.292
152.3
152.312
152.328
152.322
152.305
152.292
152.283
152.279
152.279
152.283
152.292
152.305
152.322
152.319
152.301
152.288
152.279
152.274
152.274
152.279
152.288
152.301
152.319
152.319
152.301
152.288
152.279
152.274
152.274
152.279
152.288
152.301
152.319
152.322
152.305
152.292
152.283
152.279
152.279
152.283
152.292
152.305
152.322
152.328
152.312
152.3
152.292
152.288
152.288
152.292
152.3
152.312
152.328
152.336
152.322
152.312
152.305
152.301
152.301
152.305
152.312
152.322
152.336
152.347
152.336
152.328
152.322
152.319
152.319
152.322
152.328
152.336
152.347
141.916
141.912
141.909
141.906
141.905
141.905
141.906
141.909
141.912
141.916
141.912
141.907
141.903
141.9
141.899
141.899
141.9
141.903
141.907
141.912
141.909
141.903
141.899
141.895
141.894
141.894
141.895
141.899
141.903
141.909
141.906
141.9
141.895
141.892
141.89
141.89
141.892
141.895
141.9
141.906
141.905
141.899
141.894
141.89
141.888
141.888
141.89
141.894
141.899
141.905
141.905
141.899
141.894
141.89
141.888
141.888
141.89
141.894
141.899
141.905
141.906
141.9
141.895
141.892
141.89
141.89
141.892
141.895
141.9
141.906
141.909
141.903
141.899
141.895
141.894
141.894
141.895
141.899
141.903
141.909
141.912
141.907
141.903
141.9
141.899
141.899
141.9
141.903
141.907
141.912
141.916
141.912
141.909
141.906
141.905
141.905
141.906
141.909
141.912
141.916
131.406
131.403
131.402
131.4
131.4
131.4
131.4
131.402
131.403
131.406
131.403
131.401
131.398
131.397
131.396
131.396
131.397
131.398
131.401
131.403
131.402
131.398
131.396
131.394
131.393
131.393
131.394
131.396
131.398
131.402
131.4
131.397
131.394
131.392
131.391
131.391
131.392
131.394
131.397
131.4
131.4
131.396
131.393
131.391
131.39
131.39
131.391
131.393
131.396
131.4
131.4
131.396
131.393
131.391
131.39
131.39
131.391
131.393
131.396
131.4
131.4
131.397
131.394
131.392
131.391
131.391
131.392
131.394
131.397
131.4
131.402
131.398
131.396
131.394
131.393
131.393
131.394
131.396
131.398
131.402
131.403
131.401
131.398
131.397
131.396
131.396
131.397
131.398
131.401
131.403
131.406
131.403
131.402
131.4
131.4
131.4
131.4
131.402
131.403
131.406
120.903
120.902
120.901
120.901
120.9
120.9
120.901
120.901
120.902
120.903
120.902
120.901
120.9
120.899
120.899
120.899
120.899
120.9
120.901
120.902
120.901
120.9
120.899
120.898
120.898
120.898
120.898
120.899
120.9
120.901
120.901
120.899
120.898
120.897
120.897
120.897
120.897
120.898
120.899
120.901
120.9
120.899
120.898
120.897
120.896
120.896
120.897
120.898
120.899
120.9
120.9
120.899
120.898
120.897
120.896
120.896
120.897
120.898
120.899
120.9
120.901
120.899
120.898
120.897
120.897
120.897
120.897
120.898
120.899
120.901
120.901
120.9
120.899
120.898
120.898
120.898
120.898
120.899
120.9
120.901
120.902
120.901
120.9
120.899
120.899
120.899
120.899
120.9
120.901
120.902
120.903
120.902
120.901
120.901
120.9
120.9
120.901
120.901
120.902
120.903
110.391
110.391
110.391
110.39
110.39
110.39
110.39
110.391
110.391
110.391
110.391
110.39
110.39
110.39
110.39
110.39
110.39
110.39
110.39
110.391
110.391
110.39
110.39
110.389
110.389
110.389
110.389
110.39
110.39
110.391
110.39
110.39
110.389
110.389
110.389
110.389
110.389
110.389
110.39
110.39
110.39
110.39
110.389
110.389
110.388
110.388
110.389
110.389
110.39
110.39
110.39
110.39
110.389
110.389
110.388
110.388
110.389
110.389
110.39
110.39
110.39
110.39
110.389
110.389
110.389
110.389
110.389
110.389
110.39
110.39
110.391
110.39
110.39
110.389
110.389
110.389
110.389
110.39
110.39
110.391
110.391
110.39
110.39
110.39
110.39
110.39
110.39
110.39
110.39
110.391
110.391
110.391
110.391
110.39
110.39
110.39
110.39
110.391
110.391
110.391
99.8793
99.8791
99.8789
99.8788
99.8788
99.8788
99.8788
99.8789
99.8791
99.8793
99.8791
99.8789
99.8787
99.8785
99.8785
99.8785
99.8785
99.8787
99.8789
99.8791
99.8789
99.8787
99.8784
99.8783
99.8782
99.8782
99.8783
99.8784
99.8787
99.8789
99.8788
99.8785
99.8783
99.8781
99.878
99.878
99.8781
99.8783
99.8785
99.8788
99.8788
99.8785
99.8782
99.878
99.8779
99.8779
99.878
99.8782
99.8785
99.8788
99.8788
99.8785
99.8782
99.878
99.8779
99.8779
99.878
99.8782
99.8785
99.8788
99.8788
99.8785
99.8783
99.8781
99.878
99.878
99.8781
99.8783
99.8785
99.8788
99.8789
99.8787
99.8784
99.8783
99.8782
99.8782
99.8783
99.8784
99.8787
99.8789
99.8791
99.8789
99.8787
99.8785
99.8785
99.8785
99.8785
99.8787
99.8789
99.8791
99.8793
99.8791
99.8789
99.8788
99.8788
99.8788
99.8788
99.8789
99.8791
99.8793
89.3661
89.366
89.366
89.3659
89.3659
89.3659
89.3659
89.366
89.366
89.3661
89.366
89.3659
89.3658
89.3658
89.3658
89.3658
89.3658
89.3658
89.3659
89.366
89.366
89.3658
89.3657
89.3657
89.3656
89.3656
89.3657
89.3657
89.3658
89.366
89.3659
89.3658
89.3657
89.3656
89.3656
89.3656
89.3656
89.3657
89.3658
89.3659
89.3659
89.3658
89.3656
89.3656
89.3655
89.3655
89.3656
89.3656
89.3658
89.3659
89.3659
89.3658
89.3656
89.3656
89.3655
89.3655
89.3656
89.3656
89.3658
89.3659
89.3659
89.3658
89.3657
89.3656
89.3656
89.3656
89.3656
89.3657
89.3658
89.3659
89.366
89.3658
89.3657
89.3657
89.3656
89.3656
89.3657
89.3657
89.3658
89.366
89.366
89.3659
89.3658
89.3658
89.3658
89.3658
89.3658
89.3658
89.3659
89.366
89.3661
89.366
89.366
89.3659
89.3659
89.3659
89.3659
89.366
89.366
89.3661
78.8526
78.8526
78.8526
78.8525
78.8525
78.8525
78.8525
78.8526
78.8526
78.8526
78.8526
78.8526
78.8525
78.8525
78.8525
78.8525
78.8525
78.8525
78.8526
78.8526
78.8526
78.8525
78.8525
78.8524
78.8524
78.8524
78.8524
78.8525
78.8525
78.8526
78.8525
78.8525
78.8524
78.8524
78.8524
78.8524
78.8524
78.8524
78.8525
78.8525
78.8525
78.8525
78.8524
78.8524
78.8524
78.8524
78.8524
78.8524
78.8525
78.8525
78.8525
78.8525
78.8524
78.8524
78.8524
78.8524
78.8524
78.8524
78.8525
78.8525
78.8525
78.8525
78.8524
78.8524
78.8524
78.8524
78.8524
78.8524
78.8525
78.8525
78.8526
78.8525
78.8525
78.8524
78.8524
78.8524
78.8524
78.8525
78.8525
78.8526
78.8526
78.8526
78.8525
78.8525
78.8525
78.8525
78.8525
78.8525
78.8526
78.8526
78.8526
78.8526
78.8526
78.8525
78.8525
78.8525
78.8525
78.8526
78.8526
78.8526
68.339
68.339
68.3389
68.3389
68.3389
68.3389
68.3389
68.339
68.339
68.339
68.339
68.3389
68.3389
68.3389
68.3389
68.3389
68.3389
68.3389
68.3389
68.339
68.3389
68.3389
68.3389
68.3389
68.3389
68.3389
68.3389
68.3389
68.3389
68.339
68.3389
68.3389
68.3389
68.3389
68.3389
68.3389
68.3389
68.3389
68.3389
68.3389
68.3389
68.3389
68.3389
68.3389
68.3389
68.3389
68.3389
68.3389
68.3389
68.3389
68.3389
68.3389
68.3389
68.3389
68.3389
68.3389
68.3389
68.3389
68.3389
68.3389
68.3389
68.3389
68.3389
68.3389
68.3389
68.3389
68.3389
68.3389
68.3389
68.3389
68.339
68.3389
68.3389
68.3389
68.3389
68.3389
68.3389
68.3389
68.3389
68.339
68.339
68.3389
68.3389
68.3389
68.3389
68.3389
68.3389
68.3389
68.3389
68.339
68.339
68.339
68.339
68.3389
68.3389
68.3389
68.3389
68.3389
68.339
68.339
57.8253
57.8253
57.8253
57.8252
57.8252
57.8252
57.8252
57.8253
57.8253
57.8253
57.8253
57.8252
57.8252
57.8252
57.8252
57.8252
57.8252
57.8252
57.8252
57.8253
57.8253
57.8252
57.8252
57.8252
57.8252
57.8252
57.8252
57.8252
57.8252
57.8253
57.8252
57.8252
57.8252
57.8252
57.8252
57.8252
57.8252
57.8252
57.8252
57.8252
57.8252
57.8252
57.8252
57.8252
57.8252
57.8252
57.8252
57.8252
57.8252
57.8252
57.8252
57.8252
57.8252
57.8252
57.8252
57.8252
57.8252
57.8252
57.8252
57.8252
57.8252
57.8252
57.8252
57.8252
57.8252
57.8252
57.8252
57.8252
57.8252
57.8252
57.8253
57.8252
57.8252
57.8252
57.8252
57.8252
57.8252
57.8252
57.8252
57.8253
57.8253
57.8252
57.8252
57.8252
57.8252
57.8252
57.8252
57.8252
57.8252
57.8253
57.8253
57.8253
57.8253
57.8252
57.8252
57.8252
57.8252
57.8253
57.8253
57.8253
47.3115
47.3115
47.3115
47.3115
47.3115
47.3115
47.3115
47.3115
47.3115
47.3115
47.3115
47.3115
47.3115
47.3115
47.3115
47.3115
47.3115
47.3115
47.3115
47.3115
47.3115
47.3115
47.3115
47.3115
47.3115
47.3115
47.3115
47.3115
47.3115
47.3115
47.3115
47.3115
47.3115
47.3115
47.3115
47.3115
47.3115
47.3115
47.3115
47.3115
47.3115
47.3115
47.3115
47.3115
47.3115
47.3115
47.3115
47.3115
47.3115
47.3115
47.3115
47.3115
47.3115
47.3115
47.3115
47.3115
47.3115
47.3115
47.3115
47.3115
47.3115
47.3115
47.3115
47.3115
47.3115
47.3115
47.3115
47.3115
47.3115
47.3115
47.3115
47.3115
47.3115
47.3115
47.3115
47.3115
47.3115
47.3115
47.3115
47.3115
47.3115
47.3115
47.3115
47.3115
47.3115
47.3115
47.3115
47.3115
47.3115
47.3115
47.3115
47.3115
47.3115
47.3115
47.3115
47.3115
47.3115
47.3115
47.3115
47.3115
36.7978
36.7978
36.7978
36.7978
36.7978
36.7978
36.7978
36.7978
36.7978
36.7978
36.7978
36.7978
36.7978
36.7978
36.7978
36.7978
36.7978
36.7978
36.7978
36.7978
36.7978
36.7978
36.7978
36.7978
36.7978
36.7978
36.7978
36.7978
36.7978
36.7978
36.7978
36.7978
36.7978
36.7978
36.7978
36.7978
36.7978
36.7978
36.7978
36.7978
36.7978
36.7978
36.7978
36.7978
36.7978
36.7978
36.7978
36.7978
36.7978
36.7978
36.7978
36.7978
36.7978
36.7978
36.7978
36.7978
36.7978
36.7978
36.7978
36.7978
36.7978
36.7978
36.7978
36.7978
36.7978
36.7978
36.7978
36.7978
36.7978
36.7978
36.7978
36.7978
36.7978
36.7978
36.7978
36.7978
36.7978
36.7978
36.7978
36.7978
36.7978
36.7978
36.7978
36.7978
36.7978
36.7978
36.7978
36.7978
36.7978
36.7978
36.7978
36.7978
36.7978
36.7978
36.7978
36.7978
36.7978
36.7978
36.7978
36.7978
26.2841
26.2841
26.2841
26.2841
26.2841
26.2841
26.2841
26.2841
26.2841
26.284
26.2841
26.2841
26.2841
26.2841
26.2841
26.2841
26.2841
26.2841
26.2841
26.2841
26.2841
26.2841
26.2841
26.2841
26.2841
26.2841
26.2841
26.2841
26.2841
26.2841
26.2841
26.2841
26.2841
26.2841
26.2841
26.2841
26.2841
26.2841
26.2841
26.2841
26.2841
26.2841
26.2841
26.2841
26.2841
26.2841
26.2841
26.2841
26.2841
26.2841
26.2841
26.2841
26.2841
26.2841
26.2841
26.2841
26.2841
26.2841
26.2841
26.2841
26.2841
26.2841
26.2841
26.2841
26.2841
26.2841
26.2841
26.2841
26.2841
26.2841
26.2841
26.2841
26.2841
26.2841
26.2841
26.2841
26.2841
26.2841
26.2841
26.2841
26.2841
26.2841
26.2841
26.2841
26.2841
26.2841
26.2841
26.2841
26.2841
26.2841
26.284
26.2841
26.2841
26.2841
26.2841
26.2841
26.2841
26.2841
26.2841
26.284
15.7703
15.7703
15.7703
15.7703
15.7703
15.7703
15.7703
15.7703
15.7703
15.7703
15.7703
15.7703
15.7703
15.7703
15.7703
15.7703
15.7703
15.7703
15.7703
15.7703
15.7703
15.7703
15.7703
15.7704
15.7704
15.7704
15.7704
15.7703
15.7703
15.7703
15.7703
15.7703
15.7704
15.7704
15.7704
15.7704
15.7704
15.7704
15.7703
15.7703
15.7703
15.7703
15.7704
15.7704
15.7704
15.7704
15.7704
15.7704
15.7703
15.7703
15.7703
15.7703
15.7704
15.7704
15.7704
15.7704
15.7704
15.7704
15.7703
15.7703
15.7703
15.7703
15.7704
15.7704
15.7704
15.7704
15.7704
15.7704
15.7703
15.7703
15.7703
15.7703
15.7703
15.7704
15.7704
15.7704
15.7704
15.7703
15.7703
15.7703
15.7703
15.7703
15.7703
15.7703
15.7703
15.7703
15.7703
15.7703
15.7703
15.7703
15.7703
15.7703
15.7703
15.7703
15.7703
15.7703
15.7703
15.7703
15.7703
15.7703
5.25689
5.25689
5.2569
5.25691
5.25691
5.25691
5.25691
5.2569
5.25689
5.25689
5.25689
5.25691
5.25692
5.25692
5.25693
5.25693
5.25692
5.25692
5.25691
5.25689
5.2569
5.25692
5.25693
5.25693
5.25693
5.25693
5.25693
5.25693
5.25692
5.2569
5.25691
5.25692
5.25693
5.25694
5.25694
5.25694
5.25694
5.25693
5.25692
5.25691
5.25691
5.25693
5.25693
5.25694
5.25694
5.25694
5.25694
5.25693
5.25692
5.25691
5.25691
5.25693
5.25693
5.25694
5.25694
5.25694
5.25694
5.25693
5.25692
5.25691
5.25691
5.25692
5.25693
5.25694
5.25694
5.25694
5.25694
5.25693
5.25692
5.25691
5.2569
5.25692
5.25693
5.25693
5.25693
5.25693
5.25693
5.25693
5.25692
5.2569
5.25689
5.25691
5.25692
5.25692
5.25692
5.25692
5.25692
5.25692
5.25691
5.25689
5.25689
5.25689
5.2569
5.25691
5.25691
5.25691
5.25691
5.2569
5.25689
5.25689
)
;

boundaryField
{
    fixedWalls
    {
        type            zeroGradient;
    }
    inlet
    {
        type            fixedGradient;
        gradient        uniform 0;
    }
    outlet
    {
        type            fixedValue;
        value           uniform 0;
    }
}


// ************************************************************************* //
