/*--------------------------------*- C++ -*----------------------------------*\
| =========                 |                                                 |
| \\      /  F ield         | OpenFOAM: The Open Source CFD Toolbox           |
|  \\    /   O peration     | Version:  2106                                  |
|   \\  /    A nd           | Website:  www.openfoam.com                      |
|    \\/     M anipulation  |                                                 |
\*---------------------------------------------------------------------------*/
FoamFile
{
    version     2.0;
    format      ascii;
    arch        "LSB;label=32;scalar=64";
    class       volScalarField;
    location    "0.48";
    object      p;
}
// * * * * * * * * * * * * * * * * * * * * * * * * * * * * * * * * * * * * * //

dimensions      [0 2 -2 0 0 0 0];

internalField   nonuniform List<scalar> 
10000
(
98.4406
97.86
97.4954
97.2288
97.0907
97.0907
97.2288
97.4954
97.86
98.4406
89.3253
88.4775
87.9192
87.5244
87.3211
87.3211
87.5244
87.9192
88.4775
89.3253
81.7573
80.7817
80.145
79.7014
79.4738
79.4738
79.7014
80.145
80.7817
81.7573
76.5319
75.5297
74.8839
74.4407
74.2136
74.2136
74.4407
74.8839
75.5297
76.5319
72.6109
71.616
70.9782
70.5491
70.3293
70.3293
70.5491
70.9782
71.616
72.611
69.4354
68.4676
67.8457
67.4374
67.2288
67.2288
67.4374
67.8457
68.4676
69.4354
66.8165
65.8966
65.3001
64.9191
64.7252
64.7252
64.9192
65.3002
65.8966
66.8165
64.6479
63.7993
63.2407
62.8924
62.7158
62.7158
62.8924
63.2407
63.7993
64.6479
62.8497
62.0886
61.5805
61.2696
61.1122
61.1122
61.2696
61.5805
62.0886
62.8497
61.4419
60.6813
60.2321
59.9589
59.8204
59.8204
59.9589
60.2321
60.6813
61.4419
62.5498
62.7222
62.9098
63.0363
63.1018
63.1018
63.0363
62.9098
62.7222
62.5498
62.9713
63.0657
63.1921
63.2732
63.3147
63.3147
63.2732
63.1921
63.0657
62.9713
62.9474
62.9445
62.997
63.0252
63.0392
63.0392
63.0252
62.997
62.9445
62.9475
62.5371
62.4441
62.4286
62.4102
62.4001
62.4001
62.4102
62.4286
62.4441
62.5371
61.9426
61.7757
61.7024
61.6465
61.6171
61.6171
61.6465
61.7024
61.7757
61.9426
61.2728
61.0503
60.9303
60.8464
60.8026
60.8026
60.8464
60.9303
61.0503
61.2728
60.5826
60.3246
60.1709
60.0687
60.0158
60.0158
60.0687
60.1709
60.3247
60.5826
59.9035
59.6338
59.4617
59.351
59.2939
59.2939
59.351
59.4617
59.6338
59.9035
59.2709
59.0055
58.827
58.7149
58.6568
58.6568
58.7149
58.827
59.0055
59.2709
58.7877
58.4409
58.2577
58.145
58.0864
58.0864
58.145
58.2577
58.4409
58.7877
57.9568
57.9424
57.9441
57.9406
57.9391
57.9391
57.9406
57.9441
57.9424
57.9568
58.3662
58.3495
58.3506
58.3454
58.3427
58.3427
58.3454
58.3506
58.3495
58.3662
58.7048
58.6697
58.6592
58.6444
58.6364
58.6364
58.6444
58.6592
58.6697
58.7048
58.757
58.6887
58.6562
58.6253
58.6089
58.6089
58.6253
58.6562
58.6887
58.757
58.6126
58.5091
58.4523
58.4055
58.3807
58.3807
58.4055
58.4523
58.5091
58.6126
58.3658
58.2319
58.1528
58.0926
58.061
58.061
58.0926
58.1528
58.2319
58.3659
58.0649
57.9087
57.8115
57.742
57.7056
57.7056
57.742
57.8115
57.9087
58.0649
57.7366
57.5702
57.4617
57.3873
57.3484
57.3484
57.3873
57.4617
57.5702
57.7366
57.4136
57.2447
57.1289
57.0522
57.0121
57.0121
57.0522
57.1289
57.2447
57.4137
57.1704
56.938
56.8119
56.7315
56.6897
56.6897
56.7315
56.8119
56.938
57.1704
53.2595
53.2792
53.3041
53.32
53.3284
53.3284
53.32
53.3041
53.2792
53.2595
53.4683
53.4917
53.5206
53.5388
53.5485
53.5485
53.5388
53.5206
53.4917
53.4683
53.6453
53.6665
53.695
53.7124
53.7215
53.7215
53.7124
53.695
53.6665
53.6453
53.7303
53.741
53.7627
53.7747
53.7809
53.7809
53.7747
53.7627
53.741
53.7303
53.7439
53.7403
53.7516
53.7561
53.7584
53.7584
53.7561
53.7516
53.7403
53.7439
53.7095
53.6912
53.6911
53.6879
53.6861
53.6861
53.6879
53.6911
53.6912
53.7095
53.6408
53.6097
53.5989
53.5891
53.5837
53.5837
53.5891
53.5989
53.6097
53.6408
53.5475
53.5084
53.4893
53.4744
53.4663
53.4663
53.4744
53.4893
53.5084
53.5475
53.4474
53.4025
53.3753
53.3558
53.3453
53.3453
53.3558
53.3753
53.4025
53.4474
53.3852
53.297
53.2561
53.2294
53.2152
53.2152
53.2294
53.2561
53.297
53.3852
50.0519
50.0519
50.0539
50.0539
50.054
50.054
50.0539
50.0539
50.0519
50.0519
50.1492
50.1528
50.1579
50.1601
50.1613
50.1613
50.1601
50.1579
50.1528
50.1492
50.2486
50.2536
50.2603
50.2633
50.2648
50.2648
50.2633
50.2603
50.2536
50.2486
50.3159
50.3189
50.3246
50.3264
50.3273
50.3273
50.3264
50.3246
50.3189
50.3159
50.3534
50.352
50.3548
50.3544
50.354
50.354
50.3544
50.3548
50.352
50.3534
50.3678
50.361
50.36
50.3569
50.355
50.355
50.3569
50.36
50.361
50.3678
50.3639
50.352
50.347
50.3413
50.338
50.338
50.3413
50.347
50.352
50.3639
50.3459
50.3304
50.322
50.3142
50.3098
50.3098
50.3142
50.322
50.3304
50.3459
50.3232
50.3043
50.2916
50.2814
50.2758
50.2758
50.2814
50.2916
50.3043
50.3232
50.3169
50.2754
50.2547
50.2405
50.2329
50.2329
50.2405
50.2548
50.2754
50.3169
46.7445
46.7475
46.7511
46.7533
46.7544
46.7544
46.7533
46.7511
46.7475
46.7445
46.7847
46.7894
46.7946
46.7979
46.7996
46.7996
46.7979
46.7946
46.7894
46.7847
46.8256
46.8314
46.8379
46.8418
46.8439
46.8439
46.8418
46.8379
46.8314
46.8256
46.8564
46.862
46.8686
46.8726
46.8746
46.8746
46.8726
46.8686
46.862
46.8564
46.8771
46.8816
46.8874
46.8907
46.8924
46.8924
46.8907
46.8874
46.8816
46.8771
46.8892
46.8918
46.8963
46.8985
46.8996
46.8996
46.8985
46.8963
46.8918
46.8892
46.8936
46.8941
46.8971
46.8981
46.8986
46.8986
46.8981
46.8971
46.8941
46.8936
46.8915
46.8904
46.8918
46.8917
46.8916
46.8916
46.8917
46.8918
46.8904
46.8915
46.8869
46.884
46.883
46.8815
46.8806
46.8806
46.8815
46.883
46.884
46.8869
46.8903
46.8759
46.8701
46.8659
46.8637
46.8637
46.8659
46.8701
46.8759
46.8903
43.5607
43.5611
43.5616
43.5618
43.5618
43.5618
43.5618
43.5616
43.5611
43.5607
43.5774
43.5787
43.58
43.5806
43.5809
43.5809
43.5806
43.58
43.5787
43.5774
43.5965
43.5985
43.6005
43.6015
43.6021
43.6021
43.6015
43.6005
43.5985
43.5965
43.6129
43.6152
43.6176
43.6188
43.6194
43.6194
43.6188
43.6176
43.6152
43.6129
43.6262
43.6284
43.6308
43.6319
43.6325
43.6325
43.6319
43.6308
43.6284
43.6262
43.6365
43.6384
43.6405
43.6414
43.6418
43.6418
43.6414
43.6405
43.6384
43.6365
43.644
43.6453
43.647
43.6476
43.6478
43.6478
43.6476
43.647
43.6453
43.644
43.649
43.6498
43.651
43.6513
43.6513
43.6513
43.6513
43.651
43.6498
43.649
43.6531
43.6532
43.6535
43.6531
43.6529
43.6529
43.6531
43.6535
43.6532
43.6531
43.6606
43.6557
43.6538
43.6522
43.6513
43.6513
43.6522
43.6538
43.6557
43.6606
40.3402
40.3408
40.3414
40.3418
40.342
40.342
40.3418
40.3414
40.3408
40.3402
40.3465
40.3475
40.3484
40.349
40.3493
40.3493
40.349
40.3484
40.3475
40.3465
40.3537
40.355
40.3562
40.357
40.3575
40.3575
40.357
40.3562
40.355
40.3537
40.3603
40.3618
40.3633
40.3642
40.3647
40.3647
40.3642
40.3633
40.3618
40.3603
40.366
40.3676
40.3692
40.3702
40.3707
40.3707
40.3702
40.3692
40.3676
40.366
40.3709
40.3724
40.374
40.3749
40.3753
40.3753
40.3749
40.374
40.3724
40.3709
40.3746
40.376
40.3775
40.3783
40.3787
40.3787
40.3783
40.3775
40.376
40.3746
40.3774
40.3786
40.3799
40.3806
40.3809
40.3809
40.3806
40.3799
40.3786
40.3774
40.3798
40.3807
40.3816
40.382
40.3821
40.3821
40.382
40.3816
40.3807
40.3798
40.3836
40.3824
40.3822
40.3819
40.3818
40.3818
40.3819
40.3822
40.3824
40.3836
37.1265
37.1266
37.1267
37.1267
37.1268
37.1268
37.1267
37.1267
37.1266
37.1265
37.1288
37.1291
37.1293
37.1294
37.1295
37.1295
37.1294
37.1293
37.1291
37.1288
37.1318
37.1322
37.1326
37.1328
37.133
37.133
37.1328
37.1326
37.1322
37.1318
37.1348
37.1354
37.136
37.1363
37.1364
37.1364
37.1363
37.136
37.1354
37.1348
37.1378
37.1385
37.1392
37.1395
37.1397
37.1397
37.1395
37.1392
37.1385
37.1378
37.1406
37.1414
37.1421
37.1425
37.1427
37.1427
37.1425
37.1421
37.1414
37.1406
37.1432
37.144
37.1447
37.1451
37.1453
37.1453
37.1451
37.1447
37.144
37.1432
37.1454
37.1462
37.147
37.1473
37.1475
37.1475
37.1473
37.147
37.1463
37.1454
37.1477
37.1484
37.149
37.1492
37.1493
37.1493
37.1492
37.149
37.1484
37.1477
37.1504
37.1504
37.1505
37.1505
37.1506
37.1506
37.1505
37.1505
37.1504
37.1504
33.9021
33.9022
33.9023
33.9023
33.9023
33.9023
33.9023
33.9023
33.9022
33.9021
33.9028
33.9029
33.9031
33.9032
33.9032
33.9032
33.9032
33.9031
33.9029
33.9028
33.9038
33.904
33.9042
33.9043
33.9044
33.9044
33.9043
33.9042
33.904
33.9038
33.9049
33.9052
33.9054
33.9056
33.9057
33.9057
33.9056
33.9054
33.9052
33.9049
33.906
33.9064
33.9067
33.9069
33.907
33.907
33.9069
33.9067
33.9064
33.906
33.9072
33.9076
33.908
33.9082
33.9083
33.9083
33.9082
33.908
33.9076
33.9072
33.9083
33.9087
33.9091
33.9094
33.9095
33.9095
33.9094
33.9091
33.9087
33.9083
33.9093
33.9097
33.9102
33.9104
33.9105
33.9105
33.9104
33.9102
33.9097
33.9093
33.9103
33.9107
33.9111
33.9113
33.9114
33.9114
33.9113
33.9111
33.9107
33.9103
33.9115
33.9116
33.9118
33.9119
33.9119
33.9119
33.9119
33.9118
33.9116
33.9115
30.6766
30.6766
30.6766
30.6766
30.6766
30.6766
30.6766
30.6766
30.6766
30.6766
30.6768
30.6768
30.6768
30.6769
30.6769
30.6769
30.6769
30.6768
30.6768
30.6768
30.6771
30.6772
30.6772
30.6773
30.6773
30.6773
30.6773
30.6772
30.6772
30.6771
30.6776
30.6777
30.6778
30.6778
30.6779
30.6779
30.6778
30.6778
30.6777
30.6776
30.6781
30.6783
30.6784
30.6785
30.6785
30.6785
30.6785
30.6784
30.6783
30.6781
30.6787
30.6789
30.679
30.6791
30.6792
30.6792
30.6791
30.679
30.6789
30.6787
30.6793
30.6795
30.6797
30.6798
30.6798
30.6798
30.6798
30.6797
30.6795
30.6793
30.6799
30.6801
30.6803
30.6804
30.6805
30.6805
30.6804
30.6803
30.6801
30.6799
30.6805
30.6807
30.6809
30.681
30.6811
30.6811
30.681
30.6809
30.6807
30.6805
30.6812
30.6813
30.6815
30.6815
30.6816
30.6816
30.6815
30.6815
30.6813
30.6812
27.4485
27.4485
27.4485
27.4485
27.4485
27.4485
27.4485
27.4485
27.4485
27.4485
27.4485
27.4485
27.4485
27.4486
27.4486
27.4486
27.4486
27.4485
27.4485
27.4485
27.4486
27.4486
27.4486
27.4487
27.4487
27.4487
27.4487
27.4486
27.4486
27.4486
27.4487
27.4488
27.4488
27.4488
27.4488
27.4488
27.4488
27.4488
27.4488
27.4487
27.4489
27.449
27.449
27.4491
27.4491
27.4491
27.4491
27.449
27.449
27.4489
27.4491
27.4492
27.4493
27.4493
27.4493
27.4493
27.4493
27.4493
27.4492
27.4491
27.4493
27.4495
27.4495
27.4496
27.4496
27.4496
27.4496
27.4495
27.4495
27.4493
27.4496
27.4497
27.4498
27.4499
27.4499
27.4499
27.4499
27.4498
27.4497
27.4496
27.4498
27.45
27.4501
27.4501
27.4501
27.4501
27.4501
27.4501
27.45
27.4498
27.4501
27.4502
27.4503
27.4503
27.4504
27.4504
27.4503
27.4503
27.4502
27.4501
24.2199
24.2199
24.2199
24.2199
24.2199
24.2199
24.2199
24.2199
24.2199
24.2199
24.2199
24.2199
24.2199
24.2199
24.2199
24.2199
24.2199
24.2199
24.2199
24.2199
24.2199
24.2199
24.2199
24.2199
24.2199
24.2199
24.2199
24.2199
24.2199
24.2199
24.2199
24.22
24.22
24.22
24.22
24.22
24.22
24.22
24.22
24.2199
24.22
24.22
24.2201
24.2201
24.2201
24.2201
24.2201
24.2201
24.22
24.22
24.2201
24.2201
24.2202
24.2202
24.2202
24.2202
24.2202
24.2202
24.2202
24.2201
24.2202
24.2203
24.2203
24.2203
24.2203
24.2203
24.2203
24.2203
24.2203
24.2202
24.2204
24.2204
24.2204
24.2205
24.2205
24.2205
24.2205
24.2204
24.2204
24.2204
24.2205
24.2205
24.2206
24.2206
24.2206
24.2206
24.2206
24.2206
24.2205
24.2205
24.2206
24.2207
24.2207
24.2207
24.2208
24.2208
24.2207
24.2207
24.2207
24.2206
20.9908
20.9908
20.9908
20.9908
20.9908
20.9908
20.9908
20.9908
20.9908
20.9908
20.9907
20.9907
20.9907
20.9907
20.9907
20.9907
20.9907
20.9907
20.9907
20.9907
20.9907
20.9907
20.9907
20.9907
20.9907
20.9907
20.9907
20.9907
20.9907
20.9907
20.9907
20.9907
20.9908
20.9908
20.9908
20.9908
20.9908
20.9908
20.9907
20.9907
20.9908
20.9908
20.9908
20.9908
20.9908
20.9908
20.9908
20.9908
20.9908
20.9908
20.9908
20.9908
20.9908
20.9908
20.9908
20.9908
20.9908
20.9908
20.9908
20.9908
20.9908
20.9909
20.9909
20.9909
20.9909
20.9909
20.9909
20.9909
20.9909
20.9908
20.9909
20.9909
20.9909
20.9909
20.9909
20.9909
20.9909
20.9909
20.9909
20.9909
20.9909
20.991
20.991
20.991
20.991
20.991
20.991
20.991
20.991
20.9909
20.991
20.991
20.991
20.991
20.9911
20.9911
20.991
20.991
20.991
20.991
17.7615
17.7615
17.7615
17.7615
17.7615
17.7615
17.7615
17.7615
17.7615
17.7615
17.7615
17.7615
17.7615
17.7615
17.7615
17.7615
17.7615
17.7615
17.7615
17.7615
17.7615
17.7615
17.7615
17.7615
17.7615
17.7615
17.7615
17.7615
17.7615
17.7615
17.7615
17.7615
17.7615
17.7615
17.7615
17.7615
17.7615
17.7615
17.7615
17.7615
17.7615
17.7615
17.7615
17.7615
17.7615
17.7615
17.7615
17.7615
17.7615
17.7615
17.7615
17.7615
17.7615
17.7615
17.7615
17.7615
17.7615
17.7615
17.7615
17.7615
17.7615
17.7615
17.7616
17.7616
17.7616
17.7616
17.7616
17.7616
17.7615
17.7615
17.7616
17.7616
17.7616
17.7616
17.7616
17.7616
17.7616
17.7616
17.7616
17.7616
17.7616
17.7616
17.7616
17.7616
17.7616
17.7616
17.7616
17.7616
17.7616
17.7616
17.7616
17.7616
17.7616
17.7616
17.7616
17.7616
17.7616
17.7616
17.7616
17.7616
14.5322
14.5322
14.5322
14.5322
14.5322
14.5322
14.5322
14.5322
14.5322
14.5322
14.5322
14.5322
14.5322
14.5322
14.5322
14.5322
14.5322
14.5322
14.5322
14.5322
14.5322
14.5322
14.5322
14.5322
14.5322
14.5322
14.5322
14.5322
14.5322
14.5322
14.5322
14.5322
14.5322
14.5322
14.5322
14.5322
14.5322
14.5322
14.5322
14.5322
14.5322
14.5322
14.5322
14.5322
14.5322
14.5322
14.5322
14.5322
14.5322
14.5322
14.5322
14.5322
14.5322
14.5322
14.5322
14.5322
14.5322
14.5322
14.5322
14.5322
14.5322
14.5322
14.5322
14.5322
14.5322
14.5322
14.5322
14.5322
14.5322
14.5322
14.5322
14.5322
14.5322
14.5322
14.5322
14.5322
14.5322
14.5322
14.5322
14.5322
14.5322
14.5322
14.5322
14.5322
14.5322
14.5322
14.5322
14.5322
14.5322
14.5322
14.5322
14.5322
14.5322
14.5322
14.5322
14.5322
14.5322
14.5322
14.5322
14.5322
11.3028
11.3028
11.3028
11.3028
11.3028
11.3028
11.3028
11.3028
11.3028
11.3028
11.3028
11.3028
11.3028
11.3028
11.3028
11.3028
11.3028
11.3028
11.3028
11.3028
11.3028
11.3028
11.3028
11.3028
11.3028
11.3028
11.3028
11.3028
11.3028
11.3028
11.3028
11.3028
11.3028
11.3028
11.3028
11.3028
11.3028
11.3028
11.3028
11.3028
11.3028
11.3028
11.3028
11.3028
11.3028
11.3028
11.3028
11.3028
11.3028
11.3028
11.3028
11.3028
11.3028
11.3028
11.3028
11.3028
11.3028
11.3028
11.3028
11.3028
11.3028
11.3028
11.3028
11.3028
11.3028
11.3028
11.3028
11.3028
11.3028
11.3028
11.3028
11.3028
11.3028
11.3028
11.3028
11.3028
11.3028
11.3028
11.3028
11.3028
11.3028
11.3028
11.3028
11.3028
11.3028
11.3028
11.3028
11.3028
11.3028
11.3028
11.3028
11.3028
11.3028
11.3028
11.3028
11.3028
11.3028
11.3028
11.3028
11.3028
8.07344
8.07344
8.07344
8.07344
8.07344
8.07344
8.07344
8.07344
8.07344
8.07344
8.07344
8.07344
8.07344
8.07344
8.07344
8.07344
8.07344
8.07344
8.07344
8.07344
8.07344
8.07344
8.07344
8.07344
8.07344
8.07344
8.07344
8.07344
8.07344
8.07344
8.07344
8.07344
8.07344
8.07344
8.07344
8.07344
8.07344
8.07344
8.07344
8.07344
8.07344
8.07344
8.07344
8.07344
8.07344
8.07344
8.07344
8.07344
8.07344
8.07344
8.07344
8.07344
8.07344
8.07344
8.07344
8.07344
8.07344
8.07344
8.07344
8.07344
8.07344
8.07344
8.07344
8.07344
8.07344
8.07344
8.07344
8.07344
8.07344
8.07344
8.07344
8.07344
8.07344
8.07344
8.07344
8.07344
8.07344
8.07344
8.07344
8.07344
8.07344
8.07344
8.07344
8.07344
8.07344
8.07344
8.07344
8.07344
8.07344
8.07344
8.07344
8.07344
8.07344
8.07344
8.07344
8.07344
8.07344
8.07344
8.07344
8.07344
4.84406
4.84406
4.84406
4.84406
4.84406
4.84406
4.84406
4.84406
4.84406
4.84406
4.84406
4.84406
4.84406
4.84406
4.84406
4.84406
4.84406
4.84406
4.84406
4.84406
4.84406
4.84406
4.84406
4.84406
4.84406
4.84406
4.84406
4.84406
4.84406
4.84406
4.84406
4.84406
4.84406
4.84406
4.84406
4.84406
4.84406
4.84406
4.84406
4.84406
4.84406
4.84406
4.84406
4.84406
4.84406
4.84406
4.84406
4.84406
4.84406
4.84406
4.84406
4.84406
4.84406
4.84406
4.84406
4.84406
4.84406
4.84406
4.84406
4.84406
4.84406
4.84406
4.84406
4.84406
4.84406
4.84406
4.84406
4.84406
4.84406
4.84406
4.84406
4.84406
4.84406
4.84406
4.84406
4.84406
4.84406
4.84406
4.84406
4.84406
4.84406
4.84406
4.84406
4.84406
4.84406
4.84406
4.84406
4.84406
4.84406
4.84406
4.84406
4.84406
4.84406
4.84406
4.84406
4.84406
4.84406
4.84406
4.84406
4.84406
1.61469
1.61469
1.61469
1.61469
1.61469
1.61469
1.61469
1.61469
1.61469
1.61469
1.61469
1.61469
1.61469
1.61469
1.61469
1.61469
1.61469
1.61469
1.61469
1.61469
1.61469
1.61469
1.61469
1.61469
1.61469
1.61469
1.61469
1.61469
1.61469
1.61469
1.61469
1.61469
1.61469
1.61469
1.61469
1.61469
1.61469
1.61469
1.61469
1.61469
1.61469
1.61469
1.61469
1.61469
1.61469
1.61469
1.61469
1.61469
1.61469
1.61469
1.61469
1.61469
1.61468
1.61468
1.61468
1.61468
1.61468
1.61468
1.61468
1.61469
1.61468
1.61468
1.61468
1.61468
1.61468
1.61468
1.61468
1.61468
1.61468
1.61468
1.61468
1.61468
1.61468
1.61468
1.61468
1.61468
1.61468
1.61468
1.61468
1.61468
1.61468
1.61468
1.61468
1.61468
1.61468
1.61468
1.61468
1.61468
1.61468
1.61468
1.61468
1.61468
1.61468
1.61468
1.61468
1.61468
1.61468
1.61468
1.61468
1.61468
98.4406
97.86
97.4954
97.2288
97.0907
97.0907
97.2288
97.4954
97.86
98.4406
89.3253
88.4775
87.9192
87.5245
87.3211
87.3211
87.5245
87.9192
88.4775
89.3253
81.7573
80.7817
80.145
79.7014
79.4738
79.4738
79.7014
80.145
80.7817
81.7573
76.5319
75.5297
74.884
74.4407
74.2136
74.2136
74.4407
74.884
75.5297
76.5319
72.611
71.616
70.9782
70.5491
70.3293
70.3293
70.5491
70.9782
71.616
72.611
69.4354
68.4676
67.8457
67.4375
67.2288
67.2288
67.4375
67.8457
68.4676
69.4354
66.8165
65.8966
65.3002
64.9192
64.7252
64.7252
64.9192
65.3002
65.8966
66.8165
64.6479
63.7993
63.2407
62.8924
62.7158
62.7158
62.8924
63.2407
63.7993
64.6479
62.8497
62.0886
61.5805
61.2696
61.1122
61.1122
61.2696
61.5805
62.0886
62.8497
61.4419
60.6813
60.2321
59.9589
59.8204
59.8204
59.9589
60.2321
60.6813
61.4419
62.5498
62.7222
62.9098
63.0363
63.1018
63.1018
63.0363
62.9098
62.7222
62.5498
62.9713
63.0657
63.1921
63.2732
63.3147
63.3147
63.2732
63.1921
63.0657
62.9713
62.9475
62.9445
62.997
63.0252
63.0392
63.0392
63.0252
62.997
62.9445
62.9475
62.5371
62.4441
62.4286
62.4102
62.4001
62.4001
62.4102
62.4286
62.4441
62.5371
61.9426
61.7757
61.7024
61.6465
61.6171
61.6171
61.6465
61.7024
61.7757
61.9426
61.2728
61.0503
60.9303
60.8464
60.8026
60.8026
60.8464
60.9303
61.0503
61.2728
60.5826
60.3247
60.1709
60.0687
60.0158
60.0158
60.0687
60.1709
60.3247
60.5826
59.9035
59.6338
59.4617
59.351
59.2939
59.2939
59.351
59.4617
59.6338
59.9035
59.2709
59.0055
58.827
58.7149
58.6568
58.6568
58.7149
58.827
59.0055
59.2709
58.7877
58.4409
58.2577
58.145
58.0864
58.0864
58.145
58.2577
58.4409
58.7877
57.9568
57.9424
57.9441
57.9406
57.9391
57.9391
57.9407
57.9441
57.9424
57.9568
58.3662
58.3495
58.3506
58.3454
58.3427
58.3427
58.3454
58.3506
58.3495
58.3662
58.7048
58.6697
58.6593
58.6444
58.6364
58.6364
58.6444
58.6593
58.6697
58.7048
58.757
58.6887
58.6562
58.6253
58.6089
58.6089
58.6253
58.6562
58.6887
58.757
58.6126
58.5091
58.4523
58.4055
58.3807
58.3807
58.4055
58.4523
58.5091
58.6126
58.3659
58.2319
58.1528
58.0927
58.061
58.061
58.0927
58.1528
58.2319
58.3659
58.0649
57.9087
57.8115
57.742
57.7056
57.7056
57.742
57.8115
57.9087
58.0649
57.7366
57.5702
57.4617
57.3873
57.3484
57.3484
57.3873
57.4617
57.5702
57.7366
57.4137
57.2447
57.1289
57.0522
57.0121
57.0121
57.0522
57.1289
57.2447
57.4137
57.1704
56.938
56.8119
56.7315
56.6898
56.6898
56.7315
56.8119
56.938
57.1704
53.2595
53.2792
53.3041
53.32
53.3284
53.3284
53.32
53.3041
53.2792
53.2595
53.4683
53.4918
53.5206
53.5388
53.5485
53.5485
53.5388
53.5206
53.4918
53.4683
53.6453
53.6665
53.695
53.7124
53.7215
53.7215
53.7124
53.695
53.6665
53.6453
53.7303
53.741
53.7627
53.7747
53.7809
53.7809
53.7747
53.7627
53.741
53.7303
53.7439
53.7403
53.7516
53.7561
53.7584
53.7584
53.7561
53.7516
53.7403
53.7439
53.7095
53.6912
53.6911
53.6879
53.6861
53.6861
53.6879
53.6911
53.6912
53.7095
53.6409
53.6097
53.5989
53.5891
53.5837
53.5837
53.5891
53.5989
53.6097
53.6409
53.5475
53.5084
53.4893
53.4744
53.4663
53.4663
53.4744
53.4893
53.5084
53.5475
53.4474
53.4025
53.3753
53.3558
53.3453
53.3453
53.3558
53.3753
53.4025
53.4474
53.3852
53.297
53.2561
53.2294
53.2153
53.2153
53.2294
53.2561
53.297
53.3852
50.0519
50.0519
50.0539
50.0539
50.054
50.054
50.0539
50.0539
50.0519
50.0519
50.1492
50.1528
50.158
50.1601
50.1613
50.1613
50.1601
50.158
50.1528
50.1492
50.2486
50.2536
50.2603
50.2633
50.2648
50.2648
50.2633
50.2603
50.2536
50.2486
50.3159
50.3189
50.3246
50.3264
50.3273
50.3273
50.3264
50.3246
50.3189
50.3159
50.3534
50.352
50.3548
50.3544
50.354
50.354
50.3544
50.3548
50.352
50.3534
50.3678
50.361
50.36
50.3569
50.355
50.355
50.3569
50.36
50.361
50.3678
50.3639
50.352
50.347
50.3413
50.338
50.338
50.3413
50.347
50.352
50.3639
50.3459
50.3304
50.322
50.3142
50.3098
50.3098
50.3142
50.322
50.3304
50.3459
50.3232
50.3043
50.2916
50.2814
50.2758
50.2758
50.2814
50.2916
50.3043
50.3232
50.3169
50.2754
50.2548
50.2405
50.2329
50.2329
50.2405
50.2548
50.2754
50.3169
46.7445
46.7475
46.7511
46.7533
46.7544
46.7544
46.7533
46.7511
46.7475
46.7445
46.7847
46.7894
46.7946
46.7979
46.7996
46.7996
46.7979
46.7947
46.7894
46.7847
46.8256
46.8314
46.8379
46.8418
46.8439
46.8439
46.8418
46.8379
46.8314
46.8256
46.8564
46.862
46.8686
46.8726
46.8746
46.8746
46.8726
46.8686
46.862
46.8564
46.8771
46.8816
46.8874
46.8907
46.8924
46.8924
46.8907
46.8874
46.8816
46.8771
46.8892
46.8918
46.8963
46.8985
46.8996
46.8996
46.8985
46.8963
46.8918
46.8892
46.8936
46.8941
46.8971
46.8981
46.8986
46.8986
46.8981
46.8971
46.8941
46.8936
46.8915
46.8904
46.8918
46.8917
46.8916
46.8916
46.8917
46.8918
46.8904
46.8915
46.8869
46.884
46.883
46.8815
46.8806
46.8806
46.8815
46.883
46.884
46.8869
46.8903
46.8759
46.8701
46.8659
46.8637
46.8637
46.8659
46.8701
46.8759
46.8903
43.5607
43.5611
43.5616
43.5618
43.5618
43.5618
43.5618
43.5616
43.5611
43.5607
43.5774
43.5787
43.58
43.5806
43.5809
43.5809
43.5806
43.58
43.5787
43.5774
43.5965
43.5985
43.6005
43.6015
43.6021
43.6021
43.6015
43.6005
43.5985
43.5965
43.6129
43.6152
43.6176
43.6188
43.6194
43.6194
43.6188
43.6176
43.6152
43.6129
43.6262
43.6284
43.6308
43.6319
43.6325
43.6325
43.6319
43.6308
43.6284
43.6262
43.6365
43.6384
43.6405
43.6414
43.6418
43.6418
43.6414
43.6405
43.6384
43.6365
43.644
43.6453
43.647
43.6476
43.6478
43.6478
43.6476
43.647
43.6453
43.644
43.649
43.6498
43.651
43.6513
43.6513
43.6513
43.6513
43.651
43.6498
43.649
43.6531
43.6532
43.6535
43.6531
43.6529
43.6529
43.6531
43.6535
43.6532
43.6531
43.6606
43.6557
43.6538
43.6522
43.6513
43.6513
43.6522
43.6538
43.6557
43.6606
40.3402
40.3408
40.3414
40.3418
40.342
40.342
40.3418
40.3414
40.3408
40.3402
40.3465
40.3475
40.3484
40.349
40.3493
40.3493
40.349
40.3484
40.3475
40.3465
40.3537
40.355
40.3562
40.357
40.3575
40.3575
40.357
40.3562
40.355
40.3537
40.3603
40.3618
40.3633
40.3642
40.3647
40.3647
40.3642
40.3633
40.3618
40.3603
40.366
40.3676
40.3692
40.3702
40.3707
40.3707
40.3702
40.3692
40.3676
40.366
40.3709
40.3724
40.374
40.3749
40.3753
40.3753
40.3749
40.374
40.3724
40.3709
40.3746
40.376
40.3775
40.3783
40.3787
40.3787
40.3783
40.3775
40.376
40.3746
40.3774
40.3786
40.3799
40.3806
40.3809
40.3809
40.3806
40.3799
40.3786
40.3774
40.3798
40.3807
40.3816
40.382
40.3821
40.3821
40.382
40.3816
40.3807
40.3798
40.3836
40.3824
40.3822
40.3819
40.3818
40.3818
40.3819
40.3822
40.3824
40.3836
37.1265
37.1266
37.1267
37.1267
37.1268
37.1268
37.1267
37.1267
37.1266
37.1265
37.1288
37.1291
37.1293
37.1294
37.1295
37.1295
37.1294
37.1293
37.1291
37.1288
37.1318
37.1322
37.1326
37.1328
37.133
37.133
37.1328
37.1326
37.1322
37.1318
37.1348
37.1354
37.136
37.1363
37.1364
37.1364
37.1363
37.136
37.1354
37.1348
37.1378
37.1385
37.1392
37.1395
37.1397
37.1397
37.1395
37.1392
37.1385
37.1378
37.1406
37.1414
37.1421
37.1425
37.1427
37.1427
37.1425
37.1421
37.1414
37.1406
37.1432
37.144
37.1447
37.1451
37.1453
37.1453
37.1451
37.1447
37.144
37.1432
37.1454
37.1463
37.147
37.1473
37.1475
37.1475
37.1473
37.147
37.1463
37.1454
37.1477
37.1484
37.149
37.1492
37.1493
37.1493
37.1492
37.149
37.1484
37.1477
37.1504
37.1504
37.1505
37.1505
37.1506
37.1506
37.1505
37.1505
37.1504
37.1504
33.9021
33.9022
33.9023
33.9023
33.9024
33.9024
33.9023
33.9023
33.9022
33.9021
33.9028
33.9029
33.9031
33.9032
33.9032
33.9032
33.9032
33.9031
33.9029
33.9028
33.9038
33.904
33.9042
33.9043
33.9044
33.9044
33.9043
33.9042
33.904
33.9038
33.9049
33.9052
33.9054
33.9056
33.9057
33.9057
33.9056
33.9054
33.9052
33.9049
33.906
33.9064
33.9067
33.9069
33.9071
33.9071
33.9069
33.9067
33.9064
33.906
33.9072
33.9076
33.908
33.9082
33.9083
33.9083
33.9082
33.908
33.9076
33.9072
33.9083
33.9087
33.9091
33.9094
33.9095
33.9095
33.9094
33.9091
33.9087
33.9083
33.9093
33.9097
33.9102
33.9104
33.9105
33.9105
33.9104
33.9102
33.9097
33.9093
33.9103
33.9107
33.9111
33.9113
33.9114
33.9114
33.9113
33.9111
33.9107
33.9103
33.9115
33.9116
33.9118
33.9119
33.9119
33.9119
33.9119
33.9118
33.9116
33.9115
30.6766
30.6766
30.6766
30.6766
30.6766
30.6766
30.6766
30.6766
30.6766
30.6766
30.6768
30.6768
30.6768
30.6769
30.6769
30.6769
30.6769
30.6768
30.6768
30.6768
30.6771
30.6772
30.6772
30.6773
30.6773
30.6773
30.6773
30.6772
30.6772
30.6771
30.6776
30.6777
30.6778
30.6778
30.6779
30.6779
30.6778
30.6778
30.6777
30.6776
30.6781
30.6783
30.6784
30.6785
30.6785
30.6785
30.6785
30.6784
30.6783
30.6781
30.6787
30.6789
30.679
30.6791
30.6792
30.6792
30.6791
30.679
30.6789
30.6787
30.6793
30.6795
30.6797
30.6798
30.6798
30.6798
30.6798
30.6797
30.6795
30.6793
30.6799
30.6801
30.6803
30.6804
30.6805
30.6805
30.6804
30.6803
30.6801
30.6799
30.6805
30.6807
30.6809
30.681
30.6811
30.6811
30.681
30.6809
30.6807
30.6805
30.6812
30.6813
30.6815
30.6815
30.6816
30.6816
30.6815
30.6815
30.6813
30.6812
27.4485
27.4485
27.4485
27.4485
27.4485
27.4485
27.4485
27.4485
27.4485
27.4485
27.4485
27.4485
27.4485
27.4486
27.4486
27.4486
27.4486
27.4485
27.4485
27.4485
27.4486
27.4486
27.4486
27.4487
27.4487
27.4487
27.4487
27.4486
27.4486
27.4486
27.4487
27.4488
27.4488
27.4488
27.4489
27.4489
27.4488
27.4488
27.4488
27.4487
27.4489
27.449
27.449
27.4491
27.4491
27.4491
27.4491
27.449
27.449
27.4489
27.4491
27.4492
27.4493
27.4493
27.4493
27.4493
27.4493
27.4493
27.4492
27.4491
27.4493
27.4495
27.4495
27.4496
27.4496
27.4496
27.4496
27.4495
27.4495
27.4493
27.4496
27.4497
27.4498
27.4499
27.4499
27.4499
27.4499
27.4498
27.4497
27.4496
27.4498
27.45
27.4501
27.4501
27.4501
27.4501
27.4501
27.4501
27.45
27.4498
27.4501
27.4502
27.4503
27.4503
27.4504
27.4504
27.4503
27.4503
27.4502
27.4501
24.2199
24.2199
24.2199
24.2199
24.2199
24.2199
24.2199
24.2199
24.2199
24.2199
24.2199
24.2199
24.2199
24.2199
24.2199
24.2199
24.2199
24.2199
24.2199
24.2199
24.2199
24.2199
24.2199
24.2199
24.2199
24.2199
24.2199
24.2199
24.2199
24.2199
24.2199
24.22
24.22
24.22
24.22
24.22
24.22
24.22
24.22
24.2199
24.22
24.22
24.2201
24.2201
24.2201
24.2201
24.2201
24.2201
24.22
24.22
24.2201
24.2202
24.2202
24.2202
24.2202
24.2202
24.2202
24.2202
24.2202
24.2201
24.2202
24.2203
24.2203
24.2203
24.2203
24.2203
24.2203
24.2203
24.2203
24.2202
24.2204
24.2204
24.2204
24.2205
24.2205
24.2205
24.2205
24.2204
24.2204
24.2204
24.2205
24.2205
24.2206
24.2206
24.2206
24.2206
24.2206
24.2206
24.2205
24.2205
24.2206
24.2207
24.2207
24.2207
24.2208
24.2208
24.2207
24.2207
24.2207
24.2206
20.9908
20.9908
20.9908
20.9908
20.9908
20.9908
20.9908
20.9908
20.9908
20.9908
20.9907
20.9907
20.9907
20.9907
20.9907
20.9907
20.9907
20.9907
20.9907
20.9907
20.9907
20.9907
20.9907
20.9907
20.9907
20.9907
20.9907
20.9907
20.9907
20.9907
20.9907
20.9907
20.9908
20.9908
20.9908
20.9908
20.9908
20.9908
20.9907
20.9907
20.9908
20.9908
20.9908
20.9908
20.9908
20.9908
20.9908
20.9908
20.9908
20.9908
20.9908
20.9908
20.9908
20.9908
20.9908
20.9908
20.9908
20.9908
20.9908
20.9908
20.9908
20.9909
20.9909
20.9909
20.9909
20.9909
20.9909
20.9909
20.9909
20.9908
20.9909
20.9909
20.9909
20.9909
20.9909
20.9909
20.9909
20.9909
20.9909
20.9909
20.9909
20.991
20.991
20.991
20.991
20.991
20.991
20.991
20.991
20.9909
20.991
20.991
20.991
20.991
20.9911
20.9911
20.991
20.991
20.991
20.991
17.7615
17.7615
17.7615
17.7615
17.7615
17.7615
17.7615
17.7615
17.7615
17.7615
17.7615
17.7615
17.7615
17.7615
17.7615
17.7615
17.7615
17.7615
17.7615
17.7615
17.7615
17.7615
17.7615
17.7615
17.7615
17.7615
17.7615
17.7615
17.7615
17.7615
17.7615
17.7615
17.7615
17.7615
17.7615
17.7615
17.7615
17.7615
17.7615
17.7615
17.7615
17.7615
17.7615
17.7615
17.7615
17.7615
17.7615
17.7615
17.7615
17.7615
17.7615
17.7615
17.7615
17.7615
17.7615
17.7615
17.7615
17.7615
17.7615
17.7615
17.7615
17.7615
17.7616
17.7616
17.7616
17.7616
17.7616
17.7616
17.7615
17.7615
17.7616
17.7616
17.7616
17.7616
17.7616
17.7616
17.7616
17.7616
17.7616
17.7616
17.7616
17.7616
17.7616
17.7616
17.7616
17.7616
17.7616
17.7616
17.7616
17.7616
17.7616
17.7616
17.7616
17.7616
17.7616
17.7616
17.7616
17.7616
17.7616
17.7616
14.5322
14.5322
14.5322
14.5322
14.5322
14.5322
14.5322
14.5322
14.5322
14.5322
14.5322
14.5322
14.5322
14.5322
14.5322
14.5322
14.5322
14.5322
14.5322
14.5322
14.5322
14.5322
14.5322
14.5322
14.5322
14.5322
14.5322
14.5322
14.5322
14.5322
14.5322
14.5322
14.5322
14.5322
14.5322
14.5322
14.5322
14.5322
14.5322
14.5322
14.5322
14.5322
14.5322
14.5322
14.5322
14.5322
14.5322
14.5322
14.5322
14.5322
14.5322
14.5322
14.5322
14.5322
14.5322
14.5322
14.5322
14.5322
14.5322
14.5322
14.5322
14.5322
14.5322
14.5322
14.5322
14.5322
14.5322
14.5322
14.5322
14.5322
14.5322
14.5322
14.5322
14.5322
14.5322
14.5322
14.5322
14.5322
14.5322
14.5322
14.5322
14.5322
14.5322
14.5322
14.5322
14.5322
14.5322
14.5322
14.5322
14.5322
14.5322
14.5322
14.5322
14.5322
14.5322
14.5322
14.5322
14.5322
14.5322
14.5322
11.3028
11.3028
11.3028
11.3028
11.3028
11.3028
11.3028
11.3028
11.3028
11.3028
11.3028
11.3028
11.3028
11.3028
11.3028
11.3028
11.3028
11.3028
11.3028
11.3028
11.3028
11.3028
11.3028
11.3028
11.3028
11.3028
11.3028
11.3028
11.3028
11.3028
11.3028
11.3028
11.3028
11.3028
11.3028
11.3028
11.3028
11.3028
11.3028
11.3028
11.3028
11.3028
11.3028
11.3028
11.3028
11.3028
11.3028
11.3028
11.3028
11.3028
11.3028
11.3028
11.3028
11.3028
11.3028
11.3028
11.3028
11.3028
11.3028
11.3028
11.3028
11.3028
11.3028
11.3028
11.3028
11.3028
11.3028
11.3028
11.3028
11.3028
11.3028
11.3028
11.3028
11.3028
11.3028
11.3028
11.3028
11.3028
11.3028
11.3028
11.3028
11.3028
11.3028
11.3028
11.3028
11.3028
11.3028
11.3028
11.3028
11.3028
11.3028
11.3028
11.3028
11.3028
11.3028
11.3028
11.3028
11.3028
11.3028
11.3028
8.07344
8.07344
8.07344
8.07344
8.07344
8.07344
8.07344
8.07344
8.07344
8.07344
8.07344
8.07344
8.07344
8.07344
8.07344
8.07344
8.07344
8.07344
8.07344
8.07344
8.07344
8.07344
8.07344
8.07344
8.07344
8.07344
8.07344
8.07344
8.07344
8.07344
8.07344
8.07344
8.07344
8.07344
8.07344
8.07344
8.07344
8.07344
8.07344
8.07344
8.07344
8.07344
8.07344
8.07344
8.07344
8.07344
8.07344
8.07344
8.07344
8.07344
8.07344
8.07344
8.07344
8.07344
8.07344
8.07344
8.07344
8.07344
8.07344
8.07344
8.07344
8.07344
8.07344
8.07344
8.07344
8.07344
8.07344
8.07344
8.07344
8.07344
8.07344
8.07344
8.07344
8.07344
8.07344
8.07344
8.07344
8.07344
8.07344
8.07344
8.07344
8.07344
8.07344
8.07344
8.07344
8.07344
8.07344
8.07344
8.07344
8.07344
8.07344
8.07344
8.07344
8.07344
8.07344
8.07344
8.07344
8.07344
8.07344
8.07344
4.84406
4.84406
4.84406
4.84406
4.84406
4.84406
4.84406
4.84406
4.84406
4.84406
4.84406
4.84406
4.84406
4.84406
4.84406
4.84406
4.84406
4.84406
4.84406
4.84406
4.84406
4.84406
4.84406
4.84406
4.84406
4.84406
4.84406
4.84406
4.84406
4.84406
4.84406
4.84406
4.84406
4.84406
4.84406
4.84406
4.84406
4.84406
4.84406
4.84406
4.84406
4.84406
4.84406
4.84406
4.84406
4.84406
4.84406
4.84406
4.84406
4.84406
4.84406
4.84406
4.84406
4.84406
4.84406
4.84406
4.84406
4.84406
4.84406
4.84406
4.84406
4.84406
4.84406
4.84406
4.84406
4.84406
4.84406
4.84406
4.84406
4.84406
4.84406
4.84406
4.84406
4.84406
4.84406
4.84406
4.84406
4.84406
4.84406
4.84406
4.84406
4.84406
4.84406
4.84406
4.84406
4.84406
4.84406
4.84406
4.84406
4.84406
4.84406
4.84406
4.84406
4.84406
4.84406
4.84406
4.84406
4.84406
4.84406
4.84406
1.61469
1.61469
1.61469
1.61469
1.61469
1.61469
1.61469
1.61469
1.61469
1.61469
1.61469
1.61469
1.61469
1.61469
1.61469
1.61469
1.61469
1.61469
1.61469
1.61469
1.61469
1.61469
1.61469
1.61469
1.61469
1.61469
1.61469
1.61469
1.61469
1.61469
1.61469
1.61469
1.61469
1.61469
1.61469
1.61469
1.61469
1.61469
1.61469
1.61469
1.61469
1.61469
1.61469
1.61469
1.61469
1.61469
1.61469
1.61469
1.61469
1.61469
1.61469
1.61468
1.61468
1.61468
1.61468
1.61468
1.61468
1.61468
1.61468
1.61469
1.61468
1.61468
1.61468
1.61468
1.61468
1.61468
1.61468
1.61468
1.61468
1.61468
1.61468
1.61468
1.61468
1.61468
1.61468
1.61468
1.61468
1.61468
1.61468
1.61468
1.61468
1.61468
1.61468
1.61468
1.61468
1.61468
1.61468
1.61468
1.61468
1.61468
1.61468
1.61468
1.61468
1.61468
1.61468
1.61468
1.61468
1.61468
1.61468
1.61468
98.4406
97.86
97.4954
97.2288
97.0907
97.0907
97.2288
97.4954
97.86
98.4406
89.3253
88.4775
87.9192
87.5245
87.3211
87.3211
87.5245
87.9192
88.4775
89.3253
81.7573
80.7817
80.145
79.7014
79.4738
79.4738
79.7014
80.145
80.7817
81.7573
76.5319
75.5297
74.884
74.4407
74.2136
74.2136
74.4407
74.884
75.5297
76.5319
72.611
71.616
70.9782
70.5491
70.3293
70.3293
70.5491
70.9782
71.616
72.611
69.4354
68.4676
67.8457
67.4375
67.2288
67.2288
67.4375
67.8457
68.4676
69.4354
66.8165
65.8966
65.3002
64.9192
64.7252
64.7252
64.9192
65.3002
65.8966
66.8165
64.6479
63.7993
63.2407
62.8924
62.7158
62.7158
62.8924
63.2407
63.7993
64.6479
62.8497
62.0886
61.5805
61.2696
61.1122
61.1122
61.2696
61.5805
62.0886
62.8497
61.4419
60.6813
60.2321
59.9589
59.8204
59.8204
59.9589
60.2321
60.6813
61.4419
62.5498
62.7222
62.9098
63.0363
63.1018
63.1018
63.0363
62.9098
62.7222
62.5498
62.9713
63.0657
63.1921
63.2732
63.3147
63.3147
63.2732
63.1921
63.0657
62.9713
62.9475
62.9445
62.997
63.0252
63.0392
63.0392
63.0252
62.997
62.9445
62.9475
62.5371
62.4441
62.4286
62.4102
62.4001
62.4001
62.4102
62.4286
62.4441
62.5371
61.9426
61.7757
61.7024
61.6465
61.6171
61.6171
61.6465
61.7024
61.7757
61.9426
61.2728
61.0503
60.9303
60.8464
60.8026
60.8026
60.8464
60.9303
61.0503
61.2728
60.5826
60.3247
60.1709
60.0687
60.0158
60.0158
60.0687
60.1709
60.3247
60.5826
59.9035
59.6338
59.4617
59.351
59.2939
59.2939
59.351
59.4617
59.6338
59.9035
59.2709
59.0055
58.827
58.7149
58.6568
58.6568
58.7149
58.827
59.0055
59.2709
58.7877
58.4409
58.2577
58.145
58.0864
58.0864
58.145
58.2577
58.4409
58.7877
57.9568
57.9424
57.9441
57.9407
57.9391
57.9391
57.9406
57.9441
57.9424
57.9568
58.3662
58.3495
58.3506
58.3454
58.3427
58.3427
58.3454
58.3506
58.3495
58.3662
58.7048
58.6697
58.6593
58.6444
58.6364
58.6364
58.6444
58.6593
58.6697
58.7048
58.757
58.6887
58.6562
58.6253
58.6089
58.6089
58.6253
58.6562
58.6887
58.757
58.6126
58.5091
58.4523
58.4055
58.3807
58.3807
58.4055
58.4523
58.5091
58.6126
58.3659
58.2319
58.1528
58.0927
58.061
58.061
58.0927
58.1528
58.2319
58.3659
58.0649
57.9087
57.8115
57.742
57.7056
57.7056
57.742
57.8115
57.9087
58.0649
57.7366
57.5702
57.4617
57.3873
57.3484
57.3484
57.3873
57.4617
57.5702
57.7366
57.4137
57.2447
57.1289
57.0522
57.0121
57.0121
57.0522
57.1289
57.2447
57.4137
57.1704
56.938
56.8119
56.7315
56.6898
56.6898
56.7315
56.8119
56.938
57.1704
53.2595
53.2792
53.3041
53.32
53.3284
53.3284
53.32
53.3041
53.2792
53.2595
53.4683
53.4918
53.5206
53.5388
53.5485
53.5485
53.5388
53.5206
53.4918
53.4683
53.6453
53.6665
53.695
53.7124
53.7215
53.7215
53.7124
53.695
53.6665
53.6453
53.7303
53.741
53.7627
53.7747
53.7809
53.7809
53.7747
53.7627
53.741
53.7303
53.7439
53.7403
53.7516
53.7561
53.7584
53.7584
53.7561
53.7516
53.7403
53.7439
53.7095
53.6912
53.6911
53.6879
53.6861
53.6861
53.6879
53.6911
53.6912
53.7095
53.6409
53.6097
53.5989
53.5891
53.5837
53.5837
53.5891
53.5989
53.6097
53.6409
53.5475
53.5084
53.4893
53.4744
53.4663
53.4663
53.4744
53.4893
53.5084
53.5475
53.4474
53.4025
53.3753
53.3558
53.3453
53.3453
53.3558
53.3753
53.4025
53.4474
53.3852
53.297
53.2561
53.2294
53.2153
53.2153
53.2294
53.2561
53.297
53.3852
50.0519
50.0519
50.0539
50.0539
50.054
50.054
50.0539
50.0539
50.0519
50.0519
50.1492
50.1528
50.158
50.1601
50.1613
50.1613
50.1601
50.158
50.1528
50.1492
50.2486
50.2536
50.2603
50.2633
50.2648
50.2648
50.2633
50.2603
50.2536
50.2486
50.3159
50.3189
50.3246
50.3264
50.3273
50.3273
50.3264
50.3246
50.3189
50.3159
50.3534
50.352
50.3548
50.3544
50.354
50.354
50.3544
50.3548
50.352
50.3534
50.3678
50.361
50.36
50.3569
50.355
50.355
50.3569
50.36
50.361
50.3678
50.3639
50.352
50.347
50.3413
50.338
50.338
50.3413
50.347
50.352
50.3639
50.3459
50.3304
50.322
50.3142
50.3098
50.3098
50.3142
50.322
50.3304
50.3459
50.3232
50.3043
50.2916
50.2814
50.2758
50.2758
50.2814
50.2916
50.3043
50.3232
50.3169
50.2754
50.2548
50.2405
50.2329
50.2329
50.2405
50.2548
50.2754
50.3169
46.7445
46.7475
46.7511
46.7533
46.7544
46.7544
46.7533
46.7511
46.7475
46.7445
46.7847
46.7894
46.7947
46.7979
46.7996
46.7996
46.7979
46.7946
46.7894
46.7847
46.8256
46.8314
46.8379
46.8418
46.8439
46.8439
46.8418
46.8379
46.8314
46.8256
46.8564
46.862
46.8686
46.8726
46.8746
46.8746
46.8726
46.8686
46.862
46.8564
46.8771
46.8816
46.8874
46.8907
46.8924
46.8924
46.8907
46.8874
46.8816
46.8771
46.8892
46.8918
46.8963
46.8985
46.8996
46.8996
46.8985
46.8963
46.8918
46.8892
46.8936
46.8941
46.8971
46.8981
46.8986
46.8986
46.8981
46.8971
46.8941
46.8936
46.8915
46.8904
46.8918
46.8917
46.8916
46.8916
46.8917
46.8918
46.8904
46.8915
46.8869
46.884
46.883
46.8815
46.8806
46.8806
46.8815
46.883
46.884
46.8869
46.8903
46.8759
46.8701
46.8659
46.8637
46.8637
46.8659
46.8701
46.8759
46.8903
43.5607
43.5611
43.5616
43.5618
43.5618
43.5618
43.5618
43.5616
43.5611
43.5607
43.5774
43.5787
43.58
43.5806
43.5809
43.5809
43.5806
43.58
43.5787
43.5774
43.5965
43.5985
43.6005
43.6015
43.6021
43.6021
43.6015
43.6005
43.5985
43.5965
43.6129
43.6152
43.6176
43.6188
43.6194
43.6194
43.6188
43.6176
43.6152
43.6129
43.6262
43.6284
43.6308
43.6319
43.6325
43.6325
43.6319
43.6308
43.6284
43.6262
43.6365
43.6384
43.6405
43.6414
43.6418
43.6418
43.6414
43.6405
43.6384
43.6365
43.644
43.6453
43.647
43.6476
43.6478
43.6478
43.6476
43.647
43.6453
43.644
43.649
43.6498
43.651
43.6513
43.6513
43.6513
43.6513
43.651
43.6498
43.649
43.6531
43.6532
43.6535
43.6531
43.6529
43.6529
43.6531
43.6535
43.6532
43.6531
43.6606
43.6557
43.6538
43.6522
43.6513
43.6513
43.6522
43.6538
43.6557
43.6606
40.3402
40.3408
40.3414
40.3418
40.342
40.342
40.3418
40.3414
40.3408
40.3402
40.3465
40.3475
40.3484
40.349
40.3493
40.3493
40.349
40.3484
40.3475
40.3465
40.3537
40.355
40.3562
40.357
40.3575
40.3575
40.357
40.3562
40.355
40.3537
40.3603
40.3618
40.3633
40.3642
40.3647
40.3647
40.3642
40.3633
40.3618
40.3603
40.366
40.3676
40.3692
40.3702
40.3707
40.3707
40.3702
40.3692
40.3676
40.366
40.3709
40.3724
40.374
40.3749
40.3753
40.3753
40.3749
40.374
40.3724
40.3709
40.3746
40.376
40.3775
40.3783
40.3787
40.3787
40.3783
40.3775
40.376
40.3746
40.3774
40.3786
40.3799
40.3806
40.3809
40.3809
40.3806
40.3799
40.3786
40.3774
40.3798
40.3807
40.3816
40.382
40.3821
40.3821
40.382
40.3816
40.3807
40.3798
40.3836
40.3824
40.3822
40.3819
40.3818
40.3818
40.3819
40.3822
40.3824
40.3836
37.1265
37.1266
37.1267
37.1267
37.1268
37.1268
37.1267
37.1267
37.1266
37.1265
37.1288
37.1291
37.1293
37.1294
37.1295
37.1295
37.1294
37.1293
37.1291
37.1288
37.1318
37.1322
37.1326
37.1328
37.133
37.133
37.1328
37.1326
37.1322
37.1318
37.1348
37.1354
37.136
37.1363
37.1364
37.1364
37.1363
37.136
37.1354
37.1348
37.1378
37.1385
37.1392
37.1395
37.1397
37.1397
37.1395
37.1392
37.1385
37.1378
37.1406
37.1414
37.1421
37.1425
37.1427
37.1427
37.1425
37.1421
37.1414
37.1406
37.1432
37.144
37.1447
37.1451
37.1453
37.1453
37.1451
37.1447
37.144
37.1432
37.1454
37.1463
37.147
37.1473
37.1475
37.1475
37.1473
37.147
37.1463
37.1454
37.1477
37.1484
37.149
37.1492
37.1493
37.1493
37.1492
37.149
37.1484
37.1477
37.1504
37.1504
37.1505
37.1505
37.1506
37.1506
37.1505
37.1505
37.1504
37.1504
33.9021
33.9022
33.9023
33.9023
33.9024
33.9024
33.9023
33.9023
33.9022
33.9021
33.9028
33.9029
33.9031
33.9032
33.9032
33.9032
33.9032
33.9031
33.9029
33.9028
33.9038
33.904
33.9042
33.9043
33.9044
33.9044
33.9043
33.9042
33.904
33.9038
33.9049
33.9052
33.9054
33.9056
33.9057
33.9057
33.9056
33.9054
33.9052
33.9049
33.906
33.9064
33.9067
33.9069
33.9071
33.9071
33.9069
33.9067
33.9064
33.906
33.9072
33.9076
33.908
33.9082
33.9083
33.9083
33.9082
33.908
33.9076
33.9072
33.9083
33.9087
33.9091
33.9094
33.9095
33.9095
33.9094
33.9091
33.9087
33.9083
33.9093
33.9097
33.9102
33.9104
33.9105
33.9105
33.9104
33.9102
33.9097
33.9093
33.9103
33.9107
33.9111
33.9113
33.9114
33.9114
33.9113
33.9111
33.9107
33.9103
33.9115
33.9116
33.9118
33.9119
33.9119
33.9119
33.9119
33.9118
33.9116
33.9115
30.6766
30.6766
30.6766
30.6766
30.6766
30.6766
30.6766
30.6766
30.6766
30.6766
30.6768
30.6768
30.6768
30.6769
30.6769
30.6769
30.6769
30.6768
30.6768
30.6768
30.6771
30.6772
30.6772
30.6773
30.6773
30.6773
30.6773
30.6772
30.6772
30.6771
30.6776
30.6777
30.6778
30.6778
30.6779
30.6779
30.6778
30.6778
30.6777
30.6776
30.6781
30.6783
30.6784
30.6785
30.6785
30.6785
30.6785
30.6784
30.6783
30.6781
30.6787
30.6789
30.679
30.6791
30.6792
30.6792
30.6791
30.679
30.6789
30.6787
30.6793
30.6795
30.6797
30.6798
30.6798
30.6798
30.6798
30.6797
30.6795
30.6793
30.6799
30.6801
30.6803
30.6804
30.6805
30.6805
30.6804
30.6803
30.6801
30.6799
30.6805
30.6807
30.6809
30.681
30.6811
30.6811
30.681
30.6809
30.6807
30.6805
30.6812
30.6813
30.6815
30.6815
30.6816
30.6816
30.6815
30.6815
30.6813
30.6812
27.4485
27.4485
27.4485
27.4485
27.4485
27.4485
27.4485
27.4485
27.4485
27.4485
27.4485
27.4485
27.4485
27.4486
27.4486
27.4486
27.4486
27.4485
27.4485
27.4485
27.4486
27.4486
27.4486
27.4487
27.4487
27.4487
27.4487
27.4486
27.4486
27.4486
27.4487
27.4488
27.4488
27.4488
27.4489
27.4489
27.4488
27.4488
27.4488
27.4487
27.4489
27.449
27.449
27.4491
27.4491
27.4491
27.4491
27.449
27.449
27.4489
27.4491
27.4492
27.4493
27.4493
27.4493
27.4493
27.4493
27.4493
27.4492
27.4491
27.4493
27.4495
27.4495
27.4496
27.4496
27.4496
27.4496
27.4495
27.4495
27.4493
27.4496
27.4497
27.4498
27.4499
27.4499
27.4499
27.4499
27.4498
27.4497
27.4496
27.4498
27.45
27.4501
27.4501
27.4501
27.4501
27.4501
27.4501
27.45
27.4498
27.4501
27.4502
27.4503
27.4503
27.4504
27.4504
27.4503
27.4503
27.4502
27.4501
24.2199
24.2199
24.2199
24.2199
24.2199
24.2199
24.2199
24.2199
24.2199
24.2199
24.2199
24.2199
24.2199
24.2199
24.2199
24.2199
24.2199
24.2199
24.2199
24.2199
24.2199
24.2199
24.2199
24.2199
24.2199
24.2199
24.2199
24.2199
24.2199
24.2199
24.2199
24.22
24.22
24.22
24.22
24.22
24.22
24.22
24.22
24.2199
24.22
24.22
24.2201
24.2201
24.2201
24.2201
24.2201
24.2201
24.22
24.22
24.2201
24.2202
24.2202
24.2202
24.2202
24.2202
24.2202
24.2202
24.2202
24.2201
24.2202
24.2203
24.2203
24.2203
24.2203
24.2203
24.2203
24.2203
24.2203
24.2202
24.2204
24.2204
24.2204
24.2205
24.2205
24.2205
24.2205
24.2204
24.2204
24.2204
24.2205
24.2205
24.2206
24.2206
24.2206
24.2206
24.2206
24.2206
24.2205
24.2205
24.2206
24.2207
24.2207
24.2207
24.2208
24.2208
24.2207
24.2207
24.2207
24.2206
20.9908
20.9908
20.9908
20.9908
20.9908
20.9908
20.9908
20.9908
20.9908
20.9908
20.9907
20.9907
20.9907
20.9907
20.9907
20.9907
20.9907
20.9907
20.9907
20.9907
20.9907
20.9907
20.9907
20.9907
20.9907
20.9907
20.9907
20.9907
20.9907
20.9907
20.9907
20.9907
20.9908
20.9908
20.9908
20.9908
20.9908
20.9908
20.9907
20.9907
20.9908
20.9908
20.9908
20.9908
20.9908
20.9908
20.9908
20.9908
20.9908
20.9908
20.9908
20.9908
20.9908
20.9908
20.9908
20.9908
20.9908
20.9908
20.9908
20.9908
20.9908
20.9909
20.9909
20.9909
20.9909
20.9909
20.9909
20.9909
20.9909
20.9908
20.9909
20.9909
20.9909
20.9909
20.9909
20.9909
20.9909
20.9909
20.9909
20.9909
20.9909
20.991
20.991
20.991
20.991
20.991
20.991
20.991
20.991
20.9909
20.991
20.991
20.991
20.991
20.9911
20.9911
20.991
20.991
20.991
20.991
17.7615
17.7615
17.7615
17.7615
17.7615
17.7615
17.7615
17.7615
17.7615
17.7615
17.7615
17.7615
17.7615
17.7615
17.7615
17.7615
17.7615
17.7615
17.7615
17.7615
17.7615
17.7615
17.7615
17.7615
17.7615
17.7615
17.7615
17.7615
17.7615
17.7615
17.7615
17.7615
17.7615
17.7615
17.7615
17.7615
17.7615
17.7615
17.7615
17.7615
17.7615
17.7615
17.7615
17.7615
17.7615
17.7615
17.7615
17.7615
17.7615
17.7615
17.7615
17.7615
17.7615
17.7615
17.7615
17.7615
17.7615
17.7615
17.7615
17.7615
17.7615
17.7615
17.7616
17.7616
17.7616
17.7616
17.7616
17.7616
17.7615
17.7615
17.7616
17.7616
17.7616
17.7616
17.7616
17.7616
17.7616
17.7616
17.7616
17.7616
17.7616
17.7616
17.7616
17.7616
17.7616
17.7616
17.7616
17.7616
17.7616
17.7616
17.7616
17.7616
17.7616
17.7616
17.7616
17.7616
17.7616
17.7616
17.7616
17.7616
14.5322
14.5322
14.5322
14.5322
14.5322
14.5322
14.5322
14.5322
14.5322
14.5322
14.5322
14.5322
14.5322
14.5322
14.5322
14.5322
14.5322
14.5322
14.5322
14.5322
14.5322
14.5322
14.5322
14.5322
14.5322
14.5322
14.5322
14.5322
14.5322
14.5322
14.5322
14.5322
14.5322
14.5322
14.5322
14.5322
14.5322
14.5322
14.5322
14.5322
14.5322
14.5322
14.5322
14.5322
14.5322
14.5322
14.5322
14.5322
14.5322
14.5322
14.5322
14.5322
14.5322
14.5322
14.5322
14.5322
14.5322
14.5322
14.5322
14.5322
14.5322
14.5322
14.5322
14.5322
14.5322
14.5322
14.5322
14.5322
14.5322
14.5322
14.5322
14.5322
14.5322
14.5322
14.5322
14.5322
14.5322
14.5322
14.5322
14.5322
14.5322
14.5322
14.5322
14.5322
14.5322
14.5322
14.5322
14.5322
14.5322
14.5322
14.5322
14.5322
14.5322
14.5322
14.5322
14.5322
14.5322
14.5322
14.5322
14.5322
11.3028
11.3028
11.3028
11.3028
11.3028
11.3028
11.3028
11.3028
11.3028
11.3028
11.3028
11.3028
11.3028
11.3028
11.3028
11.3028
11.3028
11.3028
11.3028
11.3028
11.3028
11.3028
11.3028
11.3028
11.3028
11.3028
11.3028
11.3028
11.3028
11.3028
11.3028
11.3028
11.3028
11.3028
11.3028
11.3028
11.3028
11.3028
11.3028
11.3028
11.3028
11.3028
11.3028
11.3028
11.3028
11.3028
11.3028
11.3028
11.3028
11.3028
11.3028
11.3028
11.3028
11.3028
11.3028
11.3028
11.3028
11.3028
11.3028
11.3028
11.3028
11.3028
11.3028
11.3028
11.3028
11.3028
11.3028
11.3028
11.3028
11.3028
11.3028
11.3028
11.3028
11.3028
11.3028
11.3028
11.3028
11.3028
11.3028
11.3028
11.3028
11.3028
11.3028
11.3028
11.3028
11.3028
11.3028
11.3028
11.3028
11.3028
11.3028
11.3028
11.3028
11.3028
11.3028
11.3028
11.3028
11.3028
11.3028
11.3028
8.07344
8.07344
8.07344
8.07344
8.07344
8.07344
8.07344
8.07344
8.07344
8.07344
8.07344
8.07344
8.07344
8.07344
8.07344
8.07344
8.07344
8.07344
8.07344
8.07344
8.07344
8.07344
8.07344
8.07344
8.07344
8.07344
8.07344
8.07344
8.07344
8.07344
8.07344
8.07344
8.07344
8.07344
8.07344
8.07344
8.07344
8.07344
8.07344
8.07344
8.07344
8.07344
8.07344
8.07344
8.07344
8.07344
8.07344
8.07344
8.07344
8.07344
8.07344
8.07344
8.07344
8.07344
8.07344
8.07344
8.07344
8.07344
8.07344
8.07344
8.07344
8.07344
8.07344
8.07344
8.07344
8.07344
8.07344
8.07344
8.07344
8.07344
8.07344
8.07344
8.07344
8.07344
8.07344
8.07344
8.07344
8.07344
8.07344
8.07344
8.07344
8.07344
8.07344
8.07344
8.07344
8.07344
8.07344
8.07344
8.07344
8.07344
8.07344
8.07344
8.07344
8.07344
8.07344
8.07344
8.07344
8.07344
8.07344
8.07344
4.84406
4.84406
4.84406
4.84406
4.84406
4.84406
4.84406
4.84406
4.84406
4.84406
4.84406
4.84406
4.84406
4.84406
4.84406
4.84406
4.84406
4.84406
4.84406
4.84406
4.84406
4.84406
4.84406
4.84406
4.84406
4.84406
4.84406
4.84406
4.84406
4.84406
4.84406
4.84406
4.84406
4.84406
4.84406
4.84406
4.84406
4.84406
4.84406
4.84406
4.84406
4.84406
4.84406
4.84406
4.84406
4.84406
4.84406
4.84406
4.84406
4.84406
4.84406
4.84406
4.84406
4.84406
4.84406
4.84406
4.84406
4.84406
4.84406
4.84406
4.84406
4.84406
4.84406
4.84406
4.84406
4.84406
4.84406
4.84406
4.84406
4.84406
4.84406
4.84406
4.84406
4.84406
4.84406
4.84406
4.84406
4.84406
4.84406
4.84406
4.84406
4.84406
4.84406
4.84406
4.84406
4.84406
4.84406
4.84406
4.84406
4.84406
4.84406
4.84406
4.84406
4.84406
4.84406
4.84406
4.84406
4.84406
4.84406
4.84406
1.61469
1.61469
1.61469
1.61469
1.61469
1.61469
1.61469
1.61469
1.61469
1.61469
1.61469
1.61469
1.61469
1.61469
1.61469
1.61469
1.61469
1.61469
1.61469
1.61469
1.61469
1.61469
1.61469
1.61469
1.61469
1.61469
1.61469
1.61469
1.61469
1.61469
1.61469
1.61469
1.61469
1.61469
1.61469
1.61469
1.61469
1.61469
1.61469
1.61469
1.61469
1.61469
1.61469
1.61469
1.61469
1.61469
1.61469
1.61469
1.61469
1.61469
1.61469
1.61468
1.61468
1.61468
1.61468
1.61468
1.61468
1.61468
1.61468
1.61469
1.61468
1.61468
1.61468
1.61468
1.61468
1.61468
1.61468
1.61468
1.61468
1.61468
1.61468
1.61468
1.61468
1.61468
1.61468
1.61468
1.61468
1.61468
1.61468
1.61468
1.61468
1.61468
1.61468
1.61468
1.61468
1.61468
1.61468
1.61468
1.61468
1.61468
1.61468
1.61468
1.61468
1.61468
1.61468
1.61468
1.61468
1.61468
1.61468
1.61468
98.4406
97.86
97.4954
97.2288
97.0907
97.0907
97.2288
97.4954
97.86
98.4406
89.3253
88.4775
87.9192
87.5244
87.3211
87.3211
87.5244
87.9192
88.4775
89.3253
81.7573
80.7817
80.145
79.7014
79.4738
79.4738
79.7014
80.145
80.7817
81.7573
76.5319
75.5297
74.884
74.4407
74.2136
74.2136
74.4407
74.8839
75.5297
76.5319
72.611
71.616
70.9782
70.5491
70.3293
70.3293
70.5491
70.9782
71.616
72.611
69.4354
68.4676
67.8457
67.4374
67.2288
67.2288
67.4374
67.8457
68.4676
69.4354
66.8165
65.8966
65.3002
64.9192
64.7252
64.7252
64.9191
65.3001
65.8966
66.8165
64.6479
63.7993
63.2407
62.8924
62.7158
62.7158
62.8924
63.2407
63.7993
64.6479
62.8497
62.0886
61.5805
61.2696
61.1122
61.1122
61.2696
61.5805
62.0886
62.8497
61.4419
60.6813
60.2321
59.9589
59.8204
59.8204
59.9589
60.2321
60.6813
61.4419
62.5498
62.7222
62.9098
63.0363
63.1018
63.1018
63.0363
62.9098
62.7222
62.5498
62.9713
63.0657
63.1921
63.2732
63.3147
63.3147
63.2732
63.1921
63.0657
62.9713
62.9475
62.9445
62.997
63.0252
63.0392
63.0392
63.0252
62.997
62.9445
62.9474
62.5371
62.4441
62.4286
62.4102
62.4001
62.4001
62.4102
62.4286
62.4441
62.5371
61.9426
61.7757
61.7024
61.6465
61.6171
61.6171
61.6465
61.7024
61.7757
61.9426
61.2728
61.0503
60.9303
60.8464
60.8026
60.8026
60.8464
60.9303
61.0503
61.2728
60.5826
60.3247
60.1709
60.0687
60.0158
60.0158
60.0687
60.1709
60.3246
60.5826
59.9035
59.6338
59.4617
59.351
59.2939
59.2939
59.351
59.4617
59.6338
59.9035
59.2709
59.0055
58.827
58.7149
58.6568
58.6568
58.7149
58.827
59.0055
59.2709
58.7877
58.4409
58.2577
58.145
58.0864
58.0864
58.145
58.2577
58.4409
58.7877
57.9568
57.9424
57.9441
57.9406
57.9391
57.9391
57.9406
57.9441
57.9424
57.9568
58.3662
58.3495
58.3506
58.3454
58.3427
58.3427
58.3454
58.3506
58.3495
58.3662
58.7048
58.6697
58.6592
58.6444
58.6364
58.6364
58.6444
58.6592
58.6697
58.7048
58.757
58.6887
58.6562
58.6253
58.6089
58.6089
58.6253
58.6562
58.6887
58.757
58.6126
58.5091
58.4523
58.4055
58.3807
58.3807
58.4055
58.4523
58.5091
58.6126
58.3659
58.2319
58.1528
58.0926
58.061
58.061
58.0926
58.1528
58.2319
58.3658
58.0649
57.9087
57.8115
57.742
57.7056
57.7056
57.742
57.8115
57.9087
58.0649
57.7366
57.5702
57.4617
57.3873
57.3484
57.3484
57.3873
57.4617
57.5702
57.7366
57.4137
57.2447
57.1289
57.0522
57.0121
57.0121
57.0522
57.1289
57.2447
57.4136
57.1704
56.938
56.8119
56.7315
56.6897
56.6897
56.7315
56.8119
56.938
57.1704
53.2595
53.2792
53.3041
53.32
53.3284
53.3284
53.32
53.3041
53.2792
53.2595
53.4683
53.4917
53.5206
53.5388
53.5485
53.5485
53.5388
53.5206
53.4917
53.4683
53.6453
53.6665
53.695
53.7124
53.7215
53.7215
53.7124
53.695
53.6665
53.6453
53.7303
53.741
53.7627
53.7747
53.7809
53.7809
53.7747
53.7627
53.741
53.7303
53.7439
53.7403
53.7516
53.7561
53.7584
53.7584
53.7561
53.7516
53.7403
53.7439
53.7095
53.6912
53.6911
53.6879
53.6861
53.6861
53.6879
53.6911
53.6912
53.7095
53.6409
53.6097
53.5989
53.5891
53.5837
53.5837
53.5891
53.5989
53.6097
53.6408
53.5475
53.5084
53.4893
53.4744
53.4663
53.4663
53.4744
53.4893
53.5084
53.5475
53.4474
53.4025
53.3753
53.3558
53.3453
53.3453
53.3558
53.3753
53.4025
53.4474
53.3852
53.297
53.2561
53.2294
53.2152
53.2152
53.2294
53.2561
53.297
53.3852
50.0519
50.0519
50.0539
50.0539
50.054
50.054
50.0539
50.0539
50.0519
50.0519
50.1492
50.1528
50.1579
50.1601
50.1613
50.1613
50.1601
50.1579
50.1528
50.1492
50.2486
50.2536
50.2603
50.2633
50.2648
50.2648
50.2633
50.2603
50.2536
50.2486
50.3159
50.3189
50.3246
50.3264
50.3273
50.3273
50.3264
50.3246
50.3189
50.3159
50.3534
50.352
50.3548
50.3544
50.354
50.354
50.3544
50.3548
50.352
50.3534
50.3678
50.361
50.36
50.3569
50.355
50.355
50.3569
50.36
50.361
50.3678
50.3639
50.352
50.347
50.3413
50.338
50.338
50.3413
50.347
50.352
50.3639
50.3459
50.3304
50.322
50.3142
50.3098
50.3098
50.3142
50.322
50.3304
50.3459
50.3232
50.3043
50.2916
50.2814
50.2758
50.2758
50.2814
50.2916
50.3043
50.3232
50.3169
50.2754
50.2548
50.2405
50.2329
50.2329
50.2405
50.2547
50.2754
50.3169
46.7445
46.7475
46.7511
46.7533
46.7544
46.7544
46.7533
46.7511
46.7475
46.7445
46.7847
46.7894
46.7946
46.7979
46.7996
46.7996
46.7979
46.7946
46.7894
46.7847
46.8256
46.8314
46.8379
46.8418
46.8439
46.8439
46.8418
46.8379
46.8314
46.8256
46.8564
46.862
46.8686
46.8726
46.8746
46.8746
46.8726
46.8686
46.862
46.8564
46.8771
46.8816
46.8874
46.8907
46.8924
46.8924
46.8907
46.8874
46.8816
46.8771
46.8892
46.8918
46.8963
46.8985
46.8996
46.8996
46.8985
46.8963
46.8918
46.8892
46.8936
46.8941
46.8971
46.8981
46.8986
46.8986
46.8981
46.8971
46.8941
46.8936
46.8915
46.8904
46.8918
46.8917
46.8916
46.8916
46.8917
46.8918
46.8904
46.8915
46.8869
46.884
46.883
46.8815
46.8806
46.8806
46.8815
46.883
46.884
46.8869
46.8903
46.8759
46.8701
46.8659
46.8637
46.8637
46.8659
46.8701
46.8759
46.8903
43.5607
43.5611
43.5616
43.5618
43.5618
43.5618
43.5618
43.5616
43.5611
43.5607
43.5774
43.5787
43.58
43.5806
43.5809
43.5809
43.5806
43.58
43.5787
43.5774
43.5965
43.5985
43.6005
43.6015
43.6021
43.6021
43.6015
43.6005
43.5985
43.5965
43.6129
43.6152
43.6176
43.6188
43.6194
43.6194
43.6188
43.6176
43.6152
43.6129
43.6262
43.6284
43.6308
43.6319
43.6325
43.6325
43.6319
43.6308
43.6284
43.6262
43.6365
43.6384
43.6405
43.6414
43.6418
43.6418
43.6414
43.6405
43.6384
43.6365
43.644
43.6453
43.647
43.6476
43.6478
43.6478
43.6476
43.647
43.6453
43.644
43.649
43.6498
43.651
43.6513
43.6513
43.6513
43.6513
43.651
43.6498
43.649
43.6531
43.6532
43.6535
43.6531
43.6529
43.6529
43.6531
43.6535
43.6532
43.6531
43.6606
43.6557
43.6538
43.6522
43.6513
43.6513
43.6522
43.6538
43.6557
43.6606
40.3402
40.3408
40.3414
40.3418
40.342
40.342
40.3418
40.3414
40.3408
40.3402
40.3465
40.3475
40.3484
40.349
40.3493
40.3493
40.349
40.3484
40.3475
40.3465
40.3537
40.355
40.3562
40.357
40.3575
40.3575
40.357
40.3562
40.355
40.3537
40.3603
40.3618
40.3633
40.3642
40.3647
40.3647
40.3642
40.3633
40.3618
40.3603
40.366
40.3676
40.3692
40.3702
40.3707
40.3707
40.3702
40.3692
40.3676
40.366
40.3709
40.3724
40.374
40.3749
40.3753
40.3753
40.3749
40.374
40.3724
40.3709
40.3746
40.376
40.3775
40.3783
40.3787
40.3787
40.3783
40.3775
40.376
40.3746
40.3774
40.3786
40.3799
40.3806
40.3809
40.3809
40.3806
40.3799
40.3786
40.3774
40.3798
40.3807
40.3816
40.382
40.3821
40.3821
40.382
40.3816
40.3807
40.3798
40.3836
40.3824
40.3822
40.3819
40.3818
40.3818
40.3819
40.3822
40.3824
40.3836
37.1265
37.1266
37.1267
37.1267
37.1268
37.1268
37.1267
37.1267
37.1266
37.1265
37.1288
37.1291
37.1293
37.1294
37.1295
37.1295
37.1294
37.1293
37.1291
37.1288
37.1318
37.1322
37.1326
37.1328
37.133
37.133
37.1328
37.1326
37.1322
37.1318
37.1348
37.1354
37.136
37.1363
37.1364
37.1364
37.1363
37.136
37.1354
37.1348
37.1378
37.1385
37.1392
37.1395
37.1397
37.1397
37.1395
37.1392
37.1385
37.1378
37.1406
37.1414
37.1421
37.1425
37.1427
37.1427
37.1425
37.1421
37.1414
37.1406
37.1432
37.144
37.1447
37.1451
37.1453
37.1453
37.1451
37.1447
37.144
37.1432
37.1454
37.1463
37.147
37.1473
37.1475
37.1475
37.1473
37.147
37.1462
37.1454
37.1477
37.1484
37.149
37.1492
37.1493
37.1493
37.1492
37.149
37.1484
37.1477
37.1504
37.1504
37.1505
37.1505
37.1506
37.1506
37.1505
37.1505
37.1504
37.1504
33.9021
33.9022
33.9023
33.9023
33.9023
33.9023
33.9023
33.9023
33.9022
33.9021
33.9028
33.9029
33.9031
33.9032
33.9032
33.9032
33.9032
33.9031
33.9029
33.9028
33.9038
33.904
33.9042
33.9043
33.9044
33.9044
33.9043
33.9042
33.904
33.9038
33.9049
33.9052
33.9054
33.9056
33.9057
33.9057
33.9056
33.9054
33.9052
33.9049
33.906
33.9064
33.9067
33.9069
33.907
33.907
33.9069
33.9067
33.9064
33.906
33.9072
33.9076
33.908
33.9082
33.9083
33.9083
33.9082
33.908
33.9076
33.9072
33.9083
33.9087
33.9091
33.9094
33.9095
33.9095
33.9094
33.9091
33.9087
33.9083
33.9093
33.9097
33.9102
33.9104
33.9105
33.9105
33.9104
33.9102
33.9097
33.9093
33.9103
33.9107
33.9111
33.9113
33.9114
33.9114
33.9113
33.9111
33.9107
33.9103
33.9115
33.9116
33.9118
33.9119
33.9119
33.9119
33.9119
33.9118
33.9116
33.9115
30.6766
30.6766
30.6766
30.6766
30.6766
30.6766
30.6766
30.6766
30.6766
30.6766
30.6768
30.6768
30.6768
30.6769
30.6769
30.6769
30.6769
30.6768
30.6768
30.6768
30.6771
30.6772
30.6772
30.6773
30.6773
30.6773
30.6773
30.6772
30.6772
30.6771
30.6776
30.6777
30.6778
30.6778
30.6779
30.6779
30.6778
30.6778
30.6777
30.6776
30.6781
30.6783
30.6784
30.6785
30.6785
30.6785
30.6785
30.6784
30.6783
30.6781
30.6787
30.6789
30.679
30.6791
30.6792
30.6792
30.6791
30.679
30.6789
30.6787
30.6793
30.6795
30.6797
30.6798
30.6798
30.6798
30.6798
30.6797
30.6795
30.6793
30.6799
30.6801
30.6803
30.6804
30.6805
30.6805
30.6804
30.6803
30.6801
30.6799
30.6805
30.6807
30.6809
30.681
30.6811
30.6811
30.681
30.6809
30.6807
30.6805
30.6812
30.6813
30.6815
30.6815
30.6816
30.6816
30.6815
30.6815
30.6813
30.6812
27.4485
27.4485
27.4485
27.4485
27.4485
27.4485
27.4485
27.4485
27.4485
27.4485
27.4485
27.4485
27.4485
27.4486
27.4486
27.4486
27.4486
27.4485
27.4485
27.4485
27.4486
27.4486
27.4486
27.4487
27.4487
27.4487
27.4487
27.4486
27.4486
27.4486
27.4487
27.4488
27.4488
27.4488
27.4488
27.4488
27.4488
27.4488
27.4488
27.4487
27.4489
27.449
27.449
27.4491
27.4491
27.4491
27.4491
27.449
27.449
27.4489
27.4491
27.4492
27.4493
27.4493
27.4493
27.4493
27.4493
27.4493
27.4492
27.4491
27.4493
27.4495
27.4495
27.4496
27.4496
27.4496
27.4496
27.4495
27.4495
27.4493
27.4496
27.4497
27.4498
27.4499
27.4499
27.4499
27.4499
27.4498
27.4497
27.4496
27.4498
27.45
27.4501
27.4501
27.4501
27.4501
27.4501
27.4501
27.45
27.4498
27.4501
27.4502
27.4503
27.4503
27.4504
27.4504
27.4503
27.4503
27.4502
27.4501
24.2199
24.2199
24.2199
24.2199
24.2199
24.2199
24.2199
24.2199
24.2199
24.2199
24.2199
24.2199
24.2199
24.2199
24.2199
24.2199
24.2199
24.2199
24.2199
24.2199
24.2199
24.2199
24.2199
24.2199
24.2199
24.2199
24.2199
24.2199
24.2199
24.2199
24.2199
24.22
24.22
24.22
24.22
24.22
24.22
24.22
24.22
24.2199
24.22
24.22
24.2201
24.2201
24.2201
24.2201
24.2201
24.2201
24.22
24.22
24.2201
24.2202
24.2202
24.2202
24.2202
24.2202
24.2202
24.2202
24.2201
24.2201
24.2202
24.2203
24.2203
24.2203
24.2203
24.2203
24.2203
24.2203
24.2203
24.2202
24.2204
24.2204
24.2204
24.2205
24.2205
24.2205
24.2205
24.2204
24.2204
24.2204
24.2205
24.2205
24.2206
24.2206
24.2206
24.2206
24.2206
24.2206
24.2205
24.2205
24.2206
24.2207
24.2207
24.2207
24.2208
24.2208
24.2207
24.2207
24.2207
24.2206
20.9908
20.9908
20.9908
20.9908
20.9908
20.9908
20.9908
20.9908
20.9908
20.9908
20.9907
20.9907
20.9907
20.9907
20.9907
20.9907
20.9907
20.9907
20.9907
20.9907
20.9907
20.9907
20.9907
20.9907
20.9907
20.9907
20.9907
20.9907
20.9907
20.9907
20.9907
20.9907
20.9908
20.9908
20.9908
20.9908
20.9908
20.9908
20.9907
20.9907
20.9908
20.9908
20.9908
20.9908
20.9908
20.9908
20.9908
20.9908
20.9908
20.9908
20.9908
20.9908
20.9908
20.9908
20.9908
20.9908
20.9908
20.9908
20.9908
20.9908
20.9908
20.9909
20.9909
20.9909
20.9909
20.9909
20.9909
20.9909
20.9909
20.9908
20.9909
20.9909
20.9909
20.9909
20.9909
20.9909
20.9909
20.9909
20.9909
20.9909
20.9909
20.991
20.991
20.991
20.991
20.991
20.991
20.991
20.991
20.9909
20.991
20.991
20.991
20.991
20.9911
20.9911
20.991
20.991
20.991
20.991
17.7615
17.7615
17.7615
17.7615
17.7615
17.7615
17.7615
17.7615
17.7615
17.7615
17.7615
17.7615
17.7615
17.7615
17.7615
17.7615
17.7615
17.7615
17.7615
17.7615
17.7615
17.7615
17.7615
17.7615
17.7615
17.7615
17.7615
17.7615
17.7615
17.7615
17.7615
17.7615
17.7615
17.7615
17.7615
17.7615
17.7615
17.7615
17.7615
17.7615
17.7615
17.7615
17.7615
17.7615
17.7615
17.7615
17.7615
17.7615
17.7615
17.7615
17.7615
17.7615
17.7615
17.7615
17.7615
17.7615
17.7615
17.7615
17.7615
17.7615
17.7615
17.7615
17.7616
17.7616
17.7616
17.7616
17.7616
17.7616
17.7615
17.7615
17.7616
17.7616
17.7616
17.7616
17.7616
17.7616
17.7616
17.7616
17.7616
17.7616
17.7616
17.7616
17.7616
17.7616
17.7616
17.7616
17.7616
17.7616
17.7616
17.7616
17.7616
17.7616
17.7616
17.7616
17.7616
17.7616
17.7616
17.7616
17.7616
17.7616
14.5322
14.5322
14.5322
14.5322
14.5322
14.5322
14.5322
14.5322
14.5322
14.5322
14.5322
14.5322
14.5322
14.5322
14.5322
14.5322
14.5322
14.5322
14.5322
14.5322
14.5322
14.5322
14.5322
14.5322
14.5322
14.5322
14.5322
14.5322
14.5322
14.5322
14.5322
14.5322
14.5322
14.5322
14.5322
14.5322
14.5322
14.5322
14.5322
14.5322
14.5322
14.5322
14.5322
14.5322
14.5322
14.5322
14.5322
14.5322
14.5322
14.5322
14.5322
14.5322
14.5322
14.5322
14.5322
14.5322
14.5322
14.5322
14.5322
14.5322
14.5322
14.5322
14.5322
14.5322
14.5322
14.5322
14.5322
14.5322
14.5322
14.5322
14.5322
14.5322
14.5322
14.5322
14.5322
14.5322
14.5322
14.5322
14.5322
14.5322
14.5322
14.5322
14.5322
14.5322
14.5322
14.5322
14.5322
14.5322
14.5322
14.5322
14.5322
14.5322
14.5322
14.5322
14.5322
14.5322
14.5322
14.5322
14.5322
14.5322
11.3028
11.3028
11.3028
11.3028
11.3028
11.3028
11.3028
11.3028
11.3028
11.3028
11.3028
11.3028
11.3028
11.3028
11.3028
11.3028
11.3028
11.3028
11.3028
11.3028
11.3028
11.3028
11.3028
11.3028
11.3028
11.3028
11.3028
11.3028
11.3028
11.3028
11.3028
11.3028
11.3028
11.3028
11.3028
11.3028
11.3028
11.3028
11.3028
11.3028
11.3028
11.3028
11.3028
11.3028
11.3028
11.3028
11.3028
11.3028
11.3028
11.3028
11.3028
11.3028
11.3028
11.3028
11.3028
11.3028
11.3028
11.3028
11.3028
11.3028
11.3028
11.3028
11.3028
11.3028
11.3028
11.3028
11.3028
11.3028
11.3028
11.3028
11.3028
11.3028
11.3028
11.3028
11.3028
11.3028
11.3028
11.3028
11.3028
11.3028
11.3028
11.3028
11.3028
11.3028
11.3028
11.3028
11.3028
11.3028
11.3028
11.3028
11.3028
11.3028
11.3028
11.3028
11.3028
11.3028
11.3028
11.3028
11.3028
11.3028
8.07344
8.07344
8.07344
8.07344
8.07344
8.07344
8.07344
8.07344
8.07344
8.07344
8.07344
8.07344
8.07344
8.07344
8.07344
8.07344
8.07344
8.07344
8.07344
8.07344
8.07344
8.07344
8.07344
8.07344
8.07344
8.07344
8.07344
8.07344
8.07344
8.07344
8.07344
8.07344
8.07344
8.07344
8.07344
8.07344
8.07344
8.07344
8.07344
8.07344
8.07344
8.07344
8.07344
8.07344
8.07344
8.07344
8.07344
8.07344
8.07344
8.07344
8.07344
8.07344
8.07344
8.07344
8.07344
8.07344
8.07344
8.07344
8.07344
8.07344
8.07344
8.07344
8.07344
8.07344
8.07344
8.07344
8.07344
8.07344
8.07344
8.07344
8.07344
8.07344
8.07344
8.07344
8.07344
8.07344
8.07344
8.07344
8.07344
8.07344
8.07344
8.07344
8.07344
8.07344
8.07344
8.07344
8.07344
8.07344
8.07344
8.07344
8.07344
8.07344
8.07344
8.07344
8.07344
8.07344
8.07344
8.07344
8.07344
8.07344
4.84406
4.84406
4.84406
4.84406
4.84406
4.84406
4.84406
4.84406
4.84406
4.84406
4.84406
4.84406
4.84406
4.84406
4.84406
4.84406
4.84406
4.84406
4.84406
4.84406
4.84406
4.84406
4.84406
4.84406
4.84406
4.84406
4.84406
4.84406
4.84406
4.84406
4.84406
4.84406
4.84406
4.84406
4.84406
4.84406
4.84406
4.84406
4.84406
4.84406
4.84406
4.84406
4.84406
4.84406
4.84406
4.84406
4.84406
4.84406
4.84406
4.84406
4.84406
4.84406
4.84406
4.84406
4.84406
4.84406
4.84406
4.84406
4.84406
4.84406
4.84406
4.84406
4.84406
4.84406
4.84406
4.84406
4.84406
4.84406
4.84406
4.84406
4.84406
4.84406
4.84406
4.84406
4.84406
4.84406
4.84406
4.84406
4.84406
4.84406
4.84406
4.84406
4.84406
4.84406
4.84406
4.84406
4.84406
4.84406
4.84406
4.84406
4.84406
4.84406
4.84406
4.84406
4.84406
4.84406
4.84406
4.84406
4.84406
4.84406
1.61469
1.61469
1.61469
1.61469
1.61469
1.61469
1.61469
1.61469
1.61469
1.61469
1.61469
1.61469
1.61469
1.61469
1.61469
1.61469
1.61469
1.61469
1.61469
1.61469
1.61469
1.61469
1.61469
1.61469
1.61469
1.61469
1.61469
1.61469
1.61469
1.61469
1.61469
1.61469
1.61469
1.61469
1.61469
1.61469
1.61469
1.61469
1.61469
1.61469
1.61469
1.61469
1.61469
1.61469
1.61469
1.61469
1.61469
1.61469
1.61469
1.61469
1.61469
1.61468
1.61468
1.61468
1.61468
1.61468
1.61468
1.61468
1.61469
1.61469
1.61468
1.61468
1.61468
1.61468
1.61468
1.61468
1.61468
1.61468
1.61468
1.61468
1.61468
1.61468
1.61468
1.61468
1.61468
1.61468
1.61468
1.61468
1.61468
1.61468
1.61468
1.61468
1.61468
1.61468
1.61468
1.61468
1.61468
1.61468
1.61468
1.61468
1.61468
1.61468
1.61468
1.61468
1.61468
1.61468
1.61468
1.61468
1.61468
1.61468
60.4345
59.7493
59.315
59.0385
58.9013
58.9013
59.0385
59.315
59.7493
60.4345
59.7493
59.1639
58.7225
58.4279
58.2818
58.2818
58.4279
58.7225
59.1639
59.7493
59.315
58.7225
58.2621
57.9551
57.8036
57.8036
57.9551
58.2621
58.7225
59.315
59.0385
58.4279
57.9551
57.6422
57.4882
57.4882
57.6422
57.9551
58.4279
59.0385
58.9013
58.2818
57.8036
57.4882
57.3331
57.3331
57.4882
57.8036
58.2818
58.9013
58.9013
58.2818
57.8036
57.4882
57.3331
57.3331
57.4882
57.8036
58.2818
58.9013
59.0385
58.4279
57.9551
57.6422
57.4882
57.4882
57.6422
57.9551
58.4279
59.0385
59.315
58.7225
58.2621
57.9551
57.8036
57.8036
57.9551
58.2621
58.7225
59.315
59.7493
59.1639
58.7225
58.4279
58.2818
58.2818
58.4279
58.7225
59.1639
59.7493
60.4345
59.7493
59.315
59.0385
58.9013
58.9013
59.0385
59.315
59.7493
60.4345
58.2718
57.9951
57.83
57.7213
57.6661
57.6661
57.7213
57.83
57.9951
58.2718
57.9951
57.7754
57.5888
57.4587
57.3936
57.3936
57.4587
57.5888
57.7754
57.9951
57.83
57.5888
57.379
57.2351
57.164
57.164
57.2351
57.379
57.5888
57.83
57.7213
57.4587
57.2351
57.0839
57.0095
57.0095
57.0839
57.2351
57.4587
57.7213
57.6661
57.3936
57.164
57.0095
56.9335
56.9335
57.0095
57.164
57.3936
57.6661
57.6661
57.3936
57.164
57.0095
56.9335
56.9335
57.0095
57.164
57.3936
57.6661
57.7213
57.4587
57.2351
57.0839
57.0095
57.0095
57.0839
57.2351
57.4587
57.7213
57.83
57.5888
57.379
57.2351
57.164
57.164
57.2351
57.379
57.5888
57.83
57.9951
57.7754
57.5888
57.4587
57.3936
57.3936
57.4587
57.5888
57.7754
57.9951
58.2718
57.9951
57.83
57.7213
57.6661
57.6661
57.7213
57.83
57.9951
58.2718
56.7849
56.6333
56.5397
56.4745
56.441
56.441
56.4745
56.5397
56.6334
56.7849
56.6333
56.5125
56.3989
56.3166
56.2752
56.2752
56.3166
56.3989
56.5125
56.6334
56.5397
56.3989
56.2664
56.1736
56.1275
56.1275
56.1736
56.2664
56.3989
56.5397
56.4745
56.3166
56.1736
56.0754
56.027
56.027
56.0755
56.1736
56.3166
56.4745
56.441
56.2752
56.1275
56.027
55.9774
55.9774
56.027
56.1275
56.2752
56.441
56.441
56.2752
56.1275
56.027
55.9774
55.9774
56.027
56.1275
56.2752
56.441
56.4745
56.3166
56.1736
56.0755
56.027
56.027
56.0755
56.1736
56.3166
56.4745
56.5397
56.3989
56.2664
56.1736
56.1275
56.1275
56.1736
56.2664
56.3989
56.5397
56.6334
56.5125
56.3989
56.3166
56.2752
56.2752
56.3166
56.3989
56.5125
56.6334
56.7849
56.6334
56.5397
56.4745
56.441
56.441
56.4745
56.5397
56.6334
56.7849
53.1911
53.1556
53.1359
53.1199
53.1113
53.1113
53.1199
53.1359
53.1556
53.1911
53.1556
53.1294
53.0942
53.0665
53.0524
53.0524
53.0665
53.0942
53.1294
53.1557
53.1359
53.0942
53.047
53.0129
52.996
52.996
53.0129
53.047
53.0942
53.1359
53.1199
53.0665
53.0129
52.9755
52.9571
52.9571
52.9755
53.0129
53.0665
53.1199
53.1113
53.0524
52.996
52.9571
52.9381
52.9381
52.9571
52.996
53.0524
53.1113
53.1113
53.0524
52.996
52.9571
52.9381
52.9381
52.9571
52.996
53.0524
53.1113
53.1199
53.0665
53.0129
52.9755
52.9571
52.9571
52.9755
53.0129
53.0665
53.1199
53.1359
53.0942
53.047
53.0129
52.996
52.996
53.0129
53.047
53.0942
53.1359
53.1556
53.1294
53.0942
53.0665
53.0524
53.0524
53.0665
53.0942
53.1294
53.1557
53.1911
53.1557
53.1359
53.1199
53.1113
53.1113
53.1199
53.1359
53.1557
53.1911
50.2161
50.2086
50.204
50.1988
50.1959
50.1959
50.1988
50.204
50.2086
50.2161
50.2086
50.2044
50.1918
50.1806
50.1749
50.1749
50.1806
50.1918
50.2044
50.2086
50.204
50.1918
50.1729
50.1585
50.1514
50.1514
50.1585
50.1729
50.1918
50.204
50.1988
50.1806
50.1585
50.1426
50.1348
50.1348
50.1426
50.1585
50.1806
50.1988
50.1959
50.1749
50.1514
50.1348
50.1266
50.1266
50.1348
50.1514
50.1749
50.1959
50.1959
50.1749
50.1514
50.1348
50.1266
50.1266
50.1348
50.1514
50.1749
50.1959
50.1988
50.1806
50.1585
50.1426
50.1348
50.1348
50.1426
50.1585
50.1806
50.1988
50.204
50.1918
50.1729
50.1585
50.1514
50.1514
50.1585
50.1729
50.1918
50.204
50.2086
50.2044
50.1918
50.1806
50.1749
50.1749
50.1806
50.1918
50.2044
50.2086
50.2161
50.2086
50.204
50.1988
50.1959
50.1959
50.1988
50.204
50.2086
50.2161
46.8426
46.8454
46.8477
46.848
46.8481
46.8481
46.848
46.8477
46.8455
46.8426
46.8454
46.8485
46.8461
46.8432
46.8418
46.8418
46.8432
46.8461
46.8485
46.8455
46.8477
46.8461
46.8405
46.836
46.8338
46.8338
46.836
46.8405
46.8461
46.8477
46.848
46.8432
46.836
46.8307
46.8282
46.8282
46.8307
46.836
46.8432
46.848
46.8481
46.8418
46.8338
46.8282
46.8255
46.8255
46.8282
46.8338
46.8418
46.8481
46.8481
46.8418
46.8338
46.8282
46.8255
46.8255
46.8282
46.8338
46.8418
46.8481
46.848
46.8432
46.836
46.8307
46.8282
46.8282
46.8307
46.836
46.8432
46.848
46.8477
46.8461
46.8405
46.836
46.8338
46.8338
46.836
46.8405
46.8461
46.8477
46.8455
46.8485
46.8461
46.8432
46.8418
46.8418
46.8432
46.8461
46.8485
46.8455
46.8426
46.8455
46.8477
46.848
46.8481
46.8481
46.848
46.8477
46.8455
46.8426
43.641
43.6449
43.6474
43.6485
43.649
43.649
43.6485
43.6474
43.6449
43.641
43.6449
43.6487
43.6494
43.6492
43.6491
43.6491
43.6492
43.6494
43.6487
43.6449
43.6474
43.6494
43.6487
43.6479
43.6475
43.6475
43.6479
43.6487
43.6494
43.6474
43.6485
43.6492
43.6479
43.6468
43.6462
43.6462
43.6468
43.6479
43.6492
43.6485
43.649
43.6491
43.6475
43.6462
43.6457
43.6457
43.6462
43.6475
43.6491
43.649
43.649
43.6491
43.6475
43.6462
43.6457
43.6457
43.6462
43.6475
43.6491
43.649
43.6485
43.6492
43.6479
43.6468
43.6462
43.6462
43.6468
43.6479
43.6492
43.6485
43.6474
43.6494
43.6487
43.6479
43.6475
43.6475
43.6479
43.6487
43.6494
43.6474
43.6449
43.6487
43.6494
43.6492
43.6491
43.6491
43.6492
43.6494
43.6488
43.6449
43.641
43.6449
43.6474
43.6485
43.649
43.649
43.6485
43.6474
43.6449
43.641
40.3754
40.3779
40.3796
40.3805
40.3809
40.3809
40.3805
40.3796
40.3779
40.3754
40.3779
40.3802
40.381
40.3813
40.3814
40.3814
40.3813
40.381
40.3802
40.3779
40.3796
40.381
40.3812
40.3812
40.3812
40.3812
40.3812
40.3812
40.381
40.3796
40.3805
40.3813
40.3812
40.3811
40.381
40.381
40.3811
40.3812
40.3813
40.3805
40.3809
40.3814
40.3812
40.381
40.3809
40.3809
40.381
40.3812
40.3814
40.3809
40.3809
40.3814
40.3812
40.381
40.3809
40.3809
40.381
40.3812
40.3814
40.3809
40.3805
40.3813
40.3812
40.3811
40.381
40.381
40.3811
40.3812
40.3813
40.3805
40.3796
40.381
40.3812
40.3812
40.3812
40.3812
40.3812
40.3812
40.381
40.3796
40.3779
40.3802
40.381
40.3813
40.3814
40.3814
40.3813
40.381
40.3802
40.3779
40.3754
40.3779
40.3796
40.3805
40.3809
40.3809
40.3805
40.3796
40.3779
40.3754
37.1478
37.1494
37.1504
37.151
37.1513
37.1513
37.151
37.1504
37.1494
37.1478
37.1494
37.1509
37.1516
37.152
37.1522
37.1522
37.152
37.1516
37.1509
37.1494
37.1504
37.1516
37.1521
37.1525
37.1526
37.1526
37.1525
37.1521
37.1516
37.1504
37.151
37.152
37.1525
37.1527
37.1529
37.1529
37.1527
37.1525
37.152
37.151
37.1513
37.1522
37.1526
37.1529
37.153
37.153
37.1529
37.1526
37.1522
37.1513
37.1513
37.1522
37.1526
37.1529
37.153
37.153
37.1529
37.1526
37.1522
37.1513
37.151
37.152
37.1525
37.1527
37.1529
37.1529
37.1527
37.1525
37.152
37.151
37.1504
37.1516
37.1521
37.1525
37.1526
37.1526
37.1525
37.1521
37.1516
37.1504
37.1494
37.1509
37.1516
37.152
37.1522
37.1522
37.152
37.1516
37.1509
37.1494
37.1478
37.1494
37.1504
37.151
37.1513
37.1513
37.151
37.1504
37.1494
37.1478
33.9105
33.9113
33.9118
33.9121
33.9123
33.9123
33.9121
33.9118
33.9113
33.9105
33.9113
33.912
33.9124
33.9126
33.9127
33.9127
33.9126
33.9124
33.912
33.9113
33.9118
33.9124
33.9127
33.9129
33.913
33.913
33.9129
33.9127
33.9124
33.9118
33.9121
33.9126
33.9129
33.9131
33.9132
33.9132
33.9131
33.9129
33.9126
33.9121
33.9123
33.9127
33.913
33.9132
33.9133
33.9133
33.9132
33.913
33.9127
33.9123
33.9123
33.9127
33.913
33.9132
33.9133
33.9133
33.9132
33.913
33.9127
33.9123
33.9121
33.9126
33.9129
33.9131
33.9132
33.9132
33.9131
33.9129
33.9126
33.9121
33.9118
33.9124
33.9127
33.9129
33.913
33.913
33.9129
33.9127
33.9124
33.9118
33.9113
33.912
33.9124
33.9126
33.9127
33.9127
33.9126
33.9124
33.912
33.9113
33.9105
33.9113
33.9118
33.9121
33.9123
33.9123
33.9121
33.9118
33.9113
33.9105
30.6811
30.6814
30.6817
30.6819
30.682
30.682
30.6819
30.6817
30.6814
30.6811
30.6814
30.6818
30.6821
30.6822
30.6823
30.6823
30.6822
30.6821
30.6818
30.6814
30.6817
30.6821
30.6823
30.6824
30.6825
30.6825
30.6824
30.6823
30.6821
30.6817
30.6819
30.6822
30.6824
30.6826
30.6827
30.6827
30.6826
30.6824
30.6822
30.6819
30.682
30.6823
30.6825
30.6827
30.6827
30.6827
30.6827
30.6825
30.6823
30.682
30.682
30.6823
30.6825
30.6827
30.6827
30.6827
30.6827
30.6825
30.6823
30.682
30.6819
30.6822
30.6824
30.6826
30.6827
30.6827
30.6826
30.6824
30.6822
30.6819
30.6817
30.6821
30.6823
30.6824
30.6825
30.6825
30.6824
30.6823
30.6821
30.6817
30.6814
30.6818
30.6821
30.6822
30.6823
30.6823
30.6822
30.6821
30.6818
30.6814
30.6811
30.6814
30.6817
30.6819
30.682
30.682
30.6819
30.6817
30.6814
30.6811
27.4501
27.4503
27.4504
27.4505
27.4505
27.4505
27.4505
27.4504
27.4503
27.4501
27.4503
27.4504
27.4506
27.4506
27.4507
27.4507
27.4506
27.4506
27.4504
27.4503
27.4504
27.4506
27.4507
27.4507
27.4508
27.4508
27.4507
27.4507
27.4506
27.4504
27.4505
27.4506
27.4507
27.4508
27.4508
27.4508
27.4508
27.4507
27.4506
27.4505
27.4505
27.4507
27.4508
27.4508
27.4509
27.4509
27.4508
27.4508
27.4507
27.4505
27.4505
27.4507
27.4508
27.4508
27.4509
27.4509
27.4508
27.4508
27.4507
27.4505
27.4505
27.4506
27.4507
27.4508
27.4508
27.4508
27.4508
27.4507
27.4506
27.4505
27.4504
27.4506
27.4507
27.4507
27.4508
27.4508
27.4507
27.4507
27.4506
27.4504
27.4503
27.4504
27.4506
27.4506
27.4507
27.4507
27.4506
27.4506
27.4504
27.4503
27.4501
27.4503
27.4504
27.4505
27.4505
27.4505
27.4505
27.4504
27.4503
27.4501
24.2207
24.2208
24.2208
24.2208
24.2209
24.2209
24.2208
24.2208
24.2208
24.2207
24.2208
24.2208
24.2209
24.2209
24.221
24.221
24.2209
24.2209
24.2208
24.2208
24.2208
24.2209
24.221
24.221
24.221
24.221
24.221
24.221
24.2209
24.2208
24.2208
24.2209
24.221
24.221
24.2211
24.2211
24.221
24.221
24.2209
24.2208
24.2209
24.221
24.221
24.2211
24.2211
24.2211
24.2211
24.221
24.221
24.2209
24.2209
24.221
24.221
24.2211
24.2211
24.2211
24.2211
24.221
24.221
24.2209
24.2208
24.2209
24.221
24.221
24.2211
24.2211
24.221
24.221
24.2209
24.2208
24.2208
24.2209
24.221
24.221
24.221
24.221
24.221
24.221
24.2209
24.2208
24.2208
24.2208
24.2209
24.2209
24.221
24.221
24.2209
24.2209
24.2208
24.2208
24.2207
24.2208
24.2208
24.2208
24.2209
24.2209
24.2208
24.2208
24.2208
24.2207
20.991
20.9911
20.9911
20.9911
20.9911
20.9911
20.9911
20.9911
20.9911
20.991
20.9911
20.9911
20.9911
20.9911
20.9911
20.9911
20.9911
20.9911
20.9911
20.9911
20.9911
20.9911
20.9911
20.9911
20.9912
20.9912
20.9911
20.9911
20.9911
20.9911
20.9911
20.9911
20.9911
20.9912
20.9912
20.9912
20.9912
20.9911
20.9911
20.9911
20.9911
20.9911
20.9912
20.9912
20.9912
20.9912
20.9912
20.9912
20.9911
20.9911
20.9911
20.9911
20.9912
20.9912
20.9912
20.9912
20.9912
20.9912
20.9911
20.9911
20.9911
20.9911
20.9911
20.9912
20.9912
20.9912
20.9912
20.9911
20.9911
20.9911
20.9911
20.9911
20.9911
20.9911
20.9912
20.9912
20.9911
20.9911
20.9911
20.9911
20.9911
20.9911
20.9911
20.9911
20.9911
20.9911
20.9911
20.9911
20.9911
20.9911
20.991
20.9911
20.9911
20.9911
20.9911
20.9911
20.9911
20.9911
20.9911
20.991
17.7616
17.7616
17.7617
17.7617
17.7617
17.7617
17.7617
17.7617
17.7616
17.7616
17.7616
17.7617
17.7617
17.7617
17.7617
17.7617
17.7617
17.7617
17.7617
17.7616
17.7617
17.7617
17.7617
17.7617
17.7617
17.7617
17.7617
17.7617
17.7617
17.7617
17.7617
17.7617
17.7617
17.7617
17.7617
17.7617
17.7617
17.7617
17.7617
17.7617
17.7617
17.7617
17.7617
17.7617
17.7617
17.7617
17.7617
17.7617
17.7617
17.7617
17.7617
17.7617
17.7617
17.7617
17.7617
17.7617
17.7617
17.7617
17.7617
17.7617
17.7617
17.7617
17.7617
17.7617
17.7617
17.7617
17.7617
17.7617
17.7617
17.7617
17.7617
17.7617
17.7617
17.7617
17.7617
17.7617
17.7617
17.7617
17.7617
17.7617
17.7616
17.7617
17.7617
17.7617
17.7617
17.7617
17.7617
17.7617
17.7617
17.7616
17.7616
17.7616
17.7617
17.7617
17.7617
17.7617
17.7617
17.7617
17.7616
17.7616
14.5322
14.5322
14.5322
14.5322
14.5322
14.5322
14.5322
14.5322
14.5322
14.5322
14.5322
14.5322
14.5322
14.5322
14.5322
14.5322
14.5322
14.5322
14.5322
14.5322
14.5322
14.5322
14.5322
14.5322
14.5322
14.5322
14.5322
14.5322
14.5322
14.5322
14.5322
14.5322
14.5322
14.5322
14.5322
14.5322
14.5322
14.5322
14.5322
14.5322
14.5322
14.5322
14.5322
14.5322
14.5322
14.5322
14.5322
14.5322
14.5322
14.5322
14.5322
14.5322
14.5322
14.5322
14.5322
14.5322
14.5322
14.5322
14.5322
14.5322
14.5322
14.5322
14.5322
14.5322
14.5322
14.5322
14.5322
14.5322
14.5322
14.5322
14.5322
14.5322
14.5322
14.5322
14.5322
14.5322
14.5322
14.5322
14.5322
14.5322
14.5322
14.5322
14.5322
14.5322
14.5322
14.5322
14.5322
14.5322
14.5322
14.5322
14.5322
14.5322
14.5322
14.5322
14.5322
14.5322
14.5322
14.5322
14.5322
14.5322
11.3028
11.3028
11.3028
11.3028
11.3028
11.3028
11.3028
11.3028
11.3028
11.3028
11.3028
11.3028
11.3028
11.3028
11.3028
11.3028
11.3028
11.3028
11.3028
11.3028
11.3028
11.3028
11.3028
11.3028
11.3028
11.3028
11.3028
11.3028
11.3028
11.3028
11.3028
11.3028
11.3028
11.3028
11.3028
11.3028
11.3028
11.3028
11.3028
11.3028
11.3028
11.3028
11.3028
11.3028
11.3028
11.3028
11.3028
11.3028
11.3028
11.3028
11.3028
11.3028
11.3028
11.3028
11.3028
11.3028
11.3028
11.3028
11.3028
11.3028
11.3028
11.3028
11.3028
11.3028
11.3028
11.3028
11.3028
11.3028
11.3028
11.3028
11.3028
11.3028
11.3028
11.3028
11.3028
11.3028
11.3028
11.3028
11.3028
11.3028
11.3028
11.3028
11.3028
11.3028
11.3028
11.3028
11.3028
11.3028
11.3028
11.3028
11.3028
11.3028
11.3028
11.3028
11.3028
11.3028
11.3028
11.3028
11.3028
11.3028
8.07344
8.07344
8.07344
8.07344
8.07344
8.07344
8.07344
8.07344
8.07344
8.07344
8.07344
8.07344
8.07344
8.07344
8.07344
8.07344
8.07344
8.07344
8.07344
8.07344
8.07344
8.07344
8.07344
8.07344
8.07344
8.07344
8.07344
8.07344
8.07344
8.07344
8.07344
8.07344
8.07344
8.07344
8.07344
8.07344
8.07344
8.07344
8.07344
8.07344
8.07344
8.07344
8.07344
8.07344
8.07344
8.07344
8.07344
8.07344
8.07344
8.07344
8.07344
8.07344
8.07344
8.07344
8.07344
8.07344
8.07344
8.07344
8.07344
8.07344
8.07344
8.07344
8.07344
8.07344
8.07344
8.07344
8.07344
8.07344
8.07344
8.07344
8.07344
8.07344
8.07344
8.07344
8.07344
8.07344
8.07344
8.07344
8.07344
8.07344
8.07344
8.07344
8.07344
8.07344
8.07344
8.07344
8.07344
8.07344
8.07344
8.07344
8.07344
8.07344
8.07344
8.07344
8.07344
8.07344
8.07344
8.07344
8.07344
8.07344
4.84406
4.84406
4.84406
4.84406
4.84406
4.84406
4.84406
4.84406
4.84406
4.84406
4.84406
4.84406
4.84406
4.84405
4.84405
4.84405
4.84405
4.84405
4.84405
4.84406
4.84406
4.84406
4.84405
4.84405
4.84405
4.84405
4.84405
4.84405
4.84405
4.84405
4.84406
4.84405
4.84405
4.84405
4.84405
4.84405
4.84405
4.84405
4.84405
4.84405
4.84406
4.84405
4.84405
4.84405
4.84405
4.84405
4.84405
4.84405
4.84405
4.84405
4.84406
4.84405
4.84405
4.84405
4.84405
4.84405
4.84405
4.84405
4.84405
4.84405
4.84406
4.84405
4.84405
4.84405
4.84405
4.84405
4.84405
4.84405
4.84405
4.84405
4.84406
4.84405
4.84405
4.84405
4.84405
4.84405
4.84405
4.84405
4.84405
4.84405
4.84406
4.84405
4.84405
4.84405
4.84405
4.84405
4.84405
4.84405
4.84405
4.84405
4.84406
4.84406
4.84405
4.84405
4.84405
4.84405
4.84405
4.84405
4.84405
4.84405
1.61468
1.61468
1.61468
1.61468
1.61468
1.61468
1.61468
1.61468
1.61468
1.61468
1.61468
1.61468
1.61468
1.61468
1.61468
1.61468
1.61468
1.61468
1.61468
1.61468
1.61468
1.61468
1.61468
1.61468
1.61468
1.61468
1.61468
1.61468
1.61468
1.61468
1.61468
1.61468
1.61468
1.61468
1.61468
1.61468
1.61468
1.61468
1.61468
1.61468
1.61468
1.61468
1.61468
1.61468
1.61468
1.61467
1.61468
1.61468
1.61468
1.61468
1.61468
1.61468
1.61468
1.61468
1.61467
1.61467
1.61467
1.61468
1.61468
1.61468
1.61468
1.61468
1.61468
1.61468
1.61468
1.61467
1.61468
1.61468
1.61468
1.61468
1.61468
1.61468
1.61468
1.61468
1.61468
1.61468
1.61468
1.61468
1.61468
1.61468
1.61468
1.61468
1.61468
1.61468
1.61468
1.61468
1.61468
1.61468
1.61468
1.61468
1.61468
1.61468
1.61468
1.61468
1.61468
1.61468
1.61468
1.61468
1.61468
1.61468
)
;

boundaryField
{
    fixedWalls
    {
        type            zeroGradient;
    }
    inlet
    {
        type            fixedGradient;
        gradient        uniform 0;
    }
    outlet
    {
        type            fixedValue;
        value           uniform 0;
    }
}


// ************************************************************************* //
