/*--------------------------------*- C++ -*----------------------------------*\
| =========                 |                                                 |
| \\      /  F ield         | OpenFOAM: The Open Source CFD Toolbox           |
|  \\    /   O peration     | Version:  2106                                  |
|   \\  /    A nd           | Website:  www.openfoam.com                      |
|    \\/     M anipulation  |                                                 |
\*---------------------------------------------------------------------------*/
FoamFile
{
    version     2.0;
    format      ascii;
    arch        "LSB;label=32;scalar=64";
    class       volScalarField;
    location    "0.68";
    object      p;
}
// * * * * * * * * * * * * * * * * * * * * * * * * * * * * * * * * * * * * * //

dimensions      [0 2 -2 0 0 0 0];

internalField   nonuniform List<scalar> 
10000
(
98.218
97.6374
97.2728
97.0063
96.8681
96.8681
97.0063
97.2728
97.6374
98.218
89.1035
88.2558
87.6976
87.3029
87.0995
87.0995
87.3029
87.6976
88.2558
89.1035
81.5364
80.561
79.9244
79.4808
79.2533
79.2533
79.4808
79.9244
80.561
81.5364
76.3118
75.3097
74.6641
74.2209
73.9938
73.9938
74.2209
74.6641
75.3097
76.3118
72.3914
71.3965
70.7588
70.3297
70.1099
70.1099
70.3297
70.7588
71.3965
72.3914
69.216
68.2482
67.6263
67.218
67.0094
67.0094
67.218
67.6263
68.2482
69.216
66.597
65.6769
65.0804
64.6993
64.5053
64.5053
64.6993
65.0804
65.6769
66.597
64.428
63.5791
63.0203
62.6718
62.4951
62.4951
62.6718
63.0203
63.5791
64.428
62.6291
61.8676
61.3591
61.048
60.8904
60.8904
61.048
61.3591
61.8676
62.6291
61.2207
60.4593
60.0096
59.736
59.5974
59.5974
59.736
60.0096
60.4593
61.2207
62.3277
62.5001
62.6878
62.8143
62.8798
62.8798
62.8143
62.6878
62.5001
62.3277
62.7502
62.8447
62.9712
63.0523
63.0939
63.0939
63.0523
62.9712
62.8447
62.7502
62.7275
62.7247
62.7773
62.8056
62.8196
62.8196
62.8056
62.7773
62.7247
62.7275
62.3182
62.2253
62.21
62.1916
62.1816
62.1816
62.1916
62.21
62.2253
62.3182
61.7244
61.5577
61.4845
61.4287
61.3993
61.3993
61.4287
61.4845
61.5577
61.7244
61.0552
60.8328
60.7129
60.6291
60.5854
60.5854
60.6291
60.7129
60.8328
61.0552
60.3654
60.1075
59.9538
59.8517
59.7988
59.7988
59.8517
59.9538
60.1075
60.3654
59.6865
59.4168
59.2448
59.1342
59.077
59.077
59.1342
59.2448
59.4168
59.6865
59.0541
58.7887
58.6102
58.4981
58.4399
58.4399
58.4981
58.6102
58.7887
59.0541
58.5715
58.2241
58.0407
57.9279
57.8692
57.8692
57.9279
58.0407
58.2241
58.5715
57.7371
57.7227
57.7245
57.721
57.7195
57.7195
57.721
57.7245
57.7227
57.7371
58.1477
58.1312
58.1323
58.1273
58.1246
58.1246
58.1273
58.1323
58.1312
58.1477
58.4878
58.4529
58.4426
58.4278
58.4199
58.4199
58.4278
58.4426
58.4529
58.4878
58.5412
58.4731
58.4408
58.41
58.3937
58.3937
58.41
58.4408
58.4731
58.5412
58.3978
58.2945
58.2379
58.1912
58.1665
58.1665
58.1912
58.2379
58.2945
58.3978
58.1519
58.0181
57.9392
57.8792
57.8476
57.8476
57.8792
57.9392
58.0181
58.1519
57.8516
57.6956
57.5986
57.5292
57.4928
57.4928
57.5292
57.5986
57.6956
57.8516
57.5238
57.3576
57.2493
57.175
57.1361
57.1361
57.175
57.2493
57.3576
57.5238
57.2015
57.0326
56.917
56.8403
56.8003
56.8003
56.8403
56.917
57.0326
57.2015
56.9593
56.7265
56.6003
56.5199
56.4781
56.4781
56.5199
56.6003
56.7265
56.9593
53.0455
53.0652
53.0901
53.1061
53.1145
53.1145
53.1061
53.0901
53.0652
53.0455
53.2556
53.2791
53.3081
53.3264
53.3361
53.3361
53.3264
53.3081
53.2791
53.2556
53.434
53.4553
53.484
53.5015
53.5107
53.5107
53.5015
53.484
53.4553
53.434
53.5202
53.5311
53.553
53.5651
53.5714
53.5714
53.5651
53.553
53.5311
53.5202
53.5348
53.5314
53.543
53.5476
53.5499
53.5499
53.5476
53.543
53.5314
53.5348
53.5013
53.4832
53.4833
53.4803
53.4785
53.4785
53.4803
53.4833
53.4832
53.5013
53.4334
53.4025
53.3919
53.3822
53.3769
53.3769
53.3822
53.3919
53.4025
53.4334
53.3407
53.3018
53.2829
53.2682
53.2601
53.2601
53.2682
53.2829
53.3018
53.3407
53.2412
53.1965
53.1695
53.1502
53.1396
53.1396
53.1502
53.1695
53.1965
53.2412
53.1802
53.0917
53.0508
53.024
53.0099
53.0099
53.024
53.0508
53.0917
53.1802
49.8467
49.8468
49.8488
49.8489
49.849
49.849
49.8489
49.8488
49.8468
49.8467
49.9452
49.9489
49.9541
49.9563
49.9575
49.9575
49.9563
49.9541
49.9489
49.9452
50.0457
50.0509
50.0578
50.0608
50.0624
50.0624
50.0608
50.0578
50.0509
50.0457
50.1141
50.1173
50.1231
50.1251
50.126
50.126
50.1251
50.1231
50.1173
50.1141
50.1525
50.1513
50.1543
50.154
50.1537
50.1537
50.154
50.1543
50.1513
50.1525
50.1677
50.1611
50.1603
50.1573
50.1555
50.1555
50.1573
50.1603
50.1611
50.1677
50.1644
50.1527
50.148
50.1424
50.1392
50.1392
50.1424
50.148
50.1527
50.1644
50.1471
50.1318
50.1236
50.1159
50.1116
50.1116
50.1159
50.1236
50.1318
50.1471
50.125
50.1063
50.0938
50.0837
50.0782
50.0782
50.0837
50.0938
50.1063
50.125
50.1197
50.078
50.0574
50.0431
50.0355
50.0355
50.0431
50.0574
50.078
50.1197
46.5505
46.5535
46.5573
46.5594
46.5606
46.5606
46.5594
46.5573
46.5535
46.5505
46.5915
46.5964
46.6017
46.6049
46.6067
46.6067
46.6049
46.6017
46.5964
46.5915
46.6334
46.6393
46.6459
46.6499
46.652
46.652
46.6499
46.6459
46.6393
46.6334
46.665
46.6707
46.6775
46.6815
46.6836
46.6836
46.6815
46.6775
46.6707
46.665
46.6864
46.691
46.697
46.7003
46.702
46.702
46.7003
46.697
46.691
46.6864
46.6991
46.7018
46.7065
46.7088
46.71
46.71
46.7088
46.7065
46.7018
46.6991
46.704
46.7047
46.7078
46.709
46.7095
46.7095
46.709
46.7078
46.7047
46.704
46.7024
46.7015
46.703
46.7031
46.703
46.703
46.7031
46.703
46.7015
46.7024
46.6983
46.6956
46.6948
46.6934
46.6925
46.6925
46.6934
46.6948
46.6956
46.6983
46.7025
46.688
46.6822
46.678
46.6758
46.6758
46.678
46.6822
46.688
46.7025
43.3794
43.3798
43.3804
43.3806
43.3806
43.3806
43.3806
43.3804
43.3798
43.3794
43.3967
43.398
43.3993
43.4
43.4004
43.4004
43.4
43.3993
43.398
43.3967
43.4164
43.4184
43.4205
43.4216
43.4222
43.4222
43.4216
43.4205
43.4184
43.4164
43.4333
43.4357
43.4382
43.4394
43.4401
43.4401
43.4394
43.4382
43.4357
43.4333
43.4471
43.4494
43.4519
43.4531
43.4537
43.4537
43.4531
43.4519
43.4494
43.4471
43.4579
43.4598
43.462
43.463
43.4635
43.4635
43.463
43.462
43.4598
43.4579
43.4657
43.4671
43.469
43.4696
43.4699
43.4699
43.4696
43.469
43.4671
43.4657
43.471
43.472
43.4734
43.4737
43.4737
43.4737
43.4737
43.4734
43.472
43.471
43.4756
43.4758
43.4762
43.4759
43.4756
43.4756
43.4759
43.4762
43.4758
43.4756
43.4836
43.4786
43.4767
43.4752
43.4743
43.4743
43.4752
43.4767
43.4786
43.4836
40.1724
40.1729
40.1736
40.174
40.1741
40.1741
40.174
40.1736
40.1729
40.1724
40.179
40.1799
40.1809
40.1815
40.1818
40.1818
40.1815
40.1809
40.1799
40.179
40.1865
40.1878
40.1891
40.19
40.1904
40.1904
40.19
40.1891
40.1878
40.1865
40.1934
40.195
40.1965
40.1975
40.198
40.198
40.1975
40.1965
40.195
40.1934
40.1995
40.2011
40.2028
40.2038
40.2043
40.2043
40.2038
40.2028
40.2011
40.1995
40.2046
40.2062
40.2078
40.2088
40.2092
40.2092
40.2088
40.2078
40.2062
40.2046
40.2086
40.2101
40.2116
40.2125
40.2129
40.2129
40.2125
40.2116
40.2101
40.2086
40.2116
40.2129
40.2143
40.215
40.2153
40.2153
40.215
40.2143
40.2129
40.2116
40.2143
40.2153
40.2162
40.2166
40.2168
40.2168
40.2166
40.2162
40.2153
40.2143
40.2185
40.2172
40.217
40.2168
40.2166
40.2166
40.2168
40.217
40.2172
40.2185
36.9723
36.9724
36.9725
36.9725
36.9726
36.9726
36.9725
36.9725
36.9724
36.9723
36.9747
36.975
36.9753
36.9754
36.9755
36.9755
36.9754
36.9753
36.975
36.9747
36.9779
36.9784
36.9788
36.979
36.9792
36.9792
36.979
36.9788
36.9784
36.9779
36.9811
36.9818
36.9823
36.9827
36.9828
36.9828
36.9827
36.9823
36.9818
36.9811
36.9843
36.985
36.9857
36.9861
36.9863
36.9863
36.9861
36.9857
36.985
36.9843
36.9872
36.9881
36.9888
36.9892
36.9894
36.9894
36.9892
36.9888
36.9881
36.9872
36.99
36.9908
36.9916
36.992
36.9922
36.9922
36.992
36.9916
36.9908
36.99
36.9924
36.9932
36.994
36.9944
36.9946
36.9946
36.9944
36.994
36.9932
36.9924
36.9948
36.9955
36.9962
36.9964
36.9966
36.9966
36.9964
36.9962
36.9955
36.9948
36.9977
36.9977
36.9978
36.9979
36.9979
36.9979
36.9979
36.9978
36.9977
36.9977
33.7615
33.7616
33.7617
33.7618
33.7618
33.7618
33.7618
33.7617
33.7616
33.7615
33.7623
33.7625
33.7626
33.7627
33.7628
33.7628
33.7627
33.7626
33.7625
33.7623
33.7633
33.7636
33.7638
33.764
33.764
33.764
33.764
33.7638
33.7636
33.7633
33.7645
33.7649
33.7652
33.7653
33.7655
33.7655
33.7653
33.7652
33.7649
33.7645
33.7658
33.7662
33.7665
33.7668
33.7669
33.7669
33.7668
33.7665
33.7662
33.7658
33.767
33.7675
33.7679
33.7681
33.7682
33.7682
33.7681
33.7679
33.7675
33.767
33.7682
33.7687
33.7691
33.7694
33.7695
33.7695
33.7694
33.7691
33.7687
33.7682
33.7693
33.7698
33.7702
33.7705
33.7706
33.7706
33.7705
33.7702
33.7698
33.7693
33.7704
33.7709
33.7712
33.7715
33.7716
33.7716
33.7715
33.7712
33.7709
33.7704
33.7717
33.7718
33.772
33.7721
33.7722
33.7722
33.7721
33.772
33.7718
33.7717
30.5496
30.5496
30.5496
30.5496
30.5496
30.5496
30.5496
30.5496
30.5496
30.5496
30.5498
30.5499
30.5499
30.5499
30.5499
30.5499
30.5499
30.5499
30.5499
30.5498
30.5502
30.5503
30.5503
30.5504
30.5504
30.5504
30.5504
30.5503
30.5503
30.5502
30.5507
30.5508
30.5509
30.551
30.551
30.551
30.551
30.5509
30.5508
30.5507
30.5512
30.5514
30.5515
30.5516
30.5517
30.5517
30.5516
30.5515
30.5514
30.5512
30.5519
30.5521
30.5522
30.5523
30.5524
30.5524
30.5523
30.5522
30.5521
30.5519
30.5525
30.5527
30.5529
30.553
30.5531
30.5531
30.553
30.5529
30.5527
30.5525
30.5531
30.5534
30.5536
30.5537
30.5538
30.5538
30.5537
30.5536
30.5534
30.5531
30.5538
30.5541
30.5543
30.5544
30.5544
30.5544
30.5544
30.5543
30.5541
30.5538
30.5546
30.5547
30.5549
30.5549
30.555
30.555
30.5549
30.5549
30.5547
30.5546
27.335
27.335
27.335
27.335
27.335
27.335
27.335
27.335
27.335
27.335
27.335
27.335
27.335
27.3351
27.3351
27.3351
27.3351
27.335
27.335
27.335
27.3351
27.3351
27.3351
27.3352
27.3352
27.3352
27.3352
27.3351
27.3351
27.3351
27.3352
27.3353
27.3353
27.3354
27.3354
27.3354
27.3354
27.3353
27.3353
27.3352
27.3354
27.3355
27.3356
27.3356
27.3356
27.3356
27.3356
27.3356
27.3355
27.3354
27.3357
27.3358
27.3358
27.3359
27.3359
27.3359
27.3359
27.3358
27.3358
27.3357
27.3359
27.336
27.3361
27.3362
27.3362
27.3362
27.3362
27.3361
27.336
27.3359
27.3362
27.3363
27.3364
27.3365
27.3365
27.3365
27.3365
27.3364
27.3363
27.3362
27.3364
27.3366
27.3367
27.3367
27.3368
27.3368
27.3367
27.3367
27.3366
27.3364
27.3367
27.3369
27.3369
27.337
27.337
27.337
27.337
27.3369
27.3369
27.3367
24.1198
24.1198
24.1198
24.1198
24.1198
24.1198
24.1198
24.1198
24.1198
24.1198
24.1198
24.1198
24.1198
24.1198
24.1198
24.1198
24.1198
24.1198
24.1198
24.1198
24.1198
24.1198
24.1198
24.1198
24.1198
24.1198
24.1198
24.1198
24.1198
24.1198
24.1198
24.1199
24.1199
24.1199
24.1199
24.1199
24.1199
24.1199
24.1199
24.1198
24.1199
24.12
24.12
24.12
24.12
24.12
24.12
24.12
24.12
24.1199
24.12
24.1201
24.1201
24.1201
24.1201
24.1201
24.1201
24.1201
24.1201
24.12
24.1202
24.1202
24.1202
24.1203
24.1203
24.1203
24.1203
24.1202
24.1202
24.1202
24.1203
24.1203
24.1204
24.1204
24.1204
24.1204
24.1204
24.1204
24.1203
24.1203
24.1204
24.1205
24.1205
24.1206
24.1206
24.1206
24.1206
24.1205
24.1205
24.1204
24.1206
24.1206
24.1207
24.1207
24.1207
24.1207
24.1207
24.1207
24.1206
24.1206
20.904
20.904
20.904
20.904
20.904
20.904
20.904
20.904
20.904
20.904
20.904
20.904
20.904
20.904
20.904
20.904
20.904
20.904
20.904
20.904
20.904
20.904
20.904
20.904
20.904
20.904
20.904
20.904
20.904
20.904
20.904
20.904
20.904
20.904
20.904
20.904
20.904
20.904
20.904
20.904
20.904
20.904
20.9041
20.9041
20.9041
20.9041
20.9041
20.9041
20.904
20.904
20.9041
20.9041
20.9041
20.9041
20.9041
20.9041
20.9041
20.9041
20.9041
20.9041
20.9041
20.9041
20.9042
20.9042
20.9042
20.9042
20.9042
20.9042
20.9041
20.9041
20.9042
20.9042
20.9042
20.9042
20.9042
20.9042
20.9042
20.9042
20.9042
20.9042
20.9042
20.9042
20.9043
20.9043
20.9043
20.9043
20.9043
20.9043
20.9042
20.9042
20.9043
20.9043
20.9043
20.9043
20.9043
20.9043
20.9043
20.9043
20.9043
20.9043
17.6882
17.6882
17.6882
17.6882
17.6882
17.6882
17.6882
17.6882
17.6882
17.6882
17.6881
17.6881
17.6881
17.6881
17.6881
17.6881
17.6881
17.6881
17.6881
17.6881
17.6881
17.6881
17.6881
17.6881
17.6881
17.6881
17.6881
17.6881
17.6881
17.6881
17.6881
17.6881
17.6881
17.6881
17.6881
17.6881
17.6881
17.6881
17.6881
17.6881
17.6881
17.6881
17.6881
17.6881
17.6881
17.6881
17.6881
17.6881
17.6881
17.6881
17.6881
17.6882
17.6882
17.6882
17.6882
17.6882
17.6882
17.6882
17.6882
17.6881
17.6882
17.6882
17.6882
17.6882
17.6882
17.6882
17.6882
17.6882
17.6882
17.6882
17.6882
17.6882
17.6882
17.6882
17.6882
17.6882
17.6882
17.6882
17.6882
17.6882
17.6882
17.6882
17.6882
17.6882
17.6882
17.6882
17.6882
17.6882
17.6882
17.6882
17.6882
17.6883
17.6883
17.6883
17.6883
17.6883
17.6883
17.6883
17.6883
17.6882
14.4722
14.4722
14.4722
14.4722
14.4722
14.4722
14.4722
14.4722
14.4722
14.4722
14.4721
14.4721
14.4721
14.4721
14.4721
14.4721
14.4721
14.4721
14.4721
14.4721
14.4721
14.4721
14.4721
14.4721
14.4721
14.4721
14.4721
14.4721
14.4721
14.4721
14.4721
14.4721
14.4721
14.4721
14.4721
14.4721
14.4721
14.4721
14.4721
14.4721
14.4721
14.4721
14.4721
14.4721
14.4721
14.4721
14.4721
14.4721
14.4721
14.4721
14.4721
14.4721
14.4721
14.4721
14.4721
14.4721
14.4721
14.4721
14.4721
14.4721
14.4721
14.4721
14.4722
14.4722
14.4722
14.4722
14.4722
14.4722
14.4721
14.4721
14.4722
14.4722
14.4722
14.4722
14.4722
14.4722
14.4722
14.4722
14.4722
14.4722
14.4722
14.4722
14.4722
14.4722
14.4722
14.4722
14.4722
14.4722
14.4722
14.4722
14.4722
14.4722
14.4722
14.4722
14.4722
14.4722
14.4722
14.4722
14.4722
14.4722
11.2561
11.2561
11.2561
11.2561
11.2561
11.2561
11.2561
11.2561
11.2561
11.2561
11.2561
11.2561
11.2561
11.2561
11.2561
11.2561
11.2561
11.2561
11.2561
11.2561
11.2561
11.2561
11.2561
11.2561
11.2561
11.2561
11.2561
11.2561
11.2561
11.2561
11.2561
11.2561
11.2561
11.2561
11.2561
11.2561
11.2561
11.2561
11.2561
11.2561
11.2561
11.2561
11.2561
11.2561
11.2561
11.2561
11.2561
11.2561
11.2561
11.2561
11.2561
11.2561
11.2561
11.2561
11.2561
11.2561
11.2561
11.2561
11.2561
11.2561
11.2561
11.2561
11.2561
11.2561
11.2561
11.2561
11.2561
11.2561
11.2561
11.2561
11.2561
11.2561
11.2561
11.2561
11.2561
11.2561
11.2561
11.2561
11.2561
11.2561
11.2561
11.2561
11.2561
11.2561
11.2561
11.2561
11.2561
11.2561
11.2561
11.2561
11.2561
11.2561
11.2561
11.2561
11.2561
11.2561
11.2561
11.2561
11.2561
11.2561
8.0401
8.0401
8.0401
8.0401
8.0401
8.0401
8.0401
8.0401
8.0401
8.0401
8.0401
8.0401
8.0401
8.0401
8.0401
8.0401
8.0401
8.0401
8.0401
8.0401
8.04009
8.04009
8.04009
8.04009
8.04009
8.04009
8.04009
8.04009
8.04009
8.04009
8.04009
8.04009
8.04009
8.04009
8.04009
8.04009
8.04009
8.04009
8.04009
8.04009
8.04009
8.04009
8.04009
8.04009
8.04009
8.04009
8.04009
8.04009
8.04009
8.04009
8.04009
8.04009
8.04009
8.04009
8.04009
8.04009
8.04009
8.04009
8.04009
8.04009
8.04009
8.04009
8.04009
8.04009
8.04009
8.04009
8.04009
8.04009
8.04009
8.04009
8.04009
8.04009
8.04009
8.04009
8.04009
8.04009
8.04009
8.04009
8.04009
8.04009
8.04009
8.04009
8.04009
8.04009
8.04009
8.04009
8.04009
8.04009
8.04009
8.04009
8.04009
8.04009
8.0401
8.0401
8.0401
8.0401
8.0401
8.0401
8.04009
8.04009
4.82406
4.82406
4.82406
4.82406
4.82406
4.82406
4.82406
4.82406
4.82406
4.82406
4.82406
4.82406
4.82406
4.82406
4.82406
4.82406
4.82406
4.82406
4.82406
4.82406
4.82406
4.82406
4.82406
4.82406
4.82406
4.82406
4.82406
4.82406
4.82406
4.82406
4.82406
4.82406
4.82406
4.82406
4.82406
4.82406
4.82406
4.82406
4.82406
4.82406
4.82406
4.82406
4.82406
4.82406
4.82406
4.82406
4.82406
4.82406
4.82406
4.82406
4.82406
4.82406
4.82406
4.82406
4.82406
4.82406
4.82406
4.82406
4.82406
4.82406
4.82406
4.82406
4.82406
4.82406
4.82406
4.82406
4.82406
4.82406
4.82406
4.82406
4.82406
4.82406
4.82406
4.82406
4.82406
4.82406
4.82406
4.82406
4.82406
4.82406
4.82406
4.82406
4.82406
4.82406
4.82406
4.82406
4.82406
4.82405
4.82405
4.82405
4.82405
4.82406
4.82405
4.82405
4.82405
4.82405
4.82405
4.82405
4.82405
4.82405
1.60802
1.60802
1.60802
1.60802
1.60802
1.60802
1.60802
1.60802
1.60802
1.60802
1.60802
1.60802
1.60802
1.60802
1.60802
1.60802
1.60802
1.60802
1.60802
1.60802
1.60802
1.60802
1.60802
1.60802
1.60802
1.60802
1.60802
1.60802
1.60802
1.60802
1.60802
1.60802
1.60802
1.60802
1.60802
1.60802
1.60802
1.60802
1.60802
1.60802
1.60802
1.60802
1.60802
1.60802
1.60802
1.60802
1.60802
1.60802
1.60802
1.60802
1.60802
1.60802
1.60802
1.60802
1.60802
1.60802
1.60802
1.60802
1.60802
1.60802
1.60802
1.60802
1.60802
1.60802
1.60802
1.60802
1.60802
1.60802
1.60802
1.60802
1.60802
1.60802
1.60802
1.60802
1.60802
1.60802
1.60802
1.60802
1.60802
1.60802
1.60802
1.60802
1.60802
1.60802
1.60802
1.60802
1.60802
1.60802
1.60802
1.60802
1.60801
1.60801
1.60801
1.60801
1.60801
1.60801
1.60801
1.60801
1.60801
1.60801
98.218
97.6374
97.2728
97.0063
96.8681
96.8681
97.0063
97.2728
97.6374
98.218
89.1035
88.2558
87.6976
87.3029
87.0995
87.0995
87.3029
87.6976
88.2558
89.1035
81.5364
80.561
79.9244
79.4808
79.2533
79.2533
79.4808
79.9244
80.561
81.5364
76.3118
75.3097
74.6641
74.2209
73.9938
73.9938
74.2209
74.6641
75.3097
76.3118
72.3914
71.3965
70.7588
70.3297
70.1099
70.1099
70.3297
70.7588
71.3965
72.3914
69.216
68.2482
67.6263
67.218
67.0094
67.0094
67.218
67.6263
68.2482
69.216
66.597
65.6769
65.0804
64.6993
64.5053
64.5053
64.6993
65.0804
65.6769
66.597
64.428
63.5791
63.0203
62.6718
62.4951
62.4951
62.6718
63.0203
63.5791
64.428
62.6291
61.8676
61.3591
61.048
60.8904
60.8904
61.048
61.3591
61.8676
62.6291
61.2207
60.4593
60.0096
59.736
59.5974
59.5974
59.736
60.0096
60.4593
61.2207
62.3277
62.5001
62.6878
62.8143
62.8798
62.8798
62.8143
62.6878
62.5001
62.3277
62.7502
62.8447
62.9712
63.0523
63.0939
63.0939
63.0523
62.9712
62.8447
62.7502
62.7275
62.7247
62.7773
62.8056
62.8196
62.8196
62.8056
62.7773
62.7247
62.7275
62.3182
62.2253
62.21
62.1916
62.1816
62.1816
62.1916
62.21
62.2253
62.3182
61.7244
61.5577
61.4845
61.4287
61.3993
61.3993
61.4287
61.4845
61.5577
61.7244
61.0552
60.8328
60.7129
60.6291
60.5854
60.5854
60.6291
60.7129
60.8328
61.0552
60.3654
60.1075
59.9538
59.8517
59.7988
59.7988
59.8517
59.9538
60.1075
60.3654
59.6865
59.4168
59.2448
59.1342
59.077
59.077
59.1342
59.2448
59.4168
59.6865
59.0541
58.7887
58.6102
58.4981
58.4399
58.4399
58.4981
58.6102
58.7887
59.0541
58.5715
58.2241
58.0407
57.9279
57.8692
57.8692
57.9279
58.0407
58.2241
58.5715
57.7371
57.7227
57.7245
57.721
57.7195
57.7195
57.721
57.7245
57.7227
57.7371
58.1477
58.1312
58.1323
58.1273
58.1246
58.1246
58.1273
58.1323
58.1312
58.1477
58.4878
58.4529
58.4426
58.4278
58.4199
58.4199
58.4278
58.4426
58.4529
58.4878
58.5412
58.4731
58.4408
58.41
58.3937
58.3937
58.41
58.4408
58.4731
58.5412
58.3978
58.2945
58.238
58.1912
58.1665
58.1665
58.1912
58.238
58.2945
58.3978
58.1519
58.0181
57.9392
57.8792
57.8476
57.8476
57.8792
57.9392
58.0181
58.1519
57.8516
57.6956
57.5986
57.5292
57.4928
57.4928
57.5292
57.5986
57.6956
57.8516
57.5238
57.3576
57.2493
57.175
57.1361
57.1361
57.175
57.2493
57.3576
57.5238
57.2015
57.0326
56.917
56.8403
56.8003
56.8003
56.8403
56.917
57.0326
57.2015
56.9593
56.7265
56.6003
56.5199
56.4781
56.4781
56.5199
56.6003
56.7265
56.9593
53.0455
53.0652
53.0901
53.1061
53.1145
53.1145
53.1061
53.0901
53.0652
53.0455
53.2556
53.2791
53.3081
53.3264
53.3361
53.3361
53.3264
53.3081
53.2791
53.2556
53.434
53.4553
53.484
53.5015
53.5107
53.5107
53.5015
53.484
53.4553
53.434
53.5202
53.5311
53.553
53.5651
53.5714
53.5714
53.5651
53.553
53.5311
53.5202
53.5348
53.5314
53.543
53.5476
53.5499
53.5499
53.5476
53.543
53.5315
53.5348
53.5013
53.4832
53.4833
53.4803
53.4785
53.4785
53.4803
53.4833
53.4832
53.5013
53.4334
53.4025
53.3919
53.3822
53.3769
53.3769
53.3822
53.3919
53.4025
53.4334
53.3407
53.3018
53.2829
53.2682
53.2601
53.2601
53.2682
53.2829
53.3018
53.3407
53.2412
53.1965
53.1695
53.1502
53.1396
53.1396
53.1502
53.1695
53.1965
53.2413
53.1802
53.0917
53.0508
53.024
53.0099
53.0099
53.024
53.0508
53.0917
53.1802
49.8467
49.8468
49.8488
49.8489
49.849
49.849
49.8489
49.8488
49.8468
49.8467
49.9452
49.9489
49.9541
49.9563
49.9575
49.9575
49.9563
49.9541
49.9489
49.9452
50.0457
50.0509
50.0578
50.0608
50.0624
50.0624
50.0608
50.0578
50.0509
50.0457
50.1141
50.1173
50.1231
50.1251
50.126
50.126
50.1251
50.1231
50.1173
50.1141
50.1525
50.1513
50.1543
50.154
50.1537
50.1537
50.154
50.1543
50.1513
50.1525
50.1677
50.1611
50.1603
50.1573
50.1555
50.1555
50.1573
50.1603
50.1611
50.1677
50.1644
50.1527
50.148
50.1424
50.1392
50.1392
50.1424
50.148
50.1527
50.1644
50.1471
50.1318
50.1236
50.1159
50.1116
50.1116
50.1159
50.1236
50.1318
50.1471
50.125
50.1063
50.0938
50.0837
50.0782
50.0782
50.0837
50.0938
50.1063
50.125
50.1197
50.078
50.0574
50.0431
50.0355
50.0355
50.0431
50.0574
50.078
50.1197
46.5505
46.5535
46.5573
46.5594
46.5606
46.5606
46.5594
46.5573
46.5536
46.5505
46.5915
46.5964
46.6017
46.6049
46.6067
46.6067
46.6049
46.6017
46.5964
46.5916
46.6334
46.6393
46.6459
46.6499
46.652
46.652
46.6499
46.6459
46.6393
46.6334
46.665
46.6707
46.6775
46.6815
46.6836
46.6836
46.6815
46.6775
46.6707
46.665
46.6864
46.691
46.697
46.7003
46.7021
46.7021
46.7003
46.697
46.691
46.6864
46.6991
46.7018
46.7065
46.7088
46.71
46.71
46.7088
46.7065
46.7018
46.6991
46.704
46.7047
46.7078
46.709
46.7095
46.7095
46.709
46.7078
46.7047
46.704
46.7024
46.7015
46.703
46.7031
46.703
46.703
46.7031
46.703
46.7015
46.7024
46.6983
46.6956
46.6948
46.6934
46.6925
46.6925
46.6934
46.6948
46.6956
46.6983
46.7025
46.688
46.6822
46.678
46.6758
46.6758
46.678
46.6822
46.688
46.7025
43.3794
43.3798
43.3804
43.3806
43.3806
43.3806
43.3806
43.3804
43.3798
43.3794
43.3967
43.398
43.3993
43.4
43.4004
43.4004
43.4
43.3993
43.398
43.3967
43.4164
43.4184
43.4205
43.4216
43.4222
43.4222
43.4216
43.4205
43.4184
43.4164
43.4333
43.4357
43.4382
43.4394
43.4401
43.4401
43.4394
43.4382
43.4357
43.4333
43.4471
43.4494
43.4519
43.4531
43.4537
43.4537
43.4531
43.4519
43.4494
43.4471
43.4579
43.4598
43.462
43.463
43.4635
43.4635
43.463
43.462
43.4598
43.4579
43.4657
43.4671
43.469
43.4696
43.4699
43.4699
43.4696
43.469
43.4671
43.4657
43.471
43.472
43.4734
43.4737
43.4737
43.4737
43.4737
43.4734
43.472
43.471
43.4756
43.4758
43.4762
43.4759
43.4756
43.4756
43.4759
43.4762
43.4758
43.4756
43.4836
43.4786
43.4767
43.4752
43.4743
43.4743
43.4752
43.4767
43.4786
43.4836
40.1724
40.1729
40.1736
40.174
40.1741
40.1741
40.174
40.1736
40.1729
40.1724
40.179
40.1799
40.1809
40.1815
40.1818
40.1818
40.1815
40.1809
40.1799
40.179
40.1865
40.1878
40.1891
40.19
40.1904
40.1904
40.19
40.1891
40.1878
40.1865
40.1934
40.195
40.1965
40.1975
40.198
40.198
40.1975
40.1965
40.195
40.1934
40.1995
40.2011
40.2028
40.2038
40.2043
40.2043
40.2038
40.2028
40.2011
40.1995
40.2046
40.2062
40.2078
40.2088
40.2092
40.2092
40.2088
40.2078
40.2062
40.2046
40.2086
40.2101
40.2116
40.2125
40.2129
40.2129
40.2125
40.2116
40.2101
40.2086
40.2116
40.2129
40.2143
40.215
40.2153
40.2153
40.215
40.2143
40.2129
40.2116
40.2143
40.2153
40.2162
40.2166
40.2168
40.2168
40.2166
40.2162
40.2153
40.2143
40.2185
40.2172
40.217
40.2168
40.2166
40.2166
40.2168
40.217
40.2172
40.2185
36.9723
36.9724
36.9725
36.9725
36.9726
36.9726
36.9725
36.9725
36.9724
36.9723
36.9747
36.975
36.9753
36.9754
36.9755
36.9755
36.9754
36.9753
36.975
36.9747
36.9779
36.9784
36.9788
36.979
36.9792
36.9792
36.979
36.9788
36.9784
36.9779
36.9811
36.9818
36.9823
36.9827
36.9828
36.9828
36.9827
36.9823
36.9818
36.9811
36.9843
36.985
36.9857
36.9861
36.9863
36.9863
36.9861
36.9857
36.985
36.9843
36.9872
36.9881
36.9888
36.9892
36.9894
36.9894
36.9892
36.9888
36.9881
36.9872
36.99
36.9908
36.9916
36.992
36.9922
36.9922
36.992
36.9916
36.9908
36.99
36.9924
36.9932
36.994
36.9944
36.9946
36.9946
36.9944
36.994
36.9932
36.9924
36.9948
36.9955
36.9962
36.9964
36.9966
36.9966
36.9964
36.9962
36.9955
36.9948
36.9977
36.9977
36.9978
36.9979
36.9979
36.9979
36.9979
36.9978
36.9977
36.9977
33.7615
33.7616
33.7617
33.7618
33.7618
33.7618
33.7618
33.7617
33.7616
33.7615
33.7623
33.7625
33.7626
33.7627
33.7628
33.7628
33.7627
33.7626
33.7625
33.7623
33.7633
33.7636
33.7638
33.764
33.764
33.764
33.764
33.7638
33.7636
33.7634
33.7645
33.7649
33.7652
33.7653
33.7655
33.7655
33.7653
33.7652
33.7649
33.7645
33.7658
33.7662
33.7665
33.7668
33.7669
33.7669
33.7668
33.7665
33.7662
33.7658
33.767
33.7675
33.7679
33.7681
33.7682
33.7682
33.7681
33.7679
33.7675
33.767
33.7682
33.7687
33.7691
33.7694
33.7695
33.7695
33.7694
33.7691
33.7687
33.7682
33.7693
33.7698
33.7702
33.7705
33.7706
33.7706
33.7705
33.7702
33.7698
33.7693
33.7704
33.7709
33.7712
33.7715
33.7716
33.7716
33.7715
33.7712
33.7709
33.7704
33.7717
33.7718
33.772
33.7721
33.7722
33.7722
33.7721
33.772
33.7718
33.7717
30.5496
30.5496
30.5496
30.5496
30.5496
30.5496
30.5496
30.5496
30.5496
30.5496
30.5498
30.5499
30.5499
30.5499
30.5499
30.5499
30.5499
30.5499
30.5499
30.5498
30.5502
30.5503
30.5503
30.5504
30.5504
30.5504
30.5504
30.5503
30.5503
30.5502
30.5507
30.5508
30.5509
30.551
30.551
30.551
30.551
30.5509
30.5508
30.5507
30.5512
30.5514
30.5515
30.5516
30.5517
30.5517
30.5516
30.5515
30.5514
30.5512
30.5519
30.5521
30.5522
30.5523
30.5524
30.5524
30.5523
30.5522
30.5521
30.5519
30.5525
30.5527
30.5529
30.553
30.5531
30.5531
30.5531
30.5529
30.5527
30.5525
30.5531
30.5534
30.5536
30.5537
30.5538
30.5538
30.5537
30.5536
30.5534
30.5531
30.5538
30.5541
30.5543
30.5544
30.5544
30.5544
30.5544
30.5543
30.5541
30.5538
30.5546
30.5547
30.5549
30.5549
30.555
30.555
30.5549
30.5549
30.5547
30.5546
27.335
27.335
27.335
27.335
27.335
27.335
27.335
27.335
27.335
27.335
27.335
27.335
27.335
27.3351
27.3351
27.3351
27.3351
27.335
27.335
27.335
27.3351
27.3351
27.3351
27.3352
27.3352
27.3352
27.3352
27.3351
27.3351
27.3351
27.3352
27.3353
27.3353
27.3354
27.3354
27.3354
27.3354
27.3353
27.3353
27.3352
27.3354
27.3355
27.3356
27.3356
27.3356
27.3356
27.3356
27.3356
27.3355
27.3354
27.3357
27.3358
27.3358
27.3359
27.3359
27.3359
27.3359
27.3358
27.3358
27.3357
27.3359
27.336
27.3361
27.3362
27.3362
27.3362
27.3362
27.3361
27.336
27.3359
27.3362
27.3363
27.3364
27.3365
27.3365
27.3365
27.3365
27.3364
27.3363
27.3362
27.3364
27.3366
27.3367
27.3367
27.3368
27.3368
27.3367
27.3367
27.3366
27.3364
27.3367
27.3369
27.3369
27.337
27.337
27.337
27.337
27.3369
27.3369
27.3367
24.1198
24.1198
24.1198
24.1198
24.1198
24.1198
24.1198
24.1198
24.1198
24.1198
24.1198
24.1198
24.1198
24.1198
24.1198
24.1198
24.1198
24.1198
24.1198
24.1198
24.1198
24.1198
24.1198
24.1198
24.1198
24.1198
24.1198
24.1198
24.1198
24.1198
24.1198
24.1199
24.1199
24.1199
24.1199
24.1199
24.1199
24.1199
24.1199
24.1198
24.1199
24.12
24.12
24.12
24.12
24.12
24.12
24.12
24.12
24.1199
24.12
24.1201
24.1201
24.1201
24.1201
24.1201
24.1201
24.1201
24.1201
24.12
24.1202
24.1202
24.1202
24.1203
24.1203
24.1203
24.1203
24.1202
24.1202
24.1202
24.1203
24.1203
24.1204
24.1204
24.1204
24.1204
24.1204
24.1204
24.1203
24.1203
24.1204
24.1205
24.1205
24.1206
24.1206
24.1206
24.1206
24.1205
24.1205
24.1204
24.1206
24.1206
24.1207
24.1207
24.1207
24.1207
24.1207
24.1207
24.1206
24.1206
20.904
20.904
20.904
20.904
20.904
20.904
20.904
20.904
20.904
20.904
20.904
20.904
20.904
20.904
20.904
20.904
20.904
20.904
20.904
20.904
20.904
20.904
20.904
20.904
20.904
20.904
20.904
20.904
20.904
20.904
20.904
20.904
20.904
20.904
20.904
20.904
20.904
20.904
20.904
20.904
20.904
20.904
20.9041
20.9041
20.9041
20.9041
20.9041
20.9041
20.904
20.904
20.9041
20.9041
20.9041
20.9041
20.9041
20.9041
20.9041
20.9041
20.9041
20.9041
20.9041
20.9041
20.9042
20.9042
20.9042
20.9042
20.9042
20.9042
20.9041
20.9041
20.9042
20.9042
20.9042
20.9042
20.9042
20.9042
20.9042
20.9042
20.9042
20.9042
20.9042
20.9042
20.9043
20.9043
20.9043
20.9043
20.9043
20.9043
20.9042
20.9042
20.9043
20.9043
20.9043
20.9043
20.9043
20.9043
20.9043
20.9043
20.9043
20.9043
17.6882
17.6882
17.6882
17.6882
17.6882
17.6882
17.6882
17.6882
17.6882
17.6882
17.6881
17.6881
17.6881
17.6881
17.6881
17.6881
17.6881
17.6881
17.6881
17.6881
17.6881
17.6881
17.6881
17.6881
17.6881
17.6881
17.6881
17.6881
17.6881
17.6881
17.6881
17.6881
17.6881
17.6881
17.6881
17.6881
17.6881
17.6881
17.6881
17.6881
17.6881
17.6881
17.6881
17.6881
17.6881
17.6881
17.6881
17.6881
17.6881
17.6881
17.6881
17.6882
17.6882
17.6882
17.6882
17.6882
17.6882
17.6882
17.6882
17.6881
17.6882
17.6882
17.6882
17.6882
17.6882
17.6882
17.6882
17.6882
17.6882
17.6882
17.6882
17.6882
17.6882
17.6882
17.6882
17.6882
17.6882
17.6882
17.6882
17.6882
17.6882
17.6882
17.6882
17.6882
17.6882
17.6882
17.6882
17.6882
17.6882
17.6882
17.6882
17.6883
17.6883
17.6883
17.6883
17.6883
17.6883
17.6883
17.6883
17.6882
14.4722
14.4722
14.4722
14.4722
14.4722
14.4722
14.4722
14.4722
14.4722
14.4722
14.4721
14.4721
14.4721
14.4721
14.4721
14.4721
14.4721
14.4721
14.4721
14.4721
14.4721
14.4721
14.4721
14.4721
14.4721
14.4721
14.4721
14.4721
14.4721
14.4721
14.4721
14.4721
14.4721
14.4721
14.4721
14.4721
14.4721
14.4721
14.4721
14.4721
14.4721
14.4721
14.4721
14.4721
14.4721
14.4721
14.4721
14.4721
14.4721
14.4721
14.4721
14.4721
14.4721
14.4721
14.4721
14.4721
14.4721
14.4721
14.4721
14.4721
14.4721
14.4721
14.4722
14.4722
14.4722
14.4722
14.4722
14.4722
14.4721
14.4721
14.4722
14.4722
14.4722
14.4722
14.4722
14.4722
14.4722
14.4722
14.4722
14.4722
14.4722
14.4722
14.4722
14.4722
14.4722
14.4722
14.4722
14.4722
14.4722
14.4722
14.4722
14.4722
14.4722
14.4722
14.4722
14.4722
14.4722
14.4722
14.4722
14.4722
11.2561
11.2561
11.2561
11.2561
11.2561
11.2561
11.2561
11.2561
11.2561
11.2561
11.2561
11.2561
11.2561
11.2561
11.2561
11.2561
11.2561
11.2561
11.2561
11.2561
11.2561
11.2561
11.2561
11.2561
11.2561
11.2561
11.2561
11.2561
11.2561
11.2561
11.2561
11.2561
11.2561
11.2561
11.2561
11.2561
11.2561
11.2561
11.2561
11.2561
11.2561
11.2561
11.2561
11.2561
11.2561
11.2561
11.2561
11.2561
11.2561
11.2561
11.2561
11.2561
11.2561
11.2561
11.2561
11.2561
11.2561
11.2561
11.2561
11.2561
11.2561
11.2561
11.2561
11.2561
11.2561
11.2561
11.2561
11.2561
11.2561
11.2561
11.2561
11.2561
11.2561
11.2561
11.2561
11.2561
11.2561
11.2561
11.2561
11.2561
11.2561
11.2561
11.2561
11.2561
11.2561
11.2561
11.2561
11.2561
11.2561
11.2561
11.2561
11.2561
11.2561
11.2561
11.2561
11.2561
11.2561
11.2561
11.2561
11.2561
8.0401
8.0401
8.0401
8.0401
8.0401
8.0401
8.0401
8.0401
8.0401
8.0401
8.0401
8.0401
8.0401
8.0401
8.0401
8.0401
8.0401
8.0401
8.0401
8.0401
8.04009
8.04009
8.04009
8.04009
8.04009
8.04009
8.04009
8.04009
8.04009
8.04009
8.04009
8.04009
8.04009
8.04009
8.04009
8.04009
8.04009
8.04009
8.04009
8.04009
8.04009
8.04009
8.04009
8.04009
8.04009
8.04009
8.04009
8.04009
8.04009
8.04009
8.04009
8.04009
8.04009
8.04009
8.04009
8.04009
8.04009
8.04009
8.04009
8.04009
8.04009
8.04009
8.04009
8.04009
8.04009
8.04009
8.04009
8.04009
8.04009
8.04009
8.04009
8.04009
8.04009
8.04009
8.04009
8.04009
8.04009
8.04009
8.04009
8.04009
8.04009
8.04009
8.04009
8.04009
8.04009
8.04009
8.04009
8.04009
8.04009
8.04009
8.04009
8.04009
8.0401
8.0401
8.0401
8.0401
8.0401
8.0401
8.04009
8.04009
4.82406
4.82406
4.82406
4.82406
4.82406
4.82406
4.82406
4.82406
4.82406
4.82406
4.82406
4.82406
4.82406
4.82406
4.82406
4.82406
4.82406
4.82406
4.82406
4.82406
4.82406
4.82406
4.82406
4.82406
4.82406
4.82406
4.82406
4.82406
4.82406
4.82406
4.82406
4.82406
4.82406
4.82406
4.82406
4.82406
4.82406
4.82406
4.82406
4.82406
4.82406
4.82406
4.82406
4.82406
4.82406
4.82406
4.82406
4.82406
4.82406
4.82406
4.82406
4.82406
4.82406
4.82406
4.82406
4.82406
4.82406
4.82406
4.82406
4.82406
4.82406
4.82406
4.82406
4.82406
4.82406
4.82406
4.82406
4.82406
4.82406
4.82406
4.82406
4.82406
4.82406
4.82406
4.82405
4.82405
4.82405
4.82405
4.82405
4.82405
4.82406
4.82405
4.82405
4.82405
4.82405
4.82405
4.82405
4.82405
4.82405
4.82405
4.82405
4.82405
4.82405
4.82405
4.82405
4.82405
4.82405
4.82405
4.82405
4.82405
1.60802
1.60802
1.60802
1.60802
1.60802
1.60802
1.60802
1.60802
1.60802
1.60802
1.60802
1.60802
1.60802
1.60802
1.60802
1.60802
1.60802
1.60802
1.60802
1.60802
1.60802
1.60802
1.60802
1.60802
1.60802
1.60802
1.60802
1.60802
1.60802
1.60802
1.60802
1.60802
1.60802
1.60802
1.60802
1.60802
1.60802
1.60802
1.60802
1.60802
1.60802
1.60802
1.60802
1.60802
1.60802
1.60802
1.60802
1.60802
1.60802
1.60802
1.60802
1.60802
1.60802
1.60802
1.60802
1.60802
1.60802
1.60802
1.60802
1.60802
1.60802
1.60802
1.60802
1.60802
1.60802
1.60802
1.60802
1.60802
1.60802
1.60802
1.60802
1.60802
1.60802
1.60802
1.60802
1.60802
1.60802
1.60802
1.60802
1.60802
1.60802
1.60802
1.60802
1.60802
1.60802
1.60802
1.60802
1.60802
1.60802
1.60802
1.60801
1.60801
1.60801
1.60801
1.60801
1.60801
1.60801
1.60801
1.60801
1.60801
98.218
97.6374
97.2728
97.0063
96.8681
96.8681
97.0063
97.2728
97.6374
98.218
89.1035
88.2558
87.6976
87.3029
87.0995
87.0995
87.3029
87.6976
88.2558
89.1035
81.5364
80.561
79.9244
79.4808
79.2533
79.2533
79.4808
79.9244
80.561
81.5364
76.3118
75.3097
74.6641
74.2209
73.9938
73.9938
74.2209
74.6641
75.3097
76.3118
72.3914
71.3965
70.7588
70.3297
70.1099
70.1099
70.3297
70.7588
71.3965
72.3914
69.216
68.2482
67.6263
67.218
67.0094
67.0094
67.218
67.6263
68.2482
69.216
66.597
65.6769
65.0804
64.6993
64.5053
64.5053
64.6993
65.0804
65.6769
66.597
64.428
63.5791
63.0203
62.6718
62.4951
62.4951
62.6718
63.0203
63.5791
64.428
62.6291
61.8676
61.3591
61.048
60.8904
60.8904
61.048
61.3591
61.8676
62.6291
61.2207
60.4593
60.0096
59.736
59.5974
59.5974
59.736
60.0096
60.4593
61.2207
62.3277
62.5001
62.6878
62.8143
62.8798
62.8798
62.8143
62.6878
62.5001
62.3277
62.7502
62.8447
62.9712
63.0523
63.0939
63.0939
63.0523
62.9712
62.8447
62.7502
62.7275
62.7247
62.7773
62.8056
62.8196
62.8196
62.8056
62.7773
62.7247
62.7275
62.3182
62.2253
62.21
62.1916
62.1816
62.1816
62.1916
62.21
62.2253
62.3182
61.7244
61.5577
61.4845
61.4287
61.3993
61.3993
61.4287
61.4845
61.5577
61.7244
61.0552
60.8328
60.7129
60.6291
60.5854
60.5854
60.6291
60.7129
60.8328
61.0552
60.3654
60.1075
59.9538
59.8517
59.7988
59.7988
59.8517
59.9538
60.1075
60.3654
59.6865
59.4168
59.2448
59.1342
59.077
59.077
59.1342
59.2448
59.4168
59.6865
59.0541
58.7887
58.6102
58.4981
58.4399
58.4399
58.4981
58.6102
58.7887
59.0541
58.5715
58.2241
58.0407
57.9279
57.8692
57.8692
57.9279
58.0407
58.2241
58.5715
57.7371
57.7227
57.7245
57.721
57.7195
57.7195
57.721
57.7245
57.7227
57.7371
58.1477
58.1312
58.1323
58.1273
58.1246
58.1246
58.1273
58.1323
58.1312
58.1477
58.4878
58.4529
58.4426
58.4278
58.4199
58.4199
58.4278
58.4426
58.4529
58.4878
58.5412
58.4731
58.4408
58.41
58.3937
58.3937
58.41
58.4408
58.4731
58.5412
58.3978
58.2945
58.238
58.1912
58.1665
58.1665
58.1912
58.238
58.2945
58.3978
58.1519
58.0181
57.9392
57.8792
57.8476
57.8476
57.8792
57.9392
58.0181
58.1519
57.8516
57.6956
57.5986
57.5292
57.4928
57.4928
57.5292
57.5986
57.6956
57.8516
57.5238
57.3576
57.2493
57.175
57.1361
57.1361
57.175
57.2493
57.3576
57.5238
57.2015
57.0326
56.917
56.8403
56.8003
56.8003
56.8403
56.917
57.0326
57.2015
56.9593
56.7265
56.6003
56.5199
56.4781
56.4781
56.5199
56.6003
56.7265
56.9593
53.0455
53.0652
53.0901
53.1061
53.1145
53.1145
53.1061
53.0901
53.0652
53.0455
53.2556
53.2791
53.3081
53.3264
53.3361
53.3361
53.3264
53.3081
53.2791
53.2556
53.434
53.4553
53.484
53.5015
53.5107
53.5107
53.5015
53.484
53.4553
53.434
53.5202
53.5311
53.553
53.5651
53.5714
53.5714
53.5651
53.553
53.5311
53.5202
53.5348
53.5315
53.543
53.5476
53.5499
53.5499
53.5476
53.543
53.5314
53.5348
53.5013
53.4832
53.4833
53.4803
53.4785
53.4785
53.4803
53.4833
53.4832
53.5013
53.4334
53.4025
53.3919
53.3822
53.3769
53.3769
53.3822
53.3919
53.4025
53.4334
53.3407
53.3018
53.2829
53.2682
53.2601
53.2601
53.2682
53.2829
53.3018
53.3407
53.2413
53.1965
53.1695
53.1502
53.1396
53.1396
53.1502
53.1695
53.1965
53.2412
53.1802
53.0917
53.0508
53.024
53.0099
53.0099
53.024
53.0508
53.0917
53.1802
49.8467
49.8468
49.8488
49.8489
49.849
49.849
49.8489
49.8488
49.8468
49.8467
49.9452
49.9489
49.9541
49.9563
49.9575
49.9575
49.9563
49.9541
49.9489
49.9452
50.0457
50.0509
50.0578
50.0608
50.0624
50.0624
50.0608
50.0578
50.0509
50.0457
50.1141
50.1173
50.1231
50.1251
50.126
50.126
50.1251
50.1231
50.1173
50.1141
50.1525
50.1513
50.1543
50.154
50.1537
50.1537
50.154
50.1543
50.1513
50.1525
50.1677
50.1611
50.1603
50.1573
50.1555
50.1555
50.1573
50.1603
50.1611
50.1677
50.1644
50.1527
50.148
50.1424
50.1392
50.1392
50.1424
50.148
50.1527
50.1644
50.1471
50.1318
50.1236
50.1159
50.1116
50.1116
50.1159
50.1236
50.1318
50.1471
50.125
50.1063
50.0938
50.0837
50.0782
50.0782
50.0837
50.0938
50.1063
50.125
50.1197
50.078
50.0574
50.0431
50.0355
50.0355
50.0431
50.0574
50.078
50.1197
46.5505
46.5536
46.5573
46.5594
46.5606
46.5606
46.5594
46.5573
46.5535
46.5505
46.5916
46.5964
46.6017
46.6049
46.6067
46.6067
46.6049
46.6017
46.5964
46.5915
46.6334
46.6393
46.6459
46.6499
46.652
46.652
46.6499
46.6459
46.6393
46.6334
46.665
46.6707
46.6775
46.6815
46.6836
46.6836
46.6815
46.6775
46.6707
46.665
46.6864
46.691
46.697
46.7003
46.7021
46.7021
46.7003
46.697
46.691
46.6864
46.6991
46.7018
46.7065
46.7088
46.71
46.71
46.7088
46.7065
46.7018
46.6991
46.704
46.7047
46.7078
46.709
46.7095
46.7095
46.709
46.7078
46.7047
46.704
46.7024
46.7015
46.703
46.7031
46.703
46.703
46.7031
46.703
46.7015
46.7024
46.6983
46.6956
46.6948
46.6934
46.6925
46.6925
46.6934
46.6948
46.6956
46.6983
46.7025
46.688
46.6822
46.678
46.6758
46.6758
46.678
46.6822
46.688
46.7025
43.3794
43.3798
43.3804
43.3806
43.3806
43.3806
43.3806
43.3804
43.3798
43.3794
43.3967
43.398
43.3993
43.4
43.4004
43.4004
43.4
43.3993
43.398
43.3967
43.4164
43.4184
43.4205
43.4216
43.4222
43.4222
43.4216
43.4205
43.4184
43.4164
43.4333
43.4357
43.4382
43.4394
43.4401
43.4401
43.4394
43.4382
43.4357
43.4333
43.4471
43.4494
43.4519
43.4531
43.4537
43.4537
43.4531
43.4519
43.4494
43.4471
43.4579
43.4598
43.462
43.463
43.4635
43.4635
43.463
43.462
43.4598
43.4579
43.4657
43.4671
43.469
43.4696
43.4699
43.4699
43.4696
43.469
43.4671
43.4657
43.471
43.472
43.4734
43.4737
43.4737
43.4737
43.4737
43.4734
43.472
43.471
43.4756
43.4758
43.4762
43.4759
43.4756
43.4756
43.4759
43.4762
43.4758
43.4756
43.4836
43.4786
43.4767
43.4752
43.4743
43.4743
43.4752
43.4767
43.4786
43.4836
40.1724
40.1729
40.1736
40.174
40.1741
40.1741
40.174
40.1736
40.1729
40.1724
40.179
40.1799
40.1809
40.1815
40.1818
40.1818
40.1815
40.1809
40.1799
40.179
40.1865
40.1878
40.1891
40.19
40.1904
40.1904
40.19
40.1891
40.1878
40.1865
40.1934
40.195
40.1965
40.1975
40.198
40.198
40.1975
40.1965
40.195
40.1934
40.1995
40.2011
40.2028
40.2038
40.2043
40.2043
40.2038
40.2028
40.2011
40.1995
40.2046
40.2062
40.2078
40.2088
40.2092
40.2092
40.2088
40.2078
40.2062
40.2046
40.2086
40.2101
40.2116
40.2125
40.2129
40.2129
40.2125
40.2116
40.2101
40.2086
40.2116
40.2129
40.2143
40.215
40.2153
40.2153
40.215
40.2143
40.2129
40.2116
40.2143
40.2153
40.2162
40.2166
40.2168
40.2168
40.2166
40.2162
40.2153
40.2143
40.2185
40.2172
40.217
40.2168
40.2166
40.2166
40.2168
40.217
40.2172
40.2185
36.9723
36.9724
36.9725
36.9725
36.9726
36.9726
36.9725
36.9725
36.9724
36.9723
36.9747
36.975
36.9753
36.9754
36.9755
36.9755
36.9754
36.9753
36.975
36.9747
36.9779
36.9784
36.9788
36.979
36.9792
36.9792
36.979
36.9788
36.9784
36.9779
36.9811
36.9818
36.9823
36.9827
36.9828
36.9828
36.9827
36.9823
36.9818
36.9811
36.9843
36.985
36.9857
36.9861
36.9863
36.9863
36.9861
36.9857
36.985
36.9843
36.9872
36.9881
36.9888
36.9892
36.9894
36.9894
36.9892
36.9888
36.9881
36.9872
36.99
36.9908
36.9916
36.992
36.9922
36.9922
36.992
36.9916
36.9908
36.99
36.9924
36.9932
36.994
36.9944
36.9946
36.9946
36.9944
36.994
36.9932
36.9924
36.9948
36.9955
36.9962
36.9964
36.9966
36.9966
36.9964
36.9962
36.9955
36.9948
36.9977
36.9977
36.9978
36.9979
36.9979
36.9979
36.9979
36.9978
36.9977
36.9977
33.7615
33.7616
33.7617
33.7618
33.7618
33.7618
33.7618
33.7617
33.7616
33.7615
33.7623
33.7625
33.7626
33.7627
33.7628
33.7628
33.7627
33.7626
33.7625
33.7623
33.7634
33.7636
33.7638
33.764
33.764
33.764
33.764
33.7638
33.7636
33.7633
33.7645
33.7649
33.7652
33.7653
33.7655
33.7655
33.7653
33.7652
33.7649
33.7645
33.7658
33.7662
33.7665
33.7668
33.7669
33.7669
33.7668
33.7665
33.7662
33.7658
33.767
33.7675
33.7679
33.7681
33.7682
33.7682
33.7681
33.7679
33.7675
33.767
33.7682
33.7687
33.7691
33.7694
33.7695
33.7695
33.7694
33.7691
33.7687
33.7682
33.7693
33.7698
33.7702
33.7705
33.7706
33.7706
33.7705
33.7702
33.7698
33.7693
33.7704
33.7709
33.7712
33.7715
33.7716
33.7716
33.7715
33.7712
33.7709
33.7704
33.7717
33.7718
33.772
33.7721
33.7722
33.7722
33.7721
33.772
33.7718
33.7717
30.5496
30.5496
30.5496
30.5496
30.5496
30.5496
30.5496
30.5496
30.5496
30.5496
30.5498
30.5499
30.5499
30.5499
30.5499
30.5499
30.5499
30.5499
30.5499
30.5498
30.5502
30.5503
30.5503
30.5504
30.5504
30.5504
30.5504
30.5503
30.5503
30.5502
30.5507
30.5508
30.5509
30.551
30.551
30.551
30.551
30.5509
30.5508
30.5507
30.5512
30.5514
30.5515
30.5516
30.5517
30.5517
30.5516
30.5515
30.5514
30.5512
30.5519
30.5521
30.5522
30.5523
30.5524
30.5524
30.5523
30.5522
30.5521
30.5519
30.5525
30.5527
30.5529
30.5531
30.5531
30.5531
30.553
30.5529
30.5527
30.5525
30.5531
30.5534
30.5536
30.5537
30.5538
30.5538
30.5537
30.5536
30.5534
30.5531
30.5538
30.5541
30.5543
30.5544
30.5544
30.5544
30.5544
30.5543
30.5541
30.5538
30.5546
30.5547
30.5549
30.5549
30.555
30.555
30.5549
30.5549
30.5547
30.5546
27.335
27.335
27.335
27.335
27.335
27.335
27.335
27.335
27.335
27.335
27.335
27.335
27.335
27.3351
27.3351
27.3351
27.3351
27.335
27.335
27.335
27.3351
27.3351
27.3351
27.3352
27.3352
27.3352
27.3352
27.3351
27.3351
27.3351
27.3352
27.3353
27.3353
27.3354
27.3354
27.3354
27.3354
27.3353
27.3353
27.3352
27.3354
27.3355
27.3356
27.3356
27.3356
27.3356
27.3356
27.3356
27.3355
27.3354
27.3357
27.3358
27.3358
27.3359
27.3359
27.3359
27.3359
27.3358
27.3358
27.3357
27.3359
27.336
27.3361
27.3362
27.3362
27.3362
27.3362
27.3361
27.336
27.3359
27.3362
27.3363
27.3364
27.3365
27.3365
27.3365
27.3365
27.3364
27.3363
27.3362
27.3364
27.3366
27.3367
27.3367
27.3368
27.3368
27.3367
27.3367
27.3366
27.3364
27.3367
27.3369
27.3369
27.337
27.337
27.337
27.337
27.3369
27.3369
27.3367
24.1198
24.1198
24.1198
24.1198
24.1198
24.1198
24.1198
24.1198
24.1198
24.1198
24.1198
24.1198
24.1198
24.1198
24.1198
24.1198
24.1198
24.1198
24.1198
24.1198
24.1198
24.1198
24.1198
24.1198
24.1198
24.1198
24.1198
24.1198
24.1198
24.1198
24.1198
24.1199
24.1199
24.1199
24.1199
24.1199
24.1199
24.1199
24.1199
24.1198
24.1199
24.12
24.12
24.12
24.12
24.12
24.12
24.12
24.12
24.1199
24.12
24.1201
24.1201
24.1201
24.1201
24.1201
24.1201
24.1201
24.1201
24.12
24.1202
24.1202
24.1202
24.1203
24.1203
24.1203
24.1203
24.1202
24.1202
24.1202
24.1203
24.1203
24.1204
24.1204
24.1204
24.1204
24.1204
24.1204
24.1203
24.1203
24.1204
24.1205
24.1205
24.1206
24.1206
24.1206
24.1206
24.1205
24.1205
24.1204
24.1206
24.1206
24.1207
24.1207
24.1207
24.1207
24.1207
24.1207
24.1206
24.1206
20.904
20.904
20.904
20.904
20.904
20.904
20.904
20.904
20.904
20.904
20.904
20.904
20.904
20.904
20.904
20.904
20.904
20.904
20.904
20.904
20.904
20.904
20.904
20.904
20.904
20.904
20.904
20.904
20.904
20.904
20.904
20.904
20.904
20.904
20.904
20.904
20.904
20.904
20.904
20.904
20.904
20.904
20.9041
20.9041
20.9041
20.9041
20.9041
20.9041
20.904
20.904
20.9041
20.9041
20.9041
20.9041
20.9041
20.9041
20.9041
20.9041
20.9041
20.9041
20.9041
20.9041
20.9042
20.9042
20.9042
20.9042
20.9042
20.9042
20.9041
20.9041
20.9042
20.9042
20.9042
20.9042
20.9042
20.9042
20.9042
20.9042
20.9042
20.9042
20.9042
20.9042
20.9043
20.9043
20.9043
20.9043
20.9043
20.9043
20.9042
20.9042
20.9043
20.9043
20.9043
20.9043
20.9043
20.9043
20.9043
20.9043
20.9043
20.9043
17.6882
17.6882
17.6882
17.6882
17.6882
17.6882
17.6882
17.6882
17.6882
17.6882
17.6881
17.6881
17.6881
17.6881
17.6881
17.6881
17.6881
17.6881
17.6881
17.6881
17.6881
17.6881
17.6881
17.6881
17.6881
17.6881
17.6881
17.6881
17.6881
17.6881
17.6881
17.6881
17.6881
17.6881
17.6881
17.6881
17.6881
17.6881
17.6881
17.6881
17.6881
17.6881
17.6881
17.6881
17.6881
17.6881
17.6881
17.6881
17.6881
17.6881
17.6881
17.6882
17.6882
17.6882
17.6882
17.6882
17.6882
17.6882
17.6882
17.6881
17.6882
17.6882
17.6882
17.6882
17.6882
17.6882
17.6882
17.6882
17.6882
17.6882
17.6882
17.6882
17.6882
17.6882
17.6882
17.6882
17.6882
17.6882
17.6882
17.6882
17.6882
17.6882
17.6882
17.6882
17.6882
17.6882
17.6882
17.6882
17.6882
17.6882
17.6882
17.6883
17.6883
17.6883
17.6883
17.6883
17.6883
17.6883
17.6883
17.6882
14.4722
14.4722
14.4722
14.4722
14.4722
14.4722
14.4722
14.4722
14.4722
14.4722
14.4721
14.4721
14.4721
14.4721
14.4721
14.4721
14.4721
14.4721
14.4721
14.4721
14.4721
14.4721
14.4721
14.4721
14.4721
14.4721
14.4721
14.4721
14.4721
14.4721
14.4721
14.4721
14.4721
14.4721
14.4721
14.4721
14.4721
14.4721
14.4721
14.4721
14.4721
14.4721
14.4721
14.4721
14.4721
14.4721
14.4721
14.4721
14.4721
14.4721
14.4721
14.4721
14.4721
14.4721
14.4721
14.4721
14.4721
14.4721
14.4721
14.4721
14.4721
14.4721
14.4722
14.4722
14.4722
14.4722
14.4722
14.4722
14.4721
14.4721
14.4722
14.4722
14.4722
14.4722
14.4722
14.4722
14.4722
14.4722
14.4722
14.4722
14.4722
14.4722
14.4722
14.4722
14.4722
14.4722
14.4722
14.4722
14.4722
14.4722
14.4722
14.4722
14.4722
14.4722
14.4722
14.4722
14.4722
14.4722
14.4722
14.4722
11.2561
11.2561
11.2561
11.2561
11.2561
11.2561
11.2561
11.2561
11.2561
11.2561
11.2561
11.2561
11.2561
11.2561
11.2561
11.2561
11.2561
11.2561
11.2561
11.2561
11.2561
11.2561
11.2561
11.2561
11.2561
11.2561
11.2561
11.2561
11.2561
11.2561
11.2561
11.2561
11.2561
11.2561
11.2561
11.2561
11.2561
11.2561
11.2561
11.2561
11.2561
11.2561
11.2561
11.2561
11.2561
11.2561
11.2561
11.2561
11.2561
11.2561
11.2561
11.2561
11.2561
11.2561
11.2561
11.2561
11.2561
11.2561
11.2561
11.2561
11.2561
11.2561
11.2561
11.2561
11.2561
11.2561
11.2561
11.2561
11.2561
11.2561
11.2561
11.2561
11.2561
11.2561
11.2561
11.2561
11.2561
11.2561
11.2561
11.2561
11.2561
11.2561
11.2561
11.2561
11.2561
11.2561
11.2561
11.2561
11.2561
11.2561
11.2561
11.2561
11.2561
11.2561
11.2561
11.2561
11.2561
11.2561
11.2561
11.2561
8.0401
8.0401
8.0401
8.0401
8.0401
8.0401
8.0401
8.0401
8.0401
8.0401
8.0401
8.0401
8.0401
8.0401
8.0401
8.0401
8.0401
8.0401
8.0401
8.0401
8.04009
8.04009
8.04009
8.04009
8.04009
8.04009
8.04009
8.04009
8.04009
8.04009
8.04009
8.04009
8.04009
8.04009
8.04009
8.04009
8.04009
8.04009
8.04009
8.04009
8.04009
8.04009
8.04009
8.04009
8.04009
8.04009
8.04009
8.04009
8.04009
8.04009
8.04009
8.04009
8.04009
8.04009
8.04009
8.04009
8.04009
8.04009
8.04009
8.04009
8.04009
8.04009
8.04009
8.04009
8.04009
8.04009
8.04009
8.04009
8.04009
8.04009
8.04009
8.04009
8.04009
8.04009
8.04009
8.04009
8.04009
8.04009
8.04009
8.04009
8.04009
8.04009
8.04009
8.04009
8.04009
8.04009
8.04009
8.04009
8.04009
8.04009
8.04009
8.04009
8.0401
8.0401
8.0401
8.0401
8.0401
8.0401
8.04009
8.04009
4.82406
4.82406
4.82406
4.82406
4.82406
4.82406
4.82406
4.82406
4.82406
4.82406
4.82406
4.82406
4.82406
4.82406
4.82406
4.82406
4.82406
4.82406
4.82406
4.82406
4.82406
4.82406
4.82406
4.82406
4.82406
4.82406
4.82406
4.82406
4.82406
4.82406
4.82406
4.82406
4.82406
4.82406
4.82406
4.82406
4.82406
4.82406
4.82406
4.82406
4.82406
4.82406
4.82406
4.82406
4.82406
4.82406
4.82406
4.82406
4.82406
4.82406
4.82406
4.82406
4.82406
4.82406
4.82406
4.82406
4.82406
4.82406
4.82406
4.82406
4.82406
4.82406
4.82406
4.82406
4.82406
4.82406
4.82406
4.82406
4.82406
4.82406
4.82405
4.82405
4.82405
4.82405
4.82405
4.82405
4.82405
4.82406
4.82406
4.82406
4.82405
4.82405
4.82405
4.82405
4.82405
4.82405
4.82405
4.82405
4.82405
4.82405
4.82405
4.82405
4.82405
4.82405
4.82405
4.82405
4.82405
4.82405
4.82405
4.82405
1.60802
1.60802
1.60802
1.60802
1.60802
1.60802
1.60802
1.60802
1.60802
1.60802
1.60802
1.60802
1.60802
1.60802
1.60802
1.60802
1.60802
1.60802
1.60802
1.60802
1.60802
1.60802
1.60802
1.60802
1.60802
1.60802
1.60802
1.60802
1.60802
1.60802
1.60802
1.60802
1.60802
1.60802
1.60802
1.60802
1.60802
1.60802
1.60802
1.60802
1.60802
1.60802
1.60802
1.60802
1.60802
1.60802
1.60802
1.60802
1.60802
1.60802
1.60802
1.60802
1.60802
1.60802
1.60802
1.60802
1.60802
1.60802
1.60802
1.60802
1.60802
1.60802
1.60802
1.60802
1.60802
1.60802
1.60802
1.60802
1.60802
1.60802
1.60802
1.60802
1.60802
1.60802
1.60802
1.60802
1.60802
1.60802
1.60802
1.60802
1.60802
1.60802
1.60802
1.60802
1.60802
1.60802
1.60802
1.60802
1.60802
1.60802
1.60801
1.60801
1.60801
1.60801
1.60801
1.60801
1.60801
1.60801
1.60801
1.60801
98.218
97.6374
97.2728
97.0063
96.8681
96.8681
97.0063
97.2728
97.6374
98.218
89.1035
88.2558
87.6976
87.3029
87.0995
87.0995
87.3029
87.6976
88.2558
89.1035
81.5364
80.561
79.9244
79.4808
79.2533
79.2533
79.4808
79.9244
80.561
81.5364
76.3118
75.3097
74.6641
74.2209
73.9938
73.9938
74.2209
74.6641
75.3097
76.3118
72.3914
71.3965
70.7588
70.3297
70.1099
70.1099
70.3297
70.7588
71.3965
72.3914
69.216
68.2482
67.6263
67.218
67.0094
67.0094
67.218
67.6263
68.2482
69.216
66.597
65.6769
65.0804
64.6993
64.5053
64.5053
64.6993
65.0804
65.6769
66.597
64.428
63.5791
63.0203
62.6718
62.4951
62.4951
62.6718
63.0203
63.5791
64.428
62.6291
61.8676
61.3591
61.048
60.8904
60.8904
61.048
61.3591
61.8676
62.6291
61.2207
60.4593
60.0096
59.736
59.5974
59.5974
59.736
60.0096
60.4593
61.2207
62.3277
62.5001
62.6878
62.8143
62.8798
62.8798
62.8143
62.6878
62.5001
62.3277
62.7502
62.8447
62.9712
63.0523
63.0939
63.0939
63.0523
62.9712
62.8447
62.7502
62.7275
62.7247
62.7773
62.8056
62.8196
62.8196
62.8056
62.7773
62.7247
62.7275
62.3182
62.2253
62.21
62.1916
62.1816
62.1816
62.1916
62.21
62.2253
62.3182
61.7244
61.5577
61.4845
61.4287
61.3993
61.3993
61.4287
61.4845
61.5577
61.7244
61.0552
60.8328
60.7129
60.6291
60.5854
60.5854
60.6291
60.7129
60.8328
61.0552
60.3654
60.1075
59.9538
59.8517
59.7988
59.7988
59.8517
59.9538
60.1075
60.3654
59.6865
59.4168
59.2448
59.1342
59.077
59.077
59.1342
59.2448
59.4168
59.6865
59.0541
58.7887
58.6102
58.4981
58.4399
58.4399
58.4981
58.6102
58.7887
59.0541
58.5715
58.2241
58.0407
57.9279
57.8692
57.8692
57.9279
58.0407
58.2241
58.5715
57.7371
57.7227
57.7245
57.721
57.7195
57.7195
57.721
57.7245
57.7227
57.7371
58.1477
58.1312
58.1323
58.1273
58.1246
58.1246
58.1273
58.1323
58.1312
58.1477
58.4878
58.4529
58.4426
58.4278
58.4199
58.4199
58.4278
58.4426
58.4529
58.4878
58.5412
58.4731
58.4408
58.41
58.3937
58.3937
58.41
58.4408
58.4731
58.5412
58.3978
58.2945
58.2379
58.1912
58.1665
58.1665
58.1912
58.2379
58.2945
58.3978
58.1519
58.0181
57.9392
57.8792
57.8476
57.8476
57.8792
57.9392
58.0181
58.1519
57.8516
57.6956
57.5986
57.5292
57.4928
57.4928
57.5292
57.5986
57.6956
57.8516
57.5238
57.3576
57.2493
57.175
57.1361
57.1361
57.175
57.2493
57.3576
57.5238
57.2015
57.0326
56.917
56.8403
56.8003
56.8003
56.8403
56.917
57.0326
57.2015
56.9593
56.7265
56.6003
56.5199
56.4781
56.4781
56.5199
56.6003
56.7265
56.9593
53.0455
53.0652
53.0901
53.1061
53.1145
53.1145
53.1061
53.0901
53.0652
53.0455
53.2556
53.2791
53.3081
53.3264
53.3361
53.3361
53.3264
53.3081
53.2791
53.2556
53.434
53.4553
53.484
53.5015
53.5107
53.5107
53.5015
53.484
53.4553
53.434
53.5202
53.5311
53.553
53.5651
53.5714
53.5714
53.5651
53.553
53.5311
53.5202
53.5348
53.5314
53.543
53.5476
53.5499
53.5499
53.5476
53.543
53.5314
53.5348
53.5013
53.4832
53.4833
53.4803
53.4785
53.4785
53.4803
53.4833
53.4832
53.5013
53.4334
53.4025
53.3919
53.3822
53.3769
53.3769
53.3822
53.3919
53.4025
53.4334
53.3407
53.3018
53.2829
53.2682
53.2601
53.2601
53.2682
53.2829
53.3018
53.3407
53.2412
53.1965
53.1695
53.1502
53.1396
53.1396
53.1502
53.1695
53.1965
53.2412
53.1802
53.0917
53.0508
53.024
53.0099
53.0099
53.024
53.0508
53.0917
53.1802
49.8467
49.8468
49.8488
49.8489
49.849
49.849
49.8489
49.8488
49.8468
49.8467
49.9452
49.9489
49.9541
49.9563
49.9575
49.9575
49.9563
49.9541
49.9489
49.9452
50.0457
50.0509
50.0578
50.0608
50.0624
50.0624
50.0608
50.0578
50.0509
50.0457
50.1141
50.1173
50.1231
50.1251
50.126
50.126
50.1251
50.1231
50.1173
50.1141
50.1525
50.1513
50.1543
50.154
50.1537
50.1537
50.154
50.1543
50.1513
50.1525
50.1677
50.1611
50.1603
50.1573
50.1555
50.1555
50.1573
50.1603
50.1611
50.1677
50.1644
50.1527
50.148
50.1424
50.1392
50.1392
50.1424
50.148
50.1527
50.1644
50.1471
50.1318
50.1236
50.1159
50.1116
50.1116
50.1159
50.1236
50.1318
50.1471
50.125
50.1063
50.0938
50.0837
50.0782
50.0782
50.0837
50.0938
50.1063
50.125
50.1197
50.078
50.0574
50.0431
50.0355
50.0355
50.0431
50.0574
50.078
50.1197
46.5505
46.5535
46.5573
46.5594
46.5606
46.5606
46.5594
46.5573
46.5535
46.5505
46.5915
46.5964
46.6017
46.6049
46.6067
46.6067
46.6049
46.6017
46.5964
46.5915
46.6334
46.6393
46.6459
46.6499
46.652
46.652
46.6499
46.6459
46.6393
46.6334
46.665
46.6707
46.6775
46.6815
46.6836
46.6836
46.6815
46.6775
46.6707
46.665
46.6864
46.691
46.697
46.7003
46.7021
46.702
46.7003
46.697
46.691
46.6864
46.6991
46.7018
46.7065
46.7088
46.71
46.71
46.7088
46.7065
46.7018
46.6991
46.704
46.7047
46.7078
46.709
46.7095
46.7095
46.709
46.7078
46.7047
46.704
46.7024
46.7015
46.703
46.7031
46.703
46.703
46.7031
46.703
46.7015
46.7024
46.6983
46.6956
46.6948
46.6934
46.6925
46.6925
46.6934
46.6948
46.6956
46.6983
46.7025
46.688
46.6822
46.678
46.6758
46.6758
46.678
46.6822
46.688
46.7025
43.3794
43.3798
43.3804
43.3806
43.3806
43.3806
43.3806
43.3804
43.3798
43.3794
43.3967
43.398
43.3993
43.4
43.4004
43.4004
43.4
43.3993
43.398
43.3967
43.4164
43.4184
43.4205
43.4216
43.4222
43.4222
43.4216
43.4205
43.4184
43.4164
43.4333
43.4357
43.4382
43.4394
43.4401
43.4401
43.4394
43.4382
43.4357
43.4333
43.4471
43.4494
43.4519
43.4531
43.4537
43.4537
43.4531
43.4519
43.4494
43.4471
43.4579
43.4598
43.462
43.463
43.4635
43.4635
43.463
43.462
43.4598
43.4579
43.4657
43.4671
43.469
43.4696
43.4699
43.4699
43.4696
43.469
43.4671
43.4657
43.471
43.472
43.4734
43.4737
43.4737
43.4737
43.4737
43.4734
43.472
43.471
43.4756
43.4758
43.4762
43.4759
43.4756
43.4756
43.4759
43.4762
43.4758
43.4756
43.4836
43.4786
43.4767
43.4752
43.4743
43.4743
43.4752
43.4767
43.4786
43.4836
40.1724
40.1729
40.1736
40.174
40.1741
40.1741
40.174
40.1736
40.1729
40.1724
40.179
40.1799
40.1809
40.1815
40.1818
40.1818
40.1815
40.1809
40.1799
40.179
40.1865
40.1878
40.1891
40.19
40.1904
40.1904
40.19
40.1891
40.1878
40.1865
40.1934
40.195
40.1965
40.1975
40.198
40.198
40.1975
40.1965
40.195
40.1934
40.1995
40.2011
40.2028
40.2038
40.2043
40.2043
40.2038
40.2028
40.2011
40.1995
40.2046
40.2062
40.2078
40.2088
40.2092
40.2092
40.2088
40.2078
40.2062
40.2046
40.2086
40.2101
40.2116
40.2125
40.2129
40.2129
40.2125
40.2116
40.2101
40.2086
40.2116
40.2129
40.2143
40.215
40.2153
40.2153
40.215
40.2143
40.2129
40.2116
40.2143
40.2153
40.2162
40.2166
40.2168
40.2168
40.2166
40.2162
40.2153
40.2143
40.2185
40.2172
40.217
40.2168
40.2166
40.2166
40.2168
40.217
40.2172
40.2185
36.9723
36.9724
36.9725
36.9725
36.9726
36.9726
36.9725
36.9725
36.9724
36.9723
36.9747
36.975
36.9753
36.9754
36.9755
36.9755
36.9754
36.9753
36.975
36.9747
36.9779
36.9784
36.9788
36.979
36.9792
36.9792
36.979
36.9788
36.9784
36.9779
36.9811
36.9818
36.9823
36.9827
36.9828
36.9828
36.9827
36.9823
36.9818
36.9811
36.9843
36.985
36.9857
36.9861
36.9863
36.9863
36.9861
36.9857
36.985
36.9843
36.9872
36.9881
36.9888
36.9892
36.9894
36.9894
36.9892
36.9888
36.9881
36.9872
36.99
36.9908
36.9916
36.992
36.9922
36.9922
36.992
36.9916
36.9908
36.99
36.9924
36.9932
36.994
36.9944
36.9946
36.9946
36.9944
36.994
36.9932
36.9924
36.9948
36.9955
36.9962
36.9964
36.9966
36.9966
36.9964
36.9962
36.9955
36.9948
36.9977
36.9977
36.9978
36.9979
36.9979
36.9979
36.9979
36.9978
36.9977
36.9977
33.7615
33.7616
33.7617
33.7618
33.7618
33.7618
33.7618
33.7617
33.7616
33.7615
33.7623
33.7625
33.7626
33.7627
33.7628
33.7628
33.7627
33.7626
33.7625
33.7623
33.7633
33.7636
33.7638
33.764
33.764
33.764
33.764
33.7638
33.7636
33.7633
33.7645
33.7649
33.7652
33.7653
33.7655
33.7655
33.7653
33.7652
33.7649
33.7645
33.7658
33.7662
33.7665
33.7668
33.7669
33.7669
33.7668
33.7665
33.7662
33.7658
33.767
33.7675
33.7679
33.7681
33.7682
33.7682
33.7681
33.7679
33.7675
33.767
33.7682
33.7687
33.7691
33.7694
33.7695
33.7695
33.7694
33.7691
33.7687
33.7682
33.7693
33.7698
33.7702
33.7705
33.7706
33.7706
33.7705
33.7702
33.7698
33.7693
33.7704
33.7709
33.7712
33.7715
33.7716
33.7716
33.7715
33.7712
33.7709
33.7704
33.7717
33.7718
33.772
33.7721
33.7722
33.7722
33.7721
33.772
33.7718
33.7717
30.5496
30.5496
30.5496
30.5496
30.5496
30.5496
30.5496
30.5496
30.5496
30.5496
30.5498
30.5499
30.5499
30.5499
30.5499
30.5499
30.5499
30.5499
30.5499
30.5498
30.5502
30.5503
30.5503
30.5504
30.5504
30.5504
30.5504
30.5503
30.5503
30.5502
30.5507
30.5508
30.5509
30.551
30.551
30.551
30.551
30.5509
30.5508
30.5507
30.5512
30.5514
30.5515
30.5516
30.5517
30.5517
30.5516
30.5515
30.5514
30.5512
30.5519
30.5521
30.5522
30.5523
30.5524
30.5524
30.5523
30.5522
30.5521
30.5519
30.5525
30.5527
30.5529
30.553
30.5531
30.5531
30.553
30.5529
30.5527
30.5525
30.5531
30.5534
30.5536
30.5537
30.5538
30.5538
30.5537
30.5536
30.5534
30.5531
30.5538
30.5541
30.5543
30.5544
30.5544
30.5544
30.5544
30.5543
30.5541
30.5538
30.5546
30.5547
30.5549
30.5549
30.555
30.555
30.5549
30.5549
30.5547
30.5546
27.335
27.335
27.335
27.335
27.335
27.335
27.335
27.335
27.335
27.335
27.335
27.335
27.335
27.3351
27.3351
27.3351
27.3351
27.335
27.335
27.335
27.3351
27.3351
27.3351
27.3352
27.3352
27.3352
27.3352
27.3351
27.3351
27.3351
27.3352
27.3353
27.3353
27.3354
27.3354
27.3354
27.3354
27.3353
27.3353
27.3352
27.3354
27.3355
27.3356
27.3356
27.3356
27.3356
27.3356
27.3356
27.3355
27.3354
27.3357
27.3358
27.3358
27.3359
27.3359
27.3359
27.3359
27.3358
27.3358
27.3357
27.3359
27.336
27.3361
27.3362
27.3362
27.3362
27.3362
27.3361
27.336
27.3359
27.3362
27.3363
27.3364
27.3365
27.3365
27.3365
27.3365
27.3364
27.3363
27.3362
27.3364
27.3366
27.3367
27.3367
27.3368
27.3368
27.3367
27.3367
27.3366
27.3364
27.3367
27.3369
27.3369
27.337
27.337
27.337
27.337
27.3369
27.3369
27.3367
24.1198
24.1198
24.1198
24.1198
24.1198
24.1198
24.1198
24.1198
24.1198
24.1198
24.1198
24.1198
24.1198
24.1198
24.1198
24.1198
24.1198
24.1198
24.1198
24.1198
24.1198
24.1198
24.1198
24.1198
24.1198
24.1198
24.1198
24.1198
24.1198
24.1198
24.1198
24.1199
24.1199
24.1199
24.1199
24.1199
24.1199
24.1199
24.1199
24.1198
24.1199
24.12
24.12
24.12
24.12
24.12
24.12
24.12
24.12
24.1199
24.12
24.1201
24.1201
24.1201
24.1201
24.1201
24.1201
24.1201
24.1201
24.12
24.1202
24.1202
24.1202
24.1203
24.1203
24.1203
24.1203
24.1202
24.1202
24.1202
24.1203
24.1203
24.1204
24.1204
24.1204
24.1204
24.1204
24.1204
24.1203
24.1203
24.1204
24.1205
24.1205
24.1206
24.1206
24.1206
24.1206
24.1205
24.1205
24.1204
24.1206
24.1206
24.1207
24.1207
24.1207
24.1207
24.1207
24.1207
24.1206
24.1206
20.904
20.904
20.904
20.904
20.904
20.904
20.904
20.904
20.904
20.904
20.904
20.904
20.904
20.904
20.904
20.904
20.904
20.904
20.904
20.904
20.904
20.904
20.904
20.904
20.904
20.904
20.904
20.904
20.904
20.904
20.904
20.904
20.904
20.904
20.904
20.904
20.904
20.904
20.904
20.904
20.904
20.904
20.9041
20.9041
20.9041
20.9041
20.9041
20.9041
20.904
20.904
20.9041
20.9041
20.9041
20.9041
20.9041
20.9041
20.9041
20.9041
20.9041
20.9041
20.9041
20.9041
20.9042
20.9042
20.9042
20.9042
20.9042
20.9042
20.9041
20.9041
20.9042
20.9042
20.9042
20.9042
20.9042
20.9042
20.9042
20.9042
20.9042
20.9042
20.9042
20.9042
20.9043
20.9043
20.9043
20.9043
20.9043
20.9043
20.9042
20.9042
20.9043
20.9043
20.9043
20.9043
20.9043
20.9043
20.9043
20.9043
20.9043
20.9043
17.6882
17.6882
17.6882
17.6882
17.6882
17.6882
17.6882
17.6882
17.6882
17.6882
17.6881
17.6881
17.6881
17.6881
17.6881
17.6881
17.6881
17.6881
17.6881
17.6881
17.6881
17.6881
17.6881
17.6881
17.6881
17.6881
17.6881
17.6881
17.6881
17.6881
17.6881
17.6881
17.6881
17.6881
17.6881
17.6881
17.6881
17.6881
17.6881
17.6881
17.6881
17.6881
17.6881
17.6881
17.6881
17.6881
17.6881
17.6881
17.6881
17.6881
17.6881
17.6882
17.6882
17.6882
17.6882
17.6882
17.6882
17.6882
17.6882
17.6881
17.6882
17.6882
17.6882
17.6882
17.6882
17.6882
17.6882
17.6882
17.6882
17.6882
17.6882
17.6882
17.6882
17.6882
17.6882
17.6882
17.6882
17.6882
17.6882
17.6882
17.6882
17.6882
17.6882
17.6882
17.6882
17.6882
17.6882
17.6882
17.6882
17.6882
17.6882
17.6883
17.6883
17.6883
17.6883
17.6883
17.6883
17.6883
17.6883
17.6882
14.4722
14.4722
14.4722
14.4722
14.4722
14.4722
14.4722
14.4722
14.4722
14.4722
14.4721
14.4721
14.4721
14.4721
14.4721
14.4721
14.4721
14.4721
14.4721
14.4721
14.4721
14.4721
14.4721
14.4721
14.4721
14.4721
14.4721
14.4721
14.4721
14.4721
14.4721
14.4721
14.4721
14.4721
14.4721
14.4721
14.4721
14.4721
14.4721
14.4721
14.4721
14.4721
14.4721
14.4721
14.4721
14.4721
14.4721
14.4721
14.4721
14.4721
14.4721
14.4721
14.4721
14.4721
14.4721
14.4721
14.4721
14.4721
14.4721
14.4721
14.4721
14.4721
14.4722
14.4722
14.4722
14.4722
14.4722
14.4722
14.4721
14.4721
14.4722
14.4722
14.4722
14.4722
14.4722
14.4722
14.4722
14.4722
14.4722
14.4722
14.4722
14.4722
14.4722
14.4722
14.4722
14.4722
14.4722
14.4722
14.4722
14.4722
14.4722
14.4722
14.4722
14.4722
14.4722
14.4722
14.4722
14.4722
14.4722
14.4722
11.2561
11.2561
11.2561
11.2561
11.2561
11.2561
11.2561
11.2561
11.2561
11.2561
11.2561
11.2561
11.2561
11.2561
11.2561
11.2561
11.2561
11.2561
11.2561
11.2561
11.2561
11.2561
11.2561
11.2561
11.2561
11.2561
11.2561
11.2561
11.2561
11.2561
11.2561
11.2561
11.2561
11.2561
11.2561
11.2561
11.2561
11.2561
11.2561
11.2561
11.2561
11.2561
11.2561
11.2561
11.2561
11.2561
11.2561
11.2561
11.2561
11.2561
11.2561
11.2561
11.2561
11.2561
11.2561
11.2561
11.2561
11.2561
11.2561
11.2561
11.2561
11.2561
11.2561
11.2561
11.2561
11.2561
11.2561
11.2561
11.2561
11.2561
11.2561
11.2561
11.2561
11.2561
11.2561
11.2561
11.2561
11.2561
11.2561
11.2561
11.2561
11.2561
11.2561
11.2561
11.2561
11.2561
11.2561
11.2561
11.2561
11.2561
11.2561
11.2561
11.2561
11.2561
11.2561
11.2561
11.2561
11.2561
11.2561
11.2561
8.0401
8.0401
8.0401
8.0401
8.0401
8.0401
8.0401
8.0401
8.0401
8.0401
8.0401
8.0401
8.0401
8.0401
8.0401
8.0401
8.0401
8.0401
8.0401
8.0401
8.04009
8.04009
8.04009
8.04009
8.04009
8.04009
8.04009
8.04009
8.04009
8.04009
8.04009
8.04009
8.04009
8.04009
8.04009
8.04009
8.04009
8.04009
8.04009
8.04009
8.04009
8.04009
8.04009
8.04009
8.04009
8.04009
8.04009
8.04009
8.04009
8.04009
8.04009
8.04009
8.04009
8.04009
8.04009
8.04009
8.04009
8.04009
8.04009
8.04009
8.04009
8.04009
8.04009
8.04009
8.04009
8.04009
8.04009
8.04009
8.04009
8.04009
8.04009
8.04009
8.04009
8.04009
8.04009
8.04009
8.04009
8.04009
8.04009
8.04009
8.04009
8.04009
8.04009
8.04009
8.04009
8.04009
8.04009
8.04009
8.04009
8.04009
8.04009
8.04009
8.0401
8.0401
8.0401
8.0401
8.0401
8.0401
8.04009
8.04009
4.82406
4.82406
4.82406
4.82406
4.82406
4.82406
4.82406
4.82406
4.82406
4.82406
4.82406
4.82406
4.82406
4.82406
4.82406
4.82406
4.82406
4.82406
4.82406
4.82406
4.82406
4.82406
4.82406
4.82406
4.82406
4.82406
4.82406
4.82406
4.82406
4.82406
4.82406
4.82406
4.82406
4.82406
4.82406
4.82406
4.82406
4.82406
4.82406
4.82406
4.82406
4.82406
4.82406
4.82406
4.82406
4.82406
4.82406
4.82406
4.82406
4.82406
4.82406
4.82406
4.82406
4.82406
4.82406
4.82406
4.82406
4.82406
4.82406
4.82406
4.82406
4.82406
4.82406
4.82406
4.82406
4.82406
4.82406
4.82406
4.82406
4.82406
4.82406
4.82406
4.82406
4.82406
4.82406
4.82406
4.82406
4.82406
4.82406
4.82406
4.82405
4.82405
4.82406
4.82406
4.82406
4.82406
4.82406
4.82406
4.82406
4.82406
4.82405
4.82405
4.82405
4.82405
4.82405
4.82405
4.82405
4.82405
4.82405
4.82405
1.60802
1.60802
1.60802
1.60802
1.60802
1.60802
1.60802
1.60802
1.60802
1.60802
1.60802
1.60802
1.60802
1.60802
1.60802
1.60802
1.60802
1.60802
1.60802
1.60802
1.60802
1.60802
1.60802
1.60802
1.60802
1.60802
1.60802
1.60802
1.60802
1.60802
1.60802
1.60802
1.60802
1.60802
1.60802
1.60802
1.60802
1.60802
1.60802
1.60802
1.60802
1.60802
1.60802
1.60802
1.60802
1.60802
1.60802
1.60802
1.60802
1.60802
1.60802
1.60802
1.60802
1.60802
1.60802
1.60802
1.60802
1.60802
1.60802
1.60802
1.60802
1.60802
1.60802
1.60802
1.60802
1.60802
1.60802
1.60802
1.60802
1.60802
1.60802
1.60802
1.60802
1.60802
1.60802
1.60802
1.60802
1.60802
1.60802
1.60802
1.60802
1.60802
1.60802
1.60802
1.60802
1.60802
1.60802
1.60802
1.60802
1.60802
1.60801
1.60801
1.60801
1.60801
1.60801
1.60801
1.60801
1.60801
1.60801
1.60801
60.2114
59.5258
59.0912
58.8143
58.677
58.677
58.8143
59.0912
59.5258
60.2114
59.5258
58.9399
58.498
58.2029
58.0566
58.0566
58.2029
58.498
58.9399
59.5258
59.0912
58.498
58.0368
57.7293
57.5775
57.5776
57.7293
58.0368
58.498
59.0912
58.8143
58.2029
57.7293
57.4159
57.2616
57.2616
57.4159
57.7293
58.2029
58.8143
58.677
58.0566
57.5775
57.2616
57.1062
57.1062
57.2616
57.5776
58.0566
58.677
58.677
58.0566
57.5776
57.2616
57.1062
57.1062
57.2616
57.5776
58.0566
58.677
58.8143
58.2029
57.7293
57.4159
57.2616
57.2616
57.4159
57.7293
58.2029
58.8143
59.0912
58.498
58.0368
57.7293
57.5776
57.5776
57.7293
58.0368
58.498
59.0912
59.5258
58.9399
58.498
58.2029
58.0566
58.0566
58.2029
58.498
58.9399
59.5258
60.2114
59.5258
59.0912
58.8143
58.677
58.677
58.8143
59.0912
59.5258
60.2114
58.0538
57.7774
57.6125
57.5038
57.4486
57.4486
57.5038
57.6125
57.7774
58.0538
57.7774
57.5581
57.3714
57.2412
57.1761
57.1761
57.2412
57.3714
57.5581
57.7774
57.6125
57.3714
57.1616
57.0175
56.9464
56.9464
57.0175
57.1616
57.3714
57.6125
57.5038
57.2412
57.0175
56.8662
56.7918
56.7918
56.8662
57.0175
57.2412
57.5038
57.4486
57.1761
56.9464
56.7918
56.7157
56.7157
56.7918
56.9464
57.1761
57.4486
57.4486
57.1761
56.9464
56.7918
56.7157
56.7157
56.7918
56.9464
57.1761
57.4486
57.5038
57.2412
57.0175
56.8662
56.7918
56.7918
56.8662
57.0175
57.2412
57.5038
57.6125
57.3714
57.1616
57.0175
56.9464
56.9464
57.0175
57.1616
57.3714
57.6125
57.7774
57.5581
57.3714
57.2412
57.1761
57.1761
57.2412
57.3714
57.5581
57.7774
58.0538
57.7774
57.6125
57.5038
57.4486
57.4486
57.5038
57.6125
57.7774
58.0539
56.5721
56.4211
56.3278
56.2628
56.2294
56.2294
56.2628
56.3278
56.4211
56.5721
56.4211
56.3009
56.1875
56.1054
56.064
56.064
56.1054
56.1875
56.3009
56.4211
56.3278
56.1875
56.0552
55.9625
55.9165
55.9165
55.9625
56.0552
56.1875
56.3278
56.2628
56.1054
55.9625
55.8644
55.816
55.816
55.8644
55.9625
56.1054
56.2628
56.2294
56.064
55.9165
55.816
55.7665
55.7665
55.816
55.9165
56.064
56.2294
56.2294
56.064
55.9165
55.816
55.7665
55.7665
55.816
55.9165
56.064
56.2294
56.2628
56.1054
55.9625
55.8644
55.816
55.816
55.8644
55.9625
56.1054
56.2628
56.3278
56.1875
56.0552
55.9625
55.9165
55.9165
55.9625
56.0552
56.1875
56.3278
56.4211
56.3009
56.1875
56.1054
56.064
56.064
56.1054
56.1875
56.3009
56.4211
56.5721
56.4211
56.3278
56.2628
56.2294
56.2294
56.2628
56.3278
56.4211
56.5721
52.9845
52.9497
52.9304
52.9146
52.9061
52.9061
52.9146
52.9304
52.9497
52.9845
52.9497
52.9242
52.8893
52.8617
52.8478
52.8478
52.8617
52.8893
52.9242
52.9497
52.9304
52.8893
52.8424
52.8083
52.7916
52.7916
52.8083
52.8424
52.8893
52.9304
52.9146
52.8617
52.8083
52.7711
52.7529
52.7529
52.7711
52.8083
52.8617
52.9146
52.9061
52.8478
52.7916
52.7529
52.7339
52.7339
52.7529
52.7916
52.8478
52.9061
52.9061
52.8478
52.7916
52.7529
52.7339
52.7339
52.7529
52.7916
52.8478
52.9061
52.9146
52.8617
52.8083
52.7711
52.7529
52.7529
52.7711
52.8083
52.8617
52.9146
52.9304
52.8893
52.8424
52.8083
52.7916
52.7916
52.8083
52.8424
52.8893
52.9304
52.9497
52.9242
52.8893
52.8617
52.8478
52.8478
52.8617
52.8893
52.9242
52.9497
52.9845
52.9497
52.9304
52.9146
52.9061
52.9061
52.9146
52.9304
52.9497
52.9845
50.0177
50.0107
50.0065
50.0016
49.9988
49.9988
50.0016
50.0065
50.0107
50.0177
50.0107
50.0072
49.9949
49.9839
49.9782
49.9782
49.9839
49.9949
50.0072
50.0107
50.0065
49.9949
49.9762
49.962
49.9549
49.9549
49.962
49.9762
49.9949
50.0065
50.0016
49.9839
49.962
49.9462
49.9384
49.9384
49.9462
49.962
49.9839
50.0016
49.9988
49.9782
49.9549
49.9384
49.9303
49.9303
49.9384
49.9549
49.9782
49.9988
49.9988
49.9782
49.9549
49.9384
49.9303
49.9303
49.9384
49.9549
49.9782
49.9988
50.0016
49.9839
49.962
49.9462
49.9384
49.9384
49.9462
49.962
49.9839
50.0016
50.0065
49.9949
49.9762
49.962
49.9549
49.9549
49.962
49.9762
49.9949
50.0065
50.0107
50.0072
49.9949
49.9839
49.9782
49.9782
49.9839
49.9949
50.0072
50.0107
50.0177
50.0107
50.0065
50.0016
49.9988
49.9988
50.0016
50.0065
50.0107
50.0177
46.6539
46.6572
46.6597
46.6603
46.6604
46.6604
46.6603
46.6597
46.6572
46.6539
46.6572
46.6608
46.6586
46.6558
46.6544
46.6544
46.6558
46.6586
46.6608
46.6572
46.6597
46.6586
46.6532
46.6488
46.6467
46.6467
46.6488
46.6532
46.6586
46.6597
46.6603
46.6558
46.6488
46.6437
46.6412
46.6412
46.6437
46.6488
46.6558
46.6603
46.6604
46.6544
46.6467
46.6412
46.6385
46.6385
46.6412
46.6467
46.6544
46.6604
46.6604
46.6544
46.6467
46.6412
46.6385
46.6385
46.6412
46.6467
46.6544
46.6604
46.6603
46.6558
46.6488
46.6437
46.6412
46.6412
46.6437
46.6488
46.6558
46.6603
46.6597
46.6586
46.6532
46.6488
46.6467
46.6467
46.6488
46.6532
46.6586
46.6597
46.6572
46.6608
46.6586
46.6558
46.6544
46.6544
46.6558
46.6586
46.6608
46.6572
46.6539
46.6572
46.6597
46.6603
46.6604
46.6604
46.6603
46.6597
46.6572
46.6539
43.4634
43.4676
43.4703
43.4716
43.4722
43.4722
43.4716
43.4703
43.4676
43.4634
43.4676
43.4718
43.4726
43.4725
43.4724
43.4724
43.4725
43.4726
43.4718
43.4676
43.4703
43.4726
43.4721
43.4713
43.471
43.471
43.4713
43.4721
43.4726
43.4703
43.4716
43.4725
43.4713
43.4703
43.4698
43.4698
43.4703
43.4713
43.4725
43.4716
43.4722
43.4724
43.471
43.4698
43.4693
43.4693
43.4698
43.471
43.4724
43.4722
43.4722
43.4724
43.471
43.4698
43.4693
43.4693
43.4698
43.471
43.4724
43.4722
43.4716
43.4725
43.4713
43.4703
43.4698
43.4698
43.4703
43.4713
43.4725
43.4716
43.4703
43.4726
43.4721
43.4713
43.471
43.471
43.4713
43.4721
43.4726
43.4703
43.4676
43.4718
43.4726
43.4725
43.4724
43.4724
43.4725
43.4726
43.4718
43.4676
43.4634
43.4676
43.4703
43.4716
43.4722
43.4722
43.4716
43.4703
43.4676
43.4634
40.2098
40.2126
40.2144
40.2154
40.2159
40.2159
40.2154
40.2144
40.2126
40.2098
40.2126
40.2151
40.216
40.2163
40.2165
40.2165
40.2163
40.216
40.2151
40.2126
40.2144
40.216
40.2163
40.2163
40.2164
40.2164
40.2163
40.2163
40.216
40.2144
40.2154
40.2163
40.2163
40.2163
40.2163
40.2163
40.2163
40.2163
40.2163
40.2154
40.2159
40.2165
40.2164
40.2163
40.2162
40.2162
40.2163
40.2164
40.2165
40.2159
40.2159
40.2165
40.2164
40.2163
40.2162
40.2162
40.2163
40.2164
40.2165
40.2159
40.2154
40.2163
40.2163
40.2163
40.2163
40.2163
40.2163
40.2163
40.2163
40.2154
40.2144
40.216
40.2163
40.2163
40.2164
40.2164
40.2163
40.2163
40.216
40.2144
40.2126
40.2151
40.216
40.2163
40.2165
40.2165
40.2163
40.216
40.2151
40.2126
40.2098
40.2126
40.2144
40.2154
40.2159
40.2159
40.2154
40.2144
40.2126
40.2098
36.9949
36.9966
36.9977
36.9984
36.9987
36.9987
36.9984
36.9977
36.9966
36.9949
36.9966
36.9982
36.9991
36.9995
36.9997
36.9997
36.9995
36.9991
36.9982
36.9966
36.9977
36.9991
36.9997
37
37.0002
37.0002
37
36.9997
36.9991
36.9977
36.9984
36.9995
37
37.0003
37.0005
37.0005
37.0003
37
36.9995
36.9984
36.9987
36.9997
37.0002
37.0005
37.0007
37.0007
37.0005
37.0002
36.9997
36.9987
36.9987
36.9997
37.0002
37.0005
37.0007
37.0007
37.0005
37.0002
36.9997
36.9987
36.9984
36.9995
37
37.0003
37.0005
37.0005
37.0003
37
36.9995
36.9984
36.9977
36.9991
36.9997
37
37.0002
37.0002
37
36.9997
36.9991
36.9977
36.9966
36.9982
36.9991
36.9995
36.9997
36.9997
36.9995
36.9991
36.9982
36.9966
36.9949
36.9966
36.9977
36.9984
36.9987
36.9987
36.9984
36.9977
36.9966
36.9949
33.7707
33.7715
33.7721
33.7724
33.7726
33.7726
33.7724
33.7721
33.7715
33.7707
33.7715
33.7723
33.7727
33.773
33.7731
33.7731
33.773
33.7727
33.7723
33.7715
33.7721
33.7727
33.7731
33.7733
33.7734
33.7734
33.7733
33.7731
33.7727
33.7721
33.7724
33.773
33.7733
33.7735
33.7736
33.7736
33.7735
33.7733
33.773
33.7724
33.7726
33.7731
33.7734
33.7736
33.7737
33.7737
33.7736
33.7734
33.7731
33.7726
33.7726
33.7731
33.7734
33.7736
33.7737
33.7737
33.7736
33.7734
33.7731
33.7726
33.7724
33.773
33.7733
33.7735
33.7736
33.7736
33.7735
33.7733
33.773
33.7724
33.7721
33.7727
33.7731
33.7733
33.7734
33.7734
33.7733
33.7731
33.7727
33.7721
33.7715
33.7723
33.7727
33.773
33.7731
33.7731
33.773
33.7727
33.7723
33.7715
33.7707
33.7715
33.7721
33.7724
33.7726
33.7726
33.7724
33.7721
33.7715
33.7707
30.5544
30.5548
30.5551
30.5553
30.5554
30.5554
30.5553
30.5551
30.5548
30.5544
30.5548
30.5552
30.5555
30.5557
30.5557
30.5557
30.5557
30.5555
30.5552
30.5548
30.5551
30.5555
30.5557
30.5559
30.556
30.556
30.5559
30.5557
30.5555
30.5551
30.5553
30.5557
30.5559
30.5561
30.5561
30.5561
30.5561
30.5559
30.5557
30.5553
30.5554
30.5557
30.556
30.5561
30.5562
30.5562
30.5561
30.556
30.5557
30.5554
30.5554
30.5557
30.556
30.5561
30.5562
30.5562
30.5561
30.556
30.5557
30.5554
30.5553
30.5557
30.5559
30.5561
30.5561
30.5561
30.5561
30.5559
30.5557
30.5553
30.5551
30.5555
30.5557
30.5559
30.556
30.556
30.5559
30.5557
30.5555
30.5551
30.5548
30.5552
30.5555
30.5557
30.5557
30.5557
30.5557
30.5555
30.5552
30.5548
30.5544
30.5548
30.5551
30.5553
30.5554
30.5554
30.5553
30.5551
30.5548
30.5544
27.3367
27.3369
27.3371
27.3371
27.3372
27.3372
27.3371
27.3371
27.3369
27.3367
27.3369
27.3371
27.3372
27.3373
27.3373
27.3373
27.3373
27.3372
27.3371
27.3369
27.3371
27.3372
27.3373
27.3374
27.3375
27.3375
27.3374
27.3373
27.3372
27.3371
27.3371
27.3373
27.3374
27.3375
27.3375
27.3375
27.3375
27.3374
27.3373
27.3371
27.3372
27.3373
27.3375
27.3375
27.3376
27.3376
27.3375
27.3375
27.3373
27.3372
27.3372
27.3373
27.3375
27.3375
27.3376
27.3376
27.3375
27.3375
27.3373
27.3372
27.3371
27.3373
27.3374
27.3375
27.3375
27.3375
27.3375
27.3374
27.3373
27.3371
27.3371
27.3372
27.3373
27.3374
27.3375
27.3375
27.3374
27.3373
27.3372
27.3371
27.3369
27.3371
27.3372
27.3373
27.3373
27.3373
27.3373
27.3372
27.3371
27.3369
27.3367
27.3369
27.3371
27.3371
27.3372
27.3372
27.3371
27.3371
27.3369
27.3367
24.1206
24.1207
24.1208
24.1208
24.1208
24.1208
24.1208
24.1208
24.1207
24.1206
24.1207
24.1208
24.1209
24.1209
24.1209
24.1209
24.1209
24.1209
24.1208
24.1207
24.1208
24.1209
24.1209
24.121
24.121
24.121
24.121
24.1209
24.1209
24.1208
24.1208
24.1209
24.121
24.121
24.121
24.121
24.121
24.121
24.1209
24.1208
24.1208
24.1209
24.121
24.121
24.1211
24.1211
24.121
24.121
24.1209
24.1208
24.1208
24.1209
24.121
24.121
24.1211
24.1211
24.121
24.121
24.1209
24.1208
24.1208
24.1209
24.121
24.121
24.121
24.121
24.121
24.121
24.1209
24.1208
24.1208
24.1209
24.1209
24.121
24.121
24.121
24.121
24.1209
24.1209
24.1208
24.1207
24.1208
24.1209
24.1209
24.1209
24.1209
24.1209
24.1209
24.1208
24.1207
24.1206
24.1207
24.1208
24.1208
24.1208
24.1208
24.1208
24.1208
24.1207
24.1206
20.9043
20.9043
20.9044
20.9044
20.9044
20.9044
20.9044
20.9044
20.9043
20.9043
20.9043
20.9044
20.9044
20.9044
20.9044
20.9044
20.9044
20.9044
20.9044
20.9043
20.9044
20.9044
20.9044
20.9044
20.9045
20.9045
20.9044
20.9044
20.9044
20.9044
20.9044
20.9044
20.9044
20.9045
20.9045
20.9045
20.9045
20.9044
20.9044
20.9044
20.9044
20.9044
20.9045
20.9045
20.9045
20.9045
20.9045
20.9045
20.9044
20.9044
20.9044
20.9044
20.9045
20.9045
20.9045
20.9045
20.9045
20.9045
20.9044
20.9044
20.9044
20.9044
20.9044
20.9045
20.9045
20.9045
20.9045
20.9044
20.9044
20.9044
20.9044
20.9044
20.9044
20.9044
20.9045
20.9045
20.9044
20.9044
20.9044
20.9044
20.9043
20.9044
20.9044
20.9044
20.9044
20.9044
20.9044
20.9044
20.9044
20.9043
20.9043
20.9043
20.9044
20.9044
20.9044
20.9044
20.9044
20.9044
20.9043
20.9043
17.6883
17.6883
17.6883
17.6883
17.6883
17.6883
17.6883
17.6883
17.6883
17.6883
17.6883
17.6883
17.6883
17.6883
17.6883
17.6883
17.6883
17.6883
17.6883
17.6883
17.6883
17.6883
17.6883
17.6883
17.6883
17.6883
17.6883
17.6883
17.6883
17.6883
17.6883
17.6883
17.6883
17.6883
17.6883
17.6883
17.6883
17.6883
17.6883
17.6883
17.6883
17.6883
17.6883
17.6883
17.6883
17.6883
17.6883
17.6883
17.6883
17.6883
17.6883
17.6883
17.6883
17.6883
17.6883
17.6883
17.6883
17.6883
17.6883
17.6883
17.6883
17.6883
17.6883
17.6883
17.6883
17.6883
17.6883
17.6883
17.6883
17.6883
17.6883
17.6883
17.6883
17.6883
17.6883
17.6883
17.6883
17.6883
17.6883
17.6883
17.6883
17.6883
17.6883
17.6883
17.6883
17.6883
17.6883
17.6883
17.6883
17.6883
17.6883
17.6883
17.6883
17.6883
17.6883
17.6883
17.6883
17.6883
17.6883
17.6883
14.4722
14.4722
14.4722
14.4722
14.4722
14.4722
14.4722
14.4722
14.4722
14.4722
14.4722
14.4722
14.4722
14.4722
14.4722
14.4722
14.4722
14.4722
14.4722
14.4722
14.4722
14.4722
14.4722
14.4722
14.4722
14.4722
14.4722
14.4722
14.4722
14.4722
14.4722
14.4722
14.4722
14.4722
14.4722
14.4722
14.4722
14.4722
14.4722
14.4722
14.4722
14.4722
14.4722
14.4722
14.4722
14.4722
14.4722
14.4722
14.4722
14.4722
14.4722
14.4722
14.4722
14.4722
14.4722
14.4722
14.4722
14.4722
14.4722
14.4722
14.4722
14.4722
14.4722
14.4722
14.4722
14.4722
14.4722
14.4722
14.4722
14.4722
14.4722
14.4722
14.4722
14.4722
14.4722
14.4722
14.4722
14.4722
14.4722
14.4722
14.4722
14.4722
14.4722
14.4722
14.4722
14.4722
14.4722
14.4722
14.4722
14.4722
14.4722
14.4722
14.4722
14.4722
14.4722
14.4722
14.4722
14.4722
14.4722
14.4722
11.2561
11.2561
11.2561
11.2561
11.2561
11.2561
11.2561
11.2561
11.2561
11.2561
11.2561
11.2561
11.2561
11.2561
11.2562
11.2562
11.2561
11.2561
11.2561
11.2561
11.2561
11.2561
11.2562
11.2562
11.2562
11.2562
11.2562
11.2562
11.2561
11.2561
11.2561
11.2561
11.2562
11.2562
11.2562
11.2562
11.2562
11.2562
11.2561
11.2561
11.2561
11.2562
11.2562
11.2562
11.2562
11.2562
11.2562
11.2562
11.2562
11.2561
11.2561
11.2562
11.2562
11.2562
11.2562
11.2562
11.2562
11.2562
11.2562
11.2561
11.2561
11.2561
11.2562
11.2562
11.2562
11.2562
11.2562
11.2562
11.2561
11.2561
11.2561
11.2561
11.2562
11.2562
11.2562
11.2562
11.2562
11.2562
11.2561
11.2561
11.2561
11.2561
11.2561
11.2561
11.2562
11.2562
11.2561
11.2561
11.2561
11.2561
11.2561
11.2561
11.2561
11.2561
11.2561
11.2561
11.2561
11.2561
11.2561
11.2561
8.0401
8.0401
8.0401
8.0401
8.0401
8.0401
8.0401
8.0401
8.0401
8.0401
8.0401
8.0401
8.0401
8.0401
8.0401
8.0401
8.0401
8.0401
8.0401
8.0401
8.0401
8.0401
8.0401
8.0401
8.0401
8.0401
8.0401
8.0401
8.0401
8.0401
8.0401
8.0401
8.0401
8.0401
8.0401
8.0401
8.0401
8.0401
8.0401
8.0401
8.0401
8.0401
8.0401
8.0401
8.0401
8.0401
8.0401
8.0401
8.0401
8.0401
8.0401
8.0401
8.0401
8.0401
8.0401
8.0401
8.0401
8.0401
8.0401
8.0401
8.0401
8.0401
8.0401
8.0401
8.0401
8.0401
8.0401
8.0401
8.0401
8.0401
8.0401
8.0401
8.0401
8.0401
8.0401
8.0401
8.0401
8.0401
8.0401
8.0401
8.0401
8.0401
8.0401
8.0401
8.0401
8.0401
8.0401
8.0401
8.0401
8.0401
8.0401
8.0401
8.0401
8.0401
8.0401
8.0401
8.0401
8.0401
8.0401
8.0401
4.82406
4.82405
4.82405
4.82405
4.82405
4.82405
4.82405
4.82405
4.82405
4.82405
4.82405
4.82405
4.82405
4.82405
4.82405
4.82405
4.82405
4.82405
4.82405
4.82405
4.82405
4.82405
4.82405
4.82405
4.82405
4.82405
4.82405
4.82405
4.82405
4.82405
4.82405
4.82405
4.82405
4.82405
4.82405
4.82405
4.82405
4.82405
4.82405
4.82405
4.82405
4.82405
4.82405
4.82405
4.82405
4.82405
4.82405
4.82405
4.82405
4.82405
4.82405
4.82405
4.82405
4.82405
4.82405
4.82405
4.82405
4.82405
4.82405
4.82405
4.82405
4.82405
4.82405
4.82405
4.82405
4.82405
4.82405
4.82405
4.82405
4.82405
4.82405
4.82405
4.82405
4.82405
4.82405
4.82405
4.82405
4.82405
4.82405
4.82405
4.82405
4.82405
4.82405
4.82405
4.82405
4.82405
4.82405
4.82405
4.82405
4.82405
4.82405
4.82405
4.82405
4.82405
4.82405
4.82405
4.82405
4.82405
4.82405
4.82405
1.60801
1.60801
1.60801
1.60801
1.60801
1.60801
1.60801
1.60801
1.60801
1.60801
1.60801
1.60801
1.60801
1.60801
1.60801
1.60801
1.60801
1.60801
1.60801
1.60801
1.60801
1.60801
1.60801
1.60801
1.60801
1.60801
1.60801
1.60801
1.60801
1.60801
1.60801
1.60801
1.60801
1.60801
1.60801
1.60801
1.60801
1.60801
1.60801
1.60801
1.60801
1.60801
1.60801
1.60801
1.60801
1.60801
1.60801
1.60801
1.60801
1.60801
1.60801
1.60801
1.60801
1.60801
1.60801
1.60801
1.60801
1.60801
1.60801
1.60801
1.60801
1.60801
1.60801
1.60801
1.60801
1.60801
1.60801
1.60801
1.60801
1.60801
1.60801
1.60801
1.60801
1.60801
1.60801
1.60801
1.60801
1.60801
1.60801
1.60801
1.60801
1.60801
1.60801
1.60801
1.60801
1.60801
1.60801
1.60801
1.60801
1.60801
1.60801
1.60801
1.60801
1.60801
1.60801
1.60801
1.60801
1.60801
1.60801
1.60801
)
;

boundaryField
{
    fixedWalls
    {
        type            zeroGradient;
    }
    inlet
    {
        type            fixedGradient;
        gradient        uniform 0;
    }
    outlet
    {
        type            fixedValue;
        value           uniform 0;
    }
}


// ************************************************************************* //
