/*--------------------------------*- C++ -*----------------------------------*\
| =========                 |                                                 |
| \\      /  F ield         | OpenFOAM: The Open Source CFD Toolbox           |
|  \\    /   O peration     | Version:  2106                                  |
|   \\  /    A nd           | Website:  www.openfoam.com                      |
|    \\/     M anipulation  |                                                 |
\*---------------------------------------------------------------------------*/
FoamFile
{
    version     2.0;
    format      ascii;
    arch        "LSB;label=32;scalar=64";
    class       volScalarField;
    location    "0.7";
    object      p;
}
// * * * * * * * * * * * * * * * * * * * * * * * * * * * * * * * * * * * * * //

dimensions      [0 2 -2 0 0 0 0];

internalField   nonuniform List<scalar> 
10000
(
99.2027
98.6176
98.2501
97.9815
97.8422
97.8422
97.9815
98.2501
98.6176
99.2027
90.0167
89.1624
88.5997
88.2018
87.9969
87.9969
88.2018
88.5997
89.1624
90.0167
82.3901
81.407
80.7653
80.3183
80.0889
80.0889
80.3183
80.7653
81.407
82.3901
77.1244
76.1143
75.4636
75.017
74.7881
74.7881
75.017
75.4636
76.1143
77.1244
73.1731
72.1705
71.5278
71.0953
70.8738
70.8738
71.0953
71.5278
72.1705
73.1731
69.9731
68.9977
68.371
67.9596
67.7493
67.7493
67.9596
68.371
68.9977
69.9731
67.3338
66.4067
65.8056
65.4216
65.2261
65.2261
65.4216
65.8056
66.4067
67.3338
65.1483
64.293
63.73
63.3789
63.2008
63.2008
63.3789
63.73
64.293
65.1483
63.3359
62.5687
62.0565
61.7431
61.5843
61.5843
61.7431
62.0565
62.5687
63.3359
61.9169
61.15
60.6971
60.4216
60.282
60.282
60.4216
60.6971
61.15
61.9169
63.0229
63.1967
63.3858
63.5133
63.5793
63.5793
63.5133
63.3858
63.1967
63.0229
63.4481
63.5433
63.6708
63.7526
63.7944
63.7944
63.7526
63.6708
63.5433
63.4481
63.4247
63.4219
63.4749
63.5033
63.5175
63.5175
63.5033
63.4749
63.4219
63.4247
63.0118
62.9183
62.9028
62.8843
62.8741
62.8741
62.8843
62.9028
62.9183
63.0118
62.4133
62.2453
62.1716
62.1153
62.0857
62.0857
62.1153
62.1716
62.2453
62.4133
61.7389
61.5148
61.3939
61.3094
61.2654
61.2654
61.3094
61.3939
61.5148
61.7389
61.0437
60.7839
60.629
60.5261
60.4729
60.4729
60.5261
60.629
60.7839
61.0437
60.3596
60.0879
59.9146
59.8031
59.7456
59.7456
59.8031
59.9146
60.0879
60.3596
59.7224
59.455
59.2752
59.1623
59.1037
59.1037
59.1623
59.2752
59.455
59.7224
59.2359
58.8862
58.7015
58.588
58.5288
58.5288
58.588
58.7015
58.8862
59.2359
58.3874
58.3729
58.3746
58.3711
58.3696
58.3696
58.3711
58.3746
58.3729
58.3874
58.8007
58.784
58.7851
58.7799
58.7773
58.7773
58.7799
58.7851
58.784
58.8007
59.1429
59.1076
59.0972
59.0823
59.0743
59.0743
59.0823
59.0972
59.1076
59.1429
59.1963
59.1276
59.0949
59.0639
59.0474
59.0474
59.0639
59.0949
59.1276
59.1963
59.0515
58.9474
58.8903
58.8432
58.8182
58.8182
58.8432
58.8903
58.9474
59.0515
58.8035
58.6686
58.5891
58.5286
58.4967
58.4967
58.5286
58.5891
58.6686
58.8035
58.5008
58.3435
58.2458
58.1758
58.1391
58.1391
58.1758
58.2458
58.3435
58.5008
58.1704
58.0029
57.8938
57.8188
57.7797
57.7797
57.8188
57.8938
58.0029
58.1704
57.8455
57.6754
57.5589
57.4816
57.4413
57.4413
57.4817
57.5589
57.6754
57.8455
57.6013
57.3669
57.2398
57.1588
57.1167
57.1167
57.1588
57.2398
57.3669
57.6013
53.6495
53.6693
53.6944
53.7105
53.719
53.719
53.7105
53.6944
53.6693
53.6495
53.8608
53.8845
53.9136
53.932
53.9418
53.9418
53.932
53.9136
53.8845
53.8608
54.0402
54.0616
54.0904
54.108
54.1173
54.1173
54.108
54.0904
54.0616
54.0402
54.1266
54.1376
54.1595
54.1717
54.1781
54.1781
54.1717
54.1595
54.1376
54.1266
54.141
54.1376
54.1491
54.1538
54.1561
54.1561
54.1538
54.1491
54.1376
54.141
54.1071
54.0887
54.0888
54.0857
54.0839
54.0839
54.0857
54.0888
54.0887
54.1071
54.0384
54.0072
53.9965
53.9867
53.9814
53.9814
53.9867
53.9965
54.0072
54.0384
53.9449
53.9056
53.8866
53.8717
53.8636
53.8636
53.8717
53.8866
53.9056
53.9449
53.8446
53.7995
53.7722
53.7527
53.7421
53.7421
53.7527
53.7722
53.7995
53.8446
53.7828
53.6938
53.6526
53.6256
53.6114
53.6114
53.6256
53.6526
53.6938
53.7828
50.4148
50.4149
50.4169
50.417
50.4171
50.4171
50.417
50.4169
50.4149
50.4148
50.5137
50.5174
50.5227
50.5249
50.5261
50.5261
50.5249
50.5227
50.5174
50.5137
50.6147
50.6199
50.6268
50.6298
50.6314
50.6314
50.6298
50.6268
50.6199
50.6147
50.6833
50.6864
50.6923
50.6942
50.6951
50.6951
50.6942
50.6923
50.6864
50.6833
50.7217
50.7205
50.7235
50.7231
50.7228
50.7228
50.7231
50.7235
50.7205
50.7217
50.7368
50.7301
50.7293
50.7262
50.7244
50.7244
50.7262
50.7293
50.7301
50.7368
50.7334
50.7215
50.7167
50.711
50.7078
50.7078
50.711
50.7167
50.7215
50.7334
50.7157
50.7003
50.692
50.6842
50.6798
50.6798
50.6842
50.692
50.7003
50.7157
50.6934
50.6744
50.6618
50.6517
50.6461
50.6461
50.6517
50.6618
50.6744
50.6934
50.6878
50.6458
50.6251
50.6107
50.6031
50.6031
50.6107
50.6251
50.6458
50.6878
47.0817
47.0848
47.0885
47.0907
47.0918
47.0918
47.0907
47.0885
47.0848
47.0817
47.1229
47.1277
47.133
47.1363
47.138
47.138
47.1363
47.133
47.1277
47.1229
47.1648
47.1707
47.1773
47.1814
47.1835
47.1835
47.1814
47.1773
47.1707
47.1648
47.1964
47.2022
47.2089
47.2129
47.215
47.215
47.2129
47.2089
47.2022
47.1964
47.2178
47.2224
47.2284
47.2317
47.2335
47.2335
47.2317
47.2284
47.2224
47.2178
47.2304
47.2331
47.2378
47.2401
47.2413
47.2413
47.2401
47.2378
47.2331
47.2304
47.2353
47.2359
47.239
47.2402
47.2407
47.2407
47.2402
47.239
47.2359
47.2353
47.2335
47.2326
47.2341
47.2341
47.234
47.234
47.2341
47.2341
47.2326
47.2335
47.2293
47.2265
47.2257
47.2242
47.2233
47.2233
47.2242
47.2257
47.2265
47.2293
47.2333
47.2188
47.2129
47.2087
47.2064
47.2064
47.2087
47.2129
47.2188
47.2333
43.8744
43.8748
43.8753
43.8755
43.8756
43.8756
43.8755
43.8753
43.8748
43.8743
43.8916
43.8929
43.8942
43.8949
43.8953
43.8953
43.8949
43.8942
43.8929
43.8916
43.9113
43.9133
43.9154
43.9165
43.9171
43.9171
43.9165
43.9154
43.9133
43.9113
43.9283
43.9306
43.9331
43.9343
43.935
43.935
43.9343
43.9331
43.9306
43.9283
43.942
43.9443
43.9468
43.948
43.9486
43.9486
43.948
43.9468
43.9443
43.942
43.9527
43.9546
43.9569
43.9578
43.9583
43.9583
43.9578
43.9569
43.9546
43.9527
43.9606
43.962
43.9638
43.9644
43.9647
43.9647
43.9644
43.9638
43.962
43.9606
43.9658
43.9668
43.9681
43.9684
43.9684
43.9684
43.9684
43.9681
43.9668
43.9658
43.9703
43.9705
43.9709
43.9705
43.9703
43.9703
43.9705
43.9709
43.9705
43.9703
43.9782
43.9733
43.9713
43.9698
43.9689
43.9689
43.9698
43.9713
43.9733
43.9782
40.6306
40.6312
40.6319
40.6322
40.6324
40.6324
40.6322
40.6319
40.6312
40.6306
40.6372
40.6382
40.6392
40.6398
40.6401
40.6401
40.6398
40.6392
40.6382
40.6372
40.6447
40.6461
40.6474
40.6482
40.6486
40.6486
40.6482
40.6474
40.6461
40.6447
40.6516
40.6532
40.6547
40.6557
40.6562
40.6562
40.6557
40.6547
40.6532
40.6516
40.6577
40.6593
40.6609
40.6619
40.6625
40.6625
40.6619
40.6609
40.6593
40.6577
40.6627
40.6643
40.6659
40.6669
40.6674
40.6674
40.6669
40.6659
40.6643
40.6627
40.6667
40.6682
40.6697
40.6706
40.671
40.671
40.6706
40.6697
40.6682
40.6667
40.6697
40.671
40.6724
40.6731
40.6734
40.6734
40.6731
40.6724
40.671
40.6697
40.6723
40.6733
40.6743
40.6746
40.6748
40.6748
40.6746
40.6743
40.6733
40.6723
40.6764
40.6752
40.675
40.6747
40.6746
40.6746
40.6747
40.675
40.6752
40.6764
37.3939
37.394
37.3942
37.3942
37.3942
37.3942
37.3942
37.3942
37.394
37.3939
37.3964
37.3967
37.3969
37.3971
37.3971
37.3971
37.3971
37.3969
37.3967
37.3964
37.3995
37.4
37.4004
37.4007
37.4008
37.4008
37.4007
37.4004
37.4
37.3995
37.4027
37.4034
37.4039
37.4043
37.4044
37.4044
37.4043
37.4039
37.4034
37.4027
37.4059
37.4066
37.4073
37.4077
37.4079
37.4079
37.4077
37.4073
37.4066
37.4059
37.4088
37.4096
37.4104
37.4108
37.411
37.411
37.4108
37.4104
37.4096
37.4088
37.4115
37.4124
37.4131
37.4135
37.4137
37.4137
37.4135
37.4131
37.4124
37.4115
37.4139
37.4148
37.4155
37.4159
37.4161
37.4161
37.4159
37.4155
37.4148
37.4139
37.4163
37.417
37.4177
37.4179
37.4181
37.4181
37.4179
37.4177
37.417
37.4163
37.4192
37.4191
37.4193
37.4193
37.4194
37.4194
37.4193
37.4193
37.4191
37.4192
34.1465
34.1466
34.1467
34.1467
34.1468
34.1468
34.1467
34.1467
34.1466
34.1465
34.1472
34.1474
34.1476
34.1477
34.1477
34.1477
34.1477
34.1476
34.1474
34.1472
34.1483
34.1485
34.1488
34.1489
34.149
34.149
34.1489
34.1488
34.1485
34.1483
34.1495
34.1498
34.1501
34.1503
34.1504
34.1504
34.1503
34.1501
34.1498
34.1495
34.1507
34.1511
34.1514
34.1517
34.1518
34.1518
34.1517
34.1514
34.1511
34.1507
34.1519
34.1524
34.1528
34.153
34.1531
34.1531
34.153
34.1528
34.1524
34.1519
34.1531
34.1536
34.154
34.1543
34.1544
34.1544
34.1543
34.154
34.1536
34.1531
34.1542
34.1547
34.1551
34.1554
34.1555
34.1555
34.1554
34.1551
34.1547
34.1542
34.1552
34.1557
34.1561
34.1563
34.1564
34.1564
34.1563
34.1561
34.1557
34.1552
34.1565
34.1567
34.1569
34.157
34.157
34.157
34.157
34.1569
34.1567
34.1565
30.8979
30.8979
30.8979
30.8979
30.8979
30.8979
30.8979
30.8979
30.8979
30.8979
30.8981
30.8981
30.8982
30.8982
30.8982
30.8982
30.8982
30.8982
30.8981
30.8981
30.8984
30.8985
30.8986
30.8986
30.8987
30.8987
30.8986
30.8986
30.8985
30.8984
30.8989
30.8991
30.8992
30.8992
30.8992
30.8992
30.8992
30.8992
30.8991
30.8989
30.8995
30.8997
30.8998
30.8999
30.8999
30.8999
30.8999
30.8998
30.8997
30.8995
30.9001
30.9003
30.9005
30.9006
30.9006
30.9006
30.9006
30.9005
30.9003
30.9001
30.9007
30.901
30.9012
30.9013
30.9013
30.9013
30.9013
30.9012
30.901
30.9007
30.9014
30.9016
30.9019
30.902
30.902
30.902
30.902
30.9019
30.9016
30.9014
30.902
30.9023
30.9025
30.9026
30.9027
30.9027
30.9026
30.9025
30.9023
30.902
30.9028
30.9029
30.9031
30.9032
30.9032
30.9032
30.9032
30.9031
30.9029
30.9028
27.6466
27.6466
27.6466
27.6466
27.6466
27.6466
27.6466
27.6466
27.6466
27.6466
27.6466
27.6466
27.6466
27.6466
27.6467
27.6467
27.6466
27.6466
27.6466
27.6466
27.6467
27.6467
27.6467
27.6468
27.6468
27.6468
27.6468
27.6467
27.6467
27.6467
27.6468
27.6469
27.6469
27.647
27.647
27.647
27.647
27.6469
27.6469
27.6468
27.647
27.6471
27.6472
27.6472
27.6472
27.6472
27.6472
27.6472
27.6471
27.647
27.6472
27.6473
27.6474
27.6475
27.6475
27.6475
27.6475
27.6474
27.6473
27.6472
27.6475
27.6476
27.6477
27.6478
27.6478
27.6478
27.6478
27.6477
27.6476
27.6475
27.6478
27.6479
27.648
27.648
27.6481
27.6481
27.648
27.648
27.6479
27.6478
27.648
27.6482
27.6483
27.6483
27.6484
27.6484
27.6483
27.6483
27.6482
27.648
27.6483
27.6484
27.6485
27.6486
27.6486
27.6486
27.6486
27.6485
27.6484
27.6483
24.3947
24.3947
24.3947
24.3947
24.3947
24.3947
24.3947
24.3947
24.3947
24.3947
24.3947
24.3947
24.3947
24.3947
24.3947
24.3947
24.3947
24.3947
24.3947
24.3947
24.3947
24.3947
24.3947
24.3947
24.3947
24.3947
24.3947
24.3947
24.3947
24.3947
24.3948
24.3948
24.3948
24.3948
24.3948
24.3948
24.3948
24.3948
24.3948
24.3948
24.3949
24.3949
24.3949
24.3949
24.3949
24.3949
24.3949
24.3949
24.3949
24.3949
24.395
24.395
24.395
24.395
24.3951
24.3951
24.395
24.395
24.395
24.395
24.3951
24.3951
24.3952
24.3952
24.3952
24.3952
24.3952
24.3952
24.3951
24.3951
24.3952
24.3953
24.3953
24.3953
24.3954
24.3954
24.3953
24.3953
24.3953
24.3952
24.3954
24.3954
24.3955
24.3955
24.3955
24.3955
24.3955
24.3955
24.3954
24.3954
24.3955
24.3956
24.3956
24.3956
24.3956
24.3956
24.3956
24.3956
24.3956
24.3955
21.1423
21.1423
21.1423
21.1423
21.1423
21.1423
21.1423
21.1423
21.1423
21.1423
21.1423
21.1423
21.1423
21.1423
21.1423
21.1423
21.1423
21.1423
21.1423
21.1423
21.1423
21.1423
21.1423
21.1423
21.1423
21.1423
21.1423
21.1423
21.1423
21.1423
21.1423
21.1423
21.1423
21.1423
21.1423
21.1423
21.1423
21.1423
21.1423
21.1423
21.1423
21.1423
21.1423
21.1423
21.1423
21.1423
21.1423
21.1423
21.1423
21.1423
21.1423
21.1424
21.1424
21.1424
21.1424
21.1424
21.1424
21.1424
21.1424
21.1423
21.1424
21.1424
21.1424
21.1424
21.1424
21.1424
21.1424
21.1424
21.1424
21.1424
21.1424
21.1425
21.1425
21.1425
21.1425
21.1425
21.1425
21.1425
21.1425
21.1424
21.1425
21.1425
21.1425
21.1425
21.1426
21.1426
21.1425
21.1425
21.1425
21.1425
21.1425
21.1426
21.1426
21.1426
21.1426
21.1426
21.1426
21.1426
21.1426
21.1425
17.8898
17.8898
17.8898
17.8898
17.8898
17.8898
17.8898
17.8898
17.8898
17.8898
17.8898
17.8898
17.8897
17.8897
17.8897
17.8897
17.8897
17.8897
17.8898
17.8898
17.8897
17.8897
17.8897
17.8897
17.8897
17.8897
17.8897
17.8897
17.8897
17.8897
17.8897
17.8897
17.8897
17.8897
17.8897
17.8897
17.8897
17.8897
17.8897
17.8897
17.8897
17.8897
17.8898
17.8898
17.8898
17.8898
17.8898
17.8898
17.8897
17.8897
17.8898
17.8898
17.8898
17.8898
17.8898
17.8898
17.8898
17.8898
17.8898
17.8898
17.8898
17.8898
17.8898
17.8898
17.8898
17.8898
17.8898
17.8898
17.8898
17.8898
17.8898
17.8898
17.8898
17.8898
17.8898
17.8898
17.8898
17.8898
17.8898
17.8898
17.8898
17.8898
17.8898
17.8899
17.8899
17.8899
17.8899
17.8898
17.8898
17.8898
17.8898
17.8899
17.8899
17.8899
17.8899
17.8899
17.8899
17.8899
17.8899
17.8898
14.6371
14.6371
14.6371
14.6371
14.6371
14.6371
14.6371
14.6371
14.6371
14.6371
14.6371
14.6371
14.6371
14.6371
14.6371
14.6371
14.6371
14.6371
14.6371
14.6371
14.6371
14.6371
14.6371
14.6371
14.6371
14.6371
14.6371
14.6371
14.6371
14.6371
14.6371
14.6371
14.6371
14.6371
14.6371
14.6371
14.6371
14.6371
14.6371
14.6371
14.6371
14.6371
14.6371
14.6371
14.6371
14.6371
14.6371
14.6371
14.6371
14.6371
14.6371
14.6371
14.6371
14.6371
14.6371
14.6371
14.6371
14.6371
14.6371
14.6371
14.6371
14.6371
14.6371
14.6371
14.6371
14.6371
14.6371
14.6371
14.6371
14.6371
14.6371
14.6371
14.6371
14.6371
14.6371
14.6371
14.6371
14.6371
14.6371
14.6371
14.6371
14.6371
14.6371
14.6371
14.6371
14.6371
14.6371
14.6371
14.6371
14.6371
14.6371
14.6371
14.6371
14.6371
14.6371
14.6371
14.6371
14.6371
14.6371
14.6371
11.3844
11.3844
11.3844
11.3844
11.3844
11.3844
11.3844
11.3844
11.3844
11.3844
11.3844
11.3844
11.3844
11.3844
11.3844
11.3844
11.3844
11.3844
11.3844
11.3844
11.3844
11.3844
11.3844
11.3844
11.3844
11.3844
11.3844
11.3844
11.3844
11.3844
11.3844
11.3844
11.3844
11.3844
11.3844
11.3844
11.3844
11.3844
11.3844
11.3844
11.3844
11.3844
11.3844
11.3844
11.3844
11.3844
11.3844
11.3844
11.3844
11.3844
11.3844
11.3844
11.3844
11.3844
11.3844
11.3844
11.3844
11.3844
11.3844
11.3844
11.3844
11.3844
11.3844
11.3844
11.3844
11.3844
11.3844
11.3844
11.3844
11.3844
11.3844
11.3844
11.3844
11.3844
11.3844
11.3844
11.3844
11.3844
11.3844
11.3844
11.3844
11.3844
11.3844
11.3844
11.3844
11.3844
11.3844
11.3844
11.3844
11.3844
11.3844
11.3844
11.3844
11.3844
11.3844
11.3844
11.3844
11.3844
11.3844
11.3844
8.13174
8.13174
8.13174
8.13174
8.13174
8.13174
8.13174
8.13174
8.13174
8.13174
8.13174
8.13174
8.13174
8.13174
8.13174
8.13174
8.13174
8.13174
8.13174
8.13174
8.13173
8.13173
8.13173
8.13173
8.13173
8.13173
8.13173
8.13173
8.13173
8.13173
8.13173
8.13173
8.13173
8.13173
8.13173
8.13173
8.13173
8.13173
8.13173
8.13173
8.13173
8.13173
8.13173
8.13173
8.13173
8.13173
8.13173
8.13173
8.13173
8.13173
8.13173
8.13173
8.13173
8.13173
8.13173
8.13173
8.13173
8.13173
8.13173
8.13173
8.13173
8.13173
8.13173
8.13173
8.13173
8.13173
8.13173
8.13173
8.13173
8.13173
8.13173
8.13173
8.13173
8.13173
8.13173
8.13173
8.13173
8.13173
8.13173
8.13173
8.13173
8.13173
8.13173
8.13173
8.13173
8.13173
8.13173
8.13173
8.13173
8.13173
8.13173
8.13174
8.13174
8.13174
8.13174
8.13174
8.13174
8.13174
8.13173
8.13173
4.87904
4.87904
4.87904
4.87904
4.87904
4.87904
4.87904
4.87904
4.87904
4.87904
4.87904
4.87904
4.87904
4.87904
4.87904
4.87904
4.87904
4.87904
4.87904
4.87904
4.87904
4.87904
4.87904
4.87904
4.87904
4.87904
4.87904
4.87904
4.87904
4.87904
4.87904
4.87904
4.87904
4.87904
4.87904
4.87904
4.87904
4.87904
4.87904
4.87904
4.87904
4.87904
4.87904
4.87904
4.87904
4.87904
4.87904
4.87904
4.87904
4.87904
4.87904
4.87904
4.87904
4.87904
4.87904
4.87904
4.87904
4.87904
4.87904
4.87904
4.87904
4.87904
4.87904
4.87904
4.87904
4.87904
4.87904
4.87904
4.87904
4.87904
4.87904
4.87904
4.87904
4.87904
4.87904
4.87904
4.87904
4.87904
4.87904
4.87904
4.87904
4.87904
4.87904
4.87904
4.87904
4.87904
4.87904
4.87904
4.87904
4.87904
4.87904
4.87904
4.87904
4.87904
4.87904
4.87904
4.87904
4.87904
4.87904
4.87904
1.62635
1.62635
1.62635
1.62635
1.62635
1.62635
1.62635
1.62635
1.62635
1.62635
1.62635
1.62635
1.62635
1.62635
1.62635
1.62635
1.62635
1.62635
1.62635
1.62635
1.62635
1.62635
1.62635
1.62635
1.62635
1.62635
1.62635
1.62635
1.62635
1.62635
1.62635
1.62635
1.62635
1.62635
1.62635
1.62635
1.62635
1.62635
1.62635
1.62635
1.62635
1.62635
1.62635
1.62635
1.62635
1.62635
1.62635
1.62635
1.62635
1.62635
1.62635
1.62635
1.62635
1.62635
1.62635
1.62635
1.62635
1.62635
1.62635
1.62635
1.62635
1.62635
1.62635
1.62635
1.62635
1.62635
1.62635
1.62635
1.62635
1.62635
1.62634
1.62634
1.62634
1.62634
1.62634
1.62634
1.62634
1.62634
1.62634
1.62634
1.62634
1.62634
1.62634
1.62634
1.62634
1.62634
1.62634
1.62634
1.62634
1.62634
1.62634
1.62634
1.62634
1.62634
1.62634
1.62634
1.62634
1.62634
1.62634
1.62634
99.2027
98.6176
98.2501
97.9815
97.8422
97.8422
97.9815
98.2501
98.6176
99.2027
90.0167
89.1624
88.5997
88.2018
87.9969
87.9969
88.2018
88.5997
89.1624
90.0167
82.3901
81.407
80.7653
80.3183
80.0889
80.0889
80.3183
80.7653
81.407
82.3901
77.1244
76.1143
75.4636
75.017
74.7881
74.7881
75.017
75.4636
76.1143
77.1244
73.1731
72.1705
71.5278
71.0953
70.8738
70.8738
71.0953
71.5278
72.1705
73.1731
69.9731
68.9977
68.371
67.9596
67.7493
67.7493
67.9596
68.371
68.9977
69.9731
67.3338
66.4067
65.8056
65.4216
65.2261
65.2261
65.4216
65.8056
66.4067
67.3338
65.1483
64.293
63.73
63.3789
63.2008
63.2008
63.3789
63.73
64.293
65.1483
63.3359
62.5687
62.0565
61.7431
61.5843
61.5843
61.7431
62.0565
62.5687
63.3359
61.9169
61.1501
60.6971
60.4216
60.282
60.282
60.4216
60.6971
61.1501
61.9169
63.0229
63.1967
63.3858
63.5133
63.5793
63.5793
63.5133
63.3858
63.1967
63.0229
63.4481
63.5433
63.6708
63.7526
63.7944
63.7944
63.7526
63.6708
63.5433
63.4481
63.4247
63.4219
63.4749
63.5033
63.5175
63.5175
63.5033
63.4749
63.4219
63.4247
63.0118
62.9183
62.9028
62.8843
62.8742
62.8742
62.8843
62.9028
62.9183
63.0118
62.4133
62.2453
62.1716
62.1153
62.0857
62.0857
62.1153
62.1716
62.2453
62.4133
61.7389
61.5148
61.394
61.3095
61.2654
61.2654
61.3095
61.394
61.5148
61.7389
61.0437
60.7839
60.629
60.5261
60.4729
60.4729
60.5261
60.629
60.7839
61.0437
60.3596
60.0879
59.9146
59.8031
59.7456
59.7456
59.8031
59.9146
60.0879
60.3596
59.7224
59.455
59.2752
59.1623
59.1037
59.1037
59.1623
59.2752
59.455
59.7224
59.2359
58.8862
58.7015
58.588
58.5288
58.5288
58.588
58.7015
58.8862
59.2359
58.3874
58.3729
58.3746
58.3711
58.3696
58.3696
58.3711
58.3746
58.3729
58.3874
58.8007
58.784
58.7851
58.78
58.7773
58.7773
58.78
58.7851
58.784
58.8007
59.1429
59.1076
59.0972
59.0823
59.0743
59.0743
59.0823
59.0972
59.1076
59.1429
59.1963
59.1276
59.0949
59.0639
59.0474
59.0474
59.0639
59.0949
59.1276
59.1963
59.0515
58.9474
58.8903
58.8432
58.8182
58.8182
58.8432
58.8903
58.9474
59.0515
58.8035
58.6686
58.5891
58.5286
58.4967
58.4967
58.5286
58.5891
58.6686
58.8035
58.5008
58.3435
58.2458
58.1758
58.1391
58.1391
58.1758
58.2458
58.3435
58.5008
58.1704
58.0029
57.8938
57.8189
57.7797
57.7797
57.8189
57.8938
58.0029
58.1704
57.8455
57.6754
57.5589
57.4817
57.4413
57.4413
57.4817
57.5589
57.6754
57.8455
57.6013
57.3669
57.2398
57.1588
57.1167
57.1167
57.1588
57.2398
57.3669
57.6013
53.6495
53.6693
53.6944
53.7105
53.719
53.719
53.7105
53.6944
53.6693
53.6495
53.8608
53.8845
53.9136
53.932
53.9418
53.9418
53.932
53.9136
53.8845
53.8608
54.0402
54.0616
54.0904
54.108
54.1173
54.1173
54.108
54.0904
54.0616
54.0402
54.1266
54.1376
54.1595
54.1717
54.1781
54.1781
54.1717
54.1595
54.1376
54.1266
54.141
54.1376
54.1491
54.1538
54.1561
54.1561
54.1538
54.1492
54.1376
54.141
54.1071
54.0887
54.0888
54.0857
54.0839
54.0839
54.0857
54.0888
54.0887
54.1071
54.0384
54.0072
53.9965
53.9867
53.9814
53.9814
53.9867
53.9966
54.0072
54.0384
53.9449
53.9056
53.8866
53.8717
53.8636
53.8636
53.8717
53.8866
53.9056
53.9449
53.8446
53.7995
53.7722
53.7527
53.7421
53.7421
53.7527
53.7722
53.7995
53.8446
53.7828
53.6938
53.6526
53.6256
53.6114
53.6114
53.6256
53.6526
53.6938
53.7828
50.4148
50.4149
50.4169
50.417
50.4171
50.4171
50.417
50.4169
50.4149
50.4148
50.5137
50.5174
50.5227
50.5249
50.5261
50.5261
50.5249
50.5227
50.5174
50.5137
50.6147
50.6199
50.6268
50.6298
50.6314
50.6314
50.6298
50.6268
50.6199
50.6147
50.6833
50.6864
50.6923
50.6942
50.6951
50.6951
50.6942
50.6923
50.6864
50.6833
50.7217
50.7205
50.7235
50.7231
50.7228
50.7228
50.7231
50.7235
50.7205
50.7217
50.7368
50.7302
50.7293
50.7262
50.7244
50.7244
50.7262
50.7293
50.7302
50.7368
50.7334
50.7215
50.7167
50.711
50.7078
50.7078
50.711
50.7167
50.7215
50.7334
50.7157
50.7003
50.692
50.6842
50.6798
50.6798
50.6842
50.692
50.7003
50.7157
50.6934
50.6744
50.6618
50.6517
50.6461
50.6461
50.6517
50.6618
50.6744
50.6934
50.6878
50.6458
50.6251
50.6107
50.6031
50.6031
50.6107
50.6251
50.6458
50.6878
47.0817
47.0848
47.0885
47.0907
47.0918
47.0918
47.0907
47.0885
47.0848
47.0817
47.1229
47.1277
47.133
47.1363
47.138
47.138
47.1363
47.133
47.1277
47.1229
47.1648
47.1707
47.1773
47.1814
47.1835
47.1835
47.1814
47.1773
47.1707
47.1648
47.1964
47.2022
47.2089
47.2129
47.215
47.215
47.2129
47.2089
47.2022
47.1964
47.2178
47.2224
47.2284
47.2317
47.2335
47.2335
47.2318
47.2284
47.2224
47.2178
47.2304
47.2331
47.2378
47.2401
47.2413
47.2413
47.2401
47.2379
47.2331
47.2304
47.2353
47.2359
47.239
47.2402
47.2407
47.2407
47.2402
47.239
47.2359
47.2353
47.2335
47.2326
47.2341
47.2341
47.234
47.234
47.2341
47.2341
47.2326
47.2335
47.2293
47.2265
47.2257
47.2242
47.2233
47.2233
47.2242
47.2257
47.2265
47.2293
47.2333
47.2188
47.2129
47.2087
47.2064
47.2064
47.2087
47.2129
47.2188
47.2333
43.8744
43.8748
43.8753
43.8755
43.8756
43.8756
43.8755
43.8753
43.8748
43.8744
43.8916
43.8929
43.8942
43.8949
43.8953
43.8953
43.8949
43.8942
43.8929
43.8916
43.9113
43.9133
43.9154
43.9165
43.9171
43.9171
43.9165
43.9154
43.9133
43.9113
43.9283
43.9306
43.9331
43.9343
43.935
43.935
43.9343
43.9331
43.9306
43.9283
43.942
43.9443
43.9468
43.948
43.9486
43.9486
43.948
43.9468
43.9443
43.942
43.9527
43.9546
43.9569
43.9578
43.9583
43.9583
43.9578
43.9569
43.9546
43.9527
43.9606
43.962
43.9638
43.9644
43.9647
43.9647
43.9644
43.9638
43.962
43.9606
43.9658
43.9668
43.9681
43.9684
43.9684
43.9684
43.9684
43.9681
43.9668
43.9658
43.9703
43.9705
43.9709
43.9705
43.9703
43.9703
43.9705
43.9709
43.9705
43.9703
43.9782
43.9733
43.9713
43.9698
43.9689
43.9689
43.9698
43.9713
43.9733
43.9782
40.6306
40.6312
40.6319
40.6322
40.6324
40.6324
40.6322
40.6319
40.6312
40.6306
40.6372
40.6382
40.6392
40.6398
40.6401
40.6401
40.6398
40.6392
40.6382
40.6372
40.6447
40.6461
40.6474
40.6482
40.6486
40.6486
40.6482
40.6474
40.6461
40.6447
40.6516
40.6532
40.6547
40.6557
40.6562
40.6562
40.6557
40.6547
40.6532
40.6516
40.6577
40.6593
40.6609
40.6619
40.6625
40.6625
40.6619
40.6609
40.6593
40.6577
40.6627
40.6643
40.6659
40.6669
40.6674
40.6674
40.6669
40.6659
40.6643
40.6627
40.6667
40.6682
40.6697
40.6706
40.671
40.671
40.6706
40.6697
40.6682
40.6667
40.6697
40.671
40.6724
40.6731
40.6734
40.6734
40.6731
40.6724
40.671
40.6697
40.6723
40.6733
40.6743
40.6746
40.6748
40.6748
40.6747
40.6743
40.6733
40.6723
40.6764
40.6752
40.675
40.6747
40.6746
40.6746
40.6747
40.675
40.6752
40.6764
37.3939
37.394
37.3942
37.3942
37.3942
37.3942
37.3942
37.3942
37.394
37.3939
37.3964
37.3967
37.3969
37.3971
37.3971
37.3971
37.3971
37.3969
37.3967
37.3964
37.3995
37.4
37.4004
37.4007
37.4008
37.4008
37.4007
37.4004
37.4
37.3995
37.4027
37.4034
37.4039
37.4043
37.4044
37.4044
37.4043
37.4039
37.4034
37.4027
37.4059
37.4066
37.4073
37.4077
37.4079
37.4079
37.4077
37.4073
37.4066
37.4059
37.4088
37.4096
37.4104
37.4108
37.411
37.411
37.4108
37.4104
37.4096
37.4088
37.4115
37.4124
37.4131
37.4135
37.4137
37.4137
37.4135
37.4131
37.4124
37.4115
37.4139
37.4148
37.4155
37.4159
37.4161
37.4161
37.4159
37.4155
37.4148
37.4139
37.4163
37.417
37.4177
37.4179
37.4181
37.4181
37.4179
37.4177
37.417
37.4163
37.4192
37.4191
37.4193
37.4193
37.4194
37.4194
37.4193
37.4193
37.4191
37.4192
34.1465
34.1466
34.1467
34.1467
34.1468
34.1468
34.1467
34.1467
34.1466
34.1465
34.1472
34.1474
34.1476
34.1477
34.1477
34.1477
34.1477
34.1476
34.1474
34.1472
34.1483
34.1485
34.1488
34.1489
34.149
34.149
34.1489
34.1488
34.1485
34.1483
34.1495
34.1498
34.1501
34.1503
34.1504
34.1504
34.1503
34.1501
34.1498
34.1495
34.1507
34.1511
34.1514
34.1517
34.1518
34.1518
34.1517
34.1514
34.1511
34.1507
34.1519
34.1524
34.1528
34.153
34.1531
34.1531
34.153
34.1528
34.1524
34.1519
34.1531
34.1536
34.154
34.1543
34.1544
34.1544
34.1543
34.154
34.1536
34.1531
34.1542
34.1547
34.1551
34.1554
34.1555
34.1555
34.1554
34.1551
34.1547
34.1542
34.1552
34.1557
34.1561
34.1563
34.1564
34.1564
34.1563
34.1561
34.1557
34.1552
34.1565
34.1567
34.1569
34.157
34.157
34.157
34.157
34.1569
34.1567
34.1565
30.8979
30.8979
30.8979
30.8979
30.8979
30.8979
30.8979
30.8979
30.8979
30.8979
30.8981
30.8981
30.8982
30.8982
30.8982
30.8982
30.8982
30.8982
30.8981
30.8981
30.8984
30.8985
30.8986
30.8986
30.8987
30.8987
30.8986
30.8986
30.8985
30.8984
30.8989
30.8991
30.8992
30.8992
30.8992
30.8992
30.8992
30.8992
30.8991
30.8989
30.8995
30.8997
30.8998
30.8999
30.8999
30.8999
30.8999
30.8998
30.8997
30.8995
30.9001
30.9003
30.9005
30.9006
30.9006
30.9006
30.9006
30.9005
30.9003
30.9001
30.9007
30.901
30.9012
30.9013
30.9013
30.9013
30.9013
30.9012
30.901
30.9007
30.9014
30.9016
30.9019
30.902
30.902
30.902
30.902
30.9019
30.9016
30.9014
30.902
30.9023
30.9025
30.9026
30.9027
30.9027
30.9026
30.9025
30.9023
30.902
30.9028
30.9029
30.9031
30.9032
30.9032
30.9032
30.9032
30.9031
30.9029
30.9028
27.6466
27.6466
27.6466
27.6466
27.6466
27.6466
27.6466
27.6466
27.6466
27.6466
27.6466
27.6466
27.6466
27.6466
27.6467
27.6467
27.6466
27.6466
27.6466
27.6466
27.6467
27.6467
27.6467
27.6468
27.6468
27.6468
27.6468
27.6467
27.6467
27.6467
27.6468
27.6469
27.6469
27.647
27.647
27.647
27.647
27.6469
27.6469
27.6468
27.647
27.6471
27.6472
27.6472
27.6472
27.6472
27.6472
27.6472
27.6471
27.647
27.6472
27.6473
27.6474
27.6475
27.6475
27.6475
27.6475
27.6474
27.6473
27.6472
27.6475
27.6476
27.6477
27.6478
27.6478
27.6478
27.6478
27.6477
27.6476
27.6475
27.6478
27.6479
27.648
27.648
27.6481
27.6481
27.648
27.648
27.6479
27.6478
27.648
27.6482
27.6483
27.6483
27.6484
27.6484
27.6483
27.6483
27.6482
27.648
27.6483
27.6484
27.6485
27.6486
27.6486
27.6486
27.6486
27.6485
27.6484
27.6483
24.3947
24.3947
24.3947
24.3947
24.3947
24.3947
24.3947
24.3947
24.3947
24.3947
24.3947
24.3947
24.3947
24.3947
24.3947
24.3947
24.3947
24.3947
24.3947
24.3947
24.3947
24.3947
24.3947
24.3947
24.3947
24.3947
24.3947
24.3947
24.3947
24.3947
24.3948
24.3948
24.3948
24.3948
24.3948
24.3948
24.3948
24.3948
24.3948
24.3948
24.3949
24.3949
24.3949
24.3949
24.3949
24.3949
24.3949
24.3949
24.3949
24.3949
24.395
24.395
24.395
24.395
24.3951
24.3951
24.395
24.395
24.395
24.395
24.3951
24.3951
24.3952
24.3952
24.3952
24.3952
24.3952
24.3952
24.3951
24.3951
24.3952
24.3953
24.3953
24.3953
24.3954
24.3954
24.3953
24.3953
24.3953
24.3952
24.3954
24.3954
24.3955
24.3955
24.3955
24.3955
24.3955
24.3955
24.3954
24.3954
24.3955
24.3956
24.3956
24.3956
24.3956
24.3956
24.3956
24.3956
24.3956
24.3955
21.1423
21.1423
21.1423
21.1423
21.1423
21.1423
21.1423
21.1423
21.1423
21.1423
21.1423
21.1423
21.1423
21.1423
21.1423
21.1423
21.1423
21.1423
21.1423
21.1423
21.1423
21.1423
21.1423
21.1423
21.1423
21.1423
21.1423
21.1423
21.1423
21.1423
21.1423
21.1423
21.1423
21.1423
21.1423
21.1423
21.1423
21.1423
21.1423
21.1423
21.1423
21.1423
21.1423
21.1423
21.1423
21.1423
21.1423
21.1423
21.1423
21.1423
21.1423
21.1424
21.1424
21.1424
21.1424
21.1424
21.1424
21.1424
21.1424
21.1423
21.1424
21.1424
21.1424
21.1424
21.1424
21.1424
21.1424
21.1424
21.1424
21.1424
21.1424
21.1425
21.1425
21.1425
21.1425
21.1425
21.1425
21.1425
21.1425
21.1424
21.1425
21.1425
21.1425
21.1425
21.1426
21.1426
21.1425
21.1425
21.1425
21.1425
21.1425
21.1426
21.1426
21.1426
21.1426
21.1426
21.1426
21.1426
21.1426
21.1425
17.8898
17.8898
17.8898
17.8898
17.8898
17.8898
17.8898
17.8898
17.8898
17.8898
17.8898
17.8898
17.8897
17.8897
17.8897
17.8897
17.8897
17.8897
17.8897
17.8898
17.8897
17.8897
17.8897
17.8897
17.8897
17.8897
17.8897
17.8897
17.8897
17.8897
17.8897
17.8897
17.8897
17.8897
17.8897
17.8897
17.8897
17.8897
17.8897
17.8897
17.8897
17.8897
17.8898
17.8898
17.8898
17.8898
17.8898
17.8898
17.8897
17.8897
17.8898
17.8898
17.8898
17.8898
17.8898
17.8898
17.8898
17.8898
17.8898
17.8898
17.8898
17.8898
17.8898
17.8898
17.8898
17.8898
17.8898
17.8898
17.8898
17.8898
17.8898
17.8898
17.8898
17.8898
17.8898
17.8898
17.8898
17.8898
17.8898
17.8898
17.8898
17.8898
17.8898
17.8899
17.8899
17.8899
17.8899
17.8898
17.8898
17.8898
17.8898
17.8899
17.8899
17.8899
17.8899
17.8899
17.8899
17.8899
17.8899
17.8898
14.6371
14.6371
14.6371
14.6371
14.6371
14.6371
14.6371
14.6371
14.6371
14.6371
14.6371
14.6371
14.6371
14.6371
14.6371
14.6371
14.6371
14.6371
14.6371
14.6371
14.6371
14.6371
14.6371
14.6371
14.6371
14.6371
14.6371
14.6371
14.6371
14.6371
14.6371
14.6371
14.6371
14.6371
14.6371
14.6371
14.6371
14.6371
14.6371
14.6371
14.6371
14.6371
14.6371
14.6371
14.6371
14.6371
14.6371
14.6371
14.6371
14.6371
14.6371
14.6371
14.6371
14.6371
14.6371
14.6371
14.6371
14.6371
14.6371
14.6371
14.6371
14.6371
14.6371
14.6371
14.6371
14.6371
14.6371
14.6371
14.6371
14.6371
14.6371
14.6371
14.6371
14.6371
14.6371
14.6371
14.6371
14.6371
14.6371
14.6371
14.6371
14.6371
14.6371
14.6371
14.6371
14.6371
14.6371
14.6371
14.6371
14.6371
14.6371
14.6371
14.6371
14.6371
14.6371
14.6371
14.6371
14.6371
14.6371
14.6371
11.3844
11.3844
11.3844
11.3844
11.3844
11.3844
11.3844
11.3844
11.3844
11.3844
11.3844
11.3844
11.3844
11.3844
11.3844
11.3844
11.3844
11.3844
11.3844
11.3844
11.3844
11.3844
11.3844
11.3844
11.3844
11.3844
11.3844
11.3844
11.3844
11.3844
11.3844
11.3844
11.3844
11.3844
11.3844
11.3844
11.3844
11.3844
11.3844
11.3844
11.3844
11.3844
11.3844
11.3844
11.3844
11.3844
11.3844
11.3844
11.3844
11.3844
11.3844
11.3844
11.3844
11.3844
11.3844
11.3844
11.3844
11.3844
11.3844
11.3844
11.3844
11.3844
11.3844
11.3844
11.3844
11.3844
11.3844
11.3844
11.3844
11.3844
11.3844
11.3844
11.3844
11.3844
11.3844
11.3844
11.3844
11.3844
11.3844
11.3844
11.3844
11.3844
11.3844
11.3844
11.3844
11.3844
11.3844
11.3844
11.3844
11.3844
11.3844
11.3844
11.3844
11.3844
11.3844
11.3844
11.3844
11.3844
11.3844
11.3844
8.13174
8.13174
8.13174
8.13174
8.13174
8.13174
8.13174
8.13174
8.13174
8.13174
8.13174
8.13174
8.13174
8.13174
8.13174
8.13174
8.13174
8.13174
8.13174
8.13174
8.13173
8.13173
8.13173
8.13173
8.13173
8.13173
8.13173
8.13173
8.13173
8.13173
8.13173
8.13173
8.13173
8.13173
8.13173
8.13173
8.13173
8.13173
8.13173
8.13173
8.13173
8.13173
8.13173
8.13173
8.13173
8.13173
8.13173
8.13173
8.13173
8.13173
8.13173
8.13173
8.13173
8.13173
8.13173
8.13173
8.13173
8.13173
8.13173
8.13173
8.13173
8.13173
8.13173
8.13173
8.13173
8.13173
8.13173
8.13173
8.13173
8.13173
8.13173
8.13173
8.13173
8.13173
8.13173
8.13173
8.13173
8.13173
8.13173
8.13173
8.13173
8.13173
8.13173
8.13173
8.13173
8.13173
8.13173
8.13173
8.13173
8.13173
8.13173
8.13173
8.13174
8.13174
8.13174
8.13174
8.13174
8.13174
8.13173
8.13173
4.87904
4.87904
4.87904
4.87904
4.87904
4.87904
4.87904
4.87904
4.87904
4.87904
4.87904
4.87904
4.87904
4.87904
4.87904
4.87904
4.87904
4.87904
4.87904
4.87904
4.87904
4.87904
4.87904
4.87904
4.87904
4.87904
4.87904
4.87904
4.87904
4.87904
4.87904
4.87904
4.87904
4.87904
4.87904
4.87904
4.87904
4.87904
4.87904
4.87904
4.87904
4.87904
4.87904
4.87904
4.87904
4.87904
4.87904
4.87904
4.87904
4.87904
4.87904
4.87904
4.87904
4.87904
4.87904
4.87904
4.87904
4.87904
4.87904
4.87904
4.87904
4.87904
4.87904
4.87904
4.87904
4.87904
4.87904
4.87904
4.87904
4.87904
4.87904
4.87904
4.87904
4.87904
4.87904
4.87904
4.87904
4.87904
4.87904
4.87904
4.87904
4.87904
4.87904
4.87904
4.87904
4.87904
4.87904
4.87904
4.87904
4.87904
4.87904
4.87904
4.87904
4.87904
4.87904
4.87904
4.87904
4.87904
4.87904
4.87904
1.62635
1.62635
1.62635
1.62635
1.62635
1.62635
1.62635
1.62635
1.62635
1.62635
1.62635
1.62635
1.62635
1.62635
1.62635
1.62635
1.62635
1.62635
1.62635
1.62635
1.62635
1.62635
1.62635
1.62635
1.62635
1.62635
1.62635
1.62635
1.62635
1.62635
1.62635
1.62635
1.62635
1.62635
1.62635
1.62635
1.62635
1.62635
1.62635
1.62635
1.62635
1.62635
1.62635
1.62635
1.62635
1.62635
1.62635
1.62635
1.62635
1.62635
1.62635
1.62635
1.62635
1.62635
1.62635
1.62635
1.62635
1.62635
1.62635
1.62635
1.62635
1.62635
1.62635
1.62635
1.62635
1.62635
1.62635
1.62635
1.62635
1.62635
1.62634
1.62634
1.62634
1.62634
1.62634
1.62634
1.62634
1.62634
1.62634
1.62634
1.62634
1.62634
1.62634
1.62634
1.62634
1.62634
1.62634
1.62634
1.62634
1.62634
1.62634
1.62634
1.62634
1.62634
1.62634
1.62634
1.62634
1.62634
1.62634
1.62634
99.2027
98.6176
98.2501
97.9815
97.8422
97.8422
97.9815
98.2501
98.6176
99.2027
90.0167
89.1624
88.5997
88.2018
87.9969
87.9969
88.2018
88.5997
89.1624
90.0167
82.3901
81.407
80.7653
80.3183
80.0889
80.0889
80.3183
80.7653
81.407
82.3901
77.1244
76.1143
75.4636
75.017
74.7881
74.7881
75.017
75.4636
76.1143
77.1244
73.1731
72.1705
71.5278
71.0953
70.8738
70.8738
71.0953
71.5278
72.1705
73.1731
69.9731
68.9977
68.371
67.9596
67.7493
67.7493
67.9596
68.371
68.9977
69.9731
67.3338
66.4067
65.8056
65.4216
65.2261
65.2261
65.4216
65.8056
66.4067
67.3338
65.1483
64.293
63.73
63.3789
63.2008
63.2008
63.3789
63.73
64.293
65.1483
63.3359
62.5687
62.0565
61.7431
61.5843
61.5843
61.7431
62.0565
62.5687
63.3359
61.9169
61.1501
60.6971
60.4216
60.282
60.282
60.4216
60.6971
61.1501
61.9169
63.0229
63.1967
63.3858
63.5133
63.5793
63.5793
63.5133
63.3858
63.1967
63.0229
63.4481
63.5433
63.6708
63.7526
63.7944
63.7944
63.7526
63.6708
63.5433
63.4481
63.4247
63.4219
63.4749
63.5033
63.5175
63.5175
63.5033
63.4749
63.4219
63.4247
63.0118
62.9183
62.9028
62.8843
62.8742
62.8742
62.8843
62.9028
62.9183
63.0118
62.4133
62.2453
62.1716
62.1153
62.0857
62.0857
62.1153
62.1716
62.2453
62.4133
61.7389
61.5148
61.394
61.3095
61.2654
61.2654
61.3095
61.394
61.5148
61.7389
61.0437
60.7839
60.629
60.5261
60.4729
60.4729
60.5261
60.629
60.7839
61.0437
60.3596
60.0879
59.9146
59.8031
59.7456
59.7456
59.8031
59.9146
60.0879
60.3596
59.7224
59.455
59.2752
59.1623
59.1037
59.1037
59.1623
59.2752
59.455
59.7224
59.2359
58.8862
58.7015
58.588
58.5288
58.5288
58.588
58.7015
58.8862
59.2359
58.3874
58.3729
58.3746
58.3711
58.3696
58.3696
58.3711
58.3746
58.3729
58.3874
58.8007
58.784
58.7851
58.78
58.7773
58.7773
58.78
58.7851
58.784
58.8007
59.1429
59.1076
59.0972
59.0823
59.0743
59.0743
59.0823
59.0972
59.1076
59.1429
59.1963
59.1276
59.0949
59.0639
59.0474
59.0474
59.0639
59.0949
59.1276
59.1963
59.0515
58.9474
58.8903
58.8432
58.8182
58.8182
58.8432
58.8903
58.9474
59.0515
58.8035
58.6686
58.5891
58.5286
58.4967
58.4967
58.5286
58.5891
58.6686
58.8035
58.5008
58.3435
58.2458
58.1758
58.1391
58.1391
58.1758
58.2458
58.3435
58.5008
58.1704
58.0029
57.8938
57.8189
57.7797
57.7797
57.8189
57.8938
58.0029
58.1704
57.8455
57.6754
57.5589
57.4817
57.4413
57.4413
57.4817
57.5589
57.6754
57.8455
57.6013
57.3669
57.2398
57.1588
57.1167
57.1167
57.1588
57.2398
57.3669
57.6013
53.6495
53.6693
53.6944
53.7105
53.719
53.719
53.7105
53.6944
53.6693
53.6495
53.8608
53.8845
53.9136
53.932
53.9418
53.9418
53.932
53.9136
53.8845
53.8608
54.0402
54.0616
54.0904
54.108
54.1173
54.1173
54.108
54.0904
54.0616
54.0402
54.1266
54.1376
54.1595
54.1717
54.1781
54.1781
54.1717
54.1595
54.1376
54.1266
54.141
54.1376
54.1492
54.1538
54.1561
54.1561
54.1538
54.1491
54.1376
54.141
54.1071
54.0887
54.0888
54.0857
54.0839
54.0839
54.0857
54.0888
54.0887
54.1071
54.0384
54.0072
53.9966
53.9867
53.9814
53.9814
53.9867
53.9965
54.0072
54.0384
53.9449
53.9056
53.8866
53.8717
53.8636
53.8636
53.8717
53.8866
53.9056
53.9449
53.8446
53.7995
53.7722
53.7527
53.7421
53.7421
53.7527
53.7722
53.7995
53.8446
53.7828
53.6938
53.6526
53.6256
53.6114
53.6114
53.6256
53.6526
53.6938
53.7828
50.4148
50.4149
50.4169
50.417
50.4171
50.4171
50.417
50.4169
50.4149
50.4148
50.5137
50.5174
50.5227
50.5249
50.5261
50.5261
50.5249
50.5227
50.5174
50.5137
50.6147
50.6199
50.6268
50.6298
50.6314
50.6314
50.6298
50.6268
50.6199
50.6147
50.6833
50.6864
50.6923
50.6942
50.6951
50.6951
50.6942
50.6923
50.6864
50.6833
50.7217
50.7205
50.7235
50.7231
50.7228
50.7228
50.7231
50.7235
50.7205
50.7217
50.7368
50.7302
50.7293
50.7262
50.7244
50.7244
50.7262
50.7293
50.7302
50.7368
50.7334
50.7215
50.7167
50.711
50.7078
50.7078
50.711
50.7167
50.7215
50.7334
50.7157
50.7003
50.692
50.6842
50.6798
50.6798
50.6842
50.692
50.7003
50.7157
50.6934
50.6744
50.6618
50.6517
50.6461
50.6461
50.6517
50.6618
50.6744
50.6934
50.6878
50.6459
50.6251
50.6107
50.6031
50.6031
50.6107
50.6251
50.6458
50.6878
47.0817
47.0848
47.0885
47.0907
47.0918
47.0918
47.0907
47.0885
47.0848
47.0817
47.1229
47.1277
47.133
47.1363
47.138
47.138
47.1363
47.133
47.1277
47.1229
47.1648
47.1707
47.1773
47.1814
47.1835
47.1835
47.1814
47.1773
47.1707
47.1648
47.1964
47.2022
47.2089
47.2129
47.215
47.215
47.2129
47.2089
47.2022
47.1964
47.2178
47.2224
47.2284
47.2318
47.2335
47.2335
47.2317
47.2284
47.2224
47.2178
47.2304
47.2331
47.2379
47.2401
47.2413
47.2413
47.2401
47.2378
47.2331
47.2304
47.2353
47.2359
47.239
47.2402
47.2407
47.2407
47.2402
47.239
47.2359
47.2353
47.2335
47.2326
47.2341
47.2341
47.234
47.234
47.2341
47.2341
47.2326
47.2335
47.2293
47.2265
47.2257
47.2242
47.2233
47.2233
47.2242
47.2257
47.2265
47.2293
47.2333
47.2188
47.2129
47.2087
47.2064
47.2064
47.2087
47.2129
47.2188
47.2333
43.8744
43.8748
43.8753
43.8755
43.8756
43.8756
43.8755
43.8753
43.8748
43.8744
43.8916
43.8929
43.8942
43.8949
43.8953
43.8953
43.8949
43.8942
43.8929
43.8916
43.9113
43.9133
43.9154
43.9165
43.9171
43.9171
43.9165
43.9154
43.9133
43.9113
43.9283
43.9306
43.9331
43.9343
43.935
43.935
43.9343
43.9331
43.9306
43.9283
43.942
43.9443
43.9468
43.948
43.9486
43.9486
43.948
43.9468
43.9443
43.942
43.9527
43.9546
43.9569
43.9578
43.9583
43.9583
43.9578
43.9569
43.9546
43.9527
43.9606
43.962
43.9638
43.9644
43.9647
43.9647
43.9644
43.9638
43.962
43.9606
43.9658
43.9668
43.9681
43.9684
43.9684
43.9684
43.9684
43.9681
43.9668
43.9658
43.9703
43.9705
43.9709
43.9705
43.9703
43.9703
43.9705
43.9709
43.9705
43.9703
43.9782
43.9733
43.9713
43.9698
43.9689
43.9689
43.9698
43.9713
43.9733
43.9782
40.6306
40.6312
40.6319
40.6322
40.6324
40.6324
40.6322
40.6319
40.6312
40.6306
40.6372
40.6382
40.6392
40.6398
40.6401
40.6401
40.6398
40.6392
40.6382
40.6372
40.6447
40.6461
40.6474
40.6482
40.6486
40.6486
40.6482
40.6474
40.6461
40.6447
40.6516
40.6532
40.6547
40.6557
40.6562
40.6562
40.6557
40.6547
40.6532
40.6516
40.6577
40.6593
40.6609
40.6619
40.6625
40.6625
40.6619
40.6609
40.6593
40.6577
40.6627
40.6643
40.6659
40.6669
40.6674
40.6674
40.6669
40.6659
40.6643
40.6627
40.6667
40.6682
40.6697
40.6706
40.671
40.671
40.6706
40.6697
40.6682
40.6667
40.6697
40.671
40.6724
40.6731
40.6734
40.6734
40.6731
40.6724
40.671
40.6697
40.6723
40.6733
40.6743
40.6747
40.6748
40.6748
40.6746
40.6743
40.6733
40.6723
40.6764
40.6752
40.675
40.6747
40.6746
40.6746
40.6747
40.675
40.6752
40.6764
37.3939
37.394
37.3942
37.3942
37.3942
37.3942
37.3942
37.3942
37.394
37.3939
37.3964
37.3967
37.3969
37.3971
37.3971
37.3971
37.3971
37.3969
37.3967
37.3964
37.3995
37.4
37.4004
37.4007
37.4008
37.4008
37.4007
37.4004
37.4
37.3995
37.4027
37.4034
37.4039
37.4043
37.4044
37.4044
37.4043
37.4039
37.4034
37.4027
37.4059
37.4066
37.4073
37.4077
37.4079
37.4079
37.4077
37.4073
37.4066
37.4059
37.4088
37.4096
37.4104
37.4108
37.411
37.411
37.4108
37.4104
37.4096
37.4088
37.4115
37.4124
37.4131
37.4135
37.4137
37.4137
37.4135
37.4131
37.4124
37.4115
37.4139
37.4148
37.4155
37.4159
37.4161
37.4161
37.4159
37.4155
37.4148
37.4139
37.4163
37.417
37.4177
37.4179
37.4181
37.4181
37.4179
37.4177
37.417
37.4163
37.4192
37.4191
37.4193
37.4193
37.4194
37.4194
37.4193
37.4193
37.4191
37.4192
34.1465
34.1466
34.1467
34.1467
34.1468
34.1468
34.1467
34.1467
34.1466
34.1465
34.1472
34.1474
34.1476
34.1477
34.1477
34.1477
34.1477
34.1476
34.1474
34.1472
34.1483
34.1485
34.1488
34.1489
34.149
34.149
34.1489
34.1488
34.1485
34.1483
34.1495
34.1498
34.1501
34.1503
34.1504
34.1504
34.1503
34.1501
34.1498
34.1495
34.1507
34.1511
34.1514
34.1517
34.1518
34.1518
34.1517
34.1514
34.1511
34.1507
34.1519
34.1524
34.1528
34.153
34.1531
34.1531
34.153
34.1528
34.1524
34.1519
34.1531
34.1536
34.154
34.1543
34.1544
34.1544
34.1543
34.154
34.1536
34.1531
34.1542
34.1547
34.1551
34.1554
34.1555
34.1555
34.1554
34.1551
34.1547
34.1542
34.1552
34.1557
34.1561
34.1563
34.1564
34.1564
34.1563
34.1561
34.1557
34.1552
34.1565
34.1567
34.1569
34.157
34.157
34.157
34.157
34.1569
34.1567
34.1565
30.8979
30.8979
30.8979
30.8979
30.8979
30.8979
30.8979
30.8979
30.8979
30.8979
30.8981
30.8981
30.8982
30.8982
30.8982
30.8982
30.8982
30.8982
30.8981
30.8981
30.8984
30.8985
30.8986
30.8986
30.8987
30.8987
30.8986
30.8986
30.8985
30.8984
30.8989
30.8991
30.8992
30.8992
30.8992
30.8992
30.8992
30.8992
30.8991
30.8989
30.8995
30.8997
30.8998
30.8999
30.8999
30.8999
30.8999
30.8998
30.8997
30.8995
30.9001
30.9003
30.9005
30.9006
30.9006
30.9006
30.9006
30.9005
30.9003
30.9001
30.9007
30.901
30.9012
30.9013
30.9013
30.9013
30.9013
30.9012
30.901
30.9007
30.9014
30.9016
30.9019
30.902
30.902
30.902
30.902
30.9019
30.9016
30.9014
30.902
30.9023
30.9025
30.9026
30.9027
30.9027
30.9026
30.9025
30.9023
30.902
30.9028
30.9029
30.9031
30.9032
30.9032
30.9032
30.9032
30.9031
30.9029
30.9028
27.6466
27.6466
27.6466
27.6466
27.6466
27.6466
27.6466
27.6466
27.6466
27.6466
27.6466
27.6466
27.6466
27.6466
27.6467
27.6467
27.6466
27.6466
27.6466
27.6466
27.6467
27.6467
27.6467
27.6468
27.6468
27.6468
27.6468
27.6467
27.6467
27.6467
27.6468
27.6469
27.6469
27.647
27.647
27.647
27.647
27.6469
27.6469
27.6468
27.647
27.6471
27.6472
27.6472
27.6472
27.6472
27.6472
27.6472
27.6471
27.647
27.6472
27.6473
27.6474
27.6475
27.6475
27.6475
27.6475
27.6474
27.6473
27.6472
27.6475
27.6476
27.6477
27.6478
27.6478
27.6478
27.6478
27.6477
27.6476
27.6475
27.6478
27.6479
27.648
27.648
27.6481
27.6481
27.648
27.648
27.6479
27.6478
27.648
27.6482
27.6483
27.6483
27.6484
27.6484
27.6483
27.6483
27.6482
27.648
27.6483
27.6484
27.6485
27.6486
27.6486
27.6486
27.6486
27.6485
27.6484
27.6483
24.3947
24.3947
24.3947
24.3947
24.3947
24.3947
24.3947
24.3947
24.3947
24.3947
24.3947
24.3947
24.3947
24.3947
24.3947
24.3947
24.3947
24.3947
24.3947
24.3947
24.3947
24.3947
24.3947
24.3947
24.3947
24.3947
24.3947
24.3947
24.3947
24.3947
24.3948
24.3948
24.3948
24.3948
24.3948
24.3948
24.3948
24.3948
24.3948
24.3948
24.3949
24.3949
24.3949
24.3949
24.3949
24.3949
24.3949
24.3949
24.3949
24.3949
24.395
24.395
24.395
24.395
24.3951
24.3951
24.395
24.395
24.395
24.395
24.3951
24.3951
24.3952
24.3952
24.3952
24.3952
24.3952
24.3952
24.3951
24.3951
24.3952
24.3953
24.3953
24.3953
24.3954
24.3954
24.3953
24.3953
24.3953
24.3952
24.3954
24.3954
24.3955
24.3955
24.3955
24.3955
24.3955
24.3955
24.3954
24.3954
24.3955
24.3956
24.3956
24.3956
24.3956
24.3956
24.3956
24.3956
24.3956
24.3955
21.1423
21.1423
21.1423
21.1423
21.1423
21.1423
21.1423
21.1423
21.1423
21.1423
21.1423
21.1423
21.1423
21.1423
21.1423
21.1423
21.1423
21.1423
21.1423
21.1423
21.1423
21.1423
21.1423
21.1423
21.1423
21.1423
21.1423
21.1423
21.1423
21.1423
21.1423
21.1423
21.1423
21.1423
21.1423
21.1423
21.1423
21.1423
21.1423
21.1423
21.1423
21.1423
21.1423
21.1423
21.1423
21.1423
21.1423
21.1423
21.1423
21.1423
21.1423
21.1424
21.1424
21.1424
21.1424
21.1424
21.1424
21.1424
21.1424
21.1423
21.1424
21.1424
21.1424
21.1424
21.1424
21.1424
21.1424
21.1424
21.1424
21.1424
21.1424
21.1425
21.1425
21.1425
21.1425
21.1425
21.1425
21.1425
21.1425
21.1424
21.1425
21.1425
21.1425
21.1425
21.1426
21.1426
21.1425
21.1425
21.1425
21.1425
21.1425
21.1426
21.1426
21.1426
21.1426
21.1426
21.1426
21.1426
21.1426
21.1425
17.8898
17.8898
17.8898
17.8898
17.8898
17.8898
17.8898
17.8898
17.8898
17.8898
17.8898
17.8897
17.8897
17.8897
17.8897
17.8897
17.8897
17.8897
17.8898
17.8898
17.8897
17.8897
17.8897
17.8897
17.8897
17.8897
17.8897
17.8897
17.8897
17.8897
17.8897
17.8897
17.8897
17.8897
17.8897
17.8897
17.8897
17.8897
17.8897
17.8897
17.8897
17.8897
17.8898
17.8898
17.8898
17.8898
17.8898
17.8898
17.8897
17.8897
17.8898
17.8898
17.8898
17.8898
17.8898
17.8898
17.8898
17.8898
17.8898
17.8898
17.8898
17.8898
17.8898
17.8898
17.8898
17.8898
17.8898
17.8898
17.8898
17.8898
17.8898
17.8898
17.8898
17.8898
17.8898
17.8898
17.8898
17.8898
17.8898
17.8898
17.8898
17.8898
17.8898
17.8899
17.8899
17.8899
17.8899
17.8898
17.8898
17.8898
17.8898
17.8899
17.8899
17.8899
17.8899
17.8899
17.8899
17.8899
17.8899
17.8898
14.6371
14.6371
14.6371
14.6371
14.6371
14.6371
14.6371
14.6371
14.6371
14.6371
14.6371
14.6371
14.6371
14.6371
14.6371
14.6371
14.6371
14.6371
14.6371
14.6371
14.6371
14.6371
14.6371
14.6371
14.6371
14.6371
14.6371
14.6371
14.6371
14.6371
14.6371
14.6371
14.6371
14.6371
14.6371
14.6371
14.6371
14.6371
14.6371
14.6371
14.6371
14.6371
14.6371
14.6371
14.6371
14.6371
14.6371
14.6371
14.6371
14.6371
14.6371
14.6371
14.6371
14.6371
14.6371
14.6371
14.6371
14.6371
14.6371
14.6371
14.6371
14.6371
14.6371
14.6371
14.6371
14.6371
14.6371
14.6371
14.6371
14.6371
14.6371
14.6371
14.6371
14.6371
14.6371
14.6371
14.6371
14.6371
14.6371
14.6371
14.6371
14.6371
14.6371
14.6371
14.6371
14.6371
14.6371
14.6371
14.6371
14.6371
14.6371
14.6371
14.6371
14.6371
14.6371
14.6371
14.6371
14.6371
14.6371
14.6371
11.3844
11.3844
11.3844
11.3844
11.3844
11.3844
11.3844
11.3844
11.3844
11.3844
11.3844
11.3844
11.3844
11.3844
11.3844
11.3844
11.3844
11.3844
11.3844
11.3844
11.3844
11.3844
11.3844
11.3844
11.3844
11.3844
11.3844
11.3844
11.3844
11.3844
11.3844
11.3844
11.3844
11.3844
11.3844
11.3844
11.3844
11.3844
11.3844
11.3844
11.3844
11.3844
11.3844
11.3844
11.3844
11.3844
11.3844
11.3844
11.3844
11.3844
11.3844
11.3844
11.3844
11.3844
11.3844
11.3844
11.3844
11.3844
11.3844
11.3844
11.3844
11.3844
11.3844
11.3844
11.3844
11.3844
11.3844
11.3844
11.3844
11.3844
11.3844
11.3844
11.3844
11.3844
11.3844
11.3844
11.3844
11.3844
11.3844
11.3844
11.3844
11.3844
11.3844
11.3844
11.3844
11.3844
11.3844
11.3844
11.3844
11.3844
11.3844
11.3844
11.3844
11.3844
11.3844
11.3844
11.3844
11.3844
11.3844
11.3844
8.13174
8.13174
8.13174
8.13174
8.13174
8.13174
8.13174
8.13174
8.13174
8.13174
8.13174
8.13174
8.13174
8.13174
8.13174
8.13174
8.13174
8.13174
8.13174
8.13174
8.13173
8.13173
8.13173
8.13173
8.13173
8.13173
8.13173
8.13173
8.13173
8.13173
8.13173
8.13173
8.13173
8.13173
8.13173
8.13173
8.13173
8.13173
8.13173
8.13173
8.13173
8.13173
8.13173
8.13173
8.13173
8.13173
8.13173
8.13173
8.13173
8.13173
8.13173
8.13173
8.13173
8.13173
8.13173
8.13173
8.13173
8.13173
8.13173
8.13173
8.13173
8.13173
8.13173
8.13173
8.13173
8.13173
8.13173
8.13173
8.13173
8.13173
8.13173
8.13173
8.13173
8.13173
8.13173
8.13173
8.13173
8.13173
8.13173
8.13173
8.13173
8.13173
8.13173
8.13173
8.13173
8.13173
8.13173
8.13173
8.13173
8.13173
8.13173
8.13173
8.13174
8.13174
8.13174
8.13174
8.13174
8.13174
8.13173
8.13173
4.87904
4.87904
4.87904
4.87904
4.87904
4.87904
4.87904
4.87904
4.87904
4.87904
4.87904
4.87904
4.87904
4.87904
4.87904
4.87904
4.87904
4.87904
4.87904
4.87904
4.87904
4.87904
4.87904
4.87904
4.87904
4.87904
4.87904
4.87904
4.87904
4.87904
4.87904
4.87904
4.87904
4.87904
4.87904
4.87904
4.87904
4.87904
4.87904
4.87904
4.87904
4.87904
4.87904
4.87904
4.87904
4.87904
4.87904
4.87904
4.87904
4.87904
4.87904
4.87904
4.87904
4.87904
4.87904
4.87904
4.87904
4.87904
4.87904
4.87904
4.87904
4.87904
4.87904
4.87904
4.87904
4.87904
4.87904
4.87904
4.87904
4.87904
4.87904
4.87904
4.87904
4.87904
4.87904
4.87904
4.87904
4.87904
4.87904
4.87904
4.87904
4.87904
4.87904
4.87904
4.87904
4.87904
4.87904
4.87904
4.87904
4.87904
4.87904
4.87904
4.87904
4.87904
4.87904
4.87904
4.87904
4.87904
4.87904
4.87904
1.62635
1.62635
1.62635
1.62635
1.62635
1.62635
1.62635
1.62635
1.62635
1.62635
1.62635
1.62635
1.62635
1.62635
1.62635
1.62635
1.62635
1.62635
1.62635
1.62635
1.62635
1.62635
1.62635
1.62635
1.62635
1.62635
1.62635
1.62635
1.62635
1.62635
1.62635
1.62635
1.62635
1.62635
1.62635
1.62635
1.62635
1.62635
1.62635
1.62635
1.62635
1.62635
1.62635
1.62635
1.62635
1.62635
1.62635
1.62635
1.62635
1.62635
1.62635
1.62635
1.62635
1.62635
1.62635
1.62635
1.62635
1.62635
1.62635
1.62635
1.62635
1.62635
1.62635
1.62635
1.62635
1.62635
1.62635
1.62635
1.62635
1.62635
1.62634
1.62634
1.62634
1.62634
1.62634
1.62634
1.62634
1.62634
1.62634
1.62634
1.62634
1.62634
1.62634
1.62634
1.62634
1.62634
1.62634
1.62634
1.62634
1.62634
1.62634
1.62634
1.62634
1.62634
1.62634
1.62634
1.62634
1.62634
1.62634
1.62634
99.2027
98.6176
98.2501
97.9815
97.8422
97.8422
97.9815
98.2501
98.6176
99.2027
90.0167
89.1624
88.5997
88.2018
87.9969
87.9969
88.2018
88.5997
89.1624
90.0167
82.3901
81.407
80.7653
80.3183
80.0889
80.0889
80.3183
80.7653
81.407
82.3901
77.1244
76.1143
75.4636
75.017
74.7881
74.7881
75.017
75.4636
76.1143
77.1244
73.1731
72.1705
71.5278
71.0953
70.8738
70.8738
71.0953
71.5278
72.1705
73.1731
69.9731
68.9977
68.371
67.9596
67.7493
67.7493
67.9596
68.371
68.9977
69.9731
67.3338
66.4067
65.8056
65.4216
65.2261
65.2261
65.4216
65.8056
66.4067
67.3338
65.1483
64.293
63.73
63.3789
63.2008
63.2008
63.3789
63.73
64.293
65.1483
63.3359
62.5687
62.0565
61.7431
61.5843
61.5843
61.7431
62.0565
62.5687
63.3359
61.9169
61.15
60.6971
60.4216
60.282
60.282
60.4216
60.6971
61.15
61.9169
63.0229
63.1967
63.3858
63.5133
63.5793
63.5793
63.5133
63.3858
63.1967
63.0229
63.4481
63.5433
63.6708
63.7526
63.7944
63.7944
63.7526
63.6708
63.5433
63.4481
63.4247
63.4219
63.4749
63.5033
63.5175
63.5175
63.5033
63.4749
63.4219
63.4247
63.0118
62.9183
62.9028
62.8843
62.8741
62.8741
62.8843
62.9028
62.9183
63.0118
62.4133
62.2453
62.1716
62.1153
62.0857
62.0857
62.1153
62.1716
62.2453
62.4133
61.7389
61.5148
61.3939
61.3095
61.2654
61.2654
61.3094
61.3939
61.5148
61.7389
61.0437
60.7839
60.629
60.5261
60.4729
60.4729
60.5261
60.629
60.7839
61.0437
60.3596
60.0879
59.9146
59.8031
59.7456
59.7456
59.8031
59.9146
60.0879
60.3596
59.7224
59.455
59.2752
59.1623
59.1037
59.1037
59.1623
59.2752
59.455
59.7224
59.2359
58.8862
58.7015
58.588
58.5288
58.5288
58.588
58.7015
58.8862
59.2359
58.3874
58.3729
58.3746
58.3711
58.3696
58.3696
58.3711
58.3746
58.3729
58.3874
58.8007
58.784
58.7851
58.7799
58.7773
58.7773
58.7799
58.7851
58.784
58.8007
59.1429
59.1076
59.0972
59.0823
59.0743
59.0743
59.0823
59.0972
59.1076
59.1429
59.1963
59.1276
59.0949
59.0639
59.0474
59.0474
59.0639
59.0949
59.1276
59.1963
59.0515
58.9474
58.8903
58.8432
58.8182
58.8182
58.8432
58.8903
58.9474
59.0515
58.8035
58.6686
58.5891
58.5286
58.4967
58.4967
58.5286
58.5891
58.6686
58.8035
58.5008
58.3435
58.2458
58.1758
58.1391
58.1391
58.1758
58.2458
58.3435
58.5008
58.1704
58.0029
57.8938
57.8188
57.7797
57.7797
57.8188
57.8938
58.0029
58.1704
57.8455
57.6754
57.5589
57.4817
57.4413
57.4413
57.4816
57.5589
57.6754
57.8455
57.6013
57.3669
57.2398
57.1588
57.1167
57.1167
57.1588
57.2398
57.3669
57.6013
53.6495
53.6693
53.6944
53.7105
53.719
53.719
53.7105
53.6944
53.6693
53.6495
53.8608
53.8845
53.9136
53.932
53.9418
53.9418
53.932
53.9136
53.8845
53.8608
54.0402
54.0616
54.0904
54.108
54.1173
54.1173
54.108
54.0904
54.0616
54.0402
54.1266
54.1376
54.1595
54.1717
54.1781
54.1781
54.1717
54.1595
54.1376
54.1266
54.141
54.1376
54.1491
54.1538
54.1561
54.1561
54.1538
54.1491
54.1376
54.141
54.1071
54.0887
54.0888
54.0857
54.0839
54.0839
54.0857
54.0888
54.0887
54.1071
54.0384
54.0072
53.9965
53.9867
53.9814
53.9814
53.9867
53.9965
54.0072
54.0384
53.9449
53.9056
53.8866
53.8717
53.8636
53.8636
53.8717
53.8866
53.9056
53.9449
53.8446
53.7995
53.7722
53.7527
53.7421
53.7421
53.7527
53.7722
53.7995
53.8446
53.7828
53.6938
53.6526
53.6256
53.6114
53.6114
53.6256
53.6526
53.6938
53.7828
50.4148
50.4149
50.4169
50.417
50.4171
50.4171
50.417
50.4169
50.4149
50.4148
50.5137
50.5174
50.5227
50.5249
50.5261
50.5261
50.5249
50.5227
50.5174
50.5137
50.6147
50.6199
50.6268
50.6298
50.6314
50.6314
50.6298
50.6268
50.6199
50.6147
50.6833
50.6864
50.6923
50.6942
50.6951
50.6951
50.6942
50.6923
50.6864
50.6833
50.7217
50.7205
50.7235
50.7231
50.7228
50.7228
50.7231
50.7235
50.7205
50.7217
50.7368
50.7302
50.7293
50.7262
50.7244
50.7244
50.7262
50.7293
50.7301
50.7368
50.7334
50.7215
50.7167
50.711
50.7078
50.7078
50.711
50.7167
50.7215
50.7334
50.7157
50.7003
50.692
50.6842
50.6798
50.6798
50.6842
50.692
50.7003
50.7157
50.6934
50.6744
50.6618
50.6517
50.6461
50.6461
50.6517
50.6618
50.6744
50.6934
50.6878
50.6458
50.6251
50.6107
50.6031
50.6031
50.6107
50.6251
50.6458
50.6878
47.0817
47.0848
47.0885
47.0907
47.0918
47.0918
47.0907
47.0885
47.0848
47.0817
47.1229
47.1277
47.133
47.1363
47.138
47.138
47.1363
47.133
47.1277
47.1229
47.1648
47.1707
47.1773
47.1814
47.1835
47.1835
47.1814
47.1773
47.1707
47.1648
47.1964
47.2022
47.2089
47.2129
47.215
47.215
47.2129
47.2089
47.2022
47.1964
47.2178
47.2224
47.2284
47.2317
47.2335
47.2335
47.2317
47.2284
47.2224
47.2178
47.2304
47.2331
47.2378
47.2401
47.2413
47.2413
47.2401
47.2378
47.2331
47.2304
47.2353
47.2359
47.239
47.2402
47.2407
47.2407
47.2402
47.239
47.2359
47.2353
47.2335
47.2326
47.2341
47.2341
47.234
47.234
47.2341
47.2341
47.2326
47.2335
47.2293
47.2265
47.2257
47.2242
47.2233
47.2233
47.2242
47.2257
47.2265
47.2293
47.2333
47.2188
47.2129
47.2087
47.2064
47.2064
47.2087
47.2129
47.2188
47.2333
43.8744
43.8748
43.8753
43.8755
43.8756
43.8756
43.8755
43.8753
43.8748
43.8744
43.8916
43.8929
43.8942
43.8949
43.8953
43.8953
43.8949
43.8942
43.8929
43.8916
43.9113
43.9133
43.9154
43.9165
43.9171
43.9171
43.9165
43.9154
43.9133
43.9113
43.9283
43.9306
43.9331
43.9343
43.935
43.935
43.9343
43.9331
43.9306
43.9283
43.942
43.9443
43.9468
43.948
43.9486
43.9486
43.948
43.9468
43.9443
43.942
43.9527
43.9546
43.9569
43.9578
43.9583
43.9583
43.9578
43.9569
43.9546
43.9527
43.9606
43.962
43.9638
43.9644
43.9647
43.9647
43.9644
43.9638
43.962
43.9606
43.9658
43.9668
43.9681
43.9684
43.9684
43.9684
43.9684
43.9681
43.9668
43.9658
43.9703
43.9705
43.9709
43.9705
43.9703
43.9703
43.9705
43.9709
43.9705
43.9703
43.9782
43.9733
43.9713
43.9698
43.9689
43.9689
43.9698
43.9713
43.9733
43.9782
40.6306
40.6312
40.6319
40.6322
40.6324
40.6324
40.6322
40.6319
40.6312
40.6306
40.6372
40.6382
40.6392
40.6398
40.6401
40.6401
40.6398
40.6392
40.6382
40.6372
40.6447
40.6461
40.6474
40.6482
40.6486
40.6486
40.6482
40.6474
40.6461
40.6447
40.6516
40.6532
40.6547
40.6557
40.6562
40.6562
40.6557
40.6547
40.6532
40.6516
40.6577
40.6593
40.6609
40.6619
40.6625
40.6625
40.6619
40.6609
40.6593
40.6577
40.6627
40.6643
40.6659
40.6669
40.6674
40.6674
40.6669
40.6659
40.6643
40.6627
40.6667
40.6682
40.6697
40.6706
40.671
40.671
40.6706
40.6697
40.6682
40.6667
40.6697
40.671
40.6724
40.6731
40.6734
40.6734
40.6731
40.6724
40.671
40.6697
40.6723
40.6733
40.6743
40.6746
40.6748
40.6748
40.6746
40.6743
40.6733
40.6723
40.6764
40.6752
40.675
40.6747
40.6746
40.6746
40.6747
40.675
40.6752
40.6764
37.3939
37.394
37.3942
37.3942
37.3942
37.3942
37.3942
37.3942
37.394
37.3939
37.3964
37.3967
37.3969
37.3971
37.3971
37.3971
37.3971
37.3969
37.3967
37.3964
37.3995
37.4
37.4004
37.4007
37.4008
37.4008
37.4007
37.4004
37.4
37.3995
37.4027
37.4034
37.4039
37.4043
37.4044
37.4044
37.4043
37.4039
37.4034
37.4027
37.4059
37.4066
37.4073
37.4077
37.4079
37.4079
37.4077
37.4073
37.4066
37.4059
37.4088
37.4096
37.4104
37.4108
37.411
37.411
37.4108
37.4104
37.4096
37.4088
37.4115
37.4124
37.4131
37.4135
37.4137
37.4137
37.4135
37.4131
37.4124
37.4115
37.4139
37.4148
37.4155
37.4159
37.4161
37.4161
37.4159
37.4155
37.4148
37.4139
37.4163
37.417
37.4177
37.4179
37.4181
37.4181
37.4179
37.4177
37.417
37.4163
37.4192
37.4191
37.4193
37.4193
37.4194
37.4194
37.4193
37.4193
37.4191
37.4192
34.1465
34.1466
34.1467
34.1467
34.1468
34.1468
34.1467
34.1467
34.1466
34.1465
34.1472
34.1474
34.1476
34.1477
34.1477
34.1477
34.1477
34.1476
34.1474
34.1472
34.1483
34.1485
34.1488
34.1489
34.149
34.149
34.1489
34.1488
34.1485
34.1483
34.1495
34.1498
34.1501
34.1503
34.1504
34.1504
34.1503
34.1501
34.1498
34.1495
34.1507
34.1511
34.1514
34.1517
34.1518
34.1518
34.1517
34.1514
34.1511
34.1507
34.1519
34.1524
34.1528
34.153
34.1531
34.1531
34.153
34.1528
34.1524
34.1519
34.1531
34.1536
34.154
34.1543
34.1544
34.1544
34.1543
34.154
34.1536
34.1531
34.1542
34.1547
34.1551
34.1554
34.1555
34.1555
34.1554
34.1551
34.1547
34.1542
34.1552
34.1557
34.1561
34.1563
34.1564
34.1564
34.1563
34.1561
34.1557
34.1552
34.1565
34.1567
34.1569
34.157
34.157
34.157
34.157
34.1569
34.1567
34.1565
30.8979
30.8979
30.8979
30.8979
30.8979
30.8979
30.8979
30.8979
30.8979
30.8979
30.8981
30.8981
30.8982
30.8982
30.8982
30.8982
30.8982
30.8982
30.8981
30.8981
30.8984
30.8985
30.8986
30.8986
30.8987
30.8987
30.8986
30.8986
30.8985
30.8984
30.8989
30.8991
30.8992
30.8992
30.8992
30.8992
30.8992
30.8992
30.8991
30.8989
30.8995
30.8997
30.8998
30.8999
30.8999
30.8999
30.8999
30.8998
30.8997
30.8995
30.9001
30.9003
30.9005
30.9006
30.9006
30.9006
30.9006
30.9005
30.9003
30.9001
30.9007
30.901
30.9012
30.9013
30.9013
30.9013
30.9013
30.9012
30.901
30.9007
30.9014
30.9016
30.9019
30.902
30.902
30.902
30.902
30.9019
30.9016
30.9014
30.902
30.9023
30.9025
30.9026
30.9027
30.9027
30.9026
30.9025
30.9023
30.902
30.9028
30.9029
30.9031
30.9032
30.9032
30.9032
30.9032
30.9031
30.9029
30.9028
27.6466
27.6466
27.6466
27.6466
27.6466
27.6466
27.6466
27.6466
27.6466
27.6466
27.6466
27.6466
27.6466
27.6466
27.6467
27.6467
27.6466
27.6466
27.6466
27.6466
27.6467
27.6467
27.6467
27.6468
27.6468
27.6468
27.6468
27.6467
27.6467
27.6467
27.6468
27.6469
27.6469
27.647
27.647
27.647
27.647
27.6469
27.6469
27.6468
27.647
27.6471
27.6472
27.6472
27.6472
27.6472
27.6472
27.6472
27.6471
27.647
27.6472
27.6473
27.6474
27.6475
27.6475
27.6475
27.6475
27.6474
27.6473
27.6472
27.6475
27.6476
27.6477
27.6478
27.6478
27.6478
27.6478
27.6477
27.6476
27.6475
27.6478
27.6479
27.648
27.648
27.6481
27.6481
27.648
27.648
27.6479
27.6478
27.648
27.6482
27.6483
27.6483
27.6484
27.6484
27.6483
27.6483
27.6482
27.648
27.6483
27.6484
27.6485
27.6486
27.6486
27.6486
27.6486
27.6485
27.6484
27.6483
24.3947
24.3947
24.3947
24.3947
24.3947
24.3947
24.3947
24.3947
24.3947
24.3947
24.3947
24.3947
24.3947
24.3947
24.3947
24.3947
24.3947
24.3947
24.3947
24.3947
24.3947
24.3947
24.3947
24.3947
24.3947
24.3947
24.3947
24.3947
24.3947
24.3947
24.3948
24.3948
24.3948
24.3948
24.3948
24.3948
24.3948
24.3948
24.3948
24.3948
24.3949
24.3949
24.3949
24.3949
24.3949
24.3949
24.3949
24.3949
24.3949
24.3949
24.395
24.395
24.395
24.395
24.3951
24.3951
24.395
24.395
24.395
24.395
24.3951
24.3951
24.3952
24.3952
24.3952
24.3952
24.3952
24.3952
24.3951
24.3951
24.3952
24.3953
24.3953
24.3953
24.3954
24.3954
24.3953
24.3953
24.3953
24.3952
24.3954
24.3954
24.3955
24.3955
24.3955
24.3955
24.3955
24.3955
24.3954
24.3954
24.3955
24.3956
24.3956
24.3956
24.3956
24.3956
24.3956
24.3956
24.3956
24.3955
21.1423
21.1423
21.1423
21.1423
21.1423
21.1423
21.1423
21.1423
21.1423
21.1423
21.1423
21.1423
21.1423
21.1423
21.1423
21.1423
21.1423
21.1423
21.1423
21.1423
21.1423
21.1423
21.1423
21.1423
21.1423
21.1423
21.1423
21.1423
21.1423
21.1423
21.1423
21.1423
21.1423
21.1423
21.1423
21.1423
21.1423
21.1423
21.1423
21.1423
21.1423
21.1423
21.1423
21.1423
21.1423
21.1423
21.1423
21.1423
21.1423
21.1423
21.1423
21.1424
21.1424
21.1424
21.1424
21.1424
21.1424
21.1424
21.1424
21.1423
21.1424
21.1424
21.1424
21.1424
21.1424
21.1424
21.1424
21.1424
21.1424
21.1424
21.1424
21.1425
21.1425
21.1425
21.1425
21.1425
21.1425
21.1425
21.1425
21.1424
21.1425
21.1425
21.1425
21.1425
21.1426
21.1426
21.1425
21.1425
21.1425
21.1425
21.1425
21.1426
21.1426
21.1426
21.1426
21.1426
21.1426
21.1426
21.1426
21.1425
17.8898
17.8898
17.8898
17.8898
17.8898
17.8898
17.8898
17.8898
17.8898
17.8898
17.8898
17.8898
17.8897
17.8897
17.8897
17.8897
17.8897
17.8897
17.8898
17.8898
17.8897
17.8897
17.8897
17.8897
17.8897
17.8897
17.8897
17.8897
17.8897
17.8897
17.8897
17.8897
17.8897
17.8897
17.8897
17.8897
17.8897
17.8897
17.8897
17.8897
17.8897
17.8897
17.8898
17.8898
17.8898
17.8898
17.8898
17.8898
17.8897
17.8897
17.8898
17.8898
17.8898
17.8898
17.8898
17.8898
17.8898
17.8898
17.8898
17.8898
17.8898
17.8898
17.8898
17.8898
17.8898
17.8898
17.8898
17.8898
17.8898
17.8898
17.8898
17.8898
17.8898
17.8898
17.8898
17.8898
17.8898
17.8898
17.8898
17.8898
17.8898
17.8898
17.8898
17.8899
17.8899
17.8899
17.8899
17.8898
17.8898
17.8898
17.8898
17.8899
17.8899
17.8899
17.8899
17.8899
17.8899
17.8899
17.8899
17.8898
14.6371
14.6371
14.6371
14.6371
14.6371
14.6371
14.6371
14.6371
14.6371
14.6371
14.6371
14.6371
14.6371
14.6371
14.6371
14.6371
14.6371
14.6371
14.6371
14.6371
14.6371
14.6371
14.6371
14.6371
14.6371
14.6371
14.6371
14.6371
14.6371
14.6371
14.6371
14.6371
14.6371
14.6371
14.6371
14.6371
14.6371
14.6371
14.6371
14.6371
14.6371
14.6371
14.6371
14.6371
14.6371
14.6371
14.6371
14.6371
14.6371
14.6371
14.6371
14.6371
14.6371
14.6371
14.6371
14.6371
14.6371
14.6371
14.6371
14.6371
14.6371
14.6371
14.6371
14.6371
14.6371
14.6371
14.6371
14.6371
14.6371
14.6371
14.6371
14.6371
14.6371
14.6371
14.6371
14.6371
14.6371
14.6371
14.6371
14.6371
14.6371
14.6371
14.6371
14.6371
14.6371
14.6371
14.6371
14.6371
14.6371
14.6371
14.6371
14.6371
14.6371
14.6371
14.6371
14.6371
14.6371
14.6371
14.6371
14.6371
11.3844
11.3844
11.3844
11.3844
11.3844
11.3844
11.3844
11.3844
11.3844
11.3844
11.3844
11.3844
11.3844
11.3844
11.3844
11.3844
11.3844
11.3844
11.3844
11.3844
11.3844
11.3844
11.3844
11.3844
11.3844
11.3844
11.3844
11.3844
11.3844
11.3844
11.3844
11.3844
11.3844
11.3844
11.3844
11.3844
11.3844
11.3844
11.3844
11.3844
11.3844
11.3844
11.3844
11.3844
11.3844
11.3844
11.3844
11.3844
11.3844
11.3844
11.3844
11.3844
11.3844
11.3844
11.3844
11.3844
11.3844
11.3844
11.3844
11.3844
11.3844
11.3844
11.3844
11.3844
11.3844
11.3844
11.3844
11.3844
11.3844
11.3844
11.3844
11.3844
11.3844
11.3844
11.3844
11.3844
11.3844
11.3844
11.3844
11.3844
11.3844
11.3844
11.3844
11.3844
11.3844
11.3844
11.3844
11.3844
11.3844
11.3844
11.3844
11.3844
11.3844
11.3844
11.3844
11.3844
11.3844
11.3844
11.3844
11.3844
8.13174
8.13174
8.13174
8.13174
8.13174
8.13174
8.13174
8.13174
8.13174
8.13174
8.13174
8.13174
8.13174
8.13174
8.13174
8.13174
8.13174
8.13174
8.13174
8.13174
8.13173
8.13173
8.13173
8.13173
8.13173
8.13173
8.13173
8.13173
8.13173
8.13173
8.13173
8.13173
8.13173
8.13173
8.13173
8.13173
8.13173
8.13173
8.13173
8.13173
8.13173
8.13173
8.13173
8.13173
8.13173
8.13173
8.13173
8.13173
8.13173
8.13173
8.13173
8.13173
8.13173
8.13173
8.13173
8.13173
8.13173
8.13173
8.13173
8.13173
8.13173
8.13173
8.13173
8.13173
8.13173
8.13173
8.13173
8.13173
8.13173
8.13173
8.13173
8.13173
8.13173
8.13173
8.13173
8.13173
8.13173
8.13173
8.13173
8.13173
8.13173
8.13173
8.13173
8.13173
8.13173
8.13173
8.13173
8.13173
8.13173
8.13173
8.13173
8.13173
8.13174
8.13174
8.13174
8.13174
8.13174
8.13174
8.13174
8.13173
4.87904
4.87904
4.87904
4.87904
4.87904
4.87904
4.87904
4.87904
4.87904
4.87904
4.87904
4.87904
4.87904
4.87904
4.87904
4.87904
4.87904
4.87904
4.87904
4.87904
4.87904
4.87904
4.87904
4.87904
4.87904
4.87904
4.87904
4.87904
4.87904
4.87904
4.87904
4.87904
4.87904
4.87904
4.87904
4.87904
4.87904
4.87904
4.87904
4.87904
4.87904
4.87904
4.87904
4.87904
4.87904
4.87904
4.87904
4.87904
4.87904
4.87904
4.87904
4.87904
4.87904
4.87904
4.87904
4.87904
4.87904
4.87904
4.87904
4.87904
4.87904
4.87904
4.87904
4.87904
4.87904
4.87904
4.87904
4.87904
4.87904
4.87904
4.87904
4.87904
4.87904
4.87904
4.87904
4.87904
4.87904
4.87904
4.87904
4.87904
4.87904
4.87904
4.87904
4.87904
4.87904
4.87904
4.87904
4.87904
4.87904
4.87904
4.87904
4.87904
4.87904
4.87904
4.87904
4.87904
4.87904
4.87904
4.87904
4.87904
1.62635
1.62635
1.62635
1.62635
1.62635
1.62635
1.62635
1.62635
1.62635
1.62635
1.62635
1.62635
1.62635
1.62635
1.62635
1.62635
1.62635
1.62635
1.62635
1.62635
1.62635
1.62635
1.62635
1.62635
1.62635
1.62635
1.62635
1.62635
1.62635
1.62635
1.62635
1.62635
1.62635
1.62635
1.62635
1.62635
1.62635
1.62635
1.62635
1.62635
1.62635
1.62635
1.62635
1.62635
1.62635
1.62635
1.62635
1.62635
1.62635
1.62635
1.62635
1.62635
1.62635
1.62635
1.62635
1.62635
1.62635
1.62635
1.62635
1.62635
1.62635
1.62635
1.62635
1.62635
1.62635
1.62635
1.62635
1.62635
1.62635
1.62635
1.62634
1.62634
1.62634
1.62634
1.62634
1.62634
1.62634
1.62634
1.62634
1.62634
1.62634
1.62634
1.62634
1.62634
1.62634
1.62634
1.62634
1.62634
1.62634
1.62634
1.62634
1.62634
1.62634
1.62634
1.62634
1.62634
1.62634
1.62634
1.62634
1.62634
60.9007
60.2101
59.7723
59.4935
59.3551
59.3551
59.4935
59.7723
60.2101
60.9007
60.2101
59.6199
59.1748
58.8777
58.7303
58.7303
58.8777
59.1748
59.6199
60.2101
59.7723
59.1748
58.7105
58.4008
58.248
58.248
58.4008
58.7105
59.1748
59.7723
59.4935
58.8777
58.4008
58.0852
57.9299
57.9299
58.0852
58.4008
58.8777
59.4935
59.3551
58.7303
58.248
57.9299
57.7735
57.7735
57.9299
58.248
58.7303
59.3551
59.3551
58.7303
58.248
57.9299
57.7735
57.7735
57.9299
58.248
58.7304
59.3551
59.4935
58.8777
58.4008
58.0852
57.9299
57.9299
58.0852
58.4008
58.8777
59.4935
59.7723
59.1748
58.7105
58.4008
58.248
58.248
58.4008
58.7105
59.1748
59.7723
60.2101
59.6199
59.1748
58.8777
58.7303
58.7304
58.8777
59.1749
59.6199
60.2101
60.9007
60.2101
59.7723
59.4935
59.3551
59.3551
59.4935
59.7723
60.2101
60.9007
58.7151
58.4365
58.2703
58.1609
58.1052
58.1052
58.1609
58.2703
58.4365
58.7151
58.4365
58.2154
58.0274
57.8963
57.8307
57.8307
57.8963
58.0274
58.2154
58.4365
58.2703
58.0274
57.816
57.671
57.5993
57.5993
57.671
57.816
58.0274
58.2703
58.1609
57.8963
57.671
57.5186
57.4436
57.4436
57.5186
57.671
57.8963
58.1609
58.1052
57.8307
57.5993
57.4436
57.367
57.367
57.4436
57.5993
57.8307
58.1052
58.1052
57.8307
57.5993
57.4436
57.367
57.367
57.4436
57.5993
57.8307
58.1052
58.1609
57.8963
57.671
57.5186
57.4436
57.4436
57.5186
57.671
57.8963
58.1609
58.2703
58.0274
57.816
57.671
57.5993
57.5993
57.671
57.816
58.0274
58.2703
58.4365
58.2154
58.0274
57.8963
57.8307
57.8307
57.8963
58.0274
58.2154
58.4365
58.7151
58.4365
58.2703
58.1609
58.1052
58.1052
58.1609
58.2703
58.4365
58.7151
57.2118
57.0595
56.9655
56.9
56.8663
56.8663
56.9
56.9655
57.0595
57.2118
57.0595
56.9383
56.824
56.7413
56.6995
56.6995
56.7413
56.824
56.9383
57.0595
56.9655
56.824
56.6907
56.5973
56.5509
56.5509
56.5973
56.6907
56.824
56.9655
56.9
56.7413
56.5973
56.4985
56.4498
56.4498
56.4985
56.5973
56.7413
56.9
56.8663
56.6995
56.5509
56.4498
56.3998
56.3998
56.4498
56.5509
56.6995
56.8663
56.8663
56.6995
56.5509
56.4498
56.3998
56.3998
56.4498
56.5509
56.6995
56.8663
56.9
56.7413
56.5973
56.4985
56.4498
56.4498
56.4985
56.5973
56.7413
56.9
56.9655
56.824
56.6907
56.5973
56.5509
56.5509
56.5973
56.6907
56.824
56.9655
57.0595
56.9383
56.824
56.7413
56.6995
56.6995
56.7413
56.824
56.9383
57.0595
57.2118
57.0595
56.9655
56.9
56.8663
56.8663
56.9
56.9655
57.0595
57.2118
53.5862
53.551
53.5314
53.5154
53.5069
53.5069
53.5154
53.5314
53.551
53.5862
53.551
53.5251
53.4899
53.4621
53.448
53.448
53.4621
53.4899
53.5251
53.551
53.5314
53.4899
53.4426
53.4082
53.3913
53.3913
53.4082
53.4426
53.4899
53.5314
53.5154
53.4621
53.4082
53.3707
53.3523
53.3523
53.3707
53.4082
53.4621
53.5154
53.5069
53.448
53.3913
53.3523
53.3332
53.3332
53.3523
53.3913
53.448
53.5069
53.5069
53.448
53.3913
53.3523
53.3332
53.3332
53.3523
53.3913
53.448
53.5069
53.5154
53.4621
53.4082
53.3707
53.3523
53.3523
53.3707
53.4082
53.4621
53.5154
53.5314
53.4899
53.4426
53.4082
53.3913
53.3913
53.4082
53.4426
53.4899
53.5314
53.551
53.5251
53.4899
53.4621
53.448
53.448
53.4621
53.4899
53.5251
53.551
53.5862
53.551
53.5314
53.5154
53.5069
53.5069
53.5154
53.5314
53.551
53.5862
50.5854
50.5782
50.5739
50.5689
50.566
50.566
50.5689
50.5739
50.5782
50.5854
50.5782
50.5746
50.562
50.5509
50.5452
50.5452
50.5509
50.562
50.5746
50.5782
50.5739
50.562
50.5432
50.5288
50.5217
50.5217
50.5288
50.5432
50.562
50.5739
50.5689
50.5509
50.5288
50.5129
50.5051
50.5051
50.5129
50.5288
50.5509
50.5689
50.566
50.5452
50.5217
50.5051
50.4969
50.4969
50.5051
50.5217
50.5452
50.566
50.566
50.5452
50.5217
50.5051
50.4969
50.4969
50.5051
50.5217
50.5452
50.566
50.5689
50.5509
50.5288
50.5129
50.5051
50.5051
50.5129
50.5288
50.5509
50.5689
50.5739
50.562
50.5432
50.5288
50.5217
50.5217
50.5288
50.5432
50.562
50.5739
50.5782
50.5746
50.562
50.5509
50.5452
50.5452
50.5509
50.562
50.5746
50.5782
50.5854
50.5782
50.5739
50.5689
50.566
50.566
50.5689
50.5739
50.5782
50.5854
47.1846
47.1878
47.1903
47.1908
47.191
47.191
47.1908
47.1903
47.1878
47.1846
47.1878
47.1913
47.1891
47.1863
47.1849
47.1849
47.1863
47.1891
47.1913
47.1878
47.1903
47.1891
47.1836
47.1792
47.177
47.177
47.1792
47.1836
47.1891
47.1903
47.1908
47.1863
47.1792
47.1739
47.1714
47.1714
47.1739
47.1792
47.1863
47.1908
47.191
47.1849
47.177
47.1714
47.1687
47.1687
47.1714
47.177
47.1849
47.191
47.191
47.1849
47.177
47.1714
47.1687
47.1687
47.1714
47.177
47.1849
47.191
47.1908
47.1863
47.1792
47.1739
47.1714
47.1714
47.174
47.1792
47.1863
47.1908
47.1903
47.1891
47.1836
47.1792
47.177
47.177
47.1792
47.1836
47.1891
47.1903
47.1878
47.1913
47.1891
47.1863
47.1849
47.1849
47.1863
47.1891
47.1913
47.1878
47.1846
47.1878
47.1903
47.1908
47.191
47.191
47.1908
47.1903
47.1878
47.1846
43.9581
43.9622
43.9649
43.9662
43.9667
43.9667
43.9662
43.9649
43.9622
43.9581
43.9622
43.9664
43.9672
43.967
43.967
43.967
43.967
43.9672
43.9664
43.9622
43.9649
43.9672
43.9666
43.9658
43.9655
43.9655
43.9658
43.9666
43.9672
43.9649
43.9662
43.967
43.9658
43.9648
43.9643
43.9643
43.9648
43.9658
43.967
43.9662
43.9667
43.967
43.9655
43.9643
43.9637
43.9637
43.9643
43.9655
43.967
43.9667
43.9667
43.967
43.9655
43.9643
43.9637
43.9637
43.9643
43.9655
43.967
43.9667
43.9662
43.967
43.9658
43.9648
43.9643
43.9643
43.9648
43.9658
43.967
43.9662
43.9649
43.9672
43.9666
43.9658
43.9655
43.9655
43.9658
43.9666
43.9672
43.9649
43.9622
43.9664
43.9672
43.967
43.967
43.967
43.967
43.9672
43.9664
43.9622
43.9581
43.9622
43.9649
43.9662
43.9667
43.9667
43.9662
43.9649
43.9622
43.9581
40.6678
40.6705
40.6724
40.6733
40.6738
40.6738
40.6733
40.6724
40.6705
40.6679
40.6705
40.6731
40.6739
40.6743
40.6744
40.6744
40.6743
40.6739
40.6731
40.6705
40.6724
40.6739
40.6742
40.6742
40.6743
40.6743
40.6742
40.6742
40.6739
40.6724
40.6733
40.6743
40.6742
40.6742
40.6742
40.6742
40.6742
40.6742
40.6743
40.6733
40.6738
40.6744
40.6743
40.6742
40.6741
40.6741
40.6742
40.6743
40.6744
40.6738
40.6738
40.6744
40.6743
40.6742
40.6741
40.6741
40.6742
40.6743
40.6744
40.6738
40.6733
40.6743
40.6742
40.6742
40.6742
40.6742
40.6742
40.6742
40.6743
40.6733
40.6724
40.6739
40.6742
40.6742
40.6743
40.6743
40.6742
40.6742
40.6739
40.6724
40.6705
40.6731
40.6739
40.6743
40.6744
40.6744
40.6743
40.6739
40.6731
40.6705
40.6679
40.6705
40.6724
40.6733
40.6738
40.6738
40.6733
40.6724
40.6705
40.6679
37.4164
37.4181
37.4192
37.4199
37.4202
37.4202
37.4199
37.4192
37.4181
37.4164
37.4181
37.4197
37.4205
37.4209
37.4212
37.4212
37.4209
37.4205
37.4197
37.4181
37.4192
37.4205
37.4211
37.4215
37.4216
37.4216
37.4215
37.4211
37.4205
37.4192
37.4199
37.4209
37.4215
37.4218
37.4219
37.4219
37.4218
37.4215
37.4209
37.4199
37.4202
37.4212
37.4216
37.4219
37.4221
37.4221
37.4219
37.4216
37.4212
37.4202
37.4202
37.4212
37.4216
37.4219
37.4221
37.4221
37.4219
37.4216
37.4212
37.4202
37.4199
37.4209
37.4215
37.4218
37.4219
37.4219
37.4218
37.4215
37.4209
37.4199
37.4192
37.4205
37.4211
37.4215
37.4216
37.4216
37.4215
37.4211
37.4205
37.4192
37.4181
37.4197
37.4205
37.4209
37.4212
37.4212
37.4209
37.4205
37.4197
37.4181
37.4164
37.4181
37.4192
37.4199
37.4202
37.4202
37.4199
37.4192
37.4181
37.4164
34.1555
34.1564
34.1569
34.1572
34.1574
34.1574
34.1573
34.1569
34.1564
34.1555
34.1564
34.1571
34.1575
34.1578
34.1579
34.1579
34.1578
34.1575
34.1571
34.1564
34.1569
34.1575
34.1579
34.1581
34.1582
34.1582
34.1581
34.1579
34.1575
34.1569
34.1572
34.1578
34.1581
34.1583
34.1584
34.1584
34.1583
34.1581
34.1578
34.1573
34.1574
34.1579
34.1582
34.1584
34.1585
34.1585
34.1584
34.1582
34.1579
34.1574
34.1574
34.1579
34.1582
34.1584
34.1585
34.1585
34.1584
34.1582
34.1579
34.1574
34.1573
34.1578
34.1581
34.1583
34.1584
34.1584
34.1583
34.1581
34.1578
34.1573
34.1569
34.1575
34.1579
34.1581
34.1582
34.1582
34.1581
34.1579
34.1575
34.1569
34.1564
34.1571
34.1575
34.1578
34.1579
34.1579
34.1578
34.1575
34.1571
34.1564
34.1555
34.1564
34.1569
34.1573
34.1574
34.1574
34.1573
34.1569
34.1564
34.1555
30.9026
30.903
30.9033
30.9035
30.9036
30.9036
30.9035
30.9033
30.903
30.9026
30.903
30.9035
30.9037
30.9039
30.9039
30.9039
30.9039
30.9037
30.9035
30.903
30.9033
30.9037
30.9039
30.9041
30.9042
30.9042
30.9041
30.9039
30.9037
30.9033
30.9035
30.9039
30.9041
30.9043
30.9044
30.9044
30.9043
30.9041
30.9039
30.9035
30.9036
30.9039
30.9042
30.9044
30.9044
30.9044
30.9044
30.9042
30.9039
30.9036
30.9036
30.9039
30.9042
30.9044
30.9044
30.9044
30.9044
30.9042
30.9039
30.9036
30.9035
30.9039
30.9041
30.9043
30.9044
30.9044
30.9043
30.9041
30.9039
30.9035
30.9033
30.9037
30.9039
30.9041
30.9042
30.9042
30.9041
30.9039
30.9037
30.9033
30.903
30.9035
30.9037
30.9039
30.9039
30.9039
30.9039
30.9037
30.9035
30.903
30.9026
30.903
30.9033
30.9035
30.9036
30.9036
30.9035
30.9033
30.903
30.9026
27.6483
27.6485
27.6486
27.6487
27.6488
27.6488
27.6487
27.6486
27.6485
27.6483
27.6485
27.6487
27.6488
27.6489
27.6489
27.6489
27.6489
27.6488
27.6487
27.6485
27.6486
27.6488
27.6489
27.649
27.649
27.649
27.649
27.6489
27.6488
27.6486
27.6487
27.6489
27.649
27.6491
27.6491
27.6491
27.6491
27.649
27.6489
27.6487
27.6488
27.6489
27.649
27.6491
27.6491
27.6491
27.6491
27.649
27.6489
27.6488
27.6488
27.6489
27.649
27.6491
27.6491
27.6491
27.6491
27.649
27.6489
27.6488
27.6487
27.6489
27.649
27.6491
27.6491
27.6491
27.6491
27.649
27.6489
27.6487
27.6486
27.6488
27.6489
27.649
27.649
27.649
27.649
27.6489
27.6488
27.6486
27.6485
27.6487
27.6488
27.6489
27.6489
27.6489
27.6489
27.6488
27.6487
27.6485
27.6483
27.6485
27.6486
27.6487
27.6488
27.6488
27.6487
27.6486
27.6485
27.6483
24.3956
24.3956
24.3957
24.3957
24.3958
24.3958
24.3957
24.3957
24.3956
24.3956
24.3956
24.3957
24.3958
24.3958
24.3958
24.3958
24.3958
24.3958
24.3957
24.3956
24.3957
24.3958
24.3958
24.3959
24.3959
24.3959
24.3959
24.3958
24.3958
24.3957
24.3957
24.3958
24.3959
24.3959
24.396
24.396
24.3959
24.3959
24.3958
24.3957
24.3958
24.3958
24.3959
24.396
24.396
24.396
24.396
24.3959
24.3958
24.3958
24.3958
24.3958
24.3959
24.396
24.396
24.396
24.396
24.3959
24.3958
24.3958
24.3957
24.3958
24.3959
24.3959
24.396
24.396
24.3959
24.3959
24.3958
24.3957
24.3957
24.3958
24.3958
24.3959
24.3959
24.3959
24.3959
24.3958
24.3958
24.3957
24.3956
24.3957
24.3958
24.3958
24.3958
24.3958
24.3958
24.3958
24.3957
24.3956
24.3956
24.3956
24.3957
24.3957
24.3958
24.3958
24.3957
24.3957
24.3956
24.3956
21.1426
21.1426
21.1426
21.1426
21.1427
21.1427
21.1426
21.1426
21.1426
21.1426
21.1426
21.1426
21.1427
21.1427
21.1427
21.1427
21.1427
21.1427
21.1426
21.1426
21.1426
21.1427
21.1427
21.1427
21.1427
21.1427
21.1427
21.1427
21.1427
21.1426
21.1426
21.1427
21.1427
21.1427
21.1427
21.1427
21.1427
21.1427
21.1427
21.1426
21.1427
21.1427
21.1427
21.1427
21.1428
21.1428
21.1427
21.1427
21.1427
21.1427
21.1427
21.1427
21.1427
21.1427
21.1428
21.1428
21.1427
21.1427
21.1427
21.1427
21.1426
21.1427
21.1427
21.1427
21.1427
21.1427
21.1427
21.1427
21.1427
21.1426
21.1426
21.1427
21.1427
21.1427
21.1427
21.1427
21.1427
21.1427
21.1427
21.1426
21.1426
21.1426
21.1427
21.1427
21.1427
21.1427
21.1427
21.1427
21.1426
21.1426
21.1426
21.1426
21.1426
21.1426
21.1427
21.1427
21.1426
21.1426
21.1426
21.1426
17.8899
17.8899
17.8899
17.8899
17.8899
17.8899
17.8899
17.8899
17.8899
17.8899
17.8899
17.8899
17.8899
17.8899
17.8899
17.8899
17.8899
17.8899
17.8899
17.8899
17.8899
17.8899
17.8899
17.8899
17.8899
17.8899
17.8899
17.8899
17.8899
17.8899
17.8899
17.8899
17.8899
17.8899
17.89
17.89
17.8899
17.8899
17.8899
17.8899
17.8899
17.8899
17.8899
17.89
17.89
17.89
17.89
17.8899
17.8899
17.8899
17.8899
17.8899
17.8899
17.89
17.89
17.89
17.89
17.8899
17.8899
17.8899
17.8899
17.8899
17.8899
17.8899
17.89
17.89
17.8899
17.8899
17.8899
17.8899
17.8899
17.8899
17.8899
17.8899
17.8899
17.8899
17.8899
17.8899
17.8899
17.8899
17.8899
17.8899
17.8899
17.8899
17.8899
17.8899
17.8899
17.8899
17.8899
17.8899
17.8899
17.8899
17.8899
17.8899
17.8899
17.8899
17.8899
17.8899
17.8899
17.8899
14.6371
14.6371
14.6371
14.6371
14.6371
14.6371
14.6371
14.6371
14.6371
14.6371
14.6371
14.6371
14.6371
14.6372
14.6372
14.6372
14.6372
14.6371
14.6371
14.6371
14.6371
14.6371
14.6372
14.6372
14.6372
14.6372
14.6372
14.6372
14.6371
14.6371
14.6371
14.6372
14.6372
14.6372
14.6372
14.6372
14.6372
14.6372
14.6372
14.6371
14.6371
14.6372
14.6372
14.6372
14.6372
14.6372
14.6372
14.6372
14.6372
14.6371
14.6371
14.6372
14.6372
14.6372
14.6372
14.6372
14.6372
14.6372
14.6372
14.6371
14.6371
14.6372
14.6372
14.6372
14.6372
14.6372
14.6372
14.6372
14.6372
14.6371
14.6371
14.6371
14.6372
14.6372
14.6372
14.6372
14.6372
14.6372
14.6371
14.6371
14.6371
14.6371
14.6371
14.6372
14.6372
14.6372
14.6372
14.6371
14.6371
14.6371
14.6371
14.6371
14.6371
14.6371
14.6371
14.6371
14.6371
14.6371
14.6371
14.6371
11.3844
11.3844
11.3844
11.3844
11.3844
11.3844
11.3844
11.3844
11.3844
11.3844
11.3844
11.3844
11.3844
11.3844
11.3844
11.3844
11.3844
11.3844
11.3844
11.3844
11.3844
11.3844
11.3844
11.3844
11.3844
11.3844
11.3844
11.3844
11.3844
11.3844
11.3844
11.3844
11.3844
11.3845
11.3845
11.3845
11.3845
11.3844
11.3844
11.3844
11.3844
11.3844
11.3844
11.3845
11.3845
11.3845
11.3845
11.3844
11.3844
11.3844
11.3844
11.3844
11.3844
11.3845
11.3845
11.3845
11.3845
11.3844
11.3844
11.3844
11.3844
11.3844
11.3844
11.3845
11.3845
11.3845
11.3845
11.3844
11.3844
11.3844
11.3844
11.3844
11.3844
11.3844
11.3844
11.3844
11.3844
11.3844
11.3844
11.3844
11.3844
11.3844
11.3844
11.3844
11.3844
11.3844
11.3844
11.3844
11.3844
11.3844
11.3844
11.3844
11.3844
11.3844
11.3844
11.3844
11.3844
11.3844
11.3844
11.3844
8.13174
8.13174
8.13174
8.13174
8.13174
8.13174
8.13174
8.13174
8.13174
8.13174
8.13174
8.13174
8.13174
8.13174
8.13174
8.13174
8.13174
8.13174
8.13174
8.13174
8.13174
8.13174
8.13174
8.13174
8.13174
8.13174
8.13174
8.13174
8.13174
8.13174
8.13174
8.13174
8.13174
8.13174
8.13174
8.13174
8.13174
8.13174
8.13174
8.13174
8.13174
8.13174
8.13174
8.13174
8.13174
8.13174
8.13174
8.13174
8.13174
8.13174
8.13174
8.13174
8.13174
8.13174
8.13174
8.13174
8.13174
8.13174
8.13174
8.13174
8.13174
8.13174
8.13174
8.13174
8.13174
8.13174
8.13174
8.13174
8.13174
8.13174
8.13174
8.13174
8.13174
8.13174
8.13174
8.13174
8.13174
8.13174
8.13174
8.13174
8.13174
8.13174
8.13174
8.13174
8.13174
8.13174
8.13174
8.13174
8.13174
8.13174
8.13174
8.13174
8.13174
8.13174
8.13174
8.13174
8.13174
8.13174
8.13174
8.13174
4.87904
4.87904
4.87904
4.87904
4.87904
4.87904
4.87904
4.87904
4.87904
4.87904
4.87904
4.87904
4.87904
4.87904
4.87904
4.87904
4.87904
4.87904
4.87904
4.87904
4.87904
4.87904
4.87904
4.87904
4.87904
4.87904
4.87904
4.87904
4.87904
4.87904
4.87904
4.87904
4.87904
4.87904
4.87904
4.87904
4.87904
4.87904
4.87904
4.87904
4.87904
4.87904
4.87904
4.87904
4.87904
4.87904
4.87904
4.87904
4.87904
4.87904
4.87904
4.87904
4.87904
4.87904
4.87904
4.87904
4.87904
4.87904
4.87904
4.87904
4.87904
4.87904
4.87904
4.87904
4.87904
4.87904
4.87904
4.87904
4.87904
4.87904
4.87904
4.87904
4.87904
4.87904
4.87904
4.87904
4.87904
4.87904
4.87904
4.87904
4.87904
4.87904
4.87904
4.87904
4.87904
4.87904
4.87904
4.87904
4.87904
4.87904
4.87904
4.87904
4.87904
4.87904
4.87904
4.87904
4.87904
4.87904
4.87904
4.87904
1.62634
1.62634
1.62634
1.62634
1.62634
1.62634
1.62634
1.62634
1.62634
1.62634
1.62634
1.62634
1.62634
1.62634
1.62634
1.62634
1.62634
1.62634
1.62634
1.62634
1.62634
1.62634
1.62634
1.62634
1.62634
1.62634
1.62634
1.62634
1.62634
1.62634
1.62634
1.62634
1.62634
1.62634
1.62634
1.62634
1.62634
1.62634
1.62634
1.62634
1.62634
1.62634
1.62634
1.62634
1.62634
1.62634
1.62634
1.62634
1.62634
1.62634
1.62634
1.62634
1.62634
1.62634
1.62634
1.62634
1.62634
1.62634
1.62634
1.62634
1.62634
1.62634
1.62634
1.62634
1.62634
1.62634
1.62634
1.62634
1.62634
1.62634
1.62634
1.62634
1.62634
1.62634
1.62634
1.62634
1.62634
1.62634
1.62634
1.62634
1.62634
1.62634
1.62634
1.62634
1.62634
1.62634
1.62634
1.62634
1.62634
1.62634
1.62634
1.62634
1.62634
1.62634
1.62634
1.62634
1.62634
1.62634
1.62634
1.62634
)
;

boundaryField
{
    fixedWalls
    {
        type            zeroGradient;
    }
    inlet
    {
        type            fixedGradient;
        gradient        uniform 0;
    }
    outlet
    {
        type            fixedValue;
        value           uniform 0;
    }
}


// ************************************************************************* //
