/*--------------------------------*- C++ -*----------------------------------*\
| =========                 |                                                 |
| \\      /  F ield         | OpenFOAM: The Open Source CFD Toolbox           |
|  \\    /   O peration     | Version:  2106                                  |
|   \\  /    A nd           | Website:  www.openfoam.com                      |
|    \\/     M anipulation  |                                                 |
\*---------------------------------------------------------------------------*/
FoamFile
{
    version     2.0;
    format      ascii;
    arch        "LSB;label=32;scalar=64";
    class       volScalarField;
    location    "0.77";
    object      p;
}
// * * * * * * * * * * * * * * * * * * * * * * * * * * * * * * * * * * * * * //

dimensions      [0 2 -2 0 0 0 0];

internalField   nonuniform List<scalar> 
10000
(
99.1305
98.5453
98.1778
97.9091
97.7698
97.7698
97.9091
98.1778
98.5453
99.1305
89.9436
89.0891
88.5264
88.1285
87.9236
87.9236
88.1285
88.5264
89.0891
89.9436
82.3163
81.333
80.6913
80.2442
80.0149
80.0149
80.2442
80.6913
81.333
82.3163
77.05
76.0399
75.3892
74.9425
74.7136
74.7136
74.9425
75.3892
76.0399
77.05
73.0985
72.0957
71.4529
71.0204
70.7989
70.7989
71.0204
71.4529
72.0957
73.0985
69.898
68.9226
68.2957
67.8843
67.674
67.674
67.8843
68.2957
68.9226
69.898
67.2584
66.3312
65.73
65.3459
65.1504
65.1504
65.3459
65.73
66.3312
67.2584
65.0725
64.2171
63.6539
63.3027
63.1246
63.1246
63.3027
63.6539
64.2171
65.0725
63.2597
62.4924
61.98
61.6664
61.5077
61.5077
61.6664
61.98
62.4924
63.2597
61.8404
61.0732
60.6201
60.3445
60.2048
60.2048
60.3445
60.6201
61.0732
61.8404
62.9479
63.1217
63.3109
63.4384
63.5044
63.5044
63.4384
63.3109
63.1217
62.9479
63.3735
63.4687
63.5962
63.678
63.7199
63.7199
63.678
63.5962
63.4687
63.3735
63.3505
63.3476
63.4007
63.4292
63.4433
63.4433
63.4292
63.4007
63.3476
63.3505
62.9378
62.8443
62.8289
62.8104
62.8003
62.8003
62.8104
62.8289
62.8443
62.9379
62.3395
62.1715
62.0978
62.0416
62.012
62.012
62.0416
62.0978
62.1715
62.3395
61.6651
61.441
61.3203
61.2358
61.1917
61.1917
61.2358
61.3203
61.441
61.6651
60.97
60.7102
60.5553
60.4524
60.3992
60.3992
60.4524
60.5553
60.7102
60.97
60.2859
60.0142
59.8409
59.7294
59.6718
59.6718
59.7294
59.8409
60.0142
60.2859
59.6487
59.3813
59.2014
59.0885
59.0299
59.0299
59.0885
59.2014
59.3813
59.6487
59.1624
58.8125
58.6277
58.5141
58.4549
58.4549
58.5141
58.6277
58.8125
59.1624
58.3138
58.2994
58.3012
58.2977
58.2961
58.2961
58.2977
58.3012
58.2994
58.3138
58.7276
58.7109
58.7121
58.7069
58.7043
58.7043
58.7069
58.7121
58.7109
58.7276
59.0702
59.035
59.0246
59.0097
59.0017
59.0017
59.0097
59.0246
59.035
59.0702
59.124
59.0553
59.0227
58.9917
58.9752
58.9752
58.9917
59.0227
59.0553
59.124
58.9794
58.8753
58.8183
58.7712
58.7463
58.7463
58.7712
58.8183
58.8753
58.9794
58.7316
58.5968
58.5172
58.4568
58.4249
58.4249
58.4568
58.5172
58.5968
58.7316
58.429
58.2718
58.1741
58.1041
58.0675
58.0675
58.1041
58.1741
58.2718
58.429
58.0988
57.9313
57.8222
57.7473
57.7082
57.7082
57.7473
57.8222
57.9313
58.0988
57.774
57.6039
57.4874
57.4102
57.3698
57.3698
57.4102
57.4874
57.6039
57.774
57.53
57.2954
57.1684
57.0873
57.0452
57.0452
57.0873
57.1684
57.2954
57.53
53.5785
53.5984
53.6235
53.6396
53.6481
53.6481
53.6396
53.6235
53.5984
53.5785
53.7902
53.8139
53.8431
53.8615
53.8713
53.8713
53.8615
53.8431
53.8139
53.7902
53.97
53.9914
54.0203
54.0379
54.0472
54.0472
54.0379
54.0203
53.9914
53.97
54.0567
54.0677
54.0898
54.102
54.1083
54.1083
54.102
54.0898
54.0677
54.0567
54.0714
54.068
54.0796
54.0843
54.0866
54.0866
54.0843
54.0796
54.068
54.0714
54.0377
54.0194
54.0195
54.0164
54.0147
54.0147
54.0164
54.0195
54.0194
54.0377
53.9692
53.9381
53.9274
53.9176
53.9123
53.9123
53.9176
53.9274
53.9381
53.9692
53.8758
53.8366
53.8176
53.8028
53.7947
53.7947
53.8028
53.8176
53.8366
53.8758
53.7756
53.7306
53.7034
53.6839
53.6733
53.6733
53.6839
53.7034
53.7306
53.7756
53.7141
53.625
53.5839
53.5569
53.5427
53.5427
53.5569
53.5839
53.6251
53.7141
50.3473
50.3474
50.3494
50.3495
50.3497
50.3497
50.3495
50.3494
50.3474
50.3473
50.4465
50.4502
50.4555
50.4577
50.4589
50.4589
50.4577
50.4555
50.4502
50.4465
50.5478
50.553
50.5599
50.563
50.5646
50.5646
50.563
50.5599
50.553
50.5478
50.6167
50.6198
50.6257
50.6277
50.6286
50.6286
50.6277
50.6257
50.6198
50.6167
50.6553
50.6541
50.6571
50.6568
50.6564
50.6564
50.6568
50.6571
50.6541
50.6553
50.6705
50.6639
50.6631
50.6601
50.6583
50.6583
50.6601
50.6631
50.6639
50.6705
50.6673
50.6555
50.6507
50.645
50.6418
50.6418
50.645
50.6507
50.6555
50.6673
50.6498
50.6343
50.6261
50.6184
50.614
50.614
50.6184
50.6261
50.6343
50.6498
50.6275
50.6087
50.5961
50.586
50.5804
50.5804
50.586
50.5961
50.6087
50.6275
50.6222
50.5802
50.5595
50.5451
50.5375
50.5375
50.5451
50.5595
50.5802
50.6222
47.0182
47.0212
47.025
47.0272
47.0283
47.0283
47.0272
47.025
47.0212
47.0182
47.0595
47.0644
47.0697
47.073
47.0747
47.0747
47.073
47.0697
47.0644
47.0595
47.1016
47.1076
47.1142
47.1183
47.1204
47.1204
47.1183
47.1142
47.1076
47.1016
47.1334
47.1392
47.146
47.1501
47.1522
47.1522
47.1501
47.146
47.1392
47.1334
47.155
47.1596
47.1657
47.169
47.1708
47.1708
47.169
47.1657
47.1596
47.155
47.1678
47.1705
47.1753
47.1776
47.1787
47.1787
47.1776
47.1753
47.1705
47.1678
47.1727
47.1734
47.1766
47.1777
47.1782
47.1782
47.1777
47.1766
47.1734
47.1727
47.1711
47.1702
47.1717
47.1718
47.1717
47.1717
47.1718
47.1717
47.1702
47.1711
47.167
47.1643
47.1634
47.162
47.1611
47.1611
47.162
47.1634
47.1643
47.167
47.1712
47.1566
47.1508
47.1466
47.1443
47.1443
47.1466
47.1508
47.1566
47.1712
43.815
43.8155
43.8161
43.8162
43.8163
43.8163
43.8162
43.8161
43.8155
43.815
43.8324
43.8337
43.8351
43.8358
43.8361
43.8361
43.8358
43.8351
43.8337
43.8324
43.8522
43.8543
43.8564
43.8575
43.8581
43.8581
43.8575
43.8564
43.8543
43.8522
43.8693
43.8717
43.8742
43.8755
43.8761
43.8761
43.8755
43.8742
43.8717
43.8693
43.8832
43.8855
43.888
43.8892
43.8898
43.8898
43.8892
43.888
43.8855
43.8832
43.894
43.896
43.8982
43.8992
43.8996
43.8996
43.8992
43.8982
43.896
43.894
43.9019
43.9034
43.9052
43.9058
43.9061
43.9061
43.9058
43.9052
43.9034
43.9019
43.9073
43.9082
43.9096
43.9099
43.91
43.91
43.9099
43.9096
43.9082
43.9073
43.9118
43.9121
43.9125
43.9121
43.9119
43.9119
43.9121
43.9125
43.9121
43.9118
43.9199
43.9149
43.913
43.9114
43.9106
43.9106
43.9114
43.913
43.9149
43.9199
40.5757
40.5763
40.577
40.5773
40.5775
40.5775
40.5773
40.577
40.5763
40.5757
40.5824
40.5834
40.5843
40.5849
40.5852
40.5852
40.5849
40.5843
40.5834
40.5824
40.59
40.5913
40.5926
40.5935
40.5939
40.5939
40.5935
40.5926
40.5913
40.59
40.5969
40.5985
40.6001
40.601
40.6015
40.6015
40.601
40.6001
40.5985
40.5969
40.603
40.6047
40.6064
40.6074
40.6079
40.6079
40.6074
40.6064
40.6047
40.603
40.6082
40.6098
40.6114
40.6124
40.6129
40.6129
40.6124
40.6114
40.6098
40.6082
40.6122
40.6137
40.6153
40.6161
40.6165
40.6165
40.6161
40.6153
40.6137
40.6122
40.6152
40.6166
40.618
40.6187
40.619
40.619
40.6187
40.618
40.6166
40.6152
40.6179
40.6189
40.6199
40.6203
40.6205
40.6205
40.6203
40.6199
40.6189
40.6179
40.6221
40.6208
40.6207
40.6204
40.6203
40.6203
40.6204
40.6207
40.6208
40.6221
37.3434
37.3436
37.3437
37.3437
37.3437
37.3437
37.3437
37.3437
37.3436
37.3434
37.3459
37.3462
37.3465
37.3466
37.3467
37.3467
37.3466
37.3465
37.3462
37.3459
37.3491
37.3496
37.35
37.3503
37.3504
37.3504
37.3503
37.35
37.3496
37.3491
37.3524
37.353
37.3536
37.3539
37.3541
37.3541
37.3539
37.3536
37.353
37.3524
37.3555
37.3563
37.357
37.3574
37.3576
37.3576
37.3574
37.357
37.3563
37.3555
37.3585
37.3594
37.3601
37.3605
37.3607
37.3607
37.3605
37.3601
37.3594
37.3585
37.3612
37.3621
37.3629
37.3633
37.3635
37.3635
37.3633
37.3629
37.3621
37.3612
37.3637
37.3646
37.3653
37.3657
37.3659
37.3659
37.3657
37.3653
37.3646
37.3637
37.3661
37.3669
37.3675
37.3678
37.3679
37.3679
37.3678
37.3675
37.3669
37.3661
37.3691
37.369
37.3692
37.3692
37.3692
37.3692
37.3692
37.3692
37.369
37.3691
34.1004
34.1005
34.1006
34.1007
34.1007
34.1007
34.1007
34.1006
34.1005
34.1004
34.1012
34.1014
34.1015
34.1016
34.1017
34.1017
34.1016
34.1015
34.1014
34.1012
34.1023
34.1025
34.1028
34.1029
34.103
34.103
34.1029
34.1028
34.1025
34.1023
34.1035
34.1038
34.1041
34.1043
34.1044
34.1044
34.1043
34.1041
34.1038
34.1035
34.1047
34.1051
34.1055
34.1057
34.1058
34.1058
34.1057
34.1055
34.1051
34.1047
34.106
34.1064
34.1068
34.1071
34.1072
34.1072
34.1071
34.1068
34.1064
34.106
34.1072
34.1077
34.1081
34.1083
34.1085
34.1085
34.1083
34.1081
34.1077
34.1072
34.1083
34.1088
34.1092
34.1095
34.1096
34.1096
34.1095
34.1092
34.1088
34.1083
34.1093
34.1098
34.1102
34.1104
34.1105
34.1105
34.1104
34.1102
34.1098
34.1093
34.1107
34.1108
34.111
34.1111
34.1112
34.1112
34.1111
34.111
34.1108
34.1107
30.8562
30.8563
30.8563
30.8563
30.8563
30.8563
30.8563
30.8563
30.8563
30.8562
30.8565
30.8565
30.8565
30.8566
30.8566
30.8566
30.8566
30.8565
30.8565
30.8565
30.8568
30.8569
30.857
30.857
30.8571
30.8571
30.857
30.857
30.8569
30.8568
30.8573
30.8575
30.8576
30.8576
30.8577
30.8577
30.8576
30.8576
30.8575
30.8573
30.8579
30.8581
30.8582
30.8583
30.8583
30.8583
30.8583
30.8582
30.8581
30.8579
30.8585
30.8587
30.8589
30.859
30.8591
30.8591
30.859
30.8589
30.8587
30.8585
30.8592
30.8594
30.8596
30.8597
30.8598
30.8598
30.8597
30.8596
30.8594
30.8592
30.8598
30.8601
30.8603
30.8604
30.8605
30.8605
30.8604
30.8603
30.8601
30.8598
30.8605
30.8608
30.861
30.8611
30.8611
30.8611
30.8611
30.861
30.8608
30.8605
30.8612
30.8614
30.8616
30.8616
30.8617
30.8617
30.8616
30.8616
30.8614
30.8612
27.6094
27.6094
27.6094
27.6094
27.6094
27.6094
27.6094
27.6094
27.6094
27.6094
27.6094
27.6094
27.6094
27.6094
27.6094
27.6094
27.6094
27.6094
27.6094
27.6094
27.6095
27.6095
27.6095
27.6096
27.6096
27.6096
27.6096
27.6095
27.6095
27.6095
27.6096
27.6097
27.6097
27.6097
27.6098
27.6098
27.6097
27.6097
27.6097
27.6096
27.6098
27.6099
27.61
27.61
27.61
27.61
27.61
27.61
27.6099
27.6098
27.61
27.6101
27.6102
27.6103
27.6103
27.6103
27.6103
27.6102
27.6101
27.61
27.6103
27.6104
27.6105
27.6106
27.6106
27.6106
27.6106
27.6105
27.6104
27.6103
27.6106
27.6107
27.6108
27.6109
27.6109
27.6109
27.6109
27.6108
27.6107
27.6106
27.6108
27.611
27.6111
27.6111
27.6112
27.6112
27.6111
27.6111
27.611
27.6108
27.6111
27.6113
27.6113
27.6114
27.6114
27.6114
27.6114
27.6113
27.6113
27.6111
24.3619
24.3619
24.3619
24.3619
24.3619
24.3619
24.3619
24.3619
24.3619
24.3619
24.3619
24.3619
24.3619
24.3619
24.3619
24.3619
24.3619
24.3619
24.3619
24.3619
24.3619
24.3619
24.3619
24.3619
24.3619
24.3619
24.3619
24.3619
24.3619
24.3619
24.362
24.362
24.362
24.362
24.362
24.362
24.362
24.362
24.362
24.362
24.362
24.3621
24.3621
24.3621
24.3621
24.3621
24.3621
24.3621
24.3621
24.362
24.3621
24.3622
24.3622
24.3622
24.3622
24.3622
24.3622
24.3622
24.3622
24.3621
24.3623
24.3623
24.3624
24.3624
24.3624
24.3624
24.3624
24.3624
24.3623
24.3623
24.3624
24.3625
24.3625
24.3625
24.3625
24.3625
24.3625
24.3625
24.3625
24.3624
24.3625
24.3626
24.3627
24.3627
24.3627
24.3627
24.3627
24.3627
24.3626
24.3625
24.3627
24.3628
24.3628
24.3628
24.3628
24.3628
24.3628
24.3628
24.3628
24.3627
21.1139
21.1139
21.1139
21.1139
21.1139
21.1139
21.1139
21.1139
21.1139
21.1139
21.1139
21.1139
21.1139
21.1139
21.1139
21.1139
21.1139
21.1139
21.1139
21.1139
21.1138
21.1138
21.1138
21.1138
21.1138
21.1138
21.1138
21.1138
21.1138
21.1138
21.1138
21.1139
21.1139
21.1139
21.1139
21.1139
21.1139
21.1139
21.1139
21.1138
21.1139
21.1139
21.1139
21.1139
21.1139
21.1139
21.1139
21.1139
21.1139
21.1139
21.1139
21.1139
21.1139
21.1139
21.1139
21.1139
21.1139
21.1139
21.1139
21.1139
21.1139
21.114
21.114
21.114
21.114
21.114
21.114
21.114
21.114
21.1139
21.114
21.114
21.114
21.1141
21.1141
21.1141
21.1141
21.114
21.114
21.114
21.114
21.1141
21.1141
21.1141
21.1141
21.1141
21.1141
21.1141
21.1141
21.114
21.1141
21.1141
21.1142
21.1142
21.1142
21.1142
21.1142
21.1142
21.1141
21.1141
17.8657
17.8657
17.8657
17.8657
17.8657
17.8657
17.8657
17.8657
17.8657
17.8657
17.8657
17.8657
17.8657
17.8657
17.8657
17.8657
17.8657
17.8657
17.8657
17.8657
17.8657
17.8657
17.8657
17.8657
17.8657
17.8657
17.8657
17.8657
17.8657
17.8657
17.8657
17.8657
17.8657
17.8657
17.8657
17.8657
17.8657
17.8657
17.8657
17.8657
17.8657
17.8657
17.8657
17.8657
17.8657
17.8657
17.8657
17.8657
17.8657
17.8657
17.8657
17.8657
17.8657
17.8657
17.8657
17.8657
17.8657
17.8657
17.8657
17.8657
17.8657
17.8657
17.8657
17.8657
17.8657
17.8657
17.8657
17.8657
17.8657
17.8657
17.8657
17.8657
17.8658
17.8658
17.8658
17.8658
17.8658
17.8658
17.8657
17.8657
17.8658
17.8658
17.8658
17.8658
17.8658
17.8658
17.8658
17.8658
17.8658
17.8658
17.8658
17.8658
17.8658
17.8658
17.8658
17.8658
17.8658
17.8658
17.8658
17.8658
14.6174
14.6174
14.6174
14.6174
14.6174
14.6174
14.6174
14.6174
14.6174
14.6174
14.6174
14.6174
14.6174
14.6174
14.6174
14.6174
14.6174
14.6174
14.6174
14.6174
14.6174
14.6174
14.6174
14.6174
14.6174
14.6174
14.6174
14.6174
14.6174
14.6174
14.6174
14.6174
14.6174
14.6174
14.6174
14.6174
14.6174
14.6174
14.6174
14.6174
14.6174
14.6174
14.6174
14.6174
14.6174
14.6174
14.6174
14.6174
14.6174
14.6174
14.6174
14.6174
14.6174
14.6174
14.6174
14.6174
14.6174
14.6174
14.6174
14.6174
14.6174
14.6174
14.6174
14.6174
14.6174
14.6174
14.6174
14.6174
14.6174
14.6174
14.6174
14.6174
14.6174
14.6174
14.6174
14.6174
14.6174
14.6174
14.6174
14.6174
14.6174
14.6174
14.6174
14.6174
14.6174
14.6174
14.6174
14.6174
14.6174
14.6174
14.6174
14.6174
14.6174
14.6175
14.6175
14.6175
14.6175
14.6174
14.6174
14.6174
11.3691
11.3691
11.3691
11.3691
11.3691
11.3691
11.3691
11.3691
11.3691
11.3691
11.3691
11.3691
11.3691
11.3691
11.3691
11.3691
11.3691
11.3691
11.3691
11.3691
11.3691
11.3691
11.3691
11.3691
11.3691
11.3691
11.3691
11.3691
11.3691
11.3691
11.3691
11.3691
11.3691
11.3691
11.3691
11.3691
11.3691
11.3691
11.3691
11.3691
11.3691
11.3691
11.3691
11.3691
11.3691
11.3691
11.3691
11.3691
11.3691
11.3691
11.3691
11.3691
11.3691
11.3691
11.3691
11.3691
11.3691
11.3691
11.3691
11.3691
11.3691
11.3691
11.3691
11.3691
11.3691
11.3691
11.3691
11.3691
11.3691
11.3691
11.3691
11.3691
11.3691
11.3691
11.3691
11.3691
11.3691
11.3691
11.3691
11.3691
11.3691
11.3691
11.3691
11.3691
11.3691
11.3691
11.3691
11.3691
11.3691
11.3691
11.3691
11.3691
11.3691
11.3691
11.3691
11.3691
11.3691
11.3691
11.3691
11.3691
8.1208
8.1208
8.1208
8.1208
8.1208
8.1208
8.1208
8.1208
8.1208
8.1208
8.1208
8.1208
8.1208
8.1208
8.1208
8.1208
8.1208
8.1208
8.1208
8.1208
8.1208
8.1208
8.1208
8.1208
8.1208
8.1208
8.1208
8.1208
8.1208
8.1208
8.1208
8.1208
8.1208
8.1208
8.1208
8.1208
8.1208
8.1208
8.1208
8.1208
8.1208
8.1208
8.1208
8.1208
8.1208
8.1208
8.1208
8.1208
8.1208
8.1208
8.1208
8.1208
8.1208
8.1208
8.1208
8.1208
8.1208
8.1208
8.1208
8.1208
8.1208
8.1208
8.1208
8.1208
8.1208
8.1208
8.1208
8.1208
8.1208
8.1208
8.1208
8.1208
8.1208
8.1208
8.1208
8.1208
8.1208
8.1208
8.1208
8.1208
8.1208
8.1208
8.1208
8.1208
8.1208
8.1208
8.1208
8.1208
8.1208
8.1208
8.1208
8.1208
8.1208
8.1208
8.1208
8.1208
8.1208
8.1208
8.1208
8.1208
4.87248
4.87248
4.87248
4.87248
4.87248
4.87248
4.87248
4.87248
4.87248
4.87248
4.87248
4.87248
4.87248
4.87248
4.87248
4.87248
4.87248
4.87248
4.87248
4.87248
4.87248
4.87248
4.87248
4.87248
4.87248
4.87248
4.87248
4.87248
4.87248
4.87248
4.87248
4.87248
4.87248
4.87248
4.87248
4.87248
4.87248
4.87248
4.87248
4.87248
4.87248
4.87248
4.87248
4.87248
4.87248
4.87248
4.87248
4.87248
4.87248
4.87248
4.87248
4.87248
4.87248
4.87248
4.87248
4.87248
4.87248
4.87248
4.87248
4.87248
4.87248
4.87248
4.87248
4.87248
4.87248
4.87248
4.87248
4.87248
4.87248
4.87248
4.87248
4.87248
4.87248
4.87248
4.87248
4.87248
4.87248
4.87248
4.87248
4.87248
4.87248
4.87248
4.87248
4.87248
4.87248
4.87248
4.87248
4.87248
4.87248
4.87248
4.87248
4.87248
4.87248
4.87248
4.87248
4.87248
4.87248
4.87248
4.87248
4.87248
1.62416
1.62416
1.62416
1.62416
1.62416
1.62416
1.62416
1.62416
1.62416
1.62416
1.62416
1.62416
1.62416
1.62416
1.62416
1.62416
1.62416
1.62416
1.62416
1.62416
1.62416
1.62416
1.62416
1.62416
1.62416
1.62416
1.62416
1.62416
1.62416
1.62416
1.62416
1.62416
1.62416
1.62416
1.62416
1.62416
1.62416
1.62416
1.62416
1.62416
1.62416
1.62416
1.62416
1.62416
1.62416
1.62416
1.62416
1.62416
1.62416
1.62416
1.62416
1.62416
1.62416
1.62416
1.62416
1.62416
1.62416
1.62416
1.62416
1.62416
1.62416
1.62416
1.62416
1.62416
1.62416
1.62416
1.62416
1.62416
1.62416
1.62416
1.62416
1.62416
1.62416
1.62416
1.62416
1.62416
1.62416
1.62416
1.62416
1.62416
1.62416
1.62416
1.62416
1.62416
1.62416
1.62416
1.62416
1.62416
1.62416
1.62416
1.62416
1.62416
1.62416
1.62416
1.62416
1.62416
1.62416
1.62416
1.62416
1.62416
99.1305
98.5453
98.1778
97.9091
97.7698
97.7698
97.9091
98.1778
98.5453
99.1305
89.9436
89.0891
88.5264
88.1285
87.9236
87.9236
88.1285
88.5264
89.0891
89.9436
82.3163
81.333
80.6913
80.2443
80.0149
80.0149
80.2443
80.6913
81.333
82.3163
77.05
76.0399
75.3892
74.9425
74.7136
74.7136
74.9425
75.3892
76.0399
77.05
73.0985
72.0957
71.4529
71.0204
70.7989
70.7989
71.0204
71.4529
72.0957
73.0985
69.898
68.9226
68.2957
67.8843
67.674
67.674
67.8843
68.2958
68.9226
69.8981
67.2584
66.3312
65.73
65.3459
65.1504
65.1504
65.3459
65.73
66.3312
67.2584
65.0725
64.2171
63.6539
63.3027
63.1246
63.1246
63.3027
63.6539
64.2171
65.0725
63.2597
62.4924
61.98
61.6664
61.5077
61.5077
61.6664
61.98
62.4924
63.2597
61.8404
61.0732
60.6201
60.3445
60.2048
60.2048
60.3445
60.6201
61.0732
61.8404
62.9479
63.1217
63.3109
63.4384
63.5044
63.5044
63.4384
63.3109
63.1217
62.9479
63.3735
63.4687
63.5962
63.678
63.7199
63.7199
63.678
63.5962
63.4687
63.3735
63.3505
63.3476
63.4007
63.4292
63.4433
63.4433
63.4292
63.4007
63.3476
63.3505
62.9379
62.8443
62.8289
62.8104
62.8003
62.8003
62.8104
62.8289
62.8443
62.9379
62.3395
62.1715
62.0978
62.0416
62.012
62.012
62.0416
62.0978
62.1715
62.3395
61.6651
61.441
61.3203
61.2358
61.1917
61.1917
61.2358
61.3203
61.441
61.6652
60.97
60.7102
60.5553
60.4525
60.3992
60.3992
60.4525
60.5553
60.7102
60.9701
60.2859
60.0142
59.8409
59.7294
59.6719
59.6719
59.7294
59.8409
60.0142
60.2859
59.6487
59.3813
59.2015
59.0885
59.0299
59.0299
59.0885
59.2015
59.3813
59.6487
59.1624
58.8125
58.6277
58.5141
58.4549
58.4549
58.5141
58.6277
58.8125
59.1624
58.3138
58.2994
58.3012
58.2977
58.2961
58.2961
58.2977
58.3012
58.2994
58.3139
58.7276
58.7109
58.7121
58.7069
58.7043
58.7043
58.7069
58.7121
58.7109
58.7276
59.0702
59.035
59.0246
59.0097
59.0017
59.0017
59.0097
59.0246
59.035
59.0702
59.124
59.0553
59.0227
58.9917
58.9752
58.9752
58.9917
59.0227
59.0553
59.124
58.9794
58.8753
58.8183
58.7712
58.7463
58.7463
58.7712
58.8183
58.8753
58.9795
58.7316
58.5968
58.5173
58.4568
58.4249
58.4249
58.4568
58.5173
58.5968
58.7316
58.429
58.2718
58.1741
58.1041
58.0675
58.0675
58.1041
58.1741
58.2718
58.429
58.0988
57.9313
57.8222
57.7473
57.7082
57.7082
57.7473
57.8222
57.9313
58.0988
57.774
57.6039
57.4874
57.4102
57.3698
57.3698
57.4102
57.4874
57.6039
57.774
57.53
57.2954
57.1684
57.0874
57.0452
57.0452
57.0874
57.1684
57.2955
57.53
53.5785
53.5984
53.6235
53.6396
53.6481
53.6481
53.6396
53.6235
53.5984
53.5785
53.7902
53.8139
53.8431
53.8615
53.8713
53.8713
53.8616
53.8431
53.8139
53.7902
53.97
53.9914
54.0203
54.0379
54.0472
54.0472
54.0379
54.0203
53.9914
53.97
54.0567
54.0677
54.0898
54.102
54.1083
54.1083
54.102
54.0898
54.0677
54.0567
54.0714
54.068
54.0796
54.0843
54.0866
54.0866
54.0843
54.0796
54.068
54.0714
54.0377
54.0194
54.0195
54.0164
54.0147
54.0147
54.0164
54.0195
54.0194
54.0377
53.9692
53.9381
53.9274
53.9176
53.9123
53.9123
53.9176
53.9274
53.9381
53.9692
53.8758
53.8366
53.8176
53.8028
53.7947
53.7947
53.8028
53.8176
53.8366
53.8758
53.7756
53.7306
53.7034
53.6839
53.6733
53.6733
53.6839
53.7034
53.7306
53.7757
53.7141
53.6251
53.5839
53.5569
53.5427
53.5427
53.5569
53.5839
53.6251
53.7141
50.3473
50.3474
50.3494
50.3495
50.3497
50.3497
50.3496
50.3494
50.3474
50.3473
50.4465
50.4502
50.4555
50.4577
50.4589
50.4589
50.4577
50.4555
50.4502
50.4465
50.5478
50.553
50.5599
50.563
50.5646
50.5646
50.563
50.5599
50.553
50.5478
50.6167
50.6198
50.6257
50.6277
50.6286
50.6286
50.6277
50.6257
50.6198
50.6167
50.6553
50.6541
50.6571
50.6568
50.6564
50.6564
50.6568
50.6571
50.6541
50.6553
50.6705
50.6639
50.6631
50.6601
50.6583
50.6583
50.6601
50.6631
50.6639
50.6705
50.6673
50.6555
50.6507
50.645
50.6418
50.6418
50.645
50.6507
50.6555
50.6673
50.6498
50.6344
50.6261
50.6184
50.614
50.614
50.6184
50.6261
50.6344
50.6498
50.6275
50.6087
50.5961
50.586
50.5804
50.5804
50.586
50.5961
50.6087
50.6275
50.6222
50.5802
50.5595
50.5451
50.5375
50.5375
50.5451
50.5595
50.5802
50.6222
47.0182
47.0212
47.025
47.0272
47.0283
47.0283
47.0272
47.025
47.0212
47.0182
47.0595
47.0644
47.0697
47.073
47.0747
47.0747
47.073
47.0697
47.0644
47.0595
47.1016
47.1076
47.1142
47.1183
47.1204
47.1204
47.1183
47.1142
47.1076
47.1016
47.1334
47.1392
47.146
47.1501
47.1522
47.1522
47.1501
47.146
47.1392
47.1334
47.155
47.1596
47.1657
47.169
47.1708
47.1708
47.169
47.1657
47.1596
47.155
47.1678
47.1705
47.1753
47.1776
47.1787
47.1787
47.1776
47.1753
47.1705
47.1678
47.1727
47.1734
47.1766
47.1777
47.1782
47.1782
47.1777
47.1766
47.1734
47.1727
47.1711
47.1702
47.1717
47.1718
47.1717
47.1717
47.1718
47.1717
47.1702
47.1711
47.167
47.1643
47.1634
47.162
47.1611
47.1611
47.162
47.1634
47.1643
47.167
47.1712
47.1566
47.1508
47.1466
47.1443
47.1443
47.1466
47.1508
47.1566
47.1712
43.815
43.8155
43.8161
43.8162
43.8163
43.8163
43.8162
43.8161
43.8155
43.815
43.8324
43.8337
43.8351
43.8358
43.8361
43.8361
43.8358
43.8351
43.8337
43.8324
43.8522
43.8543
43.8564
43.8575
43.8581
43.8581
43.8575
43.8564
43.8543
43.8522
43.8693
43.8717
43.8742
43.8755
43.8761
43.8761
43.8755
43.8742
43.8717
43.8693
43.8832
43.8855
43.888
43.8892
43.8898
43.8898
43.8892
43.888
43.8855
43.8832
43.894
43.896
43.8982
43.8992
43.8996
43.8996
43.8992
43.8982
43.896
43.894
43.9019
43.9034
43.9052
43.9058
43.9061
43.9061
43.9058
43.9052
43.9034
43.9019
43.9073
43.9082
43.9096
43.9099
43.91
43.91
43.9099
43.9096
43.9082
43.9073
43.9118
43.9121
43.9125
43.9121
43.9119
43.9119
43.9121
43.9125
43.9121
43.9118
43.9199
43.9149
43.913
43.9114
43.9106
43.9106
43.9114
43.913
43.9149
43.9199
40.5757
40.5763
40.577
40.5773
40.5775
40.5775
40.5773
40.577
40.5763
40.5757
40.5824
40.5834
40.5843
40.5849
40.5852
40.5852
40.5849
40.5843
40.5834
40.5824
40.59
40.5913
40.5926
40.5935
40.5939
40.5939
40.5935
40.5926
40.5913
40.59
40.5969
40.5985
40.6001
40.601
40.6015
40.6015
40.601
40.6001
40.5985
40.5969
40.603
40.6047
40.6064
40.6074
40.6079
40.6079
40.6074
40.6064
40.6047
40.603
40.6082
40.6098
40.6114
40.6124
40.6129
40.6129
40.6124
40.6114
40.6098
40.6082
40.6122
40.6137
40.6153
40.6161
40.6165
40.6165
40.6161
40.6153
40.6137
40.6122
40.6152
40.6166
40.618
40.6187
40.619
40.619
40.6187
40.618
40.6166
40.6152
40.6179
40.6189
40.6199
40.6203
40.6205
40.6205
40.6203
40.6199
40.6189
40.6179
40.6221
40.6208
40.6207
40.6204
40.6203
40.6203
40.6204
40.6207
40.6208
40.6221
37.3434
37.3436
37.3437
37.3437
37.3437
37.3437
37.3437
37.3437
37.3436
37.3434
37.3459
37.3462
37.3465
37.3466
37.3467
37.3467
37.3466
37.3465
37.3462
37.3459
37.3491
37.3496
37.35
37.3503
37.3504
37.3504
37.3503
37.35
37.3496
37.3491
37.3524
37.353
37.3536
37.3539
37.3541
37.3541
37.3539
37.3536
37.353
37.3524
37.3555
37.3563
37.357
37.3574
37.3576
37.3576
37.3574
37.357
37.3563
37.3555
37.3585
37.3594
37.3601
37.3605
37.3607
37.3607
37.3605
37.3601
37.3594
37.3585
37.3612
37.3621
37.3629
37.3633
37.3635
37.3635
37.3633
37.3629
37.3621
37.3612
37.3637
37.3646
37.3653
37.3657
37.3659
37.3659
37.3657
37.3653
37.3646
37.3637
37.3661
37.3669
37.3675
37.3678
37.3679
37.3679
37.3678
37.3675
37.3669
37.3661
37.3691
37.369
37.3692
37.3692
37.3692
37.3692
37.3692
37.3692
37.369
37.3691
34.1004
34.1005
34.1006
34.1007
34.1007
34.1007
34.1007
34.1006
34.1005
34.1004
34.1012
34.1014
34.1015
34.1016
34.1017
34.1017
34.1016
34.1015
34.1014
34.1012
34.1023
34.1025
34.1028
34.1029
34.103
34.103
34.1029
34.1028
34.1025
34.1023
34.1035
34.1038
34.1041
34.1043
34.1044
34.1044
34.1043
34.1041
34.1038
34.1035
34.1047
34.1051
34.1055
34.1057
34.1058
34.1058
34.1057
34.1055
34.1051
34.1047
34.106
34.1064
34.1068
34.1071
34.1072
34.1072
34.1071
34.1068
34.1064
34.106
34.1072
34.1077
34.1081
34.1083
34.1085
34.1085
34.1083
34.1081
34.1077
34.1072
34.1083
34.1088
34.1092
34.1095
34.1096
34.1096
34.1095
34.1092
34.1088
34.1083
34.1093
34.1098
34.1102
34.1104
34.1105
34.1105
34.1104
34.1102
34.1098
34.1093
34.1107
34.1108
34.111
34.1111
34.1112
34.1112
34.1111
34.111
34.1108
34.1107
30.8562
30.8563
30.8563
30.8563
30.8563
30.8563
30.8563
30.8563
30.8563
30.8562
30.8565
30.8565
30.8565
30.8566
30.8566
30.8566
30.8566
30.8565
30.8565
30.8565
30.8568
30.8569
30.857
30.857
30.8571
30.8571
30.857
30.857
30.8569
30.8568
30.8573
30.8575
30.8576
30.8576
30.8577
30.8577
30.8576
30.8576
30.8575
30.8573
30.8579
30.8581
30.8582
30.8583
30.8583
30.8583
30.8583
30.8582
30.8581
30.8579
30.8585
30.8587
30.8589
30.859
30.8591
30.8591
30.859
30.8589
30.8587
30.8585
30.8592
30.8594
30.8596
30.8597
30.8598
30.8598
30.8597
30.8596
30.8594
30.8592
30.8598
30.8601
30.8603
30.8604
30.8605
30.8605
30.8604
30.8603
30.8601
30.8598
30.8605
30.8608
30.861
30.8611
30.8611
30.8611
30.8611
30.861
30.8608
30.8605
30.8612
30.8614
30.8616
30.8616
30.8617
30.8617
30.8616
30.8616
30.8614
30.8612
27.6094
27.6094
27.6094
27.6094
27.6094
27.6094
27.6094
27.6094
27.6094
27.6094
27.6094
27.6094
27.6094
27.6094
27.6094
27.6094
27.6094
27.6094
27.6094
27.6094
27.6095
27.6095
27.6095
27.6096
27.6096
27.6096
27.6096
27.6095
27.6095
27.6095
27.6096
27.6097
27.6097
27.6097
27.6098
27.6098
27.6097
27.6097
27.6097
27.6096
27.6098
27.6099
27.61
27.61
27.61
27.61
27.61
27.61
27.6099
27.6098
27.61
27.6101
27.6102
27.6103
27.6103
27.6103
27.6103
27.6102
27.6101
27.61
27.6103
27.6104
27.6105
27.6106
27.6106
27.6106
27.6106
27.6105
27.6104
27.6103
27.6106
27.6107
27.6108
27.6109
27.6109
27.6109
27.6109
27.6108
27.6107
27.6106
27.6108
27.611
27.6111
27.6111
27.6112
27.6112
27.6111
27.6111
27.611
27.6108
27.6111
27.6113
27.6113
27.6114
27.6114
27.6114
27.6114
27.6113
27.6113
27.6111
24.3619
24.3619
24.3619
24.3619
24.3619
24.3619
24.3619
24.3619
24.3619
24.3619
24.3619
24.3619
24.3619
24.3619
24.3619
24.3619
24.3619
24.3619
24.3619
24.3619
24.3619
24.3619
24.3619
24.3619
24.3619
24.3619
24.3619
24.3619
24.3619
24.3619
24.362
24.362
24.362
24.362
24.362
24.362
24.362
24.362
24.362
24.362
24.362
24.3621
24.3621
24.3621
24.3621
24.3621
24.3621
24.3621
24.3621
24.362
24.3621
24.3622
24.3622
24.3622
24.3622
24.3622
24.3622
24.3622
24.3622
24.3621
24.3623
24.3623
24.3624
24.3624
24.3624
24.3624
24.3624
24.3624
24.3623
24.3623
24.3624
24.3625
24.3625
24.3625
24.3625
24.3625
24.3625
24.3625
24.3625
24.3624
24.3625
24.3626
24.3627
24.3627
24.3627
24.3627
24.3627
24.3627
24.3626
24.3625
24.3627
24.3628
24.3628
24.3628
24.3628
24.3628
24.3628
24.3628
24.3628
24.3627
21.1139
21.1139
21.1139
21.1139
21.1139
21.1139
21.1139
21.1139
21.1139
21.1139
21.1139
21.1139
21.1139
21.1139
21.1139
21.1139
21.1139
21.1139
21.1139
21.1139
21.1138
21.1138
21.1138
21.1138
21.1138
21.1138
21.1138
21.1138
21.1138
21.1138
21.1138
21.1139
21.1139
21.1139
21.1139
21.1139
21.1139
21.1139
21.1139
21.1138
21.1139
21.1139
21.1139
21.1139
21.1139
21.1139
21.1139
21.1139
21.1139
21.1139
21.1139
21.1139
21.1139
21.1139
21.1139
21.1139
21.1139
21.1139
21.1139
21.1139
21.1139
21.114
21.114
21.114
21.114
21.114
21.114
21.114
21.114
21.1139
21.114
21.114
21.114
21.1141
21.1141
21.1141
21.1141
21.114
21.114
21.114
21.114
21.1141
21.1141
21.1141
21.1141
21.1141
21.1141
21.1141
21.1141
21.114
21.1141
21.1141
21.1142
21.1142
21.1142
21.1142
21.1142
21.1142
21.1141
21.1141
17.8657
17.8657
17.8657
17.8657
17.8657
17.8657
17.8657
17.8657
17.8657
17.8657
17.8657
17.8657
17.8657
17.8657
17.8657
17.8657
17.8657
17.8657
17.8657
17.8657
17.8657
17.8657
17.8657
17.8657
17.8657
17.8657
17.8657
17.8657
17.8657
17.8657
17.8657
17.8657
17.8657
17.8657
17.8657
17.8657
17.8657
17.8657
17.8657
17.8657
17.8657
17.8657
17.8657
17.8657
17.8657
17.8657
17.8657
17.8657
17.8657
17.8657
17.8657
17.8657
17.8657
17.8657
17.8657
17.8657
17.8657
17.8657
17.8657
17.8657
17.8657
17.8657
17.8657
17.8657
17.8657
17.8657
17.8657
17.8657
17.8657
17.8657
17.8657
17.8657
17.8658
17.8658
17.8658
17.8658
17.8658
17.8658
17.8657
17.8657
17.8658
17.8658
17.8658
17.8658
17.8658
17.8658
17.8658
17.8658
17.8658
17.8658
17.8658
17.8658
17.8658
17.8658
17.8658
17.8658
17.8658
17.8658
17.8658
17.8658
14.6174
14.6174
14.6174
14.6174
14.6174
14.6174
14.6174
14.6174
14.6174
14.6174
14.6174
14.6174
14.6174
14.6174
14.6174
14.6174
14.6174
14.6174
14.6174
14.6174
14.6174
14.6174
14.6174
14.6174
14.6174
14.6174
14.6174
14.6174
14.6174
14.6174
14.6174
14.6174
14.6174
14.6174
14.6174
14.6174
14.6174
14.6174
14.6174
14.6174
14.6174
14.6174
14.6174
14.6174
14.6174
14.6174
14.6174
14.6174
14.6174
14.6174
14.6174
14.6174
14.6174
14.6174
14.6174
14.6174
14.6174
14.6174
14.6174
14.6174
14.6174
14.6174
14.6174
14.6174
14.6174
14.6174
14.6174
14.6174
14.6174
14.6174
14.6174
14.6174
14.6174
14.6174
14.6174
14.6174
14.6174
14.6174
14.6174
14.6174
14.6174
14.6174
14.6174
14.6174
14.6174
14.6174
14.6174
14.6174
14.6174
14.6174
14.6174
14.6174
14.6174
14.6175
14.6175
14.6175
14.6174
14.6174
14.6174
14.6174
11.3691
11.3691
11.3691
11.3691
11.3691
11.3691
11.3691
11.3691
11.3691
11.3691
11.3691
11.3691
11.3691
11.3691
11.3691
11.3691
11.3691
11.3691
11.3691
11.3691
11.3691
11.3691
11.3691
11.3691
11.3691
11.3691
11.3691
11.3691
11.3691
11.3691
11.3691
11.3691
11.3691
11.3691
11.3691
11.3691
11.3691
11.3691
11.3691
11.3691
11.3691
11.3691
11.3691
11.3691
11.3691
11.3691
11.3691
11.3691
11.3691
11.3691
11.3691
11.3691
11.3691
11.3691
11.3691
11.3691
11.3691
11.3691
11.3691
11.3691
11.3691
11.3691
11.3691
11.3691
11.3691
11.3691
11.3691
11.3691
11.3691
11.3691
11.3691
11.3691
11.3691
11.3691
11.3691
11.3691
11.3691
11.3691
11.3691
11.3691
11.3691
11.3691
11.3691
11.3691
11.3691
11.3691
11.3691
11.3691
11.3691
11.3691
11.3691
11.3691
11.3691
11.3691
11.3691
11.3691
11.3691
11.3691
11.3691
11.3691
8.1208
8.1208
8.1208
8.1208
8.1208
8.1208
8.1208
8.1208
8.1208
8.1208
8.1208
8.1208
8.1208
8.1208
8.1208
8.1208
8.1208
8.1208
8.1208
8.1208
8.1208
8.1208
8.1208
8.1208
8.1208
8.1208
8.1208
8.1208
8.1208
8.1208
8.1208
8.1208
8.1208
8.1208
8.1208
8.1208
8.1208
8.1208
8.1208
8.1208
8.1208
8.1208
8.1208
8.1208
8.1208
8.1208
8.1208
8.1208
8.1208
8.1208
8.1208
8.1208
8.1208
8.1208
8.1208
8.1208
8.1208
8.1208
8.1208
8.1208
8.1208
8.1208
8.1208
8.1208
8.1208
8.1208
8.1208
8.1208
8.1208
8.1208
8.1208
8.1208
8.1208
8.1208
8.1208
8.1208
8.1208
8.1208
8.1208
8.1208
8.1208
8.1208
8.1208
8.1208
8.1208
8.1208
8.1208
8.1208
8.1208
8.1208
8.1208
8.1208
8.1208
8.1208
8.1208
8.1208
8.1208
8.1208
8.1208
8.1208
4.87248
4.87248
4.87248
4.87248
4.87248
4.87248
4.87248
4.87248
4.87248
4.87248
4.87248
4.87248
4.87248
4.87248
4.87248
4.87248
4.87248
4.87248
4.87248
4.87248
4.87248
4.87248
4.87248
4.87248
4.87248
4.87248
4.87248
4.87248
4.87248
4.87248
4.87248
4.87248
4.87248
4.87248
4.87248
4.87248
4.87248
4.87248
4.87248
4.87248
4.87248
4.87248
4.87248
4.87248
4.87248
4.87248
4.87248
4.87248
4.87248
4.87248
4.87248
4.87248
4.87248
4.87248
4.87248
4.87248
4.87248
4.87248
4.87248
4.87248
4.87248
4.87248
4.87248
4.87248
4.87248
4.87248
4.87248
4.87248
4.87248
4.87248
4.87248
4.87248
4.87248
4.87248
4.87248
4.87248
4.87248
4.87248
4.87248
4.87248
4.87248
4.87248
4.87248
4.87248
4.87248
4.87248
4.87248
4.87248
4.87248
4.87248
4.87248
4.87248
4.87248
4.87248
4.87248
4.87248
4.87248
4.87248
4.87248
4.87248
1.62416
1.62416
1.62416
1.62416
1.62416
1.62416
1.62416
1.62416
1.62416
1.62416
1.62416
1.62416
1.62416
1.62416
1.62416
1.62416
1.62416
1.62416
1.62416
1.62416
1.62416
1.62416
1.62416
1.62416
1.62416
1.62416
1.62416
1.62416
1.62416
1.62416
1.62416
1.62416
1.62416
1.62416
1.62416
1.62416
1.62416
1.62416
1.62416
1.62416
1.62416
1.62416
1.62416
1.62416
1.62416
1.62416
1.62416
1.62416
1.62416
1.62416
1.62416
1.62416
1.62416
1.62416
1.62416
1.62416
1.62416
1.62416
1.62416
1.62416
1.62416
1.62416
1.62416
1.62416
1.62416
1.62416
1.62416
1.62416
1.62416
1.62416
1.62416
1.62416
1.62416
1.62416
1.62416
1.62416
1.62416
1.62416
1.62416
1.62416
1.62416
1.62416
1.62416
1.62416
1.62416
1.62416
1.62416
1.62416
1.62416
1.62416
1.62416
1.62416
1.62416
1.62416
1.62415
1.62415
1.62416
1.62416
1.62416
1.62416
99.1305
98.5453
98.1778
97.9091
97.7698
97.7698
97.9091
98.1778
98.5453
99.1305
89.9436
89.0891
88.5264
88.1285
87.9236
87.9236
88.1285
88.5264
89.0891
89.9436
82.3163
81.333
80.6913
80.2443
80.0149
80.0149
80.2443
80.6913
81.333
82.3163
77.05
76.0399
75.3892
74.9425
74.7136
74.7136
74.9425
75.3892
76.0399
77.05
73.0985
72.0957
71.4529
71.0204
70.7989
70.7989
71.0204
71.4529
72.0957
73.0985
69.8981
68.9226
68.2958
67.8843
67.674
67.674
67.8843
68.2957
68.9226
69.898
67.2584
66.3312
65.73
65.3459
65.1504
65.1504
65.3459
65.73
66.3312
67.2584
65.0725
64.2171
63.6539
63.3027
63.1246
63.1246
63.3027
63.6539
64.2171
65.0725
63.2598
62.4924
61.98
61.6664
61.5077
61.5077
61.6664
61.98
62.4924
63.2597
61.8404
61.0732
60.6201
60.3445
60.2048
60.2048
60.3445
60.6201
61.0732
61.8404
62.9479
63.1217
63.3109
63.4384
63.5044
63.5044
63.4384
63.3109
63.1217
62.9479
63.3735
63.4687
63.5962
63.678
63.7199
63.7199
63.678
63.5962
63.4687
63.3735
63.3505
63.3477
63.4007
63.4292
63.4433
63.4433
63.4292
63.4007
63.3476
63.3505
62.9379
62.8443
62.8289
62.8104
62.8003
62.8003
62.8104
62.8289
62.8443
62.9379
62.3395
62.1715
62.0978
62.0416
62.012
62.012
62.0416
62.0978
62.1715
62.3395
61.6652
61.441
61.3203
61.2358
61.1917
61.1917
61.2358
61.3203
61.441
61.6651
60.9701
60.7102
60.5553
60.4525
60.3992
60.3992
60.4525
60.5553
60.7102
60.97
60.2859
60.0142
59.8409
59.7294
59.6719
59.6719
59.7294
59.8409
60.0142
60.2859
59.6487
59.3813
59.2015
59.0885
59.0299
59.0299
59.0885
59.2014
59.3813
59.6487
59.1624
58.8125
58.6277
58.5141
58.4549
58.4549
58.5141
58.6277
58.8125
59.1624
58.3139
58.2994
58.3012
58.2977
58.2961
58.2961
58.2977
58.3012
58.2994
58.3138
58.7276
58.7109
58.7121
58.7069
58.7043
58.7043
58.7069
58.7121
58.7109
58.7276
59.0702
59.035
59.0246
59.0097
59.0017
59.0017
59.0097
59.0246
59.035
59.0702
59.124
59.0553
59.0227
58.9917
58.9752
58.9752
58.9917
59.0227
59.0553
59.124
58.9795
58.8753
58.8183
58.7712
58.7463
58.7463
58.7712
58.8183
58.8753
58.9794
58.7316
58.5968
58.5173
58.4568
58.4249
58.4249
58.4568
58.5173
58.5968
58.7316
58.429
58.2718
58.1741
58.1041
58.0675
58.0675
58.1041
58.1741
58.2718
58.429
58.0988
57.9313
57.8222
57.7473
57.7082
57.7082
57.7473
57.8222
57.9313
58.0988
57.774
57.6039
57.4874
57.4102
57.3698
57.3698
57.4102
57.4874
57.6039
57.774
57.53
57.2955
57.1684
57.0874
57.0452
57.0452
57.0874
57.1684
57.2954
57.53
53.5785
53.5984
53.6235
53.6396
53.6481
53.6481
53.6396
53.6235
53.5984
53.5785
53.7902
53.8139
53.8431
53.8616
53.8713
53.8713
53.8615
53.8431
53.8139
53.7902
53.97
53.9914
54.0203
54.0379
54.0472
54.0472
54.0379
54.0203
53.9914
53.97
54.0567
54.0677
54.0898
54.102
54.1083
54.1083
54.102
54.0898
54.0677
54.0567
54.0714
54.068
54.0796
54.0843
54.0866
54.0866
54.0843
54.0796
54.068
54.0714
54.0377
54.0194
54.0195
54.0164
54.0147
54.0147
54.0164
54.0195
54.0194
54.0377
53.9692
53.9381
53.9274
53.9176
53.9123
53.9123
53.9176
53.9274
53.9381
53.9692
53.8758
53.8366
53.8176
53.8028
53.7947
53.7947
53.8028
53.8176
53.8366
53.8758
53.7757
53.7306
53.7034
53.6839
53.6733
53.6733
53.6839
53.7034
53.7306
53.7756
53.7141
53.6251
53.5839
53.5569
53.5427
53.5427
53.5569
53.5839
53.6251
53.7141
50.3473
50.3474
50.3494
50.3496
50.3497
50.3497
50.3495
50.3494
50.3474
50.3473
50.4465
50.4502
50.4555
50.4577
50.4589
50.4589
50.4577
50.4555
50.4502
50.4465
50.5478
50.553
50.5599
50.563
50.5646
50.5646
50.563
50.5599
50.553
50.5478
50.6167
50.6198
50.6257
50.6277
50.6286
50.6286
50.6277
50.6257
50.6198
50.6167
50.6553
50.6541
50.6571
50.6568
50.6564
50.6564
50.6568
50.6571
50.6541
50.6553
50.6705
50.6639
50.6631
50.6601
50.6583
50.6583
50.6601
50.6631
50.6639
50.6705
50.6673
50.6555
50.6507
50.645
50.6418
50.6418
50.645
50.6507
50.6555
50.6673
50.6498
50.6344
50.6261
50.6184
50.614
50.614
50.6184
50.6261
50.6344
50.6498
50.6275
50.6087
50.5961
50.586
50.5804
50.5804
50.586
50.5961
50.6087
50.6275
50.6222
50.5802
50.5595
50.5451
50.5375
50.5375
50.5451
50.5595
50.5802
50.6222
47.0182
47.0212
47.025
47.0272
47.0283
47.0283
47.0272
47.025
47.0212
47.0182
47.0595
47.0644
47.0697
47.073
47.0747
47.0747
47.073
47.0697
47.0644
47.0595
47.1016
47.1076
47.1142
47.1183
47.1204
47.1204
47.1183
47.1142
47.1076
47.1016
47.1334
47.1392
47.146
47.1501
47.1522
47.1522
47.1501
47.146
47.1392
47.1334
47.155
47.1596
47.1657
47.169
47.1708
47.1708
47.169
47.1657
47.1596
47.155
47.1678
47.1705
47.1753
47.1776
47.1787
47.1787
47.1776
47.1753
47.1705
47.1678
47.1727
47.1734
47.1766
47.1777
47.1782
47.1782
47.1777
47.1766
47.1734
47.1727
47.1711
47.1702
47.1717
47.1718
47.1717
47.1717
47.1718
47.1717
47.1702
47.1711
47.167
47.1643
47.1634
47.162
47.1611
47.1611
47.162
47.1634
47.1643
47.167
47.1712
47.1566
47.1508
47.1466
47.1443
47.1443
47.1466
47.1508
47.1566
47.1712
43.815
43.8155
43.8161
43.8162
43.8163
43.8163
43.8162
43.8161
43.8155
43.815
43.8324
43.8337
43.8351
43.8358
43.8361
43.8361
43.8358
43.8351
43.8337
43.8324
43.8522
43.8543
43.8564
43.8575
43.8581
43.8581
43.8575
43.8564
43.8543
43.8522
43.8693
43.8717
43.8742
43.8755
43.8761
43.8761
43.8755
43.8742
43.8717
43.8693
43.8832
43.8855
43.888
43.8892
43.8898
43.8898
43.8892
43.888
43.8855
43.8832
43.894
43.896
43.8982
43.8992
43.8996
43.8996
43.8992
43.8982
43.896
43.894
43.9019
43.9034
43.9052
43.9058
43.9061
43.9061
43.9058
43.9052
43.9034
43.9019
43.9073
43.9082
43.9096
43.9099
43.91
43.91
43.9099
43.9096
43.9082
43.9073
43.9118
43.9121
43.9125
43.9121
43.9119
43.9119
43.9121
43.9125
43.9121
43.9118
43.9199
43.9149
43.913
43.9114
43.9106
43.9106
43.9114
43.913
43.9149
43.9199
40.5757
40.5763
40.577
40.5773
40.5775
40.5775
40.5773
40.577
40.5763
40.5757
40.5824
40.5834
40.5843
40.5849
40.5852
40.5852
40.5849
40.5843
40.5834
40.5824
40.59
40.5913
40.5926
40.5935
40.5939
40.5939
40.5935
40.5926
40.5913
40.59
40.5969
40.5985
40.6001
40.601
40.6015
40.6015
40.601
40.6001
40.5985
40.5969
40.603
40.6047
40.6064
40.6074
40.6079
40.6079
40.6074
40.6064
40.6047
40.603
40.6082
40.6098
40.6114
40.6124
40.6129
40.6129
40.6124
40.6114
40.6098
40.6082
40.6122
40.6137
40.6153
40.6161
40.6165
40.6165
40.6161
40.6153
40.6137
40.6122
40.6152
40.6166
40.618
40.6187
40.619
40.619
40.6187
40.618
40.6166
40.6152
40.6179
40.6189
40.6199
40.6203
40.6205
40.6205
40.6203
40.6199
40.6189
40.6179
40.6221
40.6208
40.6207
40.6204
40.6203
40.6203
40.6204
40.6207
40.6208
40.6221
37.3434
37.3436
37.3437
37.3437
37.3437
37.3437
37.3437
37.3437
37.3436
37.3434
37.3459
37.3462
37.3465
37.3466
37.3467
37.3467
37.3466
37.3465
37.3462
37.3459
37.3491
37.3496
37.35
37.3503
37.3504
37.3504
37.3503
37.35
37.3496
37.3491
37.3524
37.353
37.3536
37.3539
37.3541
37.3541
37.3539
37.3536
37.353
37.3524
37.3555
37.3563
37.357
37.3574
37.3576
37.3576
37.3574
37.357
37.3563
37.3555
37.3585
37.3594
37.3601
37.3605
37.3607
37.3607
37.3605
37.3601
37.3594
37.3585
37.3612
37.3621
37.3629
37.3633
37.3635
37.3635
37.3633
37.3629
37.3621
37.3612
37.3637
37.3646
37.3653
37.3657
37.3659
37.3659
37.3657
37.3653
37.3646
37.3637
37.3661
37.3669
37.3675
37.3678
37.3679
37.3679
37.3678
37.3675
37.3669
37.3661
37.3691
37.369
37.3692
37.3692
37.3692
37.3692
37.3692
37.3692
37.369
37.3691
34.1004
34.1005
34.1006
34.1007
34.1007
34.1007
34.1007
34.1006
34.1005
34.1004
34.1012
34.1014
34.1015
34.1016
34.1017
34.1017
34.1016
34.1015
34.1014
34.1012
34.1023
34.1025
34.1028
34.1029
34.103
34.103
34.1029
34.1028
34.1025
34.1023
34.1035
34.1038
34.1041
34.1043
34.1044
34.1044
34.1043
34.1041
34.1038
34.1035
34.1047
34.1051
34.1055
34.1057
34.1058
34.1058
34.1057
34.1055
34.1051
34.1047
34.106
34.1064
34.1068
34.1071
34.1072
34.1072
34.1071
34.1068
34.1064
34.106
34.1072
34.1077
34.1081
34.1083
34.1085
34.1085
34.1083
34.1081
34.1077
34.1072
34.1083
34.1088
34.1092
34.1095
34.1096
34.1096
34.1095
34.1092
34.1088
34.1083
34.1093
34.1098
34.1102
34.1104
34.1105
34.1105
34.1104
34.1102
34.1098
34.1093
34.1107
34.1108
34.111
34.1111
34.1112
34.1112
34.1111
34.111
34.1108
34.1107
30.8562
30.8563
30.8563
30.8563
30.8563
30.8563
30.8563
30.8563
30.8563
30.8562
30.8565
30.8565
30.8565
30.8566
30.8566
30.8566
30.8566
30.8565
30.8565
30.8565
30.8568
30.8569
30.857
30.857
30.8571
30.8571
30.857
30.857
30.8569
30.8568
30.8573
30.8575
30.8576
30.8576
30.8577
30.8577
30.8576
30.8576
30.8575
30.8573
30.8579
30.8581
30.8582
30.8583
30.8583
30.8583
30.8583
30.8582
30.8581
30.8579
30.8585
30.8587
30.8589
30.859
30.8591
30.8591
30.859
30.8589
30.8587
30.8585
30.8592
30.8594
30.8596
30.8597
30.8598
30.8598
30.8597
30.8596
30.8594
30.8592
30.8598
30.8601
30.8603
30.8604
30.8605
30.8605
30.8604
30.8603
30.8601
30.8598
30.8605
30.8608
30.861
30.8611
30.8611
30.8611
30.8611
30.861
30.8608
30.8605
30.8612
30.8614
30.8616
30.8616
30.8617
30.8617
30.8616
30.8616
30.8614
30.8612
27.6094
27.6094
27.6094
27.6094
27.6094
27.6094
27.6094
27.6094
27.6094
27.6094
27.6094
27.6094
27.6094
27.6094
27.6094
27.6094
27.6094
27.6094
27.6094
27.6094
27.6095
27.6095
27.6095
27.6096
27.6096
27.6096
27.6096
27.6095
27.6095
27.6095
27.6096
27.6097
27.6097
27.6097
27.6098
27.6098
27.6097
27.6097
27.6097
27.6096
27.6098
27.6099
27.61
27.61
27.61
27.61
27.61
27.61
27.6099
27.6098
27.61
27.6101
27.6102
27.6103
27.6103
27.6103
27.6103
27.6102
27.6101
27.61
27.6103
27.6104
27.6105
27.6106
27.6106
27.6106
27.6106
27.6105
27.6104
27.6103
27.6106
27.6107
27.6108
27.6109
27.6109
27.6109
27.6109
27.6108
27.6107
27.6106
27.6108
27.611
27.6111
27.6111
27.6112
27.6112
27.6111
27.6111
27.611
27.6108
27.6111
27.6113
27.6113
27.6114
27.6114
27.6114
27.6114
27.6113
27.6113
27.6111
24.3619
24.3619
24.3619
24.3619
24.3619
24.3619
24.3619
24.3619
24.3619
24.3619
24.3619
24.3619
24.3619
24.3619
24.3619
24.3619
24.3619
24.3619
24.3619
24.3619
24.3619
24.3619
24.3619
24.3619
24.3619
24.3619
24.3619
24.3619
24.3619
24.3619
24.362
24.362
24.362
24.362
24.362
24.362
24.362
24.362
24.362
24.362
24.362
24.3621
24.3621
24.3621
24.3621
24.3621
24.3621
24.3621
24.3621
24.362
24.3621
24.3622
24.3622
24.3622
24.3622
24.3622
24.3622
24.3622
24.3622
24.3621
24.3623
24.3623
24.3624
24.3624
24.3624
24.3624
24.3624
24.3624
24.3623
24.3623
24.3624
24.3625
24.3625
24.3625
24.3625
24.3625
24.3625
24.3625
24.3625
24.3624
24.3625
24.3626
24.3627
24.3627
24.3627
24.3627
24.3627
24.3627
24.3626
24.3625
24.3627
24.3628
24.3628
24.3628
24.3628
24.3628
24.3628
24.3628
24.3628
24.3627
21.1139
21.1139
21.1139
21.1139
21.1139
21.1139
21.1139
21.1139
21.1139
21.1139
21.1139
21.1139
21.1139
21.1139
21.1139
21.1139
21.1139
21.1139
21.1139
21.1139
21.1138
21.1138
21.1138
21.1138
21.1138
21.1138
21.1138
21.1138
21.1138
21.1138
21.1138
21.1139
21.1139
21.1139
21.1139
21.1139
21.1139
21.1139
21.1139
21.1138
21.1139
21.1139
21.1139
21.1139
21.1139
21.1139
21.1139
21.1139
21.1139
21.1139
21.1139
21.1139
21.1139
21.1139
21.1139
21.1139
21.1139
21.1139
21.1139
21.1139
21.1139
21.114
21.114
21.114
21.114
21.114
21.114
21.114
21.114
21.1139
21.114
21.114
21.114
21.1141
21.1141
21.1141
21.1141
21.114
21.114
21.114
21.114
21.1141
21.1141
21.1141
21.1141
21.1141
21.1141
21.1141
21.1141
21.114
21.1141
21.1141
21.1142
21.1142
21.1142
21.1142
21.1142
21.1142
21.1141
21.1141
17.8657
17.8657
17.8657
17.8657
17.8657
17.8657
17.8657
17.8657
17.8657
17.8657
17.8657
17.8657
17.8657
17.8657
17.8657
17.8657
17.8657
17.8657
17.8657
17.8657
17.8657
17.8657
17.8657
17.8657
17.8657
17.8657
17.8657
17.8657
17.8657
17.8657
17.8657
17.8657
17.8657
17.8657
17.8657
17.8657
17.8657
17.8657
17.8657
17.8657
17.8657
17.8657
17.8657
17.8657
17.8657
17.8657
17.8657
17.8657
17.8657
17.8657
17.8657
17.8657
17.8657
17.8657
17.8657
17.8657
17.8657
17.8657
17.8657
17.8657
17.8657
17.8657
17.8657
17.8657
17.8657
17.8657
17.8657
17.8657
17.8657
17.8657
17.8657
17.8657
17.8658
17.8658
17.8658
17.8658
17.8658
17.8658
17.8657
17.8657
17.8658
17.8658
17.8658
17.8658
17.8658
17.8658
17.8658
17.8658
17.8658
17.8658
17.8658
17.8658
17.8658
17.8658
17.8658
17.8658
17.8658
17.8658
17.8658
17.8658
14.6174
14.6174
14.6174
14.6174
14.6174
14.6174
14.6174
14.6174
14.6174
14.6174
14.6174
14.6174
14.6174
14.6174
14.6174
14.6174
14.6174
14.6174
14.6174
14.6174
14.6174
14.6174
14.6174
14.6174
14.6174
14.6174
14.6174
14.6174
14.6174
14.6174
14.6174
14.6174
14.6174
14.6174
14.6174
14.6174
14.6174
14.6174
14.6174
14.6174
14.6174
14.6174
14.6174
14.6174
14.6174
14.6174
14.6174
14.6174
14.6174
14.6174
14.6174
14.6174
14.6174
14.6174
14.6174
14.6174
14.6174
14.6174
14.6174
14.6174
14.6174
14.6174
14.6174
14.6174
14.6174
14.6174
14.6174
14.6174
14.6174
14.6174
14.6174
14.6174
14.6174
14.6174
14.6174
14.6174
14.6174
14.6174
14.6174
14.6174
14.6174
14.6174
14.6174
14.6174
14.6174
14.6174
14.6174
14.6174
14.6174
14.6174
14.6174
14.6174
14.6174
14.6174
14.6175
14.6175
14.6175
14.6174
14.6174
14.6174
11.3691
11.3691
11.3691
11.3691
11.3691
11.3691
11.3691
11.3691
11.3691
11.3691
11.3691
11.3691
11.3691
11.3691
11.3691
11.3691
11.3691
11.3691
11.3691
11.3691
11.3691
11.3691
11.3691
11.3691
11.3691
11.3691
11.3691
11.3691
11.3691
11.3691
11.3691
11.3691
11.3691
11.3691
11.3691
11.3691
11.3691
11.3691
11.3691
11.3691
11.3691
11.3691
11.3691
11.3691
11.3691
11.3691
11.3691
11.3691
11.3691
11.3691
11.3691
11.3691
11.3691
11.3691
11.3691
11.3691
11.3691
11.3691
11.3691
11.3691
11.3691
11.3691
11.3691
11.3691
11.3691
11.3691
11.3691
11.3691
11.3691
11.3691
11.3691
11.3691
11.3691
11.3691
11.3691
11.3691
11.3691
11.3691
11.3691
11.3691
11.3691
11.3691
11.3691
11.3691
11.3691
11.3691
11.3691
11.3691
11.3691
11.3691
11.3691
11.3691
11.3691
11.3691
11.3691
11.3691
11.3691
11.3691
11.3691
11.3691
8.1208
8.1208
8.1208
8.1208
8.1208
8.1208
8.1208
8.1208
8.1208
8.1208
8.1208
8.1208
8.1208
8.1208
8.1208
8.1208
8.1208
8.1208
8.1208
8.1208
8.1208
8.1208
8.1208
8.1208
8.1208
8.1208
8.1208
8.1208
8.1208
8.1208
8.1208
8.1208
8.1208
8.1208
8.1208
8.1208
8.1208
8.1208
8.1208
8.1208
8.1208
8.1208
8.1208
8.1208
8.1208
8.1208
8.1208
8.1208
8.1208
8.1208
8.1208
8.1208
8.1208
8.1208
8.1208
8.1208
8.1208
8.1208
8.1208
8.1208
8.1208
8.1208
8.1208
8.1208
8.1208
8.1208
8.1208
8.1208
8.1208
8.1208
8.1208
8.1208
8.1208
8.1208
8.1208
8.1208
8.1208
8.1208
8.1208
8.1208
8.1208
8.1208
8.1208
8.1208
8.1208
8.1208
8.1208
8.1208
8.1208
8.1208
8.1208
8.1208
8.1208
8.1208
8.1208
8.1208
8.1208
8.1208
8.1208
8.1208
4.87248
4.87248
4.87248
4.87248
4.87248
4.87248
4.87248
4.87248
4.87248
4.87248
4.87248
4.87248
4.87248
4.87248
4.87248
4.87248
4.87248
4.87248
4.87248
4.87248
4.87248
4.87248
4.87248
4.87248
4.87248
4.87248
4.87248
4.87248
4.87248
4.87248
4.87248
4.87248
4.87248
4.87248
4.87248
4.87248
4.87248
4.87248
4.87248
4.87248
4.87248
4.87248
4.87248
4.87248
4.87248
4.87248
4.87248
4.87248
4.87248
4.87248
4.87248
4.87248
4.87248
4.87248
4.87248
4.87248
4.87248
4.87248
4.87248
4.87248
4.87248
4.87248
4.87248
4.87248
4.87248
4.87248
4.87248
4.87248
4.87248
4.87248
4.87248
4.87248
4.87248
4.87248
4.87248
4.87248
4.87248
4.87248
4.87248
4.87248
4.87248
4.87248
4.87248
4.87248
4.87248
4.87248
4.87248
4.87248
4.87248
4.87248
4.87248
4.87248
4.87248
4.87248
4.87248
4.87248
4.87248
4.87248
4.87248
4.87248
1.62416
1.62416
1.62416
1.62416
1.62416
1.62416
1.62416
1.62416
1.62416
1.62416
1.62416
1.62416
1.62416
1.62416
1.62416
1.62416
1.62416
1.62416
1.62416
1.62416
1.62416
1.62416
1.62416
1.62416
1.62416
1.62416
1.62416
1.62416
1.62416
1.62416
1.62416
1.62416
1.62416
1.62416
1.62416
1.62416
1.62416
1.62416
1.62416
1.62416
1.62416
1.62416
1.62416
1.62416
1.62416
1.62416
1.62416
1.62416
1.62416
1.62416
1.62416
1.62416
1.62416
1.62416
1.62416
1.62416
1.62416
1.62416
1.62416
1.62416
1.62416
1.62416
1.62416
1.62416
1.62416
1.62416
1.62416
1.62416
1.62416
1.62416
1.62416
1.62416
1.62416
1.62416
1.62416
1.62416
1.62416
1.62416
1.62416
1.62416
1.62416
1.62416
1.62416
1.62416
1.62416
1.62416
1.62416
1.62416
1.62416
1.62416
1.62416
1.62416
1.62416
1.62416
1.62415
1.62415
1.62416
1.62416
1.62416
1.62416
99.1305
98.5453
98.1778
97.9091
97.7698
97.7698
97.9091
98.1778
98.5453
99.1305
89.9436
89.0891
88.5264
88.1285
87.9236
87.9236
88.1285
88.5264
89.0891
89.9436
82.3163
81.333
80.6913
80.2442
80.0149
80.0149
80.2442
80.6913
81.333
82.3163
77.05
76.0399
75.3892
74.9425
74.7136
74.7136
74.9425
75.3892
76.0399
77.05
73.0985
72.0957
71.4529
71.0204
70.7989
70.7989
71.0204
71.4529
72.0957
73.0985
69.898
68.9226
68.2957
67.8843
67.674
67.674
67.8843
68.2957
68.9226
69.898
67.2584
66.3312
65.73
65.3459
65.1504
65.1504
65.3459
65.73
66.3312
67.2584
65.0725
64.2171
63.6539
63.3027
63.1246
63.1246
63.3027
63.6539
64.2171
65.0725
63.2597
62.4924
61.98
61.6664
61.5077
61.5077
61.6664
61.98
62.4924
63.2597
61.8404
61.0732
60.6201
60.3445
60.2048
60.2048
60.3445
60.6201
61.0732
61.8404
62.9479
63.1217
63.3109
63.4384
63.5044
63.5044
63.4384
63.3109
63.1217
62.9479
63.3735
63.4687
63.5962
63.678
63.7199
63.7199
63.678
63.5962
63.4687
63.3735
63.3505
63.3476
63.4007
63.4292
63.4433
63.4433
63.4292
63.4007
63.3476
63.3505
62.9379
62.8443
62.8289
62.8104
62.8003
62.8003
62.8104
62.8289
62.8443
62.9378
62.3395
62.1715
62.0978
62.0416
62.012
62.012
62.0416
62.0978
62.1715
62.3395
61.6651
61.441
61.3203
61.2358
61.1917
61.1917
61.2358
61.3203
61.441
61.6651
60.97
60.7102
60.5553
60.4524
60.3992
60.3992
60.4524
60.5553
60.7102
60.97
60.2859
60.0142
59.8409
59.7294
59.6718
59.6718
59.7294
59.8409
60.0142
60.2859
59.6487
59.3813
59.2014
59.0885
59.0299
59.0299
59.0885
59.2014
59.3813
59.6487
59.1624
58.8125
58.6277
58.5141
58.4549
58.4549
58.5141
58.6277
58.8125
59.1624
58.3138
58.2994
58.3012
58.2977
58.2961
58.2961
58.2977
58.3012
58.2994
58.3138
58.7276
58.7109
58.7121
58.7069
58.7043
58.7043
58.7069
58.7121
58.7109
58.7276
59.0702
59.035
59.0246
59.0097
59.0017
59.0017
59.0097
59.0246
59.035
59.0702
59.124
59.0553
59.0227
58.9917
58.9752
58.9752
58.9917
59.0227
59.0553
59.124
58.9794
58.8753
58.8183
58.7712
58.7463
58.7463
58.7712
58.8183
58.8753
58.9794
58.7316
58.5968
58.5172
58.4568
58.4249
58.4249
58.4568
58.5172
58.5968
58.7316
58.429
58.2718
58.1741
58.1041
58.0675
58.0675
58.1041
58.1741
58.2718
58.429
58.0988
57.9313
57.8222
57.7473
57.7082
57.7082
57.7473
57.8222
57.9313
58.0988
57.774
57.6039
57.4874
57.4102
57.3698
57.3698
57.4102
57.4874
57.6039
57.774
57.53
57.2954
57.1684
57.0873
57.0452
57.0452
57.0873
57.1684
57.2954
57.53
53.5785
53.5984
53.6235
53.6396
53.6481
53.6481
53.6396
53.6235
53.5984
53.5785
53.7902
53.8139
53.8431
53.8615
53.8713
53.8713
53.8615
53.8431
53.8139
53.7902
53.97
53.9914
54.0203
54.0379
54.0472
54.0472
54.0379
54.0203
53.9914
53.97
54.0567
54.0677
54.0898
54.102
54.1083
54.1083
54.102
54.0898
54.0677
54.0567
54.0714
54.068
54.0796
54.0843
54.0866
54.0866
54.0843
54.0796
54.068
54.0714
54.0377
54.0194
54.0195
54.0164
54.0147
54.0147
54.0164
54.0195
54.0194
54.0377
53.9692
53.9381
53.9274
53.9176
53.9123
53.9123
53.9176
53.9274
53.9381
53.9692
53.8758
53.8366
53.8176
53.8028
53.7947
53.7947
53.8028
53.8176
53.8366
53.8758
53.7756
53.7306
53.7034
53.6839
53.6733
53.6733
53.6839
53.7034
53.7306
53.7756
53.7141
53.6251
53.5839
53.5569
53.5427
53.5427
53.5569
53.5839
53.625
53.7141
50.3473
50.3474
50.3494
50.3495
50.3497
50.3497
50.3495
50.3494
50.3474
50.3473
50.4465
50.4502
50.4555
50.4577
50.4589
50.4589
50.4577
50.4555
50.4502
50.4465
50.5478
50.553
50.5599
50.563
50.5646
50.5646
50.563
50.5599
50.553
50.5478
50.6167
50.6198
50.6257
50.6277
50.6286
50.6286
50.6277
50.6257
50.6198
50.6167
50.6553
50.6541
50.6571
50.6568
50.6564
50.6564
50.6568
50.6571
50.6541
50.6553
50.6705
50.6639
50.6631
50.6601
50.6583
50.6583
50.6601
50.6631
50.6639
50.6705
50.6673
50.6555
50.6507
50.645
50.6418
50.6418
50.645
50.6507
50.6555
50.6673
50.6498
50.6343
50.6261
50.6184
50.614
50.614
50.6184
50.6261
50.6343
50.6498
50.6275
50.6087
50.5961
50.586
50.5804
50.5804
50.586
50.5961
50.6087
50.6275
50.6222
50.5802
50.5595
50.5451
50.5375
50.5375
50.5451
50.5595
50.5802
50.6222
47.0182
47.0212
47.025
47.0272
47.0283
47.0283
47.0272
47.025
47.0212
47.0182
47.0595
47.0644
47.0697
47.073
47.0747
47.0747
47.073
47.0697
47.0644
47.0595
47.1016
47.1076
47.1142
47.1183
47.1204
47.1204
47.1183
47.1142
47.1076
47.1016
47.1334
47.1392
47.146
47.1501
47.1522
47.1522
47.1501
47.146
47.1392
47.1334
47.155
47.1596
47.1657
47.169
47.1708
47.1708
47.169
47.1657
47.1596
47.155
47.1678
47.1705
47.1753
47.1776
47.1787
47.1787
47.1776
47.1753
47.1705
47.1678
47.1727
47.1734
47.1766
47.1777
47.1782
47.1782
47.1777
47.1766
47.1734
47.1727
47.1711
47.1702
47.1717
47.1718
47.1717
47.1717
47.1718
47.1717
47.1702
47.1711
47.167
47.1643
47.1634
47.162
47.1611
47.1611
47.162
47.1634
47.1643
47.167
47.1712
47.1566
47.1508
47.1466
47.1443
47.1443
47.1466
47.1508
47.1566
47.1712
43.815
43.8155
43.8161
43.8162
43.8163
43.8163
43.8162
43.8161
43.8155
43.815
43.8324
43.8337
43.8351
43.8358
43.8361
43.8361
43.8358
43.8351
43.8337
43.8324
43.8522
43.8543
43.8564
43.8575
43.8581
43.8581
43.8575
43.8564
43.8543
43.8522
43.8693
43.8717
43.8742
43.8755
43.8761
43.8761
43.8755
43.8742
43.8717
43.8693
43.8832
43.8855
43.888
43.8892
43.8898
43.8898
43.8892
43.888
43.8855
43.8832
43.894
43.896
43.8982
43.8992
43.8996
43.8996
43.8992
43.8982
43.896
43.894
43.9019
43.9034
43.9052
43.9058
43.9061
43.9061
43.9058
43.9052
43.9034
43.9019
43.9073
43.9082
43.9096
43.9099
43.91
43.91
43.9099
43.9096
43.9082
43.9073
43.9118
43.9121
43.9125
43.9121
43.9119
43.9119
43.9121
43.9125
43.9121
43.9118
43.9199
43.9149
43.913
43.9114
43.9106
43.9106
43.9114
43.913
43.9149
43.9199
40.5757
40.5763
40.577
40.5773
40.5775
40.5775
40.5773
40.577
40.5763
40.5757
40.5824
40.5834
40.5843
40.5849
40.5852
40.5852
40.5849
40.5843
40.5834
40.5824
40.59
40.5913
40.5926
40.5935
40.5939
40.5939
40.5935
40.5926
40.5913
40.59
40.5969
40.5985
40.6001
40.601
40.6015
40.6015
40.601
40.6001
40.5985
40.5969
40.603
40.6047
40.6064
40.6074
40.6079
40.6079
40.6074
40.6064
40.6047
40.603
40.6082
40.6098
40.6114
40.6124
40.6129
40.6129
40.6124
40.6114
40.6098
40.6082
40.6122
40.6137
40.6153
40.6161
40.6165
40.6165
40.6161
40.6153
40.6137
40.6122
40.6152
40.6166
40.618
40.6187
40.619
40.619
40.6187
40.618
40.6166
40.6152
40.6179
40.6189
40.6199
40.6203
40.6205
40.6205
40.6203
40.6199
40.6189
40.6179
40.6221
40.6208
40.6207
40.6204
40.6203
40.6203
40.6204
40.6207
40.6208
40.6221
37.3434
37.3436
37.3437
37.3437
37.3437
37.3437
37.3437
37.3437
37.3436
37.3434
37.3459
37.3462
37.3465
37.3466
37.3467
37.3467
37.3466
37.3465
37.3462
37.3459
37.3491
37.3496
37.35
37.3503
37.3504
37.3504
37.3503
37.35
37.3496
37.3491
37.3524
37.353
37.3536
37.3539
37.3541
37.3541
37.3539
37.3536
37.353
37.3524
37.3555
37.3563
37.357
37.3574
37.3576
37.3576
37.3574
37.357
37.3563
37.3555
37.3585
37.3594
37.3601
37.3605
37.3607
37.3607
37.3605
37.3601
37.3594
37.3585
37.3612
37.3621
37.3629
37.3633
37.3635
37.3635
37.3633
37.3629
37.3621
37.3612
37.3637
37.3646
37.3653
37.3657
37.3659
37.3659
37.3657
37.3653
37.3646
37.3637
37.3661
37.3669
37.3675
37.3678
37.3679
37.3679
37.3678
37.3675
37.3669
37.3661
37.3691
37.369
37.3692
37.3692
37.3692
37.3692
37.3692
37.3692
37.369
37.3691
34.1004
34.1005
34.1006
34.1007
34.1007
34.1007
34.1007
34.1006
34.1005
34.1004
34.1012
34.1014
34.1015
34.1016
34.1017
34.1017
34.1016
34.1015
34.1014
34.1012
34.1023
34.1025
34.1028
34.1029
34.103
34.103
34.1029
34.1028
34.1025
34.1023
34.1035
34.1038
34.1041
34.1043
34.1044
34.1044
34.1043
34.1041
34.1038
34.1035
34.1047
34.1051
34.1055
34.1057
34.1058
34.1058
34.1057
34.1055
34.1051
34.1047
34.106
34.1064
34.1068
34.1071
34.1072
34.1072
34.1071
34.1068
34.1064
34.106
34.1072
34.1077
34.1081
34.1083
34.1085
34.1085
34.1083
34.1081
34.1077
34.1072
34.1083
34.1088
34.1092
34.1095
34.1096
34.1096
34.1095
34.1092
34.1088
34.1083
34.1093
34.1098
34.1102
34.1104
34.1105
34.1105
34.1104
34.1102
34.1098
34.1093
34.1107
34.1108
34.111
34.1111
34.1112
34.1112
34.1111
34.111
34.1108
34.1107
30.8562
30.8563
30.8563
30.8563
30.8563
30.8563
30.8563
30.8563
30.8563
30.8562
30.8565
30.8565
30.8565
30.8566
30.8566
30.8566
30.8566
30.8565
30.8565
30.8565
30.8568
30.8569
30.857
30.857
30.8571
30.8571
30.857
30.857
30.8569
30.8568
30.8573
30.8575
30.8576
30.8576
30.8577
30.8577
30.8576
30.8576
30.8575
30.8573
30.8579
30.8581
30.8582
30.8583
30.8583
30.8583
30.8583
30.8582
30.8581
30.8579
30.8585
30.8587
30.8589
30.859
30.8591
30.8591
30.859
30.8589
30.8587
30.8585
30.8592
30.8594
30.8596
30.8597
30.8598
30.8598
30.8597
30.8596
30.8594
30.8592
30.8598
30.8601
30.8603
30.8604
30.8605
30.8605
30.8604
30.8603
30.8601
30.8598
30.8605
30.8608
30.861
30.8611
30.8611
30.8611
30.8611
30.861
30.8608
30.8605
30.8612
30.8614
30.8616
30.8616
30.8617
30.8617
30.8616
30.8616
30.8614
30.8612
27.6094
27.6094
27.6094
27.6094
27.6094
27.6094
27.6094
27.6094
27.6094
27.6094
27.6094
27.6094
27.6094
27.6094
27.6094
27.6094
27.6094
27.6094
27.6094
27.6094
27.6095
27.6095
27.6095
27.6096
27.6096
27.6096
27.6096
27.6095
27.6095
27.6095
27.6096
27.6097
27.6097
27.6097
27.6098
27.6098
27.6097
27.6097
27.6097
27.6096
27.6098
27.6099
27.61
27.61
27.61
27.61
27.61
27.61
27.6099
27.6098
27.61
27.6101
27.6102
27.6103
27.6103
27.6103
27.6103
27.6102
27.6101
27.61
27.6103
27.6104
27.6105
27.6106
27.6106
27.6106
27.6106
27.6105
27.6104
27.6103
27.6106
27.6107
27.6108
27.6109
27.6109
27.6109
27.6109
27.6108
27.6107
27.6106
27.6108
27.611
27.6111
27.6111
27.6112
27.6112
27.6111
27.6111
27.611
27.6108
27.6111
27.6113
27.6113
27.6114
27.6114
27.6114
27.6114
27.6113
27.6113
27.6111
24.3619
24.3619
24.3619
24.3619
24.3619
24.3619
24.3619
24.3619
24.3619
24.3619
24.3619
24.3619
24.3619
24.3619
24.3619
24.3619
24.3619
24.3619
24.3619
24.3619
24.3619
24.3619
24.3619
24.3619
24.3619
24.3619
24.3619
24.3619
24.3619
24.3619
24.362
24.362
24.362
24.362
24.362
24.362
24.362
24.362
24.362
24.362
24.362
24.3621
24.3621
24.3621
24.3621
24.3621
24.3621
24.3621
24.3621
24.362
24.3621
24.3622
24.3622
24.3622
24.3622
24.3622
24.3622
24.3622
24.3622
24.3621
24.3623
24.3623
24.3624
24.3624
24.3624
24.3624
24.3624
24.3624
24.3623
24.3623
24.3624
24.3625
24.3625
24.3625
24.3625
24.3625
24.3625
24.3625
24.3625
24.3624
24.3625
24.3626
24.3627
24.3627
24.3627
24.3627
24.3627
24.3627
24.3626
24.3625
24.3627
24.3628
24.3628
24.3628
24.3628
24.3628
24.3628
24.3628
24.3628
24.3627
21.1139
21.1139
21.1139
21.1139
21.1139
21.1139
21.1139
21.1139
21.1139
21.1139
21.1139
21.1139
21.1139
21.1139
21.1139
21.1139
21.1139
21.1139
21.1139
21.1139
21.1138
21.1138
21.1138
21.1138
21.1138
21.1138
21.1138
21.1138
21.1138
21.1138
21.1138
21.1139
21.1139
21.1139
21.1139
21.1139
21.1139
21.1139
21.1139
21.1138
21.1139
21.1139
21.1139
21.1139
21.1139
21.1139
21.1139
21.1139
21.1139
21.1139
21.1139
21.1139
21.1139
21.1139
21.1139
21.1139
21.1139
21.1139
21.1139
21.1139
21.1139
21.114
21.114
21.114
21.114
21.114
21.114
21.114
21.114
21.1139
21.114
21.114
21.114
21.1141
21.1141
21.1141
21.1141
21.114
21.114
21.114
21.114
21.1141
21.1141
21.1141
21.1141
21.1141
21.1141
21.1141
21.1141
21.114
21.1141
21.1141
21.1142
21.1142
21.1142
21.1142
21.1142
21.1142
21.1141
21.1141
17.8657
17.8657
17.8657
17.8657
17.8657
17.8657
17.8657
17.8657
17.8657
17.8657
17.8657
17.8657
17.8657
17.8657
17.8657
17.8657
17.8657
17.8657
17.8657
17.8657
17.8657
17.8657
17.8657
17.8657
17.8657
17.8657
17.8657
17.8657
17.8657
17.8657
17.8657
17.8657
17.8657
17.8657
17.8657
17.8657
17.8657
17.8657
17.8657
17.8657
17.8657
17.8657
17.8657
17.8657
17.8657
17.8657
17.8657
17.8657
17.8657
17.8657
17.8657
17.8657
17.8657
17.8657
17.8657
17.8657
17.8657
17.8657
17.8657
17.8657
17.8657
17.8657
17.8657
17.8657
17.8657
17.8657
17.8657
17.8657
17.8657
17.8657
17.8657
17.8657
17.8658
17.8658
17.8658
17.8658
17.8658
17.8658
17.8657
17.8657
17.8658
17.8658
17.8658
17.8658
17.8658
17.8658
17.8658
17.8658
17.8658
17.8658
17.8658
17.8658
17.8658
17.8658
17.8658
17.8658
17.8658
17.8658
17.8658
17.8658
14.6174
14.6174
14.6174
14.6174
14.6174
14.6174
14.6174
14.6174
14.6174
14.6174
14.6174
14.6174
14.6174
14.6174
14.6174
14.6174
14.6174
14.6174
14.6174
14.6174
14.6174
14.6174
14.6174
14.6174
14.6174
14.6174
14.6174
14.6174
14.6174
14.6174
14.6174
14.6174
14.6174
14.6174
14.6174
14.6174
14.6174
14.6174
14.6174
14.6174
14.6174
14.6174
14.6174
14.6174
14.6174
14.6174
14.6174
14.6174
14.6174
14.6174
14.6174
14.6174
14.6174
14.6174
14.6174
14.6174
14.6174
14.6174
14.6174
14.6174
14.6174
14.6174
14.6174
14.6174
14.6174
14.6174
14.6174
14.6174
14.6174
14.6174
14.6174
14.6174
14.6174
14.6174
14.6174
14.6174
14.6174
14.6174
14.6174
14.6174
14.6174
14.6174
14.6174
14.6174
14.6174
14.6174
14.6174
14.6174
14.6174
14.6174
14.6174
14.6174
14.6174
14.6175
14.6175
14.6175
14.6175
14.6174
14.6174
14.6174
11.3691
11.3691
11.3691
11.3691
11.3691
11.3691
11.3691
11.3691
11.3691
11.3691
11.3691
11.3691
11.3691
11.3691
11.3691
11.3691
11.3691
11.3691
11.3691
11.3691
11.3691
11.3691
11.3691
11.3691
11.3691
11.3691
11.3691
11.3691
11.3691
11.3691
11.3691
11.3691
11.3691
11.3691
11.3691
11.3691
11.3691
11.3691
11.3691
11.3691
11.3691
11.3691
11.3691
11.3691
11.3691
11.3691
11.3691
11.3691
11.3691
11.3691
11.3691
11.3691
11.3691
11.3691
11.3691
11.3691
11.3691
11.3691
11.3691
11.3691
11.3691
11.3691
11.3691
11.3691
11.3691
11.3691
11.3691
11.3691
11.3691
11.3691
11.3691
11.3691
11.3691
11.3691
11.3691
11.3691
11.3691
11.3691
11.3691
11.3691
11.3691
11.3691
11.3691
11.3691
11.3691
11.3691
11.3691
11.3691
11.3691
11.3691
11.3691
11.3691
11.3691
11.3691
11.3691
11.3691
11.3691
11.3691
11.3691
11.3691
8.1208
8.1208
8.1208
8.1208
8.1208
8.1208
8.1208
8.1208
8.1208
8.1208
8.1208
8.1208
8.1208
8.1208
8.1208
8.1208
8.1208
8.1208
8.1208
8.1208
8.1208
8.1208
8.1208
8.1208
8.1208
8.1208
8.1208
8.1208
8.1208
8.1208
8.1208
8.1208
8.1208
8.1208
8.1208
8.1208
8.1208
8.1208
8.1208
8.1208
8.1208
8.1208
8.1208
8.1208
8.1208
8.1208
8.1208
8.1208
8.1208
8.1208
8.1208
8.1208
8.1208
8.1208
8.1208
8.1208
8.1208
8.1208
8.1208
8.1208
8.1208
8.1208
8.1208
8.1208
8.1208
8.1208
8.1208
8.1208
8.1208
8.1208
8.1208
8.1208
8.1208
8.1208
8.1208
8.1208
8.1208
8.1208
8.1208
8.1208
8.1208
8.1208
8.1208
8.1208
8.1208
8.1208
8.1208
8.1208
8.1208
8.1208
8.1208
8.1208
8.1208
8.1208
8.1208
8.1208
8.1208
8.1208
8.1208
8.1208
4.87248
4.87248
4.87248
4.87248
4.87248
4.87248
4.87248
4.87248
4.87248
4.87248
4.87248
4.87248
4.87248
4.87248
4.87248
4.87248
4.87248
4.87248
4.87248
4.87248
4.87248
4.87248
4.87248
4.87248
4.87248
4.87248
4.87248
4.87248
4.87248
4.87248
4.87248
4.87248
4.87248
4.87248
4.87248
4.87248
4.87248
4.87248
4.87248
4.87248
4.87248
4.87248
4.87248
4.87248
4.87248
4.87248
4.87248
4.87248
4.87248
4.87248
4.87248
4.87248
4.87248
4.87248
4.87248
4.87248
4.87248
4.87248
4.87248
4.87248
4.87248
4.87248
4.87248
4.87248
4.87248
4.87248
4.87248
4.87248
4.87248
4.87248
4.87248
4.87248
4.87248
4.87248
4.87248
4.87248
4.87248
4.87248
4.87248
4.87248
4.87248
4.87248
4.87248
4.87248
4.87248
4.87248
4.87248
4.87248
4.87248
4.87248
4.87248
4.87248
4.87248
4.87248
4.87248
4.87248
4.87248
4.87248
4.87248
4.87248
1.62416
1.62416
1.62416
1.62416
1.62416
1.62416
1.62416
1.62416
1.62416
1.62416
1.62416
1.62416
1.62416
1.62416
1.62416
1.62416
1.62416
1.62416
1.62416
1.62416
1.62416
1.62416
1.62416
1.62416
1.62416
1.62416
1.62416
1.62416
1.62416
1.62416
1.62416
1.62416
1.62416
1.62416
1.62416
1.62416
1.62416
1.62416
1.62416
1.62416
1.62416
1.62416
1.62416
1.62416
1.62416
1.62416
1.62416
1.62416
1.62416
1.62416
1.62416
1.62416
1.62416
1.62416
1.62416
1.62416
1.62416
1.62416
1.62416
1.62416
1.62416
1.62416
1.62416
1.62416
1.62416
1.62416
1.62416
1.62416
1.62416
1.62416
1.62416
1.62416
1.62416
1.62416
1.62416
1.62416
1.62416
1.62416
1.62416
1.62416
1.62416
1.62416
1.62416
1.62416
1.62416
1.62416
1.62416
1.62416
1.62416
1.62416
1.62416
1.62416
1.62416
1.62416
1.62416
1.62416
1.62416
1.62416
1.62416
1.62416
60.8236
60.1328
59.6948
59.4159
59.2775
59.2775
59.4159
59.6948
60.1328
60.8236
60.1328
59.5424
59.0971
58.7999
58.6524
58.6524
58.7999
59.0971
59.5424
60.1328
59.6948
59.0971
58.6325
58.3227
58.1698
58.1698
58.3227
58.6325
59.0971
59.6948
59.4159
58.7999
58.3227
58.0069
57.8515
57.8515
58.007
58.3227
58.7999
59.4159
59.2775
58.6524
58.1698
57.8515
57.695
57.695
57.8515
58.1698
58.6524
59.2775
59.2775
58.6524
58.1698
57.8515
57.695
57.695
57.8515
58.1698
58.6524
59.2775
59.4159
58.7999
58.3227
58.007
57.8515
57.8515
58.007
58.3227
58.7999
59.4159
59.6948
59.0971
58.6325
58.3227
58.1698
58.1698
58.3227
58.6325
59.0971
59.6948
60.1328
59.5424
59.0971
58.7999
58.6524
58.6524
58.7999
59.0971
59.5424
60.1328
60.8236
60.1328
59.6948
59.4159
59.2775
59.2775
59.4159
59.6948
60.1328
60.8236
58.6411
58.3625
58.1963
58.0869
58.0312
58.0312
58.0869
58.1963
58.3625
58.6411
58.3625
58.1415
57.9534
57.8223
57.7567
57.7567
57.8223
57.9534
58.1415
58.3625
58.1963
57.9534
57.742
57.5969
57.5252
57.5252
57.5969
57.742
57.9534
58.1963
58.0869
57.8223
57.5969
57.4445
57.3695
57.3695
57.4445
57.5969
57.8223
58.0869
58.0312
57.7567
57.5252
57.3695
57.2929
57.2929
57.3695
57.5253
57.7567
58.0312
58.0312
57.7567
57.5252
57.3695
57.2929
57.2929
57.3695
57.5253
57.7567
58.0312
58.0869
57.8223
57.5969
57.4445
57.3695
57.3695
57.4445
57.5969
57.8223
58.0869
58.1963
57.9534
57.742
57.5969
57.5253
57.5253
57.5969
57.742
57.9534
58.1963
58.3625
58.1415
57.9534
57.8223
57.7567
57.7567
57.8223
57.9534
58.1415
58.3625
58.6411
58.3625
58.1963
58.0869
58.0312
58.0312
58.0869
58.1963
58.3625
58.6411
57.1401
56.9879
56.8939
56.8285
56.7948
56.7948
56.8285
56.8939
56.9879
57.1401
56.9879
56.8668
56.7526
56.6698
56.6281
56.6281
56.6698
56.7526
56.8668
56.9879
56.8939
56.7526
56.6193
56.5259
56.4795
56.4795
56.5259
56.6193
56.7526
56.8939
56.8285
56.6698
56.5259
56.4271
56.3784
56.3784
56.4271
56.5259
56.6699
56.8285
56.7948
56.6281
56.4795
56.3784
56.3285
56.3285
56.3784
56.4795
56.6281
56.7948
56.7948
56.6281
56.4795
56.3784
56.3285
56.3285
56.3784
56.4795
56.6281
56.7948
56.8285
56.6698
56.5259
56.4271
56.3784
56.3784
56.4271
56.5259
56.6699
56.8285
56.8939
56.7526
56.6193
56.5259
56.4795
56.4795
56.5259
56.6193
56.7526
56.8939
56.9879
56.8668
56.7526
56.6699
56.6281
56.6281
56.6699
56.7526
56.8668
56.9879
57.1401
56.9879
56.8939
56.8285
56.7948
56.7948
56.8285
56.8939
56.9879
57.1401
53.5172
53.4821
53.4626
53.4467
53.4382
53.4382
53.4467
53.4626
53.4821
53.5172
53.4821
53.4564
53.4213
53.3935
53.3794
53.3794
53.3935
53.4213
53.4564
53.4821
53.4626
53.4213
53.374
53.3397
53.3228
53.3228
53.3397
53.374
53.4213
53.4626
53.4467
53.3935
53.3397
53.3022
53.2839
53.2839
53.3022
53.3397
53.3935
53.4467
53.4382
53.3794
53.3228
53.2839
53.2647
53.2647
53.2839
53.3228
53.3795
53.4382
53.4382
53.3794
53.3228
53.2839
53.2647
53.2647
53.2839
53.3228
53.3795
53.4382
53.4467
53.3935
53.3397
53.3022
53.2839
53.2839
53.3022
53.3397
53.3935
53.4467
53.4626
53.4213
53.374
53.3397
53.3228
53.3228
53.3397
53.374
53.4213
53.4626
53.4821
53.4564
53.4213
53.3935
53.3795
53.3795
53.3935
53.4213
53.4564
53.4821
53.5172
53.4821
53.4626
53.4467
53.4382
53.4382
53.4467
53.4626
53.4821
53.5172
50.5195
50.5125
50.5083
50.5033
50.5005
50.5005
50.5033
50.5083
50.5125
50.5195
50.5125
50.509
50.4965
50.4855
50.4798
50.4798
50.4855
50.4965
50.509
50.5125
50.5083
50.4965
50.4778
50.4634
50.4563
50.4563
50.4634
50.4778
50.4965
50.5083
50.5033
50.4855
50.4634
50.4476
50.4397
50.4397
50.4476
50.4634
50.4855
50.5033
50.5005
50.4798
50.4563
50.4397
50.4316
50.4316
50.4397
50.4563
50.4798
50.5005
50.5005
50.4798
50.4563
50.4397
50.4316
50.4316
50.4397
50.4563
50.4798
50.5005
50.5033
50.4855
50.4634
50.4476
50.4397
50.4397
50.4476
50.4634
50.4855
50.5033
50.5083
50.4965
50.4778
50.4634
50.4563
50.4563
50.4634
50.4778
50.4965
50.5083
50.5125
50.509
50.4965
50.4855
50.4798
50.4798
50.4855
50.4965
50.509
50.5125
50.5195
50.5125
50.5083
50.5033
50.5005
50.5005
50.5033
50.5083
50.5125
50.5195
47.1223
47.1256
47.1282
47.1287
47.1289
47.1289
47.1287
47.1282
47.1256
47.1223
47.1256
47.1292
47.127
47.1243
47.1229
47.1229
47.1243
47.127
47.1292
47.1256
47.1282
47.127
47.1216
47.1172
47.115
47.115
47.1172
47.1216
47.127
47.1282
47.1287
47.1243
47.1172
47.112
47.1095
47.1095
47.112
47.1172
47.1243
47.1287
47.1289
47.1229
47.115
47.1095
47.1068
47.1068
47.1095
47.115
47.1229
47.1289
47.1289
47.1229
47.115
47.1095
47.1068
47.1068
47.1095
47.115
47.1229
47.1289
47.1287
47.1243
47.1172
47.112
47.1095
47.1095
47.112
47.1172
47.1243
47.1287
47.1282
47.127
47.1216
47.1172
47.115
47.115
47.1172
47.1216
47.127
47.1282
47.1256
47.1292
47.127
47.1243
47.1229
47.1229
47.1243
47.127
47.1292
47.1256
47.1223
47.1256
47.1282
47.1287
47.1289
47.1289
47.1287
47.1282
47.1256
47.1223
43.8996
43.9038
43.9066
43.9078
43.9084
43.9084
43.9078
43.9066
43.9038
43.8996
43.9038
43.9081
43.9089
43.9088
43.9087
43.9087
43.9088
43.9089
43.9081
43.9038
43.9066
43.9089
43.9083
43.9076
43.9072
43.9072
43.9076
43.9083
43.9089
43.9066
43.9078
43.9088
43.9076
43.9066
43.9061
43.9061
43.9066
43.9076
43.9088
43.9078
43.9084
43.9087
43.9072
43.9061
43.9056
43.9056
43.9061
43.9072
43.9087
43.9084
43.9084
43.9087
43.9072
43.9061
43.9056
43.9056
43.9061
43.9072
43.9087
43.9084
43.9078
43.9088
43.9076
43.9066
43.9061
43.9061
43.9066
43.9076
43.9088
43.9078
43.9066
43.9089
43.9083
43.9076
43.9072
43.9072
43.9076
43.9084
43.9089
43.9066
43.9038
43.9081
43.9089
43.9088
43.9087
43.9087
43.9088
43.9089
43.9081
43.9038
43.8996
43.9038
43.9066
43.9078
43.9084
43.9084
43.9078
43.9066
43.9038
43.8996
40.6135
40.6162
40.6181
40.6191
40.6195
40.6195
40.6191
40.6181
40.6162
40.6135
40.6162
40.6188
40.6197
40.62
40.6202
40.6202
40.62
40.6197
40.6188
40.6162
40.6181
40.6197
40.62
40.62
40.6201
40.6201
40.62
40.62
40.6197
40.6181
40.6191
40.62
40.62
40.62
40.62
40.62
40.62
40.62
40.62
40.6191
40.6195
40.6202
40.6201
40.62
40.6199
40.6199
40.62
40.6201
40.6202
40.6195
40.6195
40.6202
40.6201
40.62
40.6199
40.6199
40.62
40.6201
40.6202
40.6195
40.6191
40.62
40.62
40.62
40.62
40.62
40.62
40.62
40.62
40.6191
40.6181
40.6197
40.62
40.62
40.6201
40.6201
40.62
40.62
40.6197
40.6181
40.6162
40.6188
40.6197
40.62
40.6202
40.6202
40.62
40.6197
40.6188
40.6162
40.6135
40.6162
40.6181
40.6191
40.6195
40.6195
40.6191
40.6181
40.6162
40.6135
37.3662
37.3679
37.3691
37.3697
37.3701
37.3701
37.3697
37.3691
37.3679
37.3662
37.3679
37.3696
37.3704
37.3708
37.3711
37.3711
37.3708
37.3704
37.3696
37.3679
37.3691
37.3704
37.371
37.3714
37.3716
37.3716
37.3714
37.371
37.3704
37.3691
37.3697
37.3708
37.3714
37.3717
37.3719
37.3719
37.3717
37.3714
37.3708
37.3697
37.3701
37.3711
37.3716
37.3719
37.3721
37.3721
37.3719
37.3716
37.3711
37.3701
37.3701
37.3711
37.3716
37.3719
37.3721
37.3721
37.3719
37.3716
37.3711
37.3701
37.3697
37.3708
37.3714
37.3717
37.3719
37.3719
37.3717
37.3714
37.3708
37.3697
37.3691
37.3704
37.371
37.3714
37.3716
37.3716
37.3714
37.371
37.3704
37.3691
37.3679
37.3696
37.3704
37.3708
37.3711
37.3711
37.3708
37.3704
37.3696
37.3679
37.3662
37.3679
37.3691
37.3697
37.3701
37.3701
37.3697
37.3691
37.3679
37.3662
34.1097
34.1105
34.1111
34.1114
34.1116
34.1116
34.1114
34.1111
34.1105
34.1097
34.1105
34.1113
34.1117
34.112
34.1121
34.1121
34.112
34.1117
34.1113
34.1105
34.1111
34.1117
34.1121
34.1123
34.1124
34.1124
34.1123
34.1121
34.1117
34.1111
34.1114
34.112
34.1123
34.1125
34.1126
34.1126
34.1125
34.1123
34.112
34.1114
34.1116
34.1121
34.1124
34.1126
34.1127
34.1127
34.1126
34.1124
34.1121
34.1116
34.1116
34.1121
34.1124
34.1126
34.1127
34.1127
34.1126
34.1124
34.1121
34.1116
34.1114
34.112
34.1123
34.1125
34.1126
34.1126
34.1125
34.1123
34.112
34.1114
34.1111
34.1117
34.1121
34.1123
34.1124
34.1124
34.1123
34.1121
34.1117
34.1111
34.1105
34.1113
34.1117
34.112
34.1121
34.1121
34.112
34.1117
34.1113
34.1105
34.1097
34.1105
34.1111
34.1114
34.1116
34.1116
34.1114
34.1111
34.1105
34.1097
30.8611
30.8615
30.8618
30.862
30.8621
30.8621
30.862
30.8618
30.8615
30.8611
30.8615
30.8619
30.8622
30.8624
30.8624
30.8624
30.8624
30.8622
30.8619
30.8615
30.8618
30.8622
30.8624
30.8626
30.8627
30.8627
30.8626
30.8624
30.8622
30.8618
30.862
30.8624
30.8626
30.8628
30.8628
30.8628
30.8628
30.8626
30.8624
30.862
30.8621
30.8624
30.8627
30.8628
30.8629
30.8629
30.8628
30.8627
30.8624
30.8621
30.8621
30.8624
30.8627
30.8628
30.8629
30.8629
30.8628
30.8627
30.8624
30.8621
30.862
30.8624
30.8626
30.8628
30.8628
30.8628
30.8628
30.8626
30.8624
30.862
30.8618
30.8622
30.8624
30.8626
30.8627
30.8627
30.8626
30.8624
30.8622
30.8618
30.8615
30.8619
30.8622
30.8624
30.8624
30.8624
30.8624
30.8622
30.8619
30.8615
30.8611
30.8615
30.8618
30.862
30.8621
30.8621
30.862
30.8618
30.8615
30.8611
27.6111
27.6113
27.6115
27.6115
27.6116
27.6116
27.6115
27.6115
27.6113
27.6111
27.6113
27.6115
27.6116
27.6117
27.6117
27.6117
27.6117
27.6116
27.6115
27.6113
27.6115
27.6116
27.6117
27.6118
27.6119
27.6119
27.6118
27.6117
27.6116
27.6115
27.6115
27.6117
27.6118
27.6119
27.6119
27.6119
27.6119
27.6118
27.6117
27.6115
27.6116
27.6117
27.6119
27.6119
27.612
27.612
27.6119
27.6119
27.6117
27.6116
27.6116
27.6117
27.6119
27.6119
27.612
27.612
27.6119
27.6119
27.6117
27.6116
27.6115
27.6117
27.6118
27.6119
27.6119
27.6119
27.6119
27.6118
27.6117
27.6115
27.6115
27.6116
27.6117
27.6118
27.6119
27.6119
27.6118
27.6117
27.6116
27.6115
27.6113
27.6115
27.6116
27.6117
27.6117
27.6117
27.6117
27.6116
27.6115
27.6113
27.6111
27.6113
27.6115
27.6115
27.6116
27.6116
27.6115
27.6115
27.6113
27.6111
24.3628
24.3628
24.3629
24.3629
24.363
24.363
24.3629
24.3629
24.3628
24.3628
24.3628
24.3629
24.363
24.363
24.363
24.363
24.363
24.363
24.3629
24.3628
24.3629
24.363
24.363
24.3631
24.3631
24.3631
24.3631
24.363
24.363
24.3629
24.3629
24.363
24.3631
24.3631
24.3632
24.3632
24.3631
24.3631
24.363
24.3629
24.363
24.363
24.3631
24.3632
24.3632
24.3632
24.3632
24.3631
24.363
24.363
24.363
24.363
24.3631
24.3632
24.3632
24.3632
24.3632
24.3631
24.363
24.363
24.3629
24.363
24.3631
24.3631
24.3632
24.3632
24.3631
24.3631
24.363
24.3629
24.3629
24.363
24.363
24.3631
24.3631
24.3631
24.3631
24.363
24.363
24.3629
24.3628
24.3629
24.363
24.363
24.363
24.363
24.363
24.363
24.3629
24.3628
24.3628
24.3628
24.3629
24.3629
24.363
24.363
24.3629
24.3629
24.3628
24.3628
21.1141
21.1142
21.1142
21.1142
21.1142
21.1142
21.1142
21.1142
21.1142
21.1141
21.1142
21.1142
21.1142
21.1143
21.1143
21.1143
21.1143
21.1142
21.1142
21.1142
21.1142
21.1142
21.1143
21.1143
21.1143
21.1143
21.1143
21.1143
21.1142
21.1142
21.1142
21.1143
21.1143
21.1143
21.1143
21.1143
21.1143
21.1143
21.1143
21.1142
21.1142
21.1143
21.1143
21.1143
21.1143
21.1143
21.1143
21.1143
21.1143
21.1142
21.1142
21.1143
21.1143
21.1143
21.1143
21.1143
21.1143
21.1143
21.1143
21.1142
21.1142
21.1143
21.1143
21.1143
21.1143
21.1143
21.1143
21.1143
21.1143
21.1142
21.1142
21.1142
21.1143
21.1143
21.1143
21.1143
21.1143
21.1143
21.1142
21.1142
21.1142
21.1142
21.1142
21.1143
21.1143
21.1143
21.1143
21.1142
21.1142
21.1142
21.1141
21.1142
21.1142
21.1142
21.1142
21.1142
21.1142
21.1142
21.1142
21.1141
17.8658
17.8658
17.8658
17.8658
17.8658
17.8658
17.8658
17.8658
17.8658
17.8658
17.8658
17.8658
17.8659
17.8659
17.8659
17.8659
17.8659
17.8659
17.8658
17.8658
17.8658
17.8659
17.8659
17.8659
17.8659
17.8659
17.8659
17.8659
17.8659
17.8658
17.8658
17.8659
17.8659
17.8659
17.8659
17.8659
17.8659
17.8659
17.8659
17.8658
17.8658
17.8659
17.8659
17.8659
17.8659
17.8659
17.8659
17.8659
17.8659
17.8658
17.8658
17.8659
17.8659
17.8659
17.8659
17.8659
17.8659
17.8659
17.8659
17.8658
17.8658
17.8659
17.8659
17.8659
17.8659
17.8659
17.8659
17.8659
17.8659
17.8658
17.8658
17.8659
17.8659
17.8659
17.8659
17.8659
17.8659
17.8659
17.8659
17.8658
17.8658
17.8658
17.8659
17.8659
17.8659
17.8659
17.8659
17.8659
17.8658
17.8658
17.8658
17.8658
17.8658
17.8658
17.8658
17.8658
17.8658
17.8658
17.8658
17.8658
14.6174
14.6175
14.6175
14.6175
14.6175
14.6175
14.6175
14.6175
14.6175
14.6174
14.6175
14.6175
14.6175
14.6175
14.6175
14.6175
14.6175
14.6175
14.6175
14.6175
14.6175
14.6175
14.6175
14.6175
14.6175
14.6175
14.6175
14.6175
14.6175
14.6175
14.6175
14.6175
14.6175
14.6175
14.6175
14.6175
14.6175
14.6175
14.6175
14.6175
14.6175
14.6175
14.6175
14.6175
14.6175
14.6175
14.6175
14.6175
14.6175
14.6175
14.6175
14.6175
14.6175
14.6175
14.6175
14.6175
14.6175
14.6175
14.6175
14.6175
14.6175
14.6175
14.6175
14.6175
14.6175
14.6175
14.6175
14.6175
14.6175
14.6175
14.6175
14.6175
14.6175
14.6175
14.6175
14.6175
14.6175
14.6175
14.6175
14.6175
14.6175
14.6175
14.6175
14.6175
14.6175
14.6175
14.6175
14.6175
14.6175
14.6175
14.6174
14.6175
14.6175
14.6175
14.6175
14.6175
14.6175
14.6175
14.6175
14.6174
11.3691
11.3691
11.3691
11.3691
11.3691
11.3691
11.3691
11.3691
11.3691
11.3691
11.3691
11.3691
11.3691
11.3691
11.3691
11.3691
11.3691
11.3691
11.3691
11.3691
11.3691
11.3691
11.3691
11.3691
11.3691
11.3691
11.3691
11.3691
11.3691
11.3691
11.3691
11.3691
11.3691
11.3691
11.3691
11.3691
11.3691
11.3691
11.3691
11.3691
11.3691
11.3691
11.3691
11.3691
11.3691
11.3691
11.3691
11.3691
11.3691
11.3691
11.3691
11.3691
11.3691
11.3691
11.3691
11.3691
11.3691
11.3691
11.3691
11.3691
11.3691
11.3691
11.3691
11.3691
11.3691
11.3691
11.3691
11.3691
11.3691
11.3691
11.3691
11.3691
11.3691
11.3691
11.3691
11.3691
11.3691
11.3691
11.3691
11.3691
11.3691
11.3691
11.3691
11.3691
11.3691
11.3691
11.3691
11.3691
11.3691
11.3691
11.3691
11.3691
11.3691
11.3691
11.3691
11.3691
11.3691
11.3691
11.3691
11.3691
8.1208
8.1208
8.1208
8.1208
8.1208
8.1208
8.1208
8.1208
8.1208
8.1208
8.1208
8.1208
8.1208
8.1208
8.1208
8.1208
8.1208
8.1208
8.1208
8.1208
8.1208
8.1208
8.1208
8.1208
8.1208
8.1208
8.1208
8.1208
8.1208
8.1208
8.1208
8.1208
8.1208
8.1208
8.1208
8.1208
8.1208
8.1208
8.1208
8.1208
8.1208
8.1208
8.1208
8.1208
8.1208
8.1208
8.1208
8.1208
8.1208
8.1208
8.1208
8.1208
8.1208
8.1208
8.1208
8.1208
8.1208
8.1208
8.1208
8.1208
8.1208
8.1208
8.1208
8.1208
8.1208
8.1208
8.1208
8.1208
8.1208
8.1208
8.1208
8.1208
8.1208
8.1208
8.1208
8.1208
8.1208
8.1208
8.1208
8.1208
8.1208
8.1208
8.1208
8.1208
8.1208
8.1208
8.1208
8.1208
8.1208
8.1208
8.1208
8.1208
8.1208
8.1208
8.1208
8.1208
8.1208
8.1208
8.1208
8.1208
4.87248
4.87248
4.87248
4.87248
4.87248
4.87248
4.87248
4.87248
4.87248
4.87248
4.87248
4.87248
4.87248
4.87248
4.87248
4.87248
4.87248
4.87248
4.87248
4.87248
4.87248
4.87248
4.87248
4.87248
4.87248
4.87248
4.87248
4.87248
4.87248
4.87248
4.87248
4.87248
4.87248
4.87248
4.87248
4.87248
4.87248
4.87248
4.87248
4.87248
4.87248
4.87248
4.87248
4.87248
4.87248
4.87248
4.87248
4.87248
4.87248
4.87248
4.87248
4.87248
4.87248
4.87248
4.87248
4.87248
4.87248
4.87248
4.87248
4.87248
4.87248
4.87248
4.87248
4.87248
4.87248
4.87248
4.87248
4.87248
4.87248
4.87248
4.87248
4.87248
4.87248
4.87248
4.87248
4.87248
4.87248
4.87248
4.87248
4.87248
4.87248
4.87248
4.87248
4.87248
4.87248
4.87248
4.87248
4.87248
4.87248
4.87248
4.87248
4.87248
4.87248
4.87248
4.87248
4.87248
4.87248
4.87248
4.87248
4.87248
1.62416
1.62415
1.62415
1.62415
1.62415
1.62415
1.62415
1.62415
1.62415
1.62416
1.62415
1.62415
1.62415
1.62415
1.62415
1.62415
1.62415
1.62415
1.62415
1.62415
1.62415
1.62415
1.62415
1.62415
1.62415
1.62415
1.62415
1.62415
1.62415
1.62415
1.62415
1.62415
1.62415
1.62415
1.62415
1.62415
1.62415
1.62415
1.62415
1.62415
1.62415
1.62415
1.62415
1.62415
1.62415
1.62415
1.62415
1.62415
1.62415
1.62415
1.62415
1.62415
1.62415
1.62415
1.62415
1.62415
1.62415
1.62415
1.62415
1.62415
1.62415
1.62415
1.62415
1.62415
1.62415
1.62415
1.62415
1.62415
1.62415
1.62415
1.62415
1.62415
1.62415
1.62415
1.62415
1.62415
1.62415
1.62415
1.62415
1.62415
1.62415
1.62415
1.62415
1.62415
1.62415
1.62415
1.62415
1.62415
1.62415
1.62415
1.62416
1.62415
1.62415
1.62415
1.62415
1.62415
1.62415
1.62415
1.62415
1.62416
)
;

boundaryField
{
    fixedWalls
    {
        type            zeroGradient;
    }
    inlet
    {
        type            fixedGradient;
        gradient        uniform 0;
    }
    outlet
    {
        type            fixedValue;
        value           uniform 0;
    }
}


// ************************************************************************* //
