/*--------------------------------*- C++ -*----------------------------------*\
| =========                 |                                                 |
| \\      /  F ield         | OpenFOAM: The Open Source CFD Toolbox           |
|  \\    /   O peration     | Version:  2106                                  |
|   \\  /    A nd           | Website:  www.openfoam.com                      |
|    \\/     M anipulation  |                                                 |
\*---------------------------------------------------------------------------*/
FoamFile
{
    version     2.0;
    format      ascii;
    arch        "LSB;label=32;scalar=64";
    class       volScalarField;
    location    "0.1";
    object      p;
}
// * * * * * * * * * * * * * * * * * * * * * * * * * * * * * * * * * * * * * //

dimensions      [0 2 -2 0 0 0 0];

internalField   nonuniform List<scalar> 
10000
(
173.254
172.817
172.528
172.317
172.208
172.208
172.317
172.528
172.817
173.254
166.552
165.923
165.494
165.192
165.035
165.035
165.192
165.494
165.923
166.552
161.018
160.295
159.811
159.473
159.3
159.3
159.473
159.811
160.295
161.018
157.192
156.451
155.964
155.63
155.458
155.458
155.63
155.964
156.451
157.192
154.329
153.598
153.123
152.804
152.64
152.64
152.804
153.123
153.598
154.329
152.035
151.33
150.874
150.574
150.421
150.421
150.574
150.874
151.33
152.035
150.169
149.505
149.074
148.799
148.659
148.659
148.799
149.074
149.505
150.169
148.647
148.039
147.641
147.393
147.268
147.268
147.393
147.641
148.039
148.647
147.397
146.86
146.505
146.288
146.178
146.178
146.288
146.505
146.86
147.397
146.4
145.911
145.608
145.422
145.328
145.328
145.422
145.608
145.911
146.4
142.211
142.335
142.467
142.559
142.606
142.606
142.559
142.467
142.335
142.211
142.292
142.351
142.432
142.486
142.513
142.513
142.486
142.432
142.351
142.292
141.999
141.981
142.003
142.015
142.021
142.021
142.015
142.003
141.981
141.999
141.482
141.397
141.368
141.346
141.334
141.334
141.346
141.368
141.397
141.482
140.885
140.747
140.677
140.628
140.603
140.603
140.628
140.677
140.747
140.885
140.269
140.092
139.991
139.923
139.888
139.888
139.923
139.991
140.092
140.269
139.663
139.463
139.339
139.26
139.22
139.22
139.26
139.339
139.463
139.663
139.083
138.876
138.743
138.659
138.616
138.616
138.659
138.743
138.876
139.083
138.539
138.342
138.211
138.13
138.088
138.088
138.13
138.211
138.342
138.539
138.074
137.869
137.747
137.67
137.631
137.631
137.67
137.747
137.869
138.074
134.421
134.396
134.383
134.371
134.365
134.365
134.371
134.383
134.396
134.421
134.571
134.54
134.521
134.505
134.497
134.497
134.505
134.521
134.54
134.571
134.659
134.61
134.579
134.553
134.54
134.54
134.553
134.579
134.61
134.659
134.574
134.5
134.45
134.412
134.392
134.392
134.412
134.45
134.5
134.574
134.376
134.275
134.208
134.157
134.131
134.131
134.157
134.208
134.275
134.376
134.122
133.999
133.916
133.856
133.825
133.825
133.856
133.916
133.999
134.122
133.844
133.706
133.61
133.544
133.51
133.51
133.544
133.61
133.706
133.844
133.561
133.415
133.312
133.244
133.208
133.208
133.244
133.312
133.415
133.561
133.286
133.141
133.038
132.971
132.936
132.936
132.971
133.038
133.141
133.286
133.042
132.893
132.795
132.731
132.698
132.698
132.731
132.795
132.893
133.042
125.567
125.58
125.597
125.609
125.616
125.616
125.609
125.597
125.58
125.567
125.635
125.646
125.663
125.674
125.68
125.68
125.674
125.663
125.646
125.635
125.662
125.668
125.68
125.688
125.693
125.693
125.688
125.68
125.668
125.662
125.633
125.628
125.633
125.636
125.637
125.637
125.636
125.633
125.628
125.633
125.562
125.544
125.54
125.536
125.534
125.534
125.536
125.54
125.544
125.562
125.463
125.433
125.418
125.408
125.403
125.403
125.408
125.418
125.433
125.463
125.344
125.303
125.28
125.264
125.256
125.256
125.264
125.28
125.303
125.344
125.213
125.164
125.134
125.115
125.105
125.105
125.115
125.134
125.164
125.213
125.076
125.024
124.99
124.968
124.957
124.957
124.968
124.99
125.024
125.076
124.95
124.889
124.852
124.829
124.816
124.816
124.829
124.852
124.889
124.95
117.991
117.988
117.986
117.984
117.983
117.983
117.984
117.986
117.988
117.991
118.023
118.02
118.019
118.017
118.016
118.016
118.017
118.019
118.02
118.023
118.05
118.046
118.044
118.042
118.041
118.041
118.042
118.044
118.046
118.05
118.058
118.051
118.046
118.042
118.04
118.04
118.042
118.046
118.051
118.058
118.048
118.036
118.029
118.022
118.019
118.019
118.022
118.029
118.036
118.048
118.024
118.007
117.996
117.987
117.982
117.982
117.987
117.996
118.007
118.024
117.99
117.969
117.953
117.942
117.937
117.937
117.942
117.953
117.969
117.99
117.948
117.924
117.906
117.893
117.886
117.886
117.893
117.906
117.924
117.948
117.904
117.877
117.857
117.844
117.836
117.836
117.844
117.857
117.877
117.904
117.862
117.831
117.81
117.796
117.789
117.789
117.796
117.81
117.831
117.862
110.239
110.241
110.243
110.245
110.245
110.245
110.245
110.243
110.241
110.239
110.25
110.252
110.255
110.257
110.257
110.257
110.257
110.255
110.252
110.25
110.257
110.259
110.261
110.263
110.263
110.263
110.263
110.261
110.259
110.257
110.256
110.256
110.258
110.259
110.259
110.259
110.259
110.258
110.256
110.256
110.248
110.246
110.246
110.246
110.246
110.246
110.246
110.246
110.246
110.248
110.234
110.229
110.227
110.226
110.225
110.225
110.226
110.227
110.229
110.234
110.214
110.207
110.203
110.2
110.199
110.199
110.2
110.203
110.207
110.214
110.19
110.181
110.175
110.171
110.169
110.169
110.171
110.175
110.181
110.19
110.163
110.153
110.145
110.14
110.138
110.138
110.14
110.145
110.153
110.163
110.137
110.124
110.115
110.11
110.107
110.107
110.11
110.115
110.124
110.137
102.642
102.641
102.641
102.641
102.641
102.641
102.641
102.641
102.641
102.642
102.647
102.647
102.647
102.646
102.646
102.646
102.646
102.647
102.647
102.647
102.652
102.652
102.652
102.651
102.651
102.651
102.651
102.652
102.652
102.652
102.655
102.654
102.654
102.653
102.653
102.653
102.653
102.654
102.654
102.655
102.655
102.653
102.652
102.651
102.651
102.651
102.651
102.652
102.653
102.655
102.652
102.65
102.648
102.647
102.646
102.646
102.647
102.648
102.65
102.652
102.648
102.644
102.642
102.64
102.64
102.64
102.64
102.642
102.644
102.648
102.642
102.638
102.635
102.633
102.631
102.631
102.633
102.635
102.638
102.642
102.635
102.63
102.627
102.624
102.623
102.623
102.624
102.627
102.63
102.635
102.628
102.622
102.618
102.616
102.614
102.614
102.616
102.618
102.622
102.628
95.0183
95.0186
95.0189
95.0192
95.0193
95.0193
95.0192
95.0189
95.0186
95.0183
95.0203
95.0206
95.0211
95.0214
95.0215
95.0215
95.0214
95.0211
95.0206
95.0203
95.0217
95.022
95.0224
95.0227
95.0228
95.0228
95.0227
95.0224
95.022
95.0217
95.022
95.022
95.0223
95.0225
95.0226
95.0226
95.0225
95.0223
95.022
95.022
95.021
95.0207
95.0207
95.0208
95.0208
95.0208
95.0208
95.0207
95.0207
95.021
95.0189
95.0181
95.0179
95.0176
95.0175
95.0175
95.0176
95.0179
95.0181
95.0189
95.0157
95.0145
95.0138
95.0134
95.0131
95.0131
95.0134
95.0138
95.0145
95.0157
95.0116
95.0099
95.0089
95.0082
95.0078
95.0078
95.0082
95.0089
95.0099
95.0116
95.0068
95.0048
95.0034
95.0025
95.002
95.002
95.0025
95.0034
95.0048
95.0068
95.0021
94.9994
94.9977
94.9965
94.9959
94.9959
94.9965
94.9977
94.9994
95.0021
87.4172
87.4172
87.4172
87.4171
87.4171
87.4171
87.4171
87.4172
87.4172
87.4172
87.4182
87.4182
87.4182
87.4182
87.4182
87.4182
87.4182
87.4182
87.4182
87.4182
87.4191
87.4191
87.4191
87.4191
87.4191
87.4191
87.4191
87.4191
87.4191
87.4191
87.4197
87.4196
87.4196
87.4196
87.4195
87.4195
87.4196
87.4196
87.4196
87.4197
87.4198
87.4197
87.4196
87.4195
87.4194
87.4194
87.4195
87.4196
87.4197
87.4198
87.4196
87.4193
87.4191
87.4189
87.4188
87.4188
87.4189
87.4191
87.4193
87.4196
87.419
87.4185
87.4181
87.4179
87.4177
87.4177
87.4179
87.4181
87.4185
87.419
87.418
87.4174
87.4169
87.4166
87.4164
87.4164
87.4166
87.4169
87.4174
87.418
87.4169
87.4162
87.4156
87.4152
87.4149
87.4149
87.4152
87.4156
87.4162
87.4169
87.4158
87.4148
87.4141
87.4136
87.4134
87.4134
87.4136
87.4141
87.4148
87.4158
79.8128
79.8129
79.8129
79.813
79.813
79.813
79.813
79.8129
79.8129
79.8128
79.8132
79.8133
79.8133
79.8134
79.8134
79.8134
79.8134
79.8133
79.8133
79.8132
79.8135
79.8136
79.8136
79.8137
79.8137
79.8137
79.8137
79.8136
79.8136
79.8135
79.8136
79.8136
79.8137
79.8137
79.8137
79.8137
79.8137
79.8137
79.8136
79.8136
79.8135
79.8135
79.8135
79.8135
79.8135
79.8135
79.8135
79.8135
79.8135
79.8135
79.8132
79.8131
79.8131
79.8131
79.813
79.813
79.8131
79.8131
79.8131
79.8132
79.8127
79.8126
79.8124
79.8124
79.8123
79.8123
79.8124
79.8124
79.8126
79.8127
79.8121
79.8118
79.8116
79.8115
79.8115
79.8115
79.8115
79.8116
79.8118
79.8121
79.8113
79.8109
79.8107
79.8105
79.8105
79.8105
79.8105
79.8107
79.8109
79.8113
79.8105
79.81
79.8097
79.8095
79.8094
79.8094
79.8095
79.8097
79.81
79.8105
72.2115
72.2115
72.2115
72.2115
72.2115
72.2115
72.2115
72.2115
72.2115
72.2115
72.2117
72.2117
72.2117
72.2117
72.2117
72.2117
72.2117
72.2117
72.2117
72.2117
72.2119
72.2119
72.2119
72.2119
72.2119
72.2119
72.2119
72.2119
72.2119
72.2119
72.212
72.212
72.212
72.212
72.212
72.212
72.212
72.212
72.212
72.212
72.2121
72.212
72.212
72.212
72.212
72.212
72.212
72.212
72.212
72.2121
72.212
72.212
72.212
72.2119
72.2119
72.2119
72.2119
72.212
72.212
72.212
72.212
72.2119
72.2118
72.2118
72.2118
72.2118
72.2118
72.2118
72.2119
72.212
72.2118
72.2117
72.2116
72.2116
72.2116
72.2116
72.2116
72.2116
72.2117
72.2118
72.2116
72.2115
72.2114
72.2113
72.2113
72.2113
72.2113
72.2114
72.2115
72.2116
72.2114
72.2113
72.2112
72.2111
72.211
72.211
72.2111
72.2112
72.2113
72.2114
64.6099
64.6099
64.6099
64.61
64.61
64.61
64.61
64.6099
64.6099
64.6099
64.61
64.61
64.61
64.61
64.61
64.61
64.61
64.61
64.61
64.61
64.6101
64.6101
64.6101
64.6101
64.6101
64.6101
64.6101
64.6101
64.6101
64.6101
64.6101
64.6101
64.6101
64.6101
64.6101
64.6101
64.6101
64.6101
64.6101
64.6101
64.6101
64.6101
64.6101
64.6101
64.6101
64.6101
64.6101
64.6101
64.6101
64.6101
64.6101
64.6101
64.6101
64.6101
64.61
64.61
64.6101
64.6101
64.6101
64.6101
64.61
64.61
64.61
64.61
64.6099
64.6099
64.61
64.61
64.61
64.61
64.6099
64.6099
64.6098
64.6098
64.6098
64.6098
64.6098
64.6098
64.6099
64.6099
64.6098
64.6097
64.6097
64.6097
64.6097
64.6097
64.6097
64.6097
64.6097
64.6098
64.6097
64.6096
64.6095
64.6095
64.6095
64.6095
64.6095
64.6095
64.6096
64.6097
57.0087
57.0087
57.0087
57.0087
57.0087
57.0087
57.0087
57.0087
57.0087
57.0087
57.0087
57.0087
57.0088
57.0088
57.0088
57.0088
57.0088
57.0088
57.0087
57.0087
57.0088
57.0088
57.0088
57.0088
57.0088
57.0088
57.0088
57.0088
57.0088
57.0088
57.0088
57.0088
57.0088
57.0088
57.0088
57.0088
57.0088
57.0088
57.0088
57.0088
57.0088
57.0088
57.0088
57.0088
57.0088
57.0088
57.0088
57.0088
57.0088
57.0088
57.0088
57.0088
57.0088
57.0088
57.0088
57.0088
57.0088
57.0088
57.0088
57.0088
57.0088
57.0088
57.0088
57.0088
57.0088
57.0088
57.0088
57.0088
57.0088
57.0088
57.0088
57.0088
57.0088
57.0088
57.0088
57.0088
57.0088
57.0088
57.0088
57.0088
57.0088
57.0087
57.0087
57.0087
57.0087
57.0087
57.0087
57.0087
57.0087
57.0088
57.0087
57.0087
57.0087
57.0087
57.0087
57.0087
57.0087
57.0087
57.0087
57.0087
49.4075
49.4075
49.4075
49.4075
49.4075
49.4075
49.4075
49.4075
49.4075
49.4075
49.4075
49.4075
49.4075
49.4075
49.4075
49.4075
49.4075
49.4075
49.4075
49.4075
49.4075
49.4075
49.4075
49.4075
49.4075
49.4075
49.4075
49.4075
49.4075
49.4075
49.4075
49.4075
49.4075
49.4075
49.4075
49.4075
49.4075
49.4075
49.4075
49.4075
49.4075
49.4075
49.4075
49.4075
49.4075
49.4075
49.4075
49.4075
49.4075
49.4075
49.4075
49.4075
49.4075
49.4075
49.4075
49.4075
49.4075
49.4075
49.4075
49.4075
49.4075
49.4075
49.4075
49.4075
49.4075
49.4075
49.4075
49.4075
49.4075
49.4075
49.4075
49.4075
49.4075
49.4075
49.4075
49.4075
49.4075
49.4075
49.4075
49.4075
49.4075
49.4075
49.4075
49.4075
49.4075
49.4075
49.4075
49.4075
49.4075
49.4075
49.4075
49.4075
49.4075
49.4074
49.4074
49.4074
49.4074
49.4075
49.4075
49.4075
41.8063
41.8063
41.8063
41.8063
41.8063
41.8063
41.8063
41.8063
41.8063
41.8063
41.8063
41.8063
41.8063
41.8063
41.8063
41.8063
41.8063
41.8063
41.8063
41.8063
41.8063
41.8063
41.8063
41.8063
41.8063
41.8063
41.8063
41.8063
41.8063
41.8063
41.8063
41.8063
41.8063
41.8063
41.8063
41.8063
41.8063
41.8063
41.8063
41.8063
41.8063
41.8063
41.8063
41.8063
41.8063
41.8063
41.8063
41.8063
41.8063
41.8063
41.8063
41.8063
41.8063
41.8063
41.8063
41.8063
41.8063
41.8063
41.8063
41.8063
41.8063
41.8063
41.8063
41.8063
41.8063
41.8063
41.8063
41.8063
41.8063
41.8063
41.8063
41.8063
41.8063
41.8063
41.8063
41.8063
41.8063
41.8063
41.8063
41.8063
41.8063
41.8063
41.8063
41.8063
41.8063
41.8063
41.8063
41.8063
41.8063
41.8063
41.8063
41.8063
41.8063
41.8063
41.8063
41.8063
41.8063
41.8063
41.8063
41.8063
34.2051
34.2051
34.2051
34.2051
34.2051
34.2051
34.2051
34.2051
34.2051
34.2051
34.2051
34.2051
34.2051
34.2051
34.2051
34.2051
34.2051
34.2051
34.2051
34.2051
34.2051
34.2051
34.2051
34.2051
34.2051
34.2051
34.2051
34.2051
34.2051
34.2051
34.2051
34.2051
34.2051
34.2051
34.2051
34.2051
34.2051
34.2051
34.2051
34.2051
34.2051
34.2051
34.2051
34.2051
34.2051
34.2051
34.2051
34.2051
34.2051
34.2051
34.2051
34.2051
34.2051
34.2051
34.2051
34.2051
34.2051
34.2051
34.2051
34.2051
34.2051
34.2051
34.2051
34.2051
34.2051
34.2051
34.2051
34.2051
34.2051
34.2051
34.2051
34.2051
34.2051
34.2051
34.2051
34.2051
34.2051
34.2051
34.2051
34.2051
34.2051
34.2051
34.2051
34.2051
34.2051
34.2051
34.2051
34.2051
34.2051
34.2051
34.2051
34.2051
34.2051
34.2051
34.2051
34.2051
34.2051
34.2051
34.2051
34.2051
26.6039
26.6039
26.6039
26.6039
26.6039
26.6039
26.6039
26.6039
26.6039
26.6039
26.6039
26.6039
26.6039
26.6039
26.6039
26.6039
26.6039
26.6039
26.6039
26.6039
26.6039
26.6039
26.6039
26.6039
26.6039
26.6039
26.6039
26.6039
26.6039
26.6039
26.6039
26.6039
26.6039
26.6039
26.6039
26.6039
26.6039
26.6039
26.6039
26.6039
26.6039
26.6039
26.6039
26.6039
26.6039
26.6039
26.6039
26.6039
26.6039
26.6039
26.6039
26.6039
26.6039
26.6039
26.6039
26.6039
26.6039
26.6039
26.6039
26.6039
26.6039
26.6039
26.6039
26.6039
26.6039
26.6039
26.6039
26.6039
26.6039
26.6039
26.6039
26.6039
26.6039
26.6039
26.6039
26.6039
26.6039
26.6039
26.6039
26.6039
26.6039
26.6039
26.6039
26.6039
26.6039
26.6039
26.6039
26.6039
26.6039
26.6039
26.6039
26.6039
26.6039
26.6039
26.6039
26.6039
26.6039
26.6039
26.6039
26.6039
19.0027
19.0027
19.0027
19.0027
19.0027
19.0027
19.0027
19.0027
19.0027
19.0027
19.0027
19.0027
19.0027
19.0027
19.0027
19.0027
19.0027
19.0027
19.0027
19.0027
19.0027
19.0027
19.0027
19.0027
19.0027
19.0027
19.0027
19.0027
19.0027
19.0027
19.0027
19.0027
19.0027
19.0027
19.0027
19.0027
19.0027
19.0027
19.0027
19.0027
19.0027
19.0028
19.0028
19.0028
19.0028
19.0028
19.0028
19.0028
19.0028
19.0027
19.0028
19.0028
19.0028
19.0028
19.0028
19.0028
19.0028
19.0028
19.0028
19.0028
19.0028
19.0028
19.0028
19.0028
19.0028
19.0028
19.0028
19.0028
19.0028
19.0028
19.0028
19.0028
19.0028
19.0028
19.0028
19.0028
19.0028
19.0028
19.0028
19.0028
19.0028
19.0028
19.0028
19.0028
19.0028
19.0028
19.0028
19.0028
19.0028
19.0028
19.0028
19.0028
19.0028
19.0028
19.0028
19.0028
19.0028
19.0028
19.0028
19.0028
11.4014
11.4015
11.4015
11.4015
11.4015
11.4015
11.4015
11.4015
11.4015
11.4014
11.4014
11.4014
11.4014
11.4014
11.4014
11.4014
11.4014
11.4014
11.4014
11.4014
11.4014
11.4014
11.4014
11.4014
11.4014
11.4014
11.4014
11.4014
11.4014
11.4014
11.4015
11.4015
11.4015
11.4015
11.4015
11.4015
11.4015
11.4015
11.4015
11.4015
11.4015
11.4015
11.4015
11.4015
11.4015
11.4015
11.4015
11.4015
11.4015
11.4015
11.4015
11.4015
11.4016
11.4016
11.4016
11.4016
11.4016
11.4016
11.4015
11.4015
11.4016
11.4016
11.4016
11.4016
11.4016
11.4016
11.4016
11.4016
11.4016
11.4016
11.4016
11.4016
11.4016
11.4016
11.4016
11.4016
11.4016
11.4016
11.4016
11.4016
11.4016
11.4016
11.4016
11.4016
11.4016
11.4016
11.4016
11.4016
11.4016
11.4016
11.4016
11.4016
11.4016
11.4016
11.4016
11.4016
11.4016
11.4016
11.4016
11.4016
3.80037
3.80037
3.80038
3.80038
3.80038
3.80038
3.80038
3.80038
3.80037
3.80037
3.80031
3.80032
3.80032
3.80033
3.80033
3.80033
3.80033
3.80032
3.80032
3.80031
3.80034
3.80034
3.80035
3.80035
3.80035
3.80035
3.80035
3.80035
3.80034
3.80034
3.80037
3.80038
3.80038
3.80039
3.80039
3.80039
3.80039
3.80038
3.80038
3.80037
3.80041
3.80042
3.80042
3.80043
3.80043
3.80043
3.80042
3.80042
3.80042
3.80041
3.80043
3.80044
3.80044
3.80045
3.80045
3.80045
3.80045
3.80044
3.80044
3.80043
3.80045
3.80046
3.80047
3.80047
3.80047
3.80047
3.80047
3.80047
3.80046
3.80045
3.80047
3.80048
3.80049
3.80049
3.80049
3.80049
3.80049
3.80049
3.80048
3.80047
3.80049
3.8005
3.8005
3.80051
3.80051
3.80051
3.80051
3.8005
3.8005
3.80049
3.80051
3.80052
3.80052
3.80052
3.80053
3.80053
3.80052
3.80052
3.80052
3.80051
173.254
172.817
172.528
172.317
172.208
172.208
172.317
172.528
172.817
173.254
166.552
165.923
165.494
165.192
165.035
165.035
165.192
165.494
165.923
166.552
161.018
160.295
159.811
159.473
159.3
159.3
159.473
159.811
160.295
161.018
157.192
156.451
155.964
155.63
155.458
155.458
155.63
155.964
156.451
157.192
154.329
153.598
153.123
152.804
152.64
152.64
152.804
153.123
153.598
154.329
152.035
151.33
150.874
150.574
150.421
150.421
150.574
150.874
151.33
152.035
150.169
149.505
149.074
148.799
148.659
148.659
148.799
149.074
149.505
150.169
148.647
148.039
147.641
147.393
147.268
147.268
147.393
147.641
148.039
148.647
147.397
146.86
146.505
146.288
146.178
146.178
146.288
146.505
146.86
147.397
146.4
145.911
145.608
145.422
145.328
145.328
145.422
145.608
145.911
146.4
142.211
142.335
142.467
142.559
142.606
142.606
142.559
142.467
142.335
142.211
142.292
142.351
142.432
142.486
142.513
142.513
142.486
142.432
142.351
142.292
141.999
141.981
142.003
142.015
142.021
142.021
142.015
142.003
141.981
141.999
141.482
141.397
141.368
141.346
141.334
141.334
141.346
141.368
141.397
141.482
140.885
140.747
140.677
140.628
140.603
140.603
140.628
140.677
140.747
140.885
140.269
140.092
139.991
139.923
139.888
139.888
139.923
139.991
140.092
140.269
139.663
139.463
139.339
139.26
139.22
139.22
139.26
139.339
139.463
139.663
139.083
138.876
138.743
138.659
138.616
138.616
138.659
138.743
138.876
139.083
138.539
138.342
138.211
138.13
138.088
138.088
138.13
138.211
138.342
138.539
138.074
137.869
137.747
137.67
137.631
137.631
137.67
137.747
137.869
138.074
134.421
134.396
134.383
134.371
134.365
134.365
134.371
134.383
134.396
134.421
134.571
134.54
134.521
134.505
134.497
134.497
134.505
134.521
134.54
134.571
134.659
134.61
134.579
134.553
134.54
134.54
134.553
134.579
134.61
134.659
134.574
134.5
134.45
134.412
134.392
134.392
134.412
134.45
134.5
134.574
134.376
134.275
134.208
134.157
134.131
134.131
134.157
134.208
134.275
134.376
134.122
133.999
133.916
133.856
133.825
133.825
133.856
133.916
133.999
134.122
133.844
133.706
133.61
133.544
133.51
133.51
133.544
133.61
133.706
133.844
133.561
133.415
133.312
133.244
133.208
133.208
133.244
133.312
133.415
133.561
133.286
133.141
133.038
132.971
132.936
132.936
132.971
133.038
133.141
133.286
133.042
132.893
132.795
132.731
132.698
132.698
132.731
132.795
132.893
133.042
125.567
125.58
125.597
125.609
125.616
125.616
125.609
125.597
125.58
125.567
125.635
125.646
125.663
125.674
125.68
125.68
125.674
125.663
125.646
125.635
125.662
125.668
125.68
125.688
125.693
125.693
125.688
125.68
125.668
125.662
125.633
125.628
125.633
125.636
125.637
125.637
125.636
125.633
125.628
125.633
125.562
125.544
125.54
125.536
125.534
125.534
125.536
125.54
125.544
125.562
125.463
125.433
125.418
125.408
125.403
125.403
125.408
125.418
125.433
125.463
125.344
125.303
125.28
125.264
125.256
125.256
125.264
125.28
125.303
125.344
125.213
125.164
125.134
125.115
125.105
125.105
125.115
125.134
125.164
125.213
125.076
125.024
124.99
124.968
124.957
124.957
124.968
124.99
125.024
125.076
124.95
124.889
124.852
124.829
124.816
124.816
124.829
124.852
124.889
124.95
117.991
117.988
117.986
117.984
117.983
117.983
117.984
117.986
117.988
117.991
118.023
118.02
118.019
118.017
118.016
118.016
118.017
118.019
118.02
118.023
118.05
118.046
118.044
118.042
118.041
118.041
118.042
118.044
118.046
118.05
118.058
118.051
118.046
118.042
118.04
118.04
118.042
118.046
118.051
118.058
118.048
118.036
118.029
118.022
118.019
118.019
118.022
118.029
118.036
118.048
118.024
118.007
117.996
117.987
117.982
117.982
117.987
117.996
118.007
118.024
117.99
117.969
117.953
117.942
117.937
117.937
117.942
117.953
117.969
117.99
117.948
117.924
117.906
117.893
117.886
117.886
117.893
117.906
117.924
117.948
117.904
117.877
117.857
117.844
117.836
117.836
117.844
117.857
117.877
117.904
117.862
117.831
117.81
117.796
117.789
117.789
117.796
117.81
117.831
117.862
110.239
110.241
110.243
110.245
110.245
110.245
110.245
110.243
110.241
110.239
110.25
110.252
110.255
110.257
110.257
110.257
110.257
110.255
110.252
110.25
110.257
110.259
110.261
110.263
110.263
110.263
110.263
110.261
110.259
110.257
110.256
110.256
110.258
110.259
110.259
110.259
110.259
110.258
110.256
110.256
110.248
110.246
110.246
110.246
110.246
110.246
110.246
110.246
110.246
110.248
110.234
110.229
110.227
110.226
110.225
110.225
110.226
110.227
110.229
110.234
110.214
110.207
110.203
110.2
110.199
110.199
110.2
110.203
110.207
110.214
110.19
110.181
110.175
110.171
110.169
110.169
110.171
110.175
110.181
110.19
110.163
110.153
110.145
110.141
110.138
110.138
110.141
110.145
110.153
110.163
110.137
110.124
110.115
110.11
110.107
110.107
110.11
110.115
110.124
110.137
102.642
102.641
102.641
102.641
102.641
102.641
102.641
102.641
102.641
102.642
102.647
102.647
102.647
102.646
102.646
102.646
102.646
102.647
102.647
102.647
102.652
102.652
102.652
102.651
102.651
102.651
102.651
102.652
102.652
102.652
102.655
102.654
102.654
102.653
102.653
102.653
102.653
102.654
102.654
102.655
102.655
102.653
102.652
102.651
102.651
102.651
102.651
102.652
102.653
102.655
102.652
102.65
102.648
102.647
102.646
102.646
102.647
102.648
102.65
102.652
102.648
102.644
102.642
102.64
102.64
102.64
102.64
102.642
102.644
102.648
102.642
102.638
102.635
102.633
102.631
102.631
102.633
102.635
102.638
102.642
102.635
102.63
102.627
102.624
102.623
102.623
102.624
102.627
102.63
102.635
102.628
102.622
102.618
102.616
102.614
102.614
102.616
102.618
102.622
102.628
95.0183
95.0186
95.0189
95.0192
95.0193
95.0193
95.0192
95.0189
95.0186
95.0183
95.0203
95.0206
95.0211
95.0214
95.0215
95.0215
95.0214
95.0211
95.0206
95.0203
95.0217
95.022
95.0224
95.0227
95.0228
95.0228
95.0227
95.0224
95.022
95.0218
95.022
95.022
95.0223
95.0225
95.0226
95.0226
95.0225
95.0223
95.022
95.022
95.021
95.0207
95.0207
95.0208
95.0208
95.0208
95.0208
95.0207
95.0207
95.021
95.0189
95.0181
95.0179
95.0177
95.0175
95.0175
95.0177
95.0179
95.0181
95.0189
95.0157
95.0145
95.0138
95.0134
95.0131
95.0131
95.0134
95.0138
95.0145
95.0157
95.0116
95.0099
95.0089
95.0082
95.0078
95.0078
95.0082
95.0089
95.0099
95.0116
95.0068
95.0048
95.0034
95.0025
95.002
95.002
95.0025
95.0034
95.0048
95.0068
95.0021
94.9994
94.9977
94.9965
94.9959
94.9959
94.9965
94.9977
94.9994
95.0021
87.4172
87.4172
87.4172
87.4171
87.4171
87.4171
87.4171
87.4172
87.4172
87.4172
87.4182
87.4182
87.4182
87.4182
87.4182
87.4182
87.4182
87.4182
87.4182
87.4182
87.4191
87.4191
87.4191
87.4191
87.4191
87.4191
87.4191
87.4191
87.4191
87.4191
87.4197
87.4196
87.4196
87.4196
87.4195
87.4195
87.4196
87.4196
87.4196
87.4197
87.4198
87.4197
87.4196
87.4195
87.4194
87.4194
87.4195
87.4196
87.4197
87.4198
87.4196
87.4193
87.4191
87.4189
87.4188
87.4188
87.4189
87.4191
87.4193
87.4196
87.419
87.4185
87.4181
87.4179
87.4177
87.4177
87.4179
87.4181
87.4185
87.419
87.418
87.4174
87.4169
87.4166
87.4164
87.4164
87.4166
87.4169
87.4174
87.418
87.4169
87.4162
87.4156
87.4152
87.4149
87.4149
87.4152
87.4156
87.4162
87.4169
87.4158
87.4148
87.4141
87.4136
87.4134
87.4134
87.4137
87.4141
87.4148
87.4158
79.8128
79.8129
79.8129
79.813
79.813
79.813
79.813
79.8129
79.8129
79.8128
79.8132
79.8133
79.8133
79.8134
79.8134
79.8134
79.8134
79.8133
79.8133
79.8132
79.8135
79.8136
79.8136
79.8137
79.8137
79.8137
79.8137
79.8136
79.8136
79.8135
79.8136
79.8136
79.8137
79.8137
79.8137
79.8137
79.8137
79.8137
79.8136
79.8136
79.8135
79.8135
79.8135
79.8135
79.8135
79.8135
79.8135
79.8135
79.8135
79.8135
79.8132
79.8131
79.8131
79.8131
79.813
79.813
79.8131
79.8131
79.8131
79.8132
79.8127
79.8126
79.8124
79.8124
79.8123
79.8123
79.8124
79.8124
79.8126
79.8127
79.8121
79.8118
79.8116
79.8115
79.8115
79.8115
79.8115
79.8116
79.8118
79.8121
79.8113
79.8109
79.8107
79.8105
79.8105
79.8105
79.8105
79.8107
79.8109
79.8113
79.8105
79.81
79.8097
79.8095
79.8094
79.8094
79.8095
79.8097
79.81
79.8105
72.2115
72.2115
72.2115
72.2115
72.2115
72.2115
72.2115
72.2115
72.2115
72.2115
72.2117
72.2117
72.2117
72.2117
72.2117
72.2117
72.2117
72.2117
72.2117
72.2117
72.2119
72.2119
72.2119
72.2119
72.2119
72.2119
72.2119
72.2119
72.2119
72.2119
72.212
72.212
72.212
72.212
72.212
72.212
72.212
72.212
72.212
72.212
72.2121
72.212
72.212
72.212
72.212
72.212
72.212
72.212
72.212
72.2121
72.212
72.212
72.212
72.2119
72.2119
72.2119
72.2119
72.212
72.212
72.212
72.212
72.2119
72.2118
72.2118
72.2118
72.2118
72.2118
72.2118
72.2119
72.212
72.2118
72.2117
72.2116
72.2116
72.2116
72.2116
72.2116
72.2116
72.2117
72.2118
72.2116
72.2115
72.2114
72.2113
72.2113
72.2113
72.2113
72.2114
72.2115
72.2116
72.2114
72.2113
72.2112
72.2111
72.211
72.211
72.2111
72.2112
72.2113
72.2114
64.6099
64.6099
64.6099
64.61
64.61
64.61
64.61
64.6099
64.6099
64.6099
64.61
64.61
64.61
64.61
64.61
64.61
64.61
64.61
64.61
64.61
64.6101
64.6101
64.6101
64.6101
64.6101
64.6101
64.6101
64.6101
64.6101
64.6101
64.6101
64.6101
64.6101
64.6101
64.6101
64.6101
64.6101
64.6101
64.6101
64.6101
64.6101
64.6101
64.6101
64.6101
64.6101
64.6101
64.6101
64.6101
64.6101
64.6101
64.6101
64.6101
64.6101
64.6101
64.61
64.61
64.6101
64.6101
64.6101
64.6101
64.61
64.61
64.61
64.61
64.6099
64.6099
64.61
64.61
64.61
64.61
64.6099
64.6099
64.6098
64.6098
64.6098
64.6098
64.6098
64.6098
64.6099
64.6099
64.6098
64.6097
64.6097
64.6097
64.6097
64.6097
64.6097
64.6097
64.6097
64.6098
64.6097
64.6096
64.6095
64.6095
64.6095
64.6095
64.6095
64.6095
64.6096
64.6097
57.0087
57.0087
57.0087
57.0087
57.0087
57.0087
57.0087
57.0087
57.0087
57.0087
57.0087
57.0087
57.0088
57.0088
57.0088
57.0088
57.0088
57.0088
57.0087
57.0087
57.0088
57.0088
57.0088
57.0088
57.0088
57.0088
57.0088
57.0088
57.0088
57.0088
57.0088
57.0088
57.0088
57.0088
57.0088
57.0088
57.0088
57.0088
57.0088
57.0088
57.0088
57.0088
57.0088
57.0088
57.0088
57.0088
57.0088
57.0088
57.0088
57.0088
57.0088
57.0088
57.0088
57.0088
57.0088
57.0088
57.0088
57.0088
57.0088
57.0088
57.0088
57.0088
57.0088
57.0088
57.0088
57.0088
57.0088
57.0088
57.0088
57.0088
57.0088
57.0088
57.0088
57.0088
57.0088
57.0088
57.0088
57.0088
57.0088
57.0088
57.0088
57.0087
57.0087
57.0087
57.0087
57.0087
57.0087
57.0087
57.0087
57.0088
57.0087
57.0087
57.0087
57.0087
57.0087
57.0087
57.0087
57.0087
57.0087
57.0087
49.4075
49.4075
49.4075
49.4075
49.4075
49.4075
49.4075
49.4075
49.4075
49.4075
49.4075
49.4075
49.4075
49.4075
49.4075
49.4075
49.4075
49.4075
49.4075
49.4075
49.4075
49.4075
49.4075
49.4075
49.4075
49.4075
49.4075
49.4075
49.4075
49.4075
49.4075
49.4075
49.4075
49.4075
49.4075
49.4075
49.4075
49.4075
49.4075
49.4075
49.4075
49.4075
49.4075
49.4075
49.4075
49.4075
49.4075
49.4075
49.4075
49.4075
49.4075
49.4075
49.4075
49.4075
49.4075
49.4075
49.4075
49.4075
49.4075
49.4075
49.4075
49.4075
49.4075
49.4075
49.4075
49.4075
49.4075
49.4075
49.4075
49.4075
49.4075
49.4075
49.4075
49.4075
49.4075
49.4075
49.4075
49.4075
49.4075
49.4075
49.4075
49.4075
49.4075
49.4075
49.4075
49.4075
49.4075
49.4075
49.4075
49.4075
49.4075
49.4075
49.4075
49.4074
49.4074
49.4074
49.4074
49.4075
49.4075
49.4075
41.8063
41.8063
41.8063
41.8063
41.8063
41.8063
41.8063
41.8063
41.8063
41.8063
41.8063
41.8063
41.8063
41.8063
41.8063
41.8063
41.8063
41.8063
41.8063
41.8063
41.8063
41.8063
41.8063
41.8063
41.8063
41.8063
41.8063
41.8063
41.8063
41.8063
41.8063
41.8063
41.8063
41.8063
41.8063
41.8063
41.8063
41.8063
41.8063
41.8063
41.8063
41.8063
41.8063
41.8063
41.8063
41.8063
41.8063
41.8063
41.8063
41.8063
41.8063
41.8063
41.8063
41.8063
41.8063
41.8063
41.8063
41.8063
41.8063
41.8063
41.8063
41.8063
41.8063
41.8063
41.8063
41.8063
41.8063
41.8063
41.8063
41.8063
41.8063
41.8063
41.8063
41.8063
41.8063
41.8063
41.8063
41.8063
41.8063
41.8063
41.8063
41.8063
41.8063
41.8063
41.8063
41.8063
41.8063
41.8063
41.8063
41.8063
41.8063
41.8063
41.8063
41.8063
41.8063
41.8063
41.8063
41.8063
41.8063
41.8063
34.2051
34.2051
34.2051
34.2051
34.2051
34.2051
34.2051
34.2051
34.2051
34.2051
34.2051
34.2051
34.2051
34.2051
34.2051
34.2051
34.2051
34.2051
34.2051
34.2051
34.2051
34.2051
34.2051
34.2051
34.2051
34.2051
34.2051
34.2051
34.2051
34.2051
34.2051
34.2051
34.2051
34.2051
34.2051
34.2051
34.2051
34.2051
34.2051
34.2051
34.2051
34.2051
34.2051
34.2051
34.2051
34.2051
34.2051
34.2051
34.2051
34.2051
34.2051
34.2051
34.2051
34.2051
34.2051
34.2051
34.2051
34.2051
34.2051
34.2051
34.2051
34.2051
34.2051
34.2051
34.2051
34.2051
34.2051
34.2051
34.2051
34.2051
34.2051
34.2051
34.2051
34.2051
34.2051
34.2051
34.2051
34.2051
34.2051
34.2051
34.2051
34.2051
34.2051
34.2051
34.2051
34.2051
34.2051
34.2051
34.2051
34.2051
34.2051
34.2051
34.2051
34.2051
34.2051
34.2051
34.2051
34.2051
34.2051
34.2051
26.6039
26.6039
26.6039
26.6039
26.6039
26.6039
26.6039
26.6039
26.6039
26.6039
26.6039
26.6039
26.6039
26.6039
26.6039
26.6039
26.6039
26.6039
26.6039
26.6039
26.6039
26.6039
26.6039
26.6039
26.6039
26.6039
26.6039
26.6039
26.6039
26.6039
26.6039
26.6039
26.6039
26.6039
26.6039
26.6039
26.6039
26.6039
26.6039
26.6039
26.6039
26.6039
26.6039
26.6039
26.6039
26.6039
26.6039
26.6039
26.6039
26.6039
26.6039
26.6039
26.6039
26.6039
26.6039
26.6039
26.6039
26.6039
26.6039
26.6039
26.6039
26.6039
26.6039
26.6039
26.6039
26.6039
26.6039
26.6039
26.6039
26.6039
26.6039
26.6039
26.6039
26.6039
26.6039
26.6039
26.6039
26.6039
26.6039
26.6039
26.6039
26.6039
26.6039
26.6039
26.6039
26.6039
26.6039
26.6039
26.6039
26.6039
26.6039
26.6039
26.6039
26.6039
26.6039
26.6039
26.6039
26.6039
26.6039
26.6039
19.0027
19.0027
19.0027
19.0027
19.0027
19.0027
19.0027
19.0027
19.0027
19.0027
19.0027
19.0027
19.0027
19.0027
19.0027
19.0027
19.0027
19.0027
19.0027
19.0027
19.0027
19.0027
19.0027
19.0027
19.0027
19.0027
19.0027
19.0027
19.0027
19.0027
19.0027
19.0027
19.0027
19.0027
19.0027
19.0027
19.0027
19.0027
19.0027
19.0027
19.0027
19.0028
19.0028
19.0028
19.0028
19.0028
19.0028
19.0028
19.0028
19.0027
19.0028
19.0028
19.0028
19.0028
19.0028
19.0028
19.0028
19.0028
19.0028
19.0028
19.0028
19.0028
19.0028
19.0028
19.0028
19.0028
19.0028
19.0028
19.0028
19.0028
19.0028
19.0028
19.0028
19.0028
19.0028
19.0028
19.0028
19.0028
19.0028
19.0028
19.0028
19.0028
19.0028
19.0028
19.0028
19.0028
19.0028
19.0028
19.0028
19.0028
19.0028
19.0028
19.0028
19.0028
19.0028
19.0028
19.0028
19.0028
19.0028
19.0028
11.4014
11.4015
11.4015
11.4015
11.4015
11.4015
11.4015
11.4015
11.4014
11.4014
11.4014
11.4014
11.4014
11.4014
11.4014
11.4014
11.4014
11.4014
11.4014
11.4014
11.4014
11.4014
11.4014
11.4014
11.4014
11.4014
11.4014
11.4014
11.4014
11.4014
11.4015
11.4015
11.4015
11.4015
11.4015
11.4015
11.4015
11.4015
11.4015
11.4015
11.4015
11.4015
11.4015
11.4015
11.4015
11.4015
11.4015
11.4015
11.4015
11.4015
11.4015
11.4015
11.4016
11.4016
11.4016
11.4016
11.4016
11.4016
11.4015
11.4015
11.4016
11.4016
11.4016
11.4016
11.4016
11.4016
11.4016
11.4016
11.4016
11.4016
11.4016
11.4016
11.4016
11.4016
11.4016
11.4016
11.4016
11.4016
11.4016
11.4016
11.4016
11.4016
11.4016
11.4016
11.4016
11.4016
11.4016
11.4016
11.4016
11.4016
11.4016
11.4016
11.4016
11.4016
11.4016
11.4016
11.4016
11.4016
11.4016
11.4016
3.80037
3.80037
3.80038
3.80038
3.80038
3.80038
3.80038
3.80038
3.80037
3.80037
3.80031
3.80032
3.80032
3.80033
3.80033
3.80033
3.80033
3.80032
3.80032
3.80031
3.80034
3.80034
3.80035
3.80035
3.80035
3.80035
3.80035
3.80035
3.80034
3.80034
3.80037
3.80038
3.80038
3.80039
3.80039
3.80039
3.80039
3.80038
3.80038
3.80037
3.80041
3.80042
3.80042
3.80042
3.80043
3.80043
3.80042
3.80042
3.80042
3.80041
3.80043
3.80044
3.80044
3.80045
3.80045
3.80045
3.80045
3.80044
3.80044
3.80043
3.80045
3.80046
3.80047
3.80047
3.80047
3.80047
3.80047
3.80047
3.80046
3.80045
3.80047
3.80048
3.80049
3.80049
3.80049
3.80049
3.80049
3.80049
3.80048
3.80047
3.80049
3.8005
3.8005
3.80051
3.80051
3.80051
3.80051
3.8005
3.8005
3.80049
3.80051
3.80052
3.80052
3.80052
3.80053
3.80053
3.80052
3.80052
3.80052
3.80051
173.254
172.817
172.528
172.317
172.208
172.208
172.317
172.528
172.817
173.254
166.552
165.923
165.494
165.192
165.035
165.035
165.192
165.494
165.923
166.552
161.018
160.295
159.811
159.473
159.3
159.3
159.473
159.811
160.295
161.018
157.192
156.451
155.964
155.63
155.458
155.458
155.63
155.964
156.451
157.192
154.329
153.598
153.123
152.804
152.64
152.64
152.804
153.123
153.598
154.329
152.035
151.33
150.874
150.574
150.421
150.421
150.574
150.874
151.33
152.035
150.169
149.505
149.074
148.799
148.659
148.659
148.799
149.074
149.505
150.169
148.647
148.039
147.641
147.393
147.268
147.268
147.393
147.641
148.039
148.647
147.397
146.86
146.505
146.288
146.178
146.178
146.288
146.505
146.86
147.397
146.4
145.911
145.608
145.422
145.328
145.328
145.422
145.608
145.911
146.4
142.211
142.335
142.467
142.559
142.606
142.606
142.559
142.467
142.335
142.211
142.292
142.351
142.432
142.486
142.513
142.513
142.486
142.432
142.351
142.292
141.999
141.981
142.003
142.015
142.021
142.021
142.015
142.003
141.981
141.999
141.482
141.397
141.368
141.346
141.334
141.334
141.346
141.368
141.397
141.482
140.885
140.747
140.677
140.628
140.603
140.603
140.628
140.677
140.747
140.885
140.269
140.092
139.991
139.923
139.888
139.888
139.923
139.991
140.092
140.269
139.663
139.463
139.339
139.26
139.22
139.22
139.26
139.339
139.463
139.663
139.083
138.876
138.743
138.659
138.616
138.616
138.659
138.743
138.876
139.083
138.539
138.342
138.211
138.13
138.088
138.088
138.13
138.211
138.342
138.539
138.074
137.869
137.747
137.67
137.631
137.631
137.67
137.747
137.869
138.074
134.421
134.396
134.383
134.371
134.365
134.365
134.371
134.383
134.396
134.421
134.571
134.54
134.521
134.505
134.497
134.497
134.505
134.521
134.54
134.571
134.659
134.61
134.579
134.553
134.54
134.54
134.553
134.579
134.61
134.659
134.574
134.5
134.45
134.412
134.392
134.392
134.412
134.45
134.5
134.574
134.376
134.275
134.208
134.157
134.131
134.131
134.157
134.208
134.275
134.376
134.122
133.999
133.916
133.856
133.825
133.825
133.856
133.916
133.999
134.122
133.844
133.706
133.61
133.544
133.51
133.51
133.544
133.61
133.706
133.844
133.561
133.415
133.312
133.244
133.208
133.208
133.244
133.312
133.415
133.561
133.286
133.141
133.038
132.971
132.936
132.936
132.971
133.038
133.141
133.286
133.042
132.893
132.795
132.731
132.698
132.698
132.731
132.795
132.893
133.042
125.567
125.58
125.597
125.609
125.616
125.616
125.609
125.597
125.58
125.567
125.635
125.646
125.663
125.674
125.68
125.68
125.674
125.663
125.646
125.635
125.662
125.668
125.68
125.688
125.693
125.693
125.688
125.68
125.668
125.662
125.633
125.628
125.633
125.636
125.637
125.637
125.636
125.633
125.628
125.633
125.562
125.544
125.54
125.536
125.534
125.534
125.536
125.54
125.544
125.562
125.463
125.433
125.418
125.408
125.403
125.403
125.408
125.418
125.433
125.463
125.344
125.303
125.28
125.264
125.256
125.256
125.264
125.28
125.303
125.344
125.213
125.164
125.134
125.115
125.105
125.105
125.115
125.134
125.164
125.213
125.076
125.024
124.99
124.968
124.957
124.957
124.968
124.99
125.024
125.076
124.95
124.889
124.852
124.829
124.816
124.816
124.829
124.852
124.889
124.95
117.991
117.988
117.986
117.984
117.983
117.983
117.984
117.986
117.988
117.991
118.023
118.02
118.019
118.017
118.016
118.016
118.017
118.019
118.02
118.023
118.05
118.046
118.044
118.042
118.041
118.041
118.042
118.044
118.046
118.05
118.058
118.051
118.046
118.042
118.04
118.04
118.042
118.046
118.051
118.058
118.048
118.036
118.029
118.022
118.019
118.019
118.022
118.029
118.036
118.048
118.024
118.007
117.996
117.987
117.982
117.982
117.987
117.996
118.007
118.024
117.99
117.969
117.953
117.942
117.937
117.937
117.942
117.953
117.969
117.99
117.948
117.924
117.906
117.893
117.886
117.886
117.893
117.906
117.924
117.948
117.904
117.877
117.857
117.844
117.836
117.836
117.844
117.857
117.877
117.904
117.862
117.831
117.81
117.796
117.789
117.789
117.796
117.81
117.831
117.862
110.239
110.241
110.243
110.245
110.245
110.245
110.245
110.243
110.241
110.239
110.25
110.252
110.255
110.257
110.257
110.257
110.257
110.255
110.252
110.25
110.257
110.259
110.261
110.263
110.263
110.263
110.263
110.261
110.259
110.257
110.256
110.256
110.258
110.259
110.259
110.259
110.259
110.258
110.256
110.256
110.248
110.246
110.246
110.246
110.246
110.246
110.246
110.246
110.246
110.248
110.234
110.229
110.227
110.226
110.225
110.225
110.226
110.227
110.229
110.234
110.214
110.207
110.203
110.2
110.199
110.199
110.2
110.203
110.207
110.214
110.19
110.181
110.175
110.171
110.169
110.169
110.171
110.175
110.181
110.19
110.163
110.153
110.145
110.141
110.138
110.138
110.141
110.145
110.153
110.163
110.137
110.124
110.115
110.11
110.107
110.107
110.11
110.115
110.124
110.137
102.642
102.641
102.641
102.641
102.641
102.641
102.641
102.641
102.641
102.642
102.647
102.647
102.647
102.646
102.646
102.646
102.646
102.647
102.647
102.647
102.652
102.652
102.652
102.651
102.651
102.651
102.651
102.652
102.652
102.652
102.655
102.654
102.654
102.653
102.653
102.653
102.653
102.654
102.654
102.655
102.655
102.653
102.652
102.651
102.651
102.651
102.651
102.652
102.653
102.655
102.652
102.65
102.648
102.647
102.646
102.646
102.647
102.648
102.65
102.652
102.648
102.644
102.642
102.64
102.64
102.64
102.64
102.642
102.644
102.648
102.642
102.638
102.635
102.633
102.631
102.631
102.633
102.635
102.638
102.642
102.635
102.63
102.627
102.624
102.623
102.623
102.624
102.627
102.63
102.635
102.628
102.622
102.618
102.616
102.614
102.614
102.616
102.618
102.622
102.628
95.0183
95.0186
95.0189
95.0192
95.0193
95.0193
95.0192
95.0189
95.0186
95.0183
95.0203
95.0206
95.0211
95.0214
95.0215
95.0215
95.0214
95.0211
95.0206
95.0203
95.0218
95.022
95.0224
95.0227
95.0228
95.0228
95.0227
95.0224
95.022
95.0217
95.022
95.022
95.0223
95.0225
95.0226
95.0226
95.0225
95.0223
95.022
95.022
95.021
95.0207
95.0207
95.0208
95.0208
95.0208
95.0208
95.0207
95.0207
95.021
95.0189
95.0181
95.0179
95.0177
95.0175
95.0175
95.0177
95.0179
95.0181
95.0189
95.0157
95.0145
95.0138
95.0134
95.0131
95.0131
95.0134
95.0138
95.0145
95.0157
95.0116
95.0099
95.0089
95.0082
95.0078
95.0078
95.0082
95.0089
95.0099
95.0116
95.0068
95.0048
95.0034
95.0025
95.002
95.002
95.0025
95.0034
95.0048
95.0068
95.0021
94.9994
94.9977
94.9965
94.9959
94.9959
94.9965
94.9977
94.9994
95.0021
87.4172
87.4172
87.4172
87.4171
87.4171
87.4171
87.4171
87.4172
87.4172
87.4172
87.4182
87.4182
87.4182
87.4182
87.4182
87.4182
87.4182
87.4182
87.4182
87.4182
87.4191
87.4191
87.4191
87.4191
87.4191
87.4191
87.4191
87.4191
87.4191
87.4191
87.4197
87.4196
87.4196
87.4196
87.4195
87.4195
87.4196
87.4196
87.4196
87.4197
87.4198
87.4197
87.4196
87.4195
87.4194
87.4194
87.4195
87.4196
87.4197
87.4198
87.4196
87.4193
87.4191
87.4189
87.4188
87.4188
87.4189
87.4191
87.4193
87.4196
87.419
87.4185
87.4181
87.4179
87.4177
87.4177
87.4179
87.4181
87.4185
87.419
87.418
87.4174
87.4169
87.4166
87.4164
87.4164
87.4166
87.4169
87.4174
87.418
87.4169
87.4162
87.4156
87.4152
87.4149
87.4149
87.4152
87.4156
87.4162
87.4169
87.4158
87.4148
87.4141
87.4137
87.4134
87.4134
87.4136
87.4141
87.4148
87.4158
79.8128
79.8129
79.8129
79.813
79.813
79.813
79.813
79.8129
79.8129
79.8128
79.8132
79.8133
79.8133
79.8134
79.8134
79.8134
79.8134
79.8133
79.8133
79.8132
79.8135
79.8136
79.8136
79.8137
79.8137
79.8137
79.8137
79.8136
79.8136
79.8135
79.8136
79.8136
79.8137
79.8137
79.8137
79.8137
79.8137
79.8137
79.8136
79.8136
79.8135
79.8135
79.8135
79.8135
79.8135
79.8135
79.8135
79.8135
79.8135
79.8135
79.8132
79.8131
79.8131
79.8131
79.813
79.813
79.8131
79.8131
79.8131
79.8132
79.8127
79.8126
79.8124
79.8124
79.8123
79.8123
79.8124
79.8124
79.8126
79.8127
79.8121
79.8118
79.8116
79.8115
79.8115
79.8115
79.8115
79.8116
79.8118
79.8121
79.8113
79.8109
79.8107
79.8105
79.8105
79.8105
79.8105
79.8107
79.8109
79.8113
79.8105
79.81
79.8097
79.8095
79.8094
79.8094
79.8095
79.8097
79.81
79.8105
72.2115
72.2115
72.2115
72.2115
72.2115
72.2115
72.2115
72.2115
72.2115
72.2115
72.2117
72.2117
72.2117
72.2117
72.2117
72.2117
72.2117
72.2117
72.2117
72.2117
72.2119
72.2119
72.2119
72.2119
72.2119
72.2119
72.2119
72.2119
72.2119
72.2119
72.212
72.212
72.212
72.212
72.212
72.212
72.212
72.212
72.212
72.212
72.2121
72.212
72.212
72.212
72.212
72.212
72.212
72.212
72.212
72.2121
72.212
72.212
72.212
72.2119
72.2119
72.2119
72.2119
72.212
72.212
72.212
72.212
72.2119
72.2118
72.2118
72.2118
72.2118
72.2118
72.2118
72.2119
72.212
72.2118
72.2117
72.2116
72.2116
72.2116
72.2116
72.2116
72.2116
72.2117
72.2118
72.2116
72.2115
72.2114
72.2113
72.2113
72.2113
72.2113
72.2114
72.2115
72.2116
72.2114
72.2113
72.2112
72.2111
72.211
72.211
72.2111
72.2112
72.2113
72.2114
64.6099
64.6099
64.6099
64.61
64.61
64.61
64.61
64.6099
64.6099
64.6099
64.61
64.61
64.61
64.61
64.61
64.61
64.61
64.61
64.61
64.61
64.6101
64.6101
64.6101
64.6101
64.6101
64.6101
64.6101
64.6101
64.6101
64.6101
64.6101
64.6101
64.6101
64.6101
64.6101
64.6101
64.6101
64.6101
64.6101
64.6101
64.6101
64.6101
64.6101
64.6101
64.6101
64.6101
64.6101
64.6101
64.6101
64.6101
64.6101
64.6101
64.6101
64.6101
64.61
64.61
64.6101
64.6101
64.6101
64.6101
64.61
64.61
64.61
64.61
64.6099
64.6099
64.61
64.61
64.61
64.61
64.6099
64.6099
64.6098
64.6098
64.6098
64.6098
64.6098
64.6098
64.6099
64.6099
64.6098
64.6097
64.6097
64.6097
64.6097
64.6097
64.6097
64.6097
64.6097
64.6098
64.6097
64.6096
64.6095
64.6095
64.6095
64.6095
64.6095
64.6095
64.6096
64.6097
57.0087
57.0087
57.0087
57.0087
57.0087
57.0087
57.0087
57.0087
57.0087
57.0087
57.0087
57.0087
57.0088
57.0088
57.0088
57.0088
57.0088
57.0088
57.0087
57.0087
57.0088
57.0088
57.0088
57.0088
57.0088
57.0088
57.0088
57.0088
57.0088
57.0088
57.0088
57.0088
57.0088
57.0088
57.0088
57.0088
57.0088
57.0088
57.0088
57.0088
57.0088
57.0088
57.0088
57.0088
57.0088
57.0088
57.0088
57.0088
57.0088
57.0088
57.0088
57.0088
57.0088
57.0088
57.0088
57.0088
57.0088
57.0088
57.0088
57.0088
57.0088
57.0088
57.0088
57.0088
57.0088
57.0088
57.0088
57.0088
57.0088
57.0088
57.0088
57.0088
57.0088
57.0088
57.0088
57.0088
57.0088
57.0088
57.0088
57.0088
57.0088
57.0087
57.0087
57.0087
57.0087
57.0087
57.0087
57.0087
57.0087
57.0088
57.0087
57.0087
57.0087
57.0087
57.0087
57.0087
57.0087
57.0087
57.0087
57.0087
49.4075
49.4075
49.4075
49.4075
49.4075
49.4075
49.4075
49.4075
49.4075
49.4075
49.4075
49.4075
49.4075
49.4075
49.4075
49.4075
49.4075
49.4075
49.4075
49.4075
49.4075
49.4075
49.4075
49.4075
49.4075
49.4075
49.4075
49.4075
49.4075
49.4075
49.4075
49.4075
49.4075
49.4075
49.4075
49.4075
49.4075
49.4075
49.4075
49.4075
49.4075
49.4075
49.4075
49.4075
49.4075
49.4075
49.4075
49.4075
49.4075
49.4075
49.4075
49.4075
49.4075
49.4075
49.4075
49.4075
49.4075
49.4075
49.4075
49.4075
49.4075
49.4075
49.4075
49.4075
49.4075
49.4075
49.4075
49.4075
49.4075
49.4075
49.4075
49.4075
49.4075
49.4075
49.4075
49.4075
49.4075
49.4075
49.4075
49.4075
49.4075
49.4075
49.4075
49.4075
49.4075
49.4075
49.4075
49.4075
49.4075
49.4075
49.4075
49.4075
49.4075
49.4074
49.4074
49.4074
49.4074
49.4075
49.4075
49.4075
41.8063
41.8063
41.8063
41.8063
41.8063
41.8063
41.8063
41.8063
41.8063
41.8063
41.8063
41.8063
41.8063
41.8063
41.8063
41.8063
41.8063
41.8063
41.8063
41.8063
41.8063
41.8063
41.8063
41.8063
41.8063
41.8063
41.8063
41.8063
41.8063
41.8063
41.8063
41.8063
41.8063
41.8063
41.8063
41.8063
41.8063
41.8063
41.8063
41.8063
41.8063
41.8063
41.8063
41.8063
41.8063
41.8063
41.8063
41.8063
41.8063
41.8063
41.8063
41.8063
41.8063
41.8063
41.8063
41.8063
41.8063
41.8063
41.8063
41.8063
41.8063
41.8063
41.8063
41.8063
41.8063
41.8063
41.8063
41.8063
41.8063
41.8063
41.8063
41.8063
41.8063
41.8063
41.8063
41.8063
41.8063
41.8063
41.8063
41.8063
41.8063
41.8063
41.8063
41.8063
41.8063
41.8063
41.8063
41.8063
41.8063
41.8063
41.8063
41.8063
41.8063
41.8063
41.8063
41.8063
41.8063
41.8063
41.8063
41.8063
34.2051
34.2051
34.2051
34.2051
34.2051
34.2051
34.2051
34.2051
34.2051
34.2051
34.2051
34.2051
34.2051
34.2051
34.2051
34.2051
34.2051
34.2051
34.2051
34.2051
34.2051
34.2051
34.2051
34.2051
34.2051
34.2051
34.2051
34.2051
34.2051
34.2051
34.2051
34.2051
34.2051
34.2051
34.2051
34.2051
34.2051
34.2051
34.2051
34.2051
34.2051
34.2051
34.2051
34.2051
34.2051
34.2051
34.2051
34.2051
34.2051
34.2051
34.2051
34.2051
34.2051
34.2051
34.2051
34.2051
34.2051
34.2051
34.2051
34.2051
34.2051
34.2051
34.2051
34.2051
34.2051
34.2051
34.2051
34.2051
34.2051
34.2051
34.2051
34.2051
34.2051
34.2051
34.2051
34.2051
34.2051
34.2051
34.2051
34.2051
34.2051
34.2051
34.2051
34.2051
34.2051
34.2051
34.2051
34.2051
34.2051
34.2051
34.2051
34.2051
34.2051
34.2051
34.2051
34.2051
34.2051
34.2051
34.2051
34.2051
26.6039
26.6039
26.6039
26.6039
26.6039
26.6039
26.6039
26.6039
26.6039
26.6039
26.6039
26.6039
26.6039
26.6039
26.6039
26.6039
26.6039
26.6039
26.6039
26.6039
26.6039
26.6039
26.6039
26.6039
26.6039
26.6039
26.6039
26.6039
26.6039
26.6039
26.6039
26.6039
26.6039
26.6039
26.6039
26.6039
26.6039
26.6039
26.6039
26.6039
26.6039
26.6039
26.6039
26.6039
26.6039
26.6039
26.6039
26.6039
26.6039
26.6039
26.6039
26.6039
26.6039
26.6039
26.6039
26.6039
26.6039
26.6039
26.6039
26.6039
26.6039
26.6039
26.6039
26.6039
26.6039
26.6039
26.6039
26.6039
26.6039
26.6039
26.6039
26.6039
26.6039
26.6039
26.6039
26.6039
26.6039
26.6039
26.6039
26.6039
26.6039
26.6039
26.6039
26.6039
26.6039
26.6039
26.6039
26.6039
26.6039
26.6039
26.6039
26.6039
26.6039
26.6039
26.6039
26.6039
26.6039
26.6039
26.6039
26.6039
19.0027
19.0027
19.0027
19.0027
19.0027
19.0027
19.0027
19.0027
19.0027
19.0027
19.0027
19.0027
19.0027
19.0027
19.0027
19.0027
19.0027
19.0027
19.0027
19.0027
19.0027
19.0027
19.0027
19.0027
19.0027
19.0027
19.0027
19.0027
19.0027
19.0027
19.0027
19.0027
19.0027
19.0027
19.0027
19.0027
19.0027
19.0027
19.0027
19.0027
19.0027
19.0028
19.0028
19.0028
19.0028
19.0028
19.0028
19.0028
19.0028
19.0027
19.0028
19.0028
19.0028
19.0028
19.0028
19.0028
19.0028
19.0028
19.0028
19.0028
19.0028
19.0028
19.0028
19.0028
19.0028
19.0028
19.0028
19.0028
19.0028
19.0028
19.0028
19.0028
19.0028
19.0028
19.0028
19.0028
19.0028
19.0028
19.0028
19.0028
19.0028
19.0028
19.0028
19.0028
19.0028
19.0028
19.0028
19.0028
19.0028
19.0028
19.0028
19.0028
19.0028
19.0028
19.0028
19.0028
19.0028
19.0028
19.0028
19.0028
11.4014
11.4014
11.4015
11.4015
11.4015
11.4015
11.4015
11.4015
11.4015
11.4014
11.4014
11.4014
11.4014
11.4014
11.4014
11.4014
11.4014
11.4014
11.4014
11.4014
11.4014
11.4014
11.4014
11.4014
11.4014
11.4014
11.4014
11.4014
11.4014
11.4014
11.4015
11.4015
11.4015
11.4015
11.4015
11.4015
11.4015
11.4015
11.4015
11.4015
11.4015
11.4015
11.4015
11.4015
11.4015
11.4015
11.4015
11.4015
11.4015
11.4015
11.4015
11.4015
11.4016
11.4016
11.4016
11.4016
11.4016
11.4016
11.4015
11.4015
11.4016
11.4016
11.4016
11.4016
11.4016
11.4016
11.4016
11.4016
11.4016
11.4016
11.4016
11.4016
11.4016
11.4016
11.4016
11.4016
11.4016
11.4016
11.4016
11.4016
11.4016
11.4016
11.4016
11.4016
11.4016
11.4016
11.4016
11.4016
11.4016
11.4016
11.4016
11.4016
11.4016
11.4016
11.4016
11.4016
11.4016
11.4016
11.4016
11.4016
3.80037
3.80037
3.80038
3.80038
3.80038
3.80038
3.80038
3.80038
3.80037
3.80037
3.80031
3.80032
3.80032
3.80033
3.80033
3.80033
3.80033
3.80032
3.80032
3.80031
3.80034
3.80034
3.80035
3.80035
3.80035
3.80035
3.80035
3.80035
3.80034
3.80034
3.80037
3.80038
3.80038
3.80039
3.80039
3.80039
3.80039
3.80038
3.80038
3.80037
3.80041
3.80042
3.80042
3.80042
3.80043
3.80043
3.80042
3.80042
3.80042
3.80041
3.80043
3.80044
3.80044
3.80045
3.80045
3.80045
3.80045
3.80044
3.80044
3.80043
3.80045
3.80046
3.80047
3.80047
3.80047
3.80047
3.80047
3.80047
3.80046
3.80045
3.80047
3.80048
3.80049
3.80049
3.80049
3.80049
3.80049
3.80049
3.80048
3.80047
3.80049
3.8005
3.8005
3.80051
3.80051
3.80051
3.80051
3.8005
3.8005
3.80049
3.80051
3.80052
3.80052
3.80052
3.80053
3.80053
3.80052
3.80052
3.80052
3.80051
173.254
172.817
172.528
172.317
172.208
172.208
172.317
172.528
172.817
173.254
166.552
165.923
165.494
165.192
165.035
165.035
165.192
165.494
165.923
166.552
161.018
160.295
159.811
159.473
159.3
159.3
159.473
159.811
160.295
161.018
157.192
156.451
155.964
155.63
155.458
155.458
155.63
155.964
156.451
157.192
154.329
153.598
153.123
152.804
152.64
152.64
152.804
153.123
153.598
154.329
152.035
151.33
150.874
150.574
150.421
150.421
150.574
150.874
151.33
152.035
150.169
149.505
149.074
148.799
148.659
148.659
148.799
149.074
149.505
150.169
148.647
148.039
147.641
147.393
147.268
147.268
147.393
147.641
148.039
148.647
147.397
146.86
146.505
146.288
146.178
146.178
146.288
146.505
146.86
147.397
146.4
145.911
145.608
145.422
145.328
145.328
145.422
145.608
145.911
146.4
142.211
142.335
142.467
142.559
142.606
142.606
142.559
142.467
142.335
142.211
142.292
142.351
142.432
142.486
142.513
142.513
142.486
142.432
142.351
142.292
141.999
141.981
142.003
142.015
142.021
142.021
142.015
142.003
141.981
141.999
141.482
141.397
141.368
141.346
141.334
141.334
141.346
141.368
141.397
141.482
140.885
140.747
140.677
140.628
140.603
140.603
140.628
140.677
140.747
140.885
140.269
140.092
139.991
139.923
139.888
139.888
139.923
139.991
140.092
140.269
139.663
139.463
139.339
139.26
139.22
139.22
139.26
139.339
139.463
139.663
139.083
138.876
138.743
138.659
138.616
138.616
138.659
138.743
138.876
139.083
138.539
138.342
138.211
138.13
138.088
138.088
138.13
138.211
138.342
138.539
138.074
137.869
137.747
137.67
137.631
137.631
137.67
137.747
137.869
138.074
134.421
134.396
134.383
134.371
134.365
134.365
134.371
134.383
134.396
134.421
134.571
134.54
134.521
134.505
134.497
134.497
134.505
134.521
134.54
134.571
134.659
134.61
134.579
134.553
134.54
134.54
134.553
134.579
134.61
134.659
134.574
134.5
134.45
134.412
134.392
134.392
134.412
134.45
134.5
134.574
134.376
134.275
134.208
134.157
134.131
134.131
134.157
134.208
134.275
134.376
134.122
133.999
133.916
133.856
133.825
133.825
133.856
133.916
133.999
134.122
133.844
133.706
133.61
133.544
133.51
133.51
133.544
133.61
133.706
133.844
133.561
133.415
133.312
133.244
133.208
133.208
133.244
133.312
133.415
133.561
133.286
133.141
133.038
132.971
132.936
132.936
132.971
133.038
133.141
133.286
133.042
132.893
132.795
132.731
132.698
132.698
132.731
132.795
132.893
133.042
125.567
125.58
125.597
125.609
125.616
125.616
125.609
125.597
125.58
125.567
125.635
125.646
125.663
125.674
125.68
125.68
125.674
125.663
125.646
125.635
125.662
125.668
125.68
125.688
125.693
125.693
125.688
125.68
125.668
125.662
125.633
125.628
125.633
125.636
125.637
125.637
125.636
125.633
125.628
125.633
125.562
125.544
125.54
125.536
125.534
125.534
125.536
125.54
125.544
125.562
125.463
125.433
125.418
125.408
125.403
125.403
125.408
125.418
125.433
125.463
125.344
125.303
125.28
125.264
125.256
125.256
125.264
125.28
125.303
125.344
125.213
125.164
125.134
125.115
125.105
125.105
125.115
125.134
125.164
125.213
125.076
125.024
124.99
124.968
124.957
124.957
124.968
124.99
125.024
125.076
124.95
124.889
124.852
124.829
124.816
124.816
124.829
124.852
124.889
124.95
117.991
117.988
117.986
117.984
117.983
117.983
117.984
117.986
117.988
117.991
118.023
118.02
118.019
118.017
118.016
118.016
118.017
118.019
118.02
118.023
118.05
118.046
118.044
118.042
118.041
118.041
118.042
118.044
118.046
118.05
118.058
118.051
118.046
118.042
118.04
118.04
118.042
118.046
118.051
118.058
118.048
118.036
118.029
118.022
118.019
118.019
118.022
118.029
118.036
118.048
118.024
118.007
117.996
117.987
117.982
117.982
117.987
117.996
118.007
118.024
117.99
117.969
117.953
117.942
117.937
117.937
117.942
117.953
117.969
117.99
117.948
117.924
117.906
117.893
117.886
117.886
117.893
117.906
117.924
117.948
117.904
117.877
117.857
117.844
117.836
117.836
117.844
117.857
117.877
117.904
117.862
117.831
117.81
117.796
117.789
117.789
117.796
117.81
117.831
117.862
110.239
110.241
110.243
110.245
110.245
110.245
110.245
110.243
110.241
110.239
110.25
110.252
110.255
110.257
110.257
110.257
110.257
110.255
110.252
110.25
110.257
110.259
110.261
110.263
110.263
110.263
110.263
110.261
110.259
110.257
110.256
110.256
110.258
110.259
110.259
110.259
110.259
110.258
110.256
110.256
110.248
110.246
110.246
110.246
110.246
110.246
110.246
110.246
110.246
110.248
110.234
110.229
110.227
110.226
110.225
110.225
110.226
110.227
110.229
110.234
110.214
110.207
110.203
110.2
110.199
110.199
110.2
110.203
110.207
110.214
110.19
110.181
110.175
110.171
110.169
110.169
110.171
110.175
110.181
110.19
110.163
110.153
110.145
110.14
110.138
110.138
110.14
110.145
110.153
110.163
110.137
110.124
110.115
110.11
110.107
110.107
110.11
110.115
110.124
110.137
102.642
102.641
102.641
102.641
102.641
102.641
102.641
102.641
102.641
102.642
102.647
102.647
102.647
102.646
102.646
102.646
102.646
102.647
102.647
102.647
102.652
102.652
102.652
102.651
102.651
102.651
102.651
102.652
102.652
102.652
102.655
102.654
102.654
102.653
102.653
102.653
102.653
102.654
102.654
102.655
102.655
102.653
102.652
102.651
102.651
102.651
102.651
102.652
102.653
102.655
102.652
102.65
102.648
102.647
102.646
102.646
102.647
102.648
102.65
102.652
102.648
102.644
102.642
102.64
102.64
102.64
102.64
102.642
102.644
102.648
102.642
102.638
102.635
102.633
102.631
102.631
102.633
102.635
102.638
102.642
102.635
102.63
102.627
102.624
102.623
102.623
102.624
102.627
102.63
102.635
102.628
102.622
102.618
102.616
102.614
102.614
102.616
102.618
102.622
102.628
95.0183
95.0186
95.0189
95.0192
95.0193
95.0193
95.0192
95.0189
95.0186
95.0183
95.0203
95.0206
95.0211
95.0214
95.0215
95.0215
95.0214
95.0211
95.0206
95.0203
95.0217
95.022
95.0224
95.0227
95.0228
95.0228
95.0227
95.0224
95.022
95.0217
95.022
95.022
95.0223
95.0225
95.0226
95.0226
95.0225
95.0223
95.022
95.022
95.021
95.0207
95.0207
95.0208
95.0208
95.0208
95.0208
95.0207
95.0207
95.021
95.0189
95.0181
95.0179
95.0176
95.0175
95.0175
95.0176
95.0179
95.0181
95.0189
95.0157
95.0145
95.0138
95.0134
95.0131
95.0131
95.0134
95.0138
95.0145
95.0157
95.0116
95.0099
95.0089
95.0082
95.0078
95.0078
95.0082
95.0089
95.0099
95.0116
95.0068
95.0048
95.0034
95.0025
95.002
95.002
95.0025
95.0034
95.0048
95.0068
95.0021
94.9994
94.9977
94.9965
94.9959
94.9959
94.9965
94.9977
94.9994
95.0021
87.4172
87.4172
87.4172
87.4171
87.4171
87.4171
87.4171
87.4172
87.4172
87.4172
87.4182
87.4182
87.4182
87.4182
87.4182
87.4182
87.4182
87.4182
87.4182
87.4182
87.4191
87.4191
87.4191
87.4191
87.4191
87.4191
87.4191
87.4191
87.4191
87.4191
87.4197
87.4196
87.4196
87.4196
87.4195
87.4195
87.4196
87.4196
87.4196
87.4197
87.4198
87.4197
87.4196
87.4195
87.4194
87.4194
87.4195
87.4196
87.4197
87.4198
87.4196
87.4193
87.4191
87.4189
87.4188
87.4188
87.4189
87.4191
87.4193
87.4196
87.419
87.4185
87.4181
87.4179
87.4177
87.4177
87.4179
87.4181
87.4185
87.419
87.418
87.4174
87.4169
87.4166
87.4164
87.4164
87.4166
87.4169
87.4174
87.418
87.4169
87.4162
87.4156
87.4152
87.4149
87.4149
87.4152
87.4156
87.4162
87.4169
87.4158
87.4148
87.4141
87.4136
87.4134
87.4134
87.4136
87.4141
87.4148
87.4158
79.8128
79.8129
79.8129
79.813
79.813
79.813
79.813
79.8129
79.8129
79.8128
79.8132
79.8133
79.8133
79.8134
79.8134
79.8134
79.8134
79.8133
79.8133
79.8132
79.8135
79.8136
79.8136
79.8137
79.8137
79.8137
79.8137
79.8136
79.8136
79.8135
79.8136
79.8136
79.8137
79.8137
79.8137
79.8137
79.8137
79.8137
79.8136
79.8136
79.8135
79.8135
79.8135
79.8135
79.8135
79.8135
79.8135
79.8135
79.8135
79.8135
79.8132
79.8131
79.8131
79.8131
79.813
79.813
79.8131
79.8131
79.8131
79.8132
79.8127
79.8126
79.8124
79.8124
79.8123
79.8123
79.8124
79.8124
79.8126
79.8127
79.8121
79.8118
79.8116
79.8115
79.8115
79.8115
79.8115
79.8116
79.8118
79.8121
79.8113
79.8109
79.8107
79.8105
79.8105
79.8105
79.8105
79.8107
79.8109
79.8113
79.8105
79.81
79.8097
79.8095
79.8094
79.8094
79.8095
79.8097
79.81
79.8105
72.2115
72.2115
72.2115
72.2115
72.2115
72.2115
72.2115
72.2115
72.2115
72.2115
72.2117
72.2117
72.2117
72.2117
72.2117
72.2117
72.2117
72.2117
72.2117
72.2117
72.2119
72.2119
72.2119
72.2119
72.2119
72.2119
72.2119
72.2119
72.2119
72.2119
72.212
72.212
72.212
72.212
72.212
72.212
72.212
72.212
72.212
72.212
72.2121
72.212
72.212
72.212
72.212
72.212
72.212
72.212
72.212
72.2121
72.212
72.212
72.212
72.2119
72.2119
72.2119
72.2119
72.212
72.212
72.212
72.212
72.2119
72.2118
72.2118
72.2118
72.2118
72.2118
72.2118
72.2119
72.212
72.2118
72.2117
72.2116
72.2116
72.2116
72.2116
72.2116
72.2116
72.2117
72.2118
72.2116
72.2115
72.2114
72.2113
72.2113
72.2113
72.2113
72.2114
72.2115
72.2116
72.2114
72.2113
72.2112
72.2111
72.211
72.211
72.2111
72.2112
72.2113
72.2114
64.6099
64.6099
64.6099
64.61
64.61
64.61
64.61
64.6099
64.6099
64.6099
64.61
64.61
64.61
64.61
64.61
64.61
64.61
64.61
64.61
64.61
64.6101
64.6101
64.6101
64.6101
64.6101
64.6101
64.6101
64.6101
64.6101
64.6101
64.6101
64.6101
64.6101
64.6101
64.6101
64.6101
64.6101
64.6101
64.6101
64.6101
64.6101
64.6101
64.6101
64.6101
64.6101
64.6101
64.6101
64.6101
64.6101
64.6101
64.6101
64.6101
64.6101
64.6101
64.61
64.61
64.6101
64.6101
64.6101
64.6101
64.61
64.61
64.61
64.61
64.6099
64.6099
64.61
64.61
64.61
64.61
64.6099
64.6099
64.6098
64.6098
64.6098
64.6098
64.6098
64.6098
64.6099
64.6099
64.6098
64.6097
64.6097
64.6097
64.6097
64.6097
64.6097
64.6097
64.6097
64.6098
64.6097
64.6096
64.6095
64.6095
64.6095
64.6095
64.6095
64.6095
64.6096
64.6097
57.0087
57.0087
57.0087
57.0087
57.0087
57.0087
57.0087
57.0087
57.0087
57.0087
57.0087
57.0087
57.0088
57.0088
57.0088
57.0088
57.0088
57.0088
57.0087
57.0087
57.0088
57.0088
57.0088
57.0088
57.0088
57.0088
57.0088
57.0088
57.0088
57.0088
57.0088
57.0088
57.0088
57.0088
57.0088
57.0088
57.0088
57.0088
57.0088
57.0088
57.0088
57.0088
57.0088
57.0088
57.0088
57.0088
57.0088
57.0088
57.0088
57.0088
57.0088
57.0088
57.0088
57.0088
57.0088
57.0088
57.0088
57.0088
57.0088
57.0088
57.0088
57.0088
57.0088
57.0088
57.0088
57.0088
57.0088
57.0088
57.0088
57.0088
57.0088
57.0088
57.0088
57.0088
57.0088
57.0088
57.0088
57.0088
57.0088
57.0088
57.0088
57.0087
57.0087
57.0087
57.0087
57.0087
57.0087
57.0087
57.0087
57.0088
57.0087
57.0087
57.0087
57.0087
57.0087
57.0087
57.0087
57.0087
57.0087
57.0087
49.4075
49.4075
49.4075
49.4075
49.4075
49.4075
49.4075
49.4075
49.4075
49.4075
49.4075
49.4075
49.4075
49.4075
49.4075
49.4075
49.4075
49.4075
49.4075
49.4075
49.4075
49.4075
49.4075
49.4075
49.4075
49.4075
49.4075
49.4075
49.4075
49.4075
49.4075
49.4075
49.4075
49.4075
49.4075
49.4075
49.4075
49.4075
49.4075
49.4075
49.4075
49.4075
49.4075
49.4075
49.4075
49.4075
49.4075
49.4075
49.4075
49.4075
49.4075
49.4075
49.4075
49.4075
49.4075
49.4075
49.4075
49.4075
49.4075
49.4075
49.4075
49.4075
49.4075
49.4075
49.4075
49.4075
49.4075
49.4075
49.4075
49.4075
49.4075
49.4075
49.4075
49.4075
49.4075
49.4075
49.4075
49.4075
49.4075
49.4075
49.4075
49.4075
49.4075
49.4075
49.4075
49.4075
49.4075
49.4075
49.4075
49.4075
49.4075
49.4075
49.4075
49.4074
49.4074
49.4074
49.4074
49.4075
49.4075
49.4075
41.8063
41.8063
41.8063
41.8063
41.8063
41.8063
41.8063
41.8063
41.8063
41.8063
41.8063
41.8063
41.8063
41.8063
41.8063
41.8063
41.8063
41.8063
41.8063
41.8063
41.8063
41.8063
41.8063
41.8063
41.8063
41.8063
41.8063
41.8063
41.8063
41.8063
41.8063
41.8063
41.8063
41.8063
41.8063
41.8063
41.8063
41.8063
41.8063
41.8063
41.8063
41.8063
41.8063
41.8063
41.8063
41.8063
41.8063
41.8063
41.8063
41.8063
41.8063
41.8063
41.8063
41.8063
41.8063
41.8063
41.8063
41.8063
41.8063
41.8063
41.8063
41.8063
41.8063
41.8063
41.8063
41.8063
41.8063
41.8063
41.8063
41.8063
41.8063
41.8063
41.8063
41.8063
41.8063
41.8063
41.8063
41.8063
41.8063
41.8063
41.8063
41.8063
41.8063
41.8063
41.8063
41.8063
41.8063
41.8063
41.8063
41.8063
41.8063
41.8063
41.8063
41.8063
41.8063
41.8063
41.8063
41.8063
41.8063
41.8063
34.2051
34.2051
34.2051
34.2051
34.2051
34.2051
34.2051
34.2051
34.2051
34.2051
34.2051
34.2051
34.2051
34.2051
34.2051
34.2051
34.2051
34.2051
34.2051
34.2051
34.2051
34.2051
34.2051
34.2051
34.2051
34.2051
34.2051
34.2051
34.2051
34.2051
34.2051
34.2051
34.2051
34.2051
34.2051
34.2051
34.2051
34.2051
34.2051
34.2051
34.2051
34.2051
34.2051
34.2051
34.2051
34.2051
34.2051
34.2051
34.2051
34.2051
34.2051
34.2051
34.2051
34.2051
34.2051
34.2051
34.2051
34.2051
34.2051
34.2051
34.2051
34.2051
34.2051
34.2051
34.2051
34.2051
34.2051
34.2051
34.2051
34.2051
34.2051
34.2051
34.2051
34.2051
34.2051
34.2051
34.2051
34.2051
34.2051
34.2051
34.2051
34.2051
34.2051
34.2051
34.2051
34.2051
34.2051
34.2051
34.2051
34.2051
34.2051
34.2051
34.2051
34.2051
34.2051
34.2051
34.2051
34.2051
34.2051
34.2051
26.6039
26.6039
26.6039
26.6039
26.6039
26.6039
26.6039
26.6039
26.6039
26.6039
26.6039
26.6039
26.6039
26.6039
26.6039
26.6039
26.6039
26.6039
26.6039
26.6039
26.6039
26.6039
26.6039
26.6039
26.6039
26.6039
26.6039
26.6039
26.6039
26.6039
26.6039
26.6039
26.6039
26.6039
26.6039
26.6039
26.6039
26.6039
26.6039
26.6039
26.6039
26.6039
26.6039
26.6039
26.6039
26.6039
26.6039
26.6039
26.6039
26.6039
26.6039
26.6039
26.6039
26.6039
26.6039
26.6039
26.6039
26.6039
26.6039
26.6039
26.6039
26.6039
26.6039
26.6039
26.6039
26.6039
26.6039
26.6039
26.6039
26.6039
26.6039
26.6039
26.6039
26.6039
26.6039
26.6039
26.6039
26.6039
26.6039
26.6039
26.6039
26.6039
26.6039
26.6039
26.6039
26.6039
26.6039
26.6039
26.6039
26.6039
26.6039
26.6039
26.6039
26.6039
26.6039
26.6039
26.6039
26.6039
26.6039
26.6039
19.0027
19.0027
19.0027
19.0027
19.0027
19.0027
19.0027
19.0027
19.0027
19.0027
19.0027
19.0027
19.0027
19.0027
19.0027
19.0027
19.0027
19.0027
19.0027
19.0027
19.0027
19.0027
19.0027
19.0027
19.0027
19.0027
19.0027
19.0027
19.0027
19.0027
19.0027
19.0027
19.0027
19.0027
19.0027
19.0027
19.0027
19.0027
19.0027
19.0027
19.0027
19.0028
19.0028
19.0028
19.0028
19.0028
19.0028
19.0028
19.0028
19.0027
19.0028
19.0028
19.0028
19.0028
19.0028
19.0028
19.0028
19.0028
19.0028
19.0028
19.0028
19.0028
19.0028
19.0028
19.0028
19.0028
19.0028
19.0028
19.0028
19.0028
19.0028
19.0028
19.0028
19.0028
19.0028
19.0028
19.0028
19.0028
19.0028
19.0028
19.0028
19.0028
19.0028
19.0028
19.0028
19.0028
19.0028
19.0028
19.0028
19.0028
19.0028
19.0028
19.0028
19.0028
19.0028
19.0028
19.0028
19.0028
19.0028
19.0028
11.4014
11.4015
11.4015
11.4015
11.4015
11.4015
11.4015
11.4015
11.4015
11.4014
11.4014
11.4014
11.4014
11.4014
11.4014
11.4014
11.4014
11.4014
11.4014
11.4014
11.4014
11.4014
11.4014
11.4014
11.4014
11.4014
11.4014
11.4014
11.4014
11.4014
11.4015
11.4015
11.4015
11.4015
11.4015
11.4015
11.4015
11.4015
11.4015
11.4015
11.4015
11.4015
11.4015
11.4015
11.4015
11.4015
11.4015
11.4015
11.4015
11.4015
11.4015
11.4015
11.4016
11.4016
11.4016
11.4016
11.4016
11.4016
11.4015
11.4015
11.4016
11.4016
11.4016
11.4016
11.4016
11.4016
11.4016
11.4016
11.4016
11.4016
11.4016
11.4016
11.4016
11.4016
11.4016
11.4016
11.4016
11.4016
11.4016
11.4016
11.4016
11.4016
11.4016
11.4016
11.4016
11.4016
11.4016
11.4016
11.4016
11.4016
11.4016
11.4016
11.4016
11.4016
11.4016
11.4016
11.4016
11.4016
11.4016
11.4016
3.80037
3.80037
3.80038
3.80038
3.80038
3.80038
3.80038
3.80038
3.80037
3.80037
3.80031
3.80032
3.80032
3.80033
3.80033
3.80033
3.80033
3.80032
3.80032
3.80031
3.80034
3.80034
3.80035
3.80035
3.80035
3.80035
3.80035
3.80035
3.80034
3.80034
3.80037
3.80038
3.80038
3.80039
3.80039
3.80039
3.80039
3.80038
3.80038
3.80037
3.80041
3.80042
3.80042
3.80042
3.80043
3.80043
3.80042
3.80042
3.80042
3.80041
3.80043
3.80044
3.80044
3.80045
3.80045
3.80045
3.80045
3.80044
3.80044
3.80043
3.80045
3.80046
3.80047
3.80047
3.80047
3.80047
3.80047
3.80047
3.80046
3.80045
3.80047
3.80048
3.80049
3.80049
3.80049
3.80049
3.80049
3.80049
3.80048
3.80047
3.80049
3.8005
3.8005
3.80051
3.80051
3.80051
3.80051
3.8005
3.8005
3.80049
3.80051
3.80052
3.80052
3.80052
3.80053
3.80053
3.80052
3.80052
3.80052
3.80051
145.741
145.297
145.006
144.818
144.725
144.725
144.818
145.006
145.297
145.741
145.297
144.892
144.595
144.397
144.3
144.3
144.397
144.595
144.892
145.297
145.006
144.595
144.285
144.08
143.979
143.979
144.08
144.285
144.595
145.006
144.818
144.397
144.08
143.871
143.769
143.769
143.871
144.08
144.397
144.818
144.725
144.3
143.979
143.769
143.666
143.666
143.769
143.979
144.3
144.725
144.725
144.3
143.979
143.769
143.666
143.666
143.769
143.979
144.3
144.725
144.818
144.397
144.08
143.871
143.769
143.769
143.871
144.08
144.397
144.818
145.006
144.595
144.285
144.08
143.979
143.979
144.08
144.285
144.595
145.006
145.297
144.892
144.595
144.397
144.3
144.3
144.397
144.595
144.892
145.297
145.741
145.297
145.006
144.818
144.725
144.725
144.818
145.006
145.297
145.741
137.739
137.544
137.414
137.326
137.282
137.282
137.326
137.414
137.544
137.739
137.544
137.351
137.202
137.101
137.05
137.05
137.101
137.202
137.351
137.544
137.414
137.202
137.038
136.927
136.872
136.872
136.927
137.038
137.202
137.414
137.326
137.101
136.927
136.811
136.753
136.753
136.811
136.927
137.101
137.326
137.282
137.05
136.872
136.753
136.694
136.694
136.753
136.872
137.05
137.282
137.282
137.05
136.872
136.753
136.694
136.694
136.753
136.872
137.05
137.282
137.326
137.101
136.927
136.811
136.753
136.753
136.811
136.927
137.101
137.326
137.414
137.202
137.038
136.927
136.872
136.872
136.927
137.038
137.202
137.414
137.544
137.351
137.202
137.101
137.05
137.05
137.101
137.202
137.351
137.544
137.739
137.544
137.414
137.326
137.282
137.282
137.326
137.414
137.544
137.739
132.819
132.692
132.604
132.543
132.512
132.512
132.543
132.604
132.692
132.819
132.692
132.568
132.469
132.401
132.366
132.366
132.401
132.469
132.568
132.692
132.604
132.469
132.36
132.286
132.248
132.248
132.286
132.36
132.469
132.604
132.543
132.401
132.286
132.208
132.168
132.168
132.208
132.286
132.401
132.543
132.512
132.366
132.248
132.168
132.128
132.128
132.168
132.248
132.366
132.512
132.512
132.366
132.248
132.168
132.128
132.128
132.168
132.248
132.366
132.512
132.543
132.401
132.286
132.208
132.168
132.168
132.208
132.286
132.401
132.543
132.604
132.469
132.36
132.286
132.248
132.248
132.286
132.36
132.469
132.604
132.692
132.568
132.469
132.401
132.366
132.366
132.401
132.469
132.568
132.692
132.819
132.692
132.604
132.543
132.512
132.512
132.543
132.604
132.692
132.819
124.832
124.778
124.741
124.715
124.702
124.702
124.715
124.741
124.778
124.832
124.778
124.72
124.673
124.64
124.623
124.623
124.64
124.673
124.72
124.778
124.741
124.673
124.618
124.581
124.562
124.562
124.581
124.618
124.673
124.741
124.715
124.64
124.581
124.541
124.521
124.521
124.541
124.581
124.64
124.715
124.702
124.623
124.562
124.521
124.5
124.5
124.521
124.562
124.623
124.702
124.702
124.623
124.562
124.521
124.5
124.5
124.521
124.562
124.623
124.702
124.715
124.64
124.581
124.541
124.521
124.521
124.541
124.581
124.64
124.715
124.741
124.673
124.618
124.581
124.562
124.562
124.581
124.618
124.673
124.741
124.778
124.72
124.673
124.64
124.623
124.623
124.64
124.673
124.72
124.778
124.832
124.778
124.741
124.715
124.702
124.702
124.715
124.741
124.778
124.832
117.81
117.786
117.768
117.756
117.749
117.749
117.756
117.768
117.786
117.81
117.786
117.761
117.74
117.724
117.717
117.717
117.724
117.74
117.761
117.786
117.768
117.74
117.715
117.698
117.689
117.689
117.698
117.715
117.74
117.768
117.756
117.724
117.698
117.68
117.67
117.67
117.68
117.698
117.724
117.756
117.749
117.717
117.689
117.67
117.661
117.661
117.67
117.689
117.717
117.749
117.749
117.717
117.689
117.67
117.661
117.661
117.67
117.689
117.717
117.749
117.756
117.724
117.698
117.68
117.67
117.67
117.68
117.698
117.724
117.756
117.768
117.74
117.715
117.698
117.689
117.689
117.698
117.715
117.74
117.768
117.786
117.761
117.74
117.724
117.717
117.717
117.724
117.74
117.761
117.786
117.81
117.786
117.768
117.756
117.749
117.749
117.756
117.768
117.786
117.81
110.108
110.097
110.089
110.083
110.08
110.08
110.083
110.089
110.097
110.108
110.097
110.084
110.073
110.065
110.061
110.061
110.065
110.073
110.084
110.097
110.089
110.073
110.06
110.05
110.046
110.046
110.05
110.06
110.073
110.089
110.083
110.065
110.05
110.041
110.036
110.036
110.041
110.05
110.065
110.083
110.08
110.061
110.046
110.036
110.03
110.03
110.036
110.046
110.061
110.08
110.08
110.061
110.046
110.036
110.03
110.03
110.036
110.046
110.061
110.08
110.083
110.065
110.05
110.041
110.036
110.036
110.041
110.05
110.065
110.083
110.089
110.073
110.06
110.05
110.046
110.046
110.05
110.06
110.073
110.089
110.097
110.084
110.073
110.065
110.061
110.061
110.065
110.073
110.084
110.097
110.108
110.097
110.089
110.083
110.08
110.08
110.083
110.089
110.097
110.108
102.617
102.613
102.61
102.608
102.606
102.606
102.608
102.61
102.613
102.617
102.613
102.609
102.605
102.602
102.6
102.6
102.602
102.605
102.609
102.613
102.61
102.605
102.6
102.597
102.595
102.595
102.597
102.6
102.605
102.61
102.608
102.602
102.597
102.593
102.591
102.591
102.593
102.597
102.602
102.608
102.606
102.6
102.595
102.591
102.589
102.589
102.591
102.595
102.6
102.606
102.606
102.6
102.595
102.591
102.589
102.589
102.591
102.595
102.6
102.606
102.608
102.602
102.597
102.593
102.591
102.591
102.593
102.597
102.602
102.608
102.61
102.605
102.6
102.597
102.595
102.595
102.597
102.6
102.605
102.61
102.613
102.609
102.605
102.602
102.6
102.6
102.602
102.605
102.609
102.613
102.617
102.613
102.61
102.608
102.606
102.606
102.608
102.61
102.613
102.617
94.9961
94.9939
94.9923
94.9911
94.9905
94.9905
94.9911
94.9923
94.9939
94.9961
94.9939
94.9913
94.9891
94.9875
94.9867
94.9867
94.9875
94.9891
94.9913
94.9939
94.9923
94.9891
94.9864
94.9846
94.9836
94.9836
94.9846
94.9864
94.9891
94.9923
94.9911
94.9875
94.9846
94.9825
94.9815
94.9815
94.9825
94.9846
94.9875
94.9911
94.9905
94.9867
94.9836
94.9815
94.9804
94.9804
94.9815
94.9836
94.9867
94.9905
94.9905
94.9867
94.9836
94.9815
94.9804
94.9804
94.9815
94.9836
94.9867
94.9905
94.9911
94.9875
94.9846
94.9825
94.9815
94.9815
94.9825
94.9846
94.9875
94.9911
94.9923
94.9891
94.9864
94.9846
94.9836
94.9836
94.9846
94.9864
94.9891
94.9923
94.9939
94.9913
94.9891
94.9875
94.9867
94.9867
94.9875
94.9891
94.9913
94.9939
94.9961
94.9939
94.9923
94.9911
94.9905
94.9905
94.9911
94.9923
94.9939
94.9961
87.4138
87.4131
87.4126
87.4122
87.412
87.412
87.4122
87.4126
87.4131
87.4138
87.4131
87.4124
87.4117
87.4111
87.4108
87.4108
87.4111
87.4117
87.4124
87.4131
87.4126
87.4117
87.4108
87.4102
87.4098
87.4098
87.4102
87.4108
87.4117
87.4126
87.4122
87.4111
87.4102
87.4095
87.4091
87.4091
87.4095
87.4102
87.4111
87.4122
87.412
87.4108
87.4098
87.4091
87.4088
87.4088
87.4091
87.4098
87.4108
87.412
87.412
87.4108
87.4098
87.4091
87.4088
87.4088
87.4091
87.4098
87.4108
87.412
87.4122
87.4111
87.4102
87.4095
87.4091
87.4091
87.4095
87.4102
87.4111
87.4122
87.4126
87.4117
87.4108
87.4102
87.4098
87.4098
87.4102
87.4108
87.4117
87.4126
87.4131
87.4124
87.4117
87.4111
87.4108
87.4108
87.4111
87.4117
87.4124
87.4131
87.4138
87.4131
87.4126
87.4122
87.412
87.412
87.4122
87.4126
87.4131
87.4138
79.8094
79.809
79.8087
79.8085
79.8084
79.8084
79.8085
79.8087
79.809
79.8094
79.809
79.8085
79.8081
79.8079
79.8077
79.8077
79.8079
79.8081
79.8085
79.809
79.8087
79.8081
79.8077
79.8073
79.8071
79.8071
79.8073
79.8077
79.8081
79.8087
79.8085
79.8079
79.8073
79.8069
79.8067
79.8067
79.8069
79.8073
79.8079
79.8085
79.8084
79.8077
79.8071
79.8067
79.8065
79.8065
79.8067
79.8071
79.8077
79.8084
79.8084
79.8077
79.8071
79.8067
79.8065
79.8065
79.8067
79.8071
79.8077
79.8084
79.8085
79.8079
79.8073
79.8069
79.8067
79.8067
79.8069
79.8073
79.8079
79.8085
79.8087
79.8081
79.8077
79.8073
79.8071
79.8071
79.8073
79.8077
79.8081
79.8087
79.809
79.8085
79.8081
79.8079
79.8077
79.8077
79.8079
79.8081
79.8085
79.809
79.8094
79.809
79.8087
79.8085
79.8084
79.8084
79.8085
79.8087
79.809
79.8094
72.2111
72.211
72.2109
72.2108
72.2108
72.2108
72.2108
72.2109
72.211
72.2111
72.211
72.2108
72.2107
72.2106
72.2106
72.2106
72.2106
72.2107
72.2108
72.211
72.2109
72.2107
72.2106
72.2104
72.2104
72.2104
72.2104
72.2106
72.2107
72.2109
72.2108
72.2106
72.2104
72.2103
72.2103
72.2103
72.2103
72.2104
72.2106
72.2108
72.2108
72.2106
72.2104
72.2103
72.2102
72.2102
72.2103
72.2104
72.2106
72.2108
72.2108
72.2106
72.2104
72.2103
72.2102
72.2102
72.2103
72.2104
72.2106
72.2108
72.2108
72.2106
72.2104
72.2103
72.2103
72.2103
72.2103
72.2104
72.2106
72.2108
72.2109
72.2107
72.2106
72.2104
72.2104
72.2104
72.2104
72.2106
72.2107
72.2109
72.211
72.2108
72.2107
72.2106
72.2106
72.2106
72.2106
72.2107
72.2108
72.211
72.2111
72.211
72.2109
72.2108
72.2108
72.2108
72.2108
72.2109
72.211
72.2111
64.6095
64.6094
64.6094
64.6093
64.6093
64.6093
64.6093
64.6094
64.6094
64.6095
64.6094
64.6093
64.6093
64.6092
64.6092
64.6092
64.6092
64.6093
64.6093
64.6094
64.6094
64.6093
64.6092
64.6091
64.6091
64.6091
64.6091
64.6092
64.6093
64.6094
64.6093
64.6092
64.6091
64.6091
64.609
64.609
64.6091
64.6091
64.6092
64.6093
64.6093
64.6092
64.6091
64.609
64.609
64.609
64.609
64.6091
64.6092
64.6093
64.6093
64.6092
64.6091
64.609
64.609
64.609
64.609
64.6091
64.6092
64.6093
64.6093
64.6092
64.6091
64.6091
64.609
64.609
64.6091
64.6091
64.6092
64.6093
64.6094
64.6093
64.6092
64.6091
64.6091
64.6091
64.6091
64.6092
64.6093
64.6094
64.6094
64.6093
64.6093
64.6092
64.6092
64.6092
64.6092
64.6093
64.6093
64.6094
64.6095
64.6094
64.6094
64.6093
64.6093
64.6093
64.6093
64.6094
64.6094
64.6095
57.0087
57.0086
57.0086
57.0086
57.0086
57.0086
57.0086
57.0086
57.0086
57.0087
57.0086
57.0086
57.0086
57.0086
57.0086
57.0086
57.0086
57.0086
57.0086
57.0086
57.0086
57.0086
57.0086
57.0086
57.0086
57.0086
57.0086
57.0086
57.0086
57.0086
57.0086
57.0086
57.0086
57.0085
57.0085
57.0085
57.0085
57.0086
57.0086
57.0086
57.0086
57.0086
57.0086
57.0085
57.0085
57.0085
57.0085
57.0086
57.0086
57.0086
57.0086
57.0086
57.0086
57.0085
57.0085
57.0085
57.0085
57.0086
57.0086
57.0086
57.0086
57.0086
57.0086
57.0085
57.0085
57.0085
57.0085
57.0086
57.0086
57.0086
57.0086
57.0086
57.0086
57.0086
57.0086
57.0086
57.0086
57.0086
57.0086
57.0086
57.0086
57.0086
57.0086
57.0086
57.0086
57.0086
57.0086
57.0086
57.0086
57.0086
57.0087
57.0086
57.0086
57.0086
57.0086
57.0086
57.0086
57.0086
57.0086
57.0087
49.4074
49.4074
49.4074
49.4074
49.4074
49.4074
49.4074
49.4074
49.4074
49.4074
49.4074
49.4074
49.4074
49.4074
49.4074
49.4074
49.4074
49.4074
49.4074
49.4074
49.4074
49.4074
49.4074
49.4074
49.4074
49.4074
49.4074
49.4074
49.4074
49.4074
49.4074
49.4074
49.4074
49.4074
49.4074
49.4074
49.4074
49.4074
49.4074
49.4074
49.4074
49.4074
49.4074
49.4074
49.4074
49.4074
49.4074
49.4074
49.4074
49.4074
49.4074
49.4074
49.4074
49.4074
49.4074
49.4074
49.4074
49.4074
49.4074
49.4074
49.4074
49.4074
49.4074
49.4074
49.4074
49.4074
49.4074
49.4074
49.4074
49.4074
49.4074
49.4074
49.4074
49.4074
49.4074
49.4074
49.4074
49.4074
49.4074
49.4074
49.4074
49.4074
49.4074
49.4074
49.4074
49.4074
49.4074
49.4074
49.4074
49.4074
49.4074
49.4074
49.4074
49.4074
49.4074
49.4074
49.4074
49.4074
49.4074
49.4074
41.8063
41.8063
41.8063
41.8063
41.8063
41.8063
41.8063
41.8063
41.8063
41.8063
41.8063
41.8063
41.8063
41.8063
41.8063
41.8063
41.8063
41.8063
41.8063
41.8063
41.8063
41.8063
41.8063
41.8063
41.8063
41.8063
41.8063
41.8063
41.8063
41.8063
41.8063
41.8063
41.8063
41.8063
41.8063
41.8063
41.8063
41.8063
41.8063
41.8063
41.8063
41.8063
41.8063
41.8063
41.8063
41.8063
41.8063
41.8063
41.8063
41.8063
41.8063
41.8063
41.8063
41.8063
41.8063
41.8063
41.8063
41.8063
41.8063
41.8063
41.8063
41.8063
41.8063
41.8063
41.8063
41.8063
41.8063
41.8063
41.8063
41.8063
41.8063
41.8063
41.8063
41.8063
41.8063
41.8063
41.8063
41.8063
41.8063
41.8063
41.8063
41.8063
41.8063
41.8063
41.8063
41.8063
41.8063
41.8063
41.8063
41.8063
41.8063
41.8063
41.8063
41.8063
41.8063
41.8063
41.8063
41.8063
41.8063
41.8063
34.2051
34.2051
34.2051
34.2051
34.2051
34.2051
34.2051
34.2051
34.2051
34.2051
34.2051
34.2051
34.2051
34.2051
34.2051
34.2051
34.2051
34.2051
34.2051
34.2051
34.2051
34.2051
34.2051
34.2051
34.2051
34.2051
34.2051
34.2051
34.2051
34.2051
34.2051
34.2051
34.2051
34.2051
34.2051
34.2051
34.2051
34.2051
34.2051
34.2051
34.2051
34.2051
34.2051
34.2051
34.2051
34.2051
34.2051
34.2051
34.2051
34.2051
34.2051
34.2051
34.2051
34.2051
34.2051
34.2051
34.2051
34.2051
34.2051
34.2051
34.2051
34.2051
34.2051
34.2051
34.2051
34.2051
34.2051
34.2051
34.2051
34.2051
34.2051
34.2051
34.2051
34.2051
34.2051
34.2051
34.2051
34.2051
34.2051
34.2051
34.2051
34.2051
34.2051
34.2051
34.2051
34.2051
34.2051
34.2051
34.2051
34.2051
34.2051
34.2051
34.2051
34.2051
34.2051
34.2051
34.2051
34.2051
34.2051
34.2051
26.6039
26.6039
26.6039
26.6039
26.6039
26.6039
26.6039
26.6039
26.6039
26.6039
26.6039
26.6039
26.6039
26.6039
26.6039
26.6039
26.6039
26.6039
26.6039
26.6039
26.6039
26.6039
26.6039
26.6039
26.6039
26.6039
26.6039
26.6039
26.6039
26.6039
26.6039
26.6039
26.6039
26.6039
26.6039
26.6039
26.6039
26.6039
26.6039
26.6039
26.6039
26.6039
26.6039
26.6039
26.6039
26.6039
26.6039
26.6039
26.6039
26.6039
26.6039
26.6039
26.6039
26.6039
26.6039
26.6039
26.6039
26.6039
26.6039
26.6039
26.6039
26.6039
26.6039
26.6039
26.6039
26.6039
26.6039
26.6039
26.6039
26.6039
26.6039
26.6039
26.6039
26.6039
26.6039
26.6039
26.6039
26.6039
26.6039
26.6039
26.6039
26.6039
26.6039
26.6039
26.6039
26.6039
26.6039
26.6039
26.6039
26.6039
26.6039
26.6039
26.6039
26.6039
26.6039
26.6039
26.6039
26.6039
26.6039
26.6039
19.0028
19.0028
19.0028
19.0028
19.0028
19.0028
19.0028
19.0028
19.0028
19.0028
19.0028
19.0028
19.0028
19.0028
19.0028
19.0028
19.0028
19.0028
19.0028
19.0028
19.0028
19.0028
19.0028
19.0028
19.0028
19.0028
19.0028
19.0028
19.0028
19.0028
19.0028
19.0028
19.0028
19.0028
19.0028
19.0028
19.0028
19.0028
19.0028
19.0028
19.0028
19.0028
19.0028
19.0028
19.0028
19.0028
19.0028
19.0028
19.0028
19.0028
19.0028
19.0028
19.0028
19.0028
19.0028
19.0028
19.0028
19.0028
19.0028
19.0028
19.0028
19.0028
19.0028
19.0028
19.0028
19.0028
19.0028
19.0028
19.0028
19.0028
19.0028
19.0028
19.0028
19.0028
19.0028
19.0028
19.0028
19.0028
19.0028
19.0028
19.0028
19.0028
19.0028
19.0028
19.0028
19.0028
19.0028
19.0028
19.0028
19.0028
19.0028
19.0028
19.0028
19.0028
19.0028
19.0028
19.0028
19.0028
19.0028
19.0028
11.4016
11.4016
11.4016
11.4016
11.4016
11.4016
11.4016
11.4016
11.4016
11.4016
11.4016
11.4016
11.4016
11.4016
11.4016
11.4016
11.4016
11.4016
11.4016
11.4016
11.4016
11.4016
11.4016
11.4016
11.4016
11.4016
11.4016
11.4016
11.4016
11.4016
11.4016
11.4016
11.4016
11.4016
11.4016
11.4016
11.4016
11.4016
11.4016
11.4016
11.4016
11.4016
11.4016
11.4016
11.4016
11.4016
11.4016
11.4016
11.4016
11.4016
11.4016
11.4016
11.4016
11.4016
11.4016
11.4016
11.4016
11.4016
11.4016
11.4016
11.4016
11.4016
11.4016
11.4016
11.4016
11.4016
11.4016
11.4016
11.4016
11.4016
11.4016
11.4016
11.4016
11.4016
11.4016
11.4016
11.4016
11.4016
11.4016
11.4016
11.4016
11.4016
11.4016
11.4016
11.4016
11.4016
11.4016
11.4016
11.4016
11.4016
11.4016
11.4016
11.4016
11.4016
11.4016
11.4016
11.4016
11.4016
11.4016
11.4016
3.80052
3.80053
3.80053
3.80054
3.80054
3.80054
3.80054
3.80053
3.80053
3.80052
3.80053
3.80054
3.80054
3.80055
3.80055
3.80055
3.80055
3.80054
3.80053
3.80053
3.80053
3.80054
3.80055
3.80055
3.80055
3.80055
3.80055
3.80055
3.80054
3.80053
3.80054
3.80055
3.80055
3.80056
3.80056
3.80056
3.80056
3.80055
3.80055
3.80054
3.80054
3.80055
3.80055
3.80056
3.80056
3.80056
3.80056
3.80055
3.80055
3.80054
3.80054
3.80055
3.80055
3.80056
3.80056
3.80056
3.80056
3.80055
3.80055
3.80054
3.80054
3.80055
3.80055
3.80056
3.80056
3.80056
3.80056
3.80055
3.80054
3.80054
3.80053
3.80054
3.80055
3.80055
3.80055
3.80055
3.80055
3.80055
3.80054
3.80053
3.80053
3.80053
3.80054
3.80055
3.80055
3.80055
3.80054
3.80054
3.80053
3.80053
3.80052
3.80053
3.80053
3.80054
3.80054
3.80054
3.80054
3.80053
3.80053
3.80052
)
;

boundaryField
{
    fixedWalls
    {
        type            zeroGradient;
    }
    inlet
    {
        type            fixedGradient;
        gradient        uniform 0;
    }
    outlet
    {
        type            fixedValue;
        value           uniform 0;
    }
}


// ************************************************************************* //
