/*--------------------------------*- C++ -*----------------------------------*\
| =========                 |                                                 |
| \\      /  F ield         | OpenFOAM: The Open Source CFD Toolbox           |
|  \\    /   O peration     | Version:  2106                                  |
|   \\  /    A nd           | Website:  www.openfoam.com                      |
|    \\/     M anipulation  |                                                 |
\*---------------------------------------------------------------------------*/
FoamFile
{
    version     2.0;
    format      ascii;
    arch        "LSB;label=32;scalar=64";
    class       volScalarField;
    location    "0.01";
    object      p;
}
// * * * * * * * * * * * * * * * * * * * * * * * * * * * * * * * * * * * * * //

dimensions      [0 2 -2 0 0 0 0];

internalField   nonuniform List<scalar> 
10000
(
262.677
262.593
262.519
262.462
262.432
262.432
262.462
262.519
262.593
262.677
261.481
261.372
261.281
261.214
261.179
261.179
261.214
261.281
261.372
261.481
260.638
260.507
260.403
260.329
260.289
260.289
260.329
260.403
260.507
260.638
260.019
259.877
259.768
259.69
259.649
259.649
259.69
259.768
259.877
260.019
259.509
259.364
259.255
259.178
259.137
259.137
259.178
259.255
259.364
259.509
259.089
258.947
258.84
258.766
258.728
258.728
258.766
258.84
258.947
259.089
258.747
258.612
258.512
258.442
258.406
258.406
258.442
258.512
258.612
258.747
258.471
258.347
258.254
258.191
258.158
258.158
258.191
258.254
258.347
258.471
258.247
258.138
258.055
257.999
257.97
257.97
257.999
258.055
258.138
258.247
258.067
257.975
257.903
257.855
257.831
257.831
257.855
257.903
257.975
258.067
244.458
244.495
244.533
244.561
244.575
244.575
244.561
244.533
244.495
244.458
244.357
244.375
244.4
244.418
244.427
244.427
244.418
244.4
244.375
244.357
244.175
244.176
244.187
244.197
244.202
244.202
244.197
244.187
244.176
244.175
243.973
243.957
243.957
243.959
243.961
243.961
243.959
243.957
243.957
243.973
243.765
243.736
243.726
243.722
243.72
243.72
243.722
243.726
243.736
243.765
243.559
243.518
243.5
243.49
243.486
243.486
243.49
243.5
243.518
243.559
243.358
243.307
243.283
243.27
243.263
243.263
243.27
243.283
243.307
243.358
243.165
243.109
243.08
243.064
243.057
243.057
243.064
243.08
243.109
243.165
242.984
242.927
242.894
242.876
242.868
242.868
242.876
242.894
242.927
242.984
242.824
242.769
242.732
242.711
242.701
242.701
242.711
242.732
242.769
242.824
231.197
231.193
231.192
231.192
231.192
231.192
231.192
231.192
231.193
231.197
231.189
231.183
231.181
231.179
231.178
231.178
231.179
231.181
231.183
231.189
231.159
231.148
231.141
231.137
231.134
231.134
231.137
231.141
231.148
231.159
231.104
231.087
231.075
231.067
231.062
231.062
231.067
231.075
231.087
231.104
231.034
231.011
230.994
230.982
230.976
230.976
230.982
230.994
231.011
231.034
230.957
230.928
230.907
230.892
230.884
230.884
230.892
230.907
230.928
230.957
230.879
230.845
230.82
230.803
230.794
230.794
230.803
230.82
230.845
230.879
230.802
230.766
230.738
230.72
230.711
230.711
230.72
230.738
230.766
230.802
230.728
230.692
230.665
230.646
230.636
230.636
230.646
230.665
230.692
230.728
230.662
230.628
230.601
230.583
230.574
230.574
230.583
230.601
230.628
230.662
217.809
217.81
217.811
217.812
217.813
217.813
217.812
217.811
217.81
217.809
217.808
217.807
217.808
217.808
217.808
217.808
217.808
217.808
217.807
217.808
217.795
217.792
217.791
217.791
217.79
217.79
217.791
217.791
217.792
217.795
217.771
217.766
217.763
217.761
217.76
217.76
217.761
217.763
217.766
217.771
217.74
217.732
217.727
217.723
217.721
217.721
217.723
217.727
217.732
217.741
217.704
217.693
217.685
217.68
217.677
217.677
217.68
217.685
217.693
217.704
217.665
217.651
217.641
217.634
217.631
217.631
217.634
217.641
217.651
217.665
217.625
217.608
217.597
217.589
217.585
217.585
217.589
217.597
217.608
217.625
217.584
217.567
217.554
217.546
217.542
217.542
217.546
217.554
217.567
217.584
217.546
217.529
217.516
217.507
217.503
217.503
217.507
217.516
217.529
217.546
204.543
204.543
204.543
204.544
204.544
204.544
204.544
204.543
204.543
204.543
204.542
204.542
204.542
204.542
204.542
204.542
204.542
204.542
204.542
204.542
204.537
204.536
204.536
204.536
204.535
204.535
204.536
204.536
204.536
204.537
204.528
204.526
204.524
204.523
204.523
204.523
204.523
204.524
204.526
204.528
204.515
204.511
204.509
204.507
204.506
204.506
204.507
204.509
204.511
204.515
204.499
204.494
204.49
204.487
204.486
204.486
204.487
204.49
204.494
204.499
204.481
204.474
204.47
204.466
204.465
204.465
204.466
204.47
204.474
204.481
204.462
204.454
204.449
204.445
204.443
204.443
204.445
204.449
204.454
204.462
204.443
204.434
204.428
204.424
204.421
204.421
204.424
204.428
204.434
204.443
204.425
204.416
204.409
204.404
204.402
204.402
204.404
204.409
204.416
204.425
191.319
191.319
191.319
191.319
191.319
191.319
191.319
191.319
191.319
191.319
191.318
191.318
191.318
191.318
191.318
191.318
191.318
191.318
191.318
191.318
191.316
191.316
191.316
191.315
191.315
191.315
191.315
191.316
191.316
191.316
191.312
191.311
191.311
191.31
191.31
191.31
191.31
191.311
191.311
191.312
191.306
191.305
191.304
191.303
191.302
191.302
191.303
191.304
191.305
191.306
191.299
191.297
191.295
191.294
191.293
191.293
191.294
191.295
191.297
191.299
191.291
191.288
191.285
191.284
191.283
191.283
191.284
191.285
191.288
191.291
191.282
191.278
191.275
191.274
191.273
191.273
191.274
191.275
191.278
191.282
191.273
191.269
191.265
191.263
191.262
191.262
191.263
191.265
191.269
191.273
191.264
191.259
191.256
191.254
191.253
191.253
191.254
191.256
191.259
191.264
178.112
178.112
178.112
178.112
178.112
178.112
178.112
178.112
178.112
178.112
178.112
178.112
178.112
178.112
178.112
178.112
178.112
178.112
178.112
178.112
178.111
178.111
178.11
178.11
178.11
178.11
178.11
178.11
178.111
178.111
178.109
178.108
178.108
178.108
178.108
178.108
178.108
178.108
178.108
178.109
178.106
178.106
178.105
178.105
178.104
178.104
178.105
178.105
178.106
178.106
178.103
178.102
178.101
178.1
178.1
178.1
178.1
178.101
178.102
178.103
178.099
178.098
178.097
178.096
178.095
178.095
178.096
178.097
178.098
178.099
178.095
178.093
178.092
178.091
178.09
178.09
178.091
178.092
178.093
178.095
178.091
178.089
178.087
178.086
178.085
178.085
178.086
178.087
178.089
178.091
178.086
178.084
178.082
178.081
178.081
178.081
178.081
178.082
178.084
178.086
164.913
164.913
164.913
164.913
164.913
164.913
164.913
164.913
164.913
164.913
164.913
164.913
164.913
164.913
164.913
164.913
164.913
164.913
164.913
164.913
164.912
164.912
164.912
164.912
164.912
164.912
164.912
164.912
164.912
164.912
164.912
164.911
164.911
164.911
164.911
164.911
164.911
164.911
164.911
164.912
164.91
164.91
164.91
164.91
164.909
164.909
164.91
164.91
164.91
164.91
164.909
164.908
164.908
164.908
164.908
164.908
164.908
164.908
164.908
164.909
164.907
164.906
164.906
164.905
164.905
164.905
164.905
164.906
164.906
164.907
164.905
164.904
164.904
164.903
164.903
164.903
164.903
164.904
164.904
164.905
164.903
164.902
164.901
164.901
164.901
164.901
164.901
164.901
164.902
164.903
164.901
164.9
164.899
164.899
164.898
164.898
164.899
164.899
164.9
164.901
151.718
151.718
151.718
151.718
151.718
151.718
151.718
151.718
151.718
151.718
151.718
151.718
151.718
151.718
151.718
151.718
151.718
151.718
151.718
151.718
151.717
151.717
151.717
151.717
151.717
151.717
151.717
151.717
151.717
151.717
151.717
151.717
151.717
151.717
151.717
151.717
151.717
151.717
151.717
151.717
151.716
151.716
151.716
151.716
151.716
151.716
151.716
151.716
151.716
151.716
151.716
151.716
151.715
151.715
151.715
151.715
151.715
151.715
151.716
151.716
151.715
151.715
151.714
151.714
151.714
151.714
151.714
151.714
151.715
151.715
151.714
151.714
151.713
151.713
151.713
151.713
151.713
151.713
151.714
151.714
151.713
151.713
151.712
151.712
151.712
151.712
151.712
151.712
151.713
151.713
151.712
151.712
151.711
151.711
151.711
151.711
151.711
151.711
151.712
151.712
138.524
138.524
138.524
138.524
138.524
138.524
138.524
138.524
138.524
138.524
138.524
138.524
138.524
138.524
138.524
138.524
138.524
138.524
138.524
138.524
138.524
138.524
138.524
138.524
138.524
138.524
138.524
138.524
138.524
138.524
138.524
138.524
138.524
138.524
138.524
138.524
138.524
138.524
138.524
138.524
138.524
138.523
138.523
138.523
138.523
138.523
138.523
138.523
138.523
138.524
138.523
138.523
138.523
138.523
138.523
138.523
138.523
138.523
138.523
138.523
138.523
138.523
138.523
138.522
138.522
138.522
138.522
138.523
138.523
138.523
138.522
138.522
138.522
138.522
138.522
138.522
138.522
138.522
138.522
138.522
138.522
138.522
138.522
138.521
138.521
138.521
138.521
138.522
138.522
138.522
138.521
138.521
138.521
138.521
138.521
138.521
138.521
138.521
138.521
138.521
125.331
125.331
125.331
125.331
125.331
125.331
125.331
125.331
125.331
125.331
125.331
125.331
125.331
125.331
125.331
125.331
125.331
125.331
125.331
125.331
125.331
125.331
125.331
125.331
125.331
125.331
125.331
125.331
125.331
125.331
125.331
125.331
125.331
125.331
125.331
125.331
125.331
125.331
125.331
125.331
125.331
125.331
125.331
125.331
125.331
125.331
125.331
125.331
125.331
125.331
125.331
125.331
125.331
125.331
125.331
125.331
125.331
125.331
125.331
125.331
125.331
125.331
125.331
125.331
125.331
125.331
125.331
125.331
125.331
125.331
125.33
125.33
125.33
125.33
125.33
125.33
125.33
125.33
125.33
125.33
125.33
125.33
125.33
125.33
125.33
125.33
125.33
125.33
125.33
125.33
125.33
125.33
125.33
125.33
125.33
125.33
125.33
125.33
125.33
125.33
112.139
112.139
112.139
112.139
112.139
112.139
112.139
112.139
112.139
112.139
112.139
112.139
112.139
112.139
112.139
112.139
112.139
112.139
112.139
112.139
112.139
112.139
112.139
112.139
112.139
112.139
112.139
112.139
112.139
112.139
112.139
112.139
112.139
112.139
112.139
112.139
112.139
112.139
112.139
112.139
112.139
112.139
112.139
112.139
112.139
112.139
112.139
112.139
112.139
112.139
112.139
112.139
112.139
112.139
112.139
112.139
112.139
112.139
112.139
112.139
112.139
112.139
112.139
112.139
112.139
112.139
112.139
112.139
112.139
112.139
112.138
112.138
112.138
112.138
112.138
112.138
112.138
112.138
112.138
112.138
112.138
112.138
112.138
112.138
112.138
112.138
112.138
112.138
112.138
112.138
112.138
112.138
112.138
112.138
112.138
112.138
112.138
112.138
112.138
112.138
98.9467
98.9467
98.9467
98.9467
98.9467
98.9467
98.9467
98.9467
98.9467
98.9467
98.9467
98.9467
98.9467
98.9467
98.9467
98.9467
98.9467
98.9467
98.9467
98.9467
98.9467
98.9466
98.9466
98.9466
98.9466
98.9466
98.9466
98.9466
98.9466
98.9467
98.9466
98.9466
98.9466
98.9466
98.9466
98.9466
98.9466
98.9466
98.9466
98.9466
98.9466
98.9466
98.9466
98.9466
98.9466
98.9466
98.9466
98.9466
98.9466
98.9466
98.9466
98.9465
98.9465
98.9465
98.9465
98.9465
98.9465
98.9465
98.9465
98.9466
98.9465
98.9465
98.9465
98.9465
98.9465
98.9465
98.9465
98.9465
98.9465
98.9465
98.9465
98.9464
98.9464
98.9464
98.9464
98.9464
98.9464
98.9464
98.9464
98.9465
98.9464
98.9464
98.9464
98.9463
98.9463
98.9463
98.9463
98.9464
98.9464
98.9464
98.9463
98.9463
98.9463
98.9463
98.9463
98.9463
98.9463
98.9463
98.9463
98.9463
85.7545
85.7545
85.7545
85.7545
85.7545
85.7545
85.7545
85.7545
85.7545
85.7545
85.7545
85.7545
85.7545
85.7545
85.7545
85.7545
85.7545
85.7545
85.7545
85.7545
85.7545
85.7545
85.7545
85.7545
85.7545
85.7545
85.7545
85.7545
85.7545
85.7545
85.7545
85.7545
85.7545
85.7545
85.7545
85.7545
85.7545
85.7545
85.7545
85.7545
85.7545
85.7545
85.7545
85.7545
85.7545
85.7545
85.7545
85.7545
85.7545
85.7545
85.7545
85.7544
85.7544
85.7544
85.7544
85.7544
85.7544
85.7544
85.7544
85.7545
85.7544
85.7544
85.7544
85.7544
85.7544
85.7544
85.7544
85.7544
85.7544
85.7544
85.7544
85.7544
85.7544
85.7543
85.7543
85.7543
85.7543
85.7544
85.7544
85.7544
85.7543
85.7543
85.7543
85.7543
85.7543
85.7543
85.7543
85.7543
85.7543
85.7543
85.7543
85.7543
85.7543
85.7543
85.7543
85.7543
85.7543
85.7543
85.7543
85.7543
72.5625
72.5624
72.5624
72.5624
72.5624
72.5624
72.5624
72.5624
72.5624
72.5625
72.5624
72.5624
72.5624
72.5624
72.5624
72.5624
72.5624
72.5624
72.5624
72.5624
72.5624
72.5624
72.5624
72.5624
72.5624
72.5624
72.5624
72.5624
72.5624
72.5624
72.5624
72.5624
72.5624
72.5624
72.5624
72.5624
72.5624
72.5624
72.5624
72.5624
72.5624
72.5624
72.5624
72.5624
72.5624
72.5624
72.5624
72.5624
72.5624
72.5624
72.5624
72.5624
72.5623
72.5623
72.5623
72.5623
72.5623
72.5623
72.5624
72.5624
72.5623
72.5623
72.5623
72.5623
72.5623
72.5623
72.5623
72.5623
72.5623
72.5623
72.5623
72.5623
72.5623
72.5623
72.5623
72.5623
72.5623
72.5623
72.5623
72.5623
72.5622
72.5622
72.5622
72.5622
72.5622
72.5622
72.5622
72.5622
72.5622
72.5622
72.5622
72.5622
72.5622
72.5622
72.5622
72.5622
72.5622
72.5622
72.5622
72.5622
59.3705
59.3704
59.3704
59.3704
59.3704
59.3704
59.3704
59.3704
59.3704
59.3705
59.3704
59.3704
59.3704
59.3704
59.3704
59.3704
59.3704
59.3704
59.3704
59.3704
59.3704
59.3704
59.3704
59.3704
59.3704
59.3704
59.3704
59.3704
59.3704
59.3704
59.3704
59.3704
59.3704
59.3704
59.3704
59.3704
59.3704
59.3704
59.3704
59.3704
59.3703
59.3703
59.3703
59.3703
59.3703
59.3703
59.3703
59.3703
59.3703
59.3704
59.3703
59.3703
59.3703
59.3703
59.3702
59.3702
59.3703
59.3703
59.3703
59.3703
59.3702
59.3702
59.3702
59.3702
59.3702
59.3702
59.3702
59.3702
59.3702
59.3702
59.3702
59.3702
59.3701
59.3701
59.3701
59.3701
59.3701
59.3701
59.3701
59.3702
59.3701
59.3701
59.3701
59.3701
59.37
59.37
59.3701
59.3701
59.3701
59.3701
59.37
59.37
59.37
59.37
59.37
59.37
59.37
59.37
59.37
59.37
46.1786
46.1786
46.1786
46.1786
46.1786
46.1786
46.1786
46.1786
46.1786
46.1786
46.1786
46.1786
46.1786
46.1785
46.1785
46.1785
46.1785
46.1786
46.1786
46.1786
46.1785
46.1785
46.1785
46.1785
46.1785
46.1785
46.1785
46.1785
46.1785
46.1785
46.1785
46.1784
46.1784
46.1784
46.1784
46.1784
46.1784
46.1784
46.1784
46.1785
46.1783
46.1783
46.1783
46.1783
46.1783
46.1783
46.1783
46.1783
46.1783
46.1784
46.1782
46.1782
46.1782
46.1781
46.1781
46.1781
46.1781
46.1782
46.1782
46.1782
46.1781
46.1781
46.178
46.178
46.178
46.178
46.178
46.178
46.1781
46.1781
46.178
46.1779
46.1779
46.1779
46.1779
46.1779
46.1779
46.1779
46.1779
46.178
46.1779
46.1778
46.1778
46.1778
46.1778
46.1778
46.1778
46.1778
46.1778
46.1779
46.1778
46.1777
46.1777
46.1777
46.1777
46.1777
46.1777
46.1777
46.1777
46.1778
32.987
32.987
32.9869
32.9869
32.9869
32.9869
32.9869
32.9869
32.987
32.987
32.987
32.987
32.987
32.9869
32.9869
32.9869
32.9869
32.987
32.987
32.987
32.9869
32.9868
32.9868
32.9868
32.9868
32.9868
32.9868
32.9868
32.9868
32.9869
32.9866
32.9866
32.9866
32.9865
32.9865
32.9865
32.9865
32.9866
32.9866
32.9866
32.9864
32.9863
32.9863
32.9863
32.9862
32.9862
32.9863
32.9863
32.9863
32.9864
32.9862
32.9861
32.986
32.986
32.986
32.986
32.986
32.986
32.9861
32.9862
32.9859
32.9858
32.9858
32.9857
32.9857
32.9857
32.9857
32.9858
32.9858
32.9859
32.9857
32.9856
32.9855
32.9855
32.9854
32.9854
32.9855
32.9855
32.9856
32.9857
32.9855
32.9854
32.9853
32.9853
32.9852
32.9852
32.9853
32.9853
32.9854
32.9855
32.9853
32.9852
32.9851
32.9851
32.9851
32.9851
32.9851
32.9851
32.9852
32.9853
19.7969
19.7968
19.7966
19.7965
19.7965
19.7965
19.7965
19.7966
19.7968
19.7969
19.7979
19.7978
19.7977
19.7976
19.7975
19.7975
19.7976
19.7977
19.7978
19.7979
19.7973
19.7972
19.797
19.7969
19.7968
19.7968
19.7969
19.797
19.7972
19.7973
19.7962
19.796
19.7958
19.7957
19.7956
19.7956
19.7957
19.7958
19.796
19.7962
19.795
19.7948
19.7947
19.7945
19.7945
19.7945
19.7945
19.7947
19.7948
19.795
19.7942
19.794
19.7939
19.7938
19.7937
19.7937
19.7938
19.7939
19.794
19.7942
19.7936
19.7934
19.7932
19.7931
19.7931
19.7931
19.7931
19.7932
19.7934
19.7936
19.793
19.7929
19.7927
19.7926
19.7926
19.7926
19.7926
19.7927
19.7929
19.793
19.7926
19.7925
19.7923
19.7923
19.7922
19.7922
19.7923
19.7923
19.7925
19.7926
19.7923
19.7922
19.792
19.792
19.792
19.792
19.792
19.792
19.7921
19.7923
6.60127
6.60115
6.60101
6.60091
6.60085
6.60085
6.60091
6.60101
6.60115
6.60127
6.60221
6.60209
6.60197
6.60187
6.60181
6.60181
6.60187
6.60197
6.60209
6.60221
6.60166
6.60155
6.60143
6.60133
6.60128
6.60128
6.60133
6.60143
6.60155
6.60166
6.60076
6.60059
6.60046
6.60036
6.60031
6.60031
6.60036
6.60046
6.60059
6.60076
6.59982
6.59965
6.59952
6.59944
6.59939
6.59939
6.59944
6.59952
6.59965
6.59982
6.5992
6.59904
6.59893
6.59885
6.59881
6.59881
6.59885
6.59893
6.59904
6.5992
6.59871
6.59857
6.59847
6.5984
6.59837
6.59837
6.5984
6.59847
6.59857
6.59871
6.59834
6.59821
6.59812
6.59807
6.59804
6.59804
6.59807
6.59812
6.59821
6.59834
6.59805
6.59794
6.59787
6.59782
6.5978
6.5978
6.59782
6.59787
6.59795
6.59805
6.59783
6.59775
6.59768
6.59764
6.59762
6.59762
6.59764
6.59768
6.59774
6.59783
262.677
262.593
262.519
262.462
262.432
262.432
262.462
262.519
262.593
262.677
261.481
261.372
261.281
261.214
261.179
261.179
261.214
261.281
261.372
261.481
260.638
260.507
260.403
260.329
260.289
260.289
260.329
260.403
260.507
260.638
260.019
259.877
259.768
259.69
259.649
259.649
259.69
259.768
259.877
260.019
259.509
259.364
259.255
259.178
259.137
259.137
259.178
259.255
259.364
259.509
259.089
258.947
258.84
258.766
258.728
258.728
258.766
258.84
258.947
259.089
258.747
258.612
258.512
258.442
258.406
258.406
258.442
258.512
258.612
258.747
258.471
258.347
258.254
258.191
258.158
258.158
258.191
258.254
258.347
258.471
258.247
258.138
258.055
257.999
257.97
257.97
257.999
258.055
258.138
258.247
258.067
257.975
257.903
257.855
257.831
257.831
257.855
257.903
257.975
258.067
244.458
244.495
244.533
244.561
244.575
244.575
244.561
244.533
244.495
244.458
244.357
244.375
244.4
244.418
244.427
244.427
244.418
244.4
244.375
244.357
244.175
244.176
244.187
244.197
244.202
244.202
244.197
244.187
244.176
244.175
243.973
243.957
243.957
243.959
243.961
243.961
243.959
243.957
243.957
243.973
243.765
243.736
243.726
243.722
243.72
243.72
243.722
243.726
243.736
243.765
243.559
243.518
243.5
243.49
243.486
243.486
243.49
243.5
243.518
243.559
243.358
243.307
243.283
243.27
243.263
243.263
243.27
243.283
243.307
243.358
243.165
243.109
243.08
243.064
243.057
243.057
243.064
243.08
243.109
243.165
242.984
242.927
242.894
242.876
242.868
242.868
242.876
242.894
242.927
242.984
242.824
242.769
242.732
242.711
242.701
242.701
242.711
242.732
242.769
242.824
231.197
231.193
231.192
231.192
231.192
231.192
231.192
231.192
231.193
231.197
231.189
231.183
231.181
231.179
231.178
231.178
231.179
231.181
231.183
231.189
231.159
231.148
231.141
231.137
231.134
231.134
231.137
231.141
231.148
231.159
231.104
231.087
231.075
231.067
231.062
231.062
231.067
231.075
231.087
231.104
231.034
231.011
230.994
230.982
230.976
230.976
230.982
230.994
231.011
231.034
230.957
230.928
230.907
230.892
230.884
230.884
230.892
230.907
230.928
230.957
230.879
230.845
230.82
230.803
230.794
230.794
230.803
230.82
230.845
230.879
230.802
230.766
230.738
230.72
230.711
230.711
230.72
230.738
230.766
230.802
230.728
230.692
230.665
230.646
230.636
230.636
230.646
230.665
230.692
230.728
230.662
230.628
230.601
230.583
230.574
230.574
230.583
230.601
230.628
230.662
217.809
217.81
217.811
217.812
217.813
217.813
217.812
217.811
217.81
217.809
217.808
217.807
217.808
217.808
217.808
217.808
217.808
217.808
217.807
217.808
217.795
217.792
217.791
217.791
217.79
217.79
217.791
217.791
217.792
217.795
217.771
217.766
217.763
217.761
217.76
217.76
217.761
217.763
217.766
217.771
217.74
217.732
217.727
217.723
217.721
217.721
217.723
217.727
217.732
217.741
217.704
217.693
217.685
217.68
217.677
217.677
217.68
217.685
217.693
217.704
217.665
217.651
217.641
217.634
217.631
217.631
217.634
217.641
217.651
217.665
217.625
217.608
217.597
217.589
217.585
217.585
217.589
217.597
217.608
217.625
217.584
217.567
217.554
217.546
217.542
217.542
217.546
217.554
217.567
217.584
217.546
217.529
217.516
217.507
217.503
217.503
217.507
217.516
217.529
217.546
204.543
204.543
204.543
204.544
204.544
204.544
204.544
204.543
204.543
204.543
204.542
204.542
204.542
204.542
204.542
204.542
204.542
204.542
204.542
204.542
204.537
204.536
204.536
204.536
204.535
204.535
204.536
204.536
204.536
204.537
204.528
204.526
204.524
204.523
204.523
204.523
204.523
204.524
204.526
204.528
204.515
204.511
204.509
204.507
204.506
204.506
204.507
204.509
204.511
204.515
204.499
204.494
204.49
204.487
204.486
204.486
204.487
204.49
204.494
204.499
204.481
204.474
204.47
204.466
204.465
204.465
204.466
204.47
204.474
204.481
204.462
204.454
204.449
204.445
204.443
204.443
204.445
204.449
204.454
204.462
204.443
204.434
204.428
204.424
204.421
204.421
204.424
204.428
204.434
204.443
204.425
204.416
204.409
204.404
204.402
204.402
204.404
204.409
204.416
204.425
191.319
191.319
191.319
191.319
191.319
191.319
191.319
191.319
191.319
191.319
191.318
191.318
191.318
191.318
191.318
191.318
191.318
191.318
191.318
191.318
191.316
191.316
191.316
191.315
191.315
191.315
191.315
191.316
191.316
191.316
191.312
191.311
191.311
191.31
191.31
191.31
191.31
191.311
191.311
191.312
191.306
191.305
191.304
191.303
191.302
191.302
191.303
191.304
191.305
191.306
191.299
191.297
191.295
191.294
191.293
191.293
191.294
191.295
191.297
191.299
191.291
191.288
191.285
191.284
191.283
191.283
191.284
191.285
191.288
191.291
191.282
191.278
191.275
191.274
191.273
191.273
191.274
191.275
191.278
191.282
191.273
191.269
191.265
191.263
191.262
191.262
191.263
191.265
191.269
191.273
191.264
191.259
191.256
191.254
191.253
191.253
191.254
191.256
191.259
191.264
178.112
178.112
178.112
178.112
178.112
178.112
178.112
178.112
178.112
178.112
178.112
178.112
178.112
178.112
178.112
178.112
178.112
178.112
178.112
178.112
178.111
178.111
178.11
178.11
178.11
178.11
178.11
178.11
178.111
178.111
178.109
178.108
178.108
178.108
178.108
178.108
178.108
178.108
178.108
178.109
178.106
178.106
178.105
178.105
178.104
178.104
178.105
178.105
178.106
178.106
178.103
178.102
178.101
178.1
178.1
178.1
178.1
178.101
178.102
178.103
178.099
178.098
178.097
178.096
178.095
178.095
178.096
178.097
178.098
178.099
178.095
178.093
178.092
178.091
178.09
178.09
178.091
178.092
178.093
178.095
178.091
178.089
178.087
178.086
178.085
178.085
178.086
178.087
178.089
178.091
178.086
178.084
178.082
178.081
178.081
178.081
178.081
178.082
178.084
178.086
164.913
164.913
164.913
164.913
164.913
164.913
164.913
164.913
164.913
164.913
164.913
164.913
164.913
164.913
164.913
164.913
164.913
164.913
164.913
164.913
164.912
164.912
164.912
164.912
164.912
164.912
164.912
164.912
164.912
164.912
164.912
164.911
164.911
164.911
164.911
164.911
164.911
164.911
164.911
164.912
164.91
164.91
164.91
164.91
164.909
164.909
164.91
164.91
164.91
164.91
164.909
164.908
164.908
164.908
164.908
164.908
164.908
164.908
164.908
164.909
164.907
164.906
164.906
164.905
164.905
164.905
164.905
164.906
164.906
164.907
164.905
164.904
164.904
164.903
164.903
164.903
164.903
164.904
164.904
164.905
164.903
164.902
164.901
164.901
164.901
164.901
164.901
164.901
164.902
164.903
164.901
164.9
164.899
164.899
164.898
164.898
164.899
164.899
164.9
164.901
151.718
151.718
151.718
151.718
151.718
151.718
151.718
151.718
151.718
151.718
151.718
151.718
151.718
151.718
151.718
151.718
151.718
151.718
151.718
151.718
151.717
151.717
151.717
151.717
151.717
151.717
151.717
151.717
151.717
151.717
151.717
151.717
151.717
151.717
151.717
151.717
151.717
151.717
151.717
151.717
151.716
151.716
151.716
151.716
151.716
151.716
151.716
151.716
151.716
151.716
151.716
151.716
151.715
151.715
151.715
151.715
151.715
151.715
151.716
151.716
151.715
151.715
151.714
151.714
151.714
151.714
151.714
151.714
151.715
151.715
151.714
151.714
151.713
151.713
151.713
151.713
151.713
151.713
151.714
151.714
151.713
151.713
151.712
151.712
151.712
151.712
151.712
151.712
151.713
151.713
151.712
151.712
151.711
151.711
151.711
151.711
151.711
151.711
151.712
151.712
138.524
138.524
138.524
138.524
138.524
138.524
138.524
138.524
138.524
138.524
138.524
138.524
138.524
138.524
138.524
138.524
138.524
138.524
138.524
138.524
138.524
138.524
138.524
138.524
138.524
138.524
138.524
138.524
138.524
138.524
138.524
138.524
138.524
138.524
138.524
138.524
138.524
138.524
138.524
138.524
138.524
138.523
138.523
138.523
138.523
138.523
138.523
138.523
138.523
138.524
138.523
138.523
138.523
138.523
138.523
138.523
138.523
138.523
138.523
138.523
138.523
138.523
138.523
138.522
138.522
138.522
138.522
138.523
138.523
138.523
138.522
138.522
138.522
138.522
138.522
138.522
138.522
138.522
138.522
138.522
138.522
138.522
138.522
138.521
138.521
138.521
138.521
138.522
138.522
138.522
138.521
138.521
138.521
138.521
138.521
138.521
138.521
138.521
138.521
138.521
125.331
125.331
125.331
125.331
125.331
125.331
125.331
125.331
125.331
125.331
125.331
125.331
125.331
125.331
125.331
125.331
125.331
125.331
125.331
125.331
125.331
125.331
125.331
125.331
125.331
125.331
125.331
125.331
125.331
125.331
125.331
125.331
125.331
125.331
125.331
125.331
125.331
125.331
125.331
125.331
125.331
125.331
125.331
125.331
125.331
125.331
125.331
125.331
125.331
125.331
125.331
125.331
125.331
125.331
125.331
125.331
125.331
125.331
125.331
125.331
125.331
125.331
125.331
125.331
125.331
125.331
125.331
125.331
125.331
125.331
125.33
125.33
125.33
125.33
125.33
125.33
125.33
125.33
125.33
125.33
125.33
125.33
125.33
125.33
125.33
125.33
125.33
125.33
125.33
125.33
125.33
125.33
125.33
125.33
125.33
125.33
125.33
125.33
125.33
125.33
112.139
112.139
112.139
112.139
112.139
112.139
112.139
112.139
112.139
112.139
112.139
112.139
112.139
112.139
112.139
112.139
112.139
112.139
112.139
112.139
112.139
112.139
112.139
112.139
112.139
112.139
112.139
112.139
112.139
112.139
112.139
112.139
112.139
112.139
112.139
112.139
112.139
112.139
112.139
112.139
112.139
112.139
112.139
112.139
112.139
112.139
112.139
112.139
112.139
112.139
112.139
112.139
112.139
112.139
112.139
112.139
112.139
112.139
112.139
112.139
112.139
112.139
112.139
112.139
112.139
112.139
112.139
112.139
112.139
112.139
112.138
112.138
112.138
112.138
112.138
112.138
112.138
112.138
112.138
112.138
112.138
112.138
112.138
112.138
112.138
112.138
112.138
112.138
112.138
112.138
112.138
112.138
112.138
112.138
112.138
112.138
112.138
112.138
112.138
112.138
98.9467
98.9467
98.9467
98.9467
98.9467
98.9467
98.9467
98.9467
98.9467
98.9467
98.9467
98.9467
98.9467
98.9467
98.9467
98.9467
98.9467
98.9467
98.9467
98.9467
98.9466
98.9466
98.9466
98.9466
98.9466
98.9466
98.9466
98.9466
98.9466
98.9466
98.9466
98.9466
98.9466
98.9466
98.9466
98.9466
98.9466
98.9466
98.9466
98.9466
98.9466
98.9466
98.9466
98.9466
98.9466
98.9466
98.9466
98.9466
98.9466
98.9466
98.9466
98.9465
98.9465
98.9465
98.9465
98.9465
98.9465
98.9465
98.9465
98.9466
98.9465
98.9465
98.9465
98.9465
98.9465
98.9465
98.9465
98.9465
98.9465
98.9465
98.9465
98.9464
98.9464
98.9464
98.9464
98.9464
98.9464
98.9464
98.9464
98.9465
98.9464
98.9464
98.9463
98.9463
98.9463
98.9463
98.9463
98.9464
98.9464
98.9464
98.9464
98.9463
98.9463
98.9463
98.9463
98.9463
98.9463
98.9463
98.9463
98.9463
85.7545
85.7545
85.7545
85.7545
85.7545
85.7545
85.7545
85.7545
85.7545
85.7545
85.7545
85.7545
85.7545
85.7545
85.7545
85.7545
85.7545
85.7545
85.7545
85.7545
85.7545
85.7545
85.7545
85.7545
85.7545
85.7545
85.7545
85.7545
85.7545
85.7545
85.7545
85.7545
85.7545
85.7545
85.7545
85.7545
85.7545
85.7545
85.7545
85.7545
85.7545
85.7545
85.7545
85.7545
85.7545
85.7545
85.7545
85.7545
85.7545
85.7545
85.7545
85.7544
85.7544
85.7544
85.7544
85.7544
85.7544
85.7544
85.7544
85.7545
85.7544
85.7544
85.7544
85.7544
85.7544
85.7544
85.7544
85.7544
85.7544
85.7544
85.7544
85.7544
85.7544
85.7543
85.7543
85.7543
85.7543
85.7544
85.7544
85.7544
85.7543
85.7543
85.7543
85.7543
85.7543
85.7543
85.7543
85.7543
85.7543
85.7544
85.7543
85.7543
85.7543
85.7543
85.7543
85.7543
85.7543
85.7543
85.7543
85.7543
72.5624
72.5624
72.5624
72.5624
72.5624
72.5624
72.5624
72.5624
72.5624
72.5624
72.5624
72.5624
72.5624
72.5624
72.5624
72.5624
72.5624
72.5624
72.5624
72.5624
72.5624
72.5624
72.5624
72.5624
72.5624
72.5624
72.5624
72.5624
72.5624
72.5624
72.5624
72.5624
72.5624
72.5624
72.5624
72.5624
72.5624
72.5624
72.5624
72.5624
72.5624
72.5624
72.5624
72.5624
72.5624
72.5624
72.5624
72.5624
72.5624
72.5624
72.5624
72.5624
72.5623
72.5623
72.5623
72.5623
72.5623
72.5623
72.5624
72.5624
72.5623
72.5623
72.5623
72.5623
72.5623
72.5623
72.5623
72.5623
72.5623
72.5623
72.5623
72.5623
72.5623
72.5623
72.5623
72.5623
72.5623
72.5623
72.5623
72.5623
72.5622
72.5622
72.5622
72.5622
72.5622
72.5622
72.5622
72.5622
72.5622
72.5623
72.5622
72.5622
72.5622
72.5622
72.5622
72.5622
72.5622
72.5622
72.5622
72.5622
59.3704
59.3704
59.3704
59.3704
59.3704
59.3704
59.3704
59.3704
59.3704
59.3704
59.3704
59.3704
59.3704
59.3704
59.3704
59.3704
59.3704
59.3704
59.3704
59.3704
59.3704
59.3704
59.3704
59.3704
59.3704
59.3704
59.3704
59.3704
59.3704
59.3704
59.3704
59.3704
59.3704
59.3704
59.3704
59.3704
59.3704
59.3704
59.3704
59.3704
59.3703
59.3703
59.3703
59.3703
59.3703
59.3703
59.3703
59.3703
59.3703
59.3703
59.3703
59.3703
59.3703
59.3703
59.3702
59.3702
59.3703
59.3703
59.3703
59.3703
59.3702
59.3702
59.3702
59.3702
59.3702
59.3702
59.3702
59.3702
59.3702
59.3702
59.3702
59.3701
59.3701
59.3701
59.3701
59.3701
59.3701
59.3701
59.3701
59.3702
59.3701
59.3701
59.3701
59.37
59.37
59.37
59.3701
59.3701
59.3701
59.3701
59.3701
59.37
59.37
59.37
59.37
59.37
59.37
59.37
59.37
59.37
46.1786
46.1786
46.1786
46.1786
46.1786
46.1786
46.1786
46.1786
46.1786
46.1786
46.1786
46.1786
46.1786
46.1785
46.1785
46.1785
46.1785
46.1786
46.1786
46.1786
46.1785
46.1785
46.1785
46.1785
46.1785
46.1785
46.1785
46.1785
46.1785
46.1785
46.1785
46.1784
46.1784
46.1784
46.1784
46.1784
46.1784
46.1784
46.1784
46.1785
46.1783
46.1783
46.1783
46.1783
46.1783
46.1783
46.1783
46.1783
46.1783
46.1783
46.1782
46.1782
46.1782
46.1781
46.1781
46.1781
46.1781
46.1782
46.1782
46.1782
46.1781
46.1781
46.178
46.178
46.178
46.178
46.178
46.178
46.1781
46.1781
46.178
46.1779
46.1779
46.1779
46.1779
46.1779
46.1779
46.1779
46.1779
46.178
46.1779
46.1778
46.1778
46.1778
46.1778
46.1778
46.1778
46.1778
46.1778
46.1779
46.1778
46.1777
46.1777
46.1777
46.1777
46.1777
46.1777
46.1777
46.1777
46.1778
32.987
32.987
32.9869
32.9869
32.9869
32.9869
32.9869
32.9869
32.987
32.987
32.987
32.987
32.987
32.9869
32.9869
32.9869
32.9869
32.987
32.987
32.987
32.9869
32.9868
32.9868
32.9868
32.9868
32.9868
32.9868
32.9868
32.9868
32.9869
32.9866
32.9866
32.9866
32.9865
32.9865
32.9865
32.9865
32.9866
32.9866
32.9866
32.9864
32.9863
32.9863
32.9863
32.9862
32.9862
32.9863
32.9863
32.9863
32.9864
32.9862
32.9861
32.986
32.986
32.986
32.986
32.986
32.986
32.9861
32.9862
32.9859
32.9858
32.9858
32.9857
32.9857
32.9857
32.9857
32.9858
32.9858
32.9859
32.9857
32.9856
32.9855
32.9855
32.9854
32.9854
32.9855
32.9855
32.9856
32.9857
32.9855
32.9854
32.9853
32.9853
32.9852
32.9852
32.9853
32.9853
32.9854
32.9855
32.9853
32.9852
32.9851
32.9851
32.9851
32.9851
32.9851
32.9851
32.9852
32.9853
19.7969
19.7968
19.7966
19.7965
19.7965
19.7965
19.7965
19.7966
19.7968
19.7969
19.7979
19.7978
19.7977
19.7976
19.7975
19.7975
19.7976
19.7977
19.7978
19.7979
19.7973
19.7972
19.797
19.7969
19.7968
19.7968
19.7969
19.797
19.7971
19.7973
19.7962
19.796
19.7958
19.7957
19.7956
19.7956
19.7957
19.7958
19.796
19.7962
19.795
19.7948
19.7947
19.7945
19.7945
19.7945
19.7945
19.7947
19.7948
19.795
19.7942
19.794
19.7939
19.7938
19.7937
19.7937
19.7938
19.7939
19.794
19.7942
19.7936
19.7934
19.7932
19.7931
19.7931
19.7931
19.7931
19.7932
19.7934
19.7936
19.793
19.7929
19.7927
19.7926
19.7926
19.7926
19.7926
19.7927
19.7929
19.793
19.7926
19.7925
19.7923
19.7923
19.7922
19.7922
19.7923
19.7923
19.7925
19.7926
19.7923
19.7921
19.792
19.792
19.7919
19.7919
19.792
19.792
19.7921
19.7923
6.60127
6.60115
6.60101
6.60091
6.60085
6.60085
6.60091
6.60101
6.60115
6.60127
6.60221
6.60209
6.60197
6.60187
6.60181
6.60181
6.60187
6.60197
6.60209
6.60221
6.60166
6.60155
6.60143
6.60133
6.60128
6.60128
6.60133
6.60143
6.60155
6.60166
6.60076
6.60059
6.60046
6.60036
6.60031
6.60031
6.60036
6.60046
6.60059
6.60076
6.59982
6.59965
6.59952
6.59944
6.59939
6.59939
6.59944
6.59952
6.59964
6.59982
6.5992
6.59904
6.59893
6.59885
6.59881
6.59881
6.59885
6.59893
6.59904
6.5992
6.59871
6.59857
6.59847
6.5984
6.59837
6.59837
6.5984
6.59847
6.59856
6.59871
6.59834
6.59821
6.59812
6.59807
6.59804
6.59804
6.59807
6.59812
6.59821
6.59834
6.59805
6.59795
6.59787
6.59782
6.5978
6.5978
6.59782
6.59787
6.59794
6.59805
6.59783
6.59775
6.59768
6.59764
6.59762
6.59762
6.59764
6.59768
6.59775
6.59783
262.677
262.593
262.519
262.462
262.432
262.432
262.462
262.519
262.593
262.677
261.481
261.372
261.281
261.214
261.179
261.179
261.214
261.281
261.372
261.481
260.638
260.507
260.403
260.329
260.289
260.289
260.329
260.403
260.507
260.638
260.019
259.877
259.768
259.69
259.649
259.649
259.69
259.768
259.877
260.019
259.509
259.364
259.255
259.178
259.137
259.137
259.178
259.255
259.364
259.509
259.089
258.947
258.84
258.766
258.728
258.728
258.766
258.84
258.947
259.089
258.747
258.612
258.512
258.442
258.406
258.406
258.442
258.512
258.612
258.747
258.471
258.347
258.254
258.191
258.158
258.158
258.191
258.254
258.347
258.471
258.247
258.138
258.055
257.999
257.97
257.97
257.999
258.055
258.138
258.247
258.067
257.975
257.903
257.855
257.831
257.831
257.855
257.903
257.975
258.067
244.458
244.495
244.533
244.561
244.575
244.575
244.561
244.533
244.495
244.458
244.357
244.375
244.4
244.418
244.427
244.427
244.418
244.4
244.375
244.357
244.175
244.176
244.187
244.197
244.202
244.202
244.197
244.187
244.176
244.175
243.973
243.957
243.957
243.959
243.961
243.961
243.959
243.957
243.957
243.973
243.765
243.736
243.726
243.722
243.72
243.72
243.722
243.726
243.736
243.765
243.559
243.518
243.5
243.49
243.486
243.486
243.49
243.5
243.518
243.559
243.358
243.307
243.283
243.27
243.263
243.263
243.27
243.283
243.307
243.358
243.165
243.109
243.08
243.064
243.057
243.057
243.064
243.08
243.109
243.165
242.984
242.927
242.894
242.876
242.868
242.868
242.876
242.894
242.927
242.984
242.824
242.769
242.732
242.711
242.701
242.701
242.711
242.732
242.769
242.824
231.197
231.193
231.192
231.192
231.192
231.192
231.192
231.192
231.193
231.197
231.189
231.183
231.181
231.179
231.178
231.178
231.179
231.181
231.183
231.189
231.159
231.148
231.141
231.137
231.134
231.134
231.137
231.141
231.148
231.159
231.104
231.087
231.075
231.067
231.062
231.062
231.067
231.075
231.087
231.104
231.034
231.011
230.994
230.982
230.976
230.976
230.982
230.994
231.011
231.034
230.957
230.928
230.907
230.892
230.884
230.884
230.892
230.907
230.928
230.957
230.879
230.845
230.82
230.803
230.794
230.794
230.803
230.82
230.845
230.879
230.802
230.766
230.738
230.72
230.711
230.711
230.72
230.738
230.766
230.802
230.728
230.692
230.665
230.646
230.636
230.636
230.646
230.665
230.692
230.728
230.662
230.628
230.601
230.583
230.574
230.574
230.583
230.601
230.628
230.662
217.809
217.81
217.811
217.812
217.813
217.813
217.812
217.811
217.81
217.809
217.808
217.807
217.808
217.808
217.808
217.808
217.808
217.808
217.807
217.808
217.795
217.792
217.791
217.791
217.79
217.79
217.791
217.791
217.792
217.795
217.771
217.766
217.763
217.761
217.76
217.76
217.761
217.763
217.766
217.771
217.741
217.732
217.727
217.723
217.721
217.721
217.723
217.727
217.732
217.74
217.704
217.693
217.685
217.68
217.677
217.677
217.68
217.685
217.693
217.704
217.665
217.651
217.641
217.634
217.631
217.631
217.634
217.641
217.651
217.665
217.625
217.608
217.597
217.589
217.585
217.585
217.589
217.597
217.608
217.625
217.584
217.567
217.554
217.546
217.542
217.542
217.546
217.554
217.567
217.584
217.546
217.529
217.516
217.507
217.503
217.503
217.507
217.516
217.529
217.546
204.543
204.543
204.543
204.544
204.544
204.544
204.544
204.543
204.543
204.543
204.542
204.542
204.542
204.542
204.542
204.542
204.542
204.542
204.542
204.542
204.537
204.536
204.536
204.536
204.535
204.535
204.536
204.536
204.536
204.537
204.528
204.526
204.524
204.523
204.523
204.523
204.523
204.524
204.526
204.528
204.515
204.511
204.509
204.507
204.506
204.506
204.507
204.509
204.511
204.515
204.499
204.494
204.49
204.487
204.486
204.486
204.487
204.49
204.494
204.499
204.481
204.474
204.47
204.466
204.465
204.465
204.466
204.47
204.474
204.481
204.462
204.454
204.449
204.445
204.443
204.443
204.445
204.449
204.454
204.462
204.443
204.434
204.428
204.424
204.421
204.421
204.424
204.428
204.434
204.443
204.425
204.416
204.409
204.404
204.402
204.402
204.404
204.409
204.416
204.425
191.319
191.319
191.319
191.319
191.319
191.319
191.319
191.319
191.319
191.319
191.318
191.318
191.318
191.318
191.318
191.318
191.318
191.318
191.318
191.318
191.316
191.316
191.316
191.315
191.315
191.315
191.315
191.316
191.316
191.316
191.312
191.311
191.311
191.31
191.31
191.31
191.31
191.311
191.311
191.312
191.306
191.305
191.304
191.303
191.302
191.302
191.303
191.304
191.305
191.306
191.299
191.297
191.295
191.294
191.293
191.293
191.294
191.295
191.297
191.299
191.291
191.288
191.285
191.284
191.283
191.283
191.284
191.285
191.288
191.291
191.282
191.278
191.275
191.274
191.273
191.273
191.274
191.275
191.278
191.282
191.273
191.269
191.265
191.263
191.262
191.262
191.263
191.265
191.269
191.273
191.264
191.259
191.256
191.254
191.253
191.253
191.254
191.256
191.259
191.264
178.112
178.112
178.112
178.112
178.112
178.112
178.112
178.112
178.112
178.112
178.112
178.112
178.112
178.112
178.112
178.112
178.112
178.112
178.112
178.112
178.111
178.111
178.11
178.11
178.11
178.11
178.11
178.11
178.111
178.111
178.109
178.108
178.108
178.108
178.108
178.108
178.108
178.108
178.108
178.109
178.106
178.106
178.105
178.105
178.104
178.104
178.105
178.105
178.106
178.106
178.103
178.102
178.101
178.1
178.1
178.1
178.1
178.101
178.102
178.103
178.099
178.098
178.097
178.096
178.095
178.095
178.096
178.097
178.098
178.099
178.095
178.093
178.092
178.091
178.09
178.09
178.091
178.092
178.093
178.095
178.091
178.089
178.087
178.086
178.085
178.085
178.086
178.087
178.089
178.091
178.086
178.084
178.082
178.081
178.081
178.081
178.081
178.082
178.084
178.086
164.913
164.913
164.913
164.913
164.913
164.913
164.913
164.913
164.913
164.913
164.913
164.913
164.913
164.913
164.913
164.913
164.913
164.913
164.913
164.913
164.912
164.912
164.912
164.912
164.912
164.912
164.912
164.912
164.912
164.912
164.912
164.911
164.911
164.911
164.911
164.911
164.911
164.911
164.911
164.912
164.91
164.91
164.91
164.91
164.909
164.909
164.91
164.91
164.91
164.91
164.909
164.908
164.908
164.908
164.908
164.908
164.908
164.908
164.908
164.909
164.907
164.906
164.906
164.905
164.905
164.905
164.905
164.906
164.906
164.907
164.905
164.904
164.904
164.903
164.903
164.903
164.903
164.904
164.904
164.905
164.903
164.902
164.901
164.901
164.901
164.901
164.901
164.901
164.902
164.903
164.901
164.9
164.899
164.899
164.898
164.898
164.899
164.899
164.9
164.901
151.718
151.718
151.718
151.718
151.718
151.718
151.718
151.718
151.718
151.718
151.718
151.718
151.718
151.718
151.718
151.718
151.718
151.718
151.718
151.718
151.717
151.717
151.717
151.717
151.717
151.717
151.717
151.717
151.717
151.717
151.717
151.717
151.717
151.717
151.717
151.717
151.717
151.717
151.717
151.717
151.716
151.716
151.716
151.716
151.716
151.716
151.716
151.716
151.716
151.716
151.716
151.716
151.715
151.715
151.715
151.715
151.715
151.715
151.716
151.716
151.715
151.715
151.714
151.714
151.714
151.714
151.714
151.714
151.715
151.715
151.714
151.714
151.713
151.713
151.713
151.713
151.713
151.713
151.714
151.714
151.713
151.713
151.712
151.712
151.712
151.712
151.712
151.712
151.713
151.713
151.712
151.712
151.711
151.711
151.711
151.711
151.711
151.711
151.712
151.712
138.524
138.524
138.524
138.524
138.524
138.524
138.524
138.524
138.524
138.524
138.524
138.524
138.524
138.524
138.524
138.524
138.524
138.524
138.524
138.524
138.524
138.524
138.524
138.524
138.524
138.524
138.524
138.524
138.524
138.524
138.524
138.524
138.524
138.524
138.524
138.524
138.524
138.524
138.524
138.524
138.524
138.523
138.523
138.523
138.523
138.523
138.523
138.523
138.523
138.524
138.523
138.523
138.523
138.523
138.523
138.523
138.523
138.523
138.523
138.523
138.523
138.523
138.523
138.522
138.522
138.522
138.522
138.523
138.523
138.523
138.522
138.522
138.522
138.522
138.522
138.522
138.522
138.522
138.522
138.522
138.522
138.522
138.522
138.521
138.521
138.521
138.521
138.522
138.522
138.522
138.521
138.521
138.521
138.521
138.521
138.521
138.521
138.521
138.521
138.521
125.331
125.331
125.331
125.331
125.331
125.331
125.331
125.331
125.331
125.331
125.331
125.331
125.331
125.331
125.331
125.331
125.331
125.331
125.331
125.331
125.331
125.331
125.331
125.331
125.331
125.331
125.331
125.331
125.331
125.331
125.331
125.331
125.331
125.331
125.331
125.331
125.331
125.331
125.331
125.331
125.331
125.331
125.331
125.331
125.331
125.331
125.331
125.331
125.331
125.331
125.331
125.331
125.331
125.331
125.331
125.331
125.331
125.331
125.331
125.331
125.331
125.331
125.331
125.331
125.331
125.331
125.331
125.331
125.331
125.331
125.33
125.33
125.33
125.33
125.33
125.33
125.33
125.33
125.33
125.33
125.33
125.33
125.33
125.33
125.33
125.33
125.33
125.33
125.33
125.33
125.33
125.33
125.33
125.33
125.33
125.33
125.33
125.33
125.33
125.33
112.139
112.139
112.139
112.139
112.139
112.139
112.139
112.139
112.139
112.139
112.139
112.139
112.139
112.139
112.139
112.139
112.139
112.139
112.139
112.139
112.139
112.139
112.139
112.139
112.139
112.139
112.139
112.139
112.139
112.139
112.139
112.139
112.139
112.139
112.139
112.139
112.139
112.139
112.139
112.139
112.139
112.139
112.139
112.139
112.139
112.139
112.139
112.139
112.139
112.139
112.139
112.139
112.139
112.139
112.139
112.139
112.139
112.139
112.139
112.139
112.139
112.139
112.139
112.139
112.139
112.139
112.139
112.139
112.139
112.139
112.138
112.138
112.138
112.138
112.138
112.138
112.138
112.138
112.138
112.138
112.138
112.138
112.138
112.138
112.138
112.138
112.138
112.138
112.138
112.138
112.138
112.138
112.138
112.138
112.138
112.138
112.138
112.138
112.138
112.138
98.9467
98.9467
98.9467
98.9467
98.9467
98.9467
98.9467
98.9467
98.9467
98.9467
98.9467
98.9467
98.9467
98.9467
98.9467
98.9467
98.9467
98.9467
98.9467
98.9467
98.9466
98.9466
98.9466
98.9466
98.9466
98.9466
98.9466
98.9466
98.9466
98.9466
98.9466
98.9466
98.9466
98.9466
98.9466
98.9466
98.9466
98.9466
98.9466
98.9466
98.9466
98.9466
98.9466
98.9466
98.9466
98.9466
98.9466
98.9466
98.9466
98.9466
98.9466
98.9465
98.9465
98.9465
98.9465
98.9465
98.9465
98.9465
98.9465
98.9466
98.9465
98.9465
98.9465
98.9465
98.9465
98.9465
98.9465
98.9465
98.9465
98.9465
98.9465
98.9464
98.9464
98.9464
98.9464
98.9464
98.9464
98.9464
98.9464
98.9465
98.9464
98.9464
98.9464
98.9463
98.9463
98.9463
98.9463
98.9464
98.9464
98.9464
98.9463
98.9463
98.9463
98.9463
98.9463
98.9463
98.9463
98.9463
98.9463
98.9463
85.7545
85.7545
85.7545
85.7545
85.7545
85.7545
85.7545
85.7545
85.7545
85.7545
85.7545
85.7545
85.7545
85.7545
85.7545
85.7545
85.7545
85.7545
85.7545
85.7545
85.7545
85.7545
85.7545
85.7545
85.7545
85.7545
85.7545
85.7545
85.7545
85.7545
85.7545
85.7545
85.7545
85.7545
85.7545
85.7545
85.7545
85.7545
85.7545
85.7545
85.7545
85.7545
85.7545
85.7545
85.7545
85.7545
85.7545
85.7545
85.7545
85.7545
85.7545
85.7544
85.7544
85.7544
85.7544
85.7544
85.7544
85.7544
85.7544
85.7545
85.7544
85.7544
85.7544
85.7544
85.7544
85.7544
85.7544
85.7544
85.7544
85.7544
85.7544
85.7544
85.7544
85.7543
85.7543
85.7543
85.7543
85.7544
85.7544
85.7544
85.7544
85.7543
85.7543
85.7543
85.7543
85.7543
85.7543
85.7543
85.7543
85.7543
85.7543
85.7543
85.7543
85.7543
85.7543
85.7543
85.7543
85.7543
85.7543
85.7543
72.5624
72.5624
72.5624
72.5624
72.5624
72.5624
72.5624
72.5624
72.5624
72.5624
72.5624
72.5624
72.5624
72.5624
72.5624
72.5624
72.5624
72.5624
72.5624
72.5624
72.5624
72.5624
72.5624
72.5624
72.5624
72.5624
72.5624
72.5624
72.5624
72.5624
72.5624
72.5624
72.5624
72.5624
72.5624
72.5624
72.5624
72.5624
72.5624
72.5624
72.5624
72.5624
72.5624
72.5624
72.5624
72.5624
72.5624
72.5624
72.5624
72.5624
72.5624
72.5624
72.5623
72.5623
72.5623
72.5623
72.5623
72.5623
72.5624
72.5624
72.5623
72.5623
72.5623
72.5623
72.5623
72.5623
72.5623
72.5623
72.5623
72.5623
72.5623
72.5623
72.5623
72.5623
72.5623
72.5623
72.5623
72.5623
72.5623
72.5623
72.5623
72.5622
72.5622
72.5622
72.5622
72.5622
72.5622
72.5622
72.5622
72.5622
72.5622
72.5622
72.5622
72.5622
72.5622
72.5622
72.5622
72.5622
72.5622
72.5622
59.3704
59.3704
59.3704
59.3704
59.3704
59.3704
59.3704
59.3704
59.3704
59.3704
59.3704
59.3704
59.3704
59.3704
59.3704
59.3704
59.3704
59.3704
59.3704
59.3704
59.3704
59.3704
59.3704
59.3704
59.3704
59.3704
59.3704
59.3704
59.3704
59.3704
59.3704
59.3704
59.3704
59.3704
59.3704
59.3704
59.3704
59.3704
59.3704
59.3704
59.3703
59.3703
59.3703
59.3703
59.3703
59.3703
59.3703
59.3703
59.3703
59.3703
59.3703
59.3703
59.3703
59.3703
59.3702
59.3702
59.3703
59.3703
59.3703
59.3703
59.3702
59.3702
59.3702
59.3702
59.3702
59.3702
59.3702
59.3702
59.3702
59.3702
59.3702
59.3701
59.3701
59.3701
59.3701
59.3701
59.3701
59.3701
59.3701
59.3702
59.3701
59.3701
59.3701
59.3701
59.37
59.37
59.37
59.3701
59.3701
59.3701
59.3701
59.37
59.37
59.37
59.37
59.37
59.37
59.37
59.37
59.3701
46.1786
46.1786
46.1786
46.1786
46.1786
46.1786
46.1786
46.1786
46.1786
46.1786
46.1786
46.1786
46.1786
46.1785
46.1785
46.1785
46.1785
46.1786
46.1786
46.1786
46.1785
46.1785
46.1785
46.1785
46.1785
46.1785
46.1785
46.1785
46.1785
46.1785
46.1785
46.1784
46.1784
46.1784
46.1784
46.1784
46.1784
46.1784
46.1784
46.1785
46.1783
46.1783
46.1783
46.1783
46.1783
46.1783
46.1783
46.1783
46.1783
46.1784
46.1782
46.1782
46.1782
46.1781
46.1781
46.1781
46.1781
46.1782
46.1782
46.1782
46.1781
46.1781
46.178
46.178
46.178
46.178
46.178
46.178
46.1781
46.1781
46.178
46.1779
46.1779
46.1779
46.1779
46.1779
46.1779
46.1779
46.1779
46.178
46.1779
46.1778
46.1778
46.1778
46.1778
46.1778
46.1778
46.1778
46.1778
46.1779
46.1778
46.1777
46.1777
46.1777
46.1777
46.1777
46.1777
46.1777
46.1777
46.1778
32.987
32.987
32.9869
32.9869
32.9869
32.9869
32.9869
32.9869
32.987
32.987
32.987
32.987
32.987
32.9869
32.9869
32.9869
32.9869
32.987
32.987
32.987
32.9869
32.9868
32.9868
32.9868
32.9868
32.9868
32.9868
32.9868
32.9868
32.9869
32.9866
32.9866
32.9866
32.9865
32.9865
32.9865
32.9865
32.9866
32.9866
32.9866
32.9864
32.9863
32.9863
32.9863
32.9862
32.9862
32.9863
32.9863
32.9863
32.9864
32.9862
32.9861
32.986
32.986
32.986
32.986
32.986
32.986
32.9861
32.9862
32.9859
32.9858
32.9858
32.9857
32.9857
32.9857
32.9857
32.9858
32.9858
32.9859
32.9857
32.9856
32.9855
32.9855
32.9854
32.9854
32.9855
32.9855
32.9856
32.9857
32.9855
32.9854
32.9853
32.9853
32.9852
32.9852
32.9853
32.9853
32.9854
32.9855
32.9853
32.9852
32.9851
32.9851
32.9851
32.9851
32.9851
32.9851
32.9852
32.9853
19.7969
19.7968
19.7966
19.7965
19.7965
19.7965
19.7965
19.7966
19.7968
19.7969
19.7979
19.7978
19.7977
19.7976
19.7975
19.7975
19.7976
19.7977
19.7978
19.7979
19.7973
19.7971
19.797
19.7969
19.7968
19.7968
19.7969
19.797
19.7972
19.7973
19.7962
19.796
19.7958
19.7957
19.7956
19.7956
19.7957
19.7958
19.796
19.7962
19.795
19.7948
19.7947
19.7945
19.7945
19.7945
19.7945
19.7947
19.7948
19.795
19.7942
19.794
19.7939
19.7938
19.7937
19.7937
19.7938
19.7939
19.794
19.7942
19.7936
19.7934
19.7932
19.7931
19.7931
19.7931
19.7931
19.7932
19.7934
19.7936
19.793
19.7929
19.7927
19.7926
19.7926
19.7926
19.7926
19.7927
19.7929
19.793
19.7926
19.7925
19.7923
19.7923
19.7922
19.7922
19.7923
19.7923
19.7925
19.7926
19.7923
19.7921
19.792
19.792
19.792
19.7919
19.792
19.792
19.7921
19.7923
6.60127
6.60115
6.60101
6.60091
6.60085
6.60085
6.60091
6.60101
6.60115
6.60127
6.60221
6.60209
6.60197
6.60187
6.60181
6.60181
6.60187
6.60197
6.60209
6.60221
6.60166
6.60154
6.60143
6.60133
6.60128
6.60128
6.60133
6.60143
6.60155
6.60166
6.60076
6.60059
6.60046
6.60036
6.60031
6.60031
6.60036
6.60046
6.60059
6.60076
6.59982
6.59964
6.59952
6.59944
6.59939
6.59939
6.59944
6.59952
6.59965
6.59982
6.5992
6.59904
6.59893
6.59885
6.59881
6.59881
6.59885
6.59893
6.59904
6.5992
6.59871
6.59856
6.59846
6.5984
6.59837
6.59837
6.5984
6.59847
6.59857
6.59871
6.59834
6.59821
6.59812
6.59807
6.59804
6.59804
6.59807
6.59812
6.59821
6.59834
6.59805
6.59794
6.59787
6.59782
6.5978
6.5978
6.59782
6.59787
6.59795
6.59805
6.59783
6.59775
6.59768
6.59764
6.59762
6.59762
6.59764
6.59768
6.59775
6.59783
262.677
262.593
262.519
262.462
262.432
262.432
262.462
262.519
262.593
262.677
261.481
261.372
261.281
261.214
261.179
261.179
261.214
261.281
261.372
261.481
260.638
260.507
260.403
260.329
260.289
260.289
260.329
260.403
260.507
260.638
260.019
259.877
259.768
259.69
259.649
259.649
259.69
259.768
259.877
260.019
259.509
259.364
259.255
259.178
259.137
259.137
259.178
259.255
259.364
259.509
259.089
258.947
258.84
258.766
258.728
258.728
258.766
258.84
258.947
259.089
258.747
258.612
258.512
258.442
258.406
258.406
258.442
258.512
258.612
258.747
258.471
258.347
258.254
258.191
258.158
258.158
258.191
258.254
258.347
258.471
258.247
258.138
258.055
257.999
257.97
257.97
257.999
258.055
258.138
258.247
258.067
257.975
257.903
257.855
257.831
257.831
257.855
257.903
257.975
258.067
244.458
244.495
244.533
244.561
244.575
244.575
244.561
244.533
244.495
244.458
244.357
244.375
244.4
244.418
244.427
244.427
244.418
244.4
244.375
244.357
244.175
244.176
244.187
244.197
244.202
244.202
244.197
244.187
244.176
244.175
243.973
243.957
243.957
243.959
243.961
243.961
243.959
243.957
243.957
243.973
243.765
243.736
243.726
243.722
243.72
243.72
243.722
243.726
243.736
243.765
243.559
243.518
243.5
243.49
243.486
243.486
243.49
243.5
243.518
243.559
243.358
243.307
243.283
243.27
243.263
243.263
243.27
243.283
243.307
243.358
243.165
243.109
243.08
243.064
243.057
243.057
243.064
243.08
243.109
243.165
242.984
242.927
242.894
242.876
242.868
242.868
242.876
242.894
242.927
242.984
242.824
242.769
242.732
242.711
242.701
242.701
242.711
242.732
242.769
242.824
231.197
231.193
231.192
231.192
231.192
231.192
231.192
231.192
231.193
231.197
231.189
231.183
231.181
231.179
231.178
231.178
231.179
231.181
231.183
231.189
231.159
231.148
231.141
231.137
231.134
231.134
231.137
231.141
231.148
231.159
231.104
231.087
231.075
231.067
231.062
231.062
231.067
231.075
231.087
231.104
231.034
231.011
230.994
230.982
230.976
230.976
230.982
230.994
231.011
231.034
230.957
230.928
230.907
230.892
230.884
230.884
230.892
230.907
230.928
230.957
230.879
230.845
230.82
230.803
230.794
230.794
230.803
230.82
230.845
230.879
230.802
230.766
230.738
230.72
230.711
230.711
230.72
230.738
230.766
230.802
230.728
230.692
230.665
230.646
230.636
230.636
230.646
230.665
230.692
230.728
230.662
230.628
230.601
230.583
230.574
230.574
230.583
230.601
230.628
230.662
217.809
217.81
217.811
217.812
217.813
217.813
217.812
217.811
217.81
217.809
217.808
217.807
217.808
217.808
217.808
217.808
217.808
217.808
217.807
217.808
217.795
217.792
217.791
217.791
217.79
217.79
217.791
217.791
217.792
217.795
217.771
217.766
217.763
217.761
217.76
217.76
217.761
217.763
217.766
217.771
217.741
217.732
217.727
217.723
217.721
217.721
217.723
217.727
217.732
217.74
217.704
217.693
217.685
217.68
217.677
217.677
217.68
217.685
217.693
217.704
217.665
217.651
217.641
217.634
217.631
217.631
217.634
217.641
217.651
217.665
217.625
217.608
217.597
217.589
217.585
217.585
217.589
217.597
217.608
217.625
217.584
217.567
217.554
217.546
217.542
217.542
217.546
217.554
217.567
217.584
217.546
217.529
217.516
217.507
217.503
217.503
217.507
217.516
217.529
217.546
204.543
204.543
204.543
204.544
204.544
204.544
204.544
204.543
204.543
204.543
204.542
204.542
204.542
204.542
204.542
204.542
204.542
204.542
204.542
204.542
204.537
204.536
204.536
204.536
204.535
204.535
204.536
204.536
204.536
204.537
204.528
204.526
204.524
204.523
204.523
204.523
204.523
204.524
204.526
204.528
204.515
204.511
204.509
204.507
204.506
204.506
204.507
204.509
204.511
204.515
204.499
204.494
204.49
204.487
204.486
204.486
204.487
204.49
204.494
204.499
204.481
204.474
204.47
204.466
204.465
204.465
204.466
204.47
204.474
204.481
204.462
204.454
204.449
204.445
204.443
204.443
204.445
204.449
204.454
204.462
204.443
204.434
204.428
204.424
204.421
204.421
204.424
204.428
204.434
204.443
204.425
204.416
204.409
204.404
204.402
204.402
204.404
204.409
204.416
204.425
191.319
191.319
191.319
191.319
191.319
191.319
191.319
191.319
191.319
191.319
191.318
191.318
191.318
191.318
191.318
191.318
191.318
191.318
191.318
191.318
191.316
191.316
191.316
191.315
191.315
191.315
191.315
191.316
191.316
191.316
191.312
191.311
191.311
191.31
191.31
191.31
191.31
191.311
191.311
191.312
191.306
191.305
191.304
191.303
191.302
191.302
191.303
191.304
191.305
191.306
191.299
191.297
191.295
191.294
191.293
191.293
191.294
191.295
191.297
191.299
191.291
191.288
191.285
191.284
191.283
191.283
191.284
191.285
191.288
191.291
191.282
191.278
191.275
191.274
191.273
191.273
191.274
191.275
191.278
191.282
191.273
191.269
191.265
191.263
191.262
191.262
191.263
191.265
191.269
191.273
191.264
191.259
191.256
191.254
191.253
191.253
191.254
191.256
191.259
191.264
178.112
178.112
178.112
178.112
178.112
178.112
178.112
178.112
178.112
178.112
178.112
178.112
178.112
178.112
178.112
178.112
178.112
178.112
178.112
178.112
178.111
178.111
178.11
178.11
178.11
178.11
178.11
178.11
178.111
178.111
178.109
178.108
178.108
178.108
178.108
178.108
178.108
178.108
178.108
178.109
178.106
178.106
178.105
178.105
178.104
178.104
178.105
178.105
178.106
178.106
178.103
178.102
178.101
178.1
178.1
178.1
178.1
178.101
178.102
178.103
178.099
178.098
178.097
178.096
178.095
178.095
178.096
178.097
178.098
178.099
178.095
178.093
178.092
178.091
178.09
178.09
178.091
178.092
178.093
178.095
178.091
178.089
178.087
178.086
178.085
178.085
178.086
178.087
178.089
178.091
178.086
178.084
178.082
178.081
178.081
178.081
178.081
178.082
178.084
178.086
164.913
164.913
164.913
164.913
164.913
164.913
164.913
164.913
164.913
164.913
164.913
164.913
164.913
164.913
164.913
164.913
164.913
164.913
164.913
164.913
164.912
164.912
164.912
164.912
164.912
164.912
164.912
164.912
164.912
164.912
164.912
164.911
164.911
164.911
164.911
164.911
164.911
164.911
164.911
164.912
164.91
164.91
164.91
164.91
164.909
164.909
164.91
164.91
164.91
164.91
164.909
164.908
164.908
164.908
164.908
164.908
164.908
164.908
164.908
164.909
164.907
164.906
164.906
164.905
164.905
164.905
164.905
164.906
164.906
164.907
164.905
164.904
164.904
164.903
164.903
164.903
164.903
164.904
164.904
164.905
164.903
164.902
164.901
164.901
164.901
164.901
164.901
164.901
164.902
164.903
164.901
164.9
164.899
164.899
164.898
164.898
164.899
164.899
164.9
164.901
151.718
151.718
151.718
151.718
151.718
151.718
151.718
151.718
151.718
151.718
151.718
151.718
151.718
151.718
151.718
151.718
151.718
151.718
151.718
151.718
151.717
151.717
151.717
151.717
151.717
151.717
151.717
151.717
151.717
151.717
151.717
151.717
151.717
151.717
151.717
151.717
151.717
151.717
151.717
151.717
151.716
151.716
151.716
151.716
151.716
151.716
151.716
151.716
151.716
151.716
151.716
151.716
151.715
151.715
151.715
151.715
151.715
151.715
151.716
151.716
151.715
151.715
151.714
151.714
151.714
151.714
151.714
151.714
151.715
151.715
151.714
151.714
151.713
151.713
151.713
151.713
151.713
151.713
151.714
151.714
151.713
151.713
151.712
151.712
151.712
151.712
151.712
151.712
151.713
151.713
151.712
151.712
151.711
151.711
151.711
151.711
151.711
151.711
151.712
151.712
138.524
138.524
138.524
138.524
138.524
138.524
138.524
138.524
138.524
138.524
138.524
138.524
138.524
138.524
138.524
138.524
138.524
138.524
138.524
138.524
138.524
138.524
138.524
138.524
138.524
138.524
138.524
138.524
138.524
138.524
138.524
138.524
138.524
138.524
138.524
138.524
138.524
138.524
138.524
138.524
138.524
138.523
138.523
138.523
138.523
138.523
138.523
138.523
138.523
138.524
138.523
138.523
138.523
138.523
138.523
138.523
138.523
138.523
138.523
138.523
138.523
138.523
138.523
138.522
138.522
138.522
138.522
138.523
138.523
138.523
138.522
138.522
138.522
138.522
138.522
138.522
138.522
138.522
138.522
138.522
138.522
138.522
138.522
138.521
138.521
138.521
138.521
138.522
138.522
138.522
138.521
138.521
138.521
138.521
138.521
138.521
138.521
138.521
138.521
138.521
125.331
125.331
125.331
125.331
125.331
125.331
125.331
125.331
125.331
125.331
125.331
125.331
125.331
125.331
125.331
125.331
125.331
125.331
125.331
125.331
125.331
125.331
125.331
125.331
125.331
125.331
125.331
125.331
125.331
125.331
125.331
125.331
125.331
125.331
125.331
125.331
125.331
125.331
125.331
125.331
125.331
125.331
125.331
125.331
125.331
125.331
125.331
125.331
125.331
125.331
125.331
125.331
125.331
125.331
125.331
125.331
125.331
125.331
125.331
125.331
125.331
125.331
125.331
125.331
125.331
125.331
125.331
125.331
125.331
125.331
125.33
125.33
125.33
125.33
125.33
125.33
125.33
125.33
125.33
125.33
125.33
125.33
125.33
125.33
125.33
125.33
125.33
125.33
125.33
125.33
125.33
125.33
125.33
125.33
125.33
125.33
125.33
125.33
125.33
125.33
112.139
112.139
112.139
112.139
112.139
112.139
112.139
112.139
112.139
112.139
112.139
112.139
112.139
112.139
112.139
112.139
112.139
112.139
112.139
112.139
112.139
112.139
112.139
112.139
112.139
112.139
112.139
112.139
112.139
112.139
112.139
112.139
112.139
112.139
112.139
112.139
112.139
112.139
112.139
112.139
112.139
112.139
112.139
112.139
112.139
112.139
112.139
112.139
112.139
112.139
112.139
112.139
112.139
112.139
112.139
112.139
112.139
112.139
112.139
112.139
112.139
112.139
112.139
112.139
112.139
112.139
112.139
112.139
112.139
112.139
112.138
112.138
112.138
112.138
112.138
112.138
112.138
112.138
112.138
112.138
112.138
112.138
112.138
112.138
112.138
112.138
112.138
112.138
112.138
112.138
112.138
112.138
112.138
112.138
112.138
112.138
112.138
112.138
112.138
112.138
98.9467
98.9467
98.9467
98.9467
98.9467
98.9467
98.9467
98.9467
98.9467
98.9467
98.9467
98.9467
98.9467
98.9467
98.9467
98.9467
98.9467
98.9467
98.9467
98.9467
98.9467
98.9466
98.9466
98.9466
98.9466
98.9466
98.9466
98.9466
98.9466
98.9467
98.9466
98.9466
98.9466
98.9466
98.9466
98.9466
98.9466
98.9466
98.9466
98.9466
98.9466
98.9466
98.9466
98.9466
98.9466
98.9466
98.9466
98.9466
98.9466
98.9466
98.9466
98.9465
98.9465
98.9465
98.9465
98.9465
98.9465
98.9465
98.9465
98.9466
98.9465
98.9465
98.9465
98.9465
98.9465
98.9465
98.9465
98.9465
98.9465
98.9465
98.9465
98.9464
98.9464
98.9464
98.9464
98.9464
98.9464
98.9464
98.9464
98.9465
98.9464
98.9464
98.9464
98.9463
98.9463
98.9463
98.9463
98.9464
98.9464
98.9464
98.9463
98.9463
98.9463
98.9463
98.9463
98.9463
98.9463
98.9463
98.9463
98.9463
85.7545
85.7545
85.7545
85.7545
85.7545
85.7545
85.7545
85.7545
85.7545
85.7545
85.7545
85.7545
85.7545
85.7545
85.7545
85.7545
85.7545
85.7545
85.7545
85.7545
85.7545
85.7545
85.7545
85.7545
85.7545
85.7545
85.7545
85.7545
85.7545
85.7545
85.7545
85.7545
85.7545
85.7545
85.7545
85.7545
85.7545
85.7545
85.7545
85.7545
85.7545
85.7545
85.7545
85.7545
85.7545
85.7545
85.7545
85.7545
85.7545
85.7545
85.7545
85.7544
85.7544
85.7544
85.7544
85.7544
85.7544
85.7544
85.7544
85.7545
85.7544
85.7544
85.7544
85.7544
85.7544
85.7544
85.7544
85.7544
85.7544
85.7544
85.7544
85.7544
85.7544
85.7543
85.7543
85.7543
85.7543
85.7544
85.7544
85.7544
85.7543
85.7543
85.7543
85.7543
85.7543
85.7543
85.7543
85.7543
85.7543
85.7543
85.7543
85.7543
85.7543
85.7543
85.7543
85.7543
85.7543
85.7543
85.7543
85.7543
72.5625
72.5624
72.5624
72.5624
72.5624
72.5624
72.5624
72.5624
72.5624
72.5625
72.5624
72.5624
72.5624
72.5624
72.5624
72.5624
72.5624
72.5624
72.5624
72.5624
72.5624
72.5624
72.5624
72.5624
72.5624
72.5624
72.5624
72.5624
72.5624
72.5624
72.5624
72.5624
72.5624
72.5624
72.5624
72.5624
72.5624
72.5624
72.5624
72.5624
72.5624
72.5624
72.5624
72.5624
72.5624
72.5624
72.5624
72.5624
72.5624
72.5624
72.5624
72.5624
72.5623
72.5623
72.5623
72.5623
72.5623
72.5623
72.5624
72.5624
72.5623
72.5623
72.5623
72.5623
72.5623
72.5623
72.5623
72.5623
72.5623
72.5623
72.5623
72.5623
72.5623
72.5623
72.5623
72.5623
72.5623
72.5623
72.5623
72.5623
72.5622
72.5622
72.5622
72.5622
72.5622
72.5622
72.5622
72.5622
72.5622
72.5622
72.5622
72.5622
72.5622
72.5622
72.5622
72.5622
72.5622
72.5622
72.5622
72.5622
59.3705
59.3704
59.3704
59.3704
59.3704
59.3704
59.3704
59.3704
59.3704
59.3705
59.3704
59.3704
59.3704
59.3704
59.3704
59.3704
59.3704
59.3704
59.3704
59.3704
59.3704
59.3704
59.3704
59.3704
59.3704
59.3704
59.3704
59.3704
59.3704
59.3704
59.3704
59.3704
59.3704
59.3704
59.3704
59.3704
59.3704
59.3704
59.3704
59.3704
59.3704
59.3703
59.3703
59.3703
59.3703
59.3703
59.3703
59.3703
59.3703
59.3703
59.3703
59.3703
59.3703
59.3703
59.3702
59.3702
59.3703
59.3703
59.3703
59.3703
59.3702
59.3702
59.3702
59.3702
59.3702
59.3702
59.3702
59.3702
59.3702
59.3702
59.3702
59.3701
59.3701
59.3701
59.3701
59.3701
59.3701
59.3701
59.3702
59.3702
59.3701
59.3701
59.3701
59.3701
59.37
59.37
59.3701
59.3701
59.3701
59.3701
59.37
59.37
59.37
59.37
59.37
59.37
59.37
59.37
59.37
59.37
46.1786
46.1786
46.1786
46.1786
46.1786
46.1786
46.1786
46.1786
46.1786
46.1786
46.1786
46.1786
46.1786
46.1785
46.1785
46.1785
46.1785
46.1786
46.1786
46.1786
46.1785
46.1785
46.1785
46.1785
46.1785
46.1785
46.1785
46.1785
46.1785
46.1785
46.1785
46.1784
46.1784
46.1784
46.1784
46.1784
46.1784
46.1784
46.1784
46.1785
46.1784
46.1783
46.1783
46.1783
46.1783
46.1783
46.1783
46.1783
46.1783
46.1783
46.1782
46.1782
46.1782
46.1781
46.1781
46.1781
46.1781
46.1782
46.1782
46.1782
46.1781
46.1781
46.178
46.178
46.178
46.178
46.178
46.178
46.1781
46.1781
46.178
46.1779
46.1779
46.1779
46.1779
46.1779
46.1779
46.1779
46.1779
46.178
46.1779
46.1778
46.1778
46.1778
46.1778
46.1778
46.1778
46.1778
46.1778
46.1779
46.1778
46.1777
46.1777
46.1777
46.1777
46.1777
46.1777
46.1777
46.1777
46.1778
32.987
32.987
32.9869
32.9869
32.9869
32.9869
32.9869
32.9869
32.987
32.987
32.987
32.987
32.987
32.9869
32.9869
32.9869
32.9869
32.987
32.987
32.987
32.9869
32.9868
32.9868
32.9868
32.9868
32.9868
32.9868
32.9868
32.9868
32.9869
32.9866
32.9866
32.9866
32.9865
32.9865
32.9865
32.9865
32.9866
32.9866
32.9866
32.9864
32.9863
32.9863
32.9863
32.9862
32.9862
32.9863
32.9863
32.9863
32.9864
32.9862
32.9861
32.986
32.986
32.986
32.986
32.986
32.986
32.9861
32.9862
32.9859
32.9858
32.9858
32.9857
32.9857
32.9857
32.9857
32.9858
32.9858
32.9859
32.9857
32.9856
32.9855
32.9855
32.9854
32.9854
32.9855
32.9855
32.9856
32.9857
32.9855
32.9854
32.9853
32.9853
32.9852
32.9852
32.9853
32.9853
32.9854
32.9855
32.9853
32.9852
32.9851
32.9851
32.9851
32.9851
32.9851
32.9851
32.9852
32.9853
19.7969
19.7968
19.7966
19.7965
19.7965
19.7965
19.7965
19.7966
19.7968
19.7969
19.7979
19.7978
19.7977
19.7976
19.7975
19.7975
19.7976
19.7977
19.7978
19.7979
19.7973
19.7972
19.797
19.7969
19.7968
19.7968
19.7969
19.797
19.7972
19.7973
19.7962
19.796
19.7958
19.7957
19.7956
19.7956
19.7957
19.7958
19.796
19.7962
19.795
19.7948
19.7947
19.7945
19.7945
19.7945
19.7945
19.7947
19.7948
19.795
19.7942
19.794
19.7939
19.7938
19.7937
19.7937
19.7938
19.7939
19.794
19.7942
19.7936
19.7934
19.7932
19.7931
19.7931
19.7931
19.7931
19.7932
19.7934
19.7936
19.793
19.7929
19.7927
19.7926
19.7926
19.7926
19.7926
19.7927
19.7929
19.793
19.7926
19.7925
19.7923
19.7923
19.7922
19.7922
19.7923
19.7923
19.7925
19.7926
19.7923
19.7921
19.792
19.792
19.7919
19.792
19.792
19.792
19.7922
19.7923
6.60127
6.60115
6.60101
6.60091
6.60085
6.60085
6.60091
6.60101
6.60115
6.60127
6.60221
6.60209
6.60197
6.60187
6.60181
6.60181
6.60187
6.60197
6.60209
6.60221
6.60166
6.60155
6.60143
6.60133
6.60128
6.60128
6.60133
6.60143
6.60155
6.60166
6.60076
6.60059
6.60046
6.60036
6.60031
6.60031
6.60036
6.60046
6.60059
6.60076
6.59982
6.59965
6.59952
6.59944
6.59939
6.59939
6.59944
6.59952
6.59965
6.59982
6.5992
6.59904
6.59893
6.59885
6.59881
6.59881
6.59885
6.59893
6.59904
6.5992
6.59871
6.59857
6.59847
6.5984
6.59837
6.59837
6.5984
6.59847
6.59857
6.59871
6.59834
6.59821
6.59812
6.59807
6.59804
6.59804
6.59807
6.59812
6.59821
6.59834
6.59805
6.59795
6.59787
6.59782
6.5978
6.5978
6.59782
6.59787
6.59794
6.59805
6.59783
6.59774
6.59768
6.59764
6.59762
6.59762
6.59764
6.59768
6.59775
6.59783
257.937
257.857
257.794
257.752
257.731
257.731
257.752
257.794
257.857
257.937
257.857
257.778
257.716
257.674
257.652
257.652
257.674
257.716
257.778
257.857
257.794
257.716
257.654
257.612
257.59
257.59
257.612
257.654
257.716
257.794
257.752
257.674
257.612
257.569
257.548
257.548
257.569
257.612
257.674
257.752
257.731
257.652
257.59
257.548
257.527
257.527
257.548
257.59
257.652
257.731
257.731
257.652
257.59
257.548
257.527
257.527
257.548
257.59
257.652
257.731
257.752
257.674
257.612
257.569
257.548
257.548
257.569
257.612
257.674
257.752
257.794
257.716
257.654
257.612
257.59
257.59
257.612
257.654
257.716
257.794
257.857
257.778
257.716
257.674
257.652
257.652
257.674
257.716
257.778
257.857
257.937
257.857
257.794
257.752
257.731
257.731
257.752
257.794
257.857
257.937
242.711
242.652
242.611
242.585
242.572
242.572
242.585
242.611
242.652
242.711
242.652
242.582
242.534
242.502
242.487
242.487
242.502
242.534
242.582
242.652
242.611
242.534
242.479
242.444
242.427
242.427
242.444
242.479
242.534
242.611
242.585
242.502
242.444
242.407
242.389
242.389
242.407
242.444
242.502
242.585
242.572
242.487
242.427
242.389
242.371
242.371
242.389
242.427
242.487
242.572
242.572
242.487
242.427
242.389
242.371
242.371
242.389
242.427
242.487
242.572
242.585
242.502
242.444
242.407
242.389
242.389
242.407
242.444
242.502
242.585
242.611
242.534
242.479
242.444
242.427
242.427
242.444
242.479
242.534
242.611
242.652
242.582
242.534
242.502
242.487
242.487
242.502
242.534
242.582
242.652
242.711
242.652
242.611
242.585
242.572
242.572
242.585
242.611
242.652
242.711
230.609
230.576
230.55
230.533
230.524
230.524
230.533
230.55
230.576
230.609
230.576
230.541
230.514
230.495
230.485
230.485
230.495
230.514
230.541
230.576
230.55
230.514
230.485
230.465
230.455
230.455
230.465
230.485
230.514
230.55
230.533
230.495
230.465
230.444
230.434
230.434
230.444
230.465
230.495
230.533
230.524
230.485
230.455
230.434
230.423
230.423
230.434
230.455
230.485
230.524
230.524
230.485
230.455
230.434
230.423
230.423
230.434
230.455
230.485
230.524
230.533
230.495
230.465
230.444
230.434
230.434
230.444
230.465
230.495
230.533
230.55
230.514
230.485
230.465
230.455
230.455
230.465
230.485
230.514
230.55
230.576
230.541
230.514
230.495
230.485
230.485
230.495
230.514
230.541
230.576
230.609
230.576
230.55
230.533
230.524
230.524
230.533
230.55
230.576
230.609
217.516
217.498
217.485
217.476
217.471
217.471
217.476
217.485
217.498
217.516
217.498
217.478
217.463
217.453
217.448
217.448
217.453
217.463
217.478
217.498
217.485
217.463
217.447
217.435
217.43
217.43
217.435
217.447
217.463
217.485
217.476
217.453
217.435
217.424
217.418
217.418
217.424
217.435
217.453
217.476
217.471
217.448
217.43
217.418
217.412
217.412
217.418
217.43
217.448
217.471
217.471
217.448
217.43
217.418
217.412
217.412
217.418
217.43
217.448
217.471
217.476
217.453
217.435
217.424
217.418
217.418
217.424
217.435
217.453
217.476
217.485
217.463
217.447
217.435
217.43
217.43
217.435
217.447
217.463
217.485
217.498
217.478
217.463
217.453
217.448
217.448
217.453
217.463
217.478
217.498
217.516
217.498
217.485
217.476
217.471
217.471
217.476
217.485
217.498
217.516
204.409
204.4
204.393
204.389
204.386
204.386
204.389
204.393
204.4
204.409
204.4
204.39
204.382
204.377
204.374
204.374
204.377
204.382
204.39
204.4
204.393
204.382
204.374
204.368
204.365
204.365
204.368
204.374
204.382
204.393
204.389
204.377
204.368
204.361
204.358
204.358
204.361
204.368
204.377
204.389
204.386
204.374
204.365
204.358
204.355
204.355
204.358
204.365
204.374
204.386
204.386
204.374
204.365
204.358
204.355
204.355
204.358
204.365
204.374
204.386
204.389
204.377
204.368
204.361
204.358
204.358
204.361
204.368
204.377
204.389
204.393
204.382
204.374
204.368
204.365
204.365
204.368
204.374
204.382
204.393
204.4
204.39
204.382
204.377
204.374
204.374
204.377
204.382
204.39
204.4
204.409
204.4
204.393
204.389
204.386
204.386
204.389
204.393
204.4
204.409
191.256
191.252
191.248
191.246
191.245
191.245
191.246
191.248
191.252
191.256
191.252
191.247
191.243
191.24
191.239
191.239
191.24
191.243
191.247
191.252
191.248
191.243
191.238
191.235
191.234
191.234
191.235
191.238
191.243
191.248
191.246
191.24
191.235
191.232
191.23
191.23
191.232
191.235
191.24
191.246
191.245
191.239
191.234
191.23
191.229
191.229
191.23
191.234
191.239
191.245
191.245
191.239
191.234
191.23
191.229
191.229
191.23
191.234
191.239
191.245
191.246
191.24
191.235
191.232
191.23
191.23
191.232
191.235
191.24
191.246
191.248
191.243
191.238
191.235
191.234
191.234
191.235
191.238
191.243
191.248
191.252
191.247
191.243
191.24
191.239
191.239
191.24
191.243
191.247
191.252
191.256
191.252
191.248
191.246
191.245
191.245
191.246
191.248
191.252
191.256
178.083
178.08
178.079
178.077
178.077
178.077
178.077
178.079
178.08
178.083
178.08
178.078
178.076
178.075
178.074
178.074
178.075
178.076
178.078
178.08
178.079
178.076
178.074
178.072
178.071
178.071
178.072
178.074
178.076
178.079
178.077
178.075
178.072
178.071
178.07
178.07
178.071
178.072
178.075
178.077
178.077
178.074
178.071
178.07
178.069
178.069
178.07
178.071
178.074
178.077
178.077
178.074
178.071
178.07
178.069
178.069
178.07
178.071
178.074
178.077
178.077
178.075
178.072
178.071
178.07
178.07
178.071
178.072
178.075
178.077
178.079
178.076
178.074
178.072
178.071
178.071
178.072
178.074
178.076
178.079
178.08
178.078
178.076
178.075
178.074
178.074
178.075
178.076
178.078
178.08
178.083
178.08
178.079
178.077
178.077
178.077
178.077
178.079
178.08
178.083
164.899
164.898
164.897
164.897
164.896
164.896
164.897
164.897
164.898
164.899
164.898
164.897
164.896
164.895
164.895
164.895
164.895
164.896
164.897
164.898
164.897
164.896
164.895
164.894
164.894
164.894
164.894
164.895
164.896
164.897
164.897
164.895
164.894
164.893
164.893
164.893
164.893
164.894
164.895
164.897
164.896
164.895
164.894
164.893
164.893
164.893
164.893
164.894
164.895
164.896
164.896
164.895
164.894
164.893
164.893
164.893
164.893
164.894
164.895
164.896
164.897
164.895
164.894
164.893
164.893
164.893
164.893
164.894
164.895
164.897
164.897
164.896
164.895
164.894
164.894
164.894
164.894
164.895
164.896
164.897
164.898
164.897
164.896
164.895
164.895
164.895
164.895
164.896
164.897
164.898
164.899
164.898
164.897
164.897
164.896
164.896
164.897
164.897
164.898
164.899
151.711
151.711
151.71
151.71
151.71
151.71
151.71
151.71
151.711
151.711
151.711
151.71
151.71
151.709
151.709
151.709
151.709
151.71
151.71
151.711
151.71
151.71
151.709
151.709
151.709
151.709
151.709
151.709
151.71
151.71
151.71
151.709
151.709
151.708
151.708
151.708
151.708
151.709
151.709
151.71
151.71
151.709
151.709
151.708
151.708
151.708
151.708
151.709
151.709
151.71
151.71
151.709
151.709
151.708
151.708
151.708
151.708
151.709
151.709
151.71
151.71
151.709
151.709
151.708
151.708
151.708
151.708
151.709
151.709
151.71
151.71
151.71
151.709
151.709
151.709
151.709
151.709
151.709
151.71
151.71
151.711
151.71
151.71
151.709
151.709
151.709
151.709
151.71
151.71
151.711
151.711
151.711
151.71
151.71
151.71
151.71
151.71
151.71
151.711
151.711
138.521
138.521
138.521
138.52
138.52
138.52
138.52
138.521
138.521
138.521
138.521
138.52
138.52
138.52
138.52
138.52
138.52
138.52
138.52
138.521
138.521
138.52
138.52
138.52
138.52
138.52
138.52
138.52
138.52
138.521
138.52
138.52
138.52
138.52
138.52
138.52
138.52
138.52
138.52
138.52
138.52
138.52
138.52
138.52
138.519
138.519
138.52
138.52
138.52
138.52
138.52
138.52
138.52
138.52
138.519
138.519
138.52
138.52
138.52
138.52
138.52
138.52
138.52
138.52
138.52
138.52
138.52
138.52
138.52
138.52
138.521
138.52
138.52
138.52
138.52
138.52
138.52
138.52
138.52
138.521
138.521
138.52
138.52
138.52
138.52
138.52
138.52
138.52
138.52
138.521
138.521
138.521
138.521
138.52
138.52
138.52
138.52
138.521
138.521
138.521
125.33
125.33
125.33
125.33
125.33
125.33
125.33
125.33
125.33
125.33
125.33
125.33
125.329
125.329
125.329
125.329
125.329
125.329
125.33
125.33
125.33
125.329
125.329
125.329
125.329
125.329
125.329
125.329
125.329
125.33
125.33
125.329
125.329
125.329
125.329
125.329
125.329
125.329
125.329
125.33
125.33
125.329
125.329
125.329
125.329
125.329
125.329
125.329
125.329
125.33
125.33
125.329
125.329
125.329
125.329
125.329
125.329
125.329
125.329
125.33
125.33
125.329
125.329
125.329
125.329
125.329
125.329
125.329
125.329
125.33
125.33
125.329
125.329
125.329
125.329
125.329
125.329
125.329
125.329
125.33
125.33
125.33
125.329
125.329
125.329
125.329
125.329
125.329
125.33
125.33
125.33
125.33
125.33
125.33
125.33
125.33
125.33
125.33
125.33
125.33
112.138
112.138
112.138
112.138
112.138
112.138
112.138
112.138
112.138
112.138
112.138
112.138
112.138
112.138
112.138
112.138
112.138
112.138
112.138
112.138
112.138
112.138
112.138
112.138
112.138
112.138
112.138
112.138
112.138
112.138
112.138
112.138
112.138
112.138
112.138
112.138
112.138
112.138
112.138
112.138
112.138
112.138
112.138
112.138
112.138
112.138
112.138
112.138
112.138
112.138
112.138
112.138
112.138
112.138
112.138
112.138
112.138
112.138
112.138
112.138
112.138
112.138
112.138
112.138
112.138
112.138
112.138
112.138
112.138
112.138
112.138
112.138
112.138
112.138
112.138
112.138
112.138
112.138
112.138
112.138
112.138
112.138
112.138
112.138
112.138
112.138
112.138
112.138
112.138
112.138
112.138
112.138
112.138
112.138
112.138
112.138
112.138
112.138
112.138
112.138
98.9463
98.9463
98.9462
98.9462
98.9462
98.9462
98.9462
98.9462
98.9463
98.9463
98.9463
98.9462
98.9462
98.9462
98.9462
98.9462
98.9462
98.9462
98.9462
98.9463
98.9462
98.9462
98.9462
98.9462
98.9461
98.9461
98.9462
98.9462
98.9462
98.9462
98.9462
98.9462
98.9462
98.9461
98.9461
98.9461
98.9461
98.9462
98.9462
98.9462
98.9462
98.9462
98.9461
98.9461
98.9461
98.9461
98.9461
98.9461
98.9462
98.9462
98.9462
98.9462
98.9461
98.9461
98.9461
98.9461
98.9461
98.9461
98.9462
98.9462
98.9462
98.9462
98.9462
98.9461
98.9461
98.9461
98.9461
98.9462
98.9462
98.9462
98.9462
98.9462
98.9462
98.9462
98.9461
98.9461
98.9462
98.9462
98.9462
98.9462
98.9463
98.9462
98.9462
98.9462
98.9462
98.9462
98.9462
98.9462
98.9462
98.9463
98.9463
98.9463
98.9462
98.9462
98.9462
98.9462
98.9462
98.9462
98.9463
98.9463
85.7543
85.7543
85.7542
85.7542
85.7542
85.7542
85.7542
85.7542
85.7543
85.7543
85.7543
85.7542
85.7542
85.7542
85.7542
85.7542
85.7542
85.7542
85.7542
85.7543
85.7542
85.7542
85.7542
85.7542
85.7542
85.7542
85.7542
85.7542
85.7542
85.7542
85.7542
85.7542
85.7542
85.7542
85.7542
85.7542
85.7542
85.7542
85.7542
85.7542
85.7542
85.7542
85.7542
85.7542
85.7542
85.7542
85.7542
85.7542
85.7542
85.7542
85.7542
85.7542
85.7542
85.7542
85.7542
85.7542
85.7542
85.7542
85.7542
85.7542
85.7542
85.7542
85.7542
85.7542
85.7542
85.7542
85.7542
85.7542
85.7542
85.7542
85.7542
85.7542
85.7542
85.7542
85.7542
85.7542
85.7542
85.7542
85.7542
85.7542
85.7543
85.7542
85.7542
85.7542
85.7542
85.7542
85.7542
85.7542
85.7542
85.7543
85.7543
85.7543
85.7542
85.7542
85.7542
85.7542
85.7542
85.7542
85.7543
85.7543
72.5622
72.5622
72.5622
72.5621
72.5621
72.5621
72.5621
72.5621
72.5622
72.5622
72.5622
72.5621
72.5621
72.5621
72.5621
72.5621
72.5621
72.5621
72.5621
72.5622
72.5622
72.5621
72.5621
72.5621
72.5621
72.5621
72.5621
72.5621
72.5621
72.5622
72.5621
72.5621
72.5621
72.5621
72.5621
72.5621
72.5621
72.5621
72.5621
72.5621
72.5621
72.5621
72.5621
72.5621
72.5621
72.5621
72.5621
72.5621
72.5621
72.5621
72.5621
72.5621
72.5621
72.5621
72.5621
72.5621
72.5621
72.5621
72.5621
72.5621
72.5621
72.5621
72.5621
72.5621
72.5621
72.5621
72.5621
72.5621
72.5621
72.5621
72.5621
72.5621
72.5621
72.5621
72.5621
72.5621
72.5621
72.5621
72.5621
72.5621
72.5622
72.5621
72.5621
72.5621
72.5621
72.5621
72.5621
72.5621
72.5621
72.5622
72.5622
72.5622
72.5622
72.5621
72.5621
72.5621
72.5621
72.5621
72.5622
72.5622
59.37
59.37
59.37
59.3699
59.3699
59.3699
59.3699
59.37
59.37
59.37
59.37
59.37
59.3699
59.3699
59.3699
59.3699
59.3699
59.3699
59.37
59.37
59.37
59.3699
59.3699
59.3699
59.3699
59.3699
59.3699
59.3699
59.3699
59.37
59.3699
59.3699
59.3699
59.3699
59.3699
59.3699
59.3699
59.3699
59.3699
59.3699
59.3699
59.3699
59.3699
59.3699
59.3698
59.3698
59.3699
59.3699
59.3699
59.3699
59.3699
59.3699
59.3699
59.3699
59.3698
59.3698
59.3699
59.3699
59.3699
59.3699
59.3699
59.3699
59.3699
59.3699
59.3699
59.3699
59.3699
59.3699
59.3699
59.3699
59.37
59.3699
59.3699
59.3699
59.3699
59.3699
59.3699
59.3699
59.3699
59.37
59.37
59.37
59.3699
59.3699
59.3699
59.3699
59.3699
59.3699
59.37
59.37
59.37
59.37
59.37
59.3699
59.3699
59.3699
59.3699
59.37
59.37
59.37
46.1777
46.1777
46.1776
46.1776
46.1776
46.1776
46.1776
46.1776
46.1777
46.1777
46.1777
46.1776
46.1776
46.1775
46.1775
46.1775
46.1775
46.1776
46.1776
46.1777
46.1776
46.1776
46.1775
46.1775
46.1775
46.1775
46.1775
46.1775
46.1776
46.1776
46.1776
46.1775
46.1775
46.1775
46.1774
46.1774
46.1775
46.1775
46.1775
46.1776
46.1776
46.1775
46.1775
46.1774
46.1774
46.1774
46.1774
46.1775
46.1775
46.1776
46.1776
46.1775
46.1775
46.1774
46.1774
46.1774
46.1774
46.1775
46.1775
46.1776
46.1776
46.1775
46.1775
46.1775
46.1774
46.1774
46.1775
46.1775
46.1775
46.1776
46.1776
46.1776
46.1775
46.1775
46.1775
46.1775
46.1775
46.1775
46.1776
46.1776
46.1777
46.1776
46.1776
46.1775
46.1775
46.1775
46.1775
46.1776
46.1776
46.1777
46.1777
46.1777
46.1776
46.1776
46.1776
46.1776
46.1776
46.1776
46.1777
46.1777
32.9851
32.9851
32.985
32.985
32.9849
32.9849
32.9849
32.985
32.9851
32.9851
32.9851
32.985
32.9849
32.9849
32.9848
32.9848
32.9849
32.9849
32.985
32.9851
32.985
32.9849
32.9848
32.9848
32.9848
32.9848
32.9848
32.9848
32.9849
32.985
32.985
32.9849
32.9848
32.9847
32.9847
32.9847
32.9847
32.9848
32.9849
32.985
32.9849
32.9848
32.9848
32.9847
32.9847
32.9847
32.9847
32.9848
32.9848
32.9849
32.9849
32.9848
32.9848
32.9847
32.9847
32.9847
32.9847
32.9848
32.9848
32.9849
32.9849
32.9849
32.9848
32.9847
32.9847
32.9847
32.9847
32.9848
32.9849
32.985
32.985
32.9849
32.9848
32.9848
32.9848
32.9848
32.9848
32.9848
32.9849
32.985
32.9851
32.985
32.9849
32.9849
32.9848
32.9848
32.9849
32.9849
32.985
32.9851
32.9851
32.9851
32.985
32.985
32.9849
32.9849
32.985
32.985
32.9851
32.9851
19.7921
19.7919
19.7918
19.7918
19.7917
19.7917
19.7918
19.7918
19.7919
19.7921
19.7919
19.7918
19.7917
19.7916
19.7916
19.7916
19.7916
19.7917
19.7918
19.7919
19.7918
19.7917
19.7916
19.7915
19.7915
19.7915
19.7915
19.7916
19.7917
19.7918
19.7918
19.7916
19.7915
19.7915
19.7914
19.7914
19.7915
19.7915
19.7916
19.7918
19.7917
19.7916
19.7915
19.7914
19.7914
19.7914
19.7914
19.7915
19.7916
19.7917
19.7917
19.7916
19.7915
19.7914
19.7914
19.7914
19.7914
19.7915
19.7916
19.7917
19.7918
19.7916
19.7915
19.7915
19.7914
19.7914
19.7915
19.7915
19.7916
19.7918
19.7918
19.7917
19.7916
19.7915
19.7915
19.7915
19.7915
19.7916
19.7917
19.7918
19.7919
19.7918
19.7917
19.7916
19.7916
19.7916
19.7916
19.7917
19.7918
19.7919
19.7921
19.7919
19.7918
19.7918
19.7917
19.7917
19.7918
19.7918
19.7919
19.7921
6.5977
6.59762
6.59756
6.59752
6.5975
6.5975
6.59752
6.59755
6.59761
6.59769
6.59761
6.59753
6.59747
6.59744
6.59742
6.59742
6.59744
6.59748
6.59753
6.59761
6.59756
6.59747
6.59742
6.59738
6.59736
6.59736
6.59738
6.59742
6.59748
6.59755
6.59752
6.59744
6.59738
6.59734
6.59732
6.59732
6.59734
6.59738
6.59744
6.59752
6.5975
6.59742
6.59736
6.59732
6.59731
6.59731
6.59732
6.59736
6.59742
6.5975
6.5975
6.59742
6.59736
6.59732
6.59731
6.59731
6.59732
6.59736
6.59742
6.5975
6.59752
6.59744
6.59738
6.59734
6.59732
6.59732
6.59734
6.59738
6.59744
6.59752
6.59755
6.59748
6.59742
6.59738
6.59736
6.59736
6.59738
6.59742
6.59747
6.59756
6.59761
6.59753
6.59748
6.59744
6.59742
6.59742
6.59744
6.59747
6.59753
6.59761
6.59769
6.59761
6.59755
6.59752
6.5975
6.5975
6.59752
6.59756
6.59761
6.59769
)
;

boundaryField
{
    fixedWalls
    {
        type            zeroGradient;
    }
    inlet
    {
        type            fixedGradient;
        gradient        uniform 0;
    }
    outlet
    {
        type            fixedValue;
        value           uniform 0;
    }
}


// ************************************************************************* //
