/*--------------------------------*- C++ -*----------------------------------*\
| =========                 |                                                 |
| \\      /  F ield         | OpenFOAM: The Open Source CFD Toolbox           |
|  \\    /   O peration     | Version:  2106                                  |
|   \\  /    A nd           | Website:  www.openfoam.com                      |
|    \\/     M anipulation  |                                                 |
\*---------------------------------------------------------------------------*/
FoamFile
{
    version     2.0;
    format      ascii;
    arch        "LSB;label=32;scalar=64";
    class       volScalarField;
    location    "0.02";
    object      p;
}
// * * * * * * * * * * * * * * * * * * * * * * * * * * * * * * * * * * * * * //

dimensions      [0 2 -2 0 0 0 0];

internalField   nonuniform List<scalar> 
10000
(
271.664
270.851
270.215
269.747
269.501
269.501
269.747
270.215
270.851
271.664
262.925
261.877
261.074
260.494
260.191
260.191
260.494
261.074
261.877
262.925
255.451
254.264
253.392
252.772
252.45
252.45
252.772
253.392
254.264
255.451
249.986
248.753
247.881
247.271
246.954
246.954
247.271
247.881
248.753
249.986
245.705
244.464
243.613
243.029
242.727
242.727
243.029
243.613
244.464
245.705
242.184
240.968
240.149
239.6
239.317
239.317
239.6
240.149
240.968
242.184
239.278
238.114
237.336
236.827
236.567
236.567
236.827
237.335
238.114
239.278
236.88
235.797
235.07
234.606
234.371
234.371
234.606
235.07
235.797
236.88
234.899
233.934
233.275
232.861
232.652
232.652
232.861
233.275
233.934
234.899
233.273
232.461
231.89
231.53
231.35
231.35
231.53
231.89
232.461
233.273
221.624
221.798
221.985
222.116
222.183
222.183
222.116
221.985
221.798
221.623
221.511
221.584
221.691
221.765
221.802
221.802
221.764
221.691
221.584
221.511
220.46
220.404
220.417
220.426
220.43
220.43
220.426
220.417
220.404
220.46
219.1
218.933
218.868
218.826
218.804
218.804
218.826
218.868
218.933
219.1
217.701
217.439
217.31
217.228
217.185
217.185
217.228
217.31
217.439
217.701
216.306
215.969
215.789
215.676
215.618
215.618
215.676
215.789
215.969
216.306
214.94
214.551
214.334
214.2
214.132
214.132
214.2
214.334
214.551
214.94
213.616
213.203
212.967
212.825
212.753
212.753
212.825
212.967
213.203
213.616
212.34
211.941
211.707
211.568
211.498
211.498
211.568
211.707
211.941
212.34
211.186
210.814
210.587
210.447
210.376
210.376
210.447
210.587
210.814
211.186
210.914
210.81
210.712
210.636
210.595
210.595
210.636
210.712
210.81
210.914
210.978
210.867
210.763
210.68
210.636
210.636
210.68
210.763
210.867
210.978
210.945
210.806
210.68
210.58
210.526
210.526
210.58
210.68
210.806
210.944
210.708
210.53
210.377
210.257
210.192
210.192
210.257
210.377
210.53
210.708
210.343
210.127
209.949
209.813
209.739
209.739
209.813
209.949
210.127
210.343
209.919
209.675
209.478
209.331
209.252
209.252
209.331
209.478
209.675
209.919
209.482
209.22
209.012
208.861
208.78
208.78
208.861
209.012
209.22
209.482
209.057
208.792
208.584
208.436
208.357
208.357
208.436
208.584
208.792
209.057
208.658
208.408
208.213
208.077
208.005
208.005
208.077
208.213
208.408
208.658
208.295
208.075
207.906
207.789
207.729
207.729
207.789
207.906
208.075
208.295
196.595
196.606
196.622
196.633
196.638
196.638
196.633
196.622
196.606
196.595
196.621
196.624
196.636
196.642
196.646
196.646
196.642
196.635
196.624
196.621
196.546
196.536
196.538
196.54
196.54
196.54
196.54
196.538
196.536
196.546
196.383
196.352
196.341
196.334
196.33
196.33
196.334
196.341
196.352
196.383
196.157
196.102
196.076
196.059
196.05
196.05
196.059
196.076
196.102
196.157
195.888
195.807
195.765
195.739
195.725
195.725
195.739
195.765
195.807
195.888
195.587
195.485
195.428
195.393
195.375
195.375
195.393
195.428
195.485
195.587
195.269
195.149
195.08
195.038
195.017
195.017
195.038
195.08
195.149
195.269
194.942
194.816
194.739
194.692
194.669
194.669
194.692
194.739
194.816
194.942
194.63
194.505
194.422
194.371
194.346
194.346
194.371
194.422
194.505
194.63
184.384
184.378
184.374
184.371
184.369
184.369
184.371
184.374
184.378
184.384
184.4
184.392
184.387
184.383
184.38
184.38
184.383
184.387
184.392
184.4
184.391
184.378
184.369
184.362
184.358
184.358
184.362
184.369
184.378
184.391
184.349
184.327
184.313
184.301
184.295
184.295
184.301
184.313
184.327
184.349
184.279
184.247
184.225
184.209
184.2
184.2
184.209
184.225
184.247
184.279
184.188
184.146
184.116
184.095
184.083
184.083
184.095
184.116
184.146
184.188
184.083
184.031
183.994
183.969
183.955
183.955
183.969
183.994
184.031
184.083
183.968
183.909
183.868
183.839
183.824
183.824
183.839
183.868
183.909
183.968
183.849
183.788
183.744
183.714
183.699
183.699
183.714
183.744
183.788
183.849
183.732
183.673
183.63
183.6
183.585
183.585
183.6
183.63
183.673
183.732
172.29
172.289
172.288
172.288
172.287
172.287
172.288
172.288
172.289
172.29
172.297
172.295
172.294
172.293
172.292
172.292
172.293
172.294
172.295
172.297
172.292
172.288
172.286
172.284
172.283
172.283
172.284
172.286
172.288
172.292
172.273
172.266
172.261
172.257
172.255
172.255
172.257
172.261
172.266
172.273
172.241
172.229
172.221
172.215
172.212
172.212
172.215
172.221
172.229
172.241
172.199
172.181
172.17
172.161
172.157
172.157
172.161
172.169
172.181
172.198
172.147
172.124
172.109
172.099
172.094
172.094
172.099
172.109
172.124
172.147
172.089
172.063
172.045
172.033
172.026
172.026
172.033
172.045
172.062
172.089
172.027
171.999
171.979
171.966
171.959
171.959
171.966
171.979
171.999
172.027
171.966
171.937
171.916
171.902
171.895
171.895
171.902
171.916
171.937
171.966
160.324
160.323
160.323
160.322
160.322
160.322
160.322
160.323
160.323
160.324
160.327
160.326
160.325
160.325
160.325
160.325
160.325
160.325
160.326
160.327
160.325
160.323
160.322
160.322
160.321
160.321
160.322
160.322
160.323
160.325
160.317
160.314
160.312
160.31
160.309
160.309
160.31
160.312
160.314
160.317
160.304
160.298
160.295
160.292
160.291
160.291
160.292
160.295
160.298
160.304
160.285
160.277
160.272
160.268
160.266
160.266
160.268
160.272
160.277
160.285
160.262
160.252
160.245
160.24
160.237
160.237
160.24
160.245
160.252
160.262
160.236
160.224
160.215
160.21
160.206
160.206
160.21
160.215
160.224
160.236
160.208
160.195
160.185
160.179
160.175
160.175
160.179
160.185
160.195
160.208
160.18
160.166
160.156
160.149
160.146
160.146
160.149
160.156
160.166
160.18
148.408
148.408
148.408
148.408
148.408
148.408
148.408
148.408
148.408
148.408
148.41
148.41
148.409
148.409
148.409
148.409
148.409
148.409
148.409
148.41
148.409
148.408
148.408
148.408
148.408
148.408
148.408
148.408
148.408
148.409
148.406
148.404
148.403
148.403
148.402
148.402
148.403
148.403
148.404
148.406
148.4
148.397
148.396
148.395
148.394
148.394
148.395
148.396
148.397
148.4
148.392
148.388
148.386
148.384
148.383
148.383
148.384
148.385
148.388
148.391
148.381
148.376
148.373
148.371
148.37
148.37
148.371
148.373
148.376
148.381
148.369
148.363
148.36
148.357
148.355
148.355
148.357
148.36
148.363
148.369
148.356
148.35
148.345
148.342
148.341
148.341
148.342
148.345
148.35
148.356
148.343
148.336
148.332
148.328
148.327
148.327
148.328
148.332
148.336
148.343
136.516
136.516
136.516
136.516
136.516
136.516
136.516
136.516
136.516
136.516
136.517
136.517
136.516
136.516
136.516
136.516
136.516
136.516
136.517
136.517
136.516
136.516
136.516
136.516
136.516
136.516
136.516
136.516
136.516
136.516
136.515
136.514
136.514
136.514
136.513
136.513
136.514
136.514
136.514
136.515
136.512
136.511
136.51
136.51
136.51
136.51
136.51
136.51
136.511
136.512
136.508
136.507
136.506
136.505
136.505
136.505
136.505
136.506
136.507
136.508
136.504
136.502
136.5
136.499
136.499
136.499
136.499
136.5
136.502
136.504
136.498
136.496
136.494
136.493
136.492
136.492
136.493
136.494
136.496
136.498
136.492
136.489
136.487
136.486
136.485
136.485
136.486
136.487
136.489
136.492
136.486
136.483
136.481
136.479
136.478
136.478
136.479
136.481
136.483
136.486
124.634
124.634
124.634
124.634
124.634
124.634
124.634
124.634
124.634
124.634
124.634
124.634
124.634
124.634
124.634
124.634
124.634
124.634
124.634
124.634
124.634
124.634
124.634
124.634
124.634
124.634
124.634
124.634
124.634
124.634
124.633
124.633
124.633
124.633
124.633
124.633
124.633
124.633
124.633
124.633
124.632
124.632
124.631
124.631
124.631
124.631
124.631
124.631
124.632
124.632
124.631
124.63
124.629
124.629
124.629
124.629
124.629
124.629
124.63
124.631
124.628
124.627
124.627
124.626
124.626
124.626
124.626
124.627
124.627
124.628
124.626
124.625
124.624
124.623
124.623
124.623
124.623
124.624
124.625
124.626
124.623
124.622
124.621
124.62
124.62
124.62
124.62
124.621
124.622
124.623
124.62
124.619
124.618
124.617
124.617
124.617
124.617
124.618
124.619
124.62
112.757
112.756
112.756
112.756
112.756
112.756
112.756
112.756
112.756
112.757
112.757
112.757
112.757
112.757
112.757
112.757
112.757
112.757
112.757
112.757
112.757
112.757
112.757
112.757
112.756
112.756
112.757
112.757
112.757
112.757
112.756
112.756
112.756
112.756
112.756
112.756
112.756
112.756
112.756
112.756
112.756
112.756
112.755
112.755
112.755
112.755
112.755
112.755
112.756
112.756
112.755
112.755
112.754
112.754
112.754
112.754
112.754
112.754
112.755
112.755
112.754
112.754
112.753
112.753
112.753
112.753
112.753
112.753
112.754
112.754
112.753
112.752
112.752
112.752
112.752
112.752
112.752
112.752
112.752
112.753
112.752
112.751
112.751
112.75
112.75
112.75
112.75
112.751
112.751
112.752
112.75
112.75
112.749
112.749
112.749
112.749
112.749
112.749
112.75
112.75
100.881
100.881
100.881
100.881
100.881
100.881
100.881
100.881
100.881
100.881
100.881
100.881
100.881
100.881
100.881
100.881
100.881
100.881
100.881
100.881
100.881
100.881
100.881
100.881
100.881
100.881
100.881
100.881
100.881
100.881
100.881
100.881
100.881
100.881
100.881
100.881
100.881
100.881
100.881
100.881
100.881
100.881
100.881
100.881
100.881
100.881
100.881
100.881
100.881
100.881
100.881
100.88
100.88
100.88
100.88
100.88
100.88
100.88
100.88
100.881
100.88
100.88
100.88
100.88
100.88
100.88
100.88
100.88
100.88
100.88
100.88
100.879
100.879
100.879
100.879
100.879
100.879
100.879
100.879
100.88
100.879
100.879
100.879
100.879
100.878
100.878
100.879
100.879
100.879
100.879
100.879
100.878
100.878
100.878
100.878
100.878
100.878
100.878
100.878
100.879
89.007
89.007
89.007
89.007
89.007
89.007
89.007
89.007
89.007
89.007
89.007
89.007
89.007
89.007
89.007
89.007
89.007
89.007
89.007
89.007
89.007
89.007
89.007
89.007
89.007
89.007
89.007
89.007
89.007
89.007
89.007
89.007
89.007
89.007
89.007
89.007
89.007
89.007
89.007
89.007
89.0069
89.0069
89.0069
89.0069
89.0068
89.0068
89.0069
89.0069
89.0069
89.0069
89.0068
89.0067
89.0067
89.0067
89.0067
89.0067
89.0067
89.0067
89.0067
89.0068
89.0067
89.0065
89.0065
89.0065
89.0065
89.0065
89.0065
89.0065
89.0066
89.0066
89.0065
89.0063
89.0063
89.0062
89.0062
89.0062
89.0062
89.0063
89.0063
89.0065
89.0063
89.0061
89.006
89.006
89.006
89.006
89.006
89.006
89.0061
89.0063
89.0061
89.0059
89.0058
89.0057
89.0057
89.0057
89.0057
89.0058
89.0059
89.0061
77.133
77.1331
77.1331
77.1331
77.1331
77.1331
77.1331
77.1331
77.1331
77.1331
77.1331
77.1331
77.1331
77.1331
77.1331
77.1331
77.1331
77.1331
77.1331
77.1331
77.1331
77.1331
77.1331
77.1331
77.1331
77.1331
77.1331
77.1331
77.1331
77.1331
77.1331
77.1331
77.1332
77.1332
77.1332
77.1332
77.1332
77.1332
77.1332
77.1331
77.1332
77.1332
77.1332
77.1332
77.1332
77.1332
77.1332
77.1332
77.1332
77.1332
77.1332
77.1332
77.1332
77.1332
77.1332
77.1332
77.1332
77.1332
77.1332
77.1332
77.1332
77.1332
77.1332
77.1332
77.1332
77.1332
77.1332
77.1332
77.1332
77.1332
77.1332
77.1332
77.1332
77.1332
77.1332
77.1332
77.1332
77.1332
77.1332
77.1332
77.1332
77.1332
77.1332
77.1332
77.1332
77.1332
77.1332
77.1332
77.1332
77.1332
77.1332
77.1331
77.1331
77.1331
77.1331
77.1331
77.1331
77.1332
77.1332
77.1332
65.2591
65.2591
65.2592
65.2592
65.2592
65.2592
65.2592
65.2592
65.2591
65.2591
65.2592
65.2592
65.2592
65.2592
65.2592
65.2592
65.2592
65.2592
65.2592
65.2592
65.2592
65.2593
65.2593
65.2593
65.2593
65.2593
65.2593
65.2593
65.2593
65.2593
65.2594
65.2594
65.2594
65.2595
65.2595
65.2595
65.2595
65.2594
65.2594
65.2594
65.2595
65.2595
65.2596
65.2596
65.2596
65.2596
65.2596
65.2596
65.2596
65.2595
65.2597
65.2597
65.2598
65.2598
65.2598
65.2598
65.2598
65.2598
65.2597
65.2597
65.2598
65.2599
65.26
65.26
65.26
65.26
65.26
65.26
65.2599
65.2599
65.26
65.2601
65.2602
65.2602
65.2602
65.2602
65.2602
65.2601
65.2601
65.26
65.2602
65.2603
65.2603
65.2604
65.2604
65.2604
65.2604
65.2603
65.2603
65.2602
65.2604
65.2604
65.2604
65.2605
65.2605
65.2605
65.2605
65.2605
65.2604
65.2604
53.3848
53.3849
53.3849
53.3849
53.385
53.385
53.385
53.3849
53.3849
53.3848
53.3849
53.385
53.385
53.385
53.3851
53.3851
53.3851
53.385
53.385
53.3849
53.3851
53.3852
53.3852
53.3853
53.3853
53.3853
53.3853
53.3852
53.3852
53.3851
53.3854
53.3855
53.3856
53.3856
53.3856
53.3856
53.3856
53.3856
53.3855
53.3854
53.3858
53.3859
53.386
53.386
53.3861
53.3861
53.386
53.386
53.3859
53.3858
53.3862
53.3863
53.3864
53.3865
53.3865
53.3865
53.3865
53.3864
53.3863
53.3862
53.3866
53.3867
53.3869
53.387
53.387
53.387
53.387
53.3869
53.3868
53.3866
53.3871
53.3872
53.3873
53.3874
53.3875
53.3875
53.3875
53.3874
53.3872
53.3871
53.3876
53.3876
53.3878
53.3879
53.3879
53.3879
53.3879
53.3878
53.3876
53.3875
53.388
53.388
53.3882
53.3883
53.3883
53.3883
53.3883
53.3882
53.388
53.3879
41.51
41.51
41.5101
41.5102
41.5102
41.5102
41.5102
41.5101
41.51
41.51
41.5102
41.5103
41.5103
41.5104
41.5104
41.5104
41.5104
41.5103
41.5103
41.5102
41.5107
41.5108
41.5109
41.5109
41.511
41.511
41.5109
41.5109
41.5108
41.5107
41.5114
41.5115
41.5116
41.5117
41.5118
41.5118
41.5117
41.5116
41.5115
41.5114
41.5122
41.5124
41.5125
41.5127
41.5127
41.5127
41.5127
41.5126
41.5124
41.5122
41.5131
41.5133
41.5135
41.5137
41.5137
41.5137
41.5137
41.5135
41.5133
41.513
41.514
41.5142
41.5145
41.5146
41.5147
41.5147
41.5146
41.5145
41.5142
41.5139
41.5148
41.5151
41.5154
41.5156
41.5156
41.5156
41.5156
41.5154
41.5151
41.5148
41.5157
41.5159
41.5162
41.5164
41.5165
41.5165
41.5164
41.5162
41.5159
41.5157
41.5164
41.5167
41.517
41.5171
41.5172
41.5172
41.5171
41.5169
41.5167
41.5164
29.6312
29.6314
29.6317
29.632
29.6321
29.6321
29.632
29.6317
29.6314
29.6312
29.6315
29.6317
29.632
29.6323
29.6324
29.6324
29.6323
29.632
29.6318
29.6315
29.6326
29.6329
29.6332
29.6335
29.6336
29.6336
29.6335
29.6332
29.6329
29.6326
29.6344
29.6348
29.6352
29.6355
29.6357
29.6357
29.6355
29.6352
29.6348
29.6344
29.6364
29.6369
29.6374
29.6378
29.6379
29.6379
29.6378
29.6374
29.6369
29.6364
29.6385
29.6392
29.6397
29.6401
29.6403
29.6403
29.6401
29.6397
29.6392
29.6385
29.6405
29.6413
29.6419
29.6422
29.6424
29.6424
29.6422
29.6419
29.6413
29.6406
29.6425
29.6432
29.6438
29.6442
29.6444
29.6444
29.6442
29.6438
29.6432
29.6425
29.6442
29.645
29.6455
29.6459
29.6461
29.6461
29.6459
29.6455
29.645
29.6443
29.6457
29.6464
29.647
29.6473
29.6475
29.6475
29.6473
29.647
29.6464
29.6458
17.748
17.7489
17.75
17.7509
17.7514
17.7514
17.7509
17.75
17.7489
17.748
17.7449
17.7454
17.7462
17.7469
17.7473
17.7473
17.7469
17.7462
17.7454
17.7449
17.7489
17.7496
17.7504
17.7511
17.7515
17.7515
17.7511
17.7504
17.7496
17.7489
17.7556
17.7567
17.7577
17.7585
17.7589
17.7589
17.7585
17.7577
17.7567
17.7556
17.7627
17.764
17.7651
17.7658
17.7662
17.7662
17.7658
17.7651
17.764
17.7627
17.7681
17.7694
17.7705
17.7712
17.7715
17.7715
17.7712
17.7704
17.7694
17.7681
17.7725
17.7739
17.7748
17.7755
17.7758
17.7758
17.7755
17.7748
17.7738
17.7725
17.7761
17.7774
17.7783
17.7788
17.7791
17.7791
17.7788
17.7783
17.7774
17.7762
17.779
17.7801
17.7809
17.7814
17.7817
17.7817
17.7814
17.7809
17.7801
17.779
17.7812
17.7821
17.7829
17.7834
17.7836
17.7836
17.7834
17.7829
17.7822
17.7813
5.90182
5.90255
5.90352
5.90427
5.90468
5.90468
5.90427
5.90352
5.90255
5.90182
5.89861
5.89905
5.89971
5.90026
5.90057
5.90057
5.90026
5.89971
5.89905
5.89861
5.90197
5.90253
5.9032
5.90373
5.90403
5.90403
5.90373
5.9032
5.90253
5.90197
5.90775
5.9086
5.90936
5.90993
5.91024
5.91024
5.90993
5.90936
5.90859
5.90775
5.91386
5.9148
5.91555
5.91608
5.91635
5.91635
5.91608
5.91555
5.9148
5.91387
5.91815
5.91908
5.91976
5.92022
5.92045
5.92045
5.92021
5.91976
5.91908
5.91815
5.92151
5.92235
5.92294
5.92332
5.92351
5.92351
5.92332
5.92294
5.92235
5.92151
5.92401
5.92473
5.92523
5.92554
5.92569
5.92569
5.92554
5.92522
5.92472
5.92401
5.92582
5.9264
5.92684
5.92709
5.92722
5.92722
5.92709
5.92683
5.9264
5.92582
5.92709
5.92756
5.92796
5.92818
5.92828
5.92829
5.92818
5.92797
5.92758
5.92711
271.664
270.851
270.215
269.747
269.501
269.501
269.747
270.215
270.851
271.664
262.925
261.877
261.074
260.494
260.191
260.191
260.494
261.074
261.877
262.925
255.451
254.264
253.392
252.772
252.45
252.45
252.772
253.392
254.264
255.451
249.986
248.753
247.881
247.271
246.954
246.954
247.271
247.881
248.753
249.986
245.705
244.464
243.613
243.029
242.727
242.727
243.029
243.613
244.464
245.705
242.185
240.968
240.149
239.6
239.317
239.317
239.6
240.149
240.968
242.184
239.278
238.114
237.336
236.827
236.567
236.567
236.827
237.336
238.114
239.278
236.88
235.797
235.07
234.606
234.371
234.371
234.606
235.07
235.797
236.88
234.899
233.934
233.275
232.861
232.652
232.652
232.861
233.275
233.934
234.899
233.273
232.461
231.89
231.53
231.35
231.35
231.53
231.89
232.461
233.273
221.624
221.798
221.985
222.116
222.183
222.183
222.116
221.985
221.798
221.623
221.511
221.584
221.691
221.765
221.802
221.802
221.765
221.691
221.584
221.511
220.46
220.405
220.417
220.426
220.43
220.43
220.426
220.417
220.404
220.46
219.1
218.933
218.868
218.826
218.804
218.804
218.826
218.868
218.933
219.1
217.701
217.439
217.31
217.228
217.185
217.185
217.228
217.31
217.439
217.701
216.306
215.969
215.789
215.676
215.618
215.618
215.676
215.789
215.969
216.306
214.94
214.551
214.334
214.2
214.132
214.132
214.2
214.334
214.551
214.94
213.616
213.203
212.967
212.825
212.753
212.753
212.825
212.967
213.203
213.616
212.34
211.941
211.708
211.568
211.498
211.498
211.568
211.708
211.941
212.34
211.186
210.814
210.587
210.447
210.376
210.376
210.447
210.587
210.814
211.186
210.914
210.81
210.712
210.636
210.595
210.595
210.636
210.712
210.81
210.914
210.978
210.867
210.763
210.68
210.636
210.636
210.68
210.763
210.867
210.978
210.945
210.806
210.68
210.58
210.526
210.526
210.58
210.68
210.806
210.944
210.708
210.53
210.377
210.257
210.192
210.192
210.257
210.377
210.53
210.708
210.343
210.127
209.949
209.813
209.739
209.739
209.813
209.949
210.127
210.343
209.919
209.675
209.478
209.331
209.252
209.252
209.331
209.478
209.675
209.919
209.482
209.22
209.012
208.861
208.78
208.78
208.861
209.012
209.22
209.482
209.057
208.792
208.584
208.436
208.357
208.357
208.436
208.584
208.792
209.057
208.658
208.408
208.213
208.077
208.005
208.005
208.077
208.213
208.408
208.658
208.295
208.075
207.906
207.789
207.729
207.729
207.789
207.906
208.075
208.295
196.595
196.606
196.622
196.633
196.638
196.638
196.633
196.622
196.606
196.595
196.621
196.624
196.636
196.643
196.646
196.646
196.642
196.636
196.624
196.621
196.546
196.536
196.538
196.54
196.54
196.54
196.54
196.538
196.536
196.546
196.383
196.352
196.341
196.334
196.33
196.33
196.334
196.341
196.352
196.383
196.157
196.102
196.076
196.059
196.05
196.05
196.059
196.076
196.102
196.157
195.888
195.807
195.765
195.739
195.725
195.725
195.739
195.765
195.807
195.888
195.587
195.485
195.428
195.393
195.375
195.375
195.393
195.428
195.485
195.587
195.269
195.149
195.08
195.038
195.017
195.017
195.038
195.08
195.149
195.268
194.942
194.816
194.739
194.692
194.669
194.669
194.692
194.739
194.816
194.942
194.63
194.505
194.422
194.371
194.346
194.346
194.371
194.422
194.505
194.63
184.384
184.378
184.374
184.371
184.369
184.369
184.371
184.374
184.378
184.384
184.4
184.392
184.387
184.383
184.38
184.38
184.383
184.387
184.392
184.4
184.391
184.378
184.369
184.362
184.358
184.358
184.362
184.369
184.378
184.391
184.349
184.327
184.313
184.301
184.295
184.295
184.301
184.313
184.327
184.349
184.279
184.247
184.225
184.209
184.2
184.2
184.209
184.225
184.247
184.279
184.188
184.146
184.116
184.095
184.083
184.083
184.095
184.116
184.146
184.188
184.083
184.031
183.994
183.969
183.955
183.955
183.969
183.994
184.031
184.083
183.968
183.91
183.868
183.839
183.824
183.824
183.839
183.868
183.909
183.968
183.849
183.788
183.744
183.714
183.699
183.699
183.714
183.744
183.788
183.849
183.732
183.673
183.63
183.6
183.585
183.585
183.6
183.63
183.673
183.732
172.29
172.289
172.288
172.288
172.287
172.287
172.288
172.288
172.289
172.29
172.297
172.295
172.294
172.293
172.292
172.292
172.293
172.294
172.295
172.297
172.292
172.288
172.286
172.284
172.283
172.283
172.284
172.286
172.288
172.292
172.273
172.266
172.261
172.257
172.255
172.255
172.257
172.261
172.266
172.273
172.241
172.229
172.221
172.215
172.212
172.212
172.215
172.221
172.229
172.241
172.198
172.181
172.17
172.161
172.157
172.157
172.161
172.17
172.181
172.198
172.147
172.124
172.109
172.099
172.094
172.094
172.099
172.109
172.124
172.147
172.089
172.063
172.045
172.033
172.026
172.026
172.033
172.045
172.063
172.089
172.027
171.999
171.979
171.966
171.959
171.959
171.966
171.979
171.999
172.027
171.966
171.937
171.916
171.902
171.895
171.895
171.902
171.916
171.937
171.966
160.324
160.323
160.323
160.323
160.322
160.322
160.323
160.323
160.323
160.324
160.327
160.326
160.325
160.325
160.325
160.325
160.325
160.325
160.326
160.327
160.325
160.323
160.322
160.322
160.321
160.321
160.322
160.322
160.323
160.325
160.317
160.314
160.312
160.31
160.309
160.309
160.31
160.312
160.314
160.317
160.304
160.298
160.295
160.292
160.291
160.291
160.292
160.295
160.298
160.304
160.285
160.277
160.272
160.268
160.266
160.266
160.268
160.272
160.277
160.285
160.262
160.252
160.245
160.24
160.237
160.237
160.24
160.245
160.252
160.262
160.236
160.224
160.215
160.21
160.206
160.206
160.21
160.215
160.224
160.236
160.208
160.195
160.185
160.179
160.175
160.175
160.179
160.185
160.195
160.208
160.18
160.166
160.156
160.149
160.146
160.146
160.149
160.156
160.166
160.18
148.408
148.408
148.408
148.408
148.408
148.408
148.408
148.408
148.408
148.408
148.41
148.41
148.409
148.409
148.409
148.409
148.409
148.409
148.409
148.41
148.409
148.408
148.408
148.408
148.408
148.408
148.408
148.408
148.408
148.409
148.406
148.404
148.403
148.403
148.402
148.402
148.403
148.403
148.404
148.406
148.4
148.397
148.396
148.395
148.394
148.394
148.395
148.396
148.397
148.4
148.391
148.388
148.386
148.384
148.383
148.383
148.384
148.386
148.388
148.391
148.381
148.376
148.373
148.371
148.37
148.37
148.371
148.373
148.376
148.381
148.369
148.364
148.36
148.357
148.355
148.355
148.357
148.36
148.364
148.369
148.356
148.35
148.345
148.342
148.341
148.341
148.342
148.345
148.35
148.356
148.343
148.336
148.332
148.328
148.327
148.327
148.328
148.332
148.336
148.343
136.516
136.516
136.516
136.516
136.516
136.516
136.516
136.516
136.516
136.516
136.517
136.517
136.516
136.516
136.516
136.516
136.516
136.516
136.517
136.517
136.516
136.516
136.516
136.516
136.516
136.516
136.516
136.516
136.516
136.516
136.515
136.514
136.514
136.514
136.513
136.513
136.514
136.514
136.514
136.515
136.512
136.511
136.51
136.51
136.51
136.51
136.51
136.51
136.511
136.512
136.508
136.507
136.506
136.505
136.505
136.505
136.505
136.506
136.507
136.508
136.504
136.502
136.5
136.499
136.499
136.499
136.499
136.5
136.502
136.504
136.498
136.496
136.494
136.493
136.492
136.492
136.493
136.494
136.496
136.498
136.492
136.489
136.487
136.486
136.485
136.485
136.486
136.487
136.489
136.492
136.486
136.483
136.481
136.479
136.479
136.479
136.479
136.481
136.483
136.486
124.634
124.634
124.634
124.634
124.634
124.634
124.634
124.634
124.634
124.634
124.634
124.634
124.634
124.634
124.634
124.634
124.634
124.634
124.634
124.634
124.634
124.634
124.634
124.634
124.634
124.634
124.634
124.634
124.634
124.634
124.633
124.633
124.633
124.633
124.633
124.633
124.633
124.633
124.633
124.633
124.632
124.632
124.631
124.631
124.631
124.631
124.631
124.631
124.632
124.632
124.631
124.63
124.629
124.629
124.629
124.629
124.629
124.629
124.63
124.631
124.628
124.627
124.627
124.626
124.626
124.626
124.626
124.627
124.627
124.628
124.626
124.625
124.624
124.623
124.623
124.623
124.623
124.624
124.625
124.626
124.623
124.622
124.621
124.62
124.62
124.62
124.62
124.621
124.622
124.623
124.62
124.619
124.618
124.617
124.617
124.617
124.617
124.618
124.619
124.62
112.757
112.757
112.757
112.757
112.757
112.757
112.757
112.757
112.757
112.757
112.757
112.757
112.757
112.757
112.757
112.757
112.757
112.757
112.757
112.757
112.757
112.757
112.757
112.757
112.757
112.757
112.757
112.757
112.757
112.757
112.756
112.756
112.756
112.756
112.756
112.756
112.756
112.756
112.756
112.756
112.756
112.756
112.755
112.755
112.755
112.755
112.755
112.755
112.756
112.756
112.755
112.755
112.754
112.754
112.754
112.754
112.754
112.754
112.755
112.755
112.754
112.754
112.753
112.753
112.753
112.753
112.753
112.753
112.754
112.754
112.753
112.752
112.752
112.752
112.752
112.752
112.752
112.752
112.752
112.753
112.752
112.751
112.751
112.75
112.75
112.75
112.75
112.751
112.751
112.752
112.75
112.75
112.749
112.749
112.749
112.749
112.749
112.749
112.75
112.75
100.881
100.881
100.881
100.881
100.881
100.881
100.881
100.881
100.881
100.881
100.881
100.881
100.881
100.881
100.881
100.881
100.881
100.881
100.881
100.881
100.881
100.881
100.881
100.881
100.881
100.881
100.881
100.881
100.881
100.881
100.881
100.881
100.881
100.881
100.881
100.881
100.881
100.881
100.881
100.881
100.881
100.881
100.881
100.881
100.881
100.881
100.881
100.881
100.881
100.881
100.881
100.88
100.88
100.88
100.88
100.88
100.88
100.88
100.881
100.881
100.88
100.88
100.88
100.88
100.88
100.88
100.88
100.88
100.88
100.88
100.88
100.879
100.879
100.879
100.879
100.879
100.879
100.879
100.879
100.88
100.879
100.879
100.879
100.879
100.878
100.878
100.879
100.879
100.879
100.879
100.879
100.878
100.878
100.878
100.878
100.878
100.878
100.878
100.878
100.879
89.007
89.007
89.007
89.007
89.007
89.007
89.007
89.007
89.007
89.007
89.007
89.007
89.007
89.007
89.007
89.007
89.007
89.007
89.007
89.007
89.007
89.007
89.007
89.007
89.007
89.007
89.007
89.007
89.007
89.007
89.007
89.007
89.007
89.007
89.007
89.007
89.007
89.007
89.007
89.007
89.0069
89.0069
89.0069
89.0069
89.0069
89.0069
89.0069
89.0069
89.0069
89.0069
89.0068
89.0067
89.0067
89.0067
89.0067
89.0067
89.0067
89.0067
89.0067
89.0068
89.0066
89.0066
89.0065
89.0065
89.0065
89.0065
89.0065
89.0065
89.0066
89.0066
89.0065
89.0064
89.0063
89.0063
89.0062
89.0062
89.0063
89.0063
89.0063
89.0065
89.0063
89.0061
89.0061
89.006
89.006
89.006
89.006
89.006
89.0061
89.0063
89.006
89.0059
89.0058
89.0057
89.0057
89.0057
89.0058
89.0058
89.0059
89.006
77.1331
77.1331
77.1331
77.1331
77.1331
77.1331
77.1331
77.1331
77.1331
77.1331
77.1331
77.1331
77.1331
77.1331
77.1331
77.1331
77.1331
77.1331
77.1331
77.1331
77.1331
77.1331
77.1331
77.1331
77.1332
77.1332
77.1331
77.1331
77.1331
77.1331
77.1332
77.1332
77.1332
77.1332
77.1332
77.1332
77.1332
77.1332
77.1332
77.1332
77.1332
77.1332
77.1332
77.1332
77.1332
77.1332
77.1332
77.1332
77.1332
77.1332
77.1332
77.1332
77.1332
77.1332
77.1332
77.1332
77.1332
77.1332
77.1332
77.1332
77.1332
77.1332
77.1332
77.1332
77.1332
77.1332
77.1332
77.1332
77.1332
77.1332
77.1332
77.1332
77.1332
77.1332
77.1332
77.1332
77.1332
77.1332
77.1332
77.1332
77.1332
77.1332
77.1332
77.1332
77.1332
77.1332
77.1332
77.1332
77.1332
77.1332
77.1332
77.1331
77.1331
77.1331
77.1331
77.1332
77.1332
77.1332
77.1332
77.1331
65.2591
65.2591
65.2592
65.2592
65.2592
65.2592
65.2592
65.2592
65.2591
65.2591
65.2592
65.2592
65.2592
65.2592
65.2592
65.2592
65.2592
65.2592
65.2592
65.2592
65.2593
65.2593
65.2593
65.2593
65.2593
65.2593
65.2593
65.2593
65.2593
65.2593
65.2594
65.2594
65.2594
65.2595
65.2595
65.2595
65.2595
65.2594
65.2594
65.2594
65.2595
65.2596
65.2596
65.2596
65.2596
65.2596
65.2596
65.2596
65.2596
65.2595
65.2597
65.2597
65.2598
65.2598
65.2598
65.2598
65.2598
65.2598
65.2597
65.2597
65.2599
65.2599
65.26
65.26
65.26
65.26
65.26
65.26
65.2599
65.2598
65.26
65.2601
65.2601
65.2602
65.2602
65.2602
65.2602
65.2602
65.2601
65.26
65.2602
65.2603
65.2603
65.2604
65.2604
65.2604
65.2604
65.2603
65.2603
65.2602
65.2603
65.2604
65.2605
65.2605
65.2605
65.2605
65.2605
65.2605
65.2604
65.2604
53.3848
53.3849
53.3849
53.3849
53.385
53.385
53.385
53.3849
53.3849
53.3849
53.3849
53.385
53.385
53.385
53.3851
53.3851
53.3851
53.385
53.385
53.3849
53.3851
53.3852
53.3852
53.3853
53.3853
53.3853
53.3853
53.3852
53.3852
53.3851
53.3854
53.3855
53.3856
53.3856
53.3856
53.3856
53.3856
53.3856
53.3855
53.3854
53.3858
53.3859
53.386
53.386
53.3861
53.3861
53.386
53.386
53.3859
53.3858
53.3862
53.3863
53.3864
53.3865
53.3865
53.3865
53.3865
53.3864
53.3863
53.3862
53.3866
53.3868
53.3869
53.387
53.387
53.387
53.387
53.3869
53.3868
53.3866
53.3871
53.3872
53.3874
53.3875
53.3875
53.3875
53.3874
53.3873
53.3872
53.3871
53.3875
53.3877
53.3878
53.3879
53.3879
53.3879
53.3879
53.3878
53.3876
53.3875
53.3879
53.388
53.3882
53.3883
53.3883
53.3883
53.3883
53.3882
53.388
53.3879
41.51
41.51
41.5101
41.5101
41.5102
41.5102
41.5102
41.5101
41.51
41.51
41.5102
41.5102
41.5103
41.5104
41.5104
41.5104
41.5104
41.5103
41.5103
41.5102
41.5107
41.5108
41.5109
41.5109
41.511
41.511
41.5109
41.5109
41.5108
41.5107
41.5114
41.5115
41.5116
41.5117
41.5118
41.5118
41.5117
41.5116
41.5115
41.5114
41.5122
41.5124
41.5125
41.5127
41.5127
41.5127
41.5127
41.5125
41.5124
41.5122
41.513
41.5133
41.5135
41.5137
41.5137
41.5137
41.5137
41.5135
41.5133
41.5131
41.5139
41.5142
41.5145
41.5146
41.5147
41.5147
41.5146
41.5145
41.5142
41.514
41.5148
41.5151
41.5154
41.5156
41.5156
41.5156
41.5155
41.5154
41.5151
41.5148
41.5157
41.516
41.5162
41.5164
41.5165
41.5165
41.5164
41.5162
41.5159
41.5157
41.5164
41.5166
41.5169
41.5171
41.5172
41.5172
41.5171
41.517
41.5167
41.5164
29.6312
29.6314
29.6317
29.632
29.6321
29.6321
29.632
29.6317
29.6314
29.6312
29.6315
29.6317
29.632
29.6323
29.6324
29.6324
29.6323
29.632
29.6318
29.6315
29.6326
29.6329
29.6332
29.6334
29.6336
29.6336
29.6335
29.6332
29.6329
29.6326
29.6344
29.6348
29.6352
29.6355
29.6357
29.6357
29.6355
29.6352
29.6348
29.6344
29.6364
29.6369
29.6374
29.6378
29.6379
29.6379
29.6378
29.6374
29.6369
29.6364
29.6385
29.6392
29.6397
29.6401
29.6403
29.6403
29.6401
29.6397
29.6392
29.6385
29.6406
29.6413
29.6419
29.6422
29.6424
29.6424
29.6422
29.6419
29.6413
29.6405
29.6425
29.6432
29.6438
29.6442
29.6444
29.6444
29.6442
29.6438
29.6433
29.6425
29.6443
29.645
29.6455
29.6459
29.6461
29.6461
29.6459
29.6455
29.645
29.6442
29.6458
29.6464
29.647
29.6473
29.6475
29.6475
29.6473
29.647
29.6464
29.6457
17.748
17.7489
17.75
17.7509
17.7514
17.7514
17.7509
17.75
17.7489
17.748
17.7449
17.7454
17.7462
17.7469
17.7473
17.7473
17.7469
17.7462
17.7454
17.7449
17.7489
17.7496
17.7504
17.7511
17.7515
17.7515
17.7511
17.7504
17.7496
17.7489
17.7556
17.7567
17.7577
17.7585
17.7589
17.7589
17.7585
17.7577
17.7567
17.7556
17.7627
17.764
17.7651
17.7658
17.7662
17.7662
17.7658
17.7651
17.764
17.7627
17.7681
17.7694
17.7704
17.7711
17.7715
17.7715
17.7712
17.7705
17.7694
17.7681
17.7725
17.7738
17.7748
17.7755
17.7758
17.7758
17.7755
17.7748
17.7739
17.7725
17.7761
17.7774
17.7783
17.7788
17.7791
17.7791
17.7788
17.7783
17.7774
17.7761
17.779
17.7801
17.7809
17.7814
17.7817
17.7817
17.7814
17.7809
17.7801
17.779
17.7812
17.7822
17.7829
17.7834
17.7836
17.7836
17.7834
17.7829
17.7822
17.7812
5.90182
5.90255
5.90351
5.90427
5.90468
5.90468
5.90427
5.90352
5.90256
5.90182
5.89861
5.89905
5.89971
5.90026
5.90057
5.90057
5.90026
5.89971
5.89905
5.89862
5.90197
5.90253
5.90319
5.90373
5.90402
5.90403
5.90373
5.9032
5.90254
5.90197
5.90775
5.90859
5.90936
5.90993
5.91024
5.91024
5.90993
5.90936
5.9086
5.90775
5.91386
5.9148
5.91555
5.91608
5.91635
5.91635
5.91608
5.91555
5.91481
5.91386
5.91815
5.91908
5.91976
5.92021
5.92045
5.92045
5.92022
5.91976
5.91909
5.91815
5.92151
5.92234
5.92294
5.92332
5.92351
5.92351
5.92332
5.92294
5.92235
5.92151
5.92401
5.92472
5.92522
5.92553
5.92569
5.92569
5.92554
5.92523
5.92472
5.92401
5.92582
5.9264
5.92683
5.92709
5.92721
5.92721
5.92709
5.92683
5.9264
5.92582
5.9271
5.92757
5.92797
5.92818
5.92828
5.92828
5.92817
5.92796
5.92757
5.9271
271.664
270.851
270.215
269.747
269.501
269.501
269.747
270.215
270.851
271.664
262.925
261.877
261.074
260.494
260.191
260.191
260.494
261.074
261.877
262.925
255.451
254.264
253.392
252.772
252.45
252.45
252.772
253.392
254.264
255.451
249.986
248.753
247.881
247.271
246.954
246.954
247.271
247.881
248.753
249.986
245.705
244.464
243.613
243.029
242.727
242.727
243.029
243.613
244.464
245.705
242.184
240.968
240.149
239.6
239.317
239.317
239.6
240.149
240.968
242.184
239.278
238.114
237.336
236.827
236.567
236.567
236.827
237.336
238.114
239.278
236.88
235.797
235.07
234.606
234.371
234.371
234.606
235.07
235.797
236.88
234.899
233.934
233.275
232.861
232.652
232.652
232.861
233.275
233.934
234.899
233.273
232.461
231.89
231.53
231.35
231.35
231.53
231.89
232.461
233.273
221.623
221.798
221.985
222.116
222.183
222.183
222.116
221.985
221.798
221.624
221.511
221.584
221.691
221.765
221.802
221.802
221.765
221.691
221.584
221.511
220.46
220.404
220.417
220.426
220.43
220.43
220.426
220.417
220.405
220.46
219.1
218.933
218.868
218.826
218.804
218.804
218.826
218.868
218.933
219.1
217.701
217.439
217.31
217.228
217.185
217.185
217.228
217.31
217.439
217.701
216.306
215.969
215.789
215.676
215.618
215.618
215.676
215.789
215.969
216.306
214.94
214.551
214.334
214.2
214.132
214.132
214.2
214.334
214.551
214.94
213.616
213.203
212.967
212.825
212.753
212.753
212.825
212.967
213.203
213.616
212.34
211.941
211.708
211.568
211.498
211.498
211.568
211.708
211.941
212.34
211.186
210.814
210.587
210.447
210.376
210.376
210.447
210.587
210.814
211.186
210.914
210.81
210.712
210.636
210.595
210.595
210.636
210.712
210.81
210.914
210.978
210.867
210.763
210.68
210.636
210.636
210.68
210.763
210.867
210.978
210.944
210.806
210.68
210.58
210.526
210.526
210.58
210.68
210.806
210.945
210.708
210.53
210.377
210.257
210.192
210.192
210.257
210.377
210.53
210.708
210.343
210.127
209.949
209.813
209.739
209.739
209.813
209.949
210.127
210.343
209.919
209.675
209.478
209.331
209.252
209.252
209.331
209.478
209.675
209.919
209.482
209.22
209.012
208.861
208.78
208.78
208.861
209.012
209.22
209.482
209.057
208.792
208.584
208.436
208.357
208.357
208.436
208.584
208.792
209.057
208.658
208.408
208.213
208.077
208.005
208.005
208.077
208.213
208.408
208.658
208.295
208.075
207.906
207.789
207.729
207.729
207.789
207.906
208.075
208.295
196.595
196.606
196.622
196.633
196.638
196.638
196.633
196.622
196.606
196.595
196.621
196.624
196.636
196.642
196.646
196.646
196.643
196.636
196.624
196.621
196.546
196.536
196.538
196.54
196.54
196.54
196.54
196.538
196.536
196.546
196.383
196.352
196.341
196.334
196.33
196.33
196.334
196.341
196.352
196.383
196.157
196.102
196.076
196.059
196.05
196.05
196.059
196.076
196.102
196.157
195.888
195.807
195.765
195.739
195.725
195.725
195.739
195.765
195.807
195.888
195.587
195.485
195.428
195.393
195.375
195.375
195.393
195.428
195.485
195.587
195.268
195.149
195.08
195.038
195.017
195.017
195.038
195.08
195.149
195.269
194.942
194.816
194.739
194.692
194.669
194.669
194.692
194.739
194.816
194.942
194.63
194.505
194.422
194.371
194.346
194.346
194.371
194.422
194.505
194.63
184.384
184.378
184.374
184.371
184.369
184.369
184.371
184.374
184.378
184.384
184.4
184.392
184.387
184.383
184.38
184.38
184.383
184.387
184.392
184.4
184.391
184.378
184.369
184.362
184.358
184.358
184.362
184.369
184.378
184.391
184.349
184.327
184.313
184.301
184.295
184.295
184.301
184.313
184.327
184.349
184.279
184.247
184.225
184.209
184.2
184.2
184.209
184.225
184.247
184.279
184.188
184.146
184.116
184.095
184.083
184.083
184.095
184.116
184.146
184.188
184.083
184.031
183.994
183.969
183.955
183.955
183.969
183.994
184.031
184.083
183.968
183.909
183.868
183.839
183.824
183.824
183.839
183.868
183.91
183.968
183.849
183.788
183.744
183.714
183.699
183.699
183.714
183.744
183.788
183.849
183.732
183.673
183.63
183.6
183.585
183.585
183.6
183.63
183.673
183.732
172.29
172.289
172.288
172.288
172.287
172.287
172.288
172.288
172.289
172.29
172.297
172.295
172.294
172.293
172.292
172.292
172.293
172.294
172.295
172.297
172.292
172.288
172.286
172.284
172.283
172.283
172.284
172.286
172.288
172.292
172.273
172.266
172.261
172.257
172.255
172.255
172.257
172.261
172.266
172.273
172.241
172.229
172.221
172.215
172.212
172.212
172.215
172.221
172.229
172.241
172.198
172.181
172.17
172.161
172.157
172.157
172.161
172.17
172.181
172.198
172.147
172.124
172.109
172.099
172.094
172.094
172.099
172.109
172.124
172.147
172.089
172.063
172.045
172.033
172.026
172.026
172.033
172.045
172.063
172.089
172.027
171.999
171.979
171.966
171.959
171.959
171.966
171.979
171.999
172.027
171.966
171.937
171.916
171.902
171.895
171.895
171.902
171.916
171.937
171.966
160.324
160.323
160.323
160.323
160.322
160.322
160.323
160.323
160.323
160.324
160.327
160.326
160.325
160.325
160.325
160.325
160.325
160.325
160.326
160.327
160.325
160.323
160.322
160.322
160.321
160.321
160.322
160.322
160.323
160.325
160.317
160.314
160.312
160.31
160.309
160.309
160.31
160.312
160.314
160.317
160.304
160.298
160.295
160.292
160.291
160.291
160.292
160.295
160.298
160.304
160.285
160.277
160.272
160.268
160.266
160.266
160.268
160.272
160.277
160.285
160.262
160.252
160.245
160.24
160.237
160.237
160.24
160.245
160.252
160.262
160.236
160.224
160.215
160.21
160.206
160.206
160.21
160.215
160.224
160.236
160.208
160.195
160.185
160.179
160.175
160.175
160.179
160.185
160.195
160.208
160.18
160.166
160.156
160.149
160.146
160.146
160.149
160.156
160.166
160.18
148.408
148.408
148.408
148.408
148.408
148.408
148.408
148.408
148.408
148.408
148.41
148.409
148.409
148.409
148.409
148.409
148.409
148.409
148.41
148.41
148.409
148.408
148.408
148.408
148.408
148.408
148.408
148.408
148.408
148.409
148.406
148.404
148.403
148.403
148.402
148.402
148.403
148.403
148.404
148.406
148.4
148.397
148.396
148.395
148.394
148.394
148.395
148.396
148.397
148.4
148.391
148.388
148.386
148.384
148.383
148.383
148.384
148.386
148.388
148.391
148.381
148.376
148.373
148.371
148.37
148.37
148.371
148.373
148.376
148.381
148.369
148.363
148.36
148.357
148.355
148.355
148.357
148.36
148.364
148.369
148.356
148.35
148.345
148.342
148.341
148.341
148.342
148.345
148.35
148.356
148.343
148.336
148.332
148.328
148.327
148.327
148.328
148.332
148.336
148.343
136.516
136.516
136.516
136.516
136.516
136.516
136.516
136.516
136.516
136.516
136.517
136.517
136.516
136.516
136.516
136.516
136.516
136.516
136.517
136.517
136.516
136.516
136.516
136.516
136.516
136.516
136.516
136.516
136.516
136.516
136.515
136.514
136.514
136.514
136.513
136.513
136.514
136.514
136.514
136.515
136.512
136.511
136.51
136.51
136.51
136.51
136.51
136.51
136.511
136.512
136.508
136.507
136.506
136.505
136.505
136.505
136.505
136.506
136.507
136.508
136.504
136.502
136.5
136.499
136.499
136.499
136.499
136.5
136.502
136.504
136.498
136.496
136.494
136.493
136.492
136.492
136.493
136.494
136.496
136.498
136.492
136.489
136.487
136.486
136.485
136.485
136.486
136.487
136.489
136.492
136.486
136.483
136.481
136.479
136.479
136.479
136.479
136.481
136.483
136.486
124.634
124.634
124.634
124.634
124.634
124.634
124.634
124.634
124.634
124.634
124.634
124.634
124.634
124.634
124.634
124.634
124.634
124.634
124.634
124.634
124.634
124.634
124.634
124.634
124.634
124.634
124.634
124.634
124.634
124.634
124.633
124.633
124.633
124.633
124.633
124.633
124.633
124.633
124.633
124.633
124.632
124.632
124.631
124.631
124.631
124.631
124.631
124.631
124.632
124.632
124.631
124.63
124.629
124.629
124.629
124.629
124.629
124.629
124.63
124.631
124.628
124.627
124.627
124.626
124.626
124.626
124.626
124.627
124.627
124.628
124.626
124.625
124.624
124.623
124.623
124.623
124.623
124.624
124.625
124.626
124.623
124.622
124.621
124.62
124.62
124.62
124.62
124.621
124.622
124.623
124.62
124.619
124.618
124.617
124.617
124.617
124.617
124.618
124.619
124.62
112.757
112.757
112.757
112.757
112.757
112.757
112.757
112.757
112.757
112.757
112.757
112.757
112.757
112.757
112.757
112.757
112.757
112.757
112.757
112.757
112.757
112.757
112.757
112.757
112.757
112.757
112.757
112.757
112.757
112.757
112.756
112.756
112.756
112.756
112.756
112.756
112.756
112.756
112.756
112.756
112.756
112.756
112.755
112.755
112.755
112.755
112.755
112.755
112.756
112.756
112.755
112.755
112.754
112.754
112.754
112.754
112.754
112.754
112.755
112.755
112.754
112.754
112.753
112.753
112.753
112.753
112.753
112.753
112.754
112.754
112.753
112.752
112.752
112.752
112.752
112.752
112.752
112.752
112.752
112.753
112.752
112.751
112.751
112.75
112.75
112.75
112.75
112.751
112.751
112.752
112.75
112.75
112.749
112.749
112.749
112.749
112.749
112.749
112.75
112.75
100.881
100.881
100.881
100.881
100.881
100.881
100.881
100.881
100.881
100.881
100.881
100.881
100.881
100.881
100.881
100.881
100.881
100.881
100.881
100.881
100.881
100.881
100.881
100.881
100.881
100.881
100.881
100.881
100.881
100.881
100.881
100.881
100.881
100.881
100.881
100.881
100.881
100.881
100.881
100.881
100.881
100.881
100.881
100.881
100.881
100.881
100.881
100.881
100.881
100.881
100.881
100.881
100.88
100.88
100.88
100.88
100.88
100.88
100.881
100.881
100.88
100.88
100.88
100.88
100.88
100.88
100.88
100.88
100.88
100.88
100.88
100.879
100.879
100.879
100.879
100.879
100.879
100.879
100.879
100.88
100.879
100.879
100.879
100.879
100.878
100.878
100.879
100.879
100.879
100.879
100.879
100.878
100.878
100.878
100.878
100.878
100.878
100.878
100.878
100.879
89.007
89.007
89.007
89.007
89.007
89.007
89.007
89.007
89.007
89.007
89.007
89.007
89.007
89.007
89.007
89.007
89.007
89.007
89.007
89.007
89.007
89.007
89.007
89.007
89.007
89.007
89.007
89.007
89.007
89.007
89.007
89.007
89.007
89.007
89.007
89.007
89.007
89.007
89.007
89.007
89.0069
89.0069
89.0069
89.0069
89.0069
89.0069
89.0069
89.0069
89.0069
89.0069
89.0068
89.0067
89.0067
89.0067
89.0067
89.0067
89.0067
89.0067
89.0067
89.0068
89.0066
89.0066
89.0065
89.0065
89.0065
89.0065
89.0065
89.0065
89.0066
89.0066
89.0065
89.0063
89.0063
89.0063
89.0062
89.0062
89.0063
89.0063
89.0063
89.0065
89.0062
89.0061
89.006
89.006
89.006
89.006
89.006
89.006
89.0061
89.0063
89.006
89.0059
89.0058
89.0058
89.0057
89.0057
89.0057
89.0058
89.0059
89.006
77.1331
77.1331
77.1331
77.1331
77.1331
77.1331
77.1331
77.1331
77.1331
77.1331
77.1331
77.1331
77.1331
77.1331
77.1331
77.1331
77.1331
77.1331
77.1331
77.1331
77.1331
77.1331
77.1331
77.1331
77.1332
77.1332
77.1331
77.1331
77.1331
77.1331
77.1332
77.1332
77.1332
77.1332
77.1332
77.1332
77.1332
77.1332
77.1332
77.1332
77.1332
77.1332
77.1332
77.1332
77.1332
77.1332
77.1332
77.1332
77.1332
77.1332
77.1332
77.1332
77.1332
77.1332
77.1332
77.1332
77.1332
77.1332
77.1332
77.1332
77.1332
77.1332
77.1332
77.1332
77.1332
77.1332
77.1332
77.1332
77.1332
77.1332
77.1332
77.1332
77.1332
77.1332
77.1332
77.1332
77.1332
77.1332
77.1332
77.1332
77.1332
77.1332
77.1332
77.1332
77.1332
77.1332
77.1332
77.1332
77.1332
77.1332
77.1332
77.1332
77.1332
77.1332
77.1332
77.1331
77.1331
77.1331
77.1331
77.1332
65.2591
65.2591
65.2592
65.2592
65.2592
65.2592
65.2592
65.2592
65.2591
65.2591
65.2592
65.2592
65.2592
65.2592
65.2592
65.2592
65.2592
65.2592
65.2592
65.2592
65.2593
65.2593
65.2593
65.2593
65.2593
65.2593
65.2593
65.2593
65.2593
65.2593
65.2594
65.2594
65.2594
65.2595
65.2595
65.2595
65.2595
65.2594
65.2594
65.2594
65.2595
65.2596
65.2596
65.2596
65.2596
65.2596
65.2596
65.2596
65.2596
65.2595
65.2597
65.2597
65.2598
65.2598
65.2598
65.2598
65.2598
65.2598
65.2597
65.2597
65.2599
65.2599
65.26
65.26
65.26
65.26
65.26
65.26
65.2599
65.2599
65.26
65.2601
65.2602
65.2602
65.2602
65.2602
65.2602
65.2602
65.2601
65.26
65.2602
65.2603
65.2603
65.2604
65.2604
65.2604
65.2604
65.2603
65.2603
65.2602
65.2603
65.2604
65.2605
65.2605
65.2605
65.2605
65.2605
65.2605
65.2604
65.2603
53.3849
53.3849
53.3849
53.385
53.385
53.385
53.3849
53.3849
53.3849
53.3848
53.3849
53.385
53.385
53.3851
53.3851
53.3851
53.385
53.385
53.385
53.3849
53.3851
53.3852
53.3852
53.3853
53.3853
53.3853
53.3853
53.3852
53.3852
53.3851
53.3854
53.3855
53.3856
53.3856
53.3856
53.3856
53.3856
53.3856
53.3855
53.3854
53.3858
53.3859
53.386
53.386
53.3861
53.3861
53.386
53.386
53.3859
53.3858
53.3862
53.3863
53.3864
53.3865
53.3865
53.3865
53.3865
53.3864
53.3863
53.3862
53.3866
53.3868
53.3869
53.387
53.387
53.387
53.387
53.3869
53.3868
53.3866
53.3871
53.3872
53.3873
53.3874
53.3875
53.3875
53.3875
53.3874
53.3872
53.3871
53.3875
53.3876
53.3878
53.3879
53.3879
53.3879
53.3879
53.3878
53.3876
53.3875
53.3879
53.388
53.3882
53.3883
53.3883
53.3883
53.3883
53.3881
53.388
53.3879
41.51
41.51
41.5101
41.5102
41.5102
41.5102
41.5101
41.5101
41.51
41.51
41.5102
41.5103
41.5103
41.5104
41.5104
41.5104
41.5104
41.5103
41.5102
41.5102
41.5107
41.5108
41.5109
41.5109
41.511
41.511
41.5109
41.5109
41.5108
41.5107
41.5114
41.5115
41.5116
41.5117
41.5118
41.5118
41.5117
41.5116
41.5115
41.5114
41.5122
41.5124
41.5125
41.5127
41.5127
41.5127
41.5127
41.5125
41.5124
41.5122
41.5131
41.5133
41.5135
41.5137
41.5137
41.5137
41.5137
41.5135
41.5133
41.513
41.5139
41.5142
41.5145
41.5146
41.5147
41.5147
41.5146
41.5145
41.5142
41.5139
41.5148
41.5151
41.5154
41.5155
41.5156
41.5156
41.5156
41.5154
41.5151
41.5148
41.5156
41.5159
41.5162
41.5164
41.5165
41.5165
41.5164
41.5162
41.5159
41.5157
41.5164
41.5167
41.517
41.5171
41.5172
41.5172
41.5171
41.5169
41.5166
41.5164
29.6312
29.6314
29.6317
29.632
29.6321
29.6321
29.632
29.6317
29.6314
29.6312
29.6315
29.6318
29.632
29.6323
29.6324
29.6324
29.6323
29.632
29.6317
29.6315
29.6326
29.6329
29.6332
29.6335
29.6336
29.6336
29.6334
29.6332
29.6329
29.6326
29.6344
29.6348
29.6352
29.6355
29.6357
29.6357
29.6355
29.6352
29.6348
29.6344
29.6364
29.6369
29.6374
29.6378
29.6379
29.6379
29.6378
29.6374
29.6369
29.6364
29.6385
29.6392
29.6397
29.6401
29.6403
29.6403
29.6401
29.6397
29.6392
29.6385
29.6405
29.6413
29.6419
29.6422
29.6424
29.6424
29.6422
29.6419
29.6413
29.6406
29.6425
29.6433
29.6438
29.6442
29.6444
29.6444
29.6442
29.6438
29.6432
29.6425
29.6442
29.645
29.6455
29.6459
29.6461
29.6461
29.6459
29.6455
29.645
29.6443
29.6457
29.6464
29.647
29.6473
29.6475
29.6475
29.6473
29.647
29.6464
29.6458
17.748
17.7489
17.75
17.7509
17.7514
17.7514
17.7509
17.75
17.7489
17.748
17.7449
17.7454
17.7462
17.7469
17.7473
17.7473
17.7469
17.7462
17.7454
17.7449
17.7489
17.7496
17.7504
17.7511
17.7515
17.7515
17.7511
17.7504
17.7496
17.7489
17.7556
17.7567
17.7577
17.7585
17.7589
17.7589
17.7585
17.7577
17.7567
17.7556
17.7627
17.764
17.7651
17.7658
17.7662
17.7662
17.7658
17.7651
17.764
17.7627
17.7681
17.7694
17.7705
17.7712
17.7715
17.7715
17.7711
17.7704
17.7694
17.7681
17.7725
17.7739
17.7748
17.7755
17.7758
17.7758
17.7755
17.7748
17.7738
17.7725
17.7761
17.7774
17.7783
17.7788
17.7791
17.7791
17.7788
17.7783
17.7774
17.7761
17.779
17.7801
17.7809
17.7814
17.7817
17.7817
17.7814
17.7809
17.7801
17.779
17.7812
17.7821
17.7829
17.7834
17.7836
17.7836
17.7834
17.7829
17.7821
17.7812
5.90182
5.90256
5.90352
5.90427
5.90468
5.90468
5.90427
5.90351
5.90255
5.90182
5.89862
5.89905
5.89971
5.90026
5.90057
5.90057
5.90026
5.89971
5.89905
5.89861
5.90197
5.90254
5.9032
5.90373
5.90403
5.90403
5.90373
5.90319
5.90253
5.90197
5.90775
5.9086
5.90936
5.90993
5.91024
5.91024
5.90993
5.90936
5.90859
5.90775
5.91387
5.91481
5.91555
5.91608
5.91635
5.91635
5.91608
5.91555
5.9148
5.91386
5.91815
5.91909
5.91976
5.92022
5.92045
5.92045
5.92021
5.91976
5.91908
5.91815
5.92151
5.92235
5.92294
5.92332
5.92351
5.92351
5.92332
5.92294
5.92235
5.92151
5.92401
5.92473
5.92523
5.92554
5.92569
5.92569
5.92553
5.92522
5.92472
5.92401
5.92582
5.9264
5.92684
5.92709
5.92721
5.92721
5.92709
5.92684
5.9264
5.92582
5.92709
5.92756
5.92795
5.92818
5.92828
5.92828
5.92818
5.92797
5.92757
5.92709
271.664
270.851
270.215
269.747
269.501
269.501
269.747
270.215
270.851
271.664
262.925
261.877
261.074
260.494
260.191
260.191
260.494
261.074
261.877
262.925
255.451
254.264
253.392
252.772
252.45
252.45
252.772
253.392
254.264
255.451
249.986
248.753
247.881
247.271
246.954
246.954
247.271
247.881
248.753
249.986
245.705
244.464
243.613
243.029
242.727
242.727
243.029
243.613
244.464
245.705
242.184
240.968
240.149
239.6
239.317
239.317
239.6
240.149
240.968
242.184
239.278
238.114
237.335
236.827
236.567
236.567
236.827
237.336
238.114
239.278
236.88
235.797
235.07
234.606
234.371
234.371
234.606
235.07
235.797
236.88
234.899
233.934
233.275
232.861
232.652
232.652
232.861
233.275
233.934
234.899
233.273
232.461
231.89
231.53
231.35
231.35
231.53
231.89
232.461
233.273
221.623
221.798
221.985
222.116
222.183
222.183
222.116
221.985
221.798
221.624
221.511
221.584
221.691
221.764
221.802
221.802
221.765
221.691
221.584
221.511
220.46
220.404
220.417
220.426
220.43
220.43
220.426
220.417
220.404
220.46
219.1
218.933
218.868
218.826
218.804
218.804
218.826
218.868
218.933
219.1
217.701
217.439
217.31
217.228
217.185
217.185
217.228
217.31
217.439
217.701
216.306
215.969
215.789
215.676
215.618
215.618
215.676
215.789
215.969
216.306
214.94
214.551
214.334
214.2
214.132
214.132
214.2
214.334
214.551
214.94
213.616
213.203
212.967
212.825
212.753
212.753
212.825
212.967
213.203
213.616
212.34
211.941
211.708
211.568
211.498
211.498
211.568
211.708
211.941
212.34
211.186
210.814
210.587
210.447
210.376
210.376
210.447
210.587
210.814
211.186
210.914
210.81
210.712
210.636
210.595
210.595
210.636
210.712
210.81
210.914
210.978
210.867
210.763
210.68
210.636
210.636
210.68
210.763
210.867
210.978
210.944
210.806
210.68
210.58
210.526
210.526
210.58
210.68
210.806
210.945
210.708
210.53
210.377
210.257
210.192
210.192
210.257
210.377
210.53
210.708
210.343
210.127
209.949
209.813
209.739
209.739
209.813
209.949
210.127
210.343
209.919
209.675
209.478
209.331
209.252
209.252
209.331
209.478
209.675
209.919
209.482
209.22
209.012
208.861
208.78
208.78
208.861
209.012
209.22
209.482
209.057
208.792
208.584
208.436
208.357
208.357
208.436
208.584
208.792
209.057
208.658
208.408
208.213
208.077
208.005
208.005
208.077
208.213
208.408
208.658
208.295
208.075
207.906
207.789
207.729
207.729
207.789
207.906
208.075
208.295
196.595
196.606
196.622
196.633
196.638
196.638
196.633
196.622
196.606
196.595
196.621
196.624
196.635
196.642
196.646
196.646
196.642
196.636
196.624
196.621
196.546
196.536
196.538
196.54
196.54
196.54
196.54
196.538
196.536
196.546
196.383
196.352
196.341
196.334
196.33
196.33
196.334
196.341
196.352
196.383
196.157
196.102
196.076
196.059
196.05
196.05
196.059
196.076
196.102
196.157
195.888
195.807
195.765
195.739
195.725
195.725
195.739
195.765
195.807
195.888
195.587
195.485
195.428
195.393
195.375
195.375
195.393
195.428
195.485
195.587
195.269
195.149
195.08
195.038
195.017
195.017
195.038
195.08
195.149
195.269
194.942
194.816
194.739
194.692
194.669
194.669
194.692
194.739
194.816
194.942
194.63
194.505
194.422
194.371
194.346
194.346
194.371
194.422
194.505
194.63
184.384
184.378
184.374
184.371
184.369
184.369
184.371
184.374
184.378
184.384
184.4
184.392
184.387
184.383
184.38
184.38
184.383
184.387
184.392
184.4
184.391
184.378
184.369
184.362
184.358
184.358
184.362
184.369
184.378
184.391
184.349
184.327
184.313
184.301
184.295
184.295
184.301
184.313
184.327
184.349
184.279
184.247
184.225
184.209
184.2
184.2
184.209
184.225
184.247
184.279
184.188
184.146
184.116
184.095
184.083
184.083
184.095
184.116
184.146
184.188
184.083
184.031
183.994
183.969
183.955
183.955
183.969
183.994
184.031
184.083
183.968
183.909
183.868
183.839
183.824
183.824
183.839
183.868
183.909
183.968
183.849
183.788
183.744
183.714
183.699
183.699
183.714
183.744
183.788
183.849
183.732
183.673
183.63
183.6
183.585
183.585
183.6
183.63
183.673
183.732
172.29
172.289
172.288
172.288
172.287
172.287
172.288
172.288
172.289
172.29
172.297
172.295
172.294
172.293
172.292
172.292
172.293
172.294
172.295
172.297
172.292
172.288
172.286
172.284
172.283
172.283
172.284
172.286
172.288
172.292
172.273
172.266
172.261
172.257
172.255
172.255
172.257
172.261
172.266
172.273
172.241
172.229
172.221
172.215
172.212
172.212
172.215
172.221
172.229
172.241
172.198
172.181
172.169
172.161
172.157
172.157
172.161
172.17
172.181
172.199
172.147
172.124
172.109
172.099
172.094
172.094
172.099
172.109
172.124
172.147
172.089
172.062
172.045
172.033
172.026
172.026
172.033
172.045
172.063
172.089
172.027
171.999
171.979
171.966
171.959
171.959
171.966
171.979
171.999
172.027
171.966
171.937
171.916
171.902
171.895
171.895
171.902
171.916
171.937
171.966
160.324
160.323
160.323
160.322
160.322
160.322
160.322
160.323
160.323
160.324
160.327
160.326
160.325
160.325
160.325
160.325
160.325
160.325
160.326
160.327
160.325
160.323
160.322
160.322
160.321
160.321
160.322
160.322
160.323
160.325
160.317
160.314
160.312
160.31
160.309
160.309
160.31
160.312
160.314
160.317
160.304
160.298
160.295
160.292
160.291
160.291
160.292
160.295
160.298
160.304
160.285
160.277
160.272
160.268
160.266
160.266
160.268
160.272
160.277
160.285
160.262
160.252
160.245
160.24
160.237
160.237
160.24
160.245
160.252
160.262
160.236
160.224
160.215
160.21
160.206
160.206
160.21
160.215
160.224
160.236
160.208
160.195
160.185
160.179
160.175
160.175
160.179
160.185
160.195
160.208
160.18
160.166
160.156
160.149
160.146
160.146
160.149
160.156
160.166
160.18
148.408
148.408
148.408
148.408
148.408
148.408
148.408
148.408
148.408
148.408
148.41
148.409
148.409
148.409
148.409
148.409
148.409
148.409
148.41
148.41
148.409
148.408
148.408
148.408
148.408
148.408
148.408
148.408
148.408
148.409
148.406
148.404
148.403
148.403
148.402
148.402
148.403
148.403
148.404
148.406
148.4
148.397
148.396
148.395
148.394
148.394
148.395
148.396
148.397
148.4
148.391
148.388
148.385
148.384
148.383
148.383
148.384
148.386
148.388
148.392
148.381
148.376
148.373
148.371
148.37
148.37
148.371
148.373
148.376
148.381
148.369
148.363
148.36
148.357
148.355
148.355
148.357
148.36
148.363
148.369
148.356
148.35
148.345
148.342
148.341
148.341
148.342
148.345
148.35
148.356
148.343
148.336
148.332
148.328
148.327
148.327
148.328
148.332
148.336
148.343
136.516
136.516
136.516
136.516
136.516
136.516
136.516
136.516
136.516
136.516
136.517
136.517
136.516
136.516
136.516
136.516
136.516
136.516
136.517
136.517
136.516
136.516
136.516
136.516
136.516
136.516
136.516
136.516
136.516
136.516
136.515
136.514
136.514
136.514
136.513
136.513
136.514
136.514
136.514
136.515
136.512
136.511
136.51
136.51
136.51
136.51
136.51
136.51
136.511
136.512
136.508
136.507
136.506
136.505
136.505
136.505
136.505
136.506
136.507
136.508
136.504
136.502
136.5
136.499
136.499
136.499
136.499
136.5
136.502
136.504
136.498
136.496
136.494
136.493
136.492
136.492
136.493
136.494
136.496
136.498
136.492
136.489
136.487
136.486
136.485
136.485
136.486
136.487
136.489
136.492
136.486
136.483
136.481
136.479
136.478
136.478
136.479
136.481
136.483
136.486
124.634
124.634
124.634
124.634
124.634
124.634
124.634
124.634
124.634
124.634
124.634
124.634
124.634
124.634
124.634
124.634
124.634
124.634
124.634
124.634
124.634
124.634
124.634
124.634
124.634
124.634
124.634
124.634
124.634
124.634
124.633
124.633
124.633
124.633
124.633
124.633
124.633
124.633
124.633
124.633
124.632
124.632
124.631
124.631
124.631
124.631
124.631
124.631
124.632
124.632
124.631
124.63
124.629
124.629
124.629
124.629
124.629
124.629
124.63
124.631
124.628
124.627
124.627
124.626
124.626
124.626
124.626
124.627
124.627
124.628
124.626
124.625
124.624
124.623
124.623
124.623
124.623
124.624
124.625
124.626
124.623
124.622
124.621
124.62
124.62
124.62
124.62
124.621
124.622
124.623
124.62
124.619
124.618
124.617
124.617
124.617
124.617
124.618
124.619
124.62
112.757
112.756
112.756
112.756
112.756
112.756
112.756
112.756
112.756
112.757
112.757
112.757
112.757
112.757
112.757
112.757
112.757
112.757
112.757
112.757
112.757
112.757
112.757
112.757
112.756
112.756
112.757
112.757
112.757
112.757
112.756
112.756
112.756
112.756
112.756
112.756
112.756
112.756
112.756
112.756
112.756
112.756
112.755
112.755
112.755
112.755
112.755
112.755
112.756
112.756
112.755
112.755
112.754
112.754
112.754
112.754
112.754
112.754
112.755
112.755
112.754
112.754
112.753
112.753
112.753
112.753
112.753
112.753
112.754
112.754
112.753
112.752
112.752
112.752
112.752
112.752
112.752
112.752
112.752
112.753
112.752
112.751
112.751
112.75
112.75
112.75
112.75
112.751
112.751
112.752
112.75
112.75
112.749
112.749
112.749
112.749
112.749
112.749
112.75
112.75
100.881
100.881
100.881
100.881
100.881
100.881
100.881
100.881
100.881
100.881
100.881
100.881
100.881
100.881
100.881
100.881
100.881
100.881
100.881
100.881
100.881
100.881
100.881
100.881
100.881
100.881
100.881
100.881
100.881
100.881
100.881
100.881
100.881
100.881
100.881
100.881
100.881
100.881
100.881
100.881
100.881
100.881
100.881
100.881
100.881
100.881
100.881
100.881
100.881
100.881
100.881
100.88
100.88
100.88
100.88
100.88
100.88
100.88
100.88
100.881
100.88
100.88
100.88
100.88
100.88
100.88
100.88
100.88
100.88
100.88
100.88
100.879
100.879
100.879
100.879
100.879
100.879
100.879
100.879
100.88
100.879
100.879
100.879
100.879
100.878
100.878
100.879
100.879
100.879
100.879
100.879
100.878
100.878
100.878
100.878
100.878
100.878
100.878
100.878
100.879
89.007
89.007
89.007
89.007
89.007
89.007
89.007
89.007
89.007
89.007
89.007
89.007
89.007
89.007
89.007
89.007
89.007
89.007
89.007
89.007
89.007
89.007
89.007
89.007
89.007
89.007
89.007
89.007
89.007
89.007
89.007
89.007
89.007
89.007
89.007
89.007
89.007
89.007
89.007
89.007
89.0069
89.0069
89.0069
89.0069
89.0068
89.0068
89.0069
89.0069
89.0069
89.0069
89.0068
89.0067
89.0067
89.0067
89.0067
89.0067
89.0067
89.0067
89.0067
89.0068
89.0066
89.0066
89.0065
89.0065
89.0065
89.0065
89.0065
89.0065
89.0065
89.0067
89.0065
89.0063
89.0063
89.0062
89.0062
89.0062
89.0062
89.0063
89.0063
89.0065
89.0063
89.0061
89.006
89.006
89.006
89.006
89.006
89.006
89.0061
89.0063
89.0061
89.0059
89.0058
89.0057
89.0057
89.0057
89.0057
89.0058
89.0059
89.0061
77.1331
77.1331
77.1331
77.1331
77.1331
77.1331
77.1331
77.1331
77.1331
77.133
77.1331
77.1331
77.1331
77.1331
77.1331
77.1331
77.1331
77.1331
77.1331
77.1331
77.1331
77.1331
77.1331
77.1331
77.1331
77.1331
77.1331
77.1331
77.1331
77.1331
77.1331
77.1332
77.1332
77.1332
77.1332
77.1332
77.1332
77.1332
77.1331
77.1331
77.1332
77.1332
77.1332
77.1332
77.1332
77.1332
77.1332
77.1332
77.1332
77.1332
77.1332
77.1332
77.1332
77.1332
77.1332
77.1332
77.1332
77.1332
77.1332
77.1332
77.1332
77.1332
77.1332
77.1332
77.1332
77.1332
77.1332
77.1332
77.1332
77.1332
77.1332
77.1332
77.1332
77.1332
77.1332
77.1332
77.1332
77.1332
77.1332
77.1332
77.1332
77.1332
77.1332
77.1332
77.1332
77.1332
77.1332
77.1332
77.1332
77.1332
77.1332
77.1332
77.1332
77.1331
77.1331
77.1331
77.1331
77.1331
77.1331
77.1332
65.2591
65.2591
65.2592
65.2592
65.2592
65.2592
65.2592
65.2592
65.2591
65.2591
65.2592
65.2592
65.2592
65.2592
65.2592
65.2592
65.2592
65.2592
65.2592
65.2592
65.2593
65.2593
65.2593
65.2593
65.2593
65.2593
65.2593
65.2593
65.2593
65.2592
65.2594
65.2594
65.2594
65.2595
65.2595
65.2595
65.2595
65.2594
65.2594
65.2594
65.2595
65.2596
65.2596
65.2596
65.2596
65.2596
65.2596
65.2596
65.2595
65.2595
65.2597
65.2597
65.2598
65.2598
65.2598
65.2598
65.2598
65.2598
65.2597
65.2597
65.2598
65.2599
65.26
65.26
65.26
65.26
65.26
65.26
65.2599
65.2598
65.26
65.2601
65.2601
65.2602
65.2602
65.2602
65.2602
65.2602
65.2601
65.26
65.2602
65.2603
65.2603
65.2604
65.2604
65.2604
65.2604
65.2603
65.2603
65.2602
65.2604
65.2604
65.2605
65.2605
65.2605
65.2605
65.2605
65.2605
65.2604
65.2604
53.3848
53.3849
53.3849
53.385
53.385
53.385
53.3849
53.3849
53.3849
53.3848
53.3849
53.385
53.385
53.3851
53.3851
53.3851
53.385
53.385
53.385
53.3849
53.3851
53.3852
53.3852
53.3853
53.3853
53.3853
53.3853
53.3852
53.3852
53.3851
53.3854
53.3855
53.3856
53.3856
53.3856
53.3856
53.3856
53.3856
53.3855
53.3854
53.3858
53.3859
53.386
53.386
53.3861
53.3861
53.386
53.386
53.3859
53.3858
53.3862
53.3863
53.3864
53.3865
53.3865
53.3865
53.3865
53.3864
53.3863
53.3862
53.3866
53.3868
53.3869
53.387
53.387
53.387
53.387
53.3869
53.3867
53.3866
53.3871
53.3872
53.3874
53.3875
53.3875
53.3875
53.3874
53.3873
53.3872
53.3871
53.3875
53.3876
53.3878
53.3879
53.3879
53.3879
53.3879
53.3878
53.3876
53.3876
53.3879
53.388
53.3882
53.3883
53.3883
53.3883
53.3883
53.3882
53.388
53.388
41.51
41.51
41.5101
41.5102
41.5102
41.5102
41.5102
41.5101
41.51
41.51
41.5102
41.5103
41.5103
41.5104
41.5104
41.5104
41.5104
41.5103
41.5103
41.5102
41.5107
41.5108
41.5109
41.5109
41.511
41.511
41.5109
41.5109
41.5108
41.5107
41.5114
41.5115
41.5116
41.5117
41.5118
41.5118
41.5117
41.5116
41.5115
41.5114
41.5122
41.5124
41.5126
41.5127
41.5127
41.5127
41.5127
41.5125
41.5124
41.5122
41.513
41.5133
41.5135
41.5137
41.5137
41.5137
41.5137
41.5135
41.5133
41.5131
41.5139
41.5142
41.5145
41.5146
41.5147
41.5147
41.5146
41.5145
41.5142
41.514
41.5148
41.5151
41.5154
41.5156
41.5156
41.5156
41.5156
41.5154
41.5151
41.5148
41.5157
41.5159
41.5162
41.5164
41.5165
41.5165
41.5164
41.5162
41.5159
41.5157
41.5164
41.5167
41.5169
41.5171
41.5172
41.5172
41.5171
41.5169
41.5167
41.5164
29.6312
29.6314
29.6317
29.632
29.6321
29.6321
29.632
29.6317
29.6314
29.6312
29.6315
29.6318
29.632
29.6323
29.6324
29.6324
29.6323
29.632
29.6317
29.6315
29.6326
29.6329
29.6332
29.6335
29.6336
29.6336
29.6335
29.6332
29.6329
29.6326
29.6344
29.6348
29.6352
29.6355
29.6357
29.6357
29.6355
29.6352
29.6348
29.6344
29.6364
29.6369
29.6374
29.6378
29.6379
29.6379
29.6378
29.6374
29.6369
29.6364
29.6385
29.6392
29.6397
29.6401
29.6403
29.6403
29.6401
29.6397
29.6392
29.6385
29.6406
29.6413
29.6419
29.6422
29.6424
29.6424
29.6422
29.6419
29.6413
29.6405
29.6425
29.6432
29.6438
29.6442
29.6444
29.6444
29.6442
29.6438
29.6432
29.6425
29.6443
29.645
29.6455
29.6459
29.6461
29.6461
29.6459
29.6455
29.645
29.6442
29.6458
29.6464
29.647
29.6473
29.6475
29.6475
29.6473
29.647
29.6464
29.6457
17.748
17.7489
17.75
17.7509
17.7514
17.7514
17.7509
17.75
17.7489
17.748
17.7449
17.7454
17.7462
17.7469
17.7473
17.7473
17.7469
17.7462
17.7454
17.7449
17.7489
17.7496
17.7504
17.7511
17.7515
17.7515
17.7511
17.7504
17.7496
17.7489
17.7556
17.7567
17.7577
17.7585
17.7589
17.7589
17.7585
17.7577
17.7567
17.7556
17.7627
17.764
17.7651
17.7658
17.7662
17.7662
17.7658
17.7651
17.764
17.7627
17.7681
17.7694
17.7704
17.7712
17.7715
17.7715
17.7712
17.7705
17.7694
17.7681
17.7725
17.7738
17.7748
17.7755
17.7758
17.7758
17.7755
17.7748
17.7739
17.7725
17.7761
17.7774
17.7783
17.7788
17.7791
17.7791
17.7788
17.7783
17.7774
17.7761
17.779
17.7801
17.7809
17.7814
17.7817
17.7817
17.7814
17.7809
17.7801
17.779
17.7813
17.7822
17.7829
17.7834
17.7836
17.7836
17.7834
17.7829
17.7822
17.7812
5.90182
5.90255
5.90352
5.90427
5.90468
5.90468
5.90427
5.90352
5.90255
5.90182
5.89861
5.89905
5.89971
5.90026
5.90057
5.90057
5.90026
5.89971
5.89905
5.89861
5.90197
5.90253
5.9032
5.90373
5.90403
5.90403
5.90373
5.9032
5.90253
5.90197
5.90775
5.90859
5.90936
5.90993
5.91024
5.91024
5.90993
5.90936
5.9086
5.90775
5.91386
5.9148
5.91555
5.91608
5.91635
5.91636
5.91608
5.91555
5.9148
5.91386
5.91815
5.91908
5.91976
5.92021
5.92045
5.92045
5.92022
5.91976
5.91908
5.91814
5.92151
5.92235
5.92294
5.92332
5.92351
5.92351
5.92332
5.92294
5.92235
5.92151
5.92401
5.92472
5.92522
5.92554
5.92569
5.9257
5.92554
5.92523
5.92472
5.92401
5.92582
5.9264
5.92683
5.92709
5.92722
5.92722
5.92709
5.92684
5.9264
5.92582
5.92711
5.92758
5.92797
5.92818
5.92829
5.92828
5.92818
5.92796
5.92757
5.9271
232.115
231.416
230.911
230.577
230.412
230.412
230.578
230.911
231.416
232.115
231.416
230.716
230.195
229.847
229.675
229.675
229.847
230.195
230.716
231.416
230.911
230.195
229.65
229.288
229.109
229.109
229.288
229.65
230.195
230.911
230.577
229.847
229.288
228.919
228.737
228.737
228.919
229.288
229.847
230.577
230.412
229.675
229.109
228.737
228.553
228.553
228.737
229.109
229.675
230.412
230.412
229.675
229.109
228.737
228.553
228.553
228.737
229.109
229.675
230.412
230.578
229.847
229.288
228.919
228.737
228.737
228.919
229.288
229.847
230.578
230.911
230.195
229.65
229.288
229.109
229.109
229.288
229.65
230.195
230.911
231.416
230.716
230.195
229.847
229.675
229.675
229.847
230.195
230.716
231.416
232.115
231.416
230.911
230.577
230.412
230.412
230.578
230.911
231.416
232.115
210.411
210.032
209.764
209.583
209.492
209.492
209.583
209.764
210.032
210.411
210.032
209.58
209.254
209.035
208.925
208.925
209.035
209.254
209.58
210.032
209.764
209.254
208.888
208.643
208.521
208.521
208.643
208.888
209.254
209.764
209.583
209.035
208.643
208.384
208.255
208.255
208.384
208.643
209.035
209.583
209.492
208.925
208.521
208.255
208.122
208.122
208.255
208.521
208.925
209.492
209.492
208.925
208.521
208.255
208.122
208.122
208.255
208.521
208.925
209.492
209.583
209.035
208.643
208.384
208.255
208.255
208.384
208.643
209.035
209.583
209.764
209.254
208.888
208.643
208.521
208.521
208.643
208.888
209.255
209.764
210.032
209.58
209.254
209.035
208.925
208.925
209.035
209.255
209.58
210.032
210.411
210.032
209.764
209.583
209.492
209.492
209.583
209.764
210.032
210.411
207.996
207.812
207.668
207.566
207.513
207.513
207.566
207.668
207.812
207.996
207.812
207.629
207.479
207.372
207.317
207.317
207.372
207.479
207.629
207.812
207.668
207.479
207.322
207.21
207.153
207.153
207.21
207.322
207.479
207.668
207.566
207.372
207.21
207.096
207.037
207.037
207.096
207.21
207.372
207.566
207.513
207.317
207.153
207.037
206.978
206.978
207.037
207.153
207.317
207.513
207.513
207.317
207.153
207.037
206.978
206.978
207.037
207.153
207.317
207.513
207.566
207.372
207.21
207.096
207.037
207.037
207.096
207.21
207.372
207.566
207.668
207.479
207.322
207.21
207.153
207.153
207.21
207.322
207.479
207.668
207.812
207.629
207.479
207.372
207.317
207.317
207.372
207.479
207.629
207.812
207.996
207.812
207.668
207.566
207.513
207.513
207.566
207.668
207.812
207.996
194.388
194.261
194.171
194.111
194.081
194.081
194.111
194.171
194.261
194.388
194.261
194.112
194.002
193.929
193.892
193.892
193.929
194.002
194.112
194.261
194.171
194.002
193.877
193.794
193.752
193.752
193.794
193.877
194.002
194.171
194.111
193.929
193.794
193.704
193.66
193.66
193.704
193.794
193.929
194.111
194.081
193.892
193.752
193.66
193.613
193.613
193.66
193.752
193.892
194.081
194.081
193.892
193.752
193.66
193.613
193.613
193.66
193.752
193.892
194.081
194.111
193.929
193.794
193.704
193.66
193.66
193.704
193.794
193.929
194.111
194.171
194.002
193.877
193.794
193.752
193.752
193.794
193.877
194.002
194.171
194.261
194.112
194.002
193.929
193.892
193.892
193.929
194.002
194.112
194.261
194.388
194.261
194.171
194.111
194.081
194.081
194.111
194.171
194.261
194.388
183.633
183.578
183.536
183.506
183.491
183.491
183.506
183.536
183.578
183.633
183.578
183.517
183.469
183.435
183.417
183.417
183.435
183.469
183.517
183.578
183.536
183.469
183.415
183.378
183.358
183.358
183.378
183.415
183.469
183.536
183.506
183.435
183.378
183.338
183.318
183.318
183.338
183.378
183.435
183.506
183.491
183.417
183.358
183.318
183.297
183.297
183.318
183.358
183.417
183.491
183.491
183.417
183.358
183.318
183.297
183.297
183.318
183.358
183.417
183.491
183.507
183.435
183.378
183.338
183.318
183.318
183.338
183.378
183.435
183.506
183.536
183.469
183.415
183.378
183.358
183.358
183.378
183.415
183.469
183.536
183.578
183.517
183.469
183.435
183.417
183.417
183.435
183.469
183.517
183.578
183.633
183.578
183.536
183.506
183.491
183.491
183.506
183.536
183.578
183.633
171.913
171.885
171.864
171.849
171.842
171.842
171.849
171.864
171.885
171.914
171.885
171.852
171.827
171.809
171.8
171.8
171.809
171.827
171.852
171.885
171.864
171.827
171.798
171.778
171.768
171.768
171.778
171.798
171.827
171.864
171.849
171.809
171.778
171.757
171.746
171.746
171.757
171.778
171.809
171.849
171.842
171.8
171.768
171.746
171.735
171.735
171.746
171.768
171.8
171.842
171.842
171.8
171.768
171.746
171.735
171.735
171.746
171.768
171.8
171.842
171.849
171.809
171.778
171.757
171.746
171.746
171.757
171.778
171.809
171.849
171.864
171.827
171.798
171.778
171.768
171.768
171.778
171.798
171.827
171.864
171.885
171.852
171.827
171.809
171.8
171.8
171.809
171.827
171.852
171.885
171.914
171.885
171.864
171.849
171.842
171.842
171.849
171.864
171.885
171.914
160.155
160.142
160.131
160.124
160.121
160.121
160.124
160.131
160.142
160.155
160.142
160.126
160.114
160.105
160.101
160.101
160.105
160.114
160.126
160.142
160.131
160.114
160.1
160.09
160.086
160.086
160.09
160.1
160.114
160.131
160.124
160.105
160.09
160.08
160.075
160.075
160.08
160.09
160.105
160.124
160.121
160.101
160.086
160.075
160.069
160.069
160.075
160.086
160.101
160.121
160.121
160.101
160.086
160.075
160.069
160.069
160.075
160.086
160.101
160.121
160.124
160.105
160.09
160.08
160.075
160.075
160.08
160.09
160.105
160.124
160.131
160.114
160.1
160.09
160.086
160.086
160.09
160.1
160.114
160.131
160.142
160.126
160.114
160.105
160.101
160.101
160.105
160.114
160.126
160.142
160.155
160.142
160.131
160.124
160.121
160.121
160.124
160.131
160.142
160.155
148.331
148.325
148.32
148.316
148.315
148.315
148.316
148.32
148.325
148.331
148.325
148.317
148.311
148.307
148.305
148.305
148.307
148.311
148.317
148.325
148.32
148.311
148.305
148.3
148.298
148.298
148.3
148.305
148.311
148.32
148.316
148.307
148.3
148.295
148.293
148.293
148.295
148.3
148.307
148.316
148.315
148.305
148.298
148.293
148.29
148.29
148.293
148.298
148.305
148.315
148.315
148.305
148.298
148.293
148.29
148.29
148.293
148.298
148.305
148.315
148.316
148.307
148.3
148.295
148.293
148.293
148.295
148.3
148.307
148.316
148.32
148.311
148.305
148.3
148.298
148.298
148.3
148.305
148.311
148.32
148.325
148.317
148.311
148.307
148.305
148.305
148.307
148.311
148.317
148.325
148.331
148.325
148.32
148.316
148.315
148.315
148.316
148.32
148.325
148.331
136.48
136.477
136.475
136.474
136.473
136.473
136.474
136.475
136.478
136.481
136.477
136.474
136.471
136.469
136.468
136.468
136.469
136.471
136.474
136.477
136.475
136.471
136.468
136.466
136.465
136.465
136.466
136.468
136.471
136.475
136.474
136.469
136.466
136.464
136.462
136.462
136.464
136.466
136.469
136.474
136.473
136.468
136.465
136.462
136.461
136.461
136.462
136.465
136.468
136.473
136.473
136.468
136.465
136.462
136.461
136.461
136.462
136.465
136.468
136.473
136.474
136.469
136.466
136.464
136.462
136.462
136.464
136.466
136.469
136.474
136.475
136.471
136.468
136.466
136.465
136.465
136.466
136.468
136.471
136.475
136.478
136.474
136.471
136.469
136.468
136.468
136.469
136.471
136.474
136.478
136.481
136.477
136.475
136.474
136.473
136.473
136.474
136.475
136.477
136.481
124.618
124.616
124.615
124.614
124.614
124.614
124.614
124.615
124.616
124.618
124.616
124.615
124.613
124.612
124.612
124.612
124.612
124.613
124.615
124.616
124.615
124.613
124.612
124.611
124.61
124.61
124.611
124.612
124.613
124.615
124.614
124.612
124.611
124.61
124.609
124.609
124.61
124.611
124.612
124.614
124.614
124.612
124.61
124.609
124.608
124.608
124.609
124.61
124.612
124.614
124.614
124.612
124.61
124.609
124.608
124.608
124.609
124.61
124.612
124.614
124.614
124.612
124.611
124.61
124.609
124.609
124.61
124.611
124.612
124.614
124.615
124.613
124.612
124.611
124.61
124.61
124.611
124.612
124.613
124.615
124.616
124.615
124.613
124.612
124.612
124.612
124.612
124.613
124.615
124.616
124.618
124.616
124.615
124.614
124.614
124.614
124.614
124.615
124.616
124.618
112.749
112.748
112.748
112.748
112.747
112.747
112.748
112.748
112.748
112.749
112.748
112.748
112.747
112.747
112.746
112.746
112.747
112.747
112.748
112.748
112.748
112.747
112.746
112.746
112.746
112.746
112.746
112.746
112.747
112.748
112.748
112.747
112.746
112.745
112.745
112.745
112.745
112.746
112.747
112.748
112.747
112.746
112.746
112.745
112.745
112.745
112.745
112.746
112.746
112.747
112.747
112.746
112.746
112.745
112.745
112.745
112.745
112.746
112.746
112.747
112.748
112.747
112.746
112.745
112.745
112.745
112.745
112.746
112.747
112.748
112.748
112.747
112.746
112.746
112.746
112.746
112.746
112.746
112.747
112.748
112.748
112.748
112.747
112.747
112.746
112.746
112.747
112.747
112.748
112.748
112.749
112.748
112.748
112.748
112.747
112.747
112.748
112.748
112.748
112.749
100.878
100.878
100.877
100.877
100.877
100.877
100.877
100.878
100.878
100.878
100.878
100.877
100.877
100.877
100.877
100.877
100.877
100.877
100.877
100.878
100.877
100.877
100.877
100.877
100.876
100.876
100.877
100.877
100.877
100.877
100.877
100.877
100.877
100.876
100.876
100.876
100.876
100.877
100.877
100.877
100.877
100.877
100.876
100.876
100.876
100.876
100.876
100.876
100.877
100.877
100.877
100.877
100.876
100.876
100.876
100.876
100.876
100.876
100.877
100.877
100.877
100.877
100.877
100.876
100.876
100.876
100.876
100.877
100.877
100.877
100.878
100.877
100.877
100.877
100.876
100.876
100.877
100.877
100.877
100.877
100.878
100.877
100.877
100.877
100.877
100.877
100.877
100.877
100.877
100.878
100.878
100.878
100.877
100.877
100.877
100.877
100.877
100.877
100.878
100.878
89.0058
89.0057
89.0056
89.0055
89.0055
89.0055
89.0055
89.0056
89.0057
89.0058
89.0056
89.0055
89.0054
89.0054
89.0053
89.0053
89.0054
89.0054
89.0055
89.0056
89.0056
89.0054
89.0053
89.0052
89.0052
89.0052
89.0052
89.0053
89.0054
89.0056
89.0055
89.0054
89.0052
89.0051
89.0051
89.0051
89.0051
89.0052
89.0054
89.0055
89.0055
89.0053
89.0052
89.0051
89.005
89.005
89.0051
89.0052
89.0053
89.0055
89.0055
89.0053
89.0052
89.0051
89.005
89.005
89.0051
89.0052
89.0053
89.0055
89.0055
89.0054
89.0052
89.0051
89.0051
89.0051
89.0051
89.0052
89.0054
89.0055
89.0056
89.0054
89.0053
89.0052
89.0052
89.0052
89.0052
89.0053
89.0054
89.0056
89.0057
89.0055
89.0054
89.0054
89.0053
89.0053
89.0054
89.0054
89.0055
89.0057
89.0058
89.0056
89.0056
89.0055
89.0055
89.0055
89.0055
89.0056
89.0057
89.0058
77.1331
77.1331
77.1331
77.1331
77.1331
77.1331
77.1331
77.1331
77.1331
77.1331
77.1331
77.1331
77.1331
77.1331
77.1331
77.1331
77.1331
77.1331
77.1331
77.1331
77.1331
77.1331
77.1331
77.1331
77.1331
77.1331
77.1331
77.1331
77.1331
77.1331
77.1331
77.1331
77.1331
77.133
77.133
77.133
77.133
77.1331
77.1331
77.1331
77.1331
77.1331
77.1331
77.133
77.133
77.133
77.133
77.1331
77.1331
77.1331
77.1331
77.1331
77.1331
77.133
77.133
77.133
77.133
77.1331
77.1331
77.1331
77.1331
77.1331
77.1331
77.133
77.133
77.133
77.133
77.1331
77.1331
77.1331
77.1331
77.1331
77.1331
77.1331
77.1331
77.1331
77.1331
77.1331
77.1331
77.1331
77.1331
77.1331
77.1331
77.1331
77.1331
77.1331
77.1331
77.1331
77.1331
77.1331
77.1331
77.1331
77.1331
77.1331
77.1331
77.1331
77.1331
77.1331
77.1331
77.1331
65.2604
65.2605
65.2606
65.2606
65.2607
65.2607
65.2606
65.2606
65.2605
65.2604
65.2605
65.2606
65.2607
65.2607
65.2608
65.2608
65.2607
65.2607
65.2606
65.2605
65.2606
65.2607
65.2608
65.2608
65.2608
65.2608
65.2608
65.2607
65.2607
65.2606
65.2606
65.2607
65.2608
65.2608
65.2609
65.2609
65.2608
65.2608
65.2607
65.2606
65.2607
65.2608
65.2608
65.2609
65.2609
65.2609
65.2609
65.2608
65.2607
65.2607
65.2607
65.2608
65.2608
65.2609
65.2609
65.2609
65.2609
65.2608
65.2607
65.2607
65.2607
65.2607
65.2608
65.2608
65.2609
65.2609
65.2608
65.2608
65.2607
65.2606
65.2606
65.2607
65.2607
65.2608
65.2608
65.2608
65.2608
65.2607
65.2607
65.2606
65.2605
65.2606
65.2607
65.2607
65.2607
65.2607
65.2607
65.2607
65.2606
65.2605
65.2604
65.2605
65.2605
65.2606
65.2607
65.2607
65.2606
65.2606
65.2605
65.2604
53.3881
53.3883
53.3885
53.3886
53.3887
53.3887
53.3886
53.3885
53.3883
53.3881
53.3883
53.3885
53.3887
53.3888
53.3889
53.3889
53.3888
53.3887
53.3885
53.3883
53.3885
53.3887
53.3889
53.389
53.389
53.389
53.389
53.3889
53.3887
53.3884
53.3886
53.3888
53.389
53.3891
53.3892
53.3892
53.3891
53.389
53.3888
53.3886
53.3887
53.3889
53.389
53.3892
53.3892
53.3892
53.3892
53.389
53.3889
53.3886
53.3887
53.3889
53.389
53.3892
53.3892
53.3892
53.3892
53.389
53.3889
53.3886
53.3886
53.3888
53.389
53.3891
53.3892
53.3892
53.3891
53.389
53.3888
53.3886
53.3885
53.3887
53.3889
53.389
53.389
53.389
53.389
53.3889
53.3887
53.3885
53.3883
53.3885
53.3887
53.3888
53.3889
53.3889
53.3888
53.3887
53.3885
53.3883
53.3881
53.3883
53.3884
53.3886
53.3886
53.3886
53.3886
53.3885
53.3883
53.3881
41.5169
41.5173
41.5175
41.5177
41.5178
41.5178
41.5177
41.5175
41.5172
41.5169
41.5172
41.5176
41.5179
41.5181
41.5182
41.5182
41.5181
41.5179
41.5176
41.5172
41.5175
41.5179
41.5182
41.5184
41.5185
41.5185
41.5184
41.5182
41.5179
41.5175
41.5177
41.5181
41.5184
41.5186
41.5187
41.5187
41.5186
41.5184
41.5181
41.5177
41.5178
41.5182
41.5185
41.5187
41.5188
41.5188
41.5187
41.5185
41.5182
41.5178
41.5178
41.5182
41.5185
41.5187
41.5188
41.5188
41.5187
41.5185
41.5182
41.5178
41.5177
41.5181
41.5184
41.5186
41.5187
41.5187
41.5186
41.5184
41.5181
41.5177
41.5175
41.5179
41.5182
41.5184
41.5185
41.5185
41.5184
41.5182
41.5179
41.5175
41.5172
41.5176
41.5179
41.5181
41.5182
41.5182
41.5181
41.5179
41.5176
41.5173
41.5169
41.5172
41.5175
41.5177
41.5178
41.5178
41.5177
41.5176
41.5173
41.5169
29.6468
29.6475
29.648
29.6484
29.6486
29.6486
29.6484
29.6481
29.6475
29.6468
29.6475
29.6482
29.6488
29.6491
29.6493
29.6493
29.6491
29.6488
29.6482
29.6475
29.648
29.6488
29.6493
29.6497
29.6499
29.6499
29.6497
29.6493
29.6488
29.648
29.6484
29.6491
29.6497
29.6501
29.6503
29.6503
29.6501
29.6497
29.6491
29.6484
29.6486
29.6493
29.6499
29.6503
29.6504
29.6504
29.6503
29.6499
29.6493
29.6486
29.6486
29.6493
29.6499
29.6503
29.6504
29.6504
29.6503
29.6499
29.6493
29.6486
29.6484
29.6491
29.6497
29.6501
29.6503
29.6503
29.6501
29.6497
29.6491
29.6484
29.6481
29.6488
29.6493
29.6497
29.6499
29.6499
29.6497
29.6493
29.6488
29.6481
29.6475
29.6482
29.6488
29.6491
29.6493
29.6493
29.6491
29.6488
29.6482
29.6475
29.6468
29.6475
29.648
29.6484
29.6486
29.6486
29.6484
29.6481
29.6475
29.6469
17.7827
17.7836
17.7843
17.7848
17.785
17.785
17.7848
17.7844
17.7837
17.7828
17.7836
17.7846
17.7853
17.7857
17.7859
17.7859
17.7857
17.7853
17.7846
17.7837
17.7843
17.7853
17.7859
17.7864
17.7866
17.7866
17.7864
17.7859
17.7853
17.7843
17.7848
17.7857
17.7864
17.7868
17.787
17.787
17.7868
17.7864
17.7857
17.7848
17.785
17.7859
17.7866
17.787
17.7873
17.7873
17.787
17.7866
17.7859
17.785
17.785
17.7859
17.7866
17.787
17.7873
17.7873
17.787
17.7866
17.7859
17.785
17.7848
17.7857
17.7864
17.7868
17.787
17.787
17.7868
17.7864
17.7857
17.7848
17.7844
17.7853
17.7859
17.7864
17.7866
17.7866
17.7864
17.7859
17.7853
17.7843
17.7837
17.7846
17.7853
17.7857
17.7859
17.7859
17.7857
17.7853
17.7846
17.7837
17.7828
17.7837
17.7843
17.7848
17.785
17.785
17.7848
17.7843
17.7836
17.7827
5.92791
5.92836
5.92869
5.92889
5.92898
5.92899
5.9289
5.9287
5.92837
5.92792
5.92836
5.92882
5.92913
5.92932
5.92941
5.92941
5.92932
5.92913
5.92882
5.92837
5.92869
5.92913
5.92942
5.9296
5.92968
5.92968
5.92959
5.92941
5.92913
5.9287
5.92889
5.92932
5.9296
5.92977
5.92985
5.92985
5.92977
5.92959
5.92932
5.9289
5.92899
5.92941
5.92968
5.92985
5.92993
5.92993
5.92985
5.92968
5.92941
5.92899
5.92899
5.92941
5.92968
5.92985
5.92993
5.92993
5.92985
5.92968
5.92941
5.92898
5.9289
5.92932
5.92959
5.92977
5.92985
5.92985
5.92977
5.92959
5.92931
5.92889
5.9287
5.92913
5.92941
5.92959
5.92968
5.92968
5.92959
5.92941
5.92912
5.92869
5.92838
5.92882
5.92913
5.92932
5.9294
5.9294
5.92931
5.92912
5.92881
5.92836
5.92792
5.92836
5.92869
5.92889
5.92898
5.92898
5.92889
5.92868
5.92835
5.9279
)
;

boundaryField
{
    fixedWalls
    {
        type            zeroGradient;
    }
    inlet
    {
        type            fixedGradient;
        gradient        uniform 0;
    }
    outlet
    {
        type            fixedValue;
        value           uniform 0;
    }
}


// ************************************************************************* //
