/*--------------------------------*- C++ -*----------------------------------*\
| =========                 |                                                 |
| \\      /  F ield         | OpenFOAM: The Open Source CFD Toolbox           |
|  \\    /   O peration     | Version:  2106                                  |
|   \\  /    A nd           | Website:  www.openfoam.com                      |
|    \\/     M anipulation  |                                                 |
\*---------------------------------------------------------------------------*/
FoamFile
{
    version     2.0;
    format      ascii;
    arch        "LSB;label=32;scalar=64";
    class       volScalarField;
    location    "0.66";
    object      p;
}
// * * * * * * * * * * * * * * * * * * * * * * * * * * * * * * * * * * * * * //

dimensions      [0 2 -2 0 0 0 0];

internalField   nonuniform List<scalar> 
10000
(
98.3841
97.8034
97.4388
97.1723
97.0341
97.0341
97.1723
97.4388
97.8034
98.3841
89.2692
88.4214
87.8631
87.4684
87.2651
87.2651
87.4684
87.8631
88.4214
89.2692
81.7018
80.7263
80.0896
79.646
79.4185
79.4185
79.646
80.0896
80.7263
81.7018
76.4769
75.4747
74.8291
74.3859
74.1587
74.1587
74.3859
74.8291
75.4747
76.4769
72.5563
71.5613
70.9236
70.4944
70.2746
70.2746
70.4944
70.9236
71.5613
72.5563
69.3808
68.4129
67.7909
67.3826
67.174
67.174
67.3826
67.7909
68.4129
69.3808
66.7616
65.8415
65.2449
64.8638
64.6698
64.6698
64.8638
65.2449
65.8415
66.7616
64.5925
63.7436
63.1847
62.8362
62.6595
62.6595
62.8362
63.1847
63.7436
64.5925
62.7936
62.032
61.5235
61.2124
61.0548
61.0548
61.2124
61.5235
62.032
62.7936
61.3851
60.6237
60.174
59.9004
59.7617
59.7617
59.9004
60.174
60.6237
61.3851
62.4835
62.656
62.8436
62.9702
63.0357
63.0357
62.9702
62.8436
62.656
62.4835
62.906
63.0005
63.127
63.2081
63.2496
63.2496
63.2081
63.127
63.0005
62.906
62.8831
62.8803
62.9329
62.9612
62.9752
62.9752
62.9612
62.9329
62.8803
62.8831
62.4736
62.3808
62.3654
62.3471
62.337
62.337
62.3471
62.3654
62.3808
62.4736
61.8797
61.713
61.6398
61.584
61.5546
61.5546
61.584
61.6398
61.713
61.8797
61.2104
60.988
60.8681
60.7842
60.7405
60.7405
60.7842
60.8681
60.988
61.2104
60.5205
60.2626
60.1089
60.0067
59.9539
59.9539
60.0067
60.1089
60.2626
60.5205
59.8414
59.5718
59.3997
59.2891
59.2319
59.2319
59.2891
59.3997
59.5718
59.8414
59.209
58.9435
58.765
58.6529
58.5947
58.5947
58.6529
58.765
58.9435
59.209
58.7262
58.3789
58.1954
58.0826
58.0239
58.0239
58.0826
58.1954
58.3789
58.7262
57.8848
57.8704
57.8722
57.8687
57.8672
57.8672
57.8687
57.8722
57.8704
57.8848
58.2954
58.2788
58.28
58.2749
58.2722
58.2722
58.2749
58.28
58.2788
58.2954
58.6354
58.6004
58.5902
58.5754
58.5675
58.5675
58.5754
58.5902
58.6004
58.6354
58.6887
58.6206
58.5882
58.5575
58.5411
58.5411
58.5575
58.5882
58.6206
58.6887
58.5453
58.442
58.3854
58.3386
58.3139
58.3139
58.3386
58.3854
58.442
58.5453
58.2993
58.1655
58.0865
58.0265
57.9949
57.9949
58.0265
58.0865
58.1655
58.2993
57.9989
57.8429
57.7459
57.6765
57.6401
57.6401
57.6765
57.7459
57.8429
57.9989
57.6711
57.5049
57.3966
57.3222
57.2834
57.2834
57.3222
57.3966
57.5049
57.6711
57.3487
57.1798
57.0642
56.9875
56.9475
56.9475
56.9875
57.0642
57.1798
57.3487
57.1065
56.8736
56.7475
56.667
56.6252
56.6252
56.667
56.7475
56.8736
57.1065
53.185
53.2047
53.2296
53.2456
53.254
53.254
53.2456
53.2296
53.2047
53.185
53.395
53.4185
53.4475
53.4658
53.4755
53.4755
53.4658
53.4475
53.4185
53.395
53.5734
53.5947
53.6234
53.6409
53.6501
53.6501
53.6409
53.6234
53.5947
53.5734
53.6595
53.6704
53.6923
53.7044
53.7107
53.7107
53.7044
53.6923
53.6704
53.6595
53.6741
53.6707
53.6822
53.6869
53.6892
53.6892
53.6869
53.6822
53.6707
53.6741
53.6406
53.6224
53.6225
53.6195
53.6177
53.6177
53.6195
53.6225
53.6224
53.6406
53.5726
53.5417
53.5311
53.5214
53.516
53.516
53.5214
53.5311
53.5417
53.5726
53.4798
53.4409
53.422
53.4073
53.3992
53.3992
53.4073
53.422
53.4409
53.4798
53.3804
53.3356
53.3086
53.2892
53.2787
53.2787
53.2892
53.3086
53.3356
53.3804
53.3193
53.2308
53.1899
53.1631
53.1489
53.1489
53.1631
53.1899
53.2308
53.3193
49.9779
49.9779
49.98
49.9801
49.9802
49.9802
49.9801
49.98
49.9779
49.9779
50.0763
50.08
50.0852
50.0874
50.0886
50.0886
50.0874
50.0852
50.08
50.0763
50.1768
50.182
50.1888
50.1919
50.1935
50.1935
50.1919
50.1888
50.182
50.1768
50.2452
50.2483
50.2541
50.2561
50.257
50.257
50.2561
50.2541
50.2483
50.2452
50.2835
50.2823
50.2853
50.2849
50.2846
50.2846
50.2849
50.2853
50.2823
50.2835
50.2986
50.2921
50.2913
50.2882
50.2864
50.2864
50.2882
50.2913
50.2921
50.2986
50.2953
50.2836
50.2789
50.2733
50.2701
50.2701
50.2733
50.2789
50.2836
50.2953
50.2779
50.2626
50.2544
50.2467
50.2424
50.2424
50.2467
50.2544
50.2626
50.2779
50.2559
50.2371
50.2246
50.2145
50.209
50.209
50.2145
50.2246
50.2371
50.2559
50.2505
50.2088
50.1882
50.1739
50.1663
50.1663
50.1739
50.1882
50.2088
50.2505
46.6733
46.6763
46.68
46.6822
46.6834
46.6834
46.6822
46.68
46.6763
46.6733
46.7143
46.7191
46.7244
46.7277
46.7294
46.7294
46.7277
46.7244
46.7191
46.7143
46.7561
46.762
46.7686
46.7726
46.7747
46.7747
46.7726
46.7686
46.762
46.7561
46.7876
46.7934
46.8002
46.8041
46.8062
46.8062
46.8041
46.8002
46.7934
46.7876
46.809
46.8136
46.8196
46.823
46.8247
46.8247
46.823
46.8196
46.8136
46.809
46.8217
46.8244
46.8291
46.8314
46.8326
46.8326
46.8314
46.8291
46.8244
46.8217
46.8266
46.8273
46.8304
46.8316
46.8321
46.8321
46.8316
46.8304
46.8273
46.8266
46.8249
46.8241
46.8256
46.8256
46.8255
46.8255
46.8256
46.8256
46.8241
46.8249
46.8209
46.8182
46.8173
46.8159
46.815
46.815
46.8159
46.8173
46.8182
46.8209
46.825
46.8106
46.8047
46.8005
46.7983
46.7983
46.8005
46.8048
46.8106
46.825
43.4938
43.4942
43.4948
43.4949
43.495
43.495
43.4949
43.4948
43.4942
43.4938
43.511
43.5123
43.5136
43.5143
43.5147
43.5147
43.5143
43.5136
43.5123
43.511
43.5307
43.5327
43.5348
43.5359
43.5365
43.5365
43.5359
43.5348
43.5327
43.5307
43.5476
43.55
43.5524
43.5537
43.5544
43.5544
43.5537
43.5524
43.55
43.5476
43.5614
43.5637
43.5661
43.5673
43.5679
43.5679
43.5673
43.5661
43.5637
43.5614
43.5721
43.574
43.5763
43.5772
43.5777
43.5777
43.5772
43.5763
43.574
43.5721
43.58
43.5814
43.5832
43.5838
43.5841
43.5841
43.5838
43.5832
43.5814
43.58
43.5852
43.5862
43.5876
43.5879
43.5879
43.5879
43.5879
43.5876
43.5862
43.5852
43.5898
43.59
43.5904
43.5901
43.5898
43.5898
43.5901
43.5904
43.59
43.5898
43.5978
43.5928
43.5909
43.5893
43.5885
43.5885
43.5893
43.5909
43.5928
43.5978
40.2782
40.2788
40.2795
40.2798
40.28
40.28
40.2798
40.2795
40.2788
40.2782
40.2849
40.2858
40.2868
40.2874
40.2877
40.2877
40.2874
40.2868
40.2858
40.2849
40.2924
40.2937
40.295
40.2958
40.2962
40.2962
40.2958
40.295
40.2937
40.2924
40.2993
40.3008
40.3024
40.3033
40.3038
40.3038
40.3033
40.3024
40.3008
40.2993
40.3053
40.3069
40.3086
40.3096
40.3101
40.3101
40.3096
40.3086
40.3069
40.3053
40.3104
40.312
40.3136
40.3146
40.3151
40.3151
40.3146
40.3136
40.312
40.3104
40.3144
40.3159
40.3174
40.3183
40.3187
40.3187
40.3183
40.3174
40.3159
40.3144
40.3174
40.3187
40.3201
40.3208
40.3211
40.3211
40.3208
40.3201
40.3187
40.3174
40.32
40.3211
40.322
40.3224
40.3226
40.3226
40.3224
40.322
40.3211
40.32
40.3242
40.323
40.3228
40.3225
40.3224
40.3224
40.3225
40.3228
40.323
40.3242
37.0697
37.0698
37.0699
37.07
37.07
37.07
37.07
37.0699
37.0698
37.0697
37.0722
37.0724
37.0727
37.0728
37.0729
37.0729
37.0728
37.0727
37.0724
37.0722
37.0753
37.0758
37.0762
37.0764
37.0766
37.0766
37.0764
37.0762
37.0758
37.0753
37.0785
37.0792
37.0797
37.0801
37.0802
37.0802
37.0801
37.0797
37.0792
37.0785
37.0817
37.0824
37.0831
37.0835
37.0837
37.0837
37.0835
37.0831
37.0824
37.0817
37.0846
37.0855
37.0862
37.0866
37.0868
37.0868
37.0866
37.0862
37.0855
37.0846
37.0873
37.0882
37.0889
37.0894
37.0896
37.0896
37.0894
37.0889
37.0882
37.0873
37.0897
37.0906
37.0914
37.0917
37.0919
37.0919
37.0917
37.0914
37.0906
37.0897
37.0921
37.0929
37.0935
37.0938
37.0939
37.0939
37.0938
37.0935
37.0929
37.0921
37.0951
37.095
37.0952
37.0952
37.0952
37.0952
37.0952
37.0952
37.095
37.0951
33.8504
33.8506
33.8507
33.8507
33.8507
33.8507
33.8507
33.8507
33.8506
33.8504
33.8512
33.8514
33.8516
33.8517
33.8517
33.8517
33.8517
33.8516
33.8514
33.8512
33.8523
33.8525
33.8528
33.8529
33.853
33.853
33.8529
33.8528
33.8525
33.8523
33.8535
33.8538
33.8541
33.8543
33.8544
33.8544
33.8543
33.8541
33.8538
33.8535
33.8547
33.8551
33.8555
33.8557
33.8558
33.8558
33.8557
33.8555
33.8551
33.8547
33.8559
33.8564
33.8568
33.857
33.8572
33.8572
33.857
33.8568
33.8564
33.8559
33.8571
33.8576
33.858
33.8583
33.8584
33.8584
33.8583
33.858
33.8576
33.8571
33.8582
33.8587
33.8591
33.8594
33.8595
33.8595
33.8594
33.8591
33.8587
33.8582
33.8593
33.8598
33.8601
33.8604
33.8605
33.8605
33.8604
33.8601
33.8598
33.8593
33.8606
33.8607
33.8609
33.861
33.8611
33.8611
33.861
33.8609
33.8607
33.8606
30.6301
30.6301
30.6301
30.6301
30.6301
30.6301
30.6301
30.6301
30.6301
30.6301
30.6303
30.6303
30.6304
30.6304
30.6304
30.6304
30.6304
30.6304
30.6303
30.6303
30.6306
30.6307
30.6308
30.6308
30.6308
30.6308
30.6308
30.6308
30.6307
30.6306
30.6311
30.6313
30.6314
30.6314
30.6314
30.6314
30.6314
30.6314
30.6313
30.6311
30.6317
30.6319
30.632
30.6321
30.6321
30.6321
30.6321
30.632
30.6319
30.6317
30.6323
30.6325
30.6327
30.6328
30.6328
30.6328
30.6328
30.6327
30.6325
30.6323
30.633
30.6332
30.6334
30.6335
30.6336
30.6336
30.6335
30.6334
30.6332
30.633
30.6336
30.6339
30.6341
30.6342
30.6343
30.6343
30.6342
30.6341
30.6339
30.6336
30.6343
30.6345
30.6347
30.6348
30.6349
30.6349
30.6348
30.6347
30.6345
30.6343
30.635
30.6352
30.6353
30.6354
30.6354
30.6354
30.6354
30.6353
30.6352
30.635
27.407
27.407
27.407
27.407
27.407
27.407
27.407
27.407
27.407
27.407
27.407
27.407
27.407
27.407
27.4071
27.4071
27.407
27.407
27.407
27.407
27.4071
27.4071
27.4071
27.4072
27.4072
27.4072
27.4072
27.4071
27.4071
27.4071
27.4072
27.4073
27.4073
27.4073
27.4074
27.4074
27.4073
27.4073
27.4073
27.4072
27.4074
27.4075
27.4075
27.4076
27.4076
27.4076
27.4076
27.4075
27.4075
27.4074
27.4076
27.4077
27.4078
27.4079
27.4079
27.4079
27.4079
27.4078
27.4077
27.4076
27.4079
27.408
27.4081
27.4082
27.4082
27.4082
27.4082
27.4081
27.408
27.4079
27.4082
27.4083
27.4084
27.4085
27.4085
27.4085
27.4085
27.4084
27.4083
27.4082
27.4084
27.4086
27.4087
27.4087
27.4088
27.4088
27.4087
27.4087
27.4086
27.4084
27.4087
27.4088
27.4089
27.409
27.409
27.409
27.409
27.4089
27.4088
27.4087
24.1833
24.1833
24.1833
24.1833
24.1833
24.1833
24.1833
24.1833
24.1833
24.1833
24.1833
24.1833
24.1833
24.1833
24.1833
24.1833
24.1833
24.1833
24.1833
24.1833
24.1833
24.1833
24.1833
24.1833
24.1833
24.1833
24.1833
24.1833
24.1833
24.1833
24.1834
24.1834
24.1834
24.1834
24.1834
24.1834
24.1834
24.1834
24.1834
24.1834
24.1834
24.1835
24.1835
24.1835
24.1835
24.1835
24.1835
24.1835
24.1835
24.1834
24.1835
24.1836
24.1836
24.1836
24.1836
24.1836
24.1836
24.1836
24.1836
24.1835
24.1837
24.1837
24.1838
24.1838
24.1838
24.1838
24.1838
24.1838
24.1837
24.1837
24.1838
24.1839
24.1839
24.1839
24.1839
24.1839
24.1839
24.1839
24.1839
24.1838
24.1839
24.184
24.1841
24.1841
24.1841
24.1841
24.1841
24.1841
24.184
24.1839
24.1841
24.1842
24.1842
24.1842
24.1842
24.1842
24.1842
24.1842
24.1842
24.1841
20.9591
20.9591
20.9591
20.9591
20.9591
20.9591
20.9591
20.9591
20.9591
20.9591
20.9591
20.9591
20.9591
20.9591
20.9591
20.9591
20.9591
20.9591
20.9591
20.9591
20.9591
20.9591
20.9591
20.9591
20.9591
20.9591
20.9591
20.9591
20.9591
20.9591
20.9591
20.9591
20.9591
20.9591
20.9591
20.9591
20.9591
20.9591
20.9591
20.9591
20.9591
20.9591
20.9591
20.9591
20.9591
20.9591
20.9591
20.9591
20.9591
20.9591
20.9591
20.9591
20.9591
20.9592
20.9592
20.9592
20.9592
20.9591
20.9591
20.9591
20.9592
20.9592
20.9592
20.9592
20.9592
20.9592
20.9592
20.9592
20.9592
20.9592
20.9592
20.9592
20.9593
20.9593
20.9593
20.9593
20.9593
20.9593
20.9592
20.9592
20.9593
20.9593
20.9593
20.9593
20.9593
20.9593
20.9593
20.9593
20.9593
20.9593
20.9593
20.9593
20.9594
20.9594
20.9594
20.9594
20.9594
20.9594
20.9594
20.9593
17.7347
17.7347
17.7347
17.7347
17.7347
17.7347
17.7347
17.7347
17.7347
17.7347
17.7347
17.7347
17.7347
17.7347
17.7347
17.7347
17.7347
17.7347
17.7347
17.7347
17.7347
17.7347
17.7347
17.7347
17.7347
17.7347
17.7347
17.7347
17.7347
17.7347
17.7347
17.7347
17.7347
17.7347
17.7347
17.7347
17.7347
17.7347
17.7347
17.7347
17.7347
17.7347
17.7347
17.7347
17.7347
17.7347
17.7347
17.7347
17.7347
17.7347
17.7347
17.7347
17.7347
17.7347
17.7347
17.7347
17.7347
17.7347
17.7347
17.7347
17.7347
17.7348
17.7348
17.7348
17.7348
17.7348
17.7348
17.7348
17.7348
17.7347
17.7348
17.7348
17.7348
17.7348
17.7348
17.7348
17.7348
17.7348
17.7348
17.7348
17.7348
17.7348
17.7348
17.7348
17.7348
17.7348
17.7348
17.7348
17.7348
17.7348
17.7348
17.7348
17.7348
17.7348
17.7349
17.7349
17.7348
17.7348
17.7348
17.7348
14.5103
14.5103
14.5103
14.5103
14.5103
14.5103
14.5103
14.5103
14.5103
14.5103
14.5103
14.5103
14.5103
14.5103
14.5103
14.5103
14.5103
14.5103
14.5103
14.5103
14.5102
14.5102
14.5102
14.5102
14.5102
14.5102
14.5102
14.5102
14.5102
14.5102
14.5102
14.5102
14.5102
14.5102
14.5102
14.5102
14.5102
14.5102
14.5102
14.5102
14.5102
14.5102
14.5102
14.5102
14.5102
14.5102
14.5102
14.5102
14.5102
14.5102
14.5102
14.5103
14.5103
14.5103
14.5103
14.5103
14.5103
14.5103
14.5103
14.5102
14.5103
14.5103
14.5103
14.5103
14.5103
14.5103
14.5103
14.5103
14.5103
14.5103
14.5103
14.5103
14.5103
14.5103
14.5103
14.5103
14.5103
14.5103
14.5103
14.5103
14.5103
14.5103
14.5103
14.5103
14.5103
14.5103
14.5103
14.5103
14.5103
14.5103
14.5103
14.5103
14.5103
14.5103
14.5103
14.5103
14.5103
14.5103
14.5103
14.5103
11.2858
11.2858
11.2858
11.2858
11.2858
11.2858
11.2858
11.2858
11.2858
11.2858
11.2858
11.2858
11.2858
11.2858
11.2858
11.2858
11.2858
11.2858
11.2858
11.2858
11.2858
11.2858
11.2858
11.2858
11.2858
11.2858
11.2858
11.2858
11.2858
11.2858
11.2858
11.2858
11.2858
11.2858
11.2858
11.2858
11.2858
11.2858
11.2858
11.2858
11.2858
11.2858
11.2858
11.2858
11.2858
11.2858
11.2858
11.2858
11.2858
11.2858
11.2858
11.2858
11.2858
11.2858
11.2858
11.2858
11.2858
11.2858
11.2858
11.2858
11.2858
11.2858
11.2858
11.2858
11.2858
11.2858
11.2858
11.2858
11.2858
11.2858
11.2858
11.2858
11.2858
11.2858
11.2858
11.2858
11.2858
11.2858
11.2858
11.2858
11.2858
11.2858
11.2858
11.2858
11.2858
11.2858
11.2858
11.2858
11.2858
11.2858
11.2858
11.2858
11.2858
11.2858
11.2858
11.2858
11.2858
11.2858
11.2858
11.2858
8.06127
8.06127
8.06127
8.06127
8.06127
8.06127
8.06127
8.06127
8.06127
8.06127
8.06127
8.06127
8.06127
8.06127
8.06127
8.06127
8.06127
8.06127
8.06127
8.06127
8.06127
8.06127
8.06127
8.06127
8.06127
8.06127
8.06127
8.06127
8.06127
8.06127
8.06126
8.06126
8.06126
8.06126
8.06126
8.06126
8.06126
8.06126
8.06126
8.06126
8.06126
8.06126
8.06126
8.06126
8.06126
8.06126
8.06126
8.06126
8.06126
8.06126
8.06126
8.06126
8.06126
8.06126
8.06126
8.06126
8.06126
8.06126
8.06126
8.06126
8.06126
8.06126
8.06126
8.06126
8.06126
8.06126
8.06126
8.06126
8.06126
8.06126
8.06126
8.06126
8.06126
8.06126
8.06126
8.06126
8.06126
8.06126
8.06126
8.06126
8.06126
8.06126
8.06126
8.06127
8.06127
8.06127
8.06127
8.06126
8.06126
8.06126
8.06126
8.06127
8.06127
8.06127
8.06127
8.06127
8.06127
8.06127
8.06127
8.06126
4.83676
4.83676
4.83676
4.83676
4.83676
4.83676
4.83676
4.83676
4.83676
4.83676
4.83676
4.83676
4.83676
4.83676
4.83676
4.83676
4.83676
4.83676
4.83676
4.83676
4.83676
4.83676
4.83676
4.83676
4.83676
4.83676
4.83676
4.83676
4.83676
4.83676
4.83676
4.83676
4.83676
4.83676
4.83676
4.83676
4.83676
4.83676
4.83676
4.83676
4.83676
4.83676
4.83676
4.83676
4.83676
4.83676
4.83676
4.83676
4.83676
4.83676
4.83676
4.83676
4.83676
4.83676
4.83676
4.83676
4.83676
4.83676
4.83676
4.83676
4.83676
4.83676
4.83676
4.83676
4.83676
4.83676
4.83676
4.83676
4.83676
4.83676
4.83676
4.83676
4.83676
4.83676
4.83676
4.83676
4.83676
4.83676
4.83676
4.83676
4.83676
4.83676
4.83676
4.83676
4.83676
4.83676
4.83676
4.83676
4.83676
4.83676
4.83676
4.83676
4.83676
4.83676
4.83676
4.83676
4.83676
4.83676
4.83676
4.83676
1.61225
1.61225
1.61225
1.61225
1.61225
1.61225
1.61225
1.61225
1.61225
1.61225
1.61225
1.61225
1.61225
1.61225
1.61225
1.61225
1.61225
1.61225
1.61225
1.61225
1.61225
1.61225
1.61225
1.61225
1.61225
1.61225
1.61225
1.61225
1.61225
1.61225
1.61225
1.61225
1.61225
1.61225
1.61225
1.61225
1.61225
1.61225
1.61225
1.61225
1.61225
1.61225
1.61225
1.61225
1.61225
1.61225
1.61225
1.61225
1.61225
1.61225
1.61225
1.61225
1.61225
1.61225
1.61225
1.61225
1.61225
1.61225
1.61225
1.61225
1.61225
1.61225
1.61225
1.61225
1.61225
1.61225
1.61225
1.61225
1.61225
1.61225
1.61225
1.61225
1.61225
1.61225
1.61225
1.61225
1.61225
1.61225
1.61225
1.61225
1.61225
1.61225
1.61225
1.61225
1.61225
1.61225
1.61225
1.61225
1.61225
1.61225
1.61225
1.61225
1.61225
1.61225
1.61225
1.61225
1.61225
1.61225
1.61225
1.61225
98.3841
97.8034
97.4388
97.1723
97.0341
97.0341
97.1723
97.4388
97.8034
98.3841
89.2692
88.4214
87.8631
87.4684
87.2651
87.2651
87.4684
87.8631
88.4215
89.2692
81.7018
80.7263
80.0896
79.646
79.4185
79.4185
79.646
80.0896
80.7263
81.7018
76.4769
75.4747
74.8291
74.3859
74.1587
74.1588
74.3859
74.8291
75.4747
76.4769
72.5563
71.5613
70.9236
70.4944
70.2746
70.2746
70.4944
70.9236
71.5613
72.5563
69.3808
68.4129
67.7909
67.3826
67.174
67.174
67.3826
67.7909
68.4129
69.3808
66.7616
65.8415
65.2449
64.8638
64.6698
64.6698
64.8638
65.2449
65.8415
66.7616
64.5925
63.7436
63.1847
62.8362
62.6595
62.6595
62.8362
63.1847
63.7436
64.5925
62.7936
62.0321
61.5235
61.2124
61.0548
61.0548
61.2124
61.5235
62.0321
62.7936
61.3851
60.6237
60.174
59.9004
59.7617
59.7617
59.9004
60.174
60.6237
61.3851
62.4835
62.656
62.8436
62.9702
63.0357
63.0357
62.9702
62.8436
62.656
62.4835
62.906
63.0005
63.127
63.2081
63.2496
63.2496
63.2081
63.127
63.0005
62.906
62.8831
62.8803
62.9329
62.9612
62.9752
62.9752
62.9612
62.9329
62.8803
62.8831
62.4736
62.3808
62.3654
62.3471
62.337
62.337
62.3471
62.3654
62.3808
62.4736
61.8797
61.713
61.6398
61.584
61.5546
61.5546
61.584
61.6398
61.713
61.8797
61.2104
60.988
60.8681
60.7842
60.7405
60.7405
60.7842
60.8681
60.988
61.2104
60.5205
60.2626
60.1089
60.0067
59.9539
59.9539
60.0067
60.1089
60.2626
60.5205
59.8414
59.5718
59.3997
59.2891
59.2319
59.2319
59.2891
59.3997
59.5718
59.8414
59.209
58.9435
58.765
58.6529
58.5947
58.5947
58.6529
58.765
58.9435
59.209
58.7262
58.3789
58.1955
58.0827
58.0239
58.0239
58.0827
58.1955
58.3789
58.7262
57.8848
57.8704
57.8722
57.8687
57.8672
57.8672
57.8687
57.8722
57.8704
57.8848
58.2954
58.2788
58.28
58.2749
58.2722
58.2722
58.2749
58.28
58.2788
58.2954
58.6354
58.6004
58.5902
58.5754
58.5675
58.5675
58.5754
58.5902
58.6004
58.6354
58.6888
58.6206
58.5883
58.5575
58.5411
58.5411
58.5575
58.5883
58.6206
58.6888
58.5453
58.442
58.3854
58.3386
58.3139
58.3139
58.3386
58.3854
58.442
58.5453
58.2993
58.1655
58.0865
58.0265
57.9949
57.9949
58.0265
58.0865
58.1655
58.2993
57.9989
57.8429
57.7459
57.6765
57.6401
57.6401
57.6765
57.7459
57.8429
57.9989
57.6711
57.5049
57.3966
57.3222
57.2834
57.2834
57.3222
57.3966
57.5049
57.6711
57.3487
57.1799
57.0642
56.9875
56.9475
56.9475
56.9875
57.0642
57.1799
57.3487
57.1065
56.8736
56.7475
56.667
56.6252
56.6252
56.667
56.7475
56.8736
57.1065
53.185
53.2047
53.2296
53.2456
53.254
53.254
53.2456
53.2296
53.2047
53.185
53.395
53.4185
53.4475
53.4658
53.4755
53.4755
53.4658
53.4475
53.4185
53.395
53.5734
53.5947
53.6234
53.6409
53.6501
53.6501
53.6409
53.6234
53.5947
53.5734
53.6595
53.6704
53.6923
53.7044
53.7107
53.7107
53.7044
53.6923
53.6704
53.6595
53.6741
53.6707
53.6822
53.6869
53.6892
53.6892
53.6869
53.6822
53.6707
53.6741
53.6406
53.6224
53.6225
53.6195
53.6177
53.6177
53.6195
53.6225
53.6224
53.6406
53.5726
53.5417
53.5311
53.5214
53.516
53.516
53.5214
53.5311
53.5417
53.5726
53.4798
53.4409
53.422
53.4073
53.3993
53.3993
53.4073
53.422
53.4409
53.4798
53.3804
53.3356
53.3086
53.2892
53.2787
53.2787
53.2892
53.3086
53.3356
53.3804
53.3193
53.2308
53.1899
53.1631
53.1489
53.1489
53.1631
53.1899
53.2308
53.3193
49.9779
49.9779
49.98
49.9801
49.9802
49.9802
49.9801
49.98
49.9779
49.9779
50.0763
50.08
50.0852
50.0874
50.0886
50.0886
50.0874
50.0852
50.08
50.0763
50.1768
50.182
50.1888
50.1919
50.1935
50.1935
50.1919
50.1888
50.182
50.1768
50.2452
50.2483
50.2541
50.2561
50.257
50.257
50.2561
50.2541
50.2483
50.2452
50.2835
50.2823
50.2853
50.2849
50.2846
50.2846
50.2849
50.2853
50.2823
50.2835
50.2986
50.2921
50.2913
50.2882
50.2864
50.2864
50.2882
50.2913
50.2921
50.2986
50.2953
50.2836
50.2789
50.2733
50.2701
50.2701
50.2733
50.2789
50.2836
50.2953
50.2779
50.2626
50.2544
50.2467
50.2424
50.2424
50.2467
50.2544
50.2626
50.2779
50.2559
50.2371
50.2246
50.2145
50.209
50.209
50.2145
50.2246
50.2371
50.2559
50.2505
50.2088
50.1882
50.1739
50.1663
50.1663
50.1739
50.1882
50.2088
50.2505
46.6733
46.6763
46.68
46.6822
46.6834
46.6834
46.6822
46.68
46.6763
46.6733
46.7143
46.7191
46.7244
46.7277
46.7294
46.7294
46.7277
46.7244
46.7191
46.7143
46.7561
46.762
46.7686
46.7726
46.7747
46.7747
46.7726
46.7686
46.762
46.7561
46.7876
46.7934
46.8002
46.8041
46.8062
46.8062
46.8041
46.8002
46.7934
46.7876
46.809
46.8136
46.8196
46.823
46.8247
46.8247
46.823
46.8196
46.8136
46.809
46.8217
46.8244
46.8291
46.8314
46.8326
46.8326
46.8314
46.8291
46.8244
46.8217
46.8266
46.8273
46.8304
46.8316
46.8321
46.8321
46.8316
46.8304
46.8273
46.8266
46.8249
46.8241
46.8256
46.8256
46.8255
46.8255
46.8256
46.8256
46.8241
46.8249
46.8209
46.8182
46.8173
46.8159
46.815
46.815
46.8159
46.8173
46.8182
46.8209
46.825
46.8106
46.8048
46.8006
46.7983
46.7983
46.8006
46.8048
46.8106
46.825
43.4938
43.4942
43.4948
43.4949
43.495
43.495
43.4949
43.4948
43.4942
43.4938
43.511
43.5123
43.5136
43.5143
43.5147
43.5147
43.5143
43.5137
43.5123
43.511
43.5307
43.5327
43.5348
43.5359
43.5365
43.5365
43.5359
43.5348
43.5327
43.5307
43.5476
43.55
43.5524
43.5537
43.5544
43.5544
43.5537
43.5524
43.55
43.5476
43.5614
43.5637
43.5661
43.5673
43.5679
43.5679
43.5673
43.5661
43.5637
43.5614
43.5721
43.574
43.5763
43.5772
43.5777
43.5777
43.5772
43.5763
43.574
43.5721
43.58
43.5814
43.5832
43.5838
43.5841
43.5841
43.5838
43.5832
43.5814
43.58
43.5852
43.5862
43.5876
43.5879
43.5879
43.5879
43.5879
43.5876
43.5862
43.5852
43.5898
43.59
43.5904
43.5901
43.5898
43.5898
43.5901
43.5904
43.59
43.5898
43.5978
43.5928
43.5909
43.5893
43.5885
43.5885
43.5893
43.5909
43.5928
43.5978
40.2782
40.2788
40.2795
40.2798
40.28
40.28
40.2798
40.2795
40.2788
40.2782
40.2849
40.2858
40.2868
40.2874
40.2877
40.2877
40.2874
40.2868
40.2858
40.2849
40.2924
40.2937
40.295
40.2958
40.2962
40.2962
40.2958
40.295
40.2937
40.2924
40.2993
40.3008
40.3024
40.3033
40.3038
40.3038
40.3033
40.3024
40.3008
40.2993
40.3053
40.3069
40.3086
40.3096
40.3101
40.3101
40.3096
40.3086
40.307
40.3053
40.3104
40.312
40.3136
40.3146
40.3151
40.3151
40.3146
40.3136
40.312
40.3104
40.3144
40.3159
40.3174
40.3183
40.3187
40.3187
40.3183
40.3174
40.3159
40.3144
40.3174
40.3187
40.3201
40.3208
40.3211
40.3211
40.3208
40.3201
40.3187
40.3174
40.32
40.3211
40.322
40.3224
40.3226
40.3226
40.3224
40.322
40.3211
40.32
40.3242
40.323
40.3228
40.3225
40.3224
40.3224
40.3225
40.3228
40.323
40.3242
37.0697
37.0698
37.0699
37.07
37.07
37.07
37.07
37.0699
37.0698
37.0697
37.0721
37.0724
37.0727
37.0728
37.0729
37.0729
37.0728
37.0727
37.0724
37.0722
37.0753
37.0758
37.0762
37.0764
37.0766
37.0766
37.0764
37.0762
37.0758
37.0753
37.0785
37.0792
37.0797
37.0801
37.0802
37.0802
37.0801
37.0797
37.0792
37.0785
37.0817
37.0824
37.0831
37.0835
37.0837
37.0837
37.0835
37.0831
37.0824
37.0817
37.0846
37.0855
37.0862
37.0866
37.0868
37.0868
37.0866
37.0862
37.0855
37.0846
37.0873
37.0882
37.0889
37.0894
37.0896
37.0896
37.0894
37.0889
37.0882
37.0873
37.0897
37.0906
37.0914
37.0917
37.0919
37.0919
37.0917
37.0914
37.0906
37.0897
37.0921
37.0929
37.0935
37.0938
37.0939
37.0939
37.0938
37.0935
37.0929
37.0921
37.0951
37.095
37.0952
37.0952
37.0952
37.0952
37.0952
37.0952
37.095
37.0951
33.8504
33.8506
33.8507
33.8507
33.8507
33.8507
33.8507
33.8507
33.8506
33.8504
33.8512
33.8514
33.8516
33.8517
33.8517
33.8517
33.8517
33.8516
33.8514
33.8512
33.8523
33.8525
33.8528
33.8529
33.853
33.853
33.8529
33.8528
33.8525
33.8523
33.8535
33.8538
33.8541
33.8543
33.8544
33.8544
33.8543
33.8541
33.8538
33.8535
33.8547
33.8551
33.8555
33.8557
33.8558
33.8558
33.8557
33.8555
33.8551
33.8547
33.8559
33.8564
33.8568
33.857
33.8572
33.8572
33.857
33.8568
33.8564
33.8559
33.8571
33.8576
33.858
33.8583
33.8584
33.8584
33.8583
33.858
33.8576
33.8571
33.8582
33.8587
33.8591
33.8594
33.8595
33.8595
33.8594
33.8591
33.8587
33.8582
33.8593
33.8598
33.8601
33.8604
33.8605
33.8605
33.8604
33.8601
33.8598
33.8593
33.8606
33.8607
33.8609
33.861
33.8611
33.8611
33.861
33.8609
33.8607
33.8606
30.6301
30.6301
30.6301
30.6301
30.6301
30.6301
30.6301
30.6301
30.6301
30.6301
30.6303
30.6303
30.6304
30.6304
30.6304
30.6304
30.6304
30.6304
30.6303
30.6303
30.6306
30.6307
30.6308
30.6308
30.6308
30.6308
30.6308
30.6308
30.6307
30.6306
30.6311
30.6313
30.6314
30.6314
30.6314
30.6314
30.6314
30.6314
30.6313
30.6311
30.6317
30.6319
30.632
30.6321
30.6321
30.6321
30.6321
30.632
30.6319
30.6317
30.6323
30.6325
30.6327
30.6328
30.6328
30.6328
30.6328
30.6327
30.6325
30.6323
30.633
30.6332
30.6334
30.6335
30.6336
30.6336
30.6335
30.6334
30.6332
30.633
30.6336
30.6339
30.6341
30.6342
30.6343
30.6343
30.6342
30.6341
30.6339
30.6336
30.6343
30.6345
30.6347
30.6348
30.6349
30.6349
30.6348
30.6347
30.6345
30.6343
30.635
30.6352
30.6353
30.6354
30.6354
30.6354
30.6354
30.6353
30.6352
30.635
27.407
27.407
27.407
27.407
27.407
27.407
27.407
27.407
27.407
27.407
27.407
27.407
27.407
27.407
27.4071
27.4071
27.407
27.407
27.407
27.407
27.4071
27.4071
27.4071
27.4072
27.4072
27.4072
27.4072
27.4071
27.4071
27.4071
27.4072
27.4073
27.4073
27.4073
27.4074
27.4074
27.4073
27.4073
27.4073
27.4072
27.4074
27.4075
27.4075
27.4076
27.4076
27.4076
27.4076
27.4075
27.4075
27.4074
27.4076
27.4077
27.4078
27.4079
27.4079
27.4079
27.4079
27.4078
27.4077
27.4076
27.4079
27.408
27.4081
27.4082
27.4082
27.4082
27.4082
27.4081
27.408
27.4079
27.4082
27.4083
27.4084
27.4085
27.4085
27.4085
27.4085
27.4084
27.4083
27.4082
27.4084
27.4086
27.4087
27.4087
27.4088
27.4088
27.4087
27.4087
27.4086
27.4084
27.4087
27.4088
27.4089
27.409
27.409
27.409
27.409
27.4089
27.4088
27.4087
24.1833
24.1833
24.1833
24.1833
24.1833
24.1833
24.1833
24.1833
24.1833
24.1833
24.1833
24.1833
24.1833
24.1833
24.1833
24.1833
24.1833
24.1833
24.1833
24.1833
24.1833
24.1833
24.1833
24.1833
24.1833
24.1833
24.1833
24.1833
24.1833
24.1833
24.1834
24.1834
24.1834
24.1834
24.1834
24.1834
24.1834
24.1834
24.1834
24.1834
24.1834
24.1835
24.1835
24.1835
24.1835
24.1835
24.1835
24.1835
24.1835
24.1834
24.1835
24.1836
24.1836
24.1836
24.1836
24.1836
24.1836
24.1836
24.1836
24.1835
24.1837
24.1837
24.1838
24.1838
24.1838
24.1838
24.1838
24.1838
24.1837
24.1837
24.1838
24.1839
24.1839
24.1839
24.1839
24.1839
24.1839
24.1839
24.1839
24.1838
24.1839
24.184
24.1841
24.1841
24.1841
24.1841
24.1841
24.1841
24.184
24.1839
24.1841
24.1842
24.1842
24.1842
24.1842
24.1842
24.1842
24.1842
24.1842
24.1841
20.9591
20.9591
20.9591
20.9591
20.9591
20.9591
20.9591
20.9591
20.9591
20.9591
20.9591
20.9591
20.9591
20.9591
20.9591
20.9591
20.9591
20.9591
20.9591
20.9591
20.9591
20.9591
20.9591
20.9591
20.9591
20.9591
20.9591
20.9591
20.9591
20.9591
20.9591
20.9591
20.9591
20.9591
20.9591
20.9591
20.9591
20.9591
20.9591
20.9591
20.9591
20.9591
20.9591
20.9591
20.9591
20.9591
20.9591
20.9591
20.9591
20.9591
20.9591
20.9591
20.9591
20.9592
20.9592
20.9592
20.9592
20.9591
20.9591
20.9591
20.9592
20.9592
20.9592
20.9592
20.9592
20.9592
20.9592
20.9592
20.9592
20.9592
20.9592
20.9592
20.9593
20.9593
20.9593
20.9593
20.9593
20.9593
20.9592
20.9592
20.9593
20.9593
20.9593
20.9593
20.9593
20.9593
20.9593
20.9593
20.9593
20.9593
20.9593
20.9594
20.9594
20.9594
20.9594
20.9594
20.9594
20.9594
20.9594
20.9593
17.7347
17.7347
17.7347
17.7347
17.7347
17.7347
17.7347
17.7347
17.7347
17.7347
17.7347
17.7347
17.7347
17.7347
17.7347
17.7347
17.7347
17.7347
17.7347
17.7347
17.7347
17.7347
17.7347
17.7347
17.7347
17.7347
17.7347
17.7347
17.7347
17.7347
17.7347
17.7347
17.7347
17.7347
17.7347
17.7347
17.7347
17.7347
17.7347
17.7347
17.7347
17.7347
17.7347
17.7347
17.7347
17.7347
17.7347
17.7347
17.7347
17.7347
17.7347
17.7347
17.7347
17.7347
17.7347
17.7347
17.7347
17.7347
17.7347
17.7347
17.7347
17.7348
17.7348
17.7348
17.7348
17.7348
17.7348
17.7348
17.7348
17.7347
17.7348
17.7348
17.7348
17.7348
17.7348
17.7348
17.7348
17.7348
17.7348
17.7348
17.7348
17.7348
17.7348
17.7348
17.7348
17.7348
17.7348
17.7348
17.7348
17.7348
17.7348
17.7348
17.7348
17.7348
17.7349
17.7349
17.7348
17.7348
17.7348
17.7348
14.5103
14.5103
14.5103
14.5103
14.5103
14.5103
14.5103
14.5103
14.5103
14.5103
14.5103
14.5103
14.5103
14.5103
14.5103
14.5103
14.5103
14.5103
14.5103
14.5103
14.5102
14.5102
14.5102
14.5102
14.5102
14.5102
14.5102
14.5102
14.5102
14.5102
14.5102
14.5102
14.5102
14.5102
14.5102
14.5102
14.5102
14.5102
14.5102
14.5102
14.5102
14.5102
14.5102
14.5102
14.5102
14.5102
14.5102
14.5102
14.5102
14.5102
14.5102
14.5103
14.5103
14.5103
14.5103
14.5103
14.5103
14.5103
14.5103
14.5102
14.5103
14.5103
14.5103
14.5103
14.5103
14.5103
14.5103
14.5103
14.5103
14.5103
14.5103
14.5103
14.5103
14.5103
14.5103
14.5103
14.5103
14.5103
14.5103
14.5103
14.5103
14.5103
14.5103
14.5103
14.5103
14.5103
14.5103
14.5103
14.5103
14.5103
14.5103
14.5103
14.5103
14.5103
14.5103
14.5103
14.5103
14.5103
14.5103
14.5103
11.2858
11.2858
11.2858
11.2858
11.2858
11.2858
11.2858
11.2858
11.2858
11.2858
11.2858
11.2858
11.2858
11.2858
11.2858
11.2858
11.2858
11.2858
11.2858
11.2858
11.2858
11.2858
11.2858
11.2858
11.2858
11.2858
11.2858
11.2858
11.2858
11.2858
11.2858
11.2858
11.2858
11.2858
11.2858
11.2858
11.2858
11.2858
11.2858
11.2858
11.2858
11.2858
11.2858
11.2858
11.2858
11.2858
11.2858
11.2858
11.2858
11.2858
11.2858
11.2858
11.2858
11.2858
11.2858
11.2858
11.2858
11.2858
11.2858
11.2858
11.2858
11.2858
11.2858
11.2858
11.2858
11.2858
11.2858
11.2858
11.2858
11.2858
11.2858
11.2858
11.2858
11.2858
11.2858
11.2858
11.2858
11.2858
11.2858
11.2858
11.2858
11.2858
11.2858
11.2858
11.2858
11.2858
11.2858
11.2858
11.2858
11.2858
11.2858
11.2858
11.2858
11.2858
11.2858
11.2858
11.2858
11.2858
11.2858
11.2858
8.06127
8.06127
8.06127
8.06127
8.06127
8.06127
8.06127
8.06127
8.06127
8.06127
8.06127
8.06127
8.06127
8.06127
8.06127
8.06127
8.06127
8.06127
8.06127
8.06127
8.06127
8.06127
8.06127
8.06127
8.06127
8.06127
8.06127
8.06127
8.06127
8.06127
8.06126
8.06126
8.06126
8.06126
8.06126
8.06126
8.06126
8.06126
8.06126
8.06126
8.06126
8.06126
8.06126
8.06126
8.06126
8.06126
8.06126
8.06126
8.06126
8.06126
8.06126
8.06126
8.06126
8.06126
8.06126
8.06126
8.06126
8.06126
8.06126
8.06126
8.06126
8.06126
8.06126
8.06126
8.06126
8.06126
8.06126
8.06126
8.06126
8.06126
8.06126
8.06126
8.06126
8.06126
8.06126
8.06126
8.06126
8.06126
8.06126
8.06126
8.06126
8.06126
8.06126
8.06126
8.06127
8.06127
8.06126
8.06126
8.06126
8.06126
8.06126
8.06127
8.06127
8.06127
8.06127
8.06127
8.06127
8.06127
8.06126
8.06126
4.83676
4.83676
4.83676
4.83676
4.83676
4.83676
4.83676
4.83676
4.83676
4.83676
4.83676
4.83676
4.83676
4.83676
4.83676
4.83676
4.83676
4.83676
4.83676
4.83676
4.83676
4.83676
4.83676
4.83676
4.83676
4.83676
4.83676
4.83676
4.83676
4.83676
4.83676
4.83676
4.83676
4.83676
4.83676
4.83676
4.83676
4.83676
4.83676
4.83676
4.83676
4.83676
4.83676
4.83676
4.83676
4.83676
4.83676
4.83676
4.83676
4.83676
4.83676
4.83676
4.83676
4.83676
4.83676
4.83676
4.83676
4.83676
4.83676
4.83676
4.83676
4.83676
4.83676
4.83676
4.83676
4.83676
4.83676
4.83676
4.83676
4.83676
4.83676
4.83676
4.83676
4.83676
4.83676
4.83676
4.83676
4.83676
4.83676
4.83676
4.83676
4.83676
4.83676
4.83676
4.83676
4.83676
4.83676
4.83676
4.83676
4.83676
4.83676
4.83675
4.83675
4.83675
4.83675
4.83675
4.83675
4.83675
4.83675
4.83675
1.61225
1.61225
1.61225
1.61225
1.61225
1.61225
1.61225
1.61225
1.61225
1.61225
1.61225
1.61225
1.61225
1.61225
1.61225
1.61225
1.61225
1.61225
1.61225
1.61225
1.61225
1.61225
1.61225
1.61225
1.61225
1.61225
1.61225
1.61225
1.61225
1.61225
1.61225
1.61225
1.61225
1.61225
1.61225
1.61225
1.61225
1.61225
1.61225
1.61225
1.61225
1.61225
1.61225
1.61225
1.61225
1.61225
1.61225
1.61225
1.61225
1.61225
1.61225
1.61225
1.61225
1.61225
1.61225
1.61225
1.61225
1.61225
1.61225
1.61225
1.61225
1.61225
1.61225
1.61225
1.61225
1.61225
1.61225
1.61225
1.61225
1.61225
1.61225
1.61225
1.61225
1.61225
1.61225
1.61225
1.61225
1.61225
1.61225
1.61225
1.61225
1.61225
1.61225
1.61225
1.61225
1.61225
1.61225
1.61225
1.61225
1.61225
1.61225
1.61225
1.61225
1.61225
1.61225
1.61225
1.61225
1.61225
1.61225
1.61225
98.3841
97.8034
97.4388
97.1723
97.0341
97.0341
97.1723
97.4388
97.8034
98.3841
89.2692
88.4215
87.8631
87.4684
87.2651
87.2651
87.4684
87.8631
88.4214
89.2692
81.7018
80.7263
80.0896
79.646
79.4185
79.4185
79.646
80.0896
80.7263
81.7018
76.4769
75.4747
74.8291
74.3859
74.1588
74.1587
74.3859
74.8291
75.4747
76.4769
72.5563
71.5613
70.9236
70.4944
70.2746
70.2746
70.4944
70.9236
71.5613
72.5563
69.3808
68.4129
67.7909
67.3826
67.174
67.174
67.3826
67.7909
68.4129
69.3808
66.7616
65.8415
65.2449
64.8638
64.6698
64.6698
64.8638
65.2449
65.8415
66.7616
64.5925
63.7436
63.1847
62.8362
62.6595
62.6595
62.8362
63.1847
63.7436
64.5925
62.7936
62.0321
61.5235
61.2124
61.0548
61.0548
61.2124
61.5235
62.0321
62.7936
61.3851
60.6237
60.174
59.9004
59.7617
59.7617
59.9004
60.174
60.6237
61.3851
62.4835
62.656
62.8437
62.9702
63.0357
63.0357
62.9702
62.8436
62.656
62.4835
62.906
63.0005
63.127
63.2081
63.2496
63.2496
63.2081
63.127
63.0005
62.906
62.8831
62.8803
62.9329
62.9612
62.9752
62.9752
62.9612
62.9329
62.8803
62.8831
62.4736
62.3808
62.3654
62.3471
62.337
62.337
62.3471
62.3654
62.3808
62.4736
61.8797
61.713
61.6398
61.584
61.5546
61.5546
61.584
61.6398
61.713
61.8797
61.2104
60.988
60.8681
60.7842
60.7405
60.7405
60.7842
60.8681
60.988
61.2104
60.5205
60.2626
60.1089
60.0067
59.9539
59.9539
60.0067
60.1089
60.2626
60.5205
59.8414
59.5718
59.3997
59.2891
59.2319
59.2319
59.2891
59.3997
59.5718
59.8414
59.209
58.9435
58.765
58.6529
58.5947
58.5947
58.6529
58.765
58.9435
59.209
58.7262
58.3789
58.1955
58.0827
58.0239
58.0239
58.0827
58.1955
58.3789
58.7262
57.8848
57.8704
57.8722
57.8687
57.8672
57.8672
57.8687
57.8722
57.8704
57.8848
58.2954
58.2788
58.28
58.2749
58.2722
58.2722
58.2749
58.28
58.2788
58.2954
58.6354
58.6004
58.5902
58.5754
58.5675
58.5675
58.5754
58.5902
58.6004
58.6354
58.6888
58.6206
58.5883
58.5575
58.5411
58.5411
58.5575
58.5883
58.6206
58.6888
58.5453
58.442
58.3854
58.3386
58.3139
58.3139
58.3386
58.3854
58.442
58.5453
58.2993
58.1655
58.0865
58.0265
57.9949
57.9949
58.0265
58.0865
58.1655
58.2993
57.9989
57.8429
57.7459
57.6765
57.6401
57.6401
57.6765
57.7459
57.8429
57.9989
57.6711
57.5049
57.3966
57.3222
57.2834
57.2834
57.3222
57.3966
57.5049
57.6711
57.3487
57.1799
57.0642
56.9875
56.9475
56.9475
56.9875
57.0642
57.1799
57.3487
57.1065
56.8736
56.7475
56.667
56.6252
56.6252
56.667
56.7475
56.8736
57.1065
53.185
53.2047
53.2296
53.2456
53.254
53.254
53.2456
53.2296
53.2047
53.185
53.395
53.4185
53.4475
53.4658
53.4755
53.4755
53.4658
53.4475
53.4185
53.395
53.5734
53.5947
53.6234
53.6409
53.6501
53.6501
53.6409
53.6234
53.5947
53.5734
53.6595
53.6704
53.6923
53.7044
53.7107
53.7107
53.7044
53.6923
53.6704
53.6595
53.6741
53.6707
53.6822
53.6869
53.6892
53.6892
53.6869
53.6822
53.6707
53.6741
53.6406
53.6224
53.6225
53.6195
53.6177
53.6177
53.6195
53.6225
53.6224
53.6406
53.5726
53.5417
53.5311
53.5214
53.516
53.516
53.5214
53.5311
53.5417
53.5726
53.4798
53.4409
53.422
53.4073
53.3993
53.3993
53.4073
53.422
53.4409
53.4798
53.3804
53.3356
53.3086
53.2892
53.2787
53.2787
53.2892
53.3086
53.3356
53.3804
53.3193
53.2308
53.1899
53.1631
53.1489
53.1489
53.1631
53.1899
53.2308
53.3193
49.9779
49.9779
49.98
49.9801
49.9802
49.9802
49.9801
49.98
49.9779
49.9779
50.0763
50.08
50.0852
50.0874
50.0886
50.0886
50.0874
50.0852
50.08
50.0763
50.1768
50.182
50.1888
50.1919
50.1935
50.1935
50.1919
50.1888
50.182
50.1768
50.2452
50.2483
50.2541
50.2561
50.257
50.257
50.2561
50.2541
50.2483
50.2452
50.2835
50.2823
50.2853
50.2849
50.2846
50.2846
50.2849
50.2853
50.2823
50.2835
50.2986
50.2921
50.2913
50.2882
50.2864
50.2864
50.2882
50.2913
50.2921
50.2986
50.2953
50.2836
50.2789
50.2733
50.2701
50.2701
50.2733
50.2789
50.2836
50.2953
50.2779
50.2626
50.2544
50.2467
50.2424
50.2424
50.2467
50.2544
50.2626
50.2779
50.2559
50.2371
50.2246
50.2145
50.209
50.209
50.2145
50.2246
50.2371
50.2559
50.2505
50.2088
50.1882
50.1739
50.1663
50.1663
50.1739
50.1882
50.2088
50.2505
46.6733
46.6763
46.68
46.6822
46.6834
46.6834
46.6822
46.68
46.6763
46.6733
46.7143
46.7191
46.7244
46.7277
46.7294
46.7294
46.7277
46.7244
46.7191
46.7143
46.7561
46.762
46.7686
46.7726
46.7747
46.7747
46.7726
46.7686
46.762
46.7561
46.7876
46.7934
46.8002
46.8041
46.8062
46.8062
46.8041
46.8002
46.7934
46.7876
46.809
46.8136
46.8196
46.823
46.8247
46.8247
46.823
46.8196
46.8136
46.809
46.8217
46.8244
46.8291
46.8314
46.8326
46.8326
46.8314
46.8291
46.8244
46.8217
46.8266
46.8273
46.8304
46.8316
46.8321
46.8321
46.8316
46.8304
46.8273
46.8266
46.8249
46.8241
46.8256
46.8256
46.8255
46.8255
46.8256
46.8256
46.8241
46.8249
46.8209
46.8182
46.8173
46.8159
46.815
46.815
46.8159
46.8173
46.8182
46.8209
46.825
46.8106
46.8048
46.8006
46.7983
46.7983
46.8006
46.8048
46.8106
46.825
43.4938
43.4942
43.4948
43.4949
43.495
43.495
43.4949
43.4948
43.4942
43.4938
43.511
43.5123
43.5137
43.5143
43.5147
43.5147
43.5143
43.5136
43.5123
43.511
43.5307
43.5327
43.5348
43.5359
43.5365
43.5365
43.5359
43.5348
43.5327
43.5307
43.5476
43.55
43.5524
43.5537
43.5544
43.5544
43.5537
43.5524
43.55
43.5476
43.5614
43.5637
43.5661
43.5673
43.5679
43.5679
43.5673
43.5661
43.5637
43.5614
43.5721
43.574
43.5763
43.5772
43.5777
43.5777
43.5772
43.5763
43.574
43.5721
43.58
43.5814
43.5832
43.5838
43.5841
43.5841
43.5838
43.5832
43.5814
43.58
43.5852
43.5862
43.5876
43.5879
43.5879
43.5879
43.5879
43.5876
43.5862
43.5852
43.5898
43.59
43.5904
43.5901
43.5898
43.5898
43.5901
43.5904
43.59
43.5898
43.5978
43.5928
43.5909
43.5893
43.5885
43.5885
43.5893
43.5909
43.5928
43.5978
40.2782
40.2788
40.2795
40.2798
40.28
40.28
40.2798
40.2795
40.2788
40.2782
40.2849
40.2858
40.2868
40.2874
40.2877
40.2877
40.2874
40.2868
40.2858
40.2849
40.2924
40.2937
40.295
40.2958
40.2962
40.2962
40.2958
40.295
40.2937
40.2924
40.2993
40.3008
40.3024
40.3033
40.3038
40.3038
40.3033
40.3024
40.3008
40.2993
40.3053
40.307
40.3086
40.3096
40.3101
40.3101
40.3096
40.3086
40.3069
40.3053
40.3104
40.312
40.3136
40.3146
40.3151
40.3151
40.3146
40.3136
40.312
40.3104
40.3144
40.3159
40.3174
40.3183
40.3187
40.3187
40.3183
40.3174
40.3159
40.3144
40.3174
40.3187
40.3201
40.3208
40.3211
40.3211
40.3208
40.3201
40.3187
40.3174
40.32
40.3211
40.322
40.3224
40.3226
40.3226
40.3224
40.322
40.3211
40.32
40.3242
40.323
40.3228
40.3225
40.3224
40.3224
40.3225
40.3228
40.323
40.3242
37.0697
37.0698
37.0699
37.07
37.07
37.07
37.07
37.0699
37.0698
37.0697
37.0722
37.0724
37.0727
37.0728
37.0729
37.0729
37.0728
37.0727
37.0724
37.0721
37.0753
37.0758
37.0762
37.0764
37.0766
37.0766
37.0764
37.0762
37.0758
37.0753
37.0785
37.0792
37.0797
37.0801
37.0802
37.0802
37.0801
37.0797
37.0792
37.0785
37.0817
37.0824
37.0831
37.0835
37.0837
37.0837
37.0835
37.0831
37.0824
37.0817
37.0846
37.0855
37.0862
37.0866
37.0868
37.0868
37.0866
37.0862
37.0855
37.0846
37.0873
37.0882
37.0889
37.0894
37.0896
37.0896
37.0894
37.0889
37.0882
37.0873
37.0897
37.0906
37.0914
37.0917
37.0919
37.0919
37.0917
37.0914
37.0906
37.0897
37.0921
37.0929
37.0935
37.0938
37.0939
37.0939
37.0938
37.0935
37.0929
37.0921
37.0951
37.095
37.0952
37.0952
37.0952
37.0952
37.0952
37.0952
37.095
37.0951
33.8504
33.8506
33.8507
33.8507
33.8507
33.8507
33.8507
33.8507
33.8506
33.8504
33.8512
33.8514
33.8516
33.8517
33.8517
33.8517
33.8517
33.8516
33.8514
33.8512
33.8523
33.8525
33.8528
33.8529
33.853
33.853
33.8529
33.8528
33.8525
33.8523
33.8535
33.8538
33.8541
33.8543
33.8544
33.8544
33.8543
33.8541
33.8538
33.8535
33.8547
33.8551
33.8555
33.8557
33.8558
33.8558
33.8557
33.8555
33.8551
33.8547
33.8559
33.8564
33.8568
33.857
33.8572
33.8572
33.857
33.8568
33.8564
33.8559
33.8571
33.8576
33.858
33.8583
33.8584
33.8584
33.8583
33.858
33.8576
33.8571
33.8582
33.8587
33.8591
33.8594
33.8595
33.8595
33.8594
33.8591
33.8587
33.8582
33.8593
33.8598
33.8601
33.8604
33.8605
33.8605
33.8604
33.8601
33.8598
33.8593
33.8606
33.8607
33.8609
33.861
33.8611
33.8611
33.861
33.8609
33.8607
33.8606
30.6301
30.6301
30.6301
30.6301
30.6301
30.6301
30.6301
30.6301
30.6301
30.6301
30.6303
30.6303
30.6304
30.6304
30.6304
30.6304
30.6304
30.6304
30.6303
30.6303
30.6306
30.6307
30.6308
30.6308
30.6308
30.6308
30.6308
30.6308
30.6307
30.6306
30.6311
30.6313
30.6314
30.6314
30.6314
30.6314
30.6314
30.6314
30.6313
30.6311
30.6317
30.6319
30.632
30.6321
30.6321
30.6321
30.6321
30.632
30.6319
30.6317
30.6323
30.6325
30.6327
30.6328
30.6328
30.6328
30.6328
30.6327
30.6325
30.6323
30.633
30.6332
30.6334
30.6335
30.6336
30.6336
30.6335
30.6334
30.6332
30.633
30.6336
30.6339
30.6341
30.6342
30.6343
30.6343
30.6342
30.6341
30.6339
30.6336
30.6343
30.6345
30.6347
30.6348
30.6349
30.6349
30.6348
30.6347
30.6345
30.6343
30.635
30.6352
30.6353
30.6354
30.6354
30.6354
30.6354
30.6353
30.6352
30.635
27.407
27.407
27.407
27.407
27.407
27.407
27.407
27.407
27.407
27.407
27.407
27.407
27.407
27.407
27.4071
27.4071
27.407
27.407
27.407
27.407
27.4071
27.4071
27.4071
27.4072
27.4072
27.4072
27.4072
27.4071
27.4071
27.4071
27.4072
27.4073
27.4073
27.4073
27.4074
27.4074
27.4073
27.4073
27.4073
27.4072
27.4074
27.4075
27.4075
27.4076
27.4076
27.4076
27.4076
27.4075
27.4075
27.4074
27.4076
27.4077
27.4078
27.4079
27.4079
27.4079
27.4079
27.4078
27.4077
27.4076
27.4079
27.408
27.4081
27.4082
27.4082
27.4082
27.4082
27.4081
27.408
27.4079
27.4082
27.4083
27.4084
27.4085
27.4085
27.4085
27.4085
27.4084
27.4083
27.4082
27.4084
27.4086
27.4087
27.4087
27.4088
27.4088
27.4087
27.4087
27.4086
27.4084
27.4087
27.4088
27.4089
27.409
27.409
27.409
27.409
27.4089
27.4088
27.4087
24.1833
24.1833
24.1833
24.1833
24.1833
24.1833
24.1833
24.1833
24.1833
24.1833
24.1833
24.1833
24.1833
24.1833
24.1833
24.1833
24.1833
24.1833
24.1833
24.1833
24.1833
24.1833
24.1833
24.1833
24.1833
24.1833
24.1833
24.1833
24.1833
24.1833
24.1834
24.1834
24.1834
24.1834
24.1834
24.1834
24.1834
24.1834
24.1834
24.1834
24.1834
24.1835
24.1835
24.1835
24.1835
24.1835
24.1835
24.1835
24.1835
24.1834
24.1835
24.1836
24.1836
24.1836
24.1836
24.1836
24.1836
24.1836
24.1836
24.1835
24.1837
24.1837
24.1838
24.1838
24.1838
24.1838
24.1838
24.1838
24.1837
24.1837
24.1838
24.1839
24.1839
24.1839
24.1839
24.1839
24.1839
24.1839
24.1839
24.1838
24.1839
24.184
24.1841
24.1841
24.1841
24.1841
24.1841
24.1841
24.184
24.1839
24.1841
24.1842
24.1842
24.1842
24.1842
24.1842
24.1842
24.1842
24.1842
24.1841
20.9591
20.9591
20.9591
20.9591
20.9591
20.9591
20.9591
20.9591
20.9591
20.9591
20.9591
20.9591
20.9591
20.9591
20.9591
20.9591
20.9591
20.9591
20.9591
20.9591
20.9591
20.9591
20.9591
20.9591
20.9591
20.9591
20.9591
20.9591
20.9591
20.9591
20.9591
20.9591
20.9591
20.9591
20.9591
20.9591
20.9591
20.9591
20.9591
20.9591
20.9591
20.9591
20.9591
20.9591
20.9591
20.9591
20.9591
20.9591
20.9591
20.9591
20.9591
20.9591
20.9591
20.9592
20.9592
20.9592
20.9592
20.9591
20.9591
20.9591
20.9592
20.9592
20.9592
20.9592
20.9592
20.9592
20.9592
20.9592
20.9592
20.9592
20.9592
20.9592
20.9593
20.9593
20.9593
20.9593
20.9593
20.9593
20.9592
20.9592
20.9593
20.9593
20.9593
20.9593
20.9593
20.9593
20.9593
20.9593
20.9593
20.9593
20.9593
20.9594
20.9594
20.9594
20.9594
20.9594
20.9594
20.9594
20.9594
20.9593
17.7347
17.7347
17.7347
17.7347
17.7347
17.7347
17.7347
17.7347
17.7347
17.7347
17.7347
17.7347
17.7347
17.7347
17.7347
17.7347
17.7347
17.7347
17.7347
17.7347
17.7347
17.7347
17.7347
17.7347
17.7347
17.7347
17.7347
17.7347
17.7347
17.7347
17.7347
17.7347
17.7347
17.7347
17.7347
17.7347
17.7347
17.7347
17.7347
17.7347
17.7347
17.7347
17.7347
17.7347
17.7347
17.7347
17.7347
17.7347
17.7347
17.7347
17.7347
17.7347
17.7347
17.7347
17.7347
17.7347
17.7347
17.7347
17.7347
17.7347
17.7347
17.7348
17.7348
17.7348
17.7348
17.7348
17.7348
17.7348
17.7348
17.7347
17.7348
17.7348
17.7348
17.7348
17.7348
17.7348
17.7348
17.7348
17.7348
17.7348
17.7348
17.7348
17.7348
17.7348
17.7348
17.7348
17.7348
17.7348
17.7348
17.7348
17.7348
17.7348
17.7348
17.7348
17.7349
17.7349
17.7348
17.7348
17.7348
17.7348
14.5103
14.5103
14.5103
14.5103
14.5103
14.5103
14.5103
14.5103
14.5103
14.5103
14.5103
14.5103
14.5103
14.5103
14.5103
14.5103
14.5103
14.5103
14.5103
14.5103
14.5102
14.5102
14.5102
14.5102
14.5102
14.5102
14.5102
14.5102
14.5102
14.5102
14.5102
14.5102
14.5102
14.5102
14.5102
14.5102
14.5102
14.5102
14.5102
14.5102
14.5102
14.5102
14.5102
14.5102
14.5102
14.5102
14.5102
14.5102
14.5102
14.5102
14.5102
14.5103
14.5103
14.5103
14.5103
14.5103
14.5103
14.5103
14.5103
14.5102
14.5103
14.5103
14.5103
14.5103
14.5103
14.5103
14.5103
14.5103
14.5103
14.5103
14.5103
14.5103
14.5103
14.5103
14.5103
14.5103
14.5103
14.5103
14.5103
14.5103
14.5103
14.5103
14.5103
14.5103
14.5103
14.5103
14.5103
14.5103
14.5103
14.5103
14.5103
14.5103
14.5103
14.5103
14.5103
14.5103
14.5103
14.5103
14.5103
14.5103
11.2858
11.2858
11.2858
11.2858
11.2858
11.2858
11.2858
11.2858
11.2858
11.2858
11.2858
11.2858
11.2858
11.2858
11.2858
11.2858
11.2858
11.2858
11.2858
11.2858
11.2858
11.2858
11.2858
11.2858
11.2858
11.2858
11.2858
11.2858
11.2858
11.2858
11.2858
11.2858
11.2858
11.2858
11.2858
11.2858
11.2858
11.2858
11.2858
11.2858
11.2858
11.2858
11.2858
11.2858
11.2858
11.2858
11.2858
11.2858
11.2858
11.2858
11.2858
11.2858
11.2858
11.2858
11.2858
11.2858
11.2858
11.2858
11.2858
11.2858
11.2858
11.2858
11.2858
11.2858
11.2858
11.2858
11.2858
11.2858
11.2858
11.2858
11.2858
11.2858
11.2858
11.2858
11.2858
11.2858
11.2858
11.2858
11.2858
11.2858
11.2858
11.2858
11.2858
11.2858
11.2858
11.2858
11.2858
11.2858
11.2858
11.2858
11.2858
11.2858
11.2858
11.2858
11.2858
11.2858
11.2858
11.2858
11.2858
11.2858
8.06127
8.06127
8.06127
8.06127
8.06127
8.06127
8.06127
8.06127
8.06127
8.06127
8.06127
8.06127
8.06127
8.06127
8.06127
8.06127
8.06127
8.06127
8.06127
8.06127
8.06127
8.06127
8.06127
8.06127
8.06127
8.06127
8.06127
8.06127
8.06127
8.06127
8.06126
8.06126
8.06126
8.06126
8.06126
8.06126
8.06126
8.06126
8.06126
8.06126
8.06126
8.06126
8.06126
8.06126
8.06126
8.06126
8.06126
8.06126
8.06126
8.06126
8.06126
8.06126
8.06126
8.06126
8.06126
8.06126
8.06126
8.06126
8.06126
8.06126
8.06126
8.06126
8.06126
8.06126
8.06126
8.06126
8.06126
8.06126
8.06126
8.06126
8.06126
8.06126
8.06126
8.06126
8.06126
8.06126
8.06126
8.06126
8.06126
8.06126
8.06126
8.06126
8.06126
8.06126
8.06127
8.06127
8.06126
8.06126
8.06126
8.06126
8.06126
8.06127
8.06127
8.06127
8.06127
8.06127
8.06127
8.06127
8.06127
8.06126
4.83676
4.83676
4.83676
4.83676
4.83676
4.83676
4.83676
4.83676
4.83676
4.83676
4.83676
4.83676
4.83676
4.83676
4.83676
4.83676
4.83676
4.83676
4.83676
4.83676
4.83676
4.83676
4.83676
4.83676
4.83676
4.83676
4.83676
4.83676
4.83676
4.83676
4.83676
4.83676
4.83676
4.83676
4.83676
4.83676
4.83676
4.83676
4.83676
4.83676
4.83676
4.83676
4.83676
4.83676
4.83676
4.83676
4.83676
4.83676
4.83676
4.83676
4.83676
4.83676
4.83676
4.83676
4.83676
4.83676
4.83676
4.83676
4.83676
4.83676
4.83676
4.83676
4.83676
4.83676
4.83676
4.83676
4.83676
4.83676
4.83676
4.83676
4.83676
4.83676
4.83676
4.83676
4.83676
4.83676
4.83676
4.83676
4.83676
4.83676
4.83676
4.83676
4.83676
4.83676
4.83676
4.83676
4.83676
4.83676
4.83676
4.83676
4.83675
4.83675
4.83675
4.83675
4.83675
4.83675
4.83675
4.83675
4.83675
4.83676
1.61225
1.61225
1.61225
1.61225
1.61225
1.61225
1.61225
1.61225
1.61225
1.61225
1.61225
1.61225
1.61225
1.61225
1.61225
1.61225
1.61225
1.61225
1.61225
1.61225
1.61225
1.61225
1.61225
1.61225
1.61225
1.61225
1.61225
1.61225
1.61225
1.61225
1.61225
1.61225
1.61225
1.61225
1.61225
1.61225
1.61225
1.61225
1.61225
1.61225
1.61225
1.61225
1.61225
1.61225
1.61225
1.61225
1.61225
1.61225
1.61225
1.61225
1.61225
1.61225
1.61225
1.61225
1.61225
1.61225
1.61225
1.61225
1.61225
1.61225
1.61225
1.61225
1.61225
1.61225
1.61225
1.61225
1.61225
1.61225
1.61225
1.61225
1.61225
1.61225
1.61225
1.61225
1.61225
1.61225
1.61225
1.61225
1.61225
1.61225
1.61225
1.61225
1.61225
1.61225
1.61225
1.61225
1.61225
1.61225
1.61225
1.61225
1.61225
1.61225
1.61225
1.61225
1.61225
1.61225
1.61225
1.61225
1.61225
1.61225
98.3841
97.8034
97.4388
97.1723
97.0341
97.0341
97.1723
97.4388
97.8034
98.3841
89.2692
88.4214
87.8631
87.4684
87.2651
87.2651
87.4684
87.8631
88.4214
89.2692
81.7018
80.7263
80.0896
79.646
79.4185
79.4185
79.646
80.0896
80.7263
81.7018
76.4769
75.4747
74.8291
74.3859
74.1587
74.1587
74.3859
74.8291
75.4747
76.4769
72.5563
71.5613
70.9236
70.4944
70.2746
70.2746
70.4944
70.9236
71.5613
72.5563
69.3808
68.4129
67.7909
67.3826
67.174
67.174
67.3826
67.7909
68.4129
69.3808
66.7616
65.8415
65.2449
64.8638
64.6698
64.6698
64.8638
65.2449
65.8415
66.7616
64.5925
63.7436
63.1847
62.8362
62.6595
62.6595
62.8362
63.1847
63.7436
64.5925
62.7936
62.032
61.5235
61.2124
61.0548
61.0548
61.2124
61.5235
62.032
62.7936
61.3851
60.6237
60.174
59.9004
59.7617
59.7617
59.9004
60.174
60.6237
61.3851
62.4835
62.656
62.8436
62.9702
63.0357
63.0357
62.9702
62.8436
62.656
62.4835
62.906
63.0005
63.127
63.2081
63.2496
63.2496
63.2081
63.127
63.0005
62.906
62.8831
62.8803
62.9329
62.9612
62.9752
62.9752
62.9612
62.9329
62.8803
62.8831
62.4736
62.3808
62.3654
62.3471
62.337
62.337
62.3471
62.3654
62.3808
62.4736
61.8797
61.713
61.6398
61.584
61.5546
61.5546
61.584
61.6398
61.713
61.8797
61.2104
60.988
60.8681
60.7842
60.7405
60.7405
60.7842
60.8681
60.988
61.2104
60.5205
60.2626
60.1089
60.0067
59.9539
59.9539
60.0067
60.1089
60.2626
60.5205
59.8414
59.5718
59.3997
59.2891
59.2319
59.2319
59.2891
59.3997
59.5718
59.8414
59.209
58.9435
58.765
58.6529
58.5947
58.5947
58.6529
58.765
58.9435
59.209
58.7262
58.3789
58.1954
58.0826
58.0239
58.0239
58.0826
58.1954
58.3789
58.7262
57.8848
57.8704
57.8722
57.8687
57.8672
57.8672
57.8687
57.8722
57.8704
57.8848
58.2954
58.2788
58.28
58.2749
58.2722
58.2722
58.2749
58.28
58.2788
58.2954
58.6354
58.6004
58.5902
58.5754
58.5675
58.5675
58.5754
58.5902
58.6004
58.6354
58.6888
58.6206
58.5882
58.5575
58.5411
58.5411
58.5575
58.5882
58.6206
58.6887
58.5453
58.442
58.3854
58.3386
58.3139
58.3139
58.3386
58.3854
58.442
58.5453
58.2993
58.1655
58.0865
58.0265
57.9949
57.9949
58.0265
58.0865
58.1655
58.2993
57.9989
57.8429
57.7459
57.6765
57.6401
57.6401
57.6765
57.7459
57.8429
57.9989
57.6711
57.5049
57.3966
57.3222
57.2834
57.2834
57.3222
57.3966
57.5049
57.6711
57.3487
57.1798
57.0642
56.9875
56.9475
56.9475
56.9875
57.0642
57.1798
57.3487
57.1065
56.8736
56.7475
56.667
56.6252
56.6252
56.667
56.7475
56.8736
57.1065
53.185
53.2047
53.2296
53.2456
53.254
53.254
53.2456
53.2296
53.2047
53.185
53.395
53.4185
53.4475
53.4658
53.4755
53.4755
53.4658
53.4475
53.4185
53.395
53.5734
53.5947
53.6234
53.6409
53.6501
53.6501
53.6409
53.6234
53.5947
53.5734
53.6595
53.6704
53.6923
53.7044
53.7107
53.7107
53.7044
53.6923
53.6704
53.6595
53.6741
53.6707
53.6822
53.6869
53.6892
53.6892
53.6869
53.6822
53.6707
53.6741
53.6406
53.6224
53.6225
53.6195
53.6177
53.6177
53.6195
53.6225
53.6224
53.6406
53.5726
53.5417
53.5311
53.5214
53.516
53.516
53.5214
53.5311
53.5417
53.5726
53.4798
53.4409
53.422
53.4073
53.3992
53.3992
53.4073
53.422
53.4409
53.4798
53.3804
53.3356
53.3086
53.2892
53.2787
53.2787
53.2892
53.3086
53.3356
53.3804
53.3193
53.2308
53.1899
53.1631
53.1489
53.1489
53.1631
53.1899
53.2308
53.3193
49.9779
49.9779
49.98
49.9801
49.9802
49.9802
49.9801
49.98
49.9779
49.9779
50.0763
50.08
50.0852
50.0874
50.0886
50.0886
50.0874
50.0852
50.08
50.0763
50.1768
50.182
50.1888
50.1919
50.1935
50.1935
50.1919
50.1888
50.182
50.1768
50.2452
50.2483
50.2541
50.2561
50.257
50.257
50.2561
50.2541
50.2483
50.2452
50.2835
50.2823
50.2853
50.2849
50.2846
50.2846
50.2849
50.2853
50.2823
50.2835
50.2986
50.2921
50.2913
50.2882
50.2864
50.2864
50.2882
50.2913
50.2921
50.2986
50.2953
50.2836
50.2789
50.2733
50.2701
50.2701
50.2733
50.2789
50.2836
50.2953
50.2779
50.2626
50.2544
50.2467
50.2424
50.2424
50.2467
50.2544
50.2626
50.2779
50.2559
50.2371
50.2246
50.2145
50.209
50.209
50.2145
50.2246
50.2371
50.2559
50.2505
50.2088
50.1882
50.1739
50.1663
50.1663
50.1739
50.1882
50.2088
50.2505
46.6733
46.6763
46.68
46.6822
46.6834
46.6834
46.6822
46.68
46.6763
46.6733
46.7143
46.7191
46.7244
46.7277
46.7294
46.7294
46.7277
46.7244
46.7191
46.7143
46.7561
46.762
46.7686
46.7726
46.7747
46.7747
46.7726
46.7686
46.762
46.7561
46.7876
46.7934
46.8002
46.8041
46.8062
46.8062
46.8041
46.8002
46.7934
46.7876
46.809
46.8136
46.8196
46.823
46.8247
46.8247
46.823
46.8196
46.8136
46.809
46.8217
46.8244
46.8291
46.8314
46.8326
46.8326
46.8314
46.8291
46.8244
46.8217
46.8266
46.8273
46.8304
46.8316
46.8321
46.8321
46.8316
46.8304
46.8273
46.8266
46.8249
46.8241
46.8256
46.8256
46.8255
46.8255
46.8256
46.8256
46.8241
46.8249
46.8209
46.8182
46.8173
46.8159
46.815
46.815
46.8159
46.8173
46.8182
46.8209
46.825
46.8106
46.8048
46.8005
46.7983
46.7983
46.8005
46.8047
46.8106
46.825
43.4938
43.4942
43.4948
43.4949
43.495
43.495
43.4949
43.4948
43.4942
43.4938
43.511
43.5123
43.5136
43.5143
43.5147
43.5147
43.5143
43.5136
43.5123
43.511
43.5307
43.5327
43.5348
43.5359
43.5365
43.5365
43.5359
43.5348
43.5327
43.5307
43.5476
43.55
43.5524
43.5537
43.5544
43.5544
43.5537
43.5524
43.55
43.5476
43.5614
43.5637
43.5661
43.5673
43.5679
43.5679
43.5673
43.5661
43.5637
43.5614
43.5721
43.574
43.5763
43.5772
43.5777
43.5777
43.5772
43.5763
43.574
43.5721
43.58
43.5814
43.5832
43.5838
43.5841
43.5841
43.5838
43.5832
43.5814
43.58
43.5852
43.5862
43.5876
43.5879
43.5879
43.5879
43.5879
43.5876
43.5862
43.5852
43.5898
43.59
43.5904
43.5901
43.5898
43.5898
43.5901
43.5904
43.59
43.5898
43.5978
43.5928
43.5909
43.5893
43.5885
43.5885
43.5893
43.5909
43.5928
43.5978
40.2782
40.2788
40.2795
40.2798
40.28
40.28
40.2798
40.2795
40.2788
40.2782
40.2849
40.2858
40.2868
40.2874
40.2877
40.2877
40.2874
40.2868
40.2858
40.2849
40.2924
40.2937
40.295
40.2958
40.2962
40.2962
40.2958
40.295
40.2937
40.2924
40.2993
40.3008
40.3024
40.3033
40.3038
40.3038
40.3033
40.3024
40.3008
40.2993
40.3053
40.3069
40.3086
40.3096
40.3101
40.3101
40.3096
40.3086
40.3069
40.3053
40.3104
40.312
40.3136
40.3146
40.3151
40.3151
40.3146
40.3136
40.312
40.3104
40.3144
40.3159
40.3174
40.3183
40.3187
40.3187
40.3183
40.3174
40.3159
40.3144
40.3174
40.3187
40.3201
40.3208
40.3211
40.3211
40.3208
40.3201
40.3187
40.3174
40.32
40.3211
40.322
40.3224
40.3226
40.3226
40.3224
40.322
40.3211
40.32
40.3242
40.323
40.3228
40.3225
40.3224
40.3224
40.3225
40.3228
40.323
40.3242
37.0697
37.0698
37.0699
37.07
37.07
37.07
37.07
37.0699
37.0698
37.0697
37.0722
37.0724
37.0727
37.0728
37.0729
37.0729
37.0728
37.0727
37.0724
37.0722
37.0753
37.0758
37.0762
37.0764
37.0766
37.0766
37.0764
37.0762
37.0758
37.0753
37.0785
37.0792
37.0797
37.0801
37.0802
37.0802
37.0801
37.0797
37.0792
37.0785
37.0817
37.0824
37.0831
37.0835
37.0837
37.0837
37.0835
37.0831
37.0824
37.0817
37.0846
37.0855
37.0862
37.0866
37.0868
37.0868
37.0866
37.0862
37.0855
37.0846
37.0873
37.0882
37.0889
37.0894
37.0896
37.0896
37.0894
37.0889
37.0882
37.0873
37.0897
37.0906
37.0914
37.0917
37.0919
37.0919
37.0917
37.0914
37.0906
37.0897
37.0921
37.0929
37.0935
37.0938
37.0939
37.0939
37.0938
37.0935
37.0929
37.0921
37.0951
37.095
37.0952
37.0952
37.0952
37.0952
37.0952
37.0952
37.095
37.0951
33.8504
33.8506
33.8507
33.8507
33.8507
33.8507
33.8507
33.8507
33.8506
33.8504
33.8512
33.8514
33.8516
33.8517
33.8517
33.8517
33.8517
33.8516
33.8514
33.8512
33.8523
33.8525
33.8528
33.8529
33.853
33.853
33.8529
33.8528
33.8525
33.8523
33.8535
33.8538
33.8541
33.8543
33.8544
33.8544
33.8543
33.8541
33.8538
33.8535
33.8547
33.8551
33.8555
33.8557
33.8558
33.8558
33.8557
33.8555
33.8551
33.8547
33.8559
33.8564
33.8568
33.857
33.8572
33.8572
33.857
33.8568
33.8564
33.8559
33.8571
33.8576
33.858
33.8583
33.8584
33.8584
33.8583
33.858
33.8576
33.8571
33.8582
33.8587
33.8591
33.8594
33.8595
33.8595
33.8594
33.8591
33.8587
33.8582
33.8593
33.8598
33.8601
33.8604
33.8605
33.8605
33.8604
33.8601
33.8598
33.8593
33.8606
33.8607
33.8609
33.861
33.8611
33.8611
33.861
33.8609
33.8607
33.8606
30.6301
30.6301
30.6301
30.6301
30.6301
30.6301
30.6301
30.6301
30.6301
30.6301
30.6303
30.6303
30.6304
30.6304
30.6304
30.6304
30.6304
30.6304
30.6303
30.6303
30.6306
30.6307
30.6308
30.6308
30.6308
30.6308
30.6308
30.6308
30.6307
30.6306
30.6311
30.6313
30.6314
30.6314
30.6314
30.6314
30.6314
30.6314
30.6313
30.6311
30.6317
30.6319
30.632
30.6321
30.6321
30.6321
30.6321
30.632
30.6319
30.6317
30.6323
30.6325
30.6327
30.6328
30.6328
30.6328
30.6328
30.6327
30.6325
30.6323
30.633
30.6332
30.6334
30.6335
30.6336
30.6336
30.6335
30.6334
30.6332
30.633
30.6336
30.6339
30.6341
30.6342
30.6343
30.6343
30.6342
30.6341
30.6339
30.6336
30.6343
30.6345
30.6347
30.6348
30.6349
30.6349
30.6348
30.6347
30.6345
30.6343
30.635
30.6352
30.6353
30.6354
30.6354
30.6354
30.6354
30.6353
30.6352
30.635
27.407
27.407
27.407
27.407
27.407
27.407
27.407
27.407
27.407
27.407
27.407
27.407
27.407
27.407
27.4071
27.4071
27.407
27.407
27.407
27.407
27.4071
27.4071
27.4071
27.4072
27.4072
27.4072
27.4072
27.4071
27.4071
27.4071
27.4072
27.4073
27.4073
27.4073
27.4074
27.4074
27.4073
27.4073
27.4073
27.4072
27.4074
27.4075
27.4075
27.4076
27.4076
27.4076
27.4076
27.4075
27.4075
27.4074
27.4076
27.4077
27.4078
27.4079
27.4079
27.4079
27.4079
27.4078
27.4077
27.4076
27.4079
27.408
27.4081
27.4082
27.4082
27.4082
27.4082
27.4081
27.408
27.4079
27.4082
27.4083
27.4084
27.4085
27.4085
27.4085
27.4085
27.4084
27.4083
27.4082
27.4084
27.4086
27.4087
27.4087
27.4088
27.4088
27.4087
27.4087
27.4086
27.4084
27.4087
27.4088
27.4089
27.409
27.409
27.409
27.409
27.4089
27.4088
27.4087
24.1833
24.1833
24.1833
24.1833
24.1833
24.1833
24.1833
24.1833
24.1833
24.1833
24.1833
24.1833
24.1833
24.1833
24.1833
24.1833
24.1833
24.1833
24.1833
24.1833
24.1833
24.1833
24.1833
24.1833
24.1833
24.1833
24.1833
24.1833
24.1833
24.1833
24.1834
24.1834
24.1834
24.1834
24.1834
24.1834
24.1834
24.1834
24.1834
24.1834
24.1834
24.1835
24.1835
24.1835
24.1835
24.1835
24.1835
24.1835
24.1835
24.1834
24.1835
24.1836
24.1836
24.1836
24.1836
24.1836
24.1836
24.1836
24.1836
24.1835
24.1837
24.1837
24.1838
24.1838
24.1838
24.1838
24.1838
24.1838
24.1837
24.1837
24.1838
24.1839
24.1839
24.1839
24.1839
24.1839
24.1839
24.1839
24.1839
24.1838
24.1839
24.184
24.1841
24.1841
24.1841
24.1841
24.1841
24.1841
24.184
24.1839
24.1841
24.1842
24.1842
24.1842
24.1842
24.1842
24.1842
24.1842
24.1842
24.1841
20.9591
20.9591
20.9591
20.9591
20.9591
20.9591
20.9591
20.9591
20.9591
20.9591
20.9591
20.9591
20.9591
20.9591
20.9591
20.9591
20.9591
20.9591
20.9591
20.9591
20.9591
20.9591
20.9591
20.9591
20.9591
20.9591
20.9591
20.9591
20.9591
20.9591
20.9591
20.9591
20.9591
20.9591
20.9591
20.9591
20.9591
20.9591
20.9591
20.9591
20.9591
20.9591
20.9591
20.9591
20.9591
20.9591
20.9591
20.9591
20.9591
20.9591
20.9591
20.9591
20.9591
20.9592
20.9592
20.9592
20.9592
20.9591
20.9591
20.9591
20.9592
20.9592
20.9592
20.9592
20.9592
20.9592
20.9592
20.9592
20.9592
20.9592
20.9592
20.9592
20.9593
20.9593
20.9593
20.9593
20.9593
20.9593
20.9592
20.9592
20.9593
20.9593
20.9593
20.9593
20.9593
20.9593
20.9593
20.9593
20.9593
20.9593
20.9593
20.9594
20.9594
20.9594
20.9594
20.9594
20.9594
20.9594
20.9593
20.9593
17.7347
17.7347
17.7347
17.7347
17.7347
17.7347
17.7347
17.7347
17.7347
17.7347
17.7347
17.7347
17.7347
17.7347
17.7347
17.7347
17.7347
17.7347
17.7347
17.7347
17.7347
17.7347
17.7347
17.7347
17.7347
17.7347
17.7347
17.7347
17.7347
17.7347
17.7347
17.7347
17.7347
17.7347
17.7347
17.7347
17.7347
17.7347
17.7347
17.7347
17.7347
17.7347
17.7347
17.7347
17.7347
17.7347
17.7347
17.7347
17.7347
17.7347
17.7347
17.7347
17.7347
17.7347
17.7347
17.7347
17.7347
17.7347
17.7347
17.7347
17.7347
17.7348
17.7348
17.7348
17.7348
17.7348
17.7348
17.7348
17.7348
17.7347
17.7348
17.7348
17.7348
17.7348
17.7348
17.7348
17.7348
17.7348
17.7348
17.7348
17.7348
17.7348
17.7348
17.7348
17.7348
17.7348
17.7348
17.7348
17.7348
17.7348
17.7348
17.7348
17.7348
17.7348
17.7349
17.7349
17.7348
17.7348
17.7348
17.7348
14.5103
14.5103
14.5103
14.5103
14.5103
14.5103
14.5103
14.5103
14.5103
14.5103
14.5103
14.5103
14.5103
14.5103
14.5103
14.5103
14.5103
14.5103
14.5103
14.5103
14.5102
14.5102
14.5102
14.5102
14.5102
14.5102
14.5102
14.5102
14.5102
14.5102
14.5102
14.5102
14.5102
14.5102
14.5102
14.5102
14.5102
14.5102
14.5102
14.5102
14.5102
14.5102
14.5102
14.5102
14.5102
14.5102
14.5102
14.5102
14.5102
14.5102
14.5102
14.5103
14.5103
14.5103
14.5103
14.5103
14.5103
14.5103
14.5103
14.5102
14.5103
14.5103
14.5103
14.5103
14.5103
14.5103
14.5103
14.5103
14.5103
14.5103
14.5103
14.5103
14.5103
14.5103
14.5103
14.5103
14.5103
14.5103
14.5103
14.5103
14.5103
14.5103
14.5103
14.5103
14.5103
14.5103
14.5103
14.5103
14.5103
14.5103
14.5103
14.5103
14.5103
14.5103
14.5103
14.5103
14.5103
14.5103
14.5103
14.5103
11.2858
11.2858
11.2858
11.2858
11.2858
11.2858
11.2858
11.2858
11.2858
11.2858
11.2858
11.2858
11.2858
11.2858
11.2858
11.2858
11.2858
11.2858
11.2858
11.2858
11.2858
11.2858
11.2858
11.2858
11.2858
11.2858
11.2858
11.2858
11.2858
11.2858
11.2858
11.2858
11.2858
11.2858
11.2858
11.2858
11.2858
11.2858
11.2858
11.2858
11.2858
11.2858
11.2858
11.2858
11.2858
11.2858
11.2858
11.2858
11.2858
11.2858
11.2858
11.2858
11.2858
11.2858
11.2858
11.2858
11.2858
11.2858
11.2858
11.2858
11.2858
11.2858
11.2858
11.2858
11.2858
11.2858
11.2858
11.2858
11.2858
11.2858
11.2858
11.2858
11.2858
11.2858
11.2858
11.2858
11.2858
11.2858
11.2858
11.2858
11.2858
11.2858
11.2858
11.2858
11.2858
11.2858
11.2858
11.2858
11.2858
11.2858
11.2858
11.2858
11.2858
11.2858
11.2858
11.2858
11.2858
11.2858
11.2858
11.2858
8.06127
8.06127
8.06127
8.06127
8.06127
8.06127
8.06127
8.06127
8.06127
8.06127
8.06127
8.06127
8.06127
8.06127
8.06127
8.06127
8.06127
8.06127
8.06127
8.06127
8.06127
8.06127
8.06127
8.06127
8.06127
8.06127
8.06127
8.06127
8.06127
8.06127
8.06126
8.06126
8.06126
8.06126
8.06126
8.06126
8.06126
8.06126
8.06126
8.06126
8.06126
8.06126
8.06126
8.06126
8.06126
8.06126
8.06126
8.06126
8.06126
8.06126
8.06126
8.06126
8.06126
8.06126
8.06126
8.06126
8.06126
8.06126
8.06126
8.06126
8.06126
8.06126
8.06126
8.06126
8.06126
8.06126
8.06126
8.06126
8.06126
8.06126
8.06126
8.06126
8.06126
8.06126
8.06126
8.06126
8.06126
8.06126
8.06126
8.06126
8.06126
8.06126
8.06126
8.06127
8.06127
8.06127
8.06127
8.06126
8.06126
8.06126
8.06126
8.06127
8.06127
8.06127
8.06127
8.06127
8.06127
8.06127
8.06127
8.06126
4.83676
4.83676
4.83676
4.83676
4.83676
4.83676
4.83676
4.83676
4.83676
4.83676
4.83676
4.83676
4.83676
4.83676
4.83676
4.83676
4.83676
4.83676
4.83676
4.83676
4.83676
4.83676
4.83676
4.83676
4.83676
4.83676
4.83676
4.83676
4.83676
4.83676
4.83676
4.83676
4.83676
4.83676
4.83676
4.83676
4.83676
4.83676
4.83676
4.83676
4.83676
4.83676
4.83676
4.83676
4.83676
4.83676
4.83676
4.83676
4.83676
4.83676
4.83676
4.83676
4.83676
4.83676
4.83676
4.83676
4.83676
4.83676
4.83676
4.83676
4.83676
4.83676
4.83676
4.83676
4.83676
4.83676
4.83676
4.83676
4.83676
4.83676
4.83676
4.83676
4.83676
4.83676
4.83676
4.83676
4.83676
4.83676
4.83676
4.83676
4.83676
4.83676
4.83676
4.83676
4.83676
4.83676
4.83676
4.83676
4.83676
4.83676
4.83676
4.83676
4.83676
4.83676
4.83676
4.83676
4.83676
4.83676
4.83676
4.83676
1.61225
1.61225
1.61225
1.61225
1.61225
1.61225
1.61225
1.61225
1.61225
1.61225
1.61225
1.61225
1.61225
1.61225
1.61225
1.61225
1.61225
1.61225
1.61225
1.61225
1.61225
1.61225
1.61225
1.61225
1.61225
1.61225
1.61225
1.61225
1.61225
1.61225
1.61225
1.61225
1.61225
1.61225
1.61225
1.61225
1.61225
1.61225
1.61225
1.61225
1.61225
1.61225
1.61225
1.61225
1.61225
1.61225
1.61225
1.61225
1.61225
1.61225
1.61225
1.61225
1.61225
1.61225
1.61225
1.61225
1.61225
1.61225
1.61225
1.61225
1.61225
1.61225
1.61225
1.61225
1.61225
1.61225
1.61225
1.61225
1.61225
1.61225
1.61225
1.61225
1.61225
1.61225
1.61225
1.61225
1.61225
1.61225
1.61225
1.61225
1.61225
1.61225
1.61225
1.61225
1.61225
1.61225
1.61225
1.61225
1.61225
1.61225
1.61225
1.61225
1.61225
1.61225
1.61225
1.61225
1.61225
1.61225
1.61225
1.61225
60.3758
59.6902
59.2555
58.9787
58.8413
58.8413
58.9787
59.2555
59.6902
60.3758
59.6902
59.1043
58.6623
58.3673
58.2209
58.2209
58.3673
58.6624
59.1043
59.6902
59.2555
58.6623
58.2012
57.8937
57.7419
57.7419
57.8937
58.2012
58.6624
59.2555
58.9787
58.3673
57.8937
57.5802
57.426
57.426
57.5802
57.8937
58.3673
58.9787
58.8413
58.2209
57.7419
57.426
57.2706
57.2706
57.426
57.7419
58.2209
58.8413
58.8413
58.2209
57.7419
57.426
57.2706
57.2706
57.426
57.7419
58.2209
58.8413
58.9787
58.3673
57.8937
57.5802
57.426
57.426
57.5802
57.8937
58.3673
58.9787
59.2555
58.6624
58.2012
57.8937
57.7419
57.7419
57.8937
58.2012
58.6624
59.2555
59.6902
59.1043
58.6624
58.3673
58.2209
58.2209
58.3673
58.6624
59.1043
59.6902
60.3758
59.6902
59.2555
58.9787
58.8413
58.8413
58.9787
59.2555
59.6902
60.3758
58.2086
57.9321
57.7671
57.6585
57.6033
57.6033
57.6585
57.7672
57.9321
58.2086
57.9321
57.7127
57.526
57.3959
57.3307
57.3307
57.3959
57.526
57.7127
57.9321
57.7671
57.526
57.3162
57.1721
57.101
57.101
57.1721
57.3162
57.526
57.7672
57.6585
57.3959
57.1721
57.0208
56.9464
56.9464
57.0208
57.1721
57.3959
57.6585
57.6033
57.3307
57.101
56.9464
56.8703
56.8703
56.9464
57.101
57.3307
57.6033
57.6033
57.3307
57.101
56.9464
56.8703
56.8703
56.9464
57.101
57.3307
57.6033
57.6585
57.3959
57.1721
57.0208
56.9464
56.9464
57.0208
57.1721
57.3959
57.6585
57.7672
57.526
57.3162
57.1721
57.101
57.101
57.1721
57.3162
57.526
57.7672
57.9321
57.7127
57.526
57.3959
57.3307
57.3307
57.3959
57.526
57.7127
57.9321
58.2086
57.9321
57.7672
57.6585
57.6033
57.6033
57.6585
57.7672
57.9321
58.2086
56.7193
56.5683
56.4749
56.41
56.3765
56.3765
56.41
56.4749
56.5683
56.7193
56.5683
56.448
56.3346
56.2525
56.2111
56.2111
56.2525
56.3346
56.448
56.5683
56.4749
56.3346
56.2023
56.1096
56.0636
56.0636
56.1096
56.2023
56.3346
56.4749
56.41
56.2525
56.1096
56.0115
55.9631
55.9631
56.0115
56.1096
56.2525
56.41
56.3765
56.2111
56.0636
55.9631
55.9135
55.9135
55.9631
56.0636
56.2111
56.3765
56.3765
56.2111
56.0636
55.9631
55.9135
55.9135
55.9631
56.0636
56.2111
56.3765
56.41
56.2525
56.1096
56.0115
55.9631
55.9631
56.0115
56.1096
56.2525
56.41
56.4749
56.3346
56.2023
56.1096
56.0636
56.0636
56.1096
56.2023
56.3346
56.4749
56.5683
56.448
56.3346
56.2525
56.2111
56.2111
56.2525
56.3346
56.448
56.5683
56.7193
56.5683
56.4749
56.41
56.3765
56.3765
56.41
56.4749
56.5683
56.7193
53.1236
53.0888
53.0695
53.0537
53.0452
53.0452
53.0537
53.0695
53.0888
53.1236
53.0888
53.0632
53.0284
53.0008
52.9868
52.9868
53.0008
53.0284
53.0633
53.0888
53.0695
53.0284
52.9814
52.9474
52.9306
52.9306
52.9474
52.9814
53.0284
53.0695
53.0537
53.0008
52.9474
52.9101
52.8919
52.8919
52.9101
52.9474
53.0008
53.0537
53.0452
52.9868
52.9306
52.8919
52.8729
52.8729
52.8919
52.9306
52.9868
53.0452
53.0452
52.9868
52.9306
52.8919
52.8729
52.8729
52.8919
52.9306
52.9868
53.0452
53.0537
53.0008
52.9474
52.9101
52.8919
52.8919
52.9101
52.9474
53.0008
53.0537
53.0695
53.0284
52.9814
52.9474
52.9306
52.9306
52.9474
52.9814
53.0284
53.0695
53.0888
53.0633
53.0284
53.0008
52.9868
52.9868
53.0008
53.0284
53.0633
53.0888
53.1236
53.0888
53.0695
53.0537
53.0452
53.0452
53.0537
53.0695
53.0888
53.1237
50.1485
50.1415
50.1373
50.1324
50.1296
50.1296
50.1324
50.1373
50.1415
50.1485
50.1415
50.138
50.1256
50.1146
50.109
50.109
50.1146
50.1256
50.138
50.1415
50.1373
50.1256
50.107
50.0927
50.0856
50.0856
50.0927
50.107
50.1256
50.1373
50.1324
50.1146
50.0927
50.077
50.0692
50.0692
50.077
50.0927
50.1146
50.1324
50.1296
50.109
50.0856
50.0692
50.0611
50.0611
50.0692
50.0856
50.109
50.1296
50.1296
50.109
50.0856
50.0692
50.0611
50.0611
50.0692
50.0856
50.109
50.1296
50.1324
50.1146
50.0927
50.077
50.0692
50.0692
50.077
50.0927
50.1146
50.1324
50.1373
50.1256
50.107
50.0927
50.0856
50.0856
50.0927
50.107
50.1256
50.1373
50.1415
50.138
50.1256
50.1146
50.109
50.109
50.1146
50.1256
50.138
50.1415
50.1485
50.1415
50.1373
50.1324
50.1296
50.1296
50.1324
50.1373
50.1415
50.1485
46.7765
46.7798
46.7823
46.7828
46.783
46.783
46.7828
46.7823
46.7798
46.7765
46.7798
46.7833
46.7811
46.7784
46.7769
46.7769
46.7784
46.7811
46.7833
46.7798
46.7823
46.7811
46.7757
46.7713
46.7692
46.7692
46.7713
46.7757
46.7811
46.7823
46.7828
46.7784
46.7713
46.7662
46.7637
46.7637
46.7662
46.7713
46.7784
46.7828
46.783
46.7769
46.7692
46.7637
46.761
46.761
46.7637
46.7692
46.7769
46.783
46.783
46.7769
46.7692
46.7637
46.761
46.761
46.7637
46.7692
46.7769
46.783
46.7828
46.7784
46.7713
46.7662
46.7637
46.7637
46.7662
46.7713
46.7784
46.7828
46.7823
46.7811
46.7757
46.7713
46.7692
46.7692
46.7713
46.7757
46.7811
46.7823
46.7798
46.7833
46.7811
46.7784
46.7769
46.7769
46.7784
46.7811
46.7833
46.7798
46.7765
46.7798
46.7823
46.7828
46.783
46.783
46.7828
46.7823
46.7798
46.7765
43.5776
43.5818
43.5845
43.5858
43.5863
43.5863
43.5858
43.5845
43.5818
43.5776
43.5818
43.586
43.5868
43.5867
43.5866
43.5866
43.5867
43.5868
43.586
43.5818
43.5845
43.5868
43.5862
43.5855
43.5851
43.5851
43.5855
43.5862
43.5868
43.5845
43.5858
43.5867
43.5855
43.5845
43.584
43.584
43.5845
43.5855
43.5867
43.5858
43.5863
43.5866
43.5851
43.584
43.5835
43.5835
43.584
43.5851
43.5866
43.5863
43.5863
43.5866
43.5851
43.584
43.5835
43.5835
43.584
43.5851
43.5866
43.5863
43.5858
43.5867
43.5855
43.5845
43.584
43.584
43.5845
43.5855
43.5867
43.5858
43.5845
43.5868
43.5862
43.5855
43.5851
43.5851
43.5855
43.5862
43.5868
43.5845
43.5818
43.586
43.5868
43.5867
43.5866
43.5866
43.5867
43.5868
43.586
43.5818
43.5776
43.5818
43.5845
43.5858
43.5863
43.5863
43.5858
43.5845
43.5818
43.5776
40.3156
40.3183
40.3202
40.3212
40.3216
40.3216
40.3212
40.3202
40.3183
40.3156
40.3183
40.3209
40.3218
40.3221
40.3223
40.3223
40.3221
40.3218
40.3209
40.3183
40.3202
40.3218
40.3221
40.3221
40.3222
40.3222
40.3221
40.3221
40.3218
40.3202
40.3212
40.3221
40.3221
40.322
40.322
40.322
40.322
40.3221
40.3221
40.3212
40.3216
40.3223
40.3222
40.322
40.322
40.322
40.322
40.3222
40.3223
40.3216
40.3216
40.3223
40.3222
40.322
40.322
40.322
40.322
40.3222
40.3223
40.3216
40.3212
40.3221
40.3221
40.322
40.322
40.322
40.322
40.3221
40.3221
40.3212
40.3202
40.3218
40.3221
40.3221
40.3222
40.3222
40.3221
40.3221
40.3218
40.3202
40.3183
40.3209
40.3218
40.3221
40.3223
40.3223
40.3221
40.3218
40.3209
40.3183
40.3156
40.3183
40.3202
40.3212
40.3216
40.3216
40.3212
40.3202
40.3183
40.3156
37.0923
37.094
37.0951
37.0957
37.0961
37.0961
37.0957
37.0951
37.094
37.0923
37.094
37.0956
37.0964
37.0968
37.097
37.097
37.0968
37.0964
37.0956
37.094
37.0951
37.0964
37.097
37.0974
37.0975
37.0975
37.0974
37.097
37.0964
37.0951
37.0957
37.0968
37.0974
37.0977
37.0979
37.0979
37.0977
37.0974
37.0968
37.0957
37.0961
37.097
37.0975
37.0979
37.098
37.098
37.0979
37.0975
37.097
37.0961
37.0961
37.097
37.0975
37.0979
37.098
37.098
37.0979
37.0975
37.097
37.0961
37.0957
37.0968
37.0974
37.0977
37.0979
37.0979
37.0977
37.0974
37.0968
37.0957
37.0951
37.0964
37.097
37.0974
37.0975
37.0975
37.0974
37.097
37.0964
37.0951
37.094
37.0956
37.0964
37.0968
37.097
37.097
37.0968
37.0964
37.0956
37.094
37.0923
37.094
37.0951
37.0957
37.0961
37.0961
37.0957
37.0951
37.094
37.0923
33.8596
33.8604
33.861
33.8613
33.8615
33.8615
33.8613
33.861
33.8604
33.8596
33.8604
33.8612
33.8616
33.8619
33.862
33.862
33.8619
33.8616
33.8612
33.8604
33.861
33.8616
33.862
33.8622
33.8623
33.8623
33.8622
33.862
33.8616
33.861
33.8613
33.8619
33.8622
33.8624
33.8625
33.8625
33.8624
33.8622
33.8619
33.8613
33.8615
33.862
33.8623
33.8625
33.8626
33.8626
33.8625
33.8623
33.862
33.8615
33.8615
33.862
33.8623
33.8625
33.8626
33.8626
33.8625
33.8623
33.862
33.8615
33.8613
33.8619
33.8622
33.8624
33.8625
33.8625
33.8624
33.8622
33.8619
33.8613
33.861
33.8616
33.862
33.8622
33.8623
33.8623
33.8622
33.862
33.8616
33.861
33.8604
33.8612
33.8616
33.8619
33.862
33.862
33.8619
33.8616
33.8612
33.8604
33.8596
33.8604
33.861
33.8613
33.8615
33.8615
33.8613
33.861
33.8604
33.8596
30.6348
30.6353
30.6356
30.6357
30.6358
30.6358
30.6357
30.6356
30.6353
30.6348
30.6353
30.6357
30.6359
30.6361
30.6362
30.6362
30.6361
30.6359
30.6357
30.6353
30.6356
30.6359
30.6362
30.6363
30.6364
30.6364
30.6363
30.6362
30.6359
30.6356
30.6357
30.6361
30.6363
30.6365
30.6366
30.6366
30.6365
30.6363
30.6361
30.6357
30.6358
30.6362
30.6364
30.6366
30.6367
30.6367
30.6366
30.6364
30.6362
30.6358
30.6358
30.6362
30.6364
30.6366
30.6367
30.6367
30.6366
30.6364
30.6362
30.6358
30.6357
30.6361
30.6363
30.6365
30.6366
30.6366
30.6365
30.6363
30.6361
30.6357
30.6356
30.6359
30.6362
30.6363
30.6364
30.6364
30.6363
30.6362
30.6359
30.6356
30.6353
30.6357
30.6359
30.6361
30.6362
30.6362
30.6361
30.6359
30.6357
30.6353
30.6348
30.6353
30.6356
30.6357
30.6358
30.6358
30.6357
30.6356
30.6353
30.6348
27.4087
27.4089
27.409
27.4091
27.4092
27.4092
27.4091
27.409
27.4089
27.4087
27.4089
27.4091
27.4092
27.4093
27.4093
27.4093
27.4093
27.4092
27.4091
27.4089
27.409
27.4092
27.4093
27.4094
27.4094
27.4094
27.4094
27.4093
27.4092
27.409
27.4091
27.4093
27.4094
27.4095
27.4095
27.4095
27.4095
27.4094
27.4093
27.4091
27.4092
27.4093
27.4094
27.4095
27.4096
27.4096
27.4095
27.4094
27.4093
27.4092
27.4092
27.4093
27.4094
27.4095
27.4096
27.4096
27.4095
27.4094
27.4093
27.4092
27.4091
27.4093
27.4094
27.4095
27.4095
27.4095
27.4095
27.4094
27.4093
27.4091
27.409
27.4092
27.4093
27.4094
27.4094
27.4094
27.4094
27.4093
27.4092
27.409
27.4089
27.4091
27.4092
27.4093
27.4093
27.4093
27.4093
27.4092
27.4091
27.4089
27.4087
27.4089
27.409
27.4091
27.4092
27.4092
27.4091
27.409
27.4089
27.4087
24.1842
24.1842
24.1843
24.1843
24.1844
24.1844
24.1843
24.1843
24.1842
24.1842
24.1842
24.1843
24.1844
24.1844
24.1844
24.1844
24.1844
24.1844
24.1843
24.1842
24.1843
24.1844
24.1844
24.1845
24.1845
24.1845
24.1845
24.1844
24.1844
24.1843
24.1843
24.1844
24.1845
24.1845
24.1846
24.1846
24.1845
24.1845
24.1844
24.1843
24.1844
24.1844
24.1845
24.1846
24.1846
24.1846
24.1846
24.1845
24.1844
24.1844
24.1844
24.1844
24.1845
24.1846
24.1846
24.1846
24.1846
24.1845
24.1844
24.1844
24.1843
24.1844
24.1845
24.1845
24.1846
24.1846
24.1845
24.1845
24.1844
24.1843
24.1843
24.1844
24.1844
24.1845
24.1845
24.1845
24.1845
24.1844
24.1844
24.1843
24.1842
24.1843
24.1844
24.1844
24.1844
24.1844
24.1844
24.1844
24.1843
24.1842
24.1842
24.1842
24.1843
24.1843
24.1844
24.1844
24.1843
24.1843
24.1842
24.1842
20.9594
20.9594
20.9594
20.9594
20.9594
20.9594
20.9594
20.9594
20.9594
20.9594
20.9594
20.9594
20.9594
20.9595
20.9595
20.9595
20.9595
20.9594
20.9594
20.9594
20.9594
20.9594
20.9595
20.9595
20.9595
20.9595
20.9595
20.9595
20.9594
20.9594
20.9594
20.9595
20.9595
20.9595
20.9595
20.9595
20.9595
20.9595
20.9595
20.9594
20.9594
20.9595
20.9595
20.9595
20.9595
20.9595
20.9595
20.9595
20.9595
20.9594
20.9594
20.9595
20.9595
20.9595
20.9595
20.9595
20.9595
20.9595
20.9595
20.9594
20.9594
20.9595
20.9595
20.9595
20.9595
20.9595
20.9595
20.9595
20.9595
20.9594
20.9594
20.9594
20.9595
20.9595
20.9595
20.9595
20.9595
20.9595
20.9594
20.9594
20.9594
20.9594
20.9594
20.9595
20.9595
20.9595
20.9595
20.9594
20.9594
20.9594
20.9594
20.9594
20.9594
20.9594
20.9594
20.9594
20.9594
20.9594
20.9594
20.9594
17.7348
17.7349
17.7349
17.7349
17.7349
17.7349
17.7349
17.7349
17.7349
17.7348
17.7349
17.7349
17.7349
17.7349
17.7349
17.7349
17.7349
17.7349
17.7349
17.7349
17.7349
17.7349
17.7349
17.7349
17.7349
17.7349
17.7349
17.7349
17.7349
17.7349
17.7349
17.7349
17.7349
17.7349
17.7349
17.7349
17.7349
17.7349
17.7349
17.7349
17.7349
17.7349
17.7349
17.7349
17.7349
17.7349
17.7349
17.7349
17.7349
17.7349
17.7349
17.7349
17.7349
17.7349
17.7349
17.7349
17.7349
17.7349
17.7349
17.7349
17.7349
17.7349
17.7349
17.7349
17.7349
17.7349
17.7349
17.7349
17.7349
17.7349
17.7349
17.7349
17.7349
17.7349
17.7349
17.7349
17.7349
17.7349
17.7349
17.7349
17.7349
17.7349
17.7349
17.7349
17.7349
17.7349
17.7349
17.7349
17.7349
17.7349
17.7348
17.7349
17.7349
17.7349
17.7349
17.7349
17.7349
17.7349
17.7349
17.7348
14.5103
14.5103
14.5103
14.5103
14.5103
14.5103
14.5103
14.5103
14.5103
14.5103
14.5103
14.5103
14.5103
14.5103
14.5103
14.5103
14.5103
14.5103
14.5103
14.5103
14.5103
14.5103
14.5103
14.5103
14.5103
14.5103
14.5103
14.5103
14.5103
14.5103
14.5103
14.5103
14.5103
14.5103
14.5103
14.5103
14.5103
14.5103
14.5103
14.5103
14.5103
14.5103
14.5103
14.5103
14.5103
14.5103
14.5103
14.5103
14.5103
14.5103
14.5103
14.5103
14.5103
14.5103
14.5103
14.5103
14.5103
14.5103
14.5103
14.5103
14.5103
14.5103
14.5103
14.5103
14.5103
14.5103
14.5103
14.5103
14.5103
14.5103
14.5103
14.5103
14.5103
14.5103
14.5103
14.5103
14.5103
14.5103
14.5103
14.5103
14.5103
14.5103
14.5103
14.5103
14.5103
14.5103
14.5103
14.5103
14.5103
14.5103
14.5103
14.5103
14.5103
14.5103
14.5103
14.5103
14.5103
14.5103
14.5103
14.5103
11.2858
11.2858
11.2858
11.2858
11.2858
11.2858
11.2858
11.2858
11.2858
11.2858
11.2858
11.2858
11.2858
11.2858
11.2858
11.2858
11.2858
11.2858
11.2858
11.2858
11.2858
11.2858
11.2858
11.2858
11.2858
11.2858
11.2858
11.2858
11.2858
11.2858
11.2858
11.2858
11.2858
11.2858
11.2858
11.2858
11.2858
11.2858
11.2858
11.2858
11.2858
11.2858
11.2858
11.2858
11.2858
11.2858
11.2858
11.2858
11.2858
11.2858
11.2858
11.2858
11.2858
11.2858
11.2858
11.2858
11.2858
11.2858
11.2858
11.2858
11.2858
11.2858
11.2858
11.2858
11.2858
11.2858
11.2858
11.2858
11.2858
11.2858
11.2858
11.2858
11.2858
11.2858
11.2858
11.2858
11.2858
11.2858
11.2858
11.2858
11.2858
11.2858
11.2858
11.2858
11.2858
11.2858
11.2858
11.2858
11.2858
11.2858
11.2858
11.2858
11.2858
11.2858
11.2858
11.2858
11.2858
11.2858
11.2858
11.2858
8.06127
8.06127
8.06127
8.06127
8.06127
8.06127
8.06127
8.06127
8.06127
8.06127
8.06127
8.06127
8.06127
8.06127
8.06127
8.06127
8.06127
8.06127
8.06127
8.06127
8.06127
8.06127
8.06127
8.06127
8.06127
8.06127
8.06127
8.06127
8.06127
8.06127
8.06127
8.06127
8.06127
8.06127
8.06127
8.06127
8.06127
8.06127
8.06127
8.06127
8.06127
8.06127
8.06127
8.06127
8.06127
8.06127
8.06127
8.06127
8.06127
8.06127
8.06127
8.06127
8.06127
8.06127
8.06127
8.06127
8.06127
8.06127
8.06127
8.06127
8.06127
8.06127
8.06127
8.06127
8.06127
8.06127
8.06127
8.06127
8.06127
8.06127
8.06127
8.06127
8.06127
8.06127
8.06127
8.06127
8.06127
8.06127
8.06127
8.06127
8.06127
8.06127
8.06127
8.06127
8.06127
8.06127
8.06127
8.06127
8.06127
8.06127
8.06127
8.06127
8.06127
8.06127
8.06127
8.06127
8.06127
8.06127
8.06127
8.06127
4.83676
4.83676
4.83675
4.83675
4.83675
4.83675
4.83675
4.83675
4.83675
4.83675
4.83676
4.83675
4.83675
4.83675
4.83675
4.83675
4.83675
4.83675
4.83675
4.83675
4.83675
4.83675
4.83675
4.83675
4.83675
4.83675
4.83675
4.83675
4.83675
4.83675
4.83675
4.83675
4.83675
4.83675
4.83675
4.83675
4.83675
4.83675
4.83675
4.83675
4.83675
4.83675
4.83675
4.83675
4.83675
4.83675
4.83675
4.83675
4.83675
4.83675
4.83675
4.83675
4.83675
4.83675
4.83675
4.83675
4.83675
4.83675
4.83675
4.83675
4.83675
4.83675
4.83675
4.83675
4.83675
4.83675
4.83675
4.83675
4.83675
4.83675
4.83675
4.83675
4.83675
4.83675
4.83675
4.83675
4.83675
4.83675
4.83675
4.83675
4.83675
4.83675
4.83675
4.83675
4.83675
4.83675
4.83675
4.83675
4.83675
4.83675
4.83675
4.83675
4.83675
4.83675
4.83675
4.83675
4.83675
4.83675
4.83675
4.83675
1.61225
1.61225
1.61225
1.61225
1.61225
1.61225
1.61225
1.61225
1.61225
1.61225
1.61225
1.61225
1.61224
1.61224
1.61224
1.61224
1.61224
1.61224
1.61225
1.61225
1.61225
1.61224
1.61224
1.61224
1.61224
1.61224
1.61224
1.61224
1.61224
1.61225
1.61225
1.61224
1.61224
1.61224
1.61224
1.61224
1.61224
1.61224
1.61224
1.61225
1.61225
1.61224
1.61224
1.61224
1.61224
1.61224
1.61224
1.61224
1.61224
1.61224
1.61225
1.61224
1.61224
1.61224
1.61224
1.61224
1.61224
1.61224
1.61224
1.61224
1.61225
1.61224
1.61224
1.61224
1.61224
1.61224
1.61224
1.61224
1.61224
1.61225
1.61225
1.61224
1.61224
1.61224
1.61224
1.61224
1.61224
1.61224
1.61224
1.61225
1.61225
1.61225
1.61224
1.61224
1.61224
1.61224
1.61224
1.61224
1.61224
1.61225
1.61225
1.61225
1.61225
1.61225
1.61224
1.61224
1.61225
1.61225
1.61225
1.61225
)
;

boundaryField
{
    fixedWalls
    {
        type            zeroGradient;
    }
    inlet
    {
        type            fixedGradient;
        gradient        uniform 0;
    }
    outlet
    {
        type            fixedValue;
        value           uniform 0;
    }
}


// ************************************************************************* //
