/*--------------------------------*- C++ -*----------------------------------*\
| =========                 |                                                 |
| \\      /  F ield         | OpenFOAM: The Open Source CFD Toolbox           |
|  \\    /   O peration     | Version:  2106                                  |
|   \\  /    A nd           | Website:  www.openfoam.com                      |
|    \\/     M anipulation  |                                                 |
\*---------------------------------------------------------------------------*/
FoamFile
{
    version     2.0;
    format      ascii;
    arch        "LSB;label=32;scalar=64";
    class       volScalarField;
    location    "0.41";
    object      p;
}
// * * * * * * * * * * * * * * * * * * * * * * * * * * * * * * * * * * * * * //

dimensions      [0 2 -2 0 0 0 0];

internalField   nonuniform List<scalar> 
10000
(
101.904
101.322
100.957
100.689
100.551
100.551
100.689
100.957
101.322
101.904
92.7693
91.9197
91.3596
90.9638
90.7598
90.7598
90.9638
91.3596
91.9197
92.7693
85.1842
84.2064
83.5677
83.1228
82.8946
82.8946
83.1228
83.5677
84.2064
85.1842
79.9463
78.9419
78.2944
77.85
77.6222
77.6222
77.85
78.2944
78.9419
79.9463
76.0169
75.0203
74.381
73.951
73.7308
73.7308
73.951
74.381
75.0203
76.0169
72.8366
71.8678
71.2451
70.8365
70.6278
70.6278
70.8365
71.2451
71.8678
72.8366
70.2164
69.2965
68.7001
68.3193
68.1255
68.1255
68.3193
68.7001
69.2965
70.2164
68.0496
67.202
66.6442
66.2968
66.1207
66.1207
66.2968
66.6442
67.202
68.0496
66.2551
65.4961
64.9899
64.6806
64.524
64.524
64.6806
64.9899
65.4961
66.2551
64.8504
64.0952
63.6494
63.3785
63.2413
63.2413
63.3785
63.6494
64.0953
64.8504
65.8569
66.0293
66.2167
66.3432
66.4087
66.4087
66.3433
66.2167
66.0293
65.8569
66.2669
66.3608
66.4865
66.5673
66.6086
66.6086
66.5673
66.4865
66.3608
66.2669
66.2293
66.2253
66.2767
66.3042
66.3179
66.3179
66.3042
66.2767
66.2253
66.2293
65.8075
65.7132
65.6964
65.6773
65.6668
65.6668
65.6773
65.6964
65.7132
65.8075
65.204
65.0359
64.9612
64.9047
64.8749
64.8749
64.9047
64.9612
65.0359
65.204
64.5273
64.3036
64.1824
64.0979
64.0539
64.0539
64.0979
64.1824
64.3036
64.5273
63.8319
63.573
63.4182
63.3156
63.2626
63.2626
63.3156
63.4182
63.573
63.8319
63.1489
62.8786
62.7057
62.5949
62.5377
62.5377
62.5949
62.7057
62.8786
63.1489
62.5129
62.2474
62.0689
61.957
61.8991
61.8991
61.957
62.0689
62.2474
62.5129
62.0233
61.6806
61.4989
61.3873
61.3292
61.3292
61.3873
61.4989
61.6806
62.0233
61.1439
61.1288
61.1298
61.1258
61.124
61.124
61.1258
61.1298
61.1288
61.1439
61.5427
61.525
61.5249
61.5191
61.516
61.516
61.5191
61.5249
61.525
61.5427
61.8698
61.8333
61.8213
61.8056
61.7971
61.7971
61.8056
61.8213
61.8333
61.8698
61.9125
61.8425
61.8083
61.7765
61.7596
61.7596
61.7765
61.8083
61.8425
61.9125
61.7605
61.6553
61.5966
61.5488
61.5235
61.5235
61.5488
61.5966
61.6553
61.7605
61.5073
61.3717
61.2907
61.2296
61.1974
61.1974
61.2296
61.2907
61.3717
61.5073
61.2012
61.0434
60.9443
60.8739
60.837
60.837
60.8739
60.9443
61.0434
61.2012
60.8687
60.7007
60.5904
60.5151
60.4757
60.4757
60.5151
60.5904
60.7007
60.8688
60.5415
60.3712
60.2541
60.1768
60.1364
60.1364
60.1768
60.2541
60.3712
60.5416
60.2907
60.0609
59.9351
59.8549
59.8132
59.8132
59.8549
59.9351
60.0609
60.2907
56.2838
56.3031
56.3276
56.3434
56.3517
56.3517
56.3434
56.3276
56.3031
56.2838
56.4843
56.5071
56.5353
56.5531
56.5626
56.5626
56.5531
56.5353
56.5071
56.4843
56.6521
56.6722
56.6997
56.7166
56.7254
56.7254
56.7166
56.6997
56.6722
56.6521
56.7291
56.7386
56.7591
56.7704
56.7764
56.7764
56.7704
56.7591
56.7386
56.7291
56.736
56.7311
56.7411
56.7449
56.7468
56.7468
56.7449
56.7411
56.7311
56.736
56.6958
56.6761
56.6745
56.6706
56.6684
56.6684
56.6706
56.6745
56.6761
56.6958
56.622
56.5895
56.5771
56.5665
56.5608
56.5608
56.5665
56.5771
56.5895
56.622
56.5242
56.4835
56.4628
56.4471
56.4387
56.4387
56.4471
56.4628
56.4835
56.5242
56.4194
56.3729
56.3445
56.3244
56.3136
56.3136
56.3244
56.3445
56.3729
56.4194
56.3496
56.263
56.222
56.1952
56.1811
56.1811
56.1952
56.222
56.263
56.3496
52.9029
52.9026
52.9043
52.9042
52.9042
52.9042
52.9042
52.9043
52.9026
52.9029
52.9949
52.998
53.0025
53.0044
53.0054
53.0054
53.0044
53.0025
52.998
52.9949
53.0881
53.0924
53.0984
53.1009
53.1022
53.1022
53.1009
53.0984
53.0924
53.0881
53.1502
53.1523
53.157
53.1583
53.1589
53.1589
53.1583
53.157
53.1523
53.1502
53.1832
53.1808
53.1826
53.1815
53.1808
53.1808
53.1815
53.1826
53.1808
53.1832
53.1936
53.1857
53.1836
53.1798
53.1777
53.1777
53.1798
53.1836
53.1857
53.1936
53.1861
53.173
53.1668
53.1605
53.1569
53.1569
53.1605
53.1668
53.173
53.1861
53.165
53.1482
53.1385
53.1301
53.1254
53.1254
53.1301
53.1385
53.1482
53.165
53.1389
53.1188
53.105
53.0943
53.0885
53.0885
53.0943
53.105
53.1188
53.1389
53.1273
53.0866
53.0658
53.0514
53.0438
53.0438
53.0514
53.0658
53.0866
53.1273
49.4118
49.4147
49.4182
49.4203
49.4213
49.4213
49.4203
49.4182
49.4147
49.4118
49.4489
49.4533
49.4583
49.4613
49.4629
49.4629
49.4613
49.4583
49.4533
49.4489
49.4862
49.4916
49.4976
49.5013
49.5033
49.5033
49.5013
49.4976
49.4916
49.4862
49.5137
49.5188
49.5248
49.5284
49.5303
49.5303
49.5284
49.5248
49.5188
49.5137
49.5315
49.5353
49.5405
49.5434
49.5449
49.5449
49.5434
49.5405
49.5353
49.5315
49.5409
49.5427
49.5465
49.5483
49.5492
49.5492
49.5483
49.5465
49.5427
49.5409
49.5428
49.5425
49.5447
49.5453
49.5455
49.5455
49.5453
49.5447
49.5425
49.5428
49.5384
49.5364
49.5369
49.5364
49.5361
49.5361
49.5364
49.5369
49.5364
49.5384
49.5314
49.5276
49.5259
49.524
49.5229
49.5229
49.524
49.5259
49.5276
49.5314
49.5312
49.5171
49.511
49.5067
49.5044
49.5044
49.5067
49.511
49.5171
49.5312
46.0426
46.0429
46.0434
46.0435
46.0435
46.0435
46.0435
46.0434
46.0429
46.0426
46.0578
46.0588
46.0599
46.0605
46.0608
46.0608
46.0605
46.0599
46.0588
46.0578
46.0749
46.0767
46.0784
46.0793
46.0798
46.0798
46.0793
46.0784
46.0767
46.0749
46.0896
46.0916
46.0936
46.0946
46.0951
46.0951
46.0946
46.0936
46.0916
46.0896
46.1012
46.103
46.105
46.1059
46.1064
46.1064
46.1059
46.105
46.103
46.1012
46.11
46.1114
46.113
46.1137
46.114
46.114
46.1137
46.113
46.1114
46.11
46.116
46.1168
46.118
46.1183
46.1184
46.1184
46.1183
46.118
46.1168
46.116
46.1196
46.1199
46.1206
46.1205
46.1204
46.1204
46.1205
46.1206
46.1199
46.1196
46.1223
46.1219
46.1217
46.121
46.1206
46.1206
46.121
46.1217
46.1219
46.1223
46.1277
46.1229
46.1207
46.1191
46.1182
46.1182
46.1191
46.1208
46.1229
46.1277
42.6361
42.6366
42.6372
42.6375
42.6377
42.6377
42.6375
42.6372
42.6366
42.6361
42.6416
42.6425
42.6433
42.6439
42.6441
42.6441
42.6439
42.6433
42.6425
42.6416
42.6479
42.6491
42.6502
42.6509
42.6513
42.6513
42.6509
42.6502
42.6491
42.6479
42.6536
42.6549
42.6563
42.6571
42.6575
42.6575
42.6571
42.6563
42.6549
42.6536
42.6585
42.6599
42.6612
42.6621
42.6625
42.6625
42.6621
42.6612
42.6599
42.6585
42.6625
42.6637
42.665
42.6658
42.6662
42.6662
42.6658
42.665
42.6637
42.6625
42.6654
42.6665
42.6677
42.6683
42.6686
42.6686
42.6683
42.6677
42.6665
42.6654
42.6674
42.6683
42.6693
42.6697
42.67
42.67
42.6697
42.6693
42.6683
42.6674
42.6689
42.6695
42.6701
42.6703
42.6704
42.6704
42.6703
42.6701
42.6695
42.6689
42.6716
42.6703
42.6699
42.6696
42.6694
42.6694
42.6696
42.6699
42.6703
42.6716
39.2371
39.2372
39.2373
39.2373
39.2373
39.2373
39.2373
39.2373
39.2372
39.2371
39.2392
39.2394
39.2396
39.2397
39.2398
39.2398
39.2397
39.2396
39.2394
39.2392
39.2418
39.2422
39.2425
39.2427
39.2428
39.2428
39.2427
39.2425
39.2422
39.2418
39.2445
39.245
39.2454
39.2457
39.2458
39.2458
39.2457
39.2454
39.245
39.2445
39.247
39.2476
39.2481
39.2485
39.2486
39.2486
39.2485
39.2481
39.2476
39.247
39.2494
39.25
39.2506
39.2509
39.2511
39.2511
39.2509
39.2506
39.25
39.2494
39.2515
39.2522
39.2527
39.253
39.2532
39.2532
39.253
39.2527
39.2522
39.2515
39.2534
39.254
39.2546
39.2548
39.255
39.255
39.2548
39.2546
39.254
39.2534
39.2552
39.2557
39.2561
39.2563
39.2564
39.2564
39.2563
39.2561
39.2557
39.2552
39.2574
39.2572
39.2573
39.2572
39.2572
39.2572
39.2572
39.2573
39.2572
39.2574
35.8281
35.8282
35.8283
35.8284
35.8284
35.8284
35.8284
35.8283
35.8282
35.8281
35.8288
35.8289
35.8291
35.8292
35.8292
35.8292
35.8292
35.8291
35.8289
35.8288
35.8296
35.8298
35.83
35.8302
35.8302
35.8302
35.8302
35.83
35.8298
35.8296
35.8306
35.8309
35.8311
35.8313
35.8313
35.8313
35.8313
35.8311
35.8309
35.8306
35.8316
35.8319
35.8322
35.8324
35.8325
35.8325
35.8324
35.8322
35.8319
35.8316
35.8325
35.8329
35.8332
35.8334
35.8335
35.8335
35.8334
35.8332
35.8329
35.8325
35.8334
35.8338
35.8341
35.8343
35.8344
35.8344
35.8343
35.8341
35.8338
35.8334
35.8342
35.8346
35.8349
35.8351
35.8352
35.8352
35.8351
35.8349
35.8346
35.8342
35.835
35.8353
35.8356
35.8358
35.8358
35.8358
35.8358
35.8356
35.8353
35.835
35.8359
35.836
35.8361
35.8362
35.8362
35.8362
35.8362
35.8361
35.836
35.8359
32.4187
32.4187
32.4187
32.4187
32.4187
32.4187
32.4187
32.4187
32.4187
32.4187
32.4189
32.4189
32.419
32.419
32.419
32.419
32.419
32.419
32.4189
32.4189
32.4192
32.4193
32.4193
32.4194
32.4194
32.4194
32.4194
32.4193
32.4193
32.4192
32.4196
32.4197
32.4198
32.4199
32.4199
32.4199
32.4199
32.4198
32.4197
32.4196
32.4201
32.4202
32.4203
32.4204
32.4204
32.4204
32.4204
32.4203
32.4202
32.4201
32.4206
32.4208
32.4209
32.421
32.421
32.421
32.421
32.4209
32.4208
32.4206
32.4211
32.4213
32.4214
32.4215
32.4216
32.4216
32.4215
32.4214
32.4213
32.4211
32.4216
32.4218
32.422
32.4221
32.4221
32.4221
32.4221
32.422
32.4218
32.4216
32.4221
32.4223
32.4225
32.4226
32.4226
32.4226
32.4226
32.4225
32.4223
32.4221
32.4227
32.4228
32.4229
32.423
32.423
32.423
32.423
32.4229
32.4228
32.4227
29.007
29.007
29.007
29.007
29.007
29.007
29.007
29.007
29.007
29.007
29.007
29.007
29.007
29.007
29.0071
29.0071
29.007
29.007
29.007
29.007
29.0071
29.0071
29.0071
29.0072
29.0072
29.0072
29.0072
29.0071
29.0071
29.0071
29.0072
29.0072
29.0073
29.0073
29.0073
29.0073
29.0073
29.0073
29.0072
29.0072
29.0074
29.0074
29.0075
29.0075
29.0075
29.0075
29.0075
29.0075
29.0074
29.0074
29.0076
29.0076
29.0077
29.0077
29.0078
29.0078
29.0077
29.0077
29.0076
29.0076
29.0077
29.0078
29.0079
29.008
29.008
29.008
29.008
29.0079
29.0078
29.0078
29.008
29.0081
29.0081
29.0082
29.0082
29.0082
29.0082
29.0081
29.0081
29.008
29.0082
29.0083
29.0083
29.0084
29.0084
29.0084
29.0084
29.0083
29.0083
29.0082
29.0084
29.0085
29.0085
29.0086
29.0086
29.0086
29.0086
29.0085
29.0085
29.0084
25.5949
25.5949
25.5949
25.5949
25.5949
25.5949
25.5949
25.5949
25.5949
25.5949
25.5949
25.5949
25.5949
25.5949
25.5949
25.5949
25.5949
25.5949
25.5949
25.5949
25.5949
25.5949
25.5949
25.595
25.595
25.595
25.595
25.5949
25.5949
25.5949
25.595
25.595
25.595
25.595
25.595
25.595
25.595
25.595
25.595
25.595
25.5951
25.5951
25.5951
25.5951
25.5951
25.5951
25.5951
25.5951
25.5951
25.5951
25.5951
25.5952
25.5952
25.5952
25.5952
25.5952
25.5952
25.5952
25.5952
25.5951
25.5953
25.5953
25.5953
25.5953
25.5954
25.5954
25.5953
25.5953
25.5953
25.5953
25.5954
25.5954
25.5954
25.5955
25.5955
25.5955
25.5955
25.5954
25.5954
25.5954
25.5955
25.5955
25.5956
25.5956
25.5956
25.5956
25.5956
25.5956
25.5955
25.5955
25.5956
25.5956
25.5957
25.5957
25.5957
25.5957
25.5957
25.5957
25.5956
25.5956
22.1824
22.1824
22.1824
22.1824
22.1824
22.1824
22.1824
22.1824
22.1824
22.1824
22.1824
22.1824
22.1824
22.1824
22.1824
22.1824
22.1824
22.1824
22.1824
22.1824
22.1824
22.1824
22.1824
22.1824
22.1824
22.1824
22.1824
22.1824
22.1824
22.1824
22.1824
22.1824
22.1824
22.1824
22.1824
22.1824
22.1824
22.1824
22.1824
22.1824
22.1824
22.1824
22.1824
22.1824
22.1825
22.1825
22.1824
22.1824
22.1824
22.1824
22.1825
22.1825
22.1825
22.1825
22.1825
22.1825
22.1825
22.1825
22.1825
22.1825
22.1825
22.1825
22.1825
22.1825
22.1825
22.1825
22.1825
22.1825
22.1825
22.1825
22.1825
22.1826
22.1826
22.1826
22.1826
22.1826
22.1826
22.1826
22.1826
22.1825
22.1826
22.1826
22.1826
22.1826
22.1826
22.1826
22.1826
22.1826
22.1826
22.1826
22.1826
22.1826
22.1827
22.1827
22.1827
22.1827
22.1827
22.1827
22.1826
22.1826
18.7698
18.7698
18.7698
18.7698
18.7698
18.7698
18.7698
18.7698
18.7698
18.7698
18.7698
18.7698
18.7698
18.7698
18.7698
18.7698
18.7698
18.7698
18.7698
18.7698
18.7698
18.7698
18.7698
18.7698
18.7698
18.7698
18.7698
18.7698
18.7698
18.7698
18.7698
18.7698
18.7698
18.7698
18.7698
18.7698
18.7698
18.7698
18.7698
18.7698
18.7698
18.7698
18.7698
18.7698
18.7698
18.7698
18.7698
18.7698
18.7698
18.7698
18.7698
18.7698
18.7698
18.7698
18.7698
18.7698
18.7698
18.7698
18.7698
18.7698
18.7699
18.7699
18.7699
18.7699
18.7699
18.7699
18.7699
18.7699
18.7699
18.7699
18.7699
18.7699
18.7699
18.7699
18.7699
18.7699
18.7699
18.7699
18.7699
18.7699
18.7699
18.7699
18.7699
18.7699
18.7699
18.7699
18.7699
18.7699
18.7699
18.7699
18.7699
18.7699
18.7699
18.7699
18.7699
18.7699
18.7699
18.7699
18.7699
18.7699
15.3571
15.3571
15.3571
15.3571
15.3571
15.3571
15.3571
15.3571
15.3571
15.3571
15.3571
15.3571
15.3571
15.3571
15.3571
15.3571
15.3571
15.3571
15.3571
15.3571
15.3571
15.3571
15.3571
15.3571
15.3571
15.3571
15.3571
15.3571
15.3571
15.3571
15.3571
15.3571
15.3571
15.3571
15.3571
15.3571
15.3571
15.3571
15.3571
15.3571
15.3571
15.3571
15.3571
15.3571
15.3571
15.3571
15.3571
15.3571
15.3571
15.3571
15.3571
15.3571
15.3571
15.3571
15.3571
15.3571
15.3571
15.3571
15.3571
15.3571
15.3571
15.3571
15.3572
15.3572
15.3572
15.3572
15.3572
15.3572
15.3571
15.3571
15.3572
15.3572
15.3572
15.3572
15.3572
15.3572
15.3572
15.3572
15.3572
15.3572
15.3572
15.3572
15.3572
15.3572
15.3572
15.3572
15.3572
15.3572
15.3572
15.3572
15.3572
15.3572
15.3572
15.3572
15.3572
15.3572
15.3572
15.3572
15.3572
15.3572
11.9445
11.9445
11.9445
11.9445
11.9445
11.9445
11.9445
11.9445
11.9445
11.9445
11.9445
11.9445
11.9445
11.9445
11.9445
11.9445
11.9445
11.9445
11.9445
11.9445
11.9444
11.9444
11.9444
11.9444
11.9444
11.9444
11.9444
11.9444
11.9444
11.9444
11.9444
11.9444
11.9444
11.9444
11.9444
11.9444
11.9444
11.9444
11.9444
11.9444
11.9444
11.9444
11.9445
11.9445
11.9445
11.9445
11.9445
11.9445
11.9444
11.9444
11.9445
11.9445
11.9445
11.9445
11.9445
11.9445
11.9445
11.9445
11.9445
11.9445
11.9445
11.9445
11.9445
11.9445
11.9445
11.9445
11.9445
11.9445
11.9445
11.9445
11.9445
11.9445
11.9445
11.9445
11.9445
11.9445
11.9445
11.9445
11.9445
11.9445
11.9445
11.9445
11.9445
11.9445
11.9445
11.9445
11.9445
11.9445
11.9445
11.9445
11.9445
11.9445
11.9445
11.9445
11.9445
11.9445
11.9445
11.9445
11.9445
11.9445
8.53175
8.53175
8.53175
8.53175
8.53175
8.53175
8.53175
8.53175
8.53175
8.53175
8.53175
8.53175
8.53175
8.53175
8.53175
8.53175
8.53175
8.53175
8.53175
8.53175
8.53175
8.53175
8.53175
8.53175
8.53175
8.53175
8.53175
8.53175
8.53175
8.53175
8.53175
8.53175
8.53175
8.53175
8.53175
8.53175
8.53175
8.53175
8.53175
8.53175
8.53175
8.53175
8.53175
8.53175
8.53175
8.53175
8.53175
8.53175
8.53175
8.53175
8.53175
8.53175
8.53175
8.53175
8.53175
8.53175
8.53175
8.53175
8.53175
8.53175
8.53175
8.53175
8.53175
8.53175
8.53175
8.53175
8.53175
8.53175
8.53175
8.53175
8.53175
8.53175
8.53175
8.53175
8.53175
8.53175
8.53175
8.53175
8.53175
8.53175
8.53175
8.53175
8.53175
8.53175
8.53175
8.53175
8.53175
8.53175
8.53175
8.53175
8.53175
8.53175
8.53175
8.53175
8.53175
8.53175
8.53175
8.53175
8.53175
8.53175
5.11905
5.11905
5.11905
5.11905
5.11905
5.11905
5.11905
5.11905
5.11905
5.11905
5.11904
5.11904
5.11904
5.11904
5.11904
5.11904
5.11904
5.11904
5.11904
5.11904
5.11904
5.11904
5.11904
5.11904
5.11904
5.11904
5.11904
5.11904
5.11904
5.11904
5.11904
5.11904
5.11904
5.11905
5.11905
5.11905
5.11904
5.11904
5.11904
5.11904
5.11905
5.11905
5.11905
5.11905
5.11905
5.11905
5.11905
5.11905
5.11905
5.11905
5.11905
5.11905
5.11905
5.11905
5.11905
5.11905
5.11905
5.11905
5.11905
5.11905
5.11905
5.11905
5.11905
5.11905
5.11905
5.11905
5.11905
5.11905
5.11905
5.11905
5.11905
5.11905
5.11905
5.11905
5.11905
5.11905
5.11905
5.11905
5.11905
5.11905
5.11905
5.11905
5.11905
5.11905
5.11905
5.11905
5.11905
5.11905
5.11904
5.11904
5.11904
5.11904
5.11904
5.11904
5.11904
5.11904
5.11904
5.11904
5.11904
5.11904
1.70635
1.70635
1.70635
1.70635
1.70635
1.70635
1.70635
1.70635
1.70635
1.70635
1.70635
1.70635
1.70635
1.70635
1.70635
1.70635
1.70635
1.70635
1.70635
1.70634
1.70635
1.70635
1.70635
1.70635
1.70635
1.70635
1.70635
1.70635
1.70635
1.70634
1.70635
1.70635
1.70635
1.70635
1.70635
1.70635
1.70635
1.70635
1.70635
1.70635
1.70635
1.70635
1.70635
1.70635
1.70635
1.70635
1.70635
1.70635
1.70635
1.70635
1.70635
1.70635
1.70635
1.70635
1.70634
1.70634
1.70634
1.70635
1.70635
1.70635
1.70634
1.70634
1.70634
1.70634
1.70634
1.70634
1.70634
1.70634
1.70634
1.70634
1.70634
1.70634
1.70634
1.70634
1.70634
1.70634
1.70634
1.70634
1.70634
1.70634
1.70634
1.70634
1.70634
1.70634
1.70634
1.70634
1.70634
1.70634
1.70634
1.70634
1.70634
1.70634
1.70634
1.70634
1.70634
1.70634
1.70634
1.70634
1.70634
1.70634
101.904
101.322
100.957
100.689
100.551
100.551
100.689
100.957
101.322
101.904
92.7693
91.9197
91.3596
90.9638
90.7598
90.7598
90.9638
91.3597
91.9197
92.7693
85.1842
84.2064
83.5677
83.1228
82.8946
82.8946
83.1228
83.5677
84.2064
85.1842
79.9463
78.9419
78.2944
77.85
77.6222
77.6222
77.85
78.2944
78.9419
79.9464
76.0169
75.0203
74.381
73.951
73.7308
73.7308
73.951
74.381
75.0203
76.0169
72.8366
71.8678
71.2451
70.8366
70.6278
70.6278
70.8366
71.2451
71.8678
72.8367
70.2164
69.2965
68.7001
68.3193
68.1255
68.1255
68.3194
68.7001
69.2965
70.2164
68.0496
67.202
66.6443
66.2968
66.1207
66.1207
66.2968
66.6443
67.202
68.0496
66.2551
65.4961
64.9899
64.6806
64.524
64.524
64.6806
64.99
65.4962
66.2551
64.8504
64.0953
63.6495
63.3785
63.2413
63.2413
63.3785
63.6495
64.0953
64.8504
65.8569
66.0293
66.2168
66.3433
66.4087
66.4087
66.3433
66.2168
66.0293
65.8569
66.2669
66.3608
66.4865
66.5673
66.6086
66.6086
66.5673
66.4865
66.3608
66.267
66.2293
66.2253
66.2767
66.3042
66.3179
66.3179
66.3042
66.2767
66.2253
66.2293
65.8075
65.7132
65.6964
65.6773
65.6668
65.6668
65.6773
65.6964
65.7132
65.8075
65.204
65.0359
64.9612
64.9047
64.8749
64.8749
64.9047
64.9612
65.0359
65.204
64.5273
64.3037
64.1824
64.0979
64.0539
64.0539
64.0979
64.1824
64.3037
64.5273
63.8319
63.573
63.4182
63.3157
63.2626
63.2626
63.3157
63.4182
63.573
63.8319
63.1489
62.8786
62.7058
62.5949
62.5377
62.5377
62.5949
62.7058
62.8786
63.149
62.5129
62.2474
62.0689
61.957
61.8991
61.8991
61.9571
62.0689
62.2475
62.5129
62.0233
61.6806
61.499
61.3873
61.3292
61.3292
61.3874
61.499
61.6807
62.0233
61.1439
61.1288
61.1298
61.1258
61.1241
61.1241
61.1258
61.1298
61.1288
61.1439
61.5427
61.525
61.5249
61.5191
61.516
61.516
61.5191
61.5249
61.525
61.5427
61.8698
61.8333
61.8213
61.8056
61.7971
61.7971
61.8056
61.8213
61.8333
61.8698
61.9125
61.8425
61.8083
61.7765
61.7596
61.7596
61.7765
61.8083
61.8425
61.9125
61.7605
61.6553
61.5967
61.5488
61.5235
61.5235
61.5488
61.5967
61.6553
61.7605
61.5073
61.3717
61.2907
61.2296
61.1974
61.1974
61.2296
61.2907
61.3717
61.5073
61.2012
61.0434
60.9443
60.8739
60.837
60.837
60.8739
60.9443
61.0434
61.2012
60.8688
60.7007
60.5904
60.5151
60.4758
60.4758
60.5151
60.5904
60.7007
60.8688
60.5416
60.3712
60.2541
60.1768
60.1364
60.1364
60.1768
60.2541
60.3712
60.5416
60.2907
60.0609
59.9351
59.8549
59.8132
59.8132
59.8549
59.9351
60.0609
60.2907
56.2838
56.3031
56.3276
56.3434
56.3517
56.3517
56.3434
56.3276
56.3031
56.2838
56.4843
56.5071
56.5353
56.5532
56.5626
56.5626
56.5532
56.5353
56.5071
56.4843
56.6521
56.6722
56.6997
56.7166
56.7254
56.7254
56.7166
56.6997
56.6722
56.6521
56.7291
56.7387
56.7591
56.7704
56.7764
56.7764
56.7704
56.7591
56.7387
56.7291
56.736
56.7311
56.7411
56.7449
56.7468
56.7468
56.7449
56.7411
56.7311
56.736
56.6958
56.6761
56.6745
56.6706
56.6684
56.6684
56.6706
56.6745
56.6761
56.6958
56.622
56.5895
56.5771
56.5665
56.5608
56.5608
56.5665
56.5771
56.5895
56.622
56.5242
56.4835
56.4628
56.4472
56.4387
56.4387
56.4472
56.4628
56.4835
56.5242
56.4194
56.373
56.3445
56.3244
56.3136
56.3136
56.3244
56.3445
56.373
56.4194
56.3496
56.263
56.222
56.1952
56.1811
56.1811
56.1953
56.222
56.263
56.3496
52.9029
52.9026
52.9043
52.9042
52.9042
52.9042
52.9042
52.9043
52.9027
52.9029
52.9949
52.998
53.0025
53.0044
53.0054
53.0054
53.0044
53.0025
52.998
52.9949
53.0881
53.0924
53.0984
53.1009
53.1022
53.1022
53.1009
53.0984
53.0924
53.0881
53.1503
53.1523
53.1571
53.1584
53.1589
53.1589
53.1584
53.1571
53.1523
53.1503
53.1832
53.1808
53.1826
53.1815
53.1809
53.1809
53.1815
53.1826
53.1808
53.1832
53.1936
53.1857
53.1836
53.1798
53.1777
53.1777
53.1798
53.1836
53.1857
53.1936
53.1861
53.173
53.1668
53.1605
53.1569
53.1569
53.1605
53.1668
53.173
53.1861
53.165
53.1482
53.1385
53.1301
53.1254
53.1254
53.1301
53.1385
53.1482
53.165
53.1389
53.1188
53.105
53.0943
53.0885
53.0885
53.0943
53.105
53.1188
53.1389
53.1273
53.0866
53.0658
53.0514
53.0438
53.0438
53.0514
53.0658
53.0866
53.1273
49.4118
49.4147
49.4182
49.4203
49.4213
49.4213
49.4203
49.4182
49.4147
49.4118
49.4489
49.4533
49.4583
49.4613
49.4629
49.4629
49.4613
49.4583
49.4533
49.4489
49.4862
49.4916
49.4976
49.5013
49.5033
49.5033
49.5013
49.4976
49.4916
49.4862
49.5137
49.5188
49.5248
49.5284
49.5303
49.5303
49.5284
49.5248
49.5188
49.5137
49.5315
49.5353
49.5405
49.5434
49.5449
49.5449
49.5434
49.5405
49.5353
49.5315
49.5409
49.5427
49.5465
49.5483
49.5492
49.5492
49.5483
49.5465
49.5427
49.5409
49.5428
49.5425
49.5447
49.5453
49.5455
49.5455
49.5453
49.5447
49.5425
49.5428
49.5384
49.5364
49.5369
49.5365
49.5361
49.5361
49.5365
49.5369
49.5364
49.5384
49.5314
49.5276
49.5259
49.524
49.5229
49.5229
49.524
49.5259
49.5276
49.5314
49.5312
49.5171
49.511
49.5067
49.5044
49.5044
49.5067
49.5111
49.5171
49.5312
46.0426
46.0429
46.0434
46.0435
46.0435
46.0435
46.0435
46.0434
46.0429
46.0427
46.0578
46.0588
46.0599
46.0605
46.0608
46.0608
46.0605
46.0599
46.0588
46.0578
46.0749
46.0767
46.0784
46.0793
46.0798
46.0798
46.0793
46.0784
46.0767
46.0749
46.0896
46.0916
46.0936
46.0946
46.0951
46.0951
46.0946
46.0936
46.0916
46.0896
46.1012
46.103
46.105
46.1059
46.1064
46.1064
46.1059
46.105
46.103
46.1013
46.11
46.1114
46.113
46.1137
46.114
46.114
46.1137
46.113
46.1114
46.11
46.116
46.1168
46.118
46.1183
46.1184
46.1184
46.1183
46.118
46.1168
46.116
46.1196
46.1199
46.1206
46.1205
46.1204
46.1204
46.1205
46.1206
46.1199
46.1196
46.1223
46.1219
46.1217
46.121
46.1206
46.1206
46.1211
46.1217
46.1219
46.1223
46.1277
46.1229
46.1208
46.1191
46.1182
46.1182
46.1191
46.1208
46.1229
46.1277
42.6361
42.6366
42.6372
42.6375
42.6377
42.6377
42.6375
42.6372
42.6366
42.6361
42.6416
42.6425
42.6433
42.6439
42.6441
42.6441
42.6439
42.6433
42.6425
42.6417
42.6479
42.6491
42.6502
42.6509
42.6513
42.6513
42.6509
42.6502
42.6491
42.6479
42.6536
42.6549
42.6563
42.6571
42.6575
42.6575
42.6571
42.6563
42.6549
42.6536
42.6585
42.6599
42.6612
42.6621
42.6625
42.6625
42.6621
42.6612
42.6599
42.6585
42.6625
42.6637
42.665
42.6658
42.6662
42.6662
42.6658
42.665
42.6637
42.6625
42.6654
42.6665
42.6677
42.6683
42.6686
42.6686
42.6683
42.6677
42.6665
42.6654
42.6674
42.6683
42.6693
42.6697
42.67
42.67
42.6697
42.6693
42.6683
42.6674
42.6689
42.6695
42.6701
42.6703
42.6704
42.6704
42.6703
42.6701
42.6695
42.6689
42.6716
42.6703
42.6699
42.6696
42.6694
42.6694
42.6696
42.6699
42.6703
42.6716
39.2371
39.2372
39.2373
39.2373
39.2373
39.2373
39.2373
39.2373
39.2372
39.2371
39.2392
39.2394
39.2396
39.2397
39.2398
39.2398
39.2397
39.2396
39.2394
39.2392
39.2418
39.2422
39.2425
39.2427
39.2428
39.2428
39.2427
39.2425
39.2422
39.2418
39.2445
39.245
39.2454
39.2457
39.2458
39.2458
39.2457
39.2454
39.245
39.2445
39.247
39.2476
39.2481
39.2485
39.2486
39.2486
39.2485
39.2481
39.2476
39.247
39.2494
39.25
39.2506
39.2509
39.2511
39.2511
39.2509
39.2506
39.25
39.2494
39.2515
39.2522
39.2527
39.253
39.2532
39.2532
39.253
39.2527
39.2522
39.2515
39.2534
39.254
39.2546
39.2548
39.255
39.255
39.2548
39.2546
39.254
39.2534
39.2552
39.2557
39.2561
39.2563
39.2564
39.2564
39.2563
39.2561
39.2557
39.2552
39.2574
39.2572
39.2573
39.2572
39.2572
39.2572
39.2572
39.2573
39.2572
39.2574
35.8281
35.8282
35.8283
35.8284
35.8284
35.8284
35.8284
35.8283
35.8282
35.8281
35.8288
35.8289
35.8291
35.8292
35.8292
35.8292
35.8292
35.8291
35.8289
35.8288
35.8296
35.8298
35.83
35.8302
35.8302
35.8302
35.8302
35.83
35.8298
35.8296
35.8306
35.8309
35.8311
35.8313
35.8313
35.8313
35.8313
35.8311
35.8309
35.8306
35.8316
35.8319
35.8322
35.8324
35.8325
35.8325
35.8324
35.8322
35.8319
35.8316
35.8325
35.8329
35.8332
35.8334
35.8335
35.8335
35.8334
35.8332
35.8329
35.8325
35.8334
35.8338
35.8341
35.8343
35.8344
35.8344
35.8343
35.8341
35.8338
35.8334
35.8342
35.8346
35.8349
35.8351
35.8352
35.8352
35.8351
35.8349
35.8346
35.8342
35.835
35.8353
35.8356
35.8358
35.8358
35.8358
35.8358
35.8356
35.8353
35.835
35.8359
35.836
35.8361
35.8362
35.8362
35.8362
35.8362
35.8361
35.836
35.8359
32.4187
32.4187
32.4187
32.4187
32.4187
32.4187
32.4187
32.4187
32.4187
32.4187
32.4189
32.4189
32.419
32.419
32.419
32.419
32.419
32.419
32.4189
32.4189
32.4192
32.4193
32.4193
32.4194
32.4194
32.4194
32.4194
32.4193
32.4193
32.4192
32.4196
32.4197
32.4198
32.4199
32.4199
32.4199
32.4199
32.4198
32.4197
32.4196
32.4201
32.4202
32.4203
32.4204
32.4204
32.4204
32.4204
32.4203
32.4202
32.4201
32.4206
32.4208
32.4209
32.421
32.421
32.421
32.421
32.4209
32.4208
32.4206
32.4211
32.4213
32.4214
32.4215
32.4216
32.4216
32.4215
32.4214
32.4213
32.4211
32.4216
32.4218
32.422
32.4221
32.4221
32.4221
32.4221
32.422
32.4218
32.4216
32.4221
32.4223
32.4225
32.4226
32.4226
32.4226
32.4226
32.4225
32.4223
32.4221
32.4227
32.4228
32.4229
32.423
32.423
32.423
32.423
32.4229
32.4228
32.4227
29.007
29.007
29.007
29.007
29.007
29.007
29.007
29.007
29.007
29.007
29.007
29.007
29.007
29.007
29.0071
29.0071
29.007
29.007
29.007
29.007
29.0071
29.0071
29.0071
29.0072
29.0072
29.0072
29.0072
29.0071
29.0071
29.0071
29.0072
29.0072
29.0073
29.0073
29.0073
29.0073
29.0073
29.0073
29.0072
29.0072
29.0074
29.0074
29.0075
29.0075
29.0075
29.0075
29.0075
29.0075
29.0074
29.0074
29.0076
29.0076
29.0077
29.0077
29.0078
29.0078
29.0077
29.0077
29.0076
29.0076
29.0078
29.0078
29.0079
29.008
29.008
29.008
29.008
29.0079
29.0078
29.0078
29.008
29.0081
29.0081
29.0082
29.0082
29.0082
29.0082
29.0081
29.0081
29.008
29.0082
29.0083
29.0083
29.0084
29.0084
29.0084
29.0084
29.0083
29.0083
29.0082
29.0084
29.0085
29.0085
29.0086
29.0086
29.0086
29.0086
29.0085
29.0085
29.0084
25.5949
25.5949
25.5949
25.5949
25.5949
25.5949
25.5949
25.5949
25.5949
25.5949
25.5949
25.5949
25.5949
25.5949
25.5949
25.5949
25.5949
25.5949
25.5949
25.5949
25.5949
25.5949
25.5949
25.595
25.595
25.595
25.595
25.5949
25.5949
25.5949
25.595
25.595
25.595
25.595
25.595
25.595
25.595
25.595
25.595
25.595
25.5951
25.5951
25.5951
25.5951
25.5951
25.5951
25.5951
25.5951
25.5951
25.5951
25.5951
25.5952
25.5952
25.5952
25.5952
25.5952
25.5952
25.5952
25.5952
25.5951
25.5953
25.5953
25.5953
25.5953
25.5954
25.5954
25.5953
25.5953
25.5953
25.5953
25.5954
25.5954
25.5954
25.5955
25.5955
25.5955
25.5955
25.5954
25.5954
25.5954
25.5955
25.5955
25.5956
25.5956
25.5956
25.5956
25.5956
25.5956
25.5955
25.5955
25.5956
25.5956
25.5957
25.5957
25.5957
25.5957
25.5957
25.5957
25.5956
25.5956
22.1824
22.1824
22.1824
22.1824
22.1824
22.1824
22.1824
22.1824
22.1824
22.1824
22.1824
22.1824
22.1824
22.1824
22.1824
22.1824
22.1824
22.1824
22.1824
22.1824
22.1824
22.1824
22.1824
22.1824
22.1824
22.1824
22.1824
22.1824
22.1824
22.1824
22.1824
22.1824
22.1824
22.1824
22.1824
22.1824
22.1824
22.1824
22.1824
22.1824
22.1824
22.1824
22.1824
22.1824
22.1825
22.1825
22.1824
22.1824
22.1824
22.1824
22.1825
22.1825
22.1825
22.1825
22.1825
22.1825
22.1825
22.1825
22.1825
22.1825
22.1825
22.1825
22.1825
22.1825
22.1825
22.1825
22.1825
22.1825
22.1825
22.1825
22.1825
22.1826
22.1826
22.1826
22.1826
22.1826
22.1826
22.1826
22.1826
22.1825
22.1826
22.1826
22.1826
22.1826
22.1826
22.1826
22.1826
22.1826
22.1826
22.1826
22.1826
22.1826
22.1827
22.1827
22.1827
22.1827
22.1827
22.1827
22.1826
22.1826
18.7698
18.7698
18.7698
18.7698
18.7698
18.7698
18.7698
18.7698
18.7698
18.7698
18.7698
18.7698
18.7698
18.7698
18.7698
18.7698
18.7698
18.7698
18.7698
18.7698
18.7698
18.7698
18.7698
18.7698
18.7698
18.7698
18.7698
18.7698
18.7698
18.7698
18.7698
18.7698
18.7698
18.7698
18.7698
18.7698
18.7698
18.7698
18.7698
18.7698
18.7698
18.7698
18.7698
18.7698
18.7698
18.7698
18.7698
18.7698
18.7698
18.7698
18.7698
18.7698
18.7698
18.7698
18.7698
18.7698
18.7698
18.7698
18.7698
18.7698
18.7699
18.7699
18.7699
18.7699
18.7699
18.7699
18.7699
18.7699
18.7699
18.7699
18.7699
18.7699
18.7699
18.7699
18.7699
18.7699
18.7699
18.7699
18.7699
18.7699
18.7699
18.7699
18.7699
18.7699
18.7699
18.7699
18.7699
18.7699
18.7699
18.7699
18.7699
18.7699
18.7699
18.7699
18.7699
18.7699
18.7699
18.7699
18.7699
18.7699
15.3571
15.3571
15.3571
15.3571
15.3571
15.3571
15.3571
15.3571
15.3571
15.3571
15.3571
15.3571
15.3571
15.3571
15.3571
15.3571
15.3571
15.3571
15.3571
15.3571
15.3571
15.3571
15.3571
15.3571
15.3571
15.3571
15.3571
15.3571
15.3571
15.3571
15.3571
15.3571
15.3571
15.3571
15.3571
15.3571
15.3571
15.3571
15.3571
15.3571
15.3571
15.3571
15.3571
15.3571
15.3571
15.3571
15.3571
15.3571
15.3571
15.3571
15.3571
15.3571
15.3571
15.3571
15.3571
15.3571
15.3571
15.3571
15.3571
15.3571
15.3571
15.3571
15.3572
15.3572
15.3572
15.3572
15.3572
15.3572
15.3571
15.3571
15.3572
15.3572
15.3572
15.3572
15.3572
15.3572
15.3572
15.3572
15.3572
15.3572
15.3572
15.3572
15.3572
15.3572
15.3572
15.3572
15.3572
15.3572
15.3572
15.3572
15.3572
15.3572
15.3572
15.3572
15.3572
15.3572
15.3572
15.3572
15.3572
15.3572
11.9445
11.9445
11.9445
11.9445
11.9445
11.9445
11.9445
11.9445
11.9445
11.9445
11.9445
11.9445
11.9445
11.9445
11.9445
11.9445
11.9445
11.9445
11.9445
11.9445
11.9444
11.9444
11.9444
11.9444
11.9444
11.9444
11.9444
11.9444
11.9444
11.9444
11.9444
11.9444
11.9444
11.9444
11.9444
11.9444
11.9444
11.9444
11.9444
11.9444
11.9444
11.9444
11.9444
11.9445
11.9445
11.9445
11.9444
11.9444
11.9444
11.9444
11.9445
11.9445
11.9445
11.9445
11.9445
11.9445
11.9445
11.9445
11.9445
11.9445
11.9445
11.9445
11.9445
11.9445
11.9445
11.9445
11.9445
11.9445
11.9445
11.9445
11.9445
11.9445
11.9445
11.9445
11.9445
11.9445
11.9445
11.9445
11.9445
11.9445
11.9445
11.9445
11.9445
11.9445
11.9445
11.9445
11.9445
11.9445
11.9445
11.9445
11.9445
11.9445
11.9445
11.9445
11.9445
11.9445
11.9445
11.9445
11.9445
11.9445
8.53175
8.53175
8.53175
8.53175
8.53175
8.53175
8.53175
8.53175
8.53175
8.53175
8.53175
8.53175
8.53175
8.53175
8.53175
8.53175
8.53175
8.53175
8.53175
8.53175
8.53175
8.53175
8.53175
8.53175
8.53175
8.53175
8.53175
8.53175
8.53175
8.53175
8.53175
8.53175
8.53175
8.53175
8.53175
8.53175
8.53175
8.53175
8.53175
8.53175
8.53175
8.53175
8.53175
8.53175
8.53175
8.53175
8.53175
8.53175
8.53175
8.53175
8.53175
8.53175
8.53175
8.53175
8.53175
8.53175
8.53175
8.53175
8.53175
8.53175
8.53175
8.53175
8.53175
8.53175
8.53175
8.53175
8.53175
8.53175
8.53175
8.53175
8.53175
8.53175
8.53175
8.53175
8.53175
8.53175
8.53175
8.53175
8.53175
8.53175
8.53175
8.53175
8.53175
8.53175
8.53175
8.53175
8.53175
8.53175
8.53175
8.53175
8.53175
8.53175
8.53175
8.53175
8.53175
8.53175
8.53175
8.53175
8.53175
8.53175
5.11905
5.11905
5.11905
5.11905
5.11905
5.11905
5.11905
5.11905
5.11905
5.11905
5.11904
5.11904
5.11904
5.11904
5.11904
5.11904
5.11904
5.11904
5.11904
5.11904
5.11904
5.11904
5.11904
5.11904
5.11904
5.11904
5.11904
5.11904
5.11904
5.11904
5.11904
5.11904
5.11904
5.11904
5.11904
5.11904
5.11904
5.11904
5.11904
5.11904
5.11905
5.11905
5.11905
5.11905
5.11905
5.11905
5.11905
5.11905
5.11904
5.11904
5.11905
5.11905
5.11905
5.11905
5.11905
5.11905
5.11905
5.11905
5.11905
5.11904
5.11905
5.11905
5.11905
5.11905
5.11905
5.11905
5.11905
5.11905
5.11904
5.11904
5.11905
5.11905
5.11905
5.11905
5.11905
5.11905
5.11904
5.11904
5.11904
5.11904
5.11904
5.11904
5.11904
5.11904
5.11904
5.11904
5.11904
5.11904
5.11904
5.11904
5.11904
5.11904
5.11904
5.11904
5.11904
5.11904
5.11904
5.11904
5.11904
5.11904
1.70635
1.70635
1.70635
1.70635
1.70635
1.70635
1.70635
1.70635
1.70635
1.70635
1.70634
1.70635
1.70635
1.70635
1.70635
1.70635
1.70635
1.70635
1.70635
1.70634
1.70634
1.70634
1.70635
1.70635
1.70635
1.70635
1.70635
1.70635
1.70634
1.70634
1.70635
1.70635
1.70635
1.70635
1.70635
1.70635
1.70635
1.70635
1.70635
1.70635
1.70635
1.70635
1.70635
1.70635
1.70635
1.70635
1.70635
1.70635
1.70635
1.70635
1.70635
1.70635
1.70634
1.70634
1.70634
1.70634
1.70634
1.70634
1.70634
1.70635
1.70634
1.70634
1.70634
1.70634
1.70634
1.70634
1.70634
1.70634
1.70634
1.70634
1.70634
1.70634
1.70634
1.70634
1.70634
1.70634
1.70634
1.70634
1.70634
1.70634
1.70634
1.70634
1.70634
1.70634
1.70634
1.70634
1.70634
1.70634
1.70634
1.70634
1.70634
1.70634
1.70634
1.70634
1.70634
1.70634
1.70634
1.70634
1.70634
1.70634
101.904
101.322
100.957
100.689
100.551
100.551
100.689
100.957
101.322
101.904
92.7693
91.9197
91.3597
90.9638
90.7598
90.7598
90.9638
91.3596
91.9197
92.7693
85.1842
84.2064
83.5677
83.1228
82.8946
82.8946
83.1228
83.5677
84.2064
85.1842
79.9464
78.9419
78.2944
77.85
77.6222
77.6222
77.85
78.2944
78.9419
79.9463
76.0169
75.0203
74.381
73.951
73.7308
73.7308
73.951
74.381
75.0203
76.0169
72.8367
71.8678
71.2451
70.8366
70.6278
70.6278
70.8366
71.2451
71.8678
72.8366
70.2164
69.2965
68.7001
68.3194
68.1255
68.1255
68.3193
68.7001
69.2965
70.2164
68.0496
67.202
66.6443
66.2968
66.1207
66.1207
66.2968
66.6443
67.202
68.0496
66.2551
65.4962
64.99
64.6806
64.524
64.524
64.6806
64.99
65.4961
66.2551
64.8504
64.0953
63.6495
63.3785
63.2413
63.2413
63.3785
63.6495
64.0953
64.8504
65.8569
66.0293
66.2168
66.3433
66.4087
66.4087
66.3433
66.2168
66.0293
65.8569
66.267
66.3608
66.4865
66.5673
66.6086
66.6086
66.5673
66.4865
66.3608
66.2669
66.2293
66.2253
66.2767
66.3042
66.3179
66.3179
66.3042
66.2767
66.2253
66.2293
65.8075
65.7132
65.6964
65.6773
65.6668
65.6668
65.6773
65.6964
65.7132
65.8075
65.204
65.0359
64.9612
64.9047
64.8749
64.8749
64.9047
64.9612
65.0359
65.204
64.5273
64.3037
64.1824
64.0979
64.0539
64.0539
64.0979
64.1824
64.3037
64.5273
63.8319
63.573
63.4182
63.3157
63.2626
63.2626
63.3157
63.4182
63.573
63.8319
63.149
62.8786
62.7058
62.5949
62.5377
62.5377
62.5949
62.7058
62.8786
63.1489
62.5129
62.2475
62.0689
61.9571
61.8991
61.8991
61.957
62.0689
62.2474
62.5129
62.0233
61.6807
61.499
61.3874
61.3292
61.3292
61.3874
61.499
61.6806
62.0233
61.1439
61.1288
61.1298
61.1258
61.1241
61.1241
61.1258
61.1298
61.1288
61.1439
61.5427
61.525
61.5249
61.5191
61.516
61.516
61.5191
61.5249
61.525
61.5427
61.8698
61.8333
61.8213
61.8056
61.7971
61.7971
61.8056
61.8213
61.8333
61.8698
61.9125
61.8425
61.8083
61.7765
61.7596
61.7596
61.7765
61.8083
61.8425
61.9125
61.7605
61.6553
61.5967
61.5488
61.5235
61.5235
61.5488
61.5967
61.6553
61.7605
61.5073
61.3717
61.2907
61.2296
61.1974
61.1974
61.2296
61.2907
61.3717
61.5073
61.2012
61.0434
60.9443
60.8739
60.837
60.837
60.8739
60.9443
61.0434
61.2012
60.8688
60.7007
60.5904
60.5151
60.4758
60.4758
60.5151
60.5904
60.7007
60.8688
60.5416
60.3712
60.2541
60.1768
60.1364
60.1364
60.1768
60.2541
60.3712
60.5416
60.2907
60.0609
59.9351
59.8549
59.8132
59.8132
59.8549
59.9351
60.0609
60.2907
56.2838
56.3031
56.3276
56.3434
56.3517
56.3517
56.3434
56.3276
56.3031
56.2838
56.4843
56.5071
56.5353
56.5532
56.5626
56.5626
56.5532
56.5353
56.5071
56.4843
56.6521
56.6722
56.6997
56.7166
56.7254
56.7254
56.7166
56.6997
56.6722
56.6521
56.7291
56.7387
56.7591
56.7704
56.7764
56.7764
56.7704
56.7591
56.7387
56.7291
56.736
56.7311
56.7411
56.7449
56.7468
56.7468
56.7449
56.7411
56.7311
56.736
56.6958
56.6761
56.6745
56.6706
56.6684
56.6684
56.6706
56.6745
56.6761
56.6958
56.622
56.5895
56.5771
56.5665
56.5608
56.5608
56.5665
56.5771
56.5895
56.622
56.5242
56.4835
56.4628
56.4472
56.4387
56.4387
56.4472
56.4628
56.4835
56.5242
56.4194
56.373
56.3445
56.3244
56.3136
56.3136
56.3244
56.3445
56.373
56.4194
56.3496
56.263
56.222
56.1953
56.1811
56.1811
56.1952
56.222
56.263
56.3496
52.9029
52.9027
52.9043
52.9042
52.9042
52.9042
52.9042
52.9043
52.9026
52.9029
52.9949
52.998
53.0025
53.0044
53.0054
53.0054
53.0044
53.0025
52.998
52.9949
53.0881
53.0924
53.0984
53.1009
53.1022
53.1022
53.1009
53.0984
53.0924
53.0881
53.1503
53.1523
53.1571
53.1584
53.1589
53.1589
53.1584
53.1571
53.1523
53.1503
53.1832
53.1808
53.1826
53.1815
53.1809
53.1809
53.1815
53.1826
53.1808
53.1832
53.1936
53.1857
53.1836
53.1798
53.1777
53.1777
53.1798
53.1836
53.1857
53.1936
53.1861
53.173
53.1668
53.1605
53.1569
53.1569
53.1605
53.1668
53.173
53.1861
53.165
53.1482
53.1385
53.1301
53.1254
53.1254
53.1301
53.1385
53.1482
53.165
53.1389
53.1188
53.105
53.0943
53.0885
53.0885
53.0943
53.105
53.1188
53.1389
53.1273
53.0866
53.0658
53.0514
53.0438
53.0438
53.0514
53.0658
53.0866
53.1273
49.4118
49.4147
49.4182
49.4203
49.4213
49.4213
49.4203
49.4182
49.4147
49.4118
49.4489
49.4533
49.4583
49.4613
49.4629
49.4629
49.4613
49.4583
49.4533
49.4489
49.4862
49.4916
49.4976
49.5013
49.5033
49.5033
49.5013
49.4976
49.4916
49.4862
49.5137
49.5188
49.5248
49.5284
49.5303
49.5303
49.5284
49.5248
49.5188
49.5137
49.5315
49.5353
49.5405
49.5434
49.5449
49.5449
49.5434
49.5405
49.5353
49.5315
49.5409
49.5427
49.5465
49.5484
49.5492
49.5492
49.5483
49.5465
49.5427
49.5409
49.5428
49.5425
49.5447
49.5453
49.5455
49.5455
49.5453
49.5447
49.5425
49.5428
49.5384
49.5364
49.5369
49.5365
49.5361
49.5361
49.5365
49.5369
49.5364
49.5384
49.5314
49.5276
49.5259
49.524
49.5229
49.5229
49.524
49.5259
49.5276
49.5314
49.5312
49.5171
49.5111
49.5067
49.5044
49.5044
49.5067
49.511
49.5171
49.5312
46.0427
46.0429
46.0434
46.0435
46.0435
46.0435
46.0435
46.0434
46.0429
46.0427
46.0578
46.0588
46.0599
46.0605
46.0608
46.0608
46.0605
46.0599
46.0588
46.0578
46.0749
46.0767
46.0784
46.0793
46.0798
46.0798
46.0793
46.0784
46.0767
46.0749
46.0896
46.0916
46.0936
46.0946
46.0951
46.0951
46.0946
46.0936
46.0916
46.0896
46.1013
46.103
46.105
46.1059
46.1064
46.1064
46.1059
46.105
46.103
46.1012
46.11
46.1114
46.113
46.1137
46.114
46.114
46.1137
46.113
46.1114
46.11
46.116
46.1168
46.118
46.1183
46.1184
46.1184
46.1183
46.118
46.1168
46.116
46.1196
46.1199
46.1206
46.1205
46.1204
46.1204
46.1205
46.1206
46.1199
46.1196
46.1223
46.1219
46.1217
46.1211
46.1206
46.1206
46.121
46.1217
46.1219
46.1223
46.1277
46.1229
46.1208
46.1191
46.1182
46.1182
46.1191
46.1208
46.1229
46.1277
42.6361
42.6366
42.6372
42.6375
42.6377
42.6377
42.6375
42.6372
42.6366
42.6361
42.6417
42.6425
42.6433
42.6439
42.6441
42.6441
42.6439
42.6433
42.6425
42.6416
42.6479
42.6491
42.6502
42.6509
42.6513
42.6513
42.6509
42.6502
42.6491
42.6479
42.6536
42.6549
42.6563
42.6571
42.6575
42.6575
42.6571
42.6563
42.6549
42.6536
42.6585
42.6599
42.6612
42.6621
42.6625
42.6625
42.6621
42.6612
42.6599
42.6585
42.6625
42.6637
42.665
42.6658
42.6662
42.6662
42.6658
42.665
42.6637
42.6625
42.6654
42.6665
42.6677
42.6683
42.6686
42.6686
42.6683
42.6677
42.6665
42.6654
42.6674
42.6683
42.6693
42.6697
42.67
42.67
42.6697
42.6693
42.6683
42.6674
42.6689
42.6695
42.6701
42.6703
42.6704
42.6704
42.6703
42.6701
42.6695
42.6689
42.6716
42.6703
42.6699
42.6696
42.6694
42.6694
42.6696
42.6699
42.6703
42.6716
39.2371
39.2372
39.2373
39.2373
39.2373
39.2373
39.2373
39.2373
39.2372
39.2371
39.2392
39.2394
39.2396
39.2397
39.2398
39.2398
39.2397
39.2396
39.2394
39.2392
39.2418
39.2422
39.2425
39.2427
39.2428
39.2428
39.2427
39.2425
39.2422
39.2418
39.2445
39.245
39.2454
39.2457
39.2458
39.2458
39.2457
39.2454
39.245
39.2445
39.247
39.2476
39.2481
39.2485
39.2486
39.2486
39.2485
39.2481
39.2476
39.247
39.2494
39.25
39.2506
39.2509
39.2511
39.2511
39.2509
39.2506
39.25
39.2494
39.2515
39.2522
39.2527
39.253
39.2532
39.2532
39.253
39.2527
39.2522
39.2515
39.2534
39.254
39.2546
39.2548
39.255
39.255
39.2548
39.2546
39.254
39.2534
39.2552
39.2557
39.2561
39.2563
39.2564
39.2564
39.2563
39.2561
39.2557
39.2552
39.2574
39.2572
39.2573
39.2572
39.2572
39.2572
39.2572
39.2573
39.2572
39.2574
35.8281
35.8282
35.8283
35.8284
35.8284
35.8284
35.8284
35.8283
35.8282
35.8281
35.8288
35.8289
35.8291
35.8292
35.8292
35.8292
35.8292
35.8291
35.8289
35.8288
35.8296
35.8298
35.83
35.8302
35.8302
35.8302
35.8302
35.83
35.8298
35.8296
35.8306
35.8309
35.8311
35.8313
35.8313
35.8313
35.8313
35.8311
35.8309
35.8306
35.8316
35.8319
35.8322
35.8324
35.8325
35.8325
35.8324
35.8322
35.8319
35.8316
35.8325
35.8329
35.8332
35.8334
35.8335
35.8335
35.8334
35.8332
35.8329
35.8325
35.8334
35.8338
35.8341
35.8343
35.8344
35.8344
35.8343
35.8341
35.8338
35.8334
35.8342
35.8346
35.8349
35.8351
35.8352
35.8352
35.8351
35.8349
35.8346
35.8342
35.835
35.8353
35.8356
35.8358
35.8358
35.8358
35.8358
35.8356
35.8353
35.835
35.8359
35.836
35.8361
35.8362
35.8362
35.8362
35.8362
35.8361
35.836
35.8359
32.4187
32.4187
32.4187
32.4187
32.4187
32.4187
32.4187
32.4187
32.4187
32.4187
32.4189
32.4189
32.419
32.419
32.419
32.419
32.419
32.419
32.4189
32.4189
32.4192
32.4193
32.4193
32.4194
32.4194
32.4194
32.4194
32.4193
32.4193
32.4192
32.4196
32.4197
32.4198
32.4199
32.4199
32.4199
32.4199
32.4198
32.4197
32.4196
32.4201
32.4202
32.4203
32.4204
32.4204
32.4204
32.4204
32.4203
32.4202
32.4201
32.4206
32.4208
32.4209
32.421
32.421
32.421
32.421
32.4209
32.4208
32.4206
32.4211
32.4213
32.4214
32.4215
32.4216
32.4216
32.4215
32.4214
32.4213
32.4211
32.4216
32.4218
32.422
32.4221
32.4221
32.4221
32.4221
32.422
32.4218
32.4216
32.4221
32.4223
32.4225
32.4226
32.4226
32.4226
32.4226
32.4225
32.4223
32.4221
32.4227
32.4228
32.4229
32.423
32.423
32.423
32.423
32.4229
32.4228
32.4227
29.007
29.007
29.007
29.007
29.007
29.007
29.007
29.007
29.007
29.007
29.007
29.007
29.007
29.007
29.0071
29.0071
29.007
29.007
29.007
29.007
29.0071
29.0071
29.0071
29.0072
29.0072
29.0072
29.0072
29.0071
29.0071
29.0071
29.0072
29.0072
29.0073
29.0073
29.0073
29.0073
29.0073
29.0073
29.0072
29.0072
29.0074
29.0074
29.0075
29.0075
29.0075
29.0075
29.0075
29.0075
29.0074
29.0074
29.0076
29.0076
29.0077
29.0077
29.0078
29.0078
29.0077
29.0077
29.0076
29.0076
29.0078
29.0078
29.0079
29.008
29.008
29.008
29.008
29.0079
29.0078
29.0078
29.008
29.0081
29.0081
29.0082
29.0082
29.0082
29.0082
29.0081
29.0081
29.008
29.0082
29.0083
29.0083
29.0084
29.0084
29.0084
29.0084
29.0083
29.0083
29.0082
29.0084
29.0085
29.0085
29.0086
29.0086
29.0086
29.0086
29.0085
29.0085
29.0084
25.5949
25.5949
25.5949
25.5949
25.5949
25.5949
25.5949
25.5949
25.5949
25.5949
25.5949
25.5949
25.5949
25.5949
25.5949
25.5949
25.5949
25.5949
25.5949
25.5949
25.5949
25.5949
25.5949
25.595
25.595
25.595
25.595
25.5949
25.5949
25.5949
25.595
25.595
25.595
25.595
25.595
25.595
25.595
25.595
25.595
25.595
25.5951
25.5951
25.5951
25.5951
25.5951
25.5951
25.5951
25.5951
25.5951
25.5951
25.5951
25.5952
25.5952
25.5952
25.5952
25.5952
25.5952
25.5952
25.5952
25.5951
25.5953
25.5953
25.5953
25.5953
25.5954
25.5954
25.5953
25.5953
25.5953
25.5953
25.5954
25.5954
25.5954
25.5955
25.5955
25.5955
25.5955
25.5954
25.5954
25.5954
25.5955
25.5955
25.5956
25.5956
25.5956
25.5956
25.5956
25.5956
25.5955
25.5955
25.5956
25.5956
25.5957
25.5957
25.5957
25.5957
25.5957
25.5957
25.5956
25.5956
22.1824
22.1824
22.1824
22.1824
22.1824
22.1824
22.1824
22.1824
22.1824
22.1824
22.1824
22.1824
22.1824
22.1824
22.1824
22.1824
22.1824
22.1824
22.1824
22.1824
22.1824
22.1824
22.1824
22.1824
22.1824
22.1824
22.1824
22.1824
22.1824
22.1824
22.1824
22.1824
22.1824
22.1824
22.1824
22.1824
22.1824
22.1824
22.1824
22.1824
22.1824
22.1824
22.1824
22.1824
22.1825
22.1825
22.1824
22.1824
22.1824
22.1824
22.1825
22.1825
22.1825
22.1825
22.1825
22.1825
22.1825
22.1825
22.1825
22.1825
22.1825
22.1825
22.1825
22.1825
22.1825
22.1825
22.1825
22.1825
22.1825
22.1825
22.1825
22.1826
22.1826
22.1826
22.1826
22.1826
22.1826
22.1826
22.1826
22.1825
22.1826
22.1826
22.1826
22.1826
22.1826
22.1826
22.1826
22.1826
22.1826
22.1826
22.1826
22.1826
22.1827
22.1827
22.1827
22.1827
22.1827
22.1827
22.1826
22.1826
18.7698
18.7698
18.7698
18.7698
18.7698
18.7698
18.7698
18.7698
18.7698
18.7698
18.7698
18.7698
18.7698
18.7698
18.7698
18.7698
18.7698
18.7698
18.7698
18.7698
18.7698
18.7698
18.7698
18.7698
18.7698
18.7698
18.7698
18.7698
18.7698
18.7698
18.7698
18.7698
18.7698
18.7698
18.7698
18.7698
18.7698
18.7698
18.7698
18.7698
18.7698
18.7698
18.7698
18.7698
18.7698
18.7698
18.7698
18.7698
18.7698
18.7698
18.7698
18.7698
18.7698
18.7698
18.7698
18.7698
18.7698
18.7698
18.7698
18.7698
18.7699
18.7699
18.7699
18.7699
18.7699
18.7699
18.7699
18.7699
18.7699
18.7699
18.7699
18.7699
18.7699
18.7699
18.7699
18.7699
18.7699
18.7699
18.7699
18.7699
18.7699
18.7699
18.7699
18.7699
18.7699
18.7699
18.7699
18.7699
18.7699
18.7699
18.7699
18.7699
18.7699
18.7699
18.7699
18.7699
18.7699
18.7699
18.7699
18.7699
15.3571
15.3571
15.3571
15.3571
15.3571
15.3571
15.3571
15.3571
15.3571
15.3571
15.3571
15.3571
15.3571
15.3571
15.3571
15.3571
15.3571
15.3571
15.3571
15.3571
15.3571
15.3571
15.3571
15.3571
15.3571
15.3571
15.3571
15.3571
15.3571
15.3571
15.3571
15.3571
15.3571
15.3571
15.3571
15.3571
15.3571
15.3571
15.3571
15.3571
15.3571
15.3571
15.3571
15.3571
15.3571
15.3571
15.3571
15.3571
15.3571
15.3571
15.3571
15.3571
15.3571
15.3571
15.3571
15.3571
15.3571
15.3571
15.3571
15.3571
15.3571
15.3571
15.3572
15.3572
15.3572
15.3572
15.3572
15.3572
15.3571
15.3571
15.3572
15.3572
15.3572
15.3572
15.3572
15.3572
15.3572
15.3572
15.3572
15.3572
15.3572
15.3572
15.3572
15.3572
15.3572
15.3572
15.3572
15.3572
15.3572
15.3572
15.3572
15.3572
15.3572
15.3572
15.3572
15.3572
15.3572
15.3572
15.3572
15.3572
11.9445
11.9445
11.9445
11.9445
11.9445
11.9445
11.9445
11.9445
11.9445
11.9445
11.9445
11.9445
11.9445
11.9445
11.9445
11.9445
11.9445
11.9445
11.9445
11.9445
11.9444
11.9444
11.9444
11.9444
11.9444
11.9444
11.9444
11.9444
11.9444
11.9444
11.9444
11.9444
11.9444
11.9444
11.9444
11.9444
11.9444
11.9444
11.9444
11.9444
11.9444
11.9444
11.9444
11.9444
11.9445
11.9445
11.9445
11.9444
11.9444
11.9444
11.9445
11.9445
11.9445
11.9445
11.9445
11.9445
11.9445
11.9445
11.9445
11.9445
11.9445
11.9445
11.9445
11.9445
11.9445
11.9445
11.9445
11.9445
11.9445
11.9445
11.9445
11.9445
11.9445
11.9445
11.9445
11.9445
11.9445
11.9445
11.9445
11.9445
11.9445
11.9445
11.9445
11.9445
11.9445
11.9445
11.9445
11.9445
11.9445
11.9445
11.9445
11.9445
11.9445
11.9445
11.9445
11.9445
11.9445
11.9445
11.9445
11.9445
8.53175
8.53175
8.53175
8.53175
8.53175
8.53175
8.53175
8.53175
8.53175
8.53175
8.53175
8.53175
8.53175
8.53175
8.53175
8.53175
8.53175
8.53175
8.53175
8.53175
8.53175
8.53175
8.53175
8.53175
8.53175
8.53175
8.53175
8.53175
8.53175
8.53175
8.53175
8.53175
8.53175
8.53175
8.53175
8.53175
8.53175
8.53175
8.53175
8.53175
8.53175
8.53175
8.53175
8.53175
8.53175
8.53175
8.53175
8.53175
8.53175
8.53175
8.53175
8.53175
8.53175
8.53175
8.53175
8.53175
8.53175
8.53175
8.53175
8.53175
8.53175
8.53175
8.53175
8.53175
8.53175
8.53175
8.53175
8.53175
8.53175
8.53175
8.53175
8.53175
8.53175
8.53175
8.53175
8.53175
8.53175
8.53175
8.53175
8.53175
8.53175
8.53175
8.53175
8.53175
8.53175
8.53175
8.53175
8.53175
8.53175
8.53175
8.53175
8.53175
8.53175
8.53175
8.53175
8.53175
8.53175
8.53175
8.53175
8.53175
5.11905
5.11905
5.11905
5.11905
5.11905
5.11905
5.11905
5.11905
5.11905
5.11905
5.11904
5.11904
5.11904
5.11904
5.11904
5.11904
5.11904
5.11904
5.11904
5.11904
5.11904
5.11904
5.11904
5.11904
5.11904
5.11904
5.11904
5.11904
5.11904
5.11904
5.11904
5.11904
5.11904
5.11904
5.11904
5.11904
5.11904
5.11904
5.11904
5.11904
5.11904
5.11904
5.11905
5.11905
5.11905
5.11905
5.11905
5.11905
5.11905
5.11905
5.11904
5.11905
5.11905
5.11905
5.11905
5.11905
5.11905
5.11905
5.11905
5.11905
5.11904
5.11904
5.11905
5.11905
5.11905
5.11905
5.11905
5.11905
5.11905
5.11905
5.11904
5.11904
5.11904
5.11904
5.11904
5.11905
5.11905
5.11905
5.11905
5.11905
5.11904
5.11904
5.11904
5.11904
5.11904
5.11904
5.11904
5.11904
5.11904
5.11904
5.11904
5.11904
5.11904
5.11904
5.11904
5.11904
5.11904
5.11904
5.11904
5.11904
1.70635
1.70635
1.70635
1.70635
1.70635
1.70635
1.70635
1.70635
1.70635
1.70635
1.70634
1.70635
1.70635
1.70635
1.70635
1.70635
1.70635
1.70635
1.70635
1.70634
1.70634
1.70634
1.70635
1.70635
1.70635
1.70635
1.70635
1.70635
1.70634
1.70634
1.70635
1.70635
1.70635
1.70635
1.70635
1.70635
1.70635
1.70635
1.70635
1.70635
1.70635
1.70635
1.70635
1.70635
1.70635
1.70635
1.70635
1.70635
1.70635
1.70635
1.70635
1.70634
1.70634
1.70634
1.70634
1.70634
1.70634
1.70634
1.70635
1.70635
1.70634
1.70634
1.70634
1.70634
1.70634
1.70634
1.70634
1.70634
1.70634
1.70634
1.70634
1.70634
1.70634
1.70634
1.70634
1.70634
1.70634
1.70634
1.70634
1.70634
1.70634
1.70634
1.70634
1.70634
1.70634
1.70634
1.70634
1.70634
1.70634
1.70634
1.70634
1.70634
1.70634
1.70634
1.70634
1.70634
1.70634
1.70634
1.70634
1.70634
101.904
101.322
100.957
100.689
100.551
100.551
100.689
100.957
101.322
101.904
92.7693
91.9197
91.3596
90.9638
90.7598
90.7598
90.9638
91.3596
91.9197
92.7693
85.1842
84.2064
83.5677
83.1228
82.8946
82.8946
83.1228
83.5677
84.2064
85.1842
79.9463
78.9419
78.2944
77.85
77.6222
77.6222
77.85
78.2944
78.9419
79.9463
76.0169
75.0203
74.381
73.951
73.7308
73.7308
73.951
74.381
75.0203
76.0169
72.8366
71.8678
71.2451
70.8365
70.6278
70.6278
70.8365
71.2451
71.8678
72.8366
70.2164
69.2965
68.7001
68.3193
68.1255
68.1255
68.3193
68.7001
69.2965
70.2164
68.0496
67.202
66.6442
66.2968
66.1207
66.1207
66.2968
66.6442
67.202
68.0496
66.2551
65.4961
64.9899
64.6806
64.524
64.524
64.6806
64.9899
65.4961
66.2551
64.8504
64.0953
63.6494
63.3785
63.2413
63.2413
63.3785
63.6494
64.0952
64.8504
65.8569
66.0293
66.2167
66.3433
66.4087
66.4087
66.3432
66.2167
66.0293
65.8569
66.2669
66.3608
66.4865
66.5673
66.6086
66.6086
66.5673
66.4865
66.3608
66.2669
66.2293
66.2253
66.2767
66.3042
66.3179
66.3179
66.3042
66.2767
66.2253
66.2293
65.8075
65.7132
65.6964
65.6773
65.6668
65.6668
65.6773
65.6964
65.7132
65.8075
65.204
65.0359
64.9612
64.9047
64.8749
64.8749
64.9047
64.9612
65.0359
65.204
64.5273
64.3036
64.1824
64.0979
64.0539
64.0539
64.0979
64.1824
64.3036
64.5273
63.8319
63.573
63.4182
63.3156
63.2626
63.2626
63.3156
63.4182
63.573
63.8319
63.1489
62.8786
62.7057
62.5949
62.5377
62.5377
62.5949
62.7057
62.8786
63.1489
62.5129
62.2474
62.0689
61.957
61.8991
61.8991
61.957
62.0689
62.2474
62.5129
62.0233
61.6806
61.4989
61.3873
61.3292
61.3292
61.3873
61.4989
61.6806
62.0233
61.1439
61.1288
61.1298
61.1258
61.124
61.124
61.1258
61.1298
61.1288
61.1439
61.5427
61.525
61.5249
61.5191
61.516
61.516
61.5191
61.5249
61.525
61.5427
61.8698
61.8333
61.8213
61.8056
61.7971
61.7971
61.8056
61.8213
61.8333
61.8698
61.9125
61.8425
61.8083
61.7765
61.7596
61.7596
61.7765
61.8083
61.8425
61.9125
61.7605
61.6553
61.5966
61.5488
61.5235
61.5235
61.5488
61.5966
61.6553
61.7605
61.5073
61.3717
61.2907
61.2296
61.1974
61.1974
61.2296
61.2907
61.3717
61.5073
61.2012
61.0434
60.9443
60.8739
60.837
60.837
60.8739
60.9443
61.0434
61.2012
60.8688
60.7007
60.5904
60.5151
60.4757
60.4757
60.5151
60.5904
60.7007
60.8687
60.5416
60.3712
60.2541
60.1768
60.1364
60.1364
60.1768
60.2541
60.3712
60.5415
60.2907
60.0609
59.9351
59.8549
59.8132
59.8132
59.8549
59.9351
60.0609
60.2907
56.2838
56.3031
56.3276
56.3434
56.3517
56.3517
56.3434
56.3276
56.3031
56.2838
56.4843
56.5071
56.5353
56.5531
56.5626
56.5626
56.5531
56.5353
56.5071
56.4843
56.6521
56.6722
56.6997
56.7166
56.7254
56.7254
56.7166
56.6997
56.6722
56.6521
56.7291
56.7386
56.7591
56.7704
56.7764
56.7764
56.7704
56.7591
56.7386
56.7291
56.736
56.7311
56.7411
56.7449
56.7468
56.7468
56.7449
56.7411
56.7311
56.736
56.6958
56.6761
56.6745
56.6706
56.6684
56.6684
56.6706
56.6745
56.6761
56.6958
56.622
56.5895
56.5771
56.5665
56.5608
56.5608
56.5665
56.5771
56.5895
56.622
56.5242
56.4835
56.4628
56.4471
56.4387
56.4387
56.4471
56.4628
56.4835
56.5242
56.4194
56.373
56.3445
56.3244
56.3136
56.3136
56.3244
56.3445
56.3729
56.4194
56.3496
56.263
56.222
56.1952
56.1811
56.1811
56.1952
56.222
56.263
56.3496
52.9029
52.9026
52.9043
52.9042
52.9042
52.9042
52.9042
52.9043
52.9026
52.9029
52.9949
52.998
53.0025
53.0044
53.0054
53.0054
53.0044
53.0025
52.998
52.9949
53.0881
53.0924
53.0984
53.1009
53.1022
53.1022
53.1009
53.0984
53.0924
53.0881
53.1503
53.1523
53.157
53.1583
53.1589
53.1589
53.1583
53.157
53.1523
53.1502
53.1832
53.1808
53.1826
53.1815
53.1808
53.1808
53.1815
53.1826
53.1808
53.1832
53.1936
53.1857
53.1836
53.1798
53.1777
53.1777
53.1798
53.1836
53.1857
53.1936
53.1861
53.173
53.1668
53.1605
53.1569
53.1569
53.1605
53.1668
53.173
53.1861
53.165
53.1482
53.1385
53.1301
53.1254
53.1254
53.1301
53.1385
53.1482
53.165
53.1389
53.1188
53.105
53.0943
53.0885
53.0885
53.0943
53.105
53.1188
53.1389
53.1273
53.0866
53.0658
53.0514
53.0438
53.0438
53.0514
53.0658
53.0866
53.1273
49.4118
49.4147
49.4182
49.4203
49.4213
49.4213
49.4203
49.4182
49.4147
49.4118
49.4489
49.4533
49.4583
49.4613
49.4629
49.4629
49.4613
49.4583
49.4533
49.4489
49.4862
49.4916
49.4976
49.5013
49.5033
49.5033
49.5013
49.4976
49.4916
49.4862
49.5137
49.5188
49.5248
49.5284
49.5303
49.5303
49.5284
49.5248
49.5188
49.5137
49.5315
49.5353
49.5405
49.5434
49.5449
49.5449
49.5434
49.5405
49.5353
49.5315
49.5409
49.5427
49.5465
49.5483
49.5492
49.5492
49.5483
49.5465
49.5427
49.5409
49.5428
49.5425
49.5447
49.5453
49.5455
49.5455
49.5453
49.5447
49.5425
49.5428
49.5384
49.5364
49.5369
49.5364
49.5361
49.5361
49.5364
49.5369
49.5364
49.5384
49.5314
49.5276
49.5259
49.524
49.5229
49.5229
49.524
49.5259
49.5276
49.5314
49.5312
49.5171
49.511
49.5067
49.5044
49.5044
49.5067
49.511
49.5171
49.5312
46.0426
46.0429
46.0434
46.0435
46.0435
46.0435
46.0435
46.0434
46.0429
46.0426
46.0578
46.0588
46.0599
46.0605
46.0608
46.0608
46.0605
46.0599
46.0588
46.0578
46.0749
46.0767
46.0784
46.0793
46.0798
46.0798
46.0793
46.0784
46.0767
46.0749
46.0896
46.0916
46.0936
46.0946
46.0951
46.0951
46.0946
46.0936
46.0916
46.0896
46.1012
46.103
46.105
46.1059
46.1064
46.1064
46.1059
46.105
46.103
46.1012
46.11
46.1114
46.113
46.1137
46.114
46.114
46.1137
46.113
46.1114
46.11
46.116
46.1168
46.118
46.1183
46.1184
46.1184
46.1183
46.118
46.1168
46.116
46.1196
46.1199
46.1206
46.1205
46.1204
46.1204
46.1205
46.1206
46.1199
46.1196
46.1223
46.1219
46.1217
46.121
46.1206
46.1206
46.121
46.1217
46.1219
46.1223
46.1277
46.1229
46.1208
46.1191
46.1182
46.1182
46.1191
46.1207
46.1229
46.1277
42.6361
42.6366
42.6372
42.6375
42.6377
42.6377
42.6375
42.6372
42.6366
42.6361
42.6416
42.6425
42.6433
42.6439
42.6441
42.6441
42.6439
42.6433
42.6425
42.6416
42.6479
42.6491
42.6502
42.6509
42.6513
42.6513
42.6509
42.6502
42.6491
42.6479
42.6536
42.6549
42.6563
42.6571
42.6575
42.6575
42.6571
42.6563
42.6549
42.6536
42.6585
42.6599
42.6612
42.6621
42.6625
42.6625
42.6621
42.6612
42.6599
42.6585
42.6625
42.6637
42.665
42.6658
42.6662
42.6662
42.6658
42.665
42.6637
42.6625
42.6654
42.6665
42.6677
42.6683
42.6686
42.6686
42.6683
42.6677
42.6665
42.6654
42.6674
42.6683
42.6693
42.6697
42.67
42.67
42.6697
42.6693
42.6683
42.6674
42.6689
42.6695
42.6701
42.6703
42.6704
42.6704
42.6703
42.6701
42.6695
42.6689
42.6716
42.6703
42.6699
42.6696
42.6694
42.6694
42.6696
42.6699
42.6703
42.6716
39.2371
39.2372
39.2373
39.2373
39.2373
39.2373
39.2373
39.2373
39.2372
39.2371
39.2392
39.2394
39.2396
39.2397
39.2398
39.2398
39.2397
39.2396
39.2394
39.2392
39.2418
39.2422
39.2425
39.2427
39.2428
39.2428
39.2427
39.2425
39.2422
39.2418
39.2445
39.245
39.2454
39.2457
39.2458
39.2458
39.2457
39.2454
39.245
39.2445
39.247
39.2476
39.2481
39.2485
39.2486
39.2486
39.2485
39.2481
39.2476
39.247
39.2494
39.25
39.2506
39.2509
39.2511
39.2511
39.2509
39.2506
39.25
39.2494
39.2515
39.2522
39.2527
39.253
39.2532
39.2532
39.253
39.2527
39.2522
39.2515
39.2534
39.254
39.2546
39.2548
39.255
39.255
39.2548
39.2546
39.254
39.2534
39.2552
39.2557
39.2561
39.2563
39.2564
39.2564
39.2563
39.2561
39.2557
39.2552
39.2574
39.2572
39.2573
39.2572
39.2572
39.2572
39.2572
39.2573
39.2572
39.2574
35.8281
35.8282
35.8283
35.8284
35.8284
35.8284
35.8284
35.8283
35.8282
35.8281
35.8288
35.8289
35.8291
35.8292
35.8292
35.8292
35.8292
35.8291
35.8289
35.8288
35.8296
35.8298
35.83
35.8302
35.8302
35.8302
35.8302
35.83
35.8298
35.8296
35.8306
35.8309
35.8311
35.8313
35.8313
35.8313
35.8313
35.8311
35.8309
35.8306
35.8316
35.8319
35.8322
35.8324
35.8325
35.8325
35.8324
35.8322
35.8319
35.8316
35.8325
35.8329
35.8332
35.8334
35.8335
35.8335
35.8334
35.8332
35.8329
35.8325
35.8334
35.8338
35.8341
35.8343
35.8344
35.8344
35.8343
35.8341
35.8338
35.8334
35.8342
35.8346
35.8349
35.8351
35.8352
35.8352
35.8351
35.8349
35.8346
35.8342
35.835
35.8353
35.8356
35.8358
35.8358
35.8358
35.8358
35.8356
35.8353
35.835
35.8359
35.836
35.8361
35.8362
35.8362
35.8362
35.8362
35.8361
35.836
35.8359
32.4187
32.4187
32.4187
32.4187
32.4187
32.4187
32.4187
32.4187
32.4187
32.4187
32.4189
32.4189
32.419
32.419
32.419
32.419
32.419
32.419
32.4189
32.4189
32.4192
32.4193
32.4193
32.4194
32.4194
32.4194
32.4194
32.4193
32.4193
32.4192
32.4196
32.4197
32.4198
32.4199
32.4199
32.4199
32.4199
32.4198
32.4197
32.4196
32.4201
32.4202
32.4203
32.4204
32.4204
32.4204
32.4204
32.4203
32.4202
32.4201
32.4206
32.4208
32.4209
32.421
32.421
32.421
32.421
32.4209
32.4208
32.4206
32.4211
32.4213
32.4214
32.4215
32.4216
32.4216
32.4215
32.4214
32.4213
32.4211
32.4216
32.4218
32.422
32.4221
32.4221
32.4221
32.4221
32.422
32.4218
32.4216
32.4221
32.4223
32.4225
32.4226
32.4226
32.4226
32.4226
32.4225
32.4223
32.4221
32.4227
32.4228
32.4229
32.423
32.423
32.423
32.423
32.4229
32.4228
32.4227
29.007
29.007
29.007
29.007
29.007
29.007
29.007
29.007
29.007
29.007
29.007
29.007
29.007
29.007
29.0071
29.0071
29.007
29.007
29.007
29.007
29.0071
29.0071
29.0071
29.0072
29.0072
29.0072
29.0072
29.0071
29.0071
29.0071
29.0072
29.0072
29.0073
29.0073
29.0073
29.0073
29.0073
29.0073
29.0072
29.0072
29.0074
29.0074
29.0075
29.0075
29.0075
29.0075
29.0075
29.0075
29.0074
29.0074
29.0076
29.0076
29.0077
29.0077
29.0078
29.0078
29.0077
29.0077
29.0076
29.0076
29.0078
29.0078
29.0079
29.008
29.008
29.008
29.008
29.0079
29.0078
29.0077
29.008
29.0081
29.0081
29.0082
29.0082
29.0082
29.0082
29.0081
29.0081
29.008
29.0082
29.0083
29.0083
29.0084
29.0084
29.0084
29.0084
29.0083
29.0083
29.0082
29.0084
29.0085
29.0085
29.0086
29.0086
29.0086
29.0086
29.0085
29.0085
29.0084
25.5949
25.5949
25.5949
25.5949
25.5949
25.5949
25.5949
25.5949
25.5949
25.5949
25.5949
25.5949
25.5949
25.5949
25.5949
25.5949
25.5949
25.5949
25.5949
25.5949
25.5949
25.5949
25.5949
25.595
25.595
25.595
25.595
25.5949
25.5949
25.5949
25.595
25.595
25.595
25.595
25.595
25.595
25.595
25.595
25.595
25.595
25.5951
25.5951
25.5951
25.5951
25.5951
25.5951
25.5951
25.5951
25.5951
25.5951
25.5951
25.5952
25.5952
25.5952
25.5952
25.5952
25.5952
25.5952
25.5952
25.5951
25.5953
25.5953
25.5953
25.5953
25.5954
25.5954
25.5953
25.5953
25.5953
25.5953
25.5954
25.5954
25.5954
25.5955
25.5955
25.5955
25.5955
25.5954
25.5954
25.5954
25.5955
25.5955
25.5956
25.5956
25.5956
25.5956
25.5956
25.5956
25.5955
25.5955
25.5956
25.5956
25.5957
25.5957
25.5957
25.5957
25.5957
25.5957
25.5956
25.5956
22.1824
22.1824
22.1824
22.1824
22.1824
22.1824
22.1824
22.1824
22.1824
22.1824
22.1824
22.1824
22.1824
22.1824
22.1824
22.1824
22.1824
22.1824
22.1824
22.1824
22.1824
22.1824
22.1824
22.1824
22.1824
22.1824
22.1824
22.1824
22.1824
22.1824
22.1824
22.1824
22.1824
22.1824
22.1824
22.1824
22.1824
22.1824
22.1824
22.1824
22.1824
22.1824
22.1824
22.1824
22.1825
22.1825
22.1824
22.1824
22.1824
22.1824
22.1825
22.1825
22.1825
22.1825
22.1825
22.1825
22.1825
22.1825
22.1825
22.1825
22.1825
22.1825
22.1825
22.1825
22.1825
22.1825
22.1825
22.1825
22.1825
22.1825
22.1825
22.1826
22.1826
22.1826
22.1826
22.1826
22.1826
22.1826
22.1826
22.1825
22.1826
22.1826
22.1826
22.1826
22.1826
22.1826
22.1826
22.1826
22.1826
22.1826
22.1826
22.1826
22.1827
22.1827
22.1827
22.1827
22.1827
22.1827
22.1826
22.1826
18.7698
18.7698
18.7698
18.7698
18.7698
18.7698
18.7698
18.7698
18.7698
18.7698
18.7698
18.7698
18.7698
18.7698
18.7698
18.7698
18.7698
18.7698
18.7698
18.7698
18.7698
18.7698
18.7698
18.7698
18.7698
18.7698
18.7698
18.7698
18.7698
18.7698
18.7698
18.7698
18.7698
18.7698
18.7698
18.7698
18.7698
18.7698
18.7698
18.7698
18.7698
18.7698
18.7698
18.7698
18.7698
18.7698
18.7698
18.7698
18.7698
18.7698
18.7698
18.7698
18.7698
18.7698
18.7698
18.7698
18.7698
18.7698
18.7698
18.7698
18.7699
18.7699
18.7699
18.7699
18.7699
18.7699
18.7699
18.7699
18.7699
18.7699
18.7699
18.7699
18.7699
18.7699
18.7699
18.7699
18.7699
18.7699
18.7699
18.7699
18.7699
18.7699
18.7699
18.7699
18.7699
18.7699
18.7699
18.7699
18.7699
18.7699
18.7699
18.7699
18.7699
18.7699
18.7699
18.7699
18.7699
18.7699
18.7699
18.7699
15.3571
15.3571
15.3571
15.3571
15.3571
15.3571
15.3571
15.3571
15.3571
15.3571
15.3571
15.3571
15.3571
15.3571
15.3571
15.3571
15.3571
15.3571
15.3571
15.3571
15.3571
15.3571
15.3571
15.3571
15.3571
15.3571
15.3571
15.3571
15.3571
15.3571
15.3571
15.3571
15.3571
15.3571
15.3571
15.3571
15.3571
15.3571
15.3571
15.3571
15.3571
15.3571
15.3571
15.3571
15.3571
15.3571
15.3571
15.3571
15.3571
15.3571
15.3571
15.3571
15.3571
15.3571
15.3571
15.3571
15.3571
15.3571
15.3571
15.3571
15.3571
15.3571
15.3572
15.3572
15.3572
15.3572
15.3572
15.3572
15.3571
15.3571
15.3572
15.3572
15.3572
15.3572
15.3572
15.3572
15.3572
15.3572
15.3572
15.3572
15.3572
15.3572
15.3572
15.3572
15.3572
15.3572
15.3572
15.3572
15.3572
15.3572
15.3572
15.3572
15.3572
15.3572
15.3572
15.3572
15.3572
15.3572
15.3572
15.3572
11.9445
11.9445
11.9445
11.9445
11.9445
11.9445
11.9445
11.9445
11.9445
11.9445
11.9445
11.9445
11.9445
11.9445
11.9445
11.9445
11.9445
11.9445
11.9445
11.9445
11.9444
11.9444
11.9444
11.9444
11.9444
11.9444
11.9444
11.9444
11.9444
11.9444
11.9444
11.9444
11.9444
11.9444
11.9444
11.9444
11.9444
11.9444
11.9444
11.9444
11.9444
11.9444
11.9445
11.9445
11.9445
11.9445
11.9445
11.9445
11.9444
11.9444
11.9445
11.9445
11.9445
11.9445
11.9445
11.9445
11.9445
11.9445
11.9445
11.9445
11.9445
11.9445
11.9445
11.9445
11.9445
11.9445
11.9445
11.9445
11.9445
11.9445
11.9445
11.9445
11.9445
11.9445
11.9445
11.9445
11.9445
11.9445
11.9445
11.9445
11.9445
11.9445
11.9445
11.9445
11.9445
11.9445
11.9445
11.9445
11.9445
11.9445
11.9445
11.9445
11.9445
11.9445
11.9445
11.9445
11.9445
11.9445
11.9445
11.9445
8.53175
8.53175
8.53175
8.53175
8.53175
8.53175
8.53175
8.53175
8.53175
8.53175
8.53175
8.53175
8.53175
8.53175
8.53175
8.53175
8.53175
8.53175
8.53175
8.53175
8.53175
8.53175
8.53175
8.53175
8.53175
8.53175
8.53175
8.53175
8.53175
8.53175
8.53175
8.53175
8.53175
8.53175
8.53175
8.53175
8.53175
8.53175
8.53175
8.53175
8.53175
8.53175
8.53175
8.53175
8.53175
8.53175
8.53175
8.53175
8.53175
8.53175
8.53175
8.53175
8.53175
8.53175
8.53175
8.53175
8.53175
8.53175
8.53175
8.53175
8.53175
8.53175
8.53175
8.53175
8.53175
8.53175
8.53175
8.53175
8.53175
8.53175
8.53175
8.53175
8.53175
8.53175
8.53175
8.53175
8.53175
8.53175
8.53175
8.53175
8.53175
8.53175
8.53175
8.53175
8.53175
8.53175
8.53175
8.53175
8.53175
8.53175
8.53175
8.53175
8.53175
8.53175
8.53175
8.53175
8.53175
8.53175
8.53175
8.53175
5.11905
5.11905
5.11905
5.11905
5.11905
5.11905
5.11905
5.11905
5.11905
5.11905
5.11904
5.11904
5.11904
5.11904
5.11904
5.11904
5.11904
5.11904
5.11904
5.11904
5.11904
5.11904
5.11904
5.11904
5.11904
5.11904
5.11904
5.11904
5.11904
5.11904
5.11904
5.11904
5.11904
5.11904
5.11905
5.11905
5.11905
5.11904
5.11904
5.11904
5.11905
5.11905
5.11905
5.11905
5.11905
5.11905
5.11905
5.11905
5.11905
5.11905
5.11905
5.11905
5.11905
5.11905
5.11905
5.11905
5.11905
5.11905
5.11905
5.11905
5.11905
5.11905
5.11905
5.11905
5.11905
5.11905
5.11905
5.11905
5.11905
5.11905
5.11905
5.11905
5.11905
5.11905
5.11905
5.11905
5.11905
5.11905
5.11905
5.11905
5.11904
5.11904
5.11904
5.11905
5.11905
5.11905
5.11905
5.11905
5.11905
5.11905
5.11904
5.11904
5.11904
5.11904
5.11904
5.11904
5.11904
5.11904
5.11904
5.11904
1.70635
1.70635
1.70635
1.70635
1.70635
1.70635
1.70635
1.70635
1.70635
1.70635
1.70634
1.70635
1.70635
1.70635
1.70635
1.70635
1.70635
1.70635
1.70635
1.70635
1.70634
1.70635
1.70635
1.70635
1.70635
1.70635
1.70635
1.70635
1.70635
1.70635
1.70635
1.70635
1.70635
1.70635
1.70635
1.70635
1.70635
1.70635
1.70635
1.70635
1.70635
1.70635
1.70635
1.70635
1.70635
1.70635
1.70635
1.70635
1.70635
1.70635
1.70635
1.70635
1.70634
1.70634
1.70634
1.70634
1.70635
1.70635
1.70635
1.70635
1.70634
1.70634
1.70634
1.70634
1.70634
1.70634
1.70634
1.70634
1.70634
1.70634
1.70634
1.70634
1.70634
1.70634
1.70634
1.70634
1.70634
1.70634
1.70634
1.70634
1.70634
1.70634
1.70634
1.70634
1.70634
1.70634
1.70634
1.70634
1.70634
1.70634
1.70634
1.70634
1.70634
1.70634
1.70634
1.70634
1.70634
1.70634
1.70634
1.70634
63.8547
63.1729
62.7411
62.4665
62.3303
62.3303
62.4665
62.7411
63.1729
63.8547
63.1729
62.5906
62.1527
61.8608
61.7161
61.7161
61.8608
62.1527
62.5906
63.1729
62.7411
62.1527
61.6965
61.3927
61.2428
61.2428
61.3927
61.6965
62.1527
62.7411
62.4665
61.8608
61.3927
61.0833
60.9311
60.9311
61.0833
61.3927
61.8608
62.4665
62.3303
61.7161
61.2428
60.9311
60.7779
60.7779
60.9311
61.2428
61.7161
62.3303
62.3303
61.7161
61.2428
60.9311
60.7779
60.7779
60.9311
61.2428
61.7161
62.3303
62.4665
61.8608
61.3927
61.0833
60.9311
60.9311
61.0833
61.3927
61.8608
62.4665
62.7411
62.1527
61.6965
61.3927
61.2428
61.2428
61.3927
61.6965
62.1527
62.7411
63.1729
62.5906
62.1527
61.8608
61.7161
61.7161
61.8608
62.1527
62.5906
63.1729
63.8547
63.1729
62.7411
62.4665
62.3303
62.3303
62.4665
62.7411
63.1729
63.8547
61.5181
61.2401
61.074
60.9648
60.9093
60.9093
60.9648
61.074
61.2401
61.5181
61.2401
61.0177
60.8308
60.7008
60.6357
60.6358
60.7008
60.8308
61.0177
61.2401
61.074
60.8308
60.6212
60.4776
60.4066
60.4066
60.4776
60.6212
60.8308
61.074
60.9648
60.7008
60.4776
60.3268
60.2526
60.2526
60.3268
60.4776
60.7008
60.9648
60.9093
60.6357
60.4066
60.2526
60.1768
60.1768
60.2526
60.4067
60.6358
60.9093
60.9093
60.6358
60.4066
60.2526
60.1768
60.1768
60.2526
60.4067
60.6358
60.9093
60.9648
60.7008
60.4776
60.3268
60.2526
60.2526
60.3268
60.4776
60.7008
60.9648
61.074
60.8308
60.6212
60.4776
60.4067
60.4067
60.4776
60.6212
60.8308
61.074
61.2401
61.0177
60.8308
60.7008
60.6358
60.6358
60.7008
60.8308
61.0178
61.2401
61.5181
61.2401
61.074
60.9648
60.9093
60.9093
60.9648
61.074
61.2401
61.5181
59.9151
59.7604
59.6643
59.5978
59.5635
59.5635
59.5978
59.6643
59.7604
59.9152
59.7604
59.635
59.5198
59.4368
59.3949
59.3949
59.4368
59.5198
59.6351
59.7604
59.6643
59.5198
59.3861
59.2927
59.2462
59.2462
59.2927
59.3861
59.5198
59.6643
59.5978
59.4368
59.2927
59.1939
59.145
59.145
59.1939
59.2927
59.4368
59.5978
59.5635
59.3949
59.2462
59.145
59.095
59.095
59.145
59.2462
59.3949
59.5635
59.5635
59.3949
59.2462
59.145
59.095
59.095
59.145
59.2462
59.3949
59.5635
59.5978
59.4368
59.2927
59.1939
59.145
59.145
59.1939
59.2927
59.4368
59.5978
59.6643
59.5198
59.3861
59.2927
59.2462
59.2462
59.2927
59.3861
59.5198
59.6643
59.7604
59.6351
59.5198
59.4368
59.3949
59.3949
59.4368
59.5198
59.6351
59.7604
59.9152
59.7604
59.6643
59.5978
59.5635
59.5635
59.5978
59.6643
59.7604
59.9152
56.1629
56.124
56.1018
56.0843
56.0749
56.0749
56.0843
56.1018
56.124
56.1629
56.124
56.0933
56.0562
56.0275
56.0129
56.0129
56.0275
56.0562
56.0933
56.124
56.1018
56.0562
56.0074
55.9722
55.9548
55.9548
55.9722
56.0074
56.0562
56.1018
56.0843
56.0275
55.9722
55.9338
55.9149
55.9149
55.9338
55.9722
56.0275
56.0843
56.0749
56.0129
55.9548
55.9149
55.8952
55.8952
55.9149
55.9548
56.0129
56.0749
56.0749
56.0129
55.9548
55.9149
55.8952
55.8952
55.9149
55.9548
56.0129
56.0749
56.0843
56.0275
55.9722
55.9338
55.9149
55.9149
55.9338
55.9722
56.0275
56.0843
56.1018
56.0562
56.0074
55.9722
55.9548
55.9548
55.9722
56.0074
56.0562
56.1018
56.124
56.0933
56.0562
56.0275
56.0129
56.0129
56.0275
56.0562
56.0933
56.124
56.1629
56.124
56.1018
56.0843
56.0749
56.0749
56.0843
56.1018
56.124
56.1629
53.0318
53.0215
53.0151
53.0087
53.0052
53.0052
53.0087
53.0151
53.0215
53.0318
53.0215
53.0142
53
52.988
52.9819
52.9819
52.988
53
53.0142
53.0215
53.0151
53
52.9798
52.9646
52.9571
52.9571
52.9646
52.9798
53
53.0151
53.0087
52.988
52.9646
52.9479
52.9396
52.9396
52.9479
52.9646
52.988
53.0087
53.0052
52.9819
52.9571
52.9396
52.9309
52.9309
52.9396
52.9571
52.9819
53.0052
53.0052
52.9819
52.9571
52.9396
52.9309
52.9309
52.9396
52.9571
52.9819
53.0052
53.0087
52.988
52.9646
52.9479
52.9396
52.9396
52.9479
52.9646
52.988
53.0087
53.0151
53
52.9798
52.9646
52.9571
52.9571
52.9646
52.9798
53
53.0151
53.0215
53.0142
53
52.988
52.9819
52.9819
52.988
53
53.0142
53.0215
53.0318
53.0215
53.0151
53.0087
53.0052
53.0052
53.0087
53.0151
53.0215
53.0318
49.4866
49.4875
49.4883
49.4879
49.4876
49.4876
49.4879
49.4883
49.4875
49.4866
49.4875
49.4883
49.4848
49.4813
49.4796
49.4796
49.4813
49.4848
49.4883
49.4875
49.4883
49.4848
49.4783
49.4732
49.4706
49.4706
49.4732
49.4783
49.4848
49.4883
49.4879
49.4813
49.4732
49.4673
49.4644
49.4644
49.4673
49.4732
49.4814
49.4879
49.4876
49.4796
49.4706
49.4644
49.4613
49.4613
49.4644
49.4707
49.4796
49.4876
49.4876
49.4796
49.4706
49.4644
49.4613
49.4613
49.4644
49.4707
49.4796
49.4876
49.4879
49.4813
49.4732
49.4673
49.4644
49.4644
49.4673
49.4732
49.4814
49.4879
49.4883
49.4848
49.4783
49.4732
49.4707
49.4707
49.4732
49.4783
49.4848
49.4883
49.4875
49.4883
49.4848
49.4814
49.4796
49.4796
49.4814
49.4848
49.4883
49.4875
49.4866
49.4875
49.4883
49.4879
49.4876
49.4876
49.4879
49.4883
49.4875
49.4866
46.1098
46.1125
46.1142
46.1148
46.1151
46.1151
46.1148
46.1142
46.1125
46.1098
46.1125
46.1151
46.115
46.1144
46.1141
46.1141
46.1144
46.115
46.1151
46.1125
46.1142
46.115
46.1137
46.1125
46.1119
46.1119
46.1125
46.1137
46.115
46.1142
46.1148
46.1144
46.1125
46.111
46.1103
46.1103
46.111
46.1125
46.1144
46.1148
46.1151
46.1141
46.1119
46.1103
46.1095
46.1095
46.1103
46.1119
46.1141
46.1151
46.1151
46.1141
46.1119
46.1103
46.1095
46.1095
46.1103
46.1119
46.1141
46.1151
46.1148
46.1144
46.1125
46.111
46.1103
46.1103
46.111
46.1125
46.1144
46.1148
46.1142
46.115
46.1137
46.1125
46.1119
46.1119
46.1125
46.1137
46.115
46.1142
46.1125
46.1151
46.115
46.1144
46.1141
46.1141
46.1144
46.115
46.1151
46.1125
46.1098
46.1125
46.1142
46.1148
46.1151
46.1151
46.1148
46.1142
46.1125
46.1098
42.664
42.6659
42.6671
42.6677
42.668
42.668
42.6677
42.6671
42.6659
42.664
42.6659
42.6675
42.6679
42.6679
42.6679
42.6679
42.6679
42.6679
42.6675
42.6659
42.6671
42.6679
42.6677
42.6674
42.6673
42.6673
42.6674
42.6677
42.6679
42.6671
42.6677
42.6679
42.6674
42.6671
42.6669
42.6669
42.6671
42.6674
42.6679
42.6677
42.668
42.6679
42.6673
42.6669
42.6667
42.6667
42.6669
42.6673
42.6679
42.668
42.668
42.6679
42.6673
42.6669
42.6667
42.6667
42.6669
42.6673
42.6679
42.668
42.6677
42.6679
42.6674
42.6671
42.6669
42.6669
42.6671
42.6674
42.6679
42.6677
42.6671
42.6679
42.6677
42.6674
42.6673
42.6673
42.6674
42.6677
42.6679
42.6671
42.6659
42.6675
42.6679
42.6679
42.6679
42.6679
42.6679
42.6679
42.6675
42.6659
42.664
42.6659
42.6671
42.6677
42.668
42.668
42.6677
42.6671
42.6659
42.664
39.255
39.2562
39.257
39.2575
39.2577
39.2577
39.2575
39.257
39.2562
39.255
39.2562
39.2574
39.2579
39.2582
39.2583
39.2583
39.2582
39.2579
39.2574
39.2562
39.257
39.2579
39.2582
39.2584
39.2585
39.2585
39.2584
39.2582
39.2579
39.257
39.2575
39.2582
39.2584
39.2586
39.2587
39.2587
39.2586
39.2584
39.2582
39.2575
39.2577
39.2583
39.2585
39.2587
39.2587
39.2587
39.2587
39.2585
39.2583
39.2577
39.2577
39.2583
39.2585
39.2587
39.2587
39.2587
39.2587
39.2585
39.2583
39.2577
39.2575
39.2582
39.2584
39.2586
39.2587
39.2587
39.2586
39.2584
39.2582
39.2575
39.257
39.2579
39.2582
39.2584
39.2585
39.2585
39.2584
39.2582
39.2579
39.257
39.2562
39.2574
39.2579
39.2582
39.2583
39.2583
39.2582
39.2579
39.2574
39.2562
39.255
39.2562
39.257
39.2575
39.2577
39.2577
39.2575
39.257
39.2562
39.255
35.835
35.8356
35.836
35.8363
35.8364
35.8364
35.8363
35.836
35.8356
35.835
35.8356
35.8362
35.8364
35.8366
35.8367
35.8367
35.8366
35.8364
35.8362
35.8356
35.836
35.8364
35.8366
35.8368
35.8368
35.8368
35.8368
35.8366
35.8364
35.836
35.8363
35.8366
35.8368
35.8369
35.8369
35.8369
35.8369
35.8368
35.8366
35.8363
35.8364
35.8367
35.8368
35.8369
35.837
35.837
35.8369
35.8368
35.8367
35.8364
35.8364
35.8367
35.8368
35.8369
35.837
35.837
35.8369
35.8368
35.8367
35.8364
35.8363
35.8366
35.8368
35.8369
35.8369
35.8369
35.8369
35.8368
35.8366
35.8363
35.836
35.8364
35.8366
35.8368
35.8368
35.8368
35.8368
35.8366
35.8364
35.836
35.8356
35.8362
35.8364
35.8366
35.8367
35.8367
35.8366
35.8364
35.8362
35.8356
35.835
35.8356
35.836
35.8363
35.8364
35.8364
35.8363
35.836
35.8356
35.835
32.4225
32.4229
32.4231
32.4232
32.4233
32.4233
32.4232
32.4231
32.4229
32.4225
32.4229
32.4232
32.4234
32.4235
32.4235
32.4235
32.4235
32.4234
32.4232
32.4229
32.4231
32.4234
32.4235
32.4236
32.4237
32.4237
32.4236
32.4235
32.4234
32.4231
32.4232
32.4235
32.4236
32.4238
32.4238
32.4238
32.4238
32.4236
32.4235
32.4232
32.4233
32.4235
32.4237
32.4238
32.4239
32.4239
32.4238
32.4237
32.4235
32.4233
32.4233
32.4235
32.4237
32.4238
32.4239
32.4239
32.4238
32.4237
32.4235
32.4233
32.4232
32.4235
32.4236
32.4238
32.4238
32.4238
32.4238
32.4236
32.4235
32.4232
32.4231
32.4234
32.4235
32.4236
32.4237
32.4237
32.4236
32.4235
32.4234
32.4231
32.4229
32.4232
32.4234
32.4235
32.4235
32.4235
32.4235
32.4234
32.4232
32.4229
32.4225
32.4229
32.4231
32.4232
32.4233
32.4233
32.4232
32.4231
32.4229
32.4225
29.0084
29.0085
29.0086
29.0087
29.0087
29.0087
29.0087
29.0086
29.0085
29.0084
29.0085
29.0086
29.0087
29.0088
29.0088
29.0088
29.0088
29.0087
29.0086
29.0085
29.0086
29.0087
29.0088
29.0089
29.0089
29.0089
29.0089
29.0088
29.0087
29.0086
29.0087
29.0088
29.0089
29.0089
29.0089
29.0089
29.0089
29.0089
29.0088
29.0087
29.0087
29.0088
29.0089
29.0089
29.009
29.009
29.0089
29.0089
29.0088
29.0087
29.0087
29.0088
29.0089
29.0089
29.009
29.009
29.0089
29.0089
29.0088
29.0087
29.0087
29.0088
29.0089
29.0089
29.0089
29.0089
29.0089
29.0089
29.0088
29.0087
29.0086
29.0087
29.0088
29.0089
29.0089
29.0089
29.0089
29.0088
29.0087
29.0086
29.0085
29.0086
29.0087
29.0088
29.0088
29.0088
29.0088
29.0087
29.0086
29.0085
29.0084
29.0085
29.0086
29.0087
29.0087
29.0087
29.0087
29.0086
29.0085
29.0084
25.5956
25.5957
25.5958
25.5958
25.5958
25.5958
25.5958
25.5958
25.5957
25.5956
25.5957
25.5958
25.5958
25.5959
25.5959
25.5959
25.5959
25.5958
25.5958
25.5957
25.5958
25.5958
25.5959
25.5959
25.5959
25.5959
25.5959
25.5959
25.5958
25.5958
25.5958
25.5959
25.5959
25.5959
25.596
25.596
25.5959
25.5959
25.5959
25.5958
25.5958
25.5959
25.5959
25.596
25.596
25.596
25.596
25.5959
25.5959
25.5958
25.5958
25.5959
25.5959
25.596
25.596
25.596
25.596
25.5959
25.5959
25.5958
25.5958
25.5959
25.5959
25.5959
25.596
25.596
25.5959
25.5959
25.5959
25.5958
25.5958
25.5958
25.5959
25.5959
25.5959
25.5959
25.5959
25.5959
25.5958
25.5958
25.5957
25.5958
25.5958
25.5959
25.5959
25.5959
25.5959
25.5958
25.5958
25.5957
25.5956
25.5957
25.5958
25.5958
25.5958
25.5958
25.5958
25.5958
25.5957
25.5956
22.1826
22.1827
22.1827
22.1827
22.1827
22.1827
22.1827
22.1827
22.1827
22.1826
22.1827
22.1827
22.1827
22.1827
22.1827
22.1827
22.1827
22.1827
22.1827
22.1827
22.1827
22.1827
22.1827
22.1828
22.1828
22.1828
22.1828
22.1827
22.1827
22.1827
22.1827
22.1827
22.1828
22.1828
22.1828
22.1828
22.1828
22.1828
22.1827
22.1827
22.1827
22.1827
22.1828
22.1828
22.1828
22.1828
22.1828
22.1828
22.1827
22.1827
22.1827
22.1827
22.1828
22.1828
22.1828
22.1828
22.1828
22.1828
22.1827
22.1827
22.1827
22.1827
22.1828
22.1828
22.1828
22.1828
22.1828
22.1828
22.1827
22.1827
22.1827
22.1827
22.1827
22.1828
22.1828
22.1828
22.1828
22.1827
22.1827
22.1827
22.1827
22.1827
22.1827
22.1827
22.1827
22.1827
22.1827
22.1827
22.1827
22.1827
22.1826
22.1827
22.1827
22.1827
22.1827
22.1827
22.1827
22.1827
22.1827
22.1826
18.7699
18.7699
18.77
18.77
18.77
18.77
18.77
18.77
18.7699
18.7699
18.7699
18.77
18.77
18.77
18.77
18.77
18.77
18.77
18.77
18.7699
18.77
18.77
18.77
18.77
18.77
18.77
18.77
18.77
18.77
18.77
18.77
18.77
18.77
18.77
18.77
18.77
18.77
18.77
18.77
18.77
18.77
18.77
18.77
18.77
18.77
18.77
18.77
18.77
18.77
18.77
18.77
18.77
18.77
18.77
18.77
18.77
18.77
18.77
18.77
18.77
18.77
18.77
18.77
18.77
18.77
18.77
18.77
18.77
18.77
18.77
18.77
18.77
18.77
18.77
18.77
18.77
18.77
18.77
18.77
18.77
18.7699
18.77
18.77
18.77
18.77
18.77
18.77
18.77
18.77
18.7699
18.7699
18.7699
18.77
18.77
18.77
18.77
18.77
18.77
18.7699
18.7699
15.3572
15.3572
15.3572
15.3572
15.3572
15.3572
15.3572
15.3572
15.3572
15.3572
15.3572
15.3572
15.3572
15.3572
15.3572
15.3572
15.3572
15.3572
15.3572
15.3572
15.3572
15.3572
15.3572
15.3572
15.3572
15.3572
15.3572
15.3572
15.3572
15.3572
15.3572
15.3572
15.3572
15.3572
15.3572
15.3572
15.3572
15.3572
15.3572
15.3572
15.3572
15.3572
15.3572
15.3572
15.3572
15.3572
15.3572
15.3572
15.3572
15.3572
15.3572
15.3572
15.3572
15.3572
15.3572
15.3572
15.3572
15.3572
15.3572
15.3572
15.3572
15.3572
15.3572
15.3572
15.3572
15.3572
15.3572
15.3572
15.3572
15.3572
15.3572
15.3572
15.3572
15.3572
15.3572
15.3572
15.3572
15.3572
15.3572
15.3572
15.3572
15.3572
15.3572
15.3572
15.3572
15.3572
15.3572
15.3572
15.3572
15.3572
15.3572
15.3572
15.3572
15.3572
15.3572
15.3572
15.3572
15.3572
15.3572
15.3572
11.9445
11.9445
11.9445
11.9445
11.9445
11.9445
11.9445
11.9445
11.9445
11.9445
11.9445
11.9445
11.9445
11.9445
11.9445
11.9445
11.9445
11.9445
11.9445
11.9445
11.9445
11.9445
11.9445
11.9445
11.9445
11.9445
11.9445
11.9445
11.9445
11.9445
11.9445
11.9445
11.9445
11.9445
11.9445
11.9445
11.9445
11.9445
11.9445
11.9445
11.9445
11.9445
11.9445
11.9445
11.9445
11.9445
11.9445
11.9445
11.9445
11.9445
11.9445
11.9445
11.9445
11.9445
11.9445
11.9445
11.9445
11.9445
11.9445
11.9445
11.9445
11.9445
11.9445
11.9445
11.9445
11.9445
11.9445
11.9445
11.9445
11.9445
11.9445
11.9445
11.9445
11.9445
11.9445
11.9445
11.9445
11.9445
11.9445
11.9445
11.9445
11.9445
11.9445
11.9445
11.9445
11.9445
11.9445
11.9445
11.9445
11.9445
11.9445
11.9445
11.9445
11.9445
11.9445
11.9445
11.9445
11.9445
11.9445
11.9445
8.53175
8.53175
8.53175
8.53175
8.53175
8.53175
8.53175
8.53175
8.53175
8.53175
8.53175
8.53175
8.53175
8.53175
8.53175
8.53175
8.53175
8.53175
8.53175
8.53175
8.53175
8.53175
8.53175
8.53175
8.53175
8.53175
8.53175
8.53175
8.53175
8.53175
8.53175
8.53175
8.53175
8.53175
8.53175
8.53175
8.53175
8.53175
8.53175
8.53175
8.53175
8.53175
8.53175
8.53175
8.53175
8.53175
8.53175
8.53175
8.53175
8.53175
8.53175
8.53175
8.53175
8.53175
8.53175
8.53175
8.53175
8.53175
8.53175
8.53175
8.53175
8.53175
8.53175
8.53175
8.53175
8.53175
8.53175
8.53175
8.53175
8.53175
8.53175
8.53175
8.53175
8.53175
8.53175
8.53175
8.53175
8.53175
8.53175
8.53175
8.53175
8.53175
8.53175
8.53175
8.53175
8.53175
8.53175
8.53175
8.53175
8.53175
8.53175
8.53175
8.53175
8.53175
8.53175
8.53175
8.53175
8.53175
8.53175
8.53175
5.11904
5.11904
5.11904
5.11904
5.11904
5.11904
5.11904
5.11904
5.11904
5.11904
5.11904
5.11904
5.11904
5.11904
5.11904
5.11904
5.11904
5.11904
5.11904
5.11904
5.11904
5.11904
5.11904
5.11904
5.11904
5.11904
5.11904
5.11904
5.11904
5.11904
5.11904
5.11904
5.11904
5.11904
5.11904
5.11904
5.11904
5.11904
5.11904
5.11904
5.11904
5.11904
5.11904
5.11904
5.11904
5.11904
5.11904
5.11904
5.11904
5.11904
5.11904
5.11904
5.11904
5.11904
5.11904
5.11904
5.11904
5.11904
5.11904
5.11904
5.11904
5.11904
5.11904
5.11904
5.11904
5.11904
5.11904
5.11904
5.11904
5.11904
5.11904
5.11904
5.11904
5.11904
5.11904
5.11904
5.11904
5.11904
5.11904
5.11904
5.11904
5.11904
5.11904
5.11904
5.11904
5.11904
5.11904
5.11904
5.11904
5.11904
5.11904
5.11904
5.11904
5.11904
5.11904
5.11904
5.11904
5.11904
5.11904
5.11904
1.70634
1.70634
1.70634
1.70634
1.70634
1.70634
1.70634
1.70634
1.70634
1.70634
1.70634
1.70634
1.70634
1.70634
1.70634
1.70634
1.70634
1.70634
1.70634
1.70634
1.70634
1.70634
1.70634
1.70633
1.70633
1.70633
1.70633
1.70633
1.70634
1.70634
1.70634
1.70634
1.70633
1.70633
1.70633
1.70633
1.70633
1.70633
1.70633
1.70634
1.70634
1.70634
1.70633
1.70633
1.70633
1.70633
1.70633
1.70633
1.70633
1.70634
1.70634
1.70634
1.70633
1.70633
1.70633
1.70633
1.70633
1.70633
1.70633
1.70634
1.70634
1.70634
1.70633
1.70633
1.70633
1.70633
1.70633
1.70633
1.70633
1.70634
1.70634
1.70634
1.70633
1.70633
1.70633
1.70633
1.70633
1.70633
1.70634
1.70634
1.70634
1.70634
1.70634
1.70633
1.70633
1.70633
1.70633
1.70634
1.70634
1.70634
1.70634
1.70634
1.70634
1.70634
1.70634
1.70634
1.70634
1.70634
1.70634
1.70634
)
;

boundaryField
{
    fixedWalls
    {
        type            zeroGradient;
    }
    inlet
    {
        type            fixedGradient;
        gradient        uniform 0;
    }
    outlet
    {
        type            fixedValue;
        value           uniform 0;
    }
}


// ************************************************************************* //
