/*--------------------------------*- C++ -*----------------------------------*\
| =========                 |                                                 |
| \\      /  F ield         | OpenFOAM: The Open Source CFD Toolbox           |
|  \\    /   O peration     | Version:  2106                                  |
|   \\  /    A nd           | Website:  www.openfoam.com                      |
|    \\/     M anipulation  |                                                 |
\*---------------------------------------------------------------------------*/
FoamFile
{
    version     2.0;
    format      ascii;
    arch        "LSB;label=32;scalar=64";
    class       volScalarField;
    location    "0.54";
    object      p;
}
// * * * * * * * * * * * * * * * * * * * * * * * * * * * * * * * * * * * * * //

dimensions      [0 2 -2 0 0 0 0];

internalField   nonuniform List<scalar> 
10000
(
99.8055
99.2209
98.8537
98.5853
98.4461
98.4461
98.5853
98.8537
99.2209
99.8055
90.6277
89.7741
89.2118
88.8143
88.6095
88.6095
88.8143
89.2118
89.7741
90.6277
83.0076
82.0253
81.3841
80.9374
80.7082
80.7082
80.9374
81.3841
82.0253
83.0076
77.7461
76.737
76.0868
75.6405
75.4118
75.4118
75.6405
76.0868
76.737
77.7461
73.7984
72.7967
72.1546
71.7225
71.5012
71.5012
71.7225
72.1546
72.7967
73.7984
70.6016
69.6274
69.0013
68.5905
68.3805
68.3805
68.5905
69.0013
69.6274
70.6016
67.9657
67.0399
66.4397
66.0564
65.8612
65.8612
66.0564
66.4397
67.0399
67.9657
65.7837
64.9299
64.3679
64.0175
63.8399
63.8399
64.0175
64.3679
64.9299
65.7837
63.9748
63.2093
62.6983
62.3857
62.2275
62.2275
62.3857
62.6983
63.2093
63.9748
62.5587
61.7943
61.3429
61.0684
60.9293
60.9293
61.0684
61.3429
61.7943
62.5587
63.6483
63.8218
64.0106
64.138
64.2039
64.2039
64.138
64.0106
63.8218
63.6483
64.0701
64.1651
64.2922
64.3737
64.4155
64.4155
64.3737
64.2922
64.1651
64.0701
64.0435
64.0403
64.093
64.1212
64.1352
64.1352
64.1212
64.093
64.0403
64.0435
63.6284
63.5346
63.5188
63.5001
63.4899
63.4899
63.5001
63.5188
63.5346
63.6284
63.0285
62.8603
62.7864
62.73
62.7003
62.7003
62.73
62.7864
62.8603
63.0285
62.3532
62.1291
62.0082
61.9236
61.8796
61.8796
61.9236
62.0082
62.1291
62.3533
61.6578
61.3981
61.2431
61.1403
61.087
61.087
61.1403
61.2431
61.3981
61.6578
60.9737
60.7022
60.5289
60.4176
60.3601
60.3601
60.4176
60.5289
60.7023
60.9737
60.3366
60.0695
59.8899
59.7772
59.7188
59.7188
59.7772
59.8899
60.0695
60.3366
59.8492
59.501
59.317
59.2038
59.1449
59.1449
59.2038
59.317
59.501
59.8492
58.9982
58.9836
58.9852
58.9816
58.98
58.98
58.9816
58.9852
58.9836
58.9982
59.4082
59.3912
59.3921
59.3867
59.384
59.384
59.3867
59.3921
59.3912
59.4082
59.7469
59.7112
59.7004
59.6853
59.6772
59.6772
59.6853
59.7004
59.7112
59.7469
59.7976
59.7285
59.6955
59.6643
59.6477
59.6477
59.6643
59.6955
59.7285
59.7976
59.651
59.5465
59.489
59.4417
59.4166
59.4166
59.4417
59.489
59.5465
59.651
59.4015
59.2664
59.1865
59.1258
59.0938
59.0938
59.1258
59.1865
59.2664
59.4015
59.0978
58.9403
58.8422
58.7721
58.7353
58.7353
58.7721
58.8422
58.9403
59.0978
58.7668
58.599
58.4895
58.4145
58.3753
58.3753
58.4145
58.4895
58.599
58.7668
58.4411
58.2708
58.1541
58.0768
58.0364
58.0364
58.0768
58.1541
58.2708
58.4411
58.195
57.9616
57.8349
57.754
57.712
57.712
57.754
57.8349
57.9616
58.195
54.2354
54.2551
54.2801
54.296
54.3045
54.3045
54.296
54.2801
54.2551
54.2354
54.444
54.4675
54.4964
54.5147
54.5243
54.5243
54.5147
54.4964
54.4675
54.444
54.6205
54.6416
54.6701
54.6875
54.6966
54.6966
54.6875
54.6701
54.6416
54.6205
54.7045
54.7151
54.7367
54.7487
54.7549
54.7549
54.7487
54.7367
54.7151
54.7045
54.717
54.7132
54.7243
54.7288
54.731
54.731
54.7288
54.7243
54.7132
54.717
54.6814
54.6627
54.6623
54.659
54.6571
54.6571
54.659
54.6623
54.6627
54.6814
54.6114
54.5798
54.5687
54.5587
54.5532
54.5532
54.5587
54.5687
54.5798
54.6114
54.5167
54.4771
54.4576
54.4425
54.4343
54.4343
54.4425
54.4576
54.4771
54.5167
54.4152
54.3697
54.3421
54.3225
54.3118
54.3118
54.3225
54.3421
54.3697
54.4152
54.3513
54.2628
54.2217
54.1948
54.1806
54.1806
54.1948
54.2217
54.2628
54.3513
50.97
50.97
50.9719
50.9719
50.972
50.972
50.9719
50.9719
50.97
50.97
51.067
51.0706
51.0756
51.0778
51.0789
51.0789
51.0778
51.0756
51.0706
51.067
51.1659
51.1709
51.1775
51.1804
51.1819
51.1819
51.1804
51.1775
51.1709
51.1659
51.2328
51.2356
51.2412
51.2429
51.2438
51.2438
51.2429
51.2412
51.2356
51.2328
51.2697
51.2681
51.2708
51.2703
51.2698
51.2698
51.2703
51.2708
51.2681
51.2697
51.2835
51.2765
51.2753
51.2721
51.2702
51.2702
51.2721
51.2753
51.2765
51.2835
51.279
51.2668
51.2616
51.2557
51.2524
51.2524
51.2557
51.2616
51.2668
51.279
51.2604
51.2445
51.2358
51.2279
51.2235
51.2235
51.2279
51.2358
51.2445
51.2604
51.237
51.2177
51.2048
51.1945
51.1888
51.1888
51.1945
51.2048
51.2177
51.237
51.2297
51.1881
51.1673
51.153
51.1454
51.1454
51.153
51.1673
51.1881
51.2297
47.6027
47.6057
47.6093
47.6115
47.6126
47.6126
47.6115
47.6093
47.6057
47.6027
47.6426
47.6473
47.6526
47.6558
47.6575
47.6575
47.6558
47.6526
47.6473
47.6426
47.6832
47.689
47.6954
47.6993
47.7014
47.7014
47.6993
47.6954
47.689
47.6832
47.7136
47.7192
47.7258
47.7296
47.7317
47.7317
47.7296
47.7258
47.7192
47.7136
47.734
47.7383
47.7441
47.7473
47.749
47.749
47.7473
47.7441
47.7383
47.734
47.7457
47.7481
47.7526
47.7547
47.7558
47.7558
47.7547
47.7526
47.7481
47.7457
47.7497
47.7501
47.7529
47.7539
47.7543
47.7543
47.7539
47.7529
47.7501
47.7497
47.7471
47.7459
47.7471
47.747
47.7468
47.7468
47.747
47.7471
47.7459
47.7471
47.7421
47.7391
47.738
47.7364
47.7354
47.7354
47.7364
47.738
47.7391
47.7421
47.7449
47.7305
47.7247
47.7204
47.7181
47.7181
47.7204
47.7247
47.7305
47.7449
44.3596
44.36
44.3605
44.3606
44.3607
44.3607
44.3606
44.3605
44.36
44.3596
44.3762
44.3774
44.3787
44.3793
44.3796
44.3796
44.3793
44.3787
44.3774
44.3762
44.3951
44.397
44.399
44.4
44.4006
44.4006
44.4
44.399
44.397
44.3951
44.4113
44.4136
44.4159
44.4171
44.4177
44.4177
44.4171
44.4159
44.4136
44.4113
44.4244
44.4266
44.4289
44.43
44.4305
44.4305
44.43
44.4289
44.4266
44.4244
44.4345
44.4363
44.4383
44.4392
44.4396
44.4396
44.4392
44.4383
44.4363
44.4345
44.4418
44.443
44.4447
44.4452
44.4454
44.4454
44.4452
44.4447
44.443
44.4418
44.4466
44.4473
44.4485
44.4486
44.4487
44.4487
44.4486
44.4485
44.4473
44.4466
44.4505
44.4505
44.4507
44.4503
44.45
44.45
44.4503
44.4507
44.4505
44.4505
44.4577
44.4528
44.4508
44.4492
44.4483
44.4483
44.4492
44.4508
44.4528
44.4577
41.0796
41.0801
41.0808
41.0811
41.0813
41.0813
41.0811
41.0808
41.0801
41.0796
41.0858
41.0867
41.0876
41.0882
41.0885
41.0885
41.0882
41.0876
41.0867
41.0858
41.0929
41.0941
41.0954
41.0962
41.0966
41.0966
41.0962
41.0954
41.0941
41.0929
41.0994
41.1008
41.1023
41.1032
41.1037
41.1037
41.1032
41.1023
41.1008
41.0994
41.105
41.1066
41.1081
41.1091
41.1096
41.1096
41.1091
41.1081
41.1066
41.105
41.1097
41.1112
41.1127
41.1136
41.1141
41.1141
41.1136
41.1127
41.1112
41.1097
41.1134
41.1147
41.1162
41.1169
41.1173
41.1173
41.1169
41.1162
41.1147
41.1134
41.116
41.1172
41.1185
41.1191
41.1194
41.1194
41.1191
41.1185
41.1172
41.116
41.1183
41.1192
41.12
41.1204
41.1205
41.1205
41.1204
41.12
41.1192
41.1183
41.122
41.1207
41.1205
41.1202
41.1201
41.1201
41.1202
41.1205
41.1207
41.122
37.8065
37.8066
37.8067
37.8067
37.8068
37.8068
37.8067
37.8067
37.8066
37.8065
37.8088
37.809
37.8093
37.8094
37.8095
37.8095
37.8094
37.8093
37.809
37.8088
37.8117
37.8122
37.8125
37.8128
37.8129
37.8129
37.8128
37.8125
37.8122
37.8117
37.8147
37.8153
37.8158
37.8162
37.8163
37.8163
37.8162
37.8158
37.8153
37.8147
37.8177
37.8184
37.819
37.8193
37.8195
37.8195
37.8193
37.819
37.8184
37.8177
37.8204
37.8212
37.8219
37.8222
37.8224
37.8224
37.8222
37.8219
37.8212
37.8204
37.8229
37.8237
37.8244
37.8248
37.825
37.825
37.8248
37.8244
37.8237
37.8229
37.8251
37.8259
37.8266
37.827
37.8271
37.8271
37.827
37.8266
37.8259
37.8251
37.8273
37.828
37.8286
37.8288
37.8289
37.8289
37.8288
37.8286
37.828
37.8273
37.83
37.8299
37.8301
37.8301
37.8301
37.8301
37.8301
37.8301
37.8299
37.83
34.5228
34.5229
34.523
34.5231
34.5231
34.5231
34.5231
34.523
34.5229
34.5228
34.5235
34.5237
34.5238
34.5239
34.524
34.524
34.5239
34.5238
34.5237
34.5235
34.5245
34.5247
34.5249
34.5251
34.5251
34.5251
34.5251
34.5249
34.5247
34.5245
34.5256
34.5259
34.5261
34.5263
34.5264
34.5264
34.5263
34.5261
34.5259
34.5256
34.5267
34.5271
34.5274
34.5276
34.5277
34.5277
34.5276
34.5274
34.5271
34.5267
34.5278
34.5282
34.5286
34.5288
34.529
34.529
34.5288
34.5286
34.5282
34.5278
34.5289
34.5293
34.5297
34.53
34.5301
34.5301
34.53
34.5297
34.5293
34.5289
34.5299
34.5303
34.5307
34.531
34.5311
34.5311
34.531
34.5307
34.5303
34.5299
34.5308
34.5313
34.5316
34.5318
34.5319
34.5319
34.5318
34.5316
34.5313
34.5308
34.532
34.5321
34.5323
34.5324
34.5324
34.5324
34.5324
34.5323
34.5321
34.532
31.2381
31.2381
31.2382
31.2382
31.2382
31.2382
31.2382
31.2382
31.2381
31.2381
31.2383
31.2384
31.2384
31.2384
31.2384
31.2384
31.2384
31.2384
31.2384
31.2383
31.2387
31.2387
31.2388
31.2388
31.2389
31.2389
31.2388
31.2388
31.2387
31.2387
31.2391
31.2392
31.2393
31.2394
31.2394
31.2394
31.2394
31.2393
31.2392
31.2391
31.2396
31.2398
31.2399
31.24
31.24
31.24
31.24
31.2399
31.2398
31.2396
31.2402
31.2404
31.2406
31.2406
31.2407
31.2407
31.2406
31.2406
31.2404
31.2402
31.2408
31.241
31.2412
31.2413
31.2414
31.2414
31.2413
31.2412
31.241
31.2408
31.2414
31.2416
31.2418
31.2419
31.242
31.242
31.2419
31.2418
31.2416
31.2414
31.242
31.2422
31.2424
31.2425
31.2426
31.2426
31.2425
31.2424
31.2422
31.242
31.2427
31.2428
31.2429
31.243
31.2431
31.2431
31.243
31.2429
31.2428
31.2427
27.9509
27.9509
27.9509
27.9509
27.9509
27.9509
27.9509
27.9509
27.9509
27.9509
27.9509
27.9509
27.951
27.951
27.951
27.951
27.951
27.951
27.9509
27.9509
27.951
27.951
27.951
27.9511
27.9511
27.9511
27.9511
27.951
27.951
27.951
27.9511
27.9512
27.9512
27.9512
27.9513
27.9513
27.9512
27.9512
27.9512
27.9511
27.9513
27.9514
27.9514
27.9515
27.9515
27.9515
27.9515
27.9514
27.9514
27.9513
27.9515
27.9516
27.9517
27.9517
27.9518
27.9518
27.9517
27.9517
27.9516
27.9515
27.9517
27.9519
27.9519
27.952
27.952
27.952
27.952
27.9519
27.9519
27.9517
27.952
27.9521
27.9522
27.9523
27.9523
27.9523
27.9523
27.9522
27.9521
27.952
27.9522
27.9524
27.9524
27.9525
27.9525
27.9525
27.9525
27.9524
27.9524
27.9522
27.9525
27.9526
27.9527
27.9527
27.9527
27.9527
27.9527
27.9527
27.9526
27.9525
24.6632
24.6632
24.6632
24.6632
24.6632
24.6632
24.6632
24.6632
24.6632
24.6632
24.6632
24.6632
24.6632
24.6632
24.6632
24.6632
24.6632
24.6632
24.6632
24.6632
24.6632
24.6632
24.6632
24.6632
24.6632
24.6632
24.6632
24.6632
24.6632
24.6632
24.6632
24.6632
24.6633
24.6633
24.6633
24.6633
24.6633
24.6633
24.6632
24.6632
24.6633
24.6633
24.6634
24.6634
24.6634
24.6634
24.6634
24.6634
24.6633
24.6633
24.6634
24.6634
24.6635
24.6635
24.6635
24.6635
24.6635
24.6635
24.6634
24.6634
24.6635
24.6636
24.6636
24.6636
24.6636
24.6636
24.6636
24.6636
24.6636
24.6635
24.6636
24.6637
24.6637
24.6638
24.6638
24.6638
24.6638
24.6637
24.6637
24.6636
24.6638
24.6638
24.6639
24.6639
24.6639
24.6639
24.6639
24.6639
24.6638
24.6638
24.6639
24.664
24.664
24.664
24.664
24.664
24.664
24.664
24.664
24.6639
21.3749
21.3749
21.3749
21.3749
21.3749
21.3749
21.3749
21.3749
21.3749
21.3749
21.3749
21.3749
21.3749
21.3749
21.3749
21.3749
21.3749
21.3749
21.3749
21.3749
21.3749
21.3749
21.3749
21.3749
21.3749
21.3749
21.3749
21.3749
21.3749
21.3749
21.3749
21.3749
21.3749
21.3749
21.3749
21.3749
21.3749
21.3749
21.3749
21.3749
21.3749
21.375
21.375
21.375
21.375
21.375
21.375
21.375
21.375
21.3749
21.375
21.375
21.375
21.375
21.375
21.375
21.375
21.375
21.375
21.375
21.375
21.375
21.3751
21.3751
21.3751
21.3751
21.3751
21.3751
21.375
21.375
21.3751
21.3751
21.3751
21.3751
21.3751
21.3751
21.3751
21.3751
21.3751
21.3751
21.3751
21.3751
21.3752
21.3752
21.3752
21.3752
21.3752
21.3752
21.3751
21.3751
21.3752
21.3752
21.3752
21.3752
21.3752
21.3752
21.3752
21.3752
21.3752
21.3752
18.0866
18.0866
18.0866
18.0866
18.0866
18.0866
18.0866
18.0866
18.0866
18.0866
18.0866
18.0866
18.0866
18.0866
18.0866
18.0866
18.0866
18.0866
18.0866
18.0866
18.0866
18.0866
18.0866
18.0866
18.0866
18.0866
18.0866
18.0866
18.0866
18.0866
18.0866
18.0866
18.0866
18.0866
18.0866
18.0866
18.0866
18.0866
18.0866
18.0866
18.0866
18.0866
18.0866
18.0866
18.0866
18.0866
18.0866
18.0866
18.0866
18.0866
18.0866
18.0866
18.0866
18.0866
18.0866
18.0866
18.0866
18.0866
18.0866
18.0866
18.0866
18.0866
18.0866
18.0866
18.0866
18.0866
18.0866
18.0866
18.0866
18.0866
18.0866
18.0866
18.0867
18.0867
18.0867
18.0867
18.0867
18.0867
18.0866
18.0866
18.0867
18.0867
18.0867
18.0867
18.0867
18.0867
18.0867
18.0867
18.0867
18.0867
18.0867
18.0867
18.0867
18.0867
18.0867
18.0867
18.0867
18.0867
18.0867
18.0867
14.7981
14.7981
14.7981
14.7981
14.7981
14.7981
14.7981
14.7981
14.7981
14.7981
14.7981
14.7981
14.7981
14.7981
14.7981
14.7981
14.7981
14.7981
14.7981
14.7981
14.7981
14.7981
14.7981
14.7981
14.7981
14.7981
14.7981
14.7981
14.7981
14.7981
14.7981
14.7981
14.7981
14.7981
14.7981
14.7981
14.7981
14.7981
14.7981
14.7981
14.7981
14.7981
14.7981
14.7981
14.7981
14.7981
14.7981
14.7981
14.7981
14.7981
14.7981
14.7981
14.7981
14.7981
14.7981
14.7981
14.7981
14.7981
14.7981
14.7981
14.7981
14.7981
14.7981
14.7981
14.7981
14.7981
14.7981
14.7981
14.7981
14.7981
14.7981
14.7982
14.7982
14.7982
14.7982
14.7982
14.7982
14.7982
14.7982
14.7981
14.7982
14.7982
14.7982
14.7982
14.7982
14.7982
14.7982
14.7982
14.7982
14.7982
14.7982
14.7982
14.7982
14.7982
14.7982
14.7982
14.7982
14.7982
14.7982
14.7982
11.5097
11.5097
11.5097
11.5097
11.5097
11.5097
11.5097
11.5097
11.5097
11.5097
11.5097
11.5097
11.5097
11.5097
11.5097
11.5097
11.5097
11.5097
11.5097
11.5097
11.5097
11.5097
11.5097
11.5097
11.5097
11.5097
11.5097
11.5097
11.5097
11.5097
11.5097
11.5097
11.5097
11.5097
11.5097
11.5097
11.5097
11.5097
11.5097
11.5097
11.5097
11.5097
11.5097
11.5097
11.5097
11.5097
11.5097
11.5097
11.5097
11.5097
11.5097
11.5097
11.5097
11.5097
11.5097
11.5097
11.5097
11.5097
11.5097
11.5097
11.5097
11.5097
11.5097
11.5097
11.5097
11.5097
11.5097
11.5097
11.5097
11.5097
11.5097
11.5097
11.5097
11.5097
11.5097
11.5097
11.5097
11.5097
11.5097
11.5097
11.5097
11.5097
11.5097
11.5097
11.5097
11.5097
11.5097
11.5097
11.5097
11.5097
11.5097
11.5097
11.5097
11.5097
11.5097
11.5097
11.5097
11.5097
11.5097
11.5097
8.2212
8.2212
8.2212
8.2212
8.2212
8.2212
8.2212
8.2212
8.2212
8.2212
8.2212
8.2212
8.2212
8.2212
8.2212
8.2212
8.2212
8.2212
8.2212
8.2212
8.2212
8.2212
8.2212
8.2212
8.2212
8.2212
8.2212
8.2212
8.2212
8.2212
8.2212
8.2212
8.2212
8.2212
8.2212
8.2212
8.2212
8.2212
8.2212
8.2212
8.2212
8.2212
8.2212
8.2212
8.2212
8.2212
8.2212
8.2212
8.2212
8.2212
8.2212
8.2212
8.2212
8.2212
8.2212
8.2212
8.2212
8.2212
8.2212
8.2212
8.2212
8.2212
8.2212
8.2212
8.2212
8.2212
8.2212
8.2212
8.2212
8.2212
8.2212
8.2212
8.2212
8.2212
8.2212
8.2212
8.2212
8.2212
8.2212
8.2212
8.2212
8.2212
8.2212
8.2212
8.2212
8.2212
8.2212
8.2212
8.2212
8.2212
8.2212
8.2212
8.2212
8.2212
8.2212
8.2212
8.2212
8.2212
8.2212
8.2212
4.93272
4.93272
4.93272
4.93272
4.93272
4.93272
4.93272
4.93272
4.93272
4.93272
4.93272
4.93272
4.93272
4.93272
4.93272
4.93272
4.93272
4.93272
4.93272
4.93272
4.93272
4.93272
4.93272
4.93272
4.93272
4.93272
4.93272
4.93272
4.93272
4.93272
4.93272
4.93272
4.93272
4.93272
4.93272
4.93272
4.93272
4.93272
4.93272
4.93272
4.93272
4.93272
4.93272
4.93272
4.93272
4.93272
4.93272
4.93272
4.93272
4.93272
4.93272
4.93272
4.93272
4.93272
4.93272
4.93272
4.93272
4.93272
4.93272
4.93272
4.93272
4.93272
4.93272
4.93272
4.93272
4.93272
4.93272
4.93272
4.93272
4.93272
4.93272
4.93272
4.93272
4.93272
4.93272
4.93272
4.93272
4.93272
4.93272
4.93272
4.93272
4.93272
4.93272
4.93272
4.93272
4.93272
4.93272
4.93272
4.93272
4.93272
4.93272
4.93272
4.93272
4.93272
4.93272
4.93272
4.93272
4.93272
4.93272
4.93272
1.64424
1.64424
1.64424
1.64424
1.64424
1.64424
1.64424
1.64424
1.64424
1.64424
1.64424
1.64424
1.64424
1.64424
1.64424
1.64424
1.64424
1.64424
1.64424
1.64424
1.64424
1.64424
1.64424
1.64424
1.64424
1.64424
1.64424
1.64424
1.64424
1.64424
1.64424
1.64424
1.64424
1.64424
1.64424
1.64424
1.64424
1.64424
1.64424
1.64424
1.64424
1.64424
1.64424
1.64424
1.64424
1.64424
1.64424
1.64424
1.64424
1.64424
1.64424
1.64424
1.64424
1.64424
1.64424
1.64424
1.64424
1.64424
1.64424
1.64424
1.64424
1.64424
1.64424
1.64424
1.64424
1.64424
1.64424
1.64424
1.64424
1.64424
1.64424
1.64424
1.64424
1.64424
1.64424
1.64424
1.64424
1.64424
1.64424
1.64424
1.64424
1.64424
1.64424
1.64424
1.64424
1.64424
1.64424
1.64424
1.64424
1.64424
1.64423
1.64423
1.64423
1.64423
1.64423
1.64423
1.64423
1.64423
1.64423
1.64423
99.8055
99.2209
98.8537
98.5853
98.4462
98.4462
98.5853
98.8537
99.221
99.8055
90.6277
89.7741
89.2118
88.8143
88.6095
88.6095
88.8143
89.2118
89.7741
90.6277
83.0076
82.0253
81.3841
80.9374
80.7082
80.7082
80.9374
81.3841
82.0253
83.0076
77.7461
76.737
76.0868
75.6405
75.4118
75.4118
75.6405
76.0868
76.737
77.7461
73.7984
72.7967
72.1546
71.7225
71.5013
71.5013
71.7225
72.1546
72.7967
73.7984
70.6016
69.6274
69.0013
68.5905
68.3805
68.3805
68.5905
69.0013
69.6274
70.6016
67.9657
67.04
66.4397
66.0564
65.8612
65.8612
66.0564
66.4397
67.04
67.9657
65.7837
64.9299
64.3679
64.0175
63.8399
63.8399
64.0175
64.3679
64.9299
65.7837
63.9748
63.2093
62.6983
62.3857
62.2275
62.2275
62.3858
62.6983
63.2093
63.9748
62.5587
61.7943
61.3429
61.0684
60.9293
60.9293
61.0684
61.3429
61.7943
62.5587
63.6483
63.8218
64.0106
64.138
64.2039
64.2039
64.138
64.0107
63.8218
63.6483
64.0701
64.1651
64.2922
64.3737
64.4155
64.4155
64.3737
64.2922
64.1651
64.0702
64.0435
64.0403
64.093
64.1212
64.1353
64.1353
64.1212
64.093
64.0403
64.0435
63.6284
63.5346
63.5188
63.5001
63.4899
63.4899
63.5001
63.5188
63.5346
63.6284
63.0285
62.8603
62.7864
62.73
62.7003
62.7004
62.73
62.7864
62.8604
63.0285
62.3533
62.1292
62.0082
61.9236
61.8796
61.8796
61.9236
62.0082
62.1292
62.3533
61.6578
61.3981
61.2431
61.1403
61.087
61.087
61.1403
61.2431
61.3981
61.6578
60.9737
60.7023
60.5289
60.4176
60.3601
60.3601
60.4176
60.529
60.7023
60.9737
60.3366
60.0695
59.8899
59.7772
59.7188
59.7188
59.7772
59.8899
60.0695
60.3366
59.8492
59.501
59.317
59.2039
59.1449
59.145
59.2039
59.317
59.501
59.8492
58.9982
58.9836
58.9852
58.9816
58.98
58.98
58.9816
58.9852
58.9836
58.9982
59.4082
59.3912
59.3921
59.3868
59.384
59.384
59.3868
59.3921
59.3913
59.4082
59.7469
59.7112
59.7004
59.6853
59.6772
59.6772
59.6853
59.7004
59.7112
59.7469
59.7976
59.7286
59.6955
59.6643
59.6477
59.6477
59.6643
59.6955
59.7286
59.7976
59.651
59.5465
59.489
59.4417
59.4167
59.4167
59.4417
59.489
59.5465
59.651
59.4015
59.2664
59.1865
59.1258
59.0938
59.0938
59.1258
59.1865
59.2664
59.4015
59.0978
58.9403
58.8422
58.7721
58.7354
58.7354
58.7721
58.8422
58.9404
59.0978
58.7668
58.599
58.4895
58.4145
58.3753
58.3753
58.4145
58.4895
58.599
58.7668
58.4411
58.2708
58.1541
58.0768
58.0364
58.0364
58.0768
58.1541
58.2708
58.4411
58.195
57.9616
57.8349
57.754
57.712
57.712
57.754
57.8349
57.9617
58.195
54.2354
54.2551
54.2801
54.296
54.3045
54.3045
54.296
54.2801
54.2551
54.2354
54.444
54.4675
54.4964
54.5147
54.5243
54.5243
54.5147
54.4964
54.4675
54.444
54.6205
54.6416
54.6701
54.6875
54.6966
54.6966
54.6875
54.6701
54.6416
54.6205
54.7045
54.7151
54.7367
54.7487
54.7549
54.7549
54.7487
54.7367
54.7151
54.7045
54.717
54.7132
54.7243
54.7288
54.731
54.731
54.7288
54.7243
54.7132
54.717
54.6814
54.6627
54.6623
54.659
54.6571
54.6572
54.659
54.6623
54.6627
54.6814
54.6114
54.5798
54.5687
54.5587
54.5532
54.5532
54.5587
54.5687
54.5799
54.6114
54.5167
54.4771
54.4576
54.4425
54.4343
54.4343
54.4425
54.4576
54.4771
54.5167
54.4152
54.3697
54.3421
54.3225
54.3118
54.3118
54.3225
54.3422
54.3697
54.4152
54.3513
54.2628
54.2217
54.1948
54.1806
54.1806
54.1948
54.2217
54.2629
54.3513
50.97
50.97
50.9719
50.972
50.972
50.972
50.972
50.9719
50.97
50.97
51.067
51.0706
51.0756
51.0778
51.0789
51.0789
51.0778
51.0756
51.0706
51.067
51.1659
51.1709
51.1775
51.1804
51.1819
51.1819
51.1804
51.1775
51.1709
51.166
51.2328
51.2356
51.2412
51.2429
51.2438
51.2438
51.243
51.2412
51.2356
51.2328
51.2697
51.2682
51.2708
51.2703
51.2698
51.2698
51.2703
51.2708
51.2682
51.2697
51.2835
51.2765
51.2753
51.2721
51.2702
51.2702
51.2721
51.2753
51.2765
51.2835
51.279
51.2668
51.2616
51.2557
51.2524
51.2524
51.2557
51.2616
51.2668
51.279
51.2604
51.2445
51.2359
51.2279
51.2235
51.2235
51.2279
51.2359
51.2445
51.2604
51.237
51.2177
51.2048
51.1945
51.1888
51.1888
51.1945
51.2048
51.2177
51.237
51.2297
51.1881
51.1673
51.153
51.1454
51.1454
51.153
51.1673
51.1881
51.2297
47.6027
47.6057
47.6093
47.6115
47.6126
47.6126
47.6115
47.6093
47.6057
47.6027
47.6426
47.6473
47.6526
47.6558
47.6575
47.6575
47.6558
47.6526
47.6473
47.6426
47.6832
47.689
47.6954
47.6993
47.7014
47.7014
47.6993
47.6954
47.689
47.6832
47.7136
47.7192
47.7258
47.7296
47.7317
47.7317
47.7296
47.7258
47.7192
47.7136
47.734
47.7383
47.7441
47.7473
47.749
47.749
47.7473
47.7441
47.7383
47.734
47.7457
47.7481
47.7526
47.7547
47.7558
47.7558
47.7547
47.7526
47.7481
47.7457
47.7497
47.7501
47.7529
47.7539
47.7543
47.7543
47.7539
47.7529
47.7501
47.7497
47.7471
47.7459
47.7471
47.747
47.7468
47.7468
47.747
47.7471
47.7459
47.7471
47.7421
47.7391
47.738
47.7364
47.7355
47.7355
47.7364
47.738
47.7391
47.7421
47.7449
47.7305
47.7247
47.7204
47.7181
47.7181
47.7204
47.7247
47.7305
47.7449
44.3596
44.36
44.3605
44.3606
44.3607
44.3607
44.3606
44.3605
44.36
44.3596
44.3762
44.3774
44.3787
44.3793
44.3796
44.3796
44.3793
44.3787
44.3774
44.3762
44.3951
44.397
44.399
44.4
44.4006
44.4006
44.4
44.399
44.397
44.3951
44.4113
44.4136
44.4159
44.4171
44.4177
44.4177
44.4171
44.4159
44.4136
44.4113
44.4244
44.4266
44.4289
44.43
44.4305
44.4305
44.43
44.4289
44.4266
44.4244
44.4345
44.4363
44.4383
44.4392
44.4396
44.4396
44.4392
44.4383
44.4363
44.4345
44.4418
44.443
44.4447
44.4452
44.4454
44.4454
44.4452
44.4447
44.443
44.4418
44.4466
44.4473
44.4485
44.4486
44.4487
44.4487
44.4486
44.4485
44.4473
44.4466
44.4505
44.4505
44.4507
44.4503
44.45
44.45
44.4503
44.4507
44.4505
44.4505
44.4577
44.4528
44.4508
44.4492
44.4483
44.4483
44.4492
44.4508
44.4528
44.4577
41.0796
41.0801
41.0808
41.0811
41.0813
41.0813
41.0811
41.0808
41.0801
41.0796
41.0858
41.0867
41.0876
41.0882
41.0885
41.0885
41.0882
41.0876
41.0867
41.0858
41.0929
41.0941
41.0954
41.0962
41.0966
41.0966
41.0962
41.0954
41.0941
41.0929
41.0994
41.1008
41.1023
41.1032
41.1037
41.1037
41.1032
41.1023
41.1008
41.0994
41.105
41.1066
41.1081
41.1091
41.1096
41.1096
41.1091
41.1081
41.1066
41.105
41.1097
41.1112
41.1127
41.1136
41.1141
41.1141
41.1136
41.1127
41.1112
41.1097
41.1134
41.1147
41.1162
41.1169
41.1173
41.1173
41.1169
41.1162
41.1147
41.1134
41.116
41.1172
41.1185
41.1191
41.1194
41.1194
41.1191
41.1185
41.1172
41.116
41.1183
41.1192
41.12
41.1204
41.1205
41.1205
41.1204
41.12
41.1192
41.1183
41.122
41.1207
41.1205
41.1202
41.1201
41.1201
41.1202
41.1205
41.1207
41.122
37.8065
37.8066
37.8067
37.8067
37.8068
37.8068
37.8067
37.8067
37.8066
37.8065
37.8088
37.809
37.8093
37.8094
37.8095
37.8095
37.8094
37.8093
37.809
37.8088
37.8117
37.8122
37.8125
37.8128
37.8129
37.8129
37.8128
37.8125
37.8122
37.8117
37.8147
37.8153
37.8159
37.8162
37.8163
37.8163
37.8162
37.8159
37.8153
37.8147
37.8177
37.8184
37.819
37.8193
37.8195
37.8195
37.8193
37.819
37.8184
37.8177
37.8204
37.8212
37.8219
37.8222
37.8224
37.8224
37.8222
37.8219
37.8212
37.8204
37.8229
37.8237
37.8244
37.8248
37.825
37.825
37.8248
37.8244
37.8237
37.8229
37.8251
37.8259
37.8266
37.827
37.8271
37.8271
37.827
37.8266
37.8259
37.8251
37.8273
37.828
37.8286
37.8288
37.8289
37.8289
37.8288
37.8286
37.828
37.8273
37.83
37.8299
37.8301
37.8301
37.8301
37.8301
37.8301
37.8301
37.8299
37.83
34.5228
34.5229
34.523
34.5231
34.5231
34.5231
34.5231
34.523
34.5229
34.5228
34.5235
34.5237
34.5238
34.5239
34.524
34.524
34.5239
34.5238
34.5237
34.5235
34.5245
34.5247
34.5249
34.5251
34.5251
34.5251
34.5251
34.5249
34.5247
34.5245
34.5256
34.5259
34.5261
34.5263
34.5264
34.5264
34.5263
34.5261
34.5259
34.5256
34.5267
34.5271
34.5274
34.5276
34.5277
34.5277
34.5276
34.5274
34.5271
34.5267
34.5278
34.5282
34.5286
34.5288
34.529
34.529
34.5288
34.5286
34.5282
34.5278
34.5289
34.5293
34.5297
34.53
34.5301
34.5301
34.53
34.5297
34.5293
34.5289
34.5299
34.5303
34.5307
34.531
34.5311
34.5311
34.531
34.5307
34.5303
34.5299
34.5308
34.5313
34.5316
34.5318
34.5319
34.5319
34.5318
34.5316
34.5313
34.5308
34.532
34.5321
34.5323
34.5324
34.5324
34.5324
34.5324
34.5323
34.5321
34.532
31.2381
31.2381
31.2382
31.2382
31.2382
31.2382
31.2382
31.2382
31.2381
31.2381
31.2383
31.2384
31.2384
31.2384
31.2384
31.2384
31.2384
31.2384
31.2384
31.2383
31.2387
31.2387
31.2388
31.2388
31.2389
31.2389
31.2388
31.2388
31.2387
31.2387
31.2391
31.2392
31.2393
31.2394
31.2394
31.2394
31.2394
31.2393
31.2392
31.2391
31.2396
31.2398
31.2399
31.24
31.24
31.24
31.24
31.2399
31.2398
31.2396
31.2402
31.2404
31.2406
31.2406
31.2407
31.2407
31.2406
31.2406
31.2404
31.2402
31.2408
31.241
31.2412
31.2413
31.2414
31.2414
31.2413
31.2412
31.241
31.2408
31.2414
31.2416
31.2418
31.2419
31.242
31.242
31.2419
31.2418
31.2416
31.2414
31.242
31.2422
31.2424
31.2425
31.2426
31.2426
31.2425
31.2424
31.2422
31.242
31.2427
31.2428
31.2429
31.243
31.2431
31.2431
31.243
31.2429
31.2428
31.2427
27.9509
27.9509
27.9509
27.9509
27.9509
27.9509
27.9509
27.9509
27.9509
27.9509
27.9509
27.9509
27.951
27.951
27.951
27.951
27.951
27.951
27.9509
27.9509
27.951
27.951
27.951
27.9511
27.9511
27.9511
27.9511
27.951
27.951
27.951
27.9511
27.9512
27.9512
27.9512
27.9513
27.9513
27.9512
27.9512
27.9512
27.9511
27.9513
27.9514
27.9514
27.9515
27.9515
27.9515
27.9515
27.9514
27.9514
27.9513
27.9515
27.9516
27.9517
27.9517
27.9518
27.9518
27.9517
27.9517
27.9516
27.9515
27.9517
27.9519
27.9519
27.952
27.952
27.952
27.952
27.9519
27.9519
27.9517
27.952
27.9521
27.9522
27.9523
27.9523
27.9523
27.9523
27.9522
27.9521
27.952
27.9522
27.9524
27.9524
27.9525
27.9525
27.9525
27.9525
27.9524
27.9524
27.9522
27.9525
27.9526
27.9527
27.9527
27.9527
27.9527
27.9527
27.9527
27.9526
27.9525
24.6632
24.6632
24.6632
24.6632
24.6632
24.6632
24.6632
24.6632
24.6632
24.6632
24.6632
24.6632
24.6632
24.6632
24.6632
24.6632
24.6632
24.6632
24.6632
24.6632
24.6632
24.6632
24.6632
24.6632
24.6632
24.6632
24.6632
24.6632
24.6632
24.6632
24.6632
24.6632
24.6633
24.6633
24.6633
24.6633
24.6633
24.6633
24.6632
24.6632
24.6633
24.6633
24.6634
24.6634
24.6634
24.6634
24.6634
24.6634
24.6633
24.6633
24.6634
24.6634
24.6635
24.6635
24.6635
24.6635
24.6635
24.6635
24.6634
24.6634
24.6635
24.6636
24.6636
24.6636
24.6636
24.6636
24.6636
24.6636
24.6636
24.6635
24.6636
24.6637
24.6637
24.6638
24.6638
24.6638
24.6638
24.6637
24.6637
24.6636
24.6638
24.6638
24.6639
24.6639
24.6639
24.6639
24.6639
24.6639
24.6638
24.6638
24.6639
24.664
24.664
24.664
24.664
24.664
24.664
24.664
24.664
24.6639
21.3749
21.3749
21.3749
21.3749
21.3749
21.3749
21.3749
21.3749
21.3749
21.3749
21.3749
21.3749
21.3749
21.3749
21.3749
21.3749
21.3749
21.3749
21.3749
21.3749
21.3749
21.3749
21.3749
21.3749
21.3749
21.3749
21.3749
21.3749
21.3749
21.3749
21.3749
21.3749
21.3749
21.3749
21.3749
21.3749
21.3749
21.3749
21.3749
21.3749
21.3749
21.375
21.375
21.375
21.375
21.375
21.375
21.375
21.375
21.3749
21.375
21.375
21.375
21.375
21.375
21.375
21.375
21.375
21.375
21.375
21.375
21.375
21.3751
21.3751
21.3751
21.3751
21.3751
21.3751
21.375
21.375
21.3751
21.3751
21.3751
21.3751
21.3751
21.3751
21.3751
21.3751
21.3751
21.3751
21.3751
21.3751
21.3752
21.3752
21.3752
21.3752
21.3752
21.3752
21.3751
21.3751
21.3752
21.3752
21.3752
21.3752
21.3752
21.3752
21.3752
21.3752
21.3752
21.3752
18.0866
18.0866
18.0866
18.0866
18.0866
18.0866
18.0866
18.0866
18.0866
18.0866
18.0866
18.0866
18.0866
18.0866
18.0866
18.0866
18.0866
18.0866
18.0866
18.0866
18.0866
18.0866
18.0866
18.0866
18.0866
18.0866
18.0866
18.0866
18.0866
18.0866
18.0866
18.0866
18.0866
18.0866
18.0866
18.0866
18.0866
18.0866
18.0866
18.0866
18.0866
18.0866
18.0866
18.0866
18.0866
18.0866
18.0866
18.0866
18.0866
18.0866
18.0866
18.0866
18.0866
18.0866
18.0866
18.0866
18.0866
18.0866
18.0866
18.0866
18.0866
18.0866
18.0866
18.0866
18.0866
18.0866
18.0866
18.0866
18.0866
18.0866
18.0866
18.0866
18.0867
18.0867
18.0867
18.0867
18.0867
18.0867
18.0866
18.0866
18.0867
18.0867
18.0867
18.0867
18.0867
18.0867
18.0867
18.0867
18.0867
18.0867
18.0867
18.0867
18.0867
18.0867
18.0867
18.0867
18.0867
18.0867
18.0867
18.0867
14.7981
14.7981
14.7981
14.7981
14.7981
14.7981
14.7981
14.7981
14.7981
14.7981
14.7981
14.7981
14.7981
14.7981
14.7981
14.7981
14.7981
14.7981
14.7981
14.7981
14.7981
14.7981
14.7981
14.7981
14.7981
14.7981
14.7981
14.7981
14.7981
14.7981
14.7981
14.7981
14.7981
14.7981
14.7981
14.7981
14.7981
14.7981
14.7981
14.7981
14.7981
14.7981
14.7981
14.7981
14.7981
14.7981
14.7981
14.7981
14.7981
14.7981
14.7981
14.7981
14.7981
14.7981
14.7981
14.7981
14.7981
14.7981
14.7981
14.7981
14.7981
14.7981
14.7981
14.7981
14.7981
14.7981
14.7981
14.7981
14.7981
14.7981
14.7981
14.7982
14.7982
14.7982
14.7982
14.7982
14.7982
14.7982
14.7982
14.7981
14.7982
14.7982
14.7982
14.7982
14.7982
14.7982
14.7982
14.7982
14.7982
14.7982
14.7982
14.7982
14.7982
14.7982
14.7982
14.7982
14.7982
14.7982
14.7982
14.7982
11.5097
11.5097
11.5097
11.5097
11.5097
11.5097
11.5097
11.5097
11.5097
11.5097
11.5097
11.5097
11.5097
11.5097
11.5097
11.5097
11.5097
11.5097
11.5097
11.5097
11.5097
11.5097
11.5097
11.5097
11.5097
11.5097
11.5097
11.5097
11.5097
11.5097
11.5097
11.5097
11.5097
11.5097
11.5097
11.5097
11.5097
11.5097
11.5097
11.5097
11.5097
11.5097
11.5097
11.5097
11.5097
11.5097
11.5097
11.5097
11.5097
11.5097
11.5097
11.5097
11.5097
11.5097
11.5097
11.5097
11.5097
11.5097
11.5097
11.5097
11.5097
11.5097
11.5097
11.5097
11.5097
11.5097
11.5097
11.5097
11.5097
11.5097
11.5097
11.5097
11.5097
11.5097
11.5097
11.5097
11.5097
11.5097
11.5097
11.5097
11.5097
11.5097
11.5097
11.5097
11.5097
11.5097
11.5097
11.5097
11.5097
11.5097
11.5097
11.5097
11.5097
11.5097
11.5097
11.5097
11.5097
11.5097
11.5097
11.5097
8.2212
8.2212
8.2212
8.2212
8.2212
8.2212
8.2212
8.2212
8.2212
8.2212
8.2212
8.2212
8.2212
8.2212
8.2212
8.2212
8.2212
8.2212
8.2212
8.2212
8.2212
8.2212
8.2212
8.2212
8.2212
8.2212
8.2212
8.2212
8.2212
8.2212
8.2212
8.2212
8.2212
8.2212
8.2212
8.2212
8.2212
8.2212
8.2212
8.2212
8.2212
8.2212
8.2212
8.2212
8.2212
8.2212
8.2212
8.2212
8.2212
8.2212
8.2212
8.2212
8.2212
8.2212
8.2212
8.2212
8.2212
8.2212
8.2212
8.2212
8.2212
8.2212
8.2212
8.2212
8.2212
8.2212
8.2212
8.2212
8.2212
8.2212
8.2212
8.2212
8.2212
8.2212
8.2212
8.2212
8.2212
8.2212
8.2212
8.2212
8.2212
8.2212
8.2212
8.2212
8.2212
8.2212
8.2212
8.2212
8.2212
8.2212
8.2212
8.2212
8.2212
8.2212
8.2212
8.2212
8.2212
8.2212
8.2212
8.2212
4.93272
4.93272
4.93272
4.93272
4.93272
4.93272
4.93272
4.93272
4.93272
4.93272
4.93272
4.93272
4.93272
4.93272
4.93272
4.93272
4.93272
4.93272
4.93272
4.93272
4.93272
4.93272
4.93272
4.93272
4.93272
4.93272
4.93272
4.93272
4.93272
4.93272
4.93272
4.93272
4.93272
4.93272
4.93272
4.93272
4.93272
4.93272
4.93272
4.93272
4.93272
4.93272
4.93272
4.93272
4.93272
4.93272
4.93272
4.93272
4.93272
4.93272
4.93272
4.93272
4.93272
4.93272
4.93272
4.93272
4.93272
4.93272
4.93272
4.93272
4.93272
4.93272
4.93272
4.93272
4.93272
4.93272
4.93272
4.93272
4.93272
4.93272
4.93272
4.93272
4.93272
4.93272
4.93272
4.93272
4.93272
4.93272
4.93272
4.93272
4.93272
4.93272
4.93272
4.93272
4.93272
4.93272
4.93272
4.93272
4.93272
4.93272
4.93272
4.93272
4.93272
4.93272
4.93272
4.93272
4.93272
4.93272
4.93272
4.93272
1.64424
1.64424
1.64424
1.64424
1.64424
1.64424
1.64424
1.64424
1.64424
1.64424
1.64424
1.64424
1.64424
1.64424
1.64424
1.64424
1.64424
1.64424
1.64424
1.64424
1.64424
1.64424
1.64424
1.64424
1.64424
1.64424
1.64424
1.64424
1.64424
1.64424
1.64424
1.64424
1.64424
1.64424
1.64424
1.64424
1.64424
1.64424
1.64424
1.64424
1.64424
1.64424
1.64424
1.64424
1.64424
1.64424
1.64424
1.64424
1.64424
1.64424
1.64424
1.64424
1.64424
1.64424
1.64424
1.64424
1.64424
1.64424
1.64424
1.64424
1.64424
1.64424
1.64424
1.64424
1.64424
1.64424
1.64424
1.64424
1.64424
1.64424
1.64424
1.64424
1.64424
1.64424
1.64424
1.64424
1.64424
1.64424
1.64424
1.64424
1.64424
1.64424
1.64424
1.64424
1.64424
1.64424
1.64424
1.64424
1.64424
1.64424
1.64423
1.64423
1.64423
1.64423
1.64423
1.64423
1.64423
1.64423
1.64423
1.64423
99.8055
99.221
98.8537
98.5853
98.4462
98.4462
98.5853
98.8537
99.2209
99.8055
90.6277
89.7741
89.2118
88.8143
88.6095
88.6095
88.8143
89.2118
89.7741
90.6277
83.0076
82.0253
81.3841
80.9374
80.7082
80.7082
80.9374
81.3841
82.0253
83.0076
77.7461
76.737
76.0868
75.6405
75.4118
75.4118
75.6405
76.0868
76.737
77.7461
73.7984
72.7967
72.1546
71.7225
71.5013
71.5013
71.7225
72.1546
72.7967
73.7984
70.6016
69.6274
69.0013
68.5905
68.3805
68.3805
68.5905
69.0013
69.6274
70.6016
67.9657
67.04
66.4397
66.0564
65.8612
65.8612
66.0564
66.4397
67.04
67.9657
65.7837
64.9299
64.3679
64.0176
63.8399
63.8399
64.0175
64.3679
64.9299
65.7837
63.9748
63.2093
62.6983
62.3858
62.2275
62.2275
62.3857
62.6983
63.2093
63.9748
62.5587
61.7943
61.3429
61.0684
60.9293
60.9293
61.0684
61.3429
61.7943
62.5587
63.6483
63.8218
64.0107
64.138
64.2039
64.2039
64.138
64.0106
63.8218
63.6483
64.0702
64.1651
64.2922
64.3737
64.4155
64.4155
64.3737
64.2922
64.1651
64.0701
64.0435
64.0403
64.093
64.1212
64.1353
64.1353
64.1212
64.093
64.0403
64.0435
63.6284
63.5346
63.5188
63.5001
63.4899
63.4899
63.5001
63.5188
63.5346
63.6284
63.0285
62.8604
62.7864
62.73
62.7004
62.7003
62.73
62.7864
62.8603
63.0285
62.3533
62.1292
62.0082
61.9236
61.8796
61.8796
61.9236
62.0082
62.1292
62.3533
61.6578
61.3981
61.2431
61.1403
61.087
61.087
61.1403
61.2431
61.3981
61.6578
60.9737
60.7023
60.529
60.4176
60.3601
60.3601
60.4176
60.5289
60.7023
60.9737
60.3366
60.0695
59.8899
59.7772
59.7188
59.7188
59.7772
59.8899
60.0695
60.3366
59.8492
59.501
59.317
59.2039
59.145
59.1449
59.2039
59.317
59.501
59.8492
58.9982
58.9836
58.9852
58.9816
58.98
58.98
58.9816
58.9852
58.9836
58.9982
59.4082
59.3913
59.3921
59.3868
59.384
59.384
59.3868
59.3921
59.3912
59.4082
59.7469
59.7112
59.7004
59.6853
59.6772
59.6772
59.6853
59.7004
59.7112
59.7469
59.7976
59.7286
59.6955
59.6643
59.6477
59.6477
59.6643
59.6955
59.7286
59.7976
59.651
59.5465
59.489
59.4417
59.4167
59.4167
59.4417
59.489
59.5465
59.651
59.4015
59.2664
59.1865
59.1258
59.0938
59.0938
59.1258
59.1865
59.2664
59.4015
59.0978
58.9404
58.8422
58.7721
58.7354
58.7354
58.7721
58.8422
58.9403
59.0978
58.7668
58.599
58.4895
58.4145
58.3753
58.3753
58.4145
58.4895
58.599
58.7668
58.4411
58.2708
58.1541
58.0768
58.0364
58.0364
58.0768
58.1541
58.2708
58.4411
58.195
57.9617
57.8349
57.754
57.712
57.712
57.754
57.8349
57.9616
58.195
54.2354
54.2551
54.2801
54.296
54.3045
54.3045
54.296
54.2801
54.2551
54.2354
54.444
54.4675
54.4964
54.5147
54.5243
54.5243
54.5147
54.4964
54.4675
54.444
54.6205
54.6416
54.6701
54.6875
54.6966
54.6966
54.6875
54.6701
54.6416
54.6205
54.7045
54.7151
54.7367
54.7487
54.7549
54.7549
54.7487
54.7367
54.7151
54.7045
54.717
54.7132
54.7243
54.7288
54.731
54.731
54.7288
54.7243
54.7132
54.717
54.6814
54.6627
54.6623
54.659
54.6572
54.6571
54.659
54.6623
54.6627
54.6814
54.6114
54.5799
54.5687
54.5587
54.5532
54.5532
54.5587
54.5687
54.5798
54.6114
54.5167
54.4771
54.4576
54.4425
54.4343
54.4343
54.4425
54.4576
54.4771
54.5167
54.4152
54.3697
54.3422
54.3225
54.3118
54.3118
54.3225
54.3421
54.3697
54.4152
54.3513
54.2629
54.2217
54.1948
54.1806
54.1806
54.1948
54.2217
54.2628
54.3513
50.97
50.97
50.9719
50.972
50.972
50.972
50.972
50.9719
50.97
50.97
51.067
51.0706
51.0756
51.0778
51.0789
51.0789
51.0778
51.0756
51.0706
51.067
51.166
51.1709
51.1775
51.1804
51.1819
51.1819
51.1804
51.1775
51.1709
51.1659
51.2328
51.2356
51.2412
51.243
51.2438
51.2438
51.2429
51.2412
51.2356
51.2328
51.2697
51.2682
51.2708
51.2703
51.2698
51.2698
51.2703
51.2708
51.2682
51.2697
51.2835
51.2765
51.2753
51.2721
51.2702
51.2702
51.2721
51.2753
51.2765
51.2835
51.279
51.2668
51.2616
51.2557
51.2524
51.2524
51.2557
51.2616
51.2668
51.279
51.2604
51.2445
51.2359
51.2279
51.2235
51.2235
51.2279
51.2359
51.2445
51.2604
51.237
51.2177
51.2048
51.1945
51.1888
51.1888
51.1945
51.2048
51.2177
51.237
51.2297
51.1881
51.1673
51.153
51.1454
51.1454
51.153
51.1673
51.1881
51.2297
47.6027
47.6057
47.6093
47.6115
47.6126
47.6126
47.6115
47.6093
47.6057
47.6027
47.6426
47.6473
47.6526
47.6558
47.6575
47.6575
47.6558
47.6526
47.6473
47.6426
47.6832
47.689
47.6954
47.6993
47.7014
47.7014
47.6993
47.6954
47.689
47.6832
47.7136
47.7192
47.7258
47.7296
47.7317
47.7317
47.7296
47.7258
47.7192
47.7136
47.734
47.7383
47.7441
47.7473
47.749
47.749
47.7473
47.7441
47.7383
47.734
47.7457
47.7481
47.7526
47.7547
47.7558
47.7558
47.7547
47.7526
47.7481
47.7457
47.7497
47.7501
47.7529
47.7539
47.7543
47.7543
47.7539
47.7529
47.7501
47.7497
47.7471
47.7459
47.7471
47.747
47.7468
47.7468
47.747
47.7471
47.7459
47.7471
47.7421
47.7391
47.738
47.7364
47.7355
47.7355
47.7364
47.738
47.7391
47.7421
47.7449
47.7305
47.7247
47.7204
47.7181
47.7181
47.7204
47.7247
47.7305
47.7449
44.3596
44.36
44.3605
44.3606
44.3607
44.3607
44.3606
44.3605
44.36
44.3596
44.3762
44.3774
44.3787
44.3793
44.3796
44.3796
44.3793
44.3787
44.3774
44.3762
44.3951
44.397
44.399
44.4
44.4006
44.4006
44.4
44.399
44.397
44.3951
44.4113
44.4136
44.4159
44.4171
44.4177
44.4177
44.4171
44.4159
44.4136
44.4113
44.4244
44.4266
44.4289
44.43
44.4305
44.4305
44.43
44.4289
44.4266
44.4244
44.4345
44.4363
44.4383
44.4392
44.4396
44.4396
44.4392
44.4383
44.4363
44.4345
44.4418
44.443
44.4447
44.4452
44.4454
44.4454
44.4452
44.4447
44.443
44.4418
44.4466
44.4473
44.4485
44.4486
44.4487
44.4487
44.4486
44.4485
44.4473
44.4466
44.4505
44.4505
44.4507
44.4503
44.45
44.45
44.4503
44.4507
44.4505
44.4505
44.4577
44.4528
44.4508
44.4492
44.4483
44.4483
44.4492
44.4508
44.4528
44.4577
41.0796
41.0801
41.0808
41.0811
41.0813
41.0813
41.0811
41.0808
41.0801
41.0796
41.0858
41.0867
41.0876
41.0882
41.0885
41.0885
41.0882
41.0876
41.0867
41.0858
41.0929
41.0941
41.0954
41.0962
41.0966
41.0966
41.0962
41.0954
41.0941
41.0929
41.0994
41.1008
41.1023
41.1032
41.1037
41.1037
41.1032
41.1023
41.1008
41.0994
41.105
41.1066
41.1081
41.1091
41.1096
41.1096
41.1091
41.1081
41.1066
41.105
41.1097
41.1112
41.1127
41.1136
41.1141
41.1141
41.1136
41.1127
41.1112
41.1097
41.1134
41.1147
41.1162
41.1169
41.1173
41.1173
41.1169
41.1162
41.1147
41.1134
41.116
41.1172
41.1185
41.1191
41.1194
41.1194
41.1191
41.1185
41.1172
41.116
41.1183
41.1192
41.12
41.1204
41.1205
41.1205
41.1204
41.12
41.1192
41.1183
41.122
41.1207
41.1205
41.1202
41.1201
41.1201
41.1202
41.1205
41.1207
41.122
37.8065
37.8066
37.8067
37.8067
37.8068
37.8068
37.8067
37.8067
37.8066
37.8065
37.8088
37.809
37.8093
37.8094
37.8095
37.8095
37.8094
37.8093
37.809
37.8088
37.8117
37.8122
37.8125
37.8128
37.8129
37.8129
37.8128
37.8125
37.8122
37.8117
37.8147
37.8153
37.8159
37.8162
37.8163
37.8163
37.8162
37.8159
37.8153
37.8147
37.8177
37.8184
37.819
37.8193
37.8195
37.8195
37.8193
37.819
37.8184
37.8177
37.8204
37.8212
37.8219
37.8222
37.8224
37.8224
37.8222
37.8219
37.8212
37.8204
37.8229
37.8237
37.8244
37.8248
37.825
37.825
37.8248
37.8244
37.8237
37.8229
37.8251
37.8259
37.8266
37.827
37.8271
37.8271
37.827
37.8266
37.8259
37.8251
37.8273
37.828
37.8286
37.8288
37.8289
37.8289
37.8288
37.8286
37.828
37.8273
37.83
37.8299
37.8301
37.8301
37.8301
37.8301
37.8301
37.8301
37.8299
37.83
34.5228
34.5229
34.523
34.5231
34.5231
34.5231
34.5231
34.523
34.5229
34.5228
34.5235
34.5237
34.5238
34.5239
34.524
34.524
34.5239
34.5238
34.5237
34.5235
34.5245
34.5247
34.5249
34.5251
34.5251
34.5251
34.5251
34.5249
34.5247
34.5245
34.5256
34.5259
34.5261
34.5263
34.5264
34.5264
34.5263
34.5261
34.5259
34.5256
34.5267
34.5271
34.5274
34.5276
34.5277
34.5277
34.5276
34.5274
34.5271
34.5267
34.5278
34.5282
34.5286
34.5288
34.529
34.529
34.5288
34.5286
34.5282
34.5278
34.5289
34.5293
34.5297
34.53
34.5301
34.5301
34.53
34.5297
34.5293
34.5289
34.5299
34.5303
34.5307
34.531
34.5311
34.5311
34.531
34.5307
34.5303
34.5299
34.5308
34.5313
34.5316
34.5318
34.5319
34.5319
34.5318
34.5316
34.5313
34.5308
34.532
34.5321
34.5323
34.5324
34.5324
34.5324
34.5324
34.5323
34.5321
34.532
31.2381
31.2381
31.2382
31.2382
31.2382
31.2382
31.2382
31.2382
31.2381
31.2381
31.2383
31.2384
31.2384
31.2384
31.2384
31.2384
31.2384
31.2384
31.2384
31.2383
31.2387
31.2387
31.2388
31.2388
31.2389
31.2389
31.2388
31.2388
31.2387
31.2387
31.2391
31.2392
31.2393
31.2394
31.2394
31.2394
31.2394
31.2393
31.2392
31.2391
31.2396
31.2398
31.2399
31.24
31.24
31.24
31.24
31.2399
31.2398
31.2396
31.2402
31.2404
31.2406
31.2406
31.2407
31.2407
31.2406
31.2406
31.2404
31.2402
31.2408
31.241
31.2412
31.2413
31.2414
31.2414
31.2413
31.2412
31.241
31.2408
31.2414
31.2416
31.2418
31.2419
31.242
31.242
31.2419
31.2418
31.2416
31.2414
31.242
31.2422
31.2424
31.2425
31.2426
31.2426
31.2425
31.2424
31.2422
31.242
31.2427
31.2428
31.2429
31.243
31.2431
31.2431
31.243
31.2429
31.2428
31.2427
27.9509
27.9509
27.9509
27.9509
27.9509
27.9509
27.9509
27.9509
27.9509
27.9509
27.9509
27.9509
27.951
27.951
27.951
27.951
27.951
27.951
27.9509
27.9509
27.951
27.951
27.951
27.9511
27.9511
27.9511
27.9511
27.951
27.951
27.951
27.9511
27.9512
27.9512
27.9512
27.9513
27.9513
27.9512
27.9512
27.9512
27.9511
27.9513
27.9514
27.9514
27.9515
27.9515
27.9515
27.9515
27.9514
27.9514
27.9513
27.9515
27.9516
27.9517
27.9517
27.9518
27.9518
27.9517
27.9517
27.9516
27.9515
27.9517
27.9519
27.9519
27.952
27.952
27.952
27.952
27.9519
27.9519
27.9517
27.952
27.9521
27.9522
27.9523
27.9523
27.9523
27.9523
27.9522
27.9521
27.952
27.9522
27.9524
27.9524
27.9525
27.9525
27.9525
27.9525
27.9524
27.9524
27.9522
27.9525
27.9526
27.9527
27.9527
27.9527
27.9527
27.9527
27.9527
27.9526
27.9525
24.6632
24.6632
24.6632
24.6632
24.6632
24.6632
24.6632
24.6632
24.6632
24.6632
24.6632
24.6632
24.6632
24.6632
24.6632
24.6632
24.6632
24.6632
24.6632
24.6632
24.6632
24.6632
24.6632
24.6632
24.6632
24.6632
24.6632
24.6632
24.6632
24.6632
24.6632
24.6632
24.6633
24.6633
24.6633
24.6633
24.6633
24.6633
24.6632
24.6632
24.6633
24.6633
24.6634
24.6634
24.6634
24.6634
24.6634
24.6634
24.6633
24.6633
24.6634
24.6634
24.6635
24.6635
24.6635
24.6635
24.6635
24.6635
24.6634
24.6634
24.6635
24.6636
24.6636
24.6636
24.6636
24.6636
24.6636
24.6636
24.6636
24.6635
24.6636
24.6637
24.6637
24.6638
24.6638
24.6638
24.6638
24.6637
24.6637
24.6636
24.6638
24.6638
24.6639
24.6639
24.6639
24.6639
24.6639
24.6639
24.6638
24.6638
24.6639
24.664
24.664
24.664
24.664
24.664
24.664
24.664
24.664
24.6639
21.3749
21.3749
21.3749
21.3749
21.3749
21.3749
21.3749
21.3749
21.3749
21.3749
21.3749
21.3749
21.3749
21.3749
21.3749
21.3749
21.3749
21.3749
21.3749
21.3749
21.3749
21.3749
21.3749
21.3749
21.3749
21.3749
21.3749
21.3749
21.3749
21.3749
21.3749
21.3749
21.3749
21.3749
21.3749
21.3749
21.3749
21.3749
21.3749
21.3749
21.3749
21.375
21.375
21.375
21.375
21.375
21.375
21.375
21.375
21.3749
21.375
21.375
21.375
21.375
21.375
21.375
21.375
21.375
21.375
21.375
21.375
21.375
21.3751
21.3751
21.3751
21.3751
21.3751
21.3751
21.375
21.375
21.3751
21.3751
21.3751
21.3751
21.3751
21.3751
21.3751
21.3751
21.3751
21.3751
21.3751
21.3751
21.3752
21.3752
21.3752
21.3752
21.3752
21.3752
21.3751
21.3751
21.3752
21.3752
21.3752
21.3752
21.3752
21.3752
21.3752
21.3752
21.3752
21.3752
18.0866
18.0866
18.0866
18.0866
18.0866
18.0866
18.0866
18.0866
18.0866
18.0866
18.0866
18.0866
18.0866
18.0866
18.0866
18.0866
18.0866
18.0866
18.0866
18.0866
18.0866
18.0866
18.0866
18.0866
18.0866
18.0866
18.0866
18.0866
18.0866
18.0866
18.0866
18.0866
18.0866
18.0866
18.0866
18.0866
18.0866
18.0866
18.0866
18.0866
18.0866
18.0866
18.0866
18.0866
18.0866
18.0866
18.0866
18.0866
18.0866
18.0866
18.0866
18.0866
18.0866
18.0866
18.0866
18.0866
18.0866
18.0866
18.0866
18.0866
18.0866
18.0866
18.0866
18.0866
18.0866
18.0866
18.0866
18.0866
18.0866
18.0866
18.0866
18.0866
18.0867
18.0867
18.0867
18.0867
18.0867
18.0867
18.0866
18.0866
18.0867
18.0867
18.0867
18.0867
18.0867
18.0867
18.0867
18.0867
18.0867
18.0867
18.0867
18.0867
18.0867
18.0867
18.0867
18.0867
18.0867
18.0867
18.0867
18.0867
14.7981
14.7981
14.7981
14.7981
14.7981
14.7981
14.7981
14.7981
14.7981
14.7981
14.7981
14.7981
14.7981
14.7981
14.7981
14.7981
14.7981
14.7981
14.7981
14.7981
14.7981
14.7981
14.7981
14.7981
14.7981
14.7981
14.7981
14.7981
14.7981
14.7981
14.7981
14.7981
14.7981
14.7981
14.7981
14.7981
14.7981
14.7981
14.7981
14.7981
14.7981
14.7981
14.7981
14.7981
14.7981
14.7981
14.7981
14.7981
14.7981
14.7981
14.7981
14.7981
14.7981
14.7981
14.7981
14.7981
14.7981
14.7981
14.7981
14.7981
14.7981
14.7981
14.7981
14.7981
14.7981
14.7981
14.7981
14.7981
14.7981
14.7981
14.7981
14.7982
14.7982
14.7982
14.7982
14.7982
14.7982
14.7982
14.7982
14.7981
14.7982
14.7982
14.7982
14.7982
14.7982
14.7982
14.7982
14.7982
14.7982
14.7982
14.7982
14.7982
14.7982
14.7982
14.7982
14.7982
14.7982
14.7982
14.7982
14.7982
11.5097
11.5097
11.5097
11.5097
11.5097
11.5097
11.5097
11.5097
11.5097
11.5097
11.5097
11.5097
11.5097
11.5097
11.5097
11.5097
11.5097
11.5097
11.5097
11.5097
11.5097
11.5097
11.5097
11.5097
11.5097
11.5097
11.5097
11.5097
11.5097
11.5097
11.5097
11.5097
11.5097
11.5097
11.5097
11.5097
11.5097
11.5097
11.5097
11.5097
11.5097
11.5097
11.5097
11.5097
11.5097
11.5097
11.5097
11.5097
11.5097
11.5097
11.5097
11.5097
11.5097
11.5097
11.5097
11.5097
11.5097
11.5097
11.5097
11.5097
11.5097
11.5097
11.5097
11.5097
11.5097
11.5097
11.5097
11.5097
11.5097
11.5097
11.5097
11.5097
11.5097
11.5097
11.5097
11.5097
11.5097
11.5097
11.5097
11.5097
11.5097
11.5097
11.5097
11.5097
11.5097
11.5097
11.5097
11.5097
11.5097
11.5097
11.5097
11.5097
11.5097
11.5097
11.5097
11.5097
11.5097
11.5097
11.5097
11.5097
8.2212
8.2212
8.2212
8.2212
8.2212
8.2212
8.2212
8.2212
8.2212
8.2212
8.2212
8.2212
8.2212
8.2212
8.2212
8.2212
8.2212
8.2212
8.2212
8.2212
8.2212
8.2212
8.2212
8.2212
8.2212
8.2212
8.2212
8.2212
8.2212
8.2212
8.2212
8.2212
8.2212
8.2212
8.2212
8.2212
8.2212
8.2212
8.2212
8.2212
8.2212
8.2212
8.2212
8.2212
8.2212
8.2212
8.2212
8.2212
8.2212
8.2212
8.2212
8.2212
8.2212
8.2212
8.2212
8.2212
8.2212
8.2212
8.2212
8.2212
8.2212
8.2212
8.2212
8.2212
8.2212
8.2212
8.2212
8.2212
8.2212
8.2212
8.2212
8.2212
8.2212
8.2212
8.2212
8.2212
8.2212
8.2212
8.2212
8.2212
8.2212
8.2212
8.2212
8.2212
8.2212
8.2212
8.2212
8.2212
8.2212
8.2212
8.2212
8.2212
8.2212
8.2212
8.2212
8.2212
8.2212
8.2212
8.2212
8.2212
4.93272
4.93272
4.93272
4.93272
4.93272
4.93272
4.93272
4.93272
4.93272
4.93272
4.93272
4.93272
4.93272
4.93272
4.93272
4.93272
4.93272
4.93272
4.93272
4.93272
4.93272
4.93272
4.93272
4.93272
4.93272
4.93272
4.93272
4.93272
4.93272
4.93272
4.93272
4.93272
4.93272
4.93272
4.93272
4.93272
4.93272
4.93272
4.93272
4.93272
4.93272
4.93272
4.93272
4.93272
4.93272
4.93272
4.93272
4.93272
4.93272
4.93272
4.93272
4.93272
4.93272
4.93272
4.93272
4.93272
4.93272
4.93272
4.93272
4.93272
4.93272
4.93272
4.93272
4.93272
4.93272
4.93272
4.93272
4.93272
4.93272
4.93272
4.93272
4.93272
4.93272
4.93272
4.93272
4.93272
4.93272
4.93272
4.93272
4.93272
4.93272
4.93272
4.93272
4.93272
4.93272
4.93272
4.93272
4.93272
4.93272
4.93272
4.93272
4.93272
4.93272
4.93272
4.93272
4.93272
4.93272
4.93272
4.93272
4.93272
1.64424
1.64424
1.64424
1.64424
1.64424
1.64424
1.64424
1.64424
1.64424
1.64424
1.64424
1.64424
1.64424
1.64424
1.64424
1.64424
1.64424
1.64424
1.64424
1.64424
1.64424
1.64424
1.64424
1.64424
1.64424
1.64424
1.64424
1.64424
1.64424
1.64424
1.64424
1.64424
1.64424
1.64424
1.64424
1.64424
1.64424
1.64424
1.64424
1.64424
1.64424
1.64424
1.64424
1.64424
1.64424
1.64424
1.64424
1.64424
1.64424
1.64424
1.64424
1.64424
1.64424
1.64424
1.64424
1.64424
1.64424
1.64424
1.64424
1.64424
1.64424
1.64424
1.64424
1.64424
1.64424
1.64424
1.64424
1.64424
1.64424
1.64424
1.64424
1.64424
1.64424
1.64424
1.64424
1.64424
1.64424
1.64424
1.64424
1.64424
1.64424
1.64424
1.64424
1.64424
1.64424
1.64424
1.64424
1.64424
1.64424
1.64424
1.64423
1.64423
1.64423
1.64423
1.64423
1.64423
1.64423
1.64423
1.64423
1.64423
99.8055
99.2209
98.8537
98.5853
98.4461
98.4461
98.5853
98.8537
99.2209
99.8055
90.6277
89.7741
89.2118
88.8143
88.6095
88.6095
88.8143
89.2118
89.7741
90.6277
83.0076
82.0253
81.3841
80.9374
80.7082
80.7082
80.9374
81.3841
82.0253
83.0076
77.7461
76.737
76.0868
75.6405
75.4118
75.4118
75.6405
76.0868
76.737
77.7461
73.7984
72.7967
72.1546
71.7225
71.5012
71.5012
71.7225
72.1546
72.7967
73.7984
70.6016
69.6274
69.0013
68.5905
68.3805
68.3805
68.5905
69.0013
69.6274
70.6016
67.9657
67.0399
66.4397
66.0564
65.8612
65.8612
66.0564
66.4397
67.0399
67.9657
65.7837
64.9299
64.3679
64.0175
63.8399
63.8399
64.0175
64.3679
64.9299
65.7837
63.9748
63.2093
62.6983
62.3857
62.2275
62.2275
62.3857
62.6983
63.2093
63.9748
62.5587
61.7943
61.3429
61.0684
60.9293
60.9293
61.0684
61.3429
61.7943
62.5587
63.6483
63.8218
64.0106
64.138
64.2039
64.2039
64.138
64.0106
63.8218
63.6483
64.0701
64.1651
64.2922
64.3737
64.4155
64.4155
64.3737
64.2922
64.1651
64.0701
64.0435
64.0403
64.093
64.1212
64.1352
64.1352
64.1212
64.093
64.0403
64.0435
63.6284
63.5346
63.5188
63.5001
63.4899
63.4899
63.5001
63.5188
63.5346
63.6284
63.0285
62.8603
62.7864
62.73
62.7003
62.7003
62.73
62.7864
62.8603
63.0285
62.3533
62.1291
62.0082
61.9236
61.8796
61.8796
61.9236
62.0082
62.1291
62.3532
61.6578
61.3981
61.2431
61.1403
61.087
61.087
61.1403
61.2431
61.3981
61.6578
60.9737
60.7023
60.5289
60.4176
60.3601
60.3601
60.4176
60.5289
60.7022
60.9737
60.3366
60.0695
59.8899
59.7772
59.7188
59.7188
59.7772
59.8899
60.0695
60.3366
59.8492
59.501
59.317
59.2038
59.1449
59.1449
59.2038
59.317
59.501
59.8492
58.9982
58.9836
58.9852
58.9816
58.98
58.98
58.9816
58.9852
58.9836
58.9982
59.4082
59.3912
59.3921
59.3867
59.384
59.384
59.3867
59.3921
59.3912
59.4082
59.7469
59.7112
59.7004
59.6853
59.6772
59.6772
59.6853
59.7004
59.7112
59.7469
59.7976
59.7285
59.6955
59.6643
59.6477
59.6477
59.6643
59.6955
59.7285
59.7976
59.651
59.5465
59.489
59.4417
59.4166
59.4166
59.4417
59.489
59.5465
59.651
59.4015
59.2664
59.1865
59.1258
59.0938
59.0938
59.1258
59.1865
59.2664
59.4015
59.0978
58.9403
58.8422
58.7721
58.7353
58.7353
58.7721
58.8422
58.9403
59.0978
58.7668
58.599
58.4895
58.4145
58.3753
58.3753
58.4145
58.4895
58.599
58.7668
58.4411
58.2708
58.1541
58.0768
58.0364
58.0364
58.0768
58.1541
58.2708
58.4411
58.195
57.9616
57.8349
57.754
57.712
57.712
57.754
57.8349
57.9616
58.195
54.2354
54.2551
54.2801
54.296
54.3045
54.3045
54.296
54.2801
54.2551
54.2354
54.444
54.4675
54.4964
54.5147
54.5243
54.5243
54.5147
54.4964
54.4675
54.444
54.6205
54.6416
54.6701
54.6875
54.6966
54.6966
54.6875
54.6701
54.6416
54.6205
54.7045
54.7151
54.7367
54.7487
54.7549
54.7549
54.7487
54.7367
54.7151
54.7045
54.717
54.7132
54.7243
54.7288
54.731
54.731
54.7288
54.7243
54.7132
54.717
54.6814
54.6627
54.6623
54.659
54.6571
54.6571
54.659
54.6623
54.6627
54.6814
54.6114
54.5798
54.5687
54.5587
54.5532
54.5532
54.5587
54.5687
54.5798
54.6114
54.5167
54.4771
54.4576
54.4425
54.4343
54.4343
54.4425
54.4576
54.4771
54.5167
54.4152
54.3697
54.3421
54.3225
54.3118
54.3118
54.3225
54.3421
54.3697
54.4152
54.3513
54.2628
54.2217
54.1948
54.1806
54.1806
54.1948
54.2217
54.2628
54.3513
50.97
50.97
50.9719
50.9719
50.972
50.972
50.9719
50.9719
50.97
50.97
51.067
51.0706
51.0756
51.0778
51.0789
51.0789
51.0778
51.0756
51.0706
51.067
51.1659
51.1709
51.1775
51.1804
51.1819
51.1819
51.1804
51.1775
51.1709
51.1659
51.2328
51.2356
51.2412
51.2429
51.2438
51.2438
51.2429
51.2412
51.2356
51.2328
51.2697
51.2681
51.2708
51.2703
51.2698
51.2698
51.2703
51.2708
51.2681
51.2697
51.2835
51.2765
51.2753
51.2721
51.2702
51.2702
51.2721
51.2753
51.2765
51.2835
51.279
51.2668
51.2616
51.2557
51.2524
51.2524
51.2557
51.2616
51.2668
51.279
51.2604
51.2445
51.2359
51.2279
51.2235
51.2235
51.2279
51.2358
51.2445
51.2604
51.237
51.2177
51.2048
51.1945
51.1888
51.1888
51.1945
51.2048
51.2177
51.237
51.2297
51.1881
51.1673
51.153
51.1454
51.1454
51.153
51.1673
51.1881
51.2297
47.6027
47.6057
47.6093
47.6115
47.6126
47.6126
47.6115
47.6093
47.6057
47.6027
47.6426
47.6473
47.6526
47.6558
47.6575
47.6575
47.6558
47.6526
47.6473
47.6426
47.6832
47.689
47.6954
47.6993
47.7014
47.7014
47.6993
47.6954
47.689
47.6832
47.7136
47.7192
47.7258
47.7296
47.7317
47.7317
47.7296
47.7258
47.7192
47.7136
47.734
47.7383
47.7441
47.7473
47.749
47.749
47.7473
47.7441
47.7383
47.734
47.7457
47.7481
47.7526
47.7547
47.7558
47.7558
47.7547
47.7526
47.7481
47.7457
47.7497
47.7501
47.7529
47.7539
47.7543
47.7543
47.7539
47.7529
47.7501
47.7497
47.7471
47.7459
47.7471
47.747
47.7468
47.7468
47.747
47.7471
47.7459
47.7471
47.7421
47.7391
47.738
47.7364
47.7354
47.7354
47.7364
47.738
47.7391
47.7421
47.7449
47.7305
47.7247
47.7204
47.7181
47.7181
47.7204
47.7247
47.7305
47.7449
44.3596
44.36
44.3605
44.3606
44.3607
44.3607
44.3606
44.3605
44.36
44.3596
44.3762
44.3774
44.3787
44.3793
44.3796
44.3796
44.3793
44.3787
44.3774
44.3762
44.3951
44.397
44.399
44.4
44.4006
44.4006
44.4
44.399
44.397
44.3951
44.4113
44.4136
44.4159
44.4171
44.4177
44.4177
44.4171
44.4159
44.4136
44.4113
44.4244
44.4266
44.4289
44.43
44.4305
44.4305
44.43
44.4289
44.4266
44.4244
44.4345
44.4363
44.4383
44.4392
44.4396
44.4396
44.4392
44.4383
44.4363
44.4345
44.4418
44.443
44.4447
44.4452
44.4454
44.4454
44.4452
44.4447
44.443
44.4418
44.4466
44.4473
44.4485
44.4486
44.4487
44.4487
44.4486
44.4485
44.4473
44.4466
44.4505
44.4505
44.4507
44.4503
44.45
44.45
44.4503
44.4507
44.4505
44.4505
44.4577
44.4528
44.4508
44.4492
44.4483
44.4483
44.4492
44.4508
44.4528
44.4577
41.0796
41.0801
41.0808
41.0811
41.0813
41.0813
41.0811
41.0808
41.0801
41.0796
41.0858
41.0867
41.0876
41.0882
41.0885
41.0885
41.0882
41.0876
41.0867
41.0858
41.0929
41.0941
41.0954
41.0962
41.0966
41.0966
41.0962
41.0954
41.0941
41.0929
41.0994
41.1008
41.1023
41.1032
41.1037
41.1037
41.1032
41.1023
41.1008
41.0994
41.105
41.1066
41.1081
41.1091
41.1096
41.1096
41.1091
41.1081
41.1066
41.105
41.1097
41.1112
41.1127
41.1136
41.1141
41.1141
41.1136
41.1127
41.1112
41.1097
41.1134
41.1147
41.1162
41.1169
41.1173
41.1173
41.1169
41.1162
41.1147
41.1134
41.116
41.1172
41.1185
41.1191
41.1194
41.1194
41.1191
41.1185
41.1172
41.116
41.1183
41.1192
41.12
41.1204
41.1205
41.1205
41.1204
41.12
41.1192
41.1183
41.122
41.1207
41.1205
41.1202
41.1201
41.1201
41.1202
41.1205
41.1207
41.122
37.8065
37.8066
37.8067
37.8067
37.8068
37.8068
37.8067
37.8067
37.8066
37.8065
37.8088
37.809
37.8093
37.8094
37.8095
37.8095
37.8094
37.8093
37.809
37.8088
37.8117
37.8122
37.8125
37.8128
37.8129
37.8129
37.8128
37.8125
37.8122
37.8117
37.8147
37.8153
37.8158
37.8162
37.8163
37.8163
37.8162
37.8158
37.8153
37.8147
37.8177
37.8184
37.819
37.8193
37.8195
37.8195
37.8193
37.819
37.8184
37.8177
37.8204
37.8212
37.8219
37.8222
37.8224
37.8224
37.8222
37.8219
37.8212
37.8204
37.8229
37.8237
37.8244
37.8248
37.825
37.825
37.8248
37.8244
37.8237
37.8229
37.8251
37.8259
37.8266
37.827
37.8271
37.8271
37.827
37.8266
37.8259
37.8251
37.8273
37.828
37.8286
37.8288
37.8289
37.8289
37.8288
37.8286
37.828
37.8273
37.83
37.8299
37.8301
37.8301
37.8301
37.8301
37.8301
37.8301
37.8299
37.83
34.5228
34.5229
34.523
34.5231
34.5231
34.5231
34.5231
34.523
34.5229
34.5228
34.5235
34.5237
34.5238
34.5239
34.524
34.524
34.5239
34.5238
34.5237
34.5235
34.5245
34.5247
34.5249
34.5251
34.5251
34.5251
34.5251
34.5249
34.5247
34.5245
34.5256
34.5259
34.5261
34.5263
34.5264
34.5264
34.5263
34.5261
34.5259
34.5256
34.5267
34.5271
34.5274
34.5276
34.5277
34.5277
34.5276
34.5274
34.5271
34.5267
34.5278
34.5282
34.5286
34.5288
34.529
34.529
34.5288
34.5286
34.5282
34.5278
34.5289
34.5293
34.5297
34.53
34.5301
34.5301
34.53
34.5297
34.5293
34.5289
34.5299
34.5303
34.5307
34.531
34.5311
34.5311
34.531
34.5307
34.5303
34.5299
34.5308
34.5313
34.5316
34.5318
34.5319
34.5319
34.5318
34.5316
34.5313
34.5308
34.532
34.5321
34.5323
34.5324
34.5324
34.5324
34.5324
34.5323
34.5321
34.532
31.2381
31.2381
31.2382
31.2382
31.2382
31.2382
31.2382
31.2382
31.2381
31.2381
31.2383
31.2384
31.2384
31.2384
31.2384
31.2384
31.2384
31.2384
31.2384
31.2383
31.2387
31.2387
31.2388
31.2388
31.2389
31.2389
31.2388
31.2388
31.2387
31.2387
31.2391
31.2392
31.2393
31.2394
31.2394
31.2394
31.2394
31.2393
31.2392
31.2391
31.2396
31.2398
31.2399
31.24
31.24
31.24
31.24
31.2399
31.2398
31.2396
31.2402
31.2404
31.2406
31.2406
31.2407
31.2407
31.2406
31.2406
31.2404
31.2402
31.2408
31.241
31.2412
31.2413
31.2414
31.2414
31.2413
31.2412
31.241
31.2408
31.2414
31.2416
31.2418
31.2419
31.242
31.242
31.2419
31.2418
31.2416
31.2414
31.242
31.2422
31.2424
31.2425
31.2426
31.2426
31.2425
31.2424
31.2422
31.242
31.2427
31.2428
31.2429
31.243
31.2431
31.2431
31.243
31.2429
31.2428
31.2427
27.9509
27.9509
27.9509
27.9509
27.9509
27.9509
27.9509
27.9509
27.9509
27.9509
27.9509
27.9509
27.951
27.951
27.951
27.951
27.951
27.951
27.9509
27.9509
27.951
27.951
27.951
27.9511
27.9511
27.9511
27.9511
27.951
27.951
27.951
27.9511
27.9512
27.9512
27.9512
27.9513
27.9513
27.9512
27.9512
27.9512
27.9511
27.9513
27.9514
27.9514
27.9515
27.9515
27.9515
27.9515
27.9514
27.9514
27.9513
27.9515
27.9516
27.9517
27.9517
27.9518
27.9518
27.9517
27.9517
27.9516
27.9515
27.9517
27.9519
27.9519
27.952
27.952
27.952
27.952
27.9519
27.9519
27.9517
27.952
27.9521
27.9522
27.9523
27.9523
27.9523
27.9523
27.9522
27.9521
27.952
27.9522
27.9524
27.9524
27.9525
27.9525
27.9525
27.9525
27.9524
27.9524
27.9522
27.9525
27.9526
27.9527
27.9527
27.9527
27.9527
27.9527
27.9527
27.9526
27.9525
24.6632
24.6632
24.6632
24.6632
24.6632
24.6632
24.6632
24.6632
24.6632
24.6632
24.6632
24.6632
24.6632
24.6632
24.6632
24.6632
24.6632
24.6632
24.6632
24.6632
24.6632
24.6632
24.6632
24.6632
24.6632
24.6632
24.6632
24.6632
24.6632
24.6632
24.6632
24.6632
24.6633
24.6633
24.6633
24.6633
24.6633
24.6633
24.6632
24.6632
24.6633
24.6633
24.6634
24.6634
24.6634
24.6634
24.6634
24.6634
24.6633
24.6633
24.6634
24.6634
24.6635
24.6635
24.6635
24.6635
24.6635
24.6635
24.6634
24.6634
24.6635
24.6636
24.6636
24.6636
24.6636
24.6636
24.6636
24.6636
24.6636
24.6635
24.6636
24.6637
24.6637
24.6638
24.6638
24.6638
24.6638
24.6637
24.6637
24.6636
24.6638
24.6638
24.6639
24.6639
24.6639
24.6639
24.6639
24.6639
24.6638
24.6638
24.6639
24.664
24.664
24.664
24.664
24.664
24.664
24.664
24.664
24.6639
21.3749
21.3749
21.3749
21.3749
21.3749
21.3749
21.3749
21.3749
21.3749
21.3749
21.3749
21.3749
21.3749
21.3749
21.3749
21.3749
21.3749
21.3749
21.3749
21.3749
21.3749
21.3749
21.3749
21.3749
21.3749
21.3749
21.3749
21.3749
21.3749
21.3749
21.3749
21.3749
21.3749
21.3749
21.3749
21.3749
21.3749
21.3749
21.3749
21.3749
21.3749
21.375
21.375
21.375
21.375
21.375
21.375
21.375
21.375
21.3749
21.375
21.375
21.375
21.375
21.375
21.375
21.375
21.375
21.375
21.375
21.375
21.375
21.3751
21.3751
21.3751
21.3751
21.3751
21.3751
21.375
21.375
21.3751
21.3751
21.3751
21.3751
21.3751
21.3751
21.3751
21.3751
21.3751
21.3751
21.3751
21.3751
21.3752
21.3752
21.3752
21.3752
21.3752
21.3752
21.3751
21.3751
21.3752
21.3752
21.3752
21.3752
21.3752
21.3752
21.3752
21.3752
21.3752
21.3752
18.0866
18.0866
18.0866
18.0866
18.0866
18.0866
18.0866
18.0866
18.0866
18.0866
18.0866
18.0866
18.0866
18.0866
18.0866
18.0866
18.0866
18.0866
18.0866
18.0866
18.0866
18.0866
18.0866
18.0866
18.0866
18.0866
18.0866
18.0866
18.0866
18.0866
18.0866
18.0866
18.0866
18.0866
18.0866
18.0866
18.0866
18.0866
18.0866
18.0866
18.0866
18.0866
18.0866
18.0866
18.0866
18.0866
18.0866
18.0866
18.0866
18.0866
18.0866
18.0866
18.0866
18.0866
18.0866
18.0866
18.0866
18.0866
18.0866
18.0866
18.0866
18.0866
18.0866
18.0866
18.0866
18.0866
18.0866
18.0866
18.0866
18.0866
18.0866
18.0866
18.0867
18.0867
18.0867
18.0867
18.0867
18.0867
18.0866
18.0866
18.0867
18.0867
18.0867
18.0867
18.0867
18.0867
18.0867
18.0867
18.0867
18.0867
18.0867
18.0867
18.0867
18.0867
18.0867
18.0867
18.0867
18.0867
18.0867
18.0867
14.7981
14.7981
14.7981
14.7981
14.7981
14.7981
14.7981
14.7981
14.7981
14.7981
14.7981
14.7981
14.7981
14.7981
14.7981
14.7981
14.7981
14.7981
14.7981
14.7981
14.7981
14.7981
14.7981
14.7981
14.7981
14.7981
14.7981
14.7981
14.7981
14.7981
14.7981
14.7981
14.7981
14.7981
14.7981
14.7981
14.7981
14.7981
14.7981
14.7981
14.7981
14.7981
14.7981
14.7981
14.7981
14.7981
14.7981
14.7981
14.7981
14.7981
14.7981
14.7981
14.7981
14.7981
14.7981
14.7981
14.7981
14.7981
14.7981
14.7981
14.7981
14.7981
14.7981
14.7981
14.7981
14.7981
14.7981
14.7981
14.7981
14.7981
14.7981
14.7982
14.7982
14.7982
14.7982
14.7982
14.7982
14.7982
14.7982
14.7981
14.7982
14.7982
14.7982
14.7982
14.7982
14.7982
14.7982
14.7982
14.7982
14.7982
14.7982
14.7982
14.7982
14.7982
14.7982
14.7982
14.7982
14.7982
14.7982
14.7982
11.5097
11.5097
11.5097
11.5097
11.5097
11.5097
11.5097
11.5097
11.5097
11.5097
11.5097
11.5097
11.5097
11.5097
11.5097
11.5097
11.5097
11.5097
11.5097
11.5097
11.5097
11.5097
11.5097
11.5097
11.5097
11.5097
11.5097
11.5097
11.5097
11.5097
11.5097
11.5097
11.5097
11.5097
11.5097
11.5097
11.5097
11.5097
11.5097
11.5097
11.5097
11.5097
11.5097
11.5097
11.5097
11.5097
11.5097
11.5097
11.5097
11.5097
11.5097
11.5097
11.5097
11.5097
11.5097
11.5097
11.5097
11.5097
11.5097
11.5097
11.5097
11.5097
11.5097
11.5097
11.5097
11.5097
11.5097
11.5097
11.5097
11.5097
11.5097
11.5097
11.5097
11.5097
11.5097
11.5097
11.5097
11.5097
11.5097
11.5097
11.5097
11.5097
11.5097
11.5097
11.5097
11.5097
11.5097
11.5097
11.5097
11.5097
11.5097
11.5097
11.5097
11.5097
11.5097
11.5097
11.5097
11.5097
11.5097
11.5097
8.2212
8.2212
8.2212
8.2212
8.2212
8.2212
8.2212
8.2212
8.2212
8.2212
8.2212
8.2212
8.2212
8.2212
8.2212
8.2212
8.2212
8.2212
8.2212
8.2212
8.2212
8.2212
8.2212
8.2212
8.2212
8.2212
8.2212
8.2212
8.2212
8.2212
8.2212
8.2212
8.2212
8.2212
8.2212
8.2212
8.2212
8.2212
8.2212
8.2212
8.2212
8.2212
8.2212
8.2212
8.2212
8.2212
8.2212
8.2212
8.2212
8.2212
8.2212
8.2212
8.2212
8.2212
8.2212
8.2212
8.2212
8.2212
8.2212
8.2212
8.2212
8.2212
8.2212
8.2212
8.2212
8.2212
8.2212
8.2212
8.2212
8.2212
8.2212
8.2212
8.2212
8.2212
8.2212
8.2212
8.2212
8.2212
8.2212
8.2212
8.2212
8.2212
8.2212
8.2212
8.2212
8.2212
8.2212
8.2212
8.2212
8.2212
8.2212
8.2212
8.2212
8.2212
8.2212
8.2212
8.2212
8.2212
8.2212
8.2212
4.93272
4.93272
4.93272
4.93272
4.93272
4.93272
4.93272
4.93272
4.93272
4.93272
4.93272
4.93272
4.93272
4.93272
4.93272
4.93272
4.93272
4.93272
4.93272
4.93272
4.93272
4.93272
4.93272
4.93272
4.93272
4.93272
4.93272
4.93272
4.93272
4.93272
4.93272
4.93272
4.93272
4.93272
4.93272
4.93272
4.93272
4.93272
4.93272
4.93272
4.93272
4.93272
4.93272
4.93272
4.93272
4.93272
4.93272
4.93272
4.93272
4.93272
4.93272
4.93272
4.93272
4.93272
4.93272
4.93272
4.93272
4.93272
4.93272
4.93272
4.93272
4.93272
4.93272
4.93272
4.93272
4.93272
4.93272
4.93272
4.93272
4.93272
4.93272
4.93272
4.93272
4.93272
4.93272
4.93272
4.93272
4.93272
4.93272
4.93272
4.93272
4.93272
4.93272
4.93272
4.93272
4.93272
4.93272
4.93272
4.93272
4.93272
4.93272
4.93272
4.93272
4.93272
4.93272
4.93272
4.93272
4.93272
4.93272
4.93272
1.64424
1.64424
1.64424
1.64424
1.64424
1.64424
1.64424
1.64424
1.64424
1.64424
1.64424
1.64424
1.64424
1.64424
1.64424
1.64424
1.64424
1.64424
1.64424
1.64424
1.64424
1.64424
1.64424
1.64424
1.64424
1.64424
1.64424
1.64424
1.64424
1.64424
1.64424
1.64424
1.64424
1.64424
1.64424
1.64424
1.64424
1.64424
1.64424
1.64424
1.64424
1.64424
1.64424
1.64424
1.64424
1.64424
1.64424
1.64424
1.64424
1.64424
1.64424
1.64424
1.64424
1.64424
1.64424
1.64424
1.64424
1.64424
1.64424
1.64424
1.64424
1.64424
1.64424
1.64424
1.64424
1.64424
1.64424
1.64424
1.64424
1.64424
1.64424
1.64424
1.64424
1.64424
1.64424
1.64424
1.64424
1.64424
1.64424
1.64424
1.64424
1.64424
1.64424
1.64424
1.64424
1.64424
1.64424
1.64424
1.64424
1.64424
1.64423
1.64423
1.64423
1.64423
1.64423
1.64423
1.64423
1.64423
1.64423
1.64423
61.547
60.8582
60.4217
60.1438
60.0059
60.0059
60.1438
60.4217
60.8582
61.5471
60.8582
60.2697
59.8262
59.5302
59.3835
59.3835
59.5302
59.8262
60.2697
60.8582
60.4217
59.8262
59.3636
59.0553
58.9032
58.9032
59.0553
59.3636
59.8262
60.4217
60.1438
59.5302
59.0553
58.7411
58.5865
58.5865
58.7411
59.0553
59.5302
60.1438
60.0059
59.3835
58.9032
58.5865
58.4308
58.4308
58.5865
58.9032
59.3835
60.0059
60.0059
59.3835
58.9032
58.5865
58.4308
58.4308
58.5865
58.9032
59.3835
60.0059
60.1438
59.5302
59.0553
58.7411
58.5865
58.5865
58.7411
59.0553
59.5302
60.1438
60.4217
59.8262
59.3636
59.0553
58.9032
58.9032
59.0553
59.3637
59.8262
60.4217
60.8582
60.2697
59.8262
59.5302
59.3835
59.3835
59.5302
59.8262
60.2698
60.8582
61.5471
60.8582
60.4217
60.1438
60.0059
60.0059
60.1438
60.4217
60.8582
61.5471
59.3321
59.0534
58.8872
58.7777
58.7221
58.7221
58.7777
58.8872
59.0534
59.3321
59.0534
58.8319
58.6441
58.5132
58.4477
58.4477
58.5132
58.6441
58.8319
59.0534
58.8872
58.6441
58.4331
58.2883
58.2168
58.2168
58.2883
58.4331
58.6441
58.8872
58.7777
58.5132
58.2883
58.1363
58.0615
58.0615
58.1363
58.2883
58.5132
58.7777
58.7221
58.4477
58.2168
58.0615
57.985
57.985
58.0615
58.2168
58.4477
58.7221
58.7221
58.4477
58.2168
58.0615
57.985
57.985
58.0615
58.2168
58.4477
58.7221
58.7777
58.5132
58.2883
58.1363
58.0615
58.0615
58.1363
58.2883
58.5132
58.7777
58.8872
58.6441
58.4331
58.2883
58.2168
58.2168
58.2883
58.4331
58.6441
58.8872
59.0534
58.8319
58.6441
58.5132
58.4477
58.4477
58.5132
58.6441
58.8319
59.0534
59.3321
59.0534
58.8872
58.7777
58.7221
58.7221
58.7777
58.8872
59.0534
59.3321
57.809
57.6559
57.5613
57.4955
57.4616
57.4616
57.4955
57.5613
57.6559
57.809
57.6559
57.5335
57.4189
57.3361
57.2943
57.2943
57.3361
57.4189
57.5335
57.6559
57.5613
57.4189
57.2854
57.192
57.1456
57.1456
57.192
57.2854
57.4189
57.5613
57.4955
57.3361
57.192
57.0931
57.0443
57.0443
57.0931
57.192
57.3361
57.4955
57.4616
57.2943
57.1456
57.0443
56.9943
56.9943
57.0443
57.1456
57.2943
57.4616
57.4616
57.2943
57.1456
57.0443
56.9943
56.9943
57.0443
57.1456
57.2943
57.4616
57.4955
57.3361
57.192
57.0931
57.0443
57.0443
57.0931
57.192
57.3361
57.4955
57.5613
57.4189
57.2854
57.192
57.1456
57.1456
57.192
57.2854
57.4189
57.5613
57.6559
57.5335
57.4189
57.3361
57.2943
57.2943
57.3361
57.4189
57.5335
57.6559
57.809
57.6559
57.5613
57.4955
57.4616
57.4616
57.4955
57.5613
57.6559
57.809
54.1573
54.121
54.1007
54.0844
54.0756
54.0756
54.0844
54.1007
54.121
54.1573
54.121
54.0939
54.0581
54.0301
54.0159
54.0159
54.0301
54.0581
54.0939
54.121
54.1007
54.0581
54.0104
53.9759
53.9588
53.9588
53.9759
54.0104
54.0581
54.1007
54.0844
54.0301
53.9759
53.9381
53.9195
53.9195
53.9381
53.9759
54.0301
54.0844
54.0756
54.0159
53.9588
53.9195
53.9002
53.9002
53.9195
53.9588
54.0159
54.0756
54.0756
54.0159
53.9588
53.9195
53.9002
53.9002
53.9195
53.9588
54.0159
54.0756
54.0844
54.0301
53.9759
53.9381
53.9195
53.9195
53.9381
53.9759
54.0301
54.0844
54.1007
54.0581
54.0104
53.9759
53.9588
53.9588
53.9759
54.0104
54.0581
54.1008
54.121
54.0939
54.0581
54.0301
54.0159
54.0159
54.0301
54.0581
54.0939
54.121
54.1573
54.121
54.1007
54.0844
54.0756
54.0756
54.0844
54.1008
54.121
54.1573
51.1292
51.1212
51.1163
51.1109
51.1079
51.1079
51.1109
51.1163
51.1212
51.1292
51.1212
51.1165
51.1035
51.0922
51.0864
51.0864
51.0922
51.1035
51.1165
51.1212
51.1163
51.1035
51.0843
51.0697
51.0625
51.0625
51.0697
51.0843
51.1035
51.1163
51.1109
51.0922
51.0697
51.0536
51.0456
51.0456
51.0536
51.0697
51.0922
51.1109
51.1079
51.0864
51.0625
51.0456
51.0373
51.0373
51.0456
51.0625
51.0864
51.1079
51.1079
51.0864
51.0625
51.0456
51.0373
51.0373
51.0456
51.0625
51.0864
51.1079
51.1109
51.0922
51.0697
51.0536
51.0456
51.0456
51.0536
51.0697
51.0922
51.1109
51.1163
51.1035
51.0843
51.0697
51.0625
51.0625
51.0697
51.0843
51.1035
51.1163
51.1212
51.1165
51.1035
51.0922
51.0864
51.0864
51.0922
51.1035
51.1165
51.1212
51.1292
51.1212
51.1163
51.1109
51.1079
51.1079
51.1109
51.1163
51.1212
51.1292
47.6975
47.7
47.702
47.7023
47.7023
47.7023
47.7023
47.702
47.7
47.6975
47.7
47.7027
47.7001
47.6971
47.6956
47.6956
47.6971
47.7001
47.7027
47.7
47.702
47.7001
47.6943
47.6897
47.6874
47.6874
47.6897
47.6943
47.7001
47.702
47.7023
47.6971
47.6897
47.6843
47.6817
47.6817
47.6843
47.6897
47.6971
47.7023
47.7023
47.6956
47.6874
47.6817
47.6789
47.6789
47.6817
47.6874
47.6956
47.7023
47.7023
47.6956
47.6874
47.6817
47.6789
47.6789
47.6817
47.6875
47.6956
47.7023
47.7023
47.6971
47.6897
47.6843
47.6817
47.6817
47.6843
47.6897
47.6971
47.7023
47.702
47.7001
47.6943
47.6897
47.6874
47.6875
47.6897
47.6943
47.7001
47.702
47.7
47.7027
47.7001
47.6971
47.6956
47.6956
47.6971
47.7001
47.7027
47.7
47.6975
47.7
47.702
47.7023
47.7023
47.7023
47.7023
47.702
47.7
47.6975
44.4383
44.4419
44.4443
44.4454
44.4459
44.4459
44.4454
44.4443
44.4419
44.4383
44.4419
44.4456
44.4462
44.4459
44.4457
44.4457
44.4459
44.4462
44.4456
44.4419
44.4443
44.4462
44.4454
44.4445
44.444
44.444
44.4445
44.4454
44.4462
44.4443
44.4454
44.4459
44.4445
44.4433
44.4427
44.4427
44.4433
44.4445
44.4459
44.4454
44.4459
44.4457
44.444
44.4427
44.4421
44.4421
44.4427
44.444
44.4457
44.4459
44.4459
44.4457
44.444
44.4427
44.4421
44.4421
44.4427
44.444
44.4457
44.4459
44.4454
44.4459
44.4445
44.4433
44.4427
44.4427
44.4433
44.4445
44.4459
44.4454
44.4443
44.4462
44.4454
44.4445
44.444
44.444
44.4445
44.4454
44.4462
44.4443
44.4419
44.4456
44.4462
44.4459
44.4457
44.4457
44.4459
44.4462
44.4456
44.4419
44.4383
44.4419
44.4443
44.4454
44.4459
44.4459
44.4454
44.4443
44.4419
44.4383
41.1138
41.1162
41.1178
41.1187
41.1191
41.1191
41.1187
41.1178
41.1162
41.1138
41.1162
41.1184
41.1191
41.1194
41.1195
41.1195
41.1194
41.1191
41.1184
41.1162
41.1178
41.1191
41.1193
41.1192
41.1192
41.1192
41.1192
41.1193
41.1191
41.1178
41.1187
41.1194
41.1192
41.1191
41.119
41.119
41.1191
41.1192
41.1194
41.1187
41.1191
41.1195
41.1192
41.119
41.1189
41.1189
41.119
41.1192
41.1195
41.1191
41.1191
41.1195
41.1192
41.119
41.1189
41.1189
41.119
41.1192
41.1195
41.1191
41.1187
41.1194
41.1192
41.1191
41.119
41.119
41.1191
41.1192
41.1194
41.1187
41.1178
41.1191
41.1193
41.1192
41.1192
41.1192
41.1192
41.1193
41.1191
41.1178
41.1162
41.1184
41.1191
41.1194
41.1195
41.1195
41.1194
41.1191
41.1184
41.1162
41.1138
41.1162
41.1178
41.1187
41.1191
41.1191
41.1187
41.1178
41.1162
41.1138
37.8274
37.8289
37.8299
37.8305
37.8308
37.8308
37.8305
37.8299
37.8289
37.8274
37.8289
37.8304
37.8311
37.8314
37.8316
37.8316
37.8314
37.8311
37.8304
37.8289
37.8299
37.8311
37.8316
37.8319
37.832
37.832
37.8319
37.8316
37.8311
37.8299
37.8305
37.8314
37.8319
37.8321
37.8323
37.8323
37.8321
37.8319
37.8314
37.8305
37.8308
37.8316
37.832
37.8323
37.8324
37.8324
37.8323
37.832
37.8316
37.8308
37.8308
37.8316
37.832
37.8323
37.8324
37.8324
37.8323
37.832
37.8316
37.8308
37.8305
37.8314
37.8319
37.8321
37.8323
37.8323
37.8321
37.8319
37.8314
37.8305
37.8299
37.8311
37.8316
37.8319
37.832
37.832
37.8319
37.8316
37.8311
37.8299
37.8289
37.8304
37.8311
37.8314
37.8316
37.8316
37.8314
37.8311
37.8304
37.8289
37.8274
37.8289
37.8299
37.8305
37.8308
37.8308
37.8305
37.8299
37.8289
37.8274
34.5311
34.5318
34.5323
34.5326
34.5328
34.5328
34.5326
34.5323
34.5318
34.5311
34.5318
34.5325
34.5329
34.5331
34.5332
34.5332
34.5331
34.5329
34.5325
34.5318
34.5323
34.5329
34.5332
34.5333
34.5334
34.5334
34.5333
34.5332
34.5329
34.5323
34.5326
34.5331
34.5333
34.5335
34.5336
34.5336
34.5335
34.5333
34.5331
34.5326
34.5328
34.5332
34.5334
34.5336
34.5337
34.5337
34.5336
34.5334
34.5332
34.5328
34.5328
34.5332
34.5334
34.5336
34.5337
34.5337
34.5336
34.5334
34.5332
34.5328
34.5326
34.5331
34.5333
34.5335
34.5336
34.5336
34.5335
34.5333
34.5331
34.5326
34.5323
34.5329
34.5332
34.5333
34.5334
34.5334
34.5333
34.5332
34.5329
34.5323
34.5318
34.5325
34.5329
34.5331
34.5332
34.5332
34.5331
34.5329
34.5325
34.5318
34.5311
34.5318
34.5323
34.5326
34.5328
34.5328
34.5326
34.5323
34.5318
34.5311
31.2425
31.2429
31.2432
31.2433
31.2434
31.2434
31.2433
31.2432
31.2429
31.2425
31.2429
31.2433
31.2435
31.2437
31.2437
31.2437
31.2437
31.2435
31.2433
31.2429
31.2432
31.2435
31.2437
31.2439
31.2439
31.2439
31.2439
31.2437
31.2435
31.2432
31.2433
31.2437
31.2439
31.244
31.2441
31.2441
31.244
31.2439
31.2437
31.2433
31.2434
31.2437
31.2439
31.2441
31.2442
31.2442
31.2441
31.2439
31.2437
31.2434
31.2434
31.2437
31.2439
31.2441
31.2442
31.2442
31.2441
31.2439
31.2437
31.2434
31.2433
31.2437
31.2439
31.244
31.2441
31.2441
31.244
31.2439
31.2437
31.2433
31.2432
31.2435
31.2437
31.2439
31.2439
31.2439
31.2439
31.2437
31.2435
31.2432
31.2429
31.2433
31.2435
31.2437
31.2437
31.2437
31.2437
31.2435
31.2433
31.2429
31.2425
31.2429
31.2432
31.2433
31.2434
31.2434
31.2433
31.2432
31.2429
31.2425
27.9525
27.9527
27.9528
27.9528
27.9529
27.9529
27.9528
27.9528
27.9527
27.9525
27.9527
27.9528
27.9529
27.953
27.953
27.953
27.953
27.9529
27.9528
27.9527
27.9528
27.9529
27.953
27.9531
27.9531
27.9531
27.9531
27.953
27.9529
27.9528
27.9528
27.953
27.9531
27.9532
27.9532
27.9532
27.9532
27.9531
27.953
27.9528
27.9529
27.953
27.9531
27.9532
27.9532
27.9532
27.9532
27.9531
27.953
27.9529
27.9529
27.953
27.9531
27.9532
27.9532
27.9532
27.9532
27.9531
27.953
27.9529
27.9528
27.953
27.9531
27.9532
27.9532
27.9532
27.9532
27.9531
27.953
27.9528
27.9528
27.9529
27.953
27.9531
27.9531
27.9531
27.9531
27.953
27.9529
27.9528
27.9527
27.9528
27.9529
27.953
27.953
27.953
27.953
27.9529
27.9528
27.9527
27.9525
27.9527
27.9528
27.9528
27.9529
27.9529
27.9528
27.9528
27.9527
27.9525
24.664
24.664
24.6641
24.6641
24.6641
24.6641
24.6641
24.6641
24.664
24.664
24.664
24.6641
24.6642
24.6642
24.6642
24.6642
24.6642
24.6642
24.6641
24.664
24.6641
24.6642
24.6642
24.6643
24.6643
24.6643
24.6643
24.6642
24.6642
24.6641
24.6641
24.6642
24.6643
24.6643
24.6643
24.6643
24.6643
24.6643
24.6642
24.6641
24.6641
24.6642
24.6643
24.6643
24.6644
24.6644
24.6643
24.6643
24.6642
24.6641
24.6641
24.6642
24.6643
24.6643
24.6644
24.6644
24.6643
24.6643
24.6642
24.6641
24.6641
24.6642
24.6643
24.6643
24.6643
24.6643
24.6643
24.6643
24.6642
24.6641
24.6641
24.6642
24.6642
24.6643
24.6643
24.6643
24.6643
24.6642
24.6642
24.6641
24.664
24.6641
24.6642
24.6642
24.6642
24.6642
24.6642
24.6642
24.6641
24.664
24.664
24.664
24.6641
24.6641
24.6641
24.6641
24.6641
24.6641
24.664
24.664
21.3752
21.3752
21.3752
21.3753
21.3753
21.3753
21.3753
21.3752
21.3752
21.3752
21.3752
21.3753
21.3753
21.3753
21.3753
21.3753
21.3753
21.3753
21.3753
21.3752
21.3752
21.3753
21.3753
21.3753
21.3753
21.3753
21.3753
21.3753
21.3753
21.3752
21.3753
21.3753
21.3753
21.3753
21.3754
21.3754
21.3753
21.3753
21.3753
21.3753
21.3753
21.3753
21.3753
21.3754
21.3754
21.3754
21.3754
21.3753
21.3753
21.3753
21.3753
21.3753
21.3753
21.3754
21.3754
21.3754
21.3754
21.3753
21.3753
21.3753
21.3753
21.3753
21.3753
21.3753
21.3754
21.3754
21.3753
21.3753
21.3753
21.3753
21.3752
21.3753
21.3753
21.3753
21.3753
21.3753
21.3753
21.3753
21.3753
21.3752
21.3752
21.3753
21.3753
21.3753
21.3753
21.3753
21.3753
21.3753
21.3753
21.3752
21.3752
21.3752
21.3752
21.3753
21.3753
21.3753
21.3753
21.3752
21.3752
21.3752
18.0867
18.0867
18.0867
18.0867
18.0867
18.0867
18.0867
18.0867
18.0867
18.0867
18.0867
18.0867
18.0867
18.0868
18.0868
18.0868
18.0868
18.0867
18.0867
18.0867
18.0867
18.0867
18.0868
18.0868
18.0868
18.0868
18.0868
18.0868
18.0867
18.0867
18.0867
18.0868
18.0868
18.0868
18.0868
18.0868
18.0868
18.0868
18.0868
18.0867
18.0867
18.0868
18.0868
18.0868
18.0868
18.0868
18.0868
18.0868
18.0868
18.0867
18.0867
18.0868
18.0868
18.0868
18.0868
18.0868
18.0868
18.0868
18.0868
18.0867
18.0867
18.0868
18.0868
18.0868
18.0868
18.0868
18.0868
18.0868
18.0868
18.0867
18.0867
18.0867
18.0868
18.0868
18.0868
18.0868
18.0868
18.0868
18.0867
18.0867
18.0867
18.0867
18.0867
18.0868
18.0868
18.0868
18.0868
18.0867
18.0867
18.0867
18.0867
18.0867
18.0867
18.0867
18.0867
18.0867
18.0867
18.0867
18.0867
18.0867
14.7982
14.7982
14.7982
14.7982
14.7982
14.7982
14.7982
14.7982
14.7982
14.7982
14.7982
14.7982
14.7982
14.7982
14.7982
14.7982
14.7982
14.7982
14.7982
14.7982
14.7982
14.7982
14.7982
14.7982
14.7982
14.7982
14.7982
14.7982
14.7982
14.7982
14.7982
14.7982
14.7982
14.7982
14.7982
14.7982
14.7982
14.7982
14.7982
14.7982
14.7982
14.7982
14.7982
14.7982
14.7982
14.7982
14.7982
14.7982
14.7982
14.7982
14.7982
14.7982
14.7982
14.7982
14.7982
14.7982
14.7982
14.7982
14.7982
14.7982
14.7982
14.7982
14.7982
14.7982
14.7982
14.7982
14.7982
14.7982
14.7982
14.7982
14.7982
14.7982
14.7982
14.7982
14.7982
14.7982
14.7982
14.7982
14.7982
14.7982
14.7982
14.7982
14.7982
14.7982
14.7982
14.7982
14.7982
14.7982
14.7982
14.7982
14.7982
14.7982
14.7982
14.7982
14.7982
14.7982
14.7982
14.7982
14.7982
14.7982
11.5097
11.5097
11.5097
11.5097
11.5097
11.5097
11.5097
11.5097
11.5097
11.5097
11.5097
11.5097
11.5097
11.5097
11.5097
11.5097
11.5097
11.5097
11.5097
11.5097
11.5097
11.5097
11.5097
11.5097
11.5097
11.5097
11.5097
11.5097
11.5097
11.5097
11.5097
11.5097
11.5097
11.5097
11.5097
11.5097
11.5097
11.5097
11.5097
11.5097
11.5097
11.5097
11.5097
11.5097
11.5097
11.5097
11.5097
11.5097
11.5097
11.5097
11.5097
11.5097
11.5097
11.5097
11.5097
11.5097
11.5097
11.5097
11.5097
11.5097
11.5097
11.5097
11.5097
11.5097
11.5097
11.5097
11.5097
11.5097
11.5097
11.5097
11.5097
11.5097
11.5097
11.5097
11.5097
11.5097
11.5097
11.5097
11.5097
11.5097
11.5097
11.5097
11.5097
11.5097
11.5097
11.5097
11.5097
11.5097
11.5097
11.5097
11.5097
11.5097
11.5097
11.5097
11.5097
11.5097
11.5097
11.5097
11.5097
11.5097
8.2212
8.2212
8.2212
8.2212
8.2212
8.2212
8.2212
8.2212
8.2212
8.2212
8.2212
8.2212
8.2212
8.2212
8.2212
8.2212
8.2212
8.2212
8.2212
8.2212
8.2212
8.2212
8.2212
8.2212
8.2212
8.2212
8.2212
8.2212
8.2212
8.2212
8.2212
8.2212
8.2212
8.2212
8.2212
8.2212
8.2212
8.2212
8.2212
8.2212
8.2212
8.2212
8.2212
8.2212
8.22121
8.2212
8.2212
8.2212
8.2212
8.2212
8.2212
8.2212
8.2212
8.2212
8.2212
8.2212
8.2212
8.2212
8.2212
8.2212
8.2212
8.2212
8.2212
8.2212
8.2212
8.2212
8.2212
8.2212
8.2212
8.2212
8.2212
8.2212
8.2212
8.2212
8.2212
8.2212
8.2212
8.2212
8.2212
8.2212
8.2212
8.2212
8.2212
8.2212
8.2212
8.2212
8.2212
8.2212
8.2212
8.2212
8.2212
8.2212
8.2212
8.2212
8.2212
8.2212
8.2212
8.2212
8.2212
8.2212
4.93272
4.93272
4.93272
4.93272
4.93272
4.93272
4.93272
4.93272
4.93272
4.93272
4.93272
4.93272
4.93272
4.93272
4.93272
4.93272
4.93272
4.93272
4.93272
4.93272
4.93272
4.93272
4.93272
4.93272
4.93272
4.93272
4.93272
4.93272
4.93272
4.93272
4.93272
4.93272
4.93272
4.93272
4.93272
4.93272
4.93271
4.93271
4.93272
4.93272
4.93272
4.93272
4.93272
4.93272
4.93272
4.93271
4.93271
4.93271
4.93271
4.93272
4.93272
4.93272
4.93272
4.93272
4.93271
4.93271
4.93271
4.93271
4.93271
4.93272
4.93272
4.93272
4.93272
4.93271
4.93271
4.93271
4.93271
4.93271
4.93271
4.93272
4.93272
4.93272
4.93272
4.93271
4.93271
4.93271
4.93271
4.93271
4.93271
4.93272
4.93272
4.93272
4.93272
4.93271
4.93271
4.93271
4.93271
4.93271
4.93271
4.93272
4.93272
4.93272
4.93272
4.93272
4.93272
4.93272
4.93272
4.93272
4.93272
4.93272
1.64423
1.64423
1.64423
1.64423
1.64423
1.64423
1.64423
1.64423
1.64423
1.64423
1.64423
1.64423
1.64423
1.64423
1.64423
1.64423
1.64423
1.64423
1.64423
1.64423
1.64423
1.64423
1.64423
1.64423
1.64423
1.64423
1.64423
1.64423
1.64423
1.64423
1.64423
1.64423
1.64423
1.64423
1.64423
1.64423
1.64423
1.64423
1.64423
1.64423
1.64423
1.64423
1.64423
1.64423
1.64423
1.64423
1.64423
1.64423
1.64423
1.64423
1.64423
1.64423
1.64423
1.64423
1.64423
1.64423
1.64423
1.64423
1.64423
1.64423
1.64423
1.64423
1.64423
1.64423
1.64423
1.64423
1.64423
1.64423
1.64423
1.64423
1.64423
1.64423
1.64423
1.64423
1.64423
1.64423
1.64423
1.64423
1.64423
1.64423
1.64423
1.64423
1.64423
1.64423
1.64423
1.64423
1.64423
1.64423
1.64423
1.64423
1.64423
1.64423
1.64423
1.64423
1.64423
1.64423
1.64423
1.64423
1.64423
1.64423
)
;

boundaryField
{
    fixedWalls
    {
        type            zeroGradient;
    }
    inlet
    {
        type            fixedGradient;
        gradient        uniform 0;
    }
    outlet
    {
        type            fixedValue;
        value           uniform 0;
    }
}


// ************************************************************************* //
