/*--------------------------------*- C++ -*----------------------------------*\
| =========                 |                                                 |
| \\      /  F ield         | OpenFOAM: The Open Source CFD Toolbox           |
|  \\    /   O peration     | Version:  2106                                  |
|   \\  /    A nd           | Website:  www.openfoam.com                      |
|    \\/     M anipulation  |                                                 |
\*---------------------------------------------------------------------------*/
FoamFile
{
    version     2.0;
    format      ascii;
    arch        "LSB;label=32;scalar=64";
    class       volScalarField;
    location    "0.62";
    object      p;
}
// * * * * * * * * * * * * * * * * * * * * * * * * * * * * * * * * * * * * * //

dimensions      [0 2 -2 0 0 0 0];

internalField   nonuniform List<scalar> 
10000
(
98.2682
97.6876
97.323
97.0565
96.9184
96.9184
97.0565
97.323
97.6876
98.2682
89.154
88.3063
87.748
87.3533
87.15
87.15
87.3533
87.748
88.3063
89.154
81.587
80.6116
79.975
79.5315
79.3039
79.3039
79.5315
79.975
80.6116
81.587
76.3625
75.3604
74.7148
74.2716
74.0446
74.0446
74.2716
74.7148
75.3604
76.3625
72.4421
71.4473
70.8096
70.3805
70.1607
70.1607
70.3805
70.8096
71.4473
72.4421
69.2669
68.2991
67.6772
67.269
67.0603
67.0603
67.269
67.6772
68.2991
69.2669
66.6479
65.7279
65.1315
64.7504
64.5564
64.5564
64.7504
65.1315
65.728
66.648
64.4791
63.6303
63.0715
62.723
62.5463
62.5463
62.723
63.0715
63.6303
64.4791
62.6803
61.9189
61.4105
61.0994
60.9418
60.9418
61.0994
61.4105
61.9189
62.6804
61.272
60.5107
60.0611
59.7876
59.649
59.649
59.7876
60.0611
60.5107
61.272
62.3776
62.5501
62.7377
62.8642
62.9297
62.9297
62.8642
62.7377
62.5501
62.3776
62.8
62.8945
63.021
63.1022
63.1437
63.1437
63.1022
63.021
62.8945
62.8
62.7773
62.7744
62.827
62.8553
62.8693
62.8693
62.8553
62.827
62.7744
62.7773
62.3678
62.2749
62.2596
62.2412
62.2311
62.2311
62.2412
62.2596
62.2749
62.3678
61.774
61.6072
61.5341
61.4782
61.4489
61.4489
61.4782
61.5341
61.6072
61.774
61.1047
60.8823
60.7624
60.6786
60.6348
60.6348
60.6786
60.7624
60.8823
61.1047
60.4149
60.157
60.0033
59.9012
59.8483
59.8483
59.9012
60.0033
60.157
60.4149
59.736
59.4663
59.2943
59.1836
59.1265
59.1265
59.1836
59.2943
59.4663
59.736
59.1036
58.8382
58.6597
58.5476
58.4894
58.4894
58.5476
58.6597
58.8382
59.1036
58.6209
58.2736
58.0902
57.9775
57.9188
57.9188
57.9775
58.0903
58.2736
58.6209
57.7855
57.7712
57.7729
57.7695
57.7679
57.7679
57.7695
57.7729
57.7712
57.7855
58.196
58.1795
58.1806
58.1755
58.1729
58.1729
58.1755
58.1806
58.1795
58.196
58.5359
58.501
58.4907
58.4759
58.468
58.468
58.4759
58.4907
58.501
58.5359
58.5892
58.521
58.4887
58.458
58.4416
58.4416
58.458
58.4887
58.521
58.5892
58.4457
58.3424
58.2858
58.239
58.2143
58.2143
58.239
58.2858
58.3424
58.4457
58.1996
58.0659
57.9869
57.9269
57.8953
57.8953
57.9269
57.9869
58.0659
58.1996
57.8993
57.7433
57.6463
57.5768
57.5405
57.5405
57.5768
57.6463
57.7433
57.8993
57.5715
57.4053
57.2969
57.2226
57.1837
57.1837
57.2226
57.2969
57.4053
57.5715
57.249
57.0802
56.9646
56.8879
56.8478
56.8478
56.8879
56.9646
57.0802
57.249
57.0068
56.774
56.6479
56.5674
56.5256
56.5256
56.5674
56.6479
56.774
57.0068
53.0922
53.1119
53.1368
53.1528
53.1612
53.1612
53.1528
53.1368
53.1119
53.0922
53.3021
53.3256
53.3546
53.3729
53.3826
53.3826
53.3729
53.3546
53.3256
53.3021
53.4804
53.5017
53.5303
53.5478
53.557
53.557
53.5478
53.5303
53.5017
53.4804
53.5664
53.5773
53.5992
53.6113
53.6176
53.6176
53.6113
53.5992
53.5773
53.5664
53.5809
53.5775
53.589
53.5937
53.596
53.596
53.5937
53.5891
53.5775
53.5809
53.5474
53.5292
53.5293
53.5262
53.5245
53.5245
53.5262
53.5293
53.5292
53.5474
53.4793
53.4484
53.4378
53.4281
53.4228
53.4228
53.4281
53.4378
53.4484
53.4793
53.3866
53.3476
53.3287
53.314
53.3059
53.3059
53.314
53.3287
53.3476
53.3866
53.2871
53.2423
53.2153
53.1959
53.1854
53.1854
53.1959
53.2153
53.2423
53.2871
53.2259
53.1374
53.0965
53.0698
53.0556
53.0556
53.0698
53.0965
53.1374
53.2259
49.8912
49.8913
49.8933
49.8934
49.8935
49.8935
49.8934
49.8933
49.8913
49.8912
49.9895
49.9932
49.9984
50.0007
50.0018
50.0018
50.0007
49.9984
49.9932
49.9895
50.0899
50.0951
50.102
50.105
50.1066
50.1066
50.105
50.102
50.0951
50.0899
50.1582
50.1613
50.1672
50.1691
50.17
50.17
50.1691
50.1672
50.1613
50.1582
50.1965
50.1952
50.1982
50.1979
50.1975
50.1975
50.1979
50.1982
50.1952
50.1965
50.2115
50.2049
50.2041
50.2011
50.1993
50.1993
50.2011
50.2041
50.2049
50.2115
50.2082
50.1965
50.1917
50.1861
50.1829
50.1829
50.1861
50.1917
50.1965
50.2082
50.1908
50.1754
50.1672
50.1595
50.1552
50.1552
50.1595
50.1672
50.1754
50.1908
50.1686
50.1498
50.1374
50.1273
50.1217
50.1217
50.1273
50.1374
50.1499
50.1686
50.1632
50.1215
50.1009
50.0866
50.0791
50.0791
50.0866
50.1009
50.1215
50.1632
46.5925
46.5955
46.5992
46.6014
46.6026
46.6026
46.6014
46.5992
46.5955
46.5925
46.6334
46.6382
46.6435
46.6468
46.6485
46.6485
46.6468
46.6435
46.6382
46.6334
46.6751
46.6811
46.6876
46.6916
46.6937
46.6937
46.6916
46.6876
46.6811
46.6751
46.7066
46.7124
46.7191
46.7231
46.7252
46.7252
46.7231
46.7191
46.7124
46.7066
46.7279
46.7325
46.7385
46.7418
46.7435
46.7435
46.7418
46.7385
46.7325
46.7279
46.7406
46.7433
46.748
46.7502
46.7514
46.7514
46.7502
46.748
46.7433
46.7406
46.7454
46.7461
46.7492
46.7503
46.7508
46.7508
46.7503
46.7492
46.7461
46.7454
46.7437
46.7428
46.7443
46.7444
46.7442
46.7442
46.7444
46.7443
46.7428
46.7437
46.7396
46.7369
46.736
46.7346
46.7337
46.7337
46.7346
46.736
46.7369
46.7396
46.7437
46.7292
46.7234
46.7192
46.717
46.717
46.7192
46.7234
46.7292
46.7437
43.4187
43.4191
43.4197
43.4198
43.4199
43.4199
43.4198
43.4197
43.4191
43.4187
43.4359
43.4371
43.4385
43.4392
43.4395
43.4395
43.4392
43.4385
43.4371
43.4359
43.4554
43.4575
43.4595
43.4607
43.4612
43.4612
43.4607
43.4595
43.4575
43.4554
43.4723
43.4747
43.4771
43.4784
43.4791
43.4791
43.4784
43.4771
43.4747
43.4723
43.486
43.4883
43.4908
43.492
43.4926
43.4926
43.492
43.4908
43.4883
43.486
43.4967
43.4987
43.5009
43.5018
43.5023
43.5023
43.5018
43.5009
43.4987
43.4967
43.5046
43.506
43.5078
43.5084
43.5087
43.5087
43.5084
43.5078
43.506
43.5046
43.5098
43.5108
43.5121
43.5124
43.5125
43.5125
43.5124
43.5121
43.5108
43.5098
43.5143
43.5145
43.5149
43.5146
43.5143
43.5143
43.5146
43.5149
43.5145
43.5143
43.5222
43.5173
43.5154
43.5138
43.513
43.513
43.5138
43.5154
43.5173
43.5222
40.2088
40.2093
40.21
40.2103
40.2105
40.2105
40.2103
40.21
40.2093
40.2088
40.2153
40.2163
40.2172
40.2178
40.2181
40.2181
40.2178
40.2172
40.2163
40.2153
40.2228
40.2241
40.2254
40.2262
40.2267
40.2267
40.2262
40.2254
40.2241
40.2228
40.2297
40.2312
40.2328
40.2337
40.2342
40.2342
40.2337
40.2328
40.2312
40.2297
40.2357
40.2373
40.239
40.2399
40.2405
40.2405
40.2399
40.239
40.2373
40.2357
40.2407
40.2423
40.2439
40.2449
40.2454
40.2454
40.2449
40.2439
40.2423
40.2407
40.2447
40.2462
40.2477
40.2485
40.249
40.249
40.2485
40.2477
40.2462
40.2447
40.2477
40.249
40.2504
40.2511
40.2514
40.2514
40.2511
40.2504
40.249
40.2477
40.2503
40.2513
40.2523
40.2527
40.2528
40.2528
40.2527
40.2523
40.2513
40.2503
40.2544
40.2532
40.253
40.2528
40.2526
40.2526
40.2528
40.253
40.2532
40.2544
37.0057
37.0059
37.006
37.006
37.006
37.006
37.006
37.006
37.0059
37.0057
37.0082
37.0085
37.0087
37.0089
37.0089
37.0089
37.0089
37.0087
37.0085
37.0082
37.0113
37.0118
37.0122
37.0125
37.0126
37.0126
37.0125
37.0122
37.0118
37.0113
37.0145
37.0152
37.0157
37.0161
37.0162
37.0162
37.0161
37.0157
37.0152
37.0145
37.0176
37.0184
37.0191
37.0194
37.0196
37.0196
37.0194
37.0191
37.0184
37.0176
37.0206
37.0214
37.0221
37.0225
37.0228
37.0228
37.0225
37.0221
37.0214
37.0206
37.0233
37.0241
37.0249
37.0253
37.0255
37.0255
37.0253
37.0249
37.0241
37.0233
37.0257
37.0265
37.0273
37.0277
37.0278
37.0278
37.0277
37.0273
37.0265
37.0257
37.028
37.0288
37.0294
37.0297
37.0298
37.0298
37.0297
37.0294
37.0288
37.028
37.031
37.0309
37.0311
37.0311
37.0311
37.0311
37.0311
37.0311
37.0309
37.031
33.792
33.7922
33.7923
33.7923
33.7923
33.7923
33.7923
33.7923
33.7922
33.792
33.7928
33.793
33.7931
33.7932
33.7933
33.7933
33.7932
33.7931
33.793
33.7928
33.7939
33.7941
33.7943
33.7945
33.7946
33.7946
33.7945
33.7943
33.7941
33.7939
33.795
33.7954
33.7956
33.7958
33.7959
33.7959
33.7958
33.7956
33.7954
33.795
33.7963
33.7967
33.797
33.7972
33.7974
33.7974
33.7972
33.797
33.7967
33.7963
33.7975
33.7979
33.7983
33.7986
33.7987
33.7987
33.7986
33.7983
33.7979
33.7975
33.7987
33.7991
33.7996
33.7998
33.7999
33.7999
33.7998
33.7996
33.7991
33.7987
33.7997
33.8002
33.8007
33.8009
33.801
33.801
33.8009
33.8007
33.8002
33.7997
33.8008
33.8013
33.8017
33.8019
33.802
33.802
33.8019
33.8017
33.8013
33.8008
33.8021
33.8022
33.8024
33.8025
33.8026
33.8026
33.8025
33.8024
33.8022
33.8021
30.5772
30.5772
30.5772
30.5772
30.5772
30.5772
30.5772
30.5772
30.5772
30.5772
30.5774
30.5775
30.5775
30.5775
30.5775
30.5775
30.5775
30.5775
30.5775
30.5774
30.5778
30.5779
30.5779
30.578
30.578
30.578
30.578
30.5779
30.5779
30.5778
30.5783
30.5784
30.5785
30.5785
30.5786
30.5786
30.5785
30.5785
30.5784
30.5783
30.5788
30.579
30.5791
30.5792
30.5793
30.5793
30.5792
30.5791
30.579
30.5788
30.5794
30.5796
30.5798
30.5799
30.58
30.58
30.5799
30.5798
30.5796
30.5794
30.5801
30.5803
30.5805
30.5806
30.5807
30.5807
30.5806
30.5805
30.5803
30.5801
30.5807
30.581
30.5812
30.5813
30.5814
30.5814
30.5813
30.5812
30.581
30.5807
30.5814
30.5816
30.5818
30.5819
30.582
30.582
30.5819
30.5818
30.5816
30.5814
30.5821
30.5823
30.5824
30.5825
30.5825
30.5825
30.5825
30.5824
30.5823
30.5821
27.3597
27.3597
27.3597
27.3597
27.3597
27.3597
27.3597
27.3597
27.3597
27.3597
27.3597
27.3597
27.3597
27.3597
27.3597
27.3597
27.3597
27.3597
27.3597
27.3597
27.3598
27.3598
27.3598
27.3598
27.3599
27.3599
27.3598
27.3598
27.3598
27.3598
27.3599
27.36
27.36
27.36
27.3601
27.3601
27.36
27.36
27.36
27.3599
27.3601
27.3602
27.3602
27.3603
27.3603
27.3603
27.3603
27.3602
27.3602
27.3601
27.3603
27.3604
27.3605
27.3606
27.3606
27.3606
27.3606
27.3605
27.3604
27.3603
27.3606
27.3607
27.3608
27.3608
27.3609
27.3609
27.3608
27.3608
27.3607
27.3606
27.3608
27.361
27.3611
27.3611
27.3612
27.3612
27.3611
27.3611
27.361
27.3608
27.3611
27.3612
27.3613
27.3614
27.3614
27.3614
27.3614
27.3613
27.3612
27.3611
27.3614
27.3615
27.3616
27.3616
27.3617
27.3617
27.3616
27.3616
27.3615
27.3614
24.1416
24.1416
24.1416
24.1416
24.1416
24.1416
24.1416
24.1416
24.1416
24.1416
24.1416
24.1416
24.1416
24.1416
24.1416
24.1416
24.1416
24.1416
24.1416
24.1416
24.1416
24.1416
24.1416
24.1416
24.1416
24.1416
24.1416
24.1416
24.1416
24.1416
24.1416
24.1416
24.1416
24.1417
24.1417
24.1417
24.1417
24.1416
24.1416
24.1416
24.1417
24.1417
24.1417
24.1418
24.1418
24.1418
24.1418
24.1417
24.1417
24.1417
24.1418
24.1418
24.1419
24.1419
24.1419
24.1419
24.1419
24.1419
24.1418
24.1418
24.1419
24.142
24.142
24.142
24.142
24.142
24.142
24.142
24.142
24.1419
24.142
24.1421
24.1422
24.1422
24.1422
24.1422
24.1422
24.1422
24.1421
24.142
24.1422
24.1423
24.1423
24.1423
24.1423
24.1423
24.1423
24.1423
24.1423
24.1422
24.1423
24.1424
24.1424
24.1425
24.1425
24.1425
24.1425
24.1424
24.1424
24.1423
20.9229
20.9229
20.9229
20.9229
20.9229
20.9229
20.9229
20.9229
20.9229
20.9229
20.9229
20.9229
20.9229
20.9229
20.9229
20.9229
20.9229
20.9229
20.9229
20.9229
20.9229
20.9229
20.9229
20.9229
20.9229
20.9229
20.9229
20.9229
20.9229
20.9229
20.9229
20.9229
20.9229
20.9229
20.9229
20.9229
20.9229
20.9229
20.9229
20.9229
20.9229
20.9229
20.9229
20.9229
20.9229
20.9229
20.9229
20.9229
20.9229
20.9229
20.9229
20.923
20.923
20.923
20.923
20.923
20.923
20.923
20.923
20.9229
20.923
20.923
20.923
20.923
20.923
20.923
20.923
20.923
20.923
20.923
20.923
20.9231
20.9231
20.9231
20.9231
20.9231
20.9231
20.9231
20.9231
20.923
20.9231
20.9231
20.9231
20.9231
20.9231
20.9231
20.9231
20.9231
20.9231
20.9231
20.9231
20.9232
20.9232
20.9232
20.9232
20.9232
20.9232
20.9232
20.9232
20.9231
17.7041
17.7041
17.7041
17.7041
17.7041
17.7041
17.7041
17.7041
17.7041
17.7041
17.7041
17.7041
17.7041
17.7041
17.7041
17.7041
17.7041
17.7041
17.7041
17.7041
17.7041
17.7041
17.7041
17.7041
17.7041
17.7041
17.7041
17.7041
17.7041
17.7041
17.7041
17.7041
17.7041
17.7041
17.7041
17.7041
17.7041
17.7041
17.7041
17.7041
17.7041
17.7041
17.7041
17.7041
17.7041
17.7041
17.7041
17.7041
17.7041
17.7041
17.7041
17.7041
17.7041
17.7041
17.7041
17.7041
17.7041
17.7041
17.7041
17.7041
17.7041
17.7041
17.7041
17.7041
17.7041
17.7041
17.7041
17.7041
17.7041
17.7041
17.7041
17.7042
17.7042
17.7042
17.7042
17.7042
17.7042
17.7042
17.7042
17.7041
17.7042
17.7042
17.7042
17.7042
17.7042
17.7042
17.7042
17.7042
17.7042
17.7042
17.7042
17.7042
17.7042
17.7042
17.7042
17.7042
17.7042
17.7042
17.7042
17.7042
14.4852
14.4852
14.4852
14.4852
14.4852
14.4852
14.4852
14.4852
14.4852
14.4852
14.4852
14.4852
14.4852
14.4852
14.4852
14.4852
14.4852
14.4852
14.4852
14.4852
14.4852
14.4852
14.4852
14.4852
14.4852
14.4852
14.4852
14.4852
14.4852
14.4852
14.4852
14.4852
14.4852
14.4852
14.4852
14.4852
14.4852
14.4852
14.4852
14.4852
14.4852
14.4852
14.4852
14.4852
14.4852
14.4852
14.4852
14.4852
14.4852
14.4852
14.4852
14.4852
14.4852
14.4852
14.4852
14.4852
14.4852
14.4852
14.4852
14.4852
14.4852
14.4852
14.4852
14.4852
14.4852
14.4852
14.4852
14.4852
14.4852
14.4852
14.4852
14.4852
14.4852
14.4852
14.4852
14.4852
14.4852
14.4852
14.4852
14.4852
14.4852
14.4852
14.4852
14.4852
14.4852
14.4852
14.4852
14.4852
14.4852
14.4852
14.4852
14.4852
14.4852
14.4852
14.4852
14.4852
14.4852
14.4852
14.4852
14.4852
11.2663
11.2663
11.2663
11.2663
11.2663
11.2663
11.2663
11.2663
11.2663
11.2663
11.2663
11.2663
11.2663
11.2663
11.2663
11.2663
11.2663
11.2663
11.2663
11.2663
11.2663
11.2663
11.2663
11.2663
11.2663
11.2663
11.2663
11.2663
11.2663
11.2663
11.2663
11.2663
11.2663
11.2663
11.2663
11.2663
11.2663
11.2663
11.2663
11.2663
11.2663
11.2663
11.2663
11.2663
11.2663
11.2663
11.2663
11.2663
11.2663
11.2663
11.2663
11.2663
11.2663
11.2663
11.2663
11.2663
11.2663
11.2663
11.2663
11.2663
11.2663
11.2663
11.2663
11.2663
11.2663
11.2663
11.2663
11.2663
11.2663
11.2663
11.2663
11.2663
11.2663
11.2663
11.2663
11.2663
11.2663
11.2663
11.2663
11.2663
11.2663
11.2663
11.2663
11.2663
11.2663
11.2663
11.2663
11.2663
11.2663
11.2663
11.2663
11.2663
11.2663
11.2663
11.2663
11.2663
11.2663
11.2663
11.2663
11.2663
8.04735
8.04735
8.04735
8.04735
8.04735
8.04735
8.04735
8.04735
8.04735
8.04735
8.04735
8.04735
8.04735
8.04735
8.04735
8.04735
8.04735
8.04735
8.04735
8.04735
8.04735
8.04735
8.04735
8.04735
8.04735
8.04735
8.04735
8.04735
8.04735
8.04735
8.04735
8.04735
8.04735
8.04735
8.04735
8.04735
8.04735
8.04735
8.04735
8.04735
8.04735
8.04735
8.04735
8.04735
8.04735
8.04735
8.04734
8.04735
8.04735
8.04735
8.04734
8.04735
8.04735
8.04735
8.04735
8.04735
8.04734
8.04734
8.04734
8.04734
8.04735
8.04735
8.04735
8.04735
8.04735
8.04735
8.04735
8.04735
8.04735
8.04734
8.04735
8.04735
8.04735
8.04735
8.04735
8.04735
8.04735
8.04735
8.04735
8.04735
8.04735
8.04735
8.04735
8.04735
8.04735
8.04735
8.04735
8.04735
8.04735
8.04735
8.04735
8.04735
8.04735
8.04735
8.04735
8.04735
8.04735
8.04735
8.04735
8.04735
4.82841
4.82841
4.82841
4.82841
4.82841
4.82841
4.82841
4.82841
4.82841
4.82841
4.82841
4.82841
4.82841
4.82841
4.82841
4.82841
4.82841
4.82841
4.82841
4.82841
4.82841
4.82841
4.82841
4.82841
4.82841
4.82841
4.82841
4.82841
4.82841
4.82841
4.82841
4.82841
4.82841
4.82841
4.82841
4.82841
4.82841
4.82841
4.82841
4.82841
4.82841
4.82841
4.82841
4.82841
4.82841
4.82841
4.82841
4.82841
4.82841
4.82841
4.82841
4.82841
4.82841
4.82841
4.82841
4.82841
4.82841
4.82841
4.82841
4.82841
4.82841
4.82841
4.82841
4.82841
4.82841
4.82841
4.82841
4.82841
4.82841
4.82841
4.82841
4.82841
4.82841
4.82841
4.82841
4.82841
4.82841
4.82841
4.82841
4.82841
4.82841
4.82841
4.82841
4.82841
4.82841
4.82841
4.82841
4.82841
4.82841
4.82841
4.82841
4.82841
4.82841
4.8284
4.8284
4.8284
4.8284
4.8284
4.8284
4.8284
1.60947
1.60947
1.60947
1.60947
1.60947
1.60947
1.60947
1.60947
1.60947
1.60947
1.60947
1.60947
1.60947
1.60947
1.60947
1.60947
1.60947
1.60947
1.60947
1.60947
1.60947
1.60947
1.60947
1.60947
1.60947
1.60947
1.60947
1.60947
1.60947
1.60947
1.60947
1.60947
1.60947
1.60947
1.60947
1.60947
1.60947
1.60947
1.60947
1.60947
1.60947
1.60947
1.60947
1.60947
1.60947
1.60947
1.60947
1.60947
1.60947
1.60947
1.60947
1.60947
1.60947
1.60947
1.60947
1.60947
1.60947
1.60947
1.60947
1.60947
1.60947
1.60947
1.60947
1.60947
1.60947
1.60947
1.60947
1.60947
1.60947
1.60947
1.60947
1.60947
1.60947
1.60947
1.60947
1.60947
1.60947
1.60947
1.60947
1.60947
1.60947
1.60947
1.60947
1.60947
1.60946
1.60946
1.60946
1.60947
1.60947
1.60947
1.60946
1.60946
1.60946
1.60946
1.60946
1.60946
1.60946
1.60946
1.60946
1.60946
98.2682
97.6876
97.323
97.0565
96.9184
96.9184
97.0565
97.323
97.6876
98.2682
89.154
88.3063
87.748
87.3533
87.15
87.15
87.3533
87.748
88.3063
89.154
81.587
80.6116
79.975
79.5315
79.3039
79.3039
79.5315
79.975
80.6116
81.587
76.3625
75.3604
74.7148
74.2717
74.0446
74.0446
74.2717
74.7148
75.3604
76.3625
72.4421
71.4473
70.8096
70.3805
70.1607
70.1607
70.3805
70.8096
71.4473
72.4421
69.2669
68.2991
67.6772
67.269
67.0603
67.0603
67.269
67.6772
68.2991
69.2669
66.648
65.728
65.1315
64.7504
64.5564
64.5564
64.7504
65.1315
65.728
66.648
64.4791
63.6303
63.0715
62.723
62.5463
62.5463
62.723
63.0715
63.6303
64.4791
62.6804
61.9189
61.4105
61.0994
60.9418
60.9418
61.0994
61.4105
61.9189
62.6804
61.272
60.5107
60.0611
59.7876
59.649
59.649
59.7876
60.0611
60.5107
61.272
62.3776
62.5501
62.7377
62.8642
62.9297
62.9297
62.8642
62.7377
62.5501
62.3777
62.8
62.8945
63.021
63.1022
63.1437
63.1437
63.1022
63.021
62.8945
62.8001
62.7773
62.7744
62.827
62.8553
62.8693
62.8693
62.8553
62.827
62.7744
62.7773
62.3678
62.2749
62.2596
62.2412
62.2312
62.2312
62.2412
62.2596
62.2749
62.3678
61.774
61.6072
61.5341
61.4783
61.4489
61.4489
61.4783
61.5341
61.6072
61.774
61.1047
60.8823
60.7624
60.6786
60.6349
60.6349
60.6786
60.7624
60.8823
61.1047
60.4149
60.157
60.0033
59.9012
59.8483
59.8483
59.9012
60.0033
60.157
60.4149
59.736
59.4663
59.2943
59.1836
59.1265
59.1265
59.1836
59.2943
59.4663
59.736
59.1036
58.8382
58.6597
58.5476
58.4894
58.4894
58.5476
58.6597
58.8382
59.1036
58.6209
58.2736
58.0903
57.9775
57.9188
57.9188
57.9775
58.0903
58.2736
58.6209
57.7855
57.7712
57.7729
57.7695
57.7679
57.7679
57.7695
57.7729
57.7712
57.7855
58.196
58.1795
58.1806
58.1755
58.1729
58.1729
58.1755
58.1806
58.1795
58.196
58.5359
58.501
58.4907
58.4759
58.468
58.468
58.4759
58.4907
58.501
58.5359
58.5892
58.521
58.4887
58.458
58.4416
58.4416
58.458
58.4887
58.521
58.5892
58.4457
58.3424
58.2858
58.239
58.2143
58.2143
58.239
58.2858
58.3424
58.4457
58.1996
58.0659
57.9869
57.9269
57.8953
57.8953
57.9269
57.9869
58.0659
58.1997
57.8993
57.7433
57.6463
57.5769
57.5405
57.5405
57.5769
57.6463
57.7433
57.8993
57.5715
57.4053
57.2969
57.2226
57.1838
57.1838
57.2226
57.297
57.4053
57.5715
57.249
57.0802
56.9646
56.8879
56.8478
56.8478
56.8879
56.9646
57.0802
57.2491
57.0068
56.774
56.6479
56.5674
56.5256
56.5256
56.5674
56.6479
56.774
57.0068
53.0922
53.1119
53.1368
53.1528
53.1612
53.1612
53.1528
53.1368
53.1119
53.0922
53.3021
53.3257
53.3546
53.3729
53.3826
53.3826
53.3729
53.3546
53.3257
53.3021
53.4804
53.5017
53.5303
53.5478
53.557
53.557
53.5478
53.5303
53.5017
53.4804
53.5664
53.5773
53.5992
53.6113
53.6176
53.6176
53.6113
53.5992
53.5773
53.5664
53.5809
53.5775
53.5891
53.5937
53.596
53.596
53.5937
53.5891
53.5775
53.5809
53.5474
53.5292
53.5293
53.5262
53.5245
53.5245
53.5262
53.5293
53.5292
53.5474
53.4793
53.4484
53.4378
53.4281
53.4228
53.4228
53.4281
53.4378
53.4484
53.4793
53.3866
53.3476
53.3287
53.314
53.3059
53.3059
53.314
53.3287
53.3476
53.3866
53.2871
53.2423
53.2153
53.1959
53.1854
53.1854
53.1959
53.2153
53.2423
53.2871
53.2259
53.1374
53.0965
53.0698
53.0556
53.0556
53.0698
53.0965
53.1374
53.2259
49.8912
49.8913
49.8933
49.8934
49.8935
49.8935
49.8934
49.8933
49.8913
49.8912
49.9895
49.9932
49.9984
50.0007
50.0018
50.0018
50.0007
49.9984
49.9932
49.9895
50.0899
50.0951
50.102
50.105
50.1066
50.1066
50.105
50.102
50.0951
50.0899
50.1582
50.1613
50.1672
50.1691
50.17
50.17
50.1691
50.1672
50.1613
50.1582
50.1965
50.1952
50.1982
50.1979
50.1975
50.1975
50.1979
50.1982
50.1952
50.1965
50.2115
50.2049
50.2041
50.2011
50.1993
50.1993
50.2011
50.2041
50.2049
50.2115
50.2082
50.1965
50.1917
50.1861
50.1829
50.1829
50.1861
50.1917
50.1965
50.2082
50.1908
50.1754
50.1672
50.1595
50.1552
50.1552
50.1595
50.1672
50.1754
50.1908
50.1686
50.1499
50.1374
50.1273
50.1217
50.1217
50.1273
50.1374
50.1499
50.1686
50.1632
50.1215
50.1009
50.0866
50.0791
50.0791
50.0866
50.1009
50.1215
50.1632
46.5925
46.5955
46.5992
46.6014
46.6026
46.6026
46.6014
46.5992
46.5955
46.5925
46.6334
46.6382
46.6435
46.6468
46.6485
46.6485
46.6468
46.6435
46.6382
46.6334
46.6751
46.6811
46.6876
46.6916
46.6937
46.6937
46.6916
46.6876
46.6811
46.6751
46.7066
46.7124
46.7191
46.7231
46.7252
46.7252
46.7231
46.7191
46.7124
46.7066
46.7279
46.7325
46.7385
46.7418
46.7435
46.7435
46.7418
46.7385
46.7325
46.7279
46.7406
46.7433
46.748
46.7502
46.7514
46.7514
46.7502
46.748
46.7433
46.7406
46.7454
46.7461
46.7492
46.7503
46.7508
46.7508
46.7503
46.7492
46.7461
46.7454
46.7437
46.7428
46.7443
46.7444
46.7443
46.7443
46.7444
46.7443
46.7428
46.7437
46.7396
46.7369
46.736
46.7346
46.7337
46.7337
46.7346
46.736
46.7369
46.7396
46.7437
46.7292
46.7234
46.7192
46.717
46.717
46.7192
46.7234
46.7292
46.7437
43.4187
43.4191
43.4197
43.4198
43.4199
43.4199
43.4198
43.4197
43.4191
43.4187
43.4359
43.4371
43.4385
43.4392
43.4395
43.4395
43.4392
43.4385
43.4371
43.4359
43.4554
43.4575
43.4596
43.4607
43.4612
43.4612
43.4607
43.4596
43.4575
43.4554
43.4723
43.4747
43.4771
43.4784
43.4791
43.4791
43.4784
43.4771
43.4747
43.4724
43.486
43.4883
43.4908
43.492
43.4926
43.4926
43.492
43.4908
43.4883
43.486
43.4967
43.4987
43.5009
43.5018
43.5023
43.5023
43.5018
43.5009
43.4987
43.4967
43.5046
43.506
43.5078
43.5084
43.5087
43.5087
43.5084
43.5078
43.506
43.5046
43.5098
43.5108
43.5121
43.5124
43.5125
43.5125
43.5124
43.5121
43.5108
43.5098
43.5143
43.5145
43.5149
43.5146
43.5143
43.5143
43.5146
43.5149
43.5145
43.5143
43.5222
43.5173
43.5154
43.5138
43.513
43.513
43.5138
43.5154
43.5173
43.5222
40.2088
40.2093
40.21
40.2103
40.2105
40.2105
40.2103
40.21
40.2093
40.2088
40.2153
40.2163
40.2172
40.2178
40.2181
40.2181
40.2178
40.2172
40.2163
40.2153
40.2228
40.2241
40.2254
40.2262
40.2267
40.2267
40.2262
40.2254
40.2241
40.2228
40.2297
40.2312
40.2328
40.2337
40.2342
40.2342
40.2337
40.2328
40.2312
40.2297
40.2357
40.2373
40.239
40.2399
40.2405
40.2405
40.2399
40.239
40.2373
40.2357
40.2407
40.2423
40.2439
40.2449
40.2454
40.2454
40.2449
40.2439
40.2423
40.2407
40.2447
40.2462
40.2477
40.2485
40.249
40.249
40.2485
40.2477
40.2462
40.2447
40.2477
40.249
40.2504
40.2511
40.2514
40.2514
40.2511
40.2504
40.249
40.2477
40.2503
40.2513
40.2523
40.2527
40.2528
40.2528
40.2527
40.2523
40.2513
40.2503
40.2544
40.2532
40.253
40.2528
40.2526
40.2526
40.2528
40.253
40.2532
40.2545
37.0057
37.0059
37.006
37.006
37.006
37.006
37.006
37.006
37.0059
37.0057
37.0082
37.0085
37.0087
37.0089
37.0089
37.0089
37.0089
37.0087
37.0085
37.0082
37.0113
37.0118
37.0122
37.0125
37.0126
37.0126
37.0125
37.0122
37.0118
37.0113
37.0145
37.0152
37.0157
37.0161
37.0162
37.0162
37.0161
37.0157
37.0152
37.0145
37.0176
37.0184
37.0191
37.0194
37.0196
37.0196
37.0194
37.0191
37.0184
37.0176
37.0206
37.0214
37.0221
37.0225
37.0228
37.0228
37.0225
37.0221
37.0214
37.0206
37.0233
37.0241
37.0249
37.0253
37.0255
37.0255
37.0253
37.0249
37.0241
37.0233
37.0257
37.0265
37.0273
37.0277
37.0278
37.0278
37.0277
37.0273
37.0265
37.0257
37.028
37.0288
37.0294
37.0297
37.0298
37.0298
37.0297
37.0294
37.0288
37.028
37.031
37.0309
37.0311
37.0311
37.0311
37.0311
37.0311
37.0311
37.0309
37.031
33.792
33.7922
33.7923
33.7923
33.7923
33.7923
33.7923
33.7923
33.7922
33.792
33.7928
33.793
33.7931
33.7932
33.7933
33.7933
33.7932
33.7931
33.793
33.7928
33.7939
33.7941
33.7943
33.7945
33.7946
33.7946
33.7945
33.7943
33.7941
33.7939
33.795
33.7954
33.7956
33.7958
33.7959
33.7959
33.7958
33.7956
33.7954
33.795
33.7963
33.7967
33.797
33.7972
33.7974
33.7974
33.7972
33.797
33.7967
33.7963
33.7975
33.7979
33.7983
33.7986
33.7987
33.7987
33.7986
33.7983
33.7979
33.7975
33.7987
33.7991
33.7996
33.7998
33.7999
33.7999
33.7998
33.7996
33.7991
33.7987
33.7997
33.8002
33.8007
33.8009
33.801
33.801
33.8009
33.8007
33.8002
33.7997
33.8008
33.8013
33.8017
33.8019
33.802
33.802
33.8019
33.8017
33.8013
33.8008
33.8021
33.8022
33.8024
33.8025
33.8026
33.8026
33.8025
33.8024
33.8022
33.8021
30.5772
30.5772
30.5772
30.5772
30.5772
30.5772
30.5772
30.5772
30.5772
30.5772
30.5774
30.5775
30.5775
30.5775
30.5775
30.5775
30.5775
30.5775
30.5775
30.5774
30.5778
30.5779
30.5779
30.578
30.578
30.578
30.578
30.5779
30.5779
30.5778
30.5783
30.5784
30.5785
30.5785
30.5786
30.5786
30.5785
30.5785
30.5784
30.5783
30.5788
30.579
30.5791
30.5792
30.5793
30.5793
30.5792
30.5791
30.579
30.5788
30.5794
30.5796
30.5798
30.5799
30.58
30.58
30.5799
30.5798
30.5796
30.5794
30.5801
30.5803
30.5805
30.5806
30.5807
30.5807
30.5806
30.5805
30.5803
30.5801
30.5807
30.581
30.5812
30.5813
30.5814
30.5814
30.5813
30.5812
30.581
30.5807
30.5814
30.5816
30.5818
30.5819
30.582
30.582
30.5819
30.5818
30.5816
30.5814
30.5821
30.5823
30.5824
30.5825
30.5825
30.5825
30.5825
30.5824
30.5823
30.5821
27.3597
27.3597
27.3597
27.3597
27.3597
27.3597
27.3597
27.3597
27.3597
27.3597
27.3597
27.3597
27.3597
27.3597
27.3597
27.3597
27.3597
27.3597
27.3597
27.3597
27.3598
27.3598
27.3598
27.3598
27.3599
27.3599
27.3598
27.3598
27.3598
27.3598
27.3599
27.36
27.36
27.36
27.3601
27.3601
27.36
27.36
27.36
27.3599
27.3601
27.3602
27.3602
27.3603
27.3603
27.3603
27.3603
27.3602
27.3602
27.3601
27.3603
27.3604
27.3605
27.3606
27.3606
27.3606
27.3606
27.3605
27.3604
27.3603
27.3606
27.3607
27.3608
27.3608
27.3609
27.3609
27.3608
27.3608
27.3607
27.3606
27.3608
27.361
27.3611
27.3611
27.3612
27.3612
27.3611
27.3611
27.361
27.3608
27.3611
27.3612
27.3613
27.3614
27.3614
27.3614
27.3614
27.3613
27.3612
27.3611
27.3614
27.3615
27.3616
27.3616
27.3617
27.3617
27.3616
27.3616
27.3615
27.3614
24.1416
24.1416
24.1416
24.1416
24.1416
24.1416
24.1416
24.1416
24.1416
24.1416
24.1416
24.1416
24.1416
24.1416
24.1416
24.1416
24.1416
24.1416
24.1416
24.1416
24.1416
24.1416
24.1416
24.1416
24.1416
24.1416
24.1416
24.1416
24.1416
24.1416
24.1416
24.1416
24.1416
24.1417
24.1417
24.1417
24.1417
24.1416
24.1416
24.1416
24.1417
24.1417
24.1417
24.1418
24.1418
24.1418
24.1418
24.1417
24.1417
24.1417
24.1418
24.1418
24.1419
24.1419
24.1419
24.1419
24.1419
24.1419
24.1418
24.1418
24.1419
24.142
24.142
24.142
24.142
24.142
24.142
24.142
24.142
24.1419
24.142
24.1421
24.1422
24.1422
24.1422
24.1422
24.1422
24.1422
24.1421
24.142
24.1422
24.1423
24.1423
24.1423
24.1423
24.1423
24.1423
24.1423
24.1423
24.1422
24.1423
24.1424
24.1424
24.1425
24.1425
24.1425
24.1425
24.1424
24.1424
24.1423
20.9229
20.9229
20.9229
20.9229
20.9229
20.9229
20.9229
20.9229
20.9229
20.9229
20.9229
20.9229
20.9229
20.9229
20.9229
20.9229
20.9229
20.9229
20.9229
20.9229
20.9229
20.9229
20.9229
20.9229
20.9229
20.9229
20.9229
20.9229
20.9229
20.9229
20.9229
20.9229
20.9229
20.9229
20.9229
20.9229
20.9229
20.9229
20.9229
20.9229
20.9229
20.9229
20.9229
20.9229
20.9229
20.9229
20.9229
20.9229
20.9229
20.9229
20.9229
20.923
20.923
20.923
20.923
20.923
20.923
20.923
20.923
20.9229
20.923
20.923
20.923
20.923
20.923
20.923
20.923
20.923
20.923
20.923
20.923
20.9231
20.9231
20.9231
20.9231
20.9231
20.9231
20.9231
20.9231
20.923
20.9231
20.9231
20.9231
20.9231
20.9231
20.9231
20.9231
20.9231
20.9231
20.9231
20.9231
20.9232
20.9232
20.9232
20.9232
20.9232
20.9232
20.9232
20.9232
20.9231
17.7041
17.7041
17.7041
17.7041
17.7041
17.7041
17.7041
17.7041
17.7041
17.7041
17.7041
17.7041
17.7041
17.7041
17.7041
17.7041
17.7041
17.7041
17.7041
17.7041
17.7041
17.7041
17.7041
17.7041
17.7041
17.7041
17.7041
17.7041
17.7041
17.7041
17.7041
17.7041
17.7041
17.7041
17.7041
17.7041
17.7041
17.7041
17.7041
17.7041
17.7041
17.7041
17.7041
17.7041
17.7041
17.7041
17.7041
17.7041
17.7041
17.7041
17.7041
17.7041
17.7041
17.7041
17.7041
17.7041
17.7041
17.7041
17.7041
17.7041
17.7041
17.7041
17.7041
17.7041
17.7041
17.7041
17.7041
17.7041
17.7041
17.7041
17.7041
17.7042
17.7042
17.7042
17.7042
17.7042
17.7042
17.7042
17.7042
17.7041
17.7042
17.7042
17.7042
17.7042
17.7042
17.7042
17.7042
17.7042
17.7042
17.7042
17.7042
17.7042
17.7042
17.7042
17.7042
17.7042
17.7042
17.7042
17.7042
17.7042
14.4852
14.4852
14.4852
14.4852
14.4852
14.4852
14.4852
14.4852
14.4852
14.4852
14.4852
14.4852
14.4852
14.4852
14.4852
14.4852
14.4852
14.4852
14.4852
14.4852
14.4852
14.4852
14.4852
14.4852
14.4852
14.4852
14.4852
14.4852
14.4852
14.4852
14.4852
14.4852
14.4852
14.4852
14.4852
14.4852
14.4852
14.4852
14.4852
14.4852
14.4852
14.4852
14.4852
14.4852
14.4852
14.4852
14.4852
14.4852
14.4852
14.4852
14.4852
14.4852
14.4852
14.4852
14.4852
14.4852
14.4852
14.4852
14.4852
14.4852
14.4852
14.4852
14.4852
14.4852
14.4852
14.4852
14.4852
14.4852
14.4852
14.4852
14.4852
14.4852
14.4852
14.4852
14.4852
14.4852
14.4852
14.4852
14.4852
14.4852
14.4852
14.4852
14.4852
14.4852
14.4852
14.4852
14.4852
14.4852
14.4852
14.4852
14.4852
14.4852
14.4852
14.4852
14.4852
14.4852
14.4852
14.4852
14.4852
14.4852
11.2663
11.2663
11.2663
11.2663
11.2663
11.2663
11.2663
11.2663
11.2663
11.2663
11.2663
11.2663
11.2663
11.2663
11.2663
11.2663
11.2663
11.2663
11.2663
11.2663
11.2663
11.2663
11.2663
11.2663
11.2663
11.2663
11.2663
11.2663
11.2663
11.2663
11.2663
11.2663
11.2663
11.2663
11.2663
11.2663
11.2663
11.2663
11.2663
11.2663
11.2663
11.2663
11.2663
11.2663
11.2663
11.2663
11.2663
11.2663
11.2663
11.2663
11.2663
11.2663
11.2663
11.2663
11.2663
11.2663
11.2663
11.2663
11.2663
11.2663
11.2663
11.2663
11.2663
11.2663
11.2663
11.2663
11.2663
11.2663
11.2663
11.2663
11.2663
11.2663
11.2663
11.2663
11.2663
11.2663
11.2663
11.2663
11.2663
11.2663
11.2663
11.2663
11.2663
11.2663
11.2663
11.2663
11.2663
11.2663
11.2663
11.2663
11.2663
11.2663
11.2663
11.2663
11.2663
11.2663
11.2663
11.2663
11.2663
11.2663
8.04735
8.04735
8.04735
8.04735
8.04735
8.04735
8.04735
8.04735
8.04735
8.04735
8.04735
8.04735
8.04735
8.04735
8.04735
8.04735
8.04735
8.04735
8.04735
8.04735
8.04735
8.04735
8.04735
8.04735
8.04735
8.04735
8.04735
8.04735
8.04735
8.04735
8.04735
8.04735
8.04735
8.04735
8.04735
8.04735
8.04735
8.04735
8.04735
8.04735
8.04735
8.04735
8.04734
8.04734
8.04734
8.04734
8.04734
8.04734
8.04734
8.04735
8.04734
8.04734
8.04734
8.04734
8.04734
8.04734
8.04734
8.04734
8.04734
8.04734
8.04734
8.04735
8.04735
8.04735
8.04735
8.04735
8.04735
8.04735
8.04735
8.04734
8.04735
8.04735
8.04735
8.04735
8.04735
8.04735
8.04735
8.04735
8.04735
8.04735
8.04735
8.04735
8.04735
8.04735
8.04735
8.04735
8.04735
8.04735
8.04735
8.04735
8.04735
8.04735
8.04735
8.04735
8.04735
8.04735
8.04735
8.04735
8.04735
8.04735
4.82841
4.82841
4.82841
4.82841
4.82841
4.82841
4.82841
4.82841
4.82841
4.82841
4.82841
4.82841
4.82841
4.82841
4.82841
4.82841
4.82841
4.82841
4.82841
4.82841
4.82841
4.82841
4.82841
4.82841
4.82841
4.82841
4.82841
4.82841
4.82841
4.82841
4.82841
4.82841
4.82841
4.82841
4.82841
4.82841
4.82841
4.82841
4.82841
4.82841
4.82841
4.82841
4.82841
4.82841
4.82841
4.82841
4.82841
4.82841
4.82841
4.82841
4.82841
4.82841
4.82841
4.82841
4.82841
4.82841
4.82841
4.82841
4.82841
4.82841
4.82841
4.82841
4.82841
4.82841
4.82841
4.82841
4.82841
4.82841
4.82841
4.82841
4.82841
4.82841
4.82841
4.82841
4.82841
4.82841
4.82841
4.82841
4.82841
4.82841
4.82841
4.82841
4.82841
4.8284
4.8284
4.8284
4.8284
4.8284
4.8284
4.82841
4.8284
4.8284
4.8284
4.8284
4.8284
4.8284
4.8284
4.8284
4.8284
4.8284
1.60947
1.60947
1.60947
1.60947
1.60947
1.60947
1.60947
1.60947
1.60947
1.60947
1.60947
1.60947
1.60947
1.60947
1.60947
1.60947
1.60947
1.60947
1.60947
1.60947
1.60947
1.60947
1.60947
1.60947
1.60947
1.60947
1.60947
1.60947
1.60947
1.60947
1.60947
1.60947
1.60947
1.60947
1.60947
1.60947
1.60947
1.60947
1.60947
1.60947
1.60947
1.60947
1.60947
1.60947
1.60947
1.60947
1.60947
1.60947
1.60947
1.60947
1.60947
1.60947
1.60947
1.60947
1.60947
1.60947
1.60947
1.60947
1.60947
1.60947
1.60947
1.60947
1.60947
1.60947
1.60947
1.60947
1.60947
1.60947
1.60947
1.60947
1.60947
1.60947
1.60947
1.60947
1.60947
1.60947
1.60947
1.60947
1.60947
1.60947
1.60947
1.60947
1.60947
1.60946
1.60946
1.60946
1.60946
1.60946
1.60947
1.60947
1.60946
1.60946
1.60946
1.60946
1.60946
1.60946
1.60946
1.60946
1.60946
1.60946
98.2682
97.6876
97.323
97.0565
96.9184
96.9184
97.0565
97.323
97.6876
98.2682
89.154
88.3063
87.748
87.3533
87.15
87.15
87.3533
87.748
88.3063
89.154
81.587
80.6116
79.975
79.5315
79.3039
79.3039
79.5315
79.975
80.6116
81.587
76.3625
75.3604
74.7148
74.2717
74.0446
74.0446
74.2717
74.7148
75.3604
76.3625
72.4421
71.4473
70.8096
70.3805
70.1607
70.1607
70.3805
70.8096
71.4473
72.4421
69.2669
68.2991
67.6772
67.269
67.0603
67.0603
67.269
67.6772
68.2991
69.2669
66.648
65.728
65.1315
64.7504
64.5564
64.5564
64.7504
65.1315
65.728
66.648
64.4791
63.6303
63.0715
62.723
62.5463
62.5463
62.723
63.0715
63.6303
64.4791
62.6804
61.9189
61.4105
61.0994
60.9418
60.9418
61.0994
61.4105
61.9189
62.6804
61.272
60.5107
60.0611
59.7876
59.649
59.649
59.7876
60.0611
60.5107
61.272
62.3777
62.5501
62.7377
62.8642
62.9297
62.9297
62.8642
62.7377
62.5501
62.3776
62.8001
62.8945
63.021
63.1022
63.1437
63.1437
63.1022
63.021
62.8945
62.8
62.7773
62.7744
62.827
62.8553
62.8693
62.8693
62.8553
62.827
62.7744
62.7773
62.3678
62.2749
62.2596
62.2412
62.2312
62.2312
62.2412
62.2596
62.2749
62.3678
61.774
61.6072
61.5341
61.4783
61.4489
61.4489
61.4783
61.5341
61.6072
61.774
61.1047
60.8823
60.7624
60.6786
60.6349
60.6349
60.6786
60.7624
60.8823
61.1047
60.4149
60.157
60.0033
59.9012
59.8483
59.8483
59.9012
60.0033
60.157
60.4149
59.736
59.4663
59.2943
59.1836
59.1265
59.1265
59.1836
59.2943
59.4663
59.736
59.1036
58.8382
58.6597
58.5476
58.4894
58.4894
58.5476
58.6597
58.8382
59.1036
58.6209
58.2736
58.0903
57.9775
57.9188
57.9188
57.9775
58.0903
58.2736
58.6209
57.7855
57.7712
57.7729
57.7695
57.7679
57.7679
57.7695
57.7729
57.7712
57.7855
58.196
58.1795
58.1806
58.1755
58.1729
58.1729
58.1755
58.1806
58.1795
58.196
58.5359
58.501
58.4907
58.4759
58.468
58.468
58.4759
58.4907
58.501
58.5359
58.5892
58.521
58.4887
58.458
58.4416
58.4416
58.458
58.4887
58.521
58.5892
58.4457
58.3424
58.2858
58.239
58.2143
58.2143
58.239
58.2858
58.3424
58.4457
58.1997
58.0659
57.9869
57.9269
57.8953
57.8953
57.9269
57.9869
58.0659
58.1996
57.8993
57.7433
57.6463
57.5769
57.5405
57.5405
57.5769
57.6463
57.7433
57.8993
57.5715
57.4053
57.297
57.2226
57.1838
57.1838
57.2226
57.2969
57.4053
57.5715
57.2491
57.0802
56.9646
56.8879
56.8478
56.8478
56.8879
56.9646
57.0802
57.249
57.0068
56.774
56.6479
56.5674
56.5256
56.5256
56.5674
56.6479
56.774
57.0068
53.0922
53.1119
53.1368
53.1528
53.1612
53.1612
53.1528
53.1368
53.1119
53.0922
53.3021
53.3257
53.3546
53.3729
53.3826
53.3826
53.3729
53.3546
53.3257
53.3021
53.4804
53.5017
53.5303
53.5478
53.557
53.557
53.5478
53.5303
53.5017
53.4804
53.5664
53.5773
53.5992
53.6113
53.6176
53.6176
53.6113
53.5992
53.5773
53.5664
53.5809
53.5775
53.5891
53.5937
53.596
53.596
53.5937
53.5891
53.5775
53.5809
53.5474
53.5292
53.5293
53.5262
53.5245
53.5245
53.5262
53.5293
53.5292
53.5474
53.4793
53.4484
53.4378
53.4281
53.4228
53.4228
53.4281
53.4378
53.4484
53.4793
53.3866
53.3476
53.3287
53.314
53.3059
53.3059
53.314
53.3287
53.3476
53.3866
53.2871
53.2423
53.2153
53.1959
53.1854
53.1854
53.1959
53.2153
53.2423
53.2871
53.2259
53.1374
53.0965
53.0698
53.0556
53.0556
53.0698
53.0965
53.1374
53.2259
49.8912
49.8913
49.8933
49.8934
49.8935
49.8935
49.8934
49.8933
49.8913
49.8912
49.9895
49.9932
49.9984
50.0007
50.0018
50.0018
50.0007
49.9984
49.9932
49.9895
50.0899
50.0951
50.102
50.105
50.1066
50.1066
50.105
50.102
50.0951
50.0899
50.1582
50.1613
50.1672
50.1691
50.17
50.17
50.1691
50.1672
50.1613
50.1582
50.1965
50.1952
50.1982
50.1979
50.1975
50.1975
50.1979
50.1982
50.1952
50.1965
50.2115
50.2049
50.2041
50.2011
50.1993
50.1993
50.2011
50.2041
50.2049
50.2115
50.2082
50.1965
50.1917
50.1861
50.1829
50.1829
50.1861
50.1917
50.1965
50.2082
50.1908
50.1754
50.1672
50.1595
50.1552
50.1552
50.1595
50.1672
50.1754
50.1908
50.1686
50.1499
50.1374
50.1273
50.1217
50.1217
50.1273
50.1374
50.1499
50.1686
50.1632
50.1215
50.1009
50.0866
50.0791
50.0791
50.0866
50.1009
50.1215
50.1632
46.5925
46.5955
46.5992
46.6014
46.6026
46.6026
46.6014
46.5992
46.5955
46.5925
46.6334
46.6382
46.6435
46.6468
46.6485
46.6485
46.6468
46.6435
46.6382
46.6334
46.6751
46.6811
46.6876
46.6916
46.6937
46.6937
46.6916
46.6876
46.6811
46.6751
46.7066
46.7124
46.7191
46.7231
46.7252
46.7252
46.7231
46.7191
46.7124
46.7066
46.7279
46.7325
46.7385
46.7418
46.7435
46.7435
46.7418
46.7385
46.7325
46.7279
46.7406
46.7433
46.748
46.7502
46.7514
46.7514
46.7502
46.748
46.7433
46.7406
46.7454
46.7461
46.7492
46.7503
46.7508
46.7508
46.7503
46.7492
46.7461
46.7454
46.7437
46.7428
46.7443
46.7444
46.7443
46.7443
46.7444
46.7443
46.7428
46.7437
46.7396
46.7369
46.736
46.7346
46.7337
46.7337
46.7346
46.736
46.7369
46.7396
46.7437
46.7292
46.7234
46.7192
46.717
46.717
46.7192
46.7234
46.7292
46.7437
43.4187
43.4191
43.4197
43.4198
43.4199
43.4199
43.4198
43.4197
43.4191
43.4187
43.4359
43.4371
43.4385
43.4392
43.4395
43.4395
43.4392
43.4385
43.4371
43.4359
43.4554
43.4575
43.4596
43.4607
43.4612
43.4612
43.4607
43.4596
43.4575
43.4554
43.4724
43.4747
43.4771
43.4784
43.4791
43.4791
43.4784
43.4771
43.4747
43.4723
43.486
43.4883
43.4908
43.492
43.4926
43.4926
43.492
43.4908
43.4883
43.486
43.4967
43.4987
43.5009
43.5018
43.5023
43.5023
43.5018
43.5009
43.4987
43.4967
43.5046
43.506
43.5078
43.5084
43.5087
43.5087
43.5084
43.5078
43.506
43.5046
43.5098
43.5108
43.5121
43.5124
43.5125
43.5125
43.5124
43.5121
43.5108
43.5098
43.5143
43.5145
43.5149
43.5146
43.5143
43.5143
43.5146
43.5149
43.5145
43.5143
43.5222
43.5173
43.5154
43.5138
43.513
43.513
43.5138
43.5154
43.5173
43.5222
40.2088
40.2093
40.21
40.2103
40.2105
40.2105
40.2103
40.21
40.2093
40.2088
40.2153
40.2163
40.2172
40.2178
40.2181
40.2181
40.2178
40.2172
40.2163
40.2153
40.2228
40.2241
40.2254
40.2262
40.2267
40.2267
40.2262
40.2254
40.2241
40.2228
40.2297
40.2312
40.2328
40.2337
40.2342
40.2342
40.2337
40.2328
40.2312
40.2297
40.2357
40.2373
40.239
40.2399
40.2405
40.2405
40.2399
40.239
40.2373
40.2357
40.2407
40.2423
40.2439
40.2449
40.2454
40.2454
40.2449
40.2439
40.2423
40.2407
40.2447
40.2462
40.2477
40.2485
40.249
40.249
40.2485
40.2477
40.2462
40.2447
40.2477
40.249
40.2504
40.2511
40.2514
40.2514
40.2511
40.2504
40.249
40.2477
40.2503
40.2513
40.2523
40.2527
40.2528
40.2528
40.2527
40.2523
40.2513
40.2503
40.2545
40.2532
40.253
40.2528
40.2526
40.2526
40.2528
40.253
40.2532
40.2544
37.0057
37.0059
37.006
37.006
37.006
37.006
37.006
37.006
37.0059
37.0057
37.0082
37.0085
37.0087
37.0089
37.0089
37.0089
37.0089
37.0087
37.0085
37.0082
37.0113
37.0118
37.0122
37.0125
37.0126
37.0126
37.0125
37.0122
37.0118
37.0113
37.0145
37.0152
37.0157
37.0161
37.0162
37.0162
37.0161
37.0157
37.0152
37.0145
37.0176
37.0184
37.0191
37.0194
37.0196
37.0196
37.0194
37.0191
37.0184
37.0176
37.0206
37.0214
37.0221
37.0225
37.0228
37.0228
37.0225
37.0221
37.0214
37.0206
37.0233
37.0241
37.0249
37.0253
37.0255
37.0255
37.0253
37.0249
37.0241
37.0233
37.0257
37.0265
37.0273
37.0277
37.0278
37.0278
37.0277
37.0273
37.0265
37.0257
37.028
37.0288
37.0294
37.0297
37.0298
37.0298
37.0297
37.0294
37.0288
37.028
37.031
37.0309
37.0311
37.0311
37.0311
37.0311
37.0311
37.0311
37.0309
37.031
33.792
33.7922
33.7923
33.7923
33.7923
33.7923
33.7923
33.7923
33.7922
33.792
33.7928
33.793
33.7931
33.7932
33.7933
33.7933
33.7932
33.7931
33.793
33.7928
33.7939
33.7941
33.7943
33.7945
33.7946
33.7946
33.7945
33.7943
33.7941
33.7939
33.795
33.7954
33.7956
33.7958
33.7959
33.7959
33.7958
33.7956
33.7954
33.795
33.7963
33.7967
33.797
33.7972
33.7974
33.7974
33.7972
33.797
33.7967
33.7963
33.7975
33.7979
33.7983
33.7986
33.7987
33.7987
33.7986
33.7983
33.7979
33.7975
33.7987
33.7991
33.7996
33.7998
33.7999
33.7999
33.7998
33.7996
33.7991
33.7987
33.7997
33.8002
33.8007
33.8009
33.801
33.801
33.8009
33.8007
33.8002
33.7997
33.8008
33.8013
33.8017
33.8019
33.802
33.802
33.8019
33.8017
33.8013
33.8008
33.8021
33.8022
33.8024
33.8025
33.8026
33.8026
33.8025
33.8024
33.8022
33.8021
30.5772
30.5772
30.5772
30.5772
30.5772
30.5772
30.5772
30.5772
30.5772
30.5772
30.5774
30.5775
30.5775
30.5775
30.5775
30.5775
30.5775
30.5775
30.5775
30.5774
30.5778
30.5779
30.5779
30.578
30.578
30.578
30.578
30.5779
30.5779
30.5778
30.5783
30.5784
30.5785
30.5785
30.5786
30.5786
30.5785
30.5785
30.5784
30.5783
30.5788
30.579
30.5791
30.5792
30.5793
30.5793
30.5792
30.5791
30.579
30.5788
30.5794
30.5796
30.5798
30.5799
30.58
30.58
30.5799
30.5798
30.5796
30.5794
30.5801
30.5803
30.5805
30.5806
30.5807
30.5807
30.5806
30.5805
30.5803
30.5801
30.5807
30.581
30.5812
30.5813
30.5814
30.5814
30.5813
30.5812
30.581
30.5807
30.5814
30.5816
30.5818
30.5819
30.582
30.582
30.5819
30.5818
30.5816
30.5814
30.5821
30.5823
30.5824
30.5825
30.5825
30.5825
30.5825
30.5824
30.5823
30.5821
27.3597
27.3597
27.3597
27.3597
27.3597
27.3597
27.3597
27.3597
27.3597
27.3597
27.3597
27.3597
27.3597
27.3597
27.3597
27.3597
27.3597
27.3597
27.3597
27.3597
27.3598
27.3598
27.3598
27.3598
27.3599
27.3599
27.3598
27.3598
27.3598
27.3598
27.3599
27.36
27.36
27.36
27.3601
27.3601
27.36
27.36
27.36
27.3599
27.3601
27.3602
27.3602
27.3603
27.3603
27.3603
27.3603
27.3602
27.3602
27.3601
27.3603
27.3604
27.3605
27.3606
27.3606
27.3606
27.3606
27.3605
27.3604
27.3603
27.3606
27.3607
27.3608
27.3608
27.3609
27.3609
27.3608
27.3608
27.3607
27.3606
27.3608
27.361
27.3611
27.3611
27.3612
27.3612
27.3611
27.3611
27.361
27.3608
27.3611
27.3612
27.3613
27.3614
27.3614
27.3614
27.3614
27.3613
27.3612
27.3611
27.3614
27.3615
27.3616
27.3616
27.3617
27.3617
27.3616
27.3616
27.3615
27.3614
24.1416
24.1416
24.1416
24.1416
24.1416
24.1416
24.1416
24.1416
24.1416
24.1416
24.1416
24.1416
24.1416
24.1416
24.1416
24.1416
24.1416
24.1416
24.1416
24.1416
24.1416
24.1416
24.1416
24.1416
24.1416
24.1416
24.1416
24.1416
24.1416
24.1416
24.1416
24.1416
24.1416
24.1417
24.1417
24.1417
24.1417
24.1416
24.1416
24.1416
24.1417
24.1417
24.1417
24.1418
24.1418
24.1418
24.1418
24.1417
24.1417
24.1417
24.1418
24.1418
24.1419
24.1419
24.1419
24.1419
24.1419
24.1419
24.1418
24.1418
24.1419
24.142
24.142
24.142
24.142
24.142
24.142
24.142
24.142
24.1419
24.142
24.1421
24.1422
24.1422
24.1422
24.1422
24.1422
24.1422
24.1421
24.142
24.1422
24.1423
24.1423
24.1423
24.1423
24.1423
24.1423
24.1423
24.1423
24.1422
24.1423
24.1424
24.1424
24.1425
24.1425
24.1425
24.1425
24.1424
24.1424
24.1423
20.9229
20.9229
20.9229
20.9229
20.9229
20.9229
20.9229
20.9229
20.9229
20.9229
20.9229
20.9229
20.9229
20.9229
20.9229
20.9229
20.9229
20.9229
20.9229
20.9229
20.9229
20.9229
20.9229
20.9229
20.9229
20.9229
20.9229
20.9229
20.9229
20.9229
20.9229
20.9229
20.9229
20.9229
20.9229
20.9229
20.9229
20.9229
20.9229
20.9229
20.9229
20.9229
20.9229
20.9229
20.9229
20.9229
20.9229
20.9229
20.9229
20.9229
20.9229
20.923
20.923
20.923
20.923
20.923
20.923
20.923
20.923
20.9229
20.923
20.923
20.923
20.923
20.923
20.923
20.923
20.923
20.923
20.923
20.923
20.9231
20.9231
20.9231
20.9231
20.9231
20.9231
20.9231
20.9231
20.923
20.9231
20.9231
20.9231
20.9231
20.9231
20.9231
20.9231
20.9231
20.9231
20.9231
20.9231
20.9232
20.9232
20.9232
20.9232
20.9232
20.9232
20.9232
20.9232
20.9231
17.7041
17.7041
17.7041
17.7041
17.7041
17.7041
17.7041
17.7041
17.7041
17.7041
17.7041
17.7041
17.7041
17.7041
17.7041
17.7041
17.7041
17.7041
17.7041
17.7041
17.7041
17.7041
17.7041
17.7041
17.7041
17.7041
17.7041
17.7041
17.7041
17.7041
17.7041
17.7041
17.7041
17.7041
17.7041
17.7041
17.7041
17.7041
17.7041
17.7041
17.7041
17.7041
17.7041
17.7041
17.7041
17.7041
17.7041
17.7041
17.7041
17.7041
17.7041
17.7041
17.7041
17.7041
17.7041
17.7041
17.7041
17.7041
17.7041
17.7041
17.7041
17.7041
17.7041
17.7041
17.7041
17.7041
17.7041
17.7041
17.7041
17.7041
17.7041
17.7042
17.7042
17.7042
17.7042
17.7042
17.7042
17.7042
17.7042
17.7041
17.7042
17.7042
17.7042
17.7042
17.7042
17.7042
17.7042
17.7042
17.7042
17.7042
17.7042
17.7042
17.7042
17.7042
17.7042
17.7042
17.7042
17.7042
17.7042
17.7042
14.4852
14.4852
14.4852
14.4852
14.4852
14.4852
14.4852
14.4852
14.4852
14.4852
14.4852
14.4852
14.4852
14.4852
14.4852
14.4852
14.4852
14.4852
14.4852
14.4852
14.4852
14.4852
14.4852
14.4852
14.4852
14.4852
14.4852
14.4852
14.4852
14.4852
14.4852
14.4852
14.4852
14.4852
14.4852
14.4852
14.4852
14.4852
14.4852
14.4852
14.4852
14.4852
14.4852
14.4852
14.4852
14.4852
14.4852
14.4852
14.4852
14.4852
14.4852
14.4852
14.4852
14.4852
14.4852
14.4852
14.4852
14.4852
14.4852
14.4852
14.4852
14.4852
14.4852
14.4852
14.4852
14.4852
14.4852
14.4852
14.4852
14.4852
14.4852
14.4852
14.4852
14.4852
14.4852
14.4852
14.4852
14.4852
14.4852
14.4852
14.4852
14.4852
14.4852
14.4852
14.4852
14.4852
14.4852
14.4852
14.4852
14.4852
14.4852
14.4852
14.4852
14.4852
14.4852
14.4852
14.4852
14.4852
14.4852
14.4852
11.2663
11.2663
11.2663
11.2663
11.2663
11.2663
11.2663
11.2663
11.2663
11.2663
11.2663
11.2663
11.2663
11.2663
11.2663
11.2663
11.2663
11.2663
11.2663
11.2663
11.2663
11.2663
11.2663
11.2663
11.2663
11.2663
11.2663
11.2663
11.2663
11.2663
11.2663
11.2663
11.2663
11.2663
11.2663
11.2663
11.2663
11.2663
11.2663
11.2663
11.2663
11.2663
11.2663
11.2663
11.2663
11.2663
11.2663
11.2663
11.2663
11.2663
11.2663
11.2663
11.2663
11.2663
11.2663
11.2663
11.2663
11.2663
11.2663
11.2663
11.2663
11.2663
11.2663
11.2663
11.2663
11.2663
11.2663
11.2663
11.2663
11.2663
11.2663
11.2663
11.2663
11.2663
11.2663
11.2663
11.2663
11.2663
11.2663
11.2663
11.2663
11.2663
11.2663
11.2663
11.2663
11.2663
11.2663
11.2663
11.2663
11.2663
11.2663
11.2663
11.2663
11.2663
11.2663
11.2663
11.2663
11.2663
11.2663
11.2663
8.04735
8.04735
8.04735
8.04735
8.04735
8.04735
8.04735
8.04735
8.04735
8.04735
8.04735
8.04735
8.04735
8.04735
8.04735
8.04735
8.04735
8.04735
8.04735
8.04735
8.04735
8.04735
8.04735
8.04735
8.04735
8.04735
8.04735
8.04735
8.04735
8.04735
8.04735
8.04735
8.04735
8.04735
8.04735
8.04735
8.04735
8.04735
8.04735
8.04735
8.04735
8.04734
8.04734
8.04734
8.04734
8.04734
8.04734
8.04734
8.04735
8.04735
8.04734
8.04734
8.04734
8.04734
8.04734
8.04734
8.04734
8.04734
8.04734
8.04734
8.04734
8.04735
8.04735
8.04735
8.04735
8.04735
8.04735
8.04735
8.04735
8.04734
8.04735
8.04735
8.04735
8.04735
8.04735
8.04735
8.04735
8.04735
8.04735
8.04735
8.04735
8.04735
8.04735
8.04735
8.04735
8.04735
8.04735
8.04735
8.04735
8.04735
8.04735
8.04735
8.04735
8.04735
8.04735
8.04735
8.04735
8.04735
8.04735
8.04735
4.82841
4.82841
4.82841
4.82841
4.82841
4.82841
4.82841
4.82841
4.82841
4.82841
4.82841
4.82841
4.82841
4.82841
4.82841
4.82841
4.82841
4.82841
4.82841
4.82841
4.82841
4.82841
4.82841
4.82841
4.82841
4.82841
4.82841
4.82841
4.82841
4.82841
4.82841
4.82841
4.82841
4.82841
4.82841
4.82841
4.82841
4.82841
4.82841
4.82841
4.82841
4.82841
4.82841
4.82841
4.82841
4.82841
4.82841
4.82841
4.82841
4.82841
4.82841
4.82841
4.82841
4.82841
4.82841
4.82841
4.82841
4.82841
4.82841
4.82841
4.82841
4.82841
4.82841
4.82841
4.82841
4.82841
4.82841
4.82841
4.82841
4.82841
4.82841
4.82841
4.82841
4.82841
4.82841
4.82841
4.82841
4.82841
4.82841
4.82841
4.82841
4.8284
4.8284
4.8284
4.8284
4.8284
4.8284
4.82841
4.82841
4.82841
4.8284
4.8284
4.8284
4.8284
4.8284
4.8284
4.8284
4.8284
4.8284
4.8284
1.60947
1.60947
1.60947
1.60947
1.60947
1.60947
1.60947
1.60947
1.60947
1.60947
1.60947
1.60947
1.60947
1.60947
1.60947
1.60947
1.60947
1.60947
1.60947
1.60947
1.60947
1.60947
1.60947
1.60947
1.60947
1.60947
1.60947
1.60947
1.60947
1.60947
1.60947
1.60947
1.60947
1.60947
1.60947
1.60947
1.60947
1.60947
1.60947
1.60947
1.60947
1.60947
1.60947
1.60947
1.60947
1.60947
1.60947
1.60947
1.60947
1.60947
1.60947
1.60947
1.60947
1.60947
1.60947
1.60947
1.60947
1.60947
1.60947
1.60947
1.60947
1.60947
1.60947
1.60947
1.60947
1.60947
1.60947
1.60947
1.60947
1.60947
1.60947
1.60947
1.60947
1.60947
1.60947
1.60947
1.60947
1.60947
1.60947
1.60947
1.60947
1.60947
1.60946
1.60946
1.60946
1.60946
1.60946
1.60947
1.60947
1.60947
1.60946
1.60946
1.60946
1.60946
1.60946
1.60946
1.60946
1.60946
1.60946
1.60946
98.2682
97.6876
97.323
97.0565
96.9184
96.9184
97.0565
97.323
97.6876
98.2682
89.154
88.3063
87.748
87.3533
87.15
87.15
87.3533
87.748
88.3063
89.154
81.587
80.6116
79.975
79.5315
79.3039
79.3039
79.5315
79.975
80.6116
81.587
76.3625
75.3604
74.7148
74.2716
74.0446
74.0446
74.2716
74.7148
75.3604
76.3625
72.4421
71.4473
70.8096
70.3805
70.1607
70.1607
70.3805
70.8096
71.4473
72.4421
69.2669
68.2991
67.6772
67.269
67.0603
67.0603
67.269
67.6772
68.2991
69.2669
66.648
65.728
65.1315
64.7504
64.5564
64.5564
64.7504
65.1315
65.7279
66.6479
64.4791
63.6303
63.0715
62.723
62.5463
62.5463
62.723
63.0715
63.6303
64.4791
62.6804
61.9189
61.4105
61.0994
60.9418
60.9418
61.0994
61.4105
61.9189
62.6803
61.272
60.5107
60.0611
59.7876
59.649
59.649
59.7876
60.0611
60.5107
61.272
62.3776
62.5501
62.7377
62.8642
62.9297
62.9297
62.8642
62.7377
62.5501
62.3776
62.8
62.8945
63.021
63.1022
63.1437
63.1437
63.1022
63.021
62.8945
62.8
62.7773
62.7744
62.827
62.8553
62.8693
62.8693
62.8553
62.827
62.7744
62.7773
62.3678
62.2749
62.2596
62.2412
62.2311
62.2311
62.2412
62.2596
62.2749
62.3678
61.774
61.6072
61.5341
61.4782
61.4489
61.4489
61.4782
61.5341
61.6072
61.774
61.1047
60.8823
60.7624
60.6786
60.6348
60.6348
60.6786
60.7624
60.8823
61.1047
60.4149
60.157
60.0033
59.9012
59.8483
59.8483
59.9012
60.0033
60.157
60.4149
59.736
59.4663
59.2943
59.1836
59.1265
59.1265
59.1836
59.2943
59.4663
59.736
59.1036
58.8382
58.6597
58.5476
58.4894
58.4894
58.5476
58.6597
58.8382
59.1036
58.6209
58.2736
58.0903
57.9775
57.9188
57.9188
57.9775
58.0902
58.2736
58.6209
57.7855
57.7712
57.7729
57.7695
57.7679
57.7679
57.7695
57.7729
57.7712
57.7855
58.196
58.1795
58.1806
58.1755
58.1729
58.1729
58.1755
58.1806
58.1795
58.196
58.5359
58.501
58.4907
58.4759
58.468
58.468
58.4759
58.4907
58.501
58.5359
58.5892
58.521
58.4887
58.458
58.4416
58.4416
58.458
58.4887
58.521
58.5892
58.4457
58.3424
58.2858
58.239
58.2143
58.2143
58.239
58.2858
58.3424
58.4457
58.1996
58.0659
57.9869
57.9269
57.8953
57.8953
57.9269
57.9869
58.0659
58.1996
57.8993
57.7433
57.6463
57.5768
57.5405
57.5405
57.5768
57.6463
57.7433
57.8993
57.5715
57.4053
57.2969
57.2226
57.1837
57.1837
57.2226
57.2969
57.4053
57.5715
57.249
57.0802
56.9646
56.8879
56.8478
56.8478
56.8879
56.9646
57.0802
57.249
57.0068
56.774
56.6479
56.5674
56.5256
56.5256
56.5674
56.6479
56.774
57.0068
53.0922
53.1119
53.1368
53.1528
53.1612
53.1612
53.1528
53.1368
53.1119
53.0922
53.3021
53.3256
53.3546
53.3729
53.3826
53.3826
53.3729
53.3546
53.3256
53.3021
53.4804
53.5017
53.5303
53.5478
53.557
53.557
53.5478
53.5303
53.5017
53.4804
53.5664
53.5773
53.5992
53.6113
53.6176
53.6176
53.6113
53.5992
53.5773
53.5664
53.5809
53.5775
53.5891
53.5937
53.596
53.596
53.5937
53.589
53.5775
53.5809
53.5474
53.5292
53.5293
53.5262
53.5245
53.5245
53.5262
53.5293
53.5292
53.5474
53.4793
53.4484
53.4378
53.4281
53.4228
53.4228
53.4281
53.4378
53.4484
53.4793
53.3866
53.3476
53.3287
53.314
53.3059
53.3059
53.314
53.3287
53.3476
53.3866
53.2871
53.2423
53.2153
53.1959
53.1854
53.1854
53.1959
53.2153
53.2423
53.2871
53.2259
53.1374
53.0965
53.0698
53.0556
53.0556
53.0698
53.0965
53.1374
53.2259
49.8912
49.8913
49.8933
49.8934
49.8935
49.8935
49.8934
49.8933
49.8913
49.8912
49.9895
49.9932
49.9984
50.0007
50.0018
50.0018
50.0007
49.9984
49.9932
49.9895
50.0899
50.0951
50.102
50.105
50.1066
50.1066
50.105
50.102
50.0951
50.0899
50.1582
50.1613
50.1672
50.1691
50.17
50.17
50.1691
50.1672
50.1613
50.1582
50.1965
50.1952
50.1982
50.1979
50.1975
50.1975
50.1979
50.1982
50.1952
50.1965
50.2115
50.2049
50.2041
50.2011
50.1993
50.1993
50.2011
50.2041
50.2049
50.2115
50.2082
50.1965
50.1917
50.1861
50.1829
50.1829
50.1861
50.1917
50.1965
50.2082
50.1908
50.1754
50.1672
50.1595
50.1552
50.1552
50.1595
50.1672
50.1754
50.1908
50.1686
50.1499
50.1374
50.1273
50.1217
50.1217
50.1273
50.1374
50.1498
50.1686
50.1632
50.1215
50.1009
50.0866
50.0791
50.0791
50.0866
50.1009
50.1215
50.1632
46.5925
46.5955
46.5992
46.6014
46.6026
46.6026
46.6014
46.5992
46.5955
46.5925
46.6334
46.6382
46.6435
46.6468
46.6485
46.6485
46.6468
46.6435
46.6382
46.6334
46.6751
46.6811
46.6876
46.6916
46.6937
46.6937
46.6916
46.6876
46.6811
46.6751
46.7066
46.7124
46.7191
46.7231
46.7252
46.7252
46.7231
46.7191
46.7124
46.7066
46.7279
46.7325
46.7385
46.7418
46.7435
46.7435
46.7418
46.7385
46.7325
46.7279
46.7406
46.7433
46.748
46.7502
46.7514
46.7514
46.7502
46.748
46.7433
46.7406
46.7454
46.7461
46.7492
46.7503
46.7508
46.7508
46.7503
46.7492
46.7461
46.7454
46.7437
46.7428
46.7443
46.7444
46.7442
46.7442
46.7444
46.7443
46.7428
46.7437
46.7396
46.7369
46.736
46.7346
46.7337
46.7337
46.7346
46.736
46.7369
46.7396
46.7437
46.7292
46.7234
46.7192
46.717
46.717
46.7192
46.7234
46.7292
46.7437
43.4187
43.4191
43.4197
43.4198
43.4199
43.4199
43.4198
43.4197
43.4191
43.4187
43.4359
43.4371
43.4385
43.4392
43.4395
43.4395
43.4392
43.4385
43.4371
43.4359
43.4554
43.4575
43.4595
43.4607
43.4612
43.4612
43.4607
43.4595
43.4575
43.4554
43.4723
43.4747
43.4771
43.4784
43.4791
43.4791
43.4784
43.4771
43.4747
43.4723
43.486
43.4883
43.4908
43.492
43.4926
43.4926
43.492
43.4908
43.4883
43.486
43.4967
43.4987
43.5009
43.5018
43.5023
43.5023
43.5018
43.5009
43.4987
43.4967
43.5046
43.506
43.5078
43.5084
43.5087
43.5087
43.5084
43.5078
43.506
43.5046
43.5098
43.5108
43.5121
43.5124
43.5125
43.5125
43.5124
43.5121
43.5108
43.5098
43.5143
43.5145
43.5149
43.5146
43.5143
43.5143
43.5146
43.5149
43.5145
43.5143
43.5222
43.5173
43.5154
43.5138
43.513
43.513
43.5138
43.5154
43.5173
43.5222
40.2088
40.2093
40.21
40.2103
40.2105
40.2105
40.2103
40.21
40.2093
40.2088
40.2153
40.2163
40.2172
40.2178
40.2181
40.2181
40.2178
40.2172
40.2163
40.2153
40.2228
40.2241
40.2254
40.2262
40.2267
40.2267
40.2262
40.2254
40.2241
40.2228
40.2297
40.2312
40.2328
40.2337
40.2342
40.2342
40.2337
40.2328
40.2312
40.2297
40.2357
40.2373
40.239
40.2399
40.2405
40.2405
40.2399
40.239
40.2373
40.2357
40.2407
40.2423
40.2439
40.2449
40.2454
40.2454
40.2449
40.2439
40.2423
40.2407
40.2447
40.2462
40.2477
40.2485
40.249
40.249
40.2485
40.2477
40.2462
40.2447
40.2477
40.249
40.2504
40.2511
40.2514
40.2514
40.2511
40.2504
40.249
40.2477
40.2503
40.2513
40.2523
40.2527
40.2528
40.2528
40.2527
40.2523
40.2513
40.2503
40.2544
40.2532
40.253
40.2528
40.2526
40.2526
40.2528
40.253
40.2532
40.2544
37.0057
37.0059
37.006
37.006
37.006
37.006
37.006
37.006
37.0059
37.0057
37.0082
37.0085
37.0087
37.0089
37.0089
37.0089
37.0089
37.0087
37.0085
37.0082
37.0113
37.0118
37.0122
37.0125
37.0126
37.0126
37.0125
37.0122
37.0118
37.0113
37.0145
37.0152
37.0157
37.0161
37.0162
37.0162
37.0161
37.0157
37.0152
37.0145
37.0176
37.0184
37.0191
37.0194
37.0196
37.0196
37.0194
37.0191
37.0184
37.0176
37.0206
37.0214
37.0221
37.0225
37.0228
37.0228
37.0225
37.0221
37.0214
37.0206
37.0233
37.0241
37.0249
37.0253
37.0255
37.0255
37.0253
37.0249
37.0241
37.0233
37.0257
37.0265
37.0273
37.0277
37.0278
37.0278
37.0277
37.0273
37.0265
37.0257
37.028
37.0288
37.0294
37.0297
37.0298
37.0298
37.0297
37.0294
37.0288
37.028
37.031
37.0309
37.0311
37.0311
37.0311
37.0311
37.0311
37.0311
37.0309
37.031
33.792
33.7922
33.7923
33.7923
33.7923
33.7923
33.7923
33.7923
33.7922
33.792
33.7928
33.793
33.7931
33.7932
33.7933
33.7933
33.7932
33.7931
33.793
33.7928
33.7939
33.7941
33.7943
33.7945
33.7946
33.7946
33.7945
33.7943
33.7941
33.7939
33.795
33.7954
33.7956
33.7958
33.7959
33.7959
33.7958
33.7956
33.7954
33.795
33.7963
33.7967
33.797
33.7972
33.7974
33.7974
33.7972
33.797
33.7967
33.7963
33.7975
33.7979
33.7983
33.7986
33.7987
33.7987
33.7986
33.7983
33.7979
33.7975
33.7987
33.7991
33.7996
33.7998
33.7999
33.7999
33.7998
33.7996
33.7991
33.7987
33.7997
33.8002
33.8007
33.8009
33.801
33.801
33.8009
33.8007
33.8002
33.7997
33.8008
33.8013
33.8017
33.8019
33.802
33.802
33.8019
33.8017
33.8013
33.8008
33.8021
33.8022
33.8024
33.8025
33.8026
33.8026
33.8025
33.8024
33.8022
33.8021
30.5772
30.5772
30.5772
30.5772
30.5772
30.5772
30.5772
30.5772
30.5772
30.5772
30.5774
30.5775
30.5775
30.5775
30.5775
30.5775
30.5775
30.5775
30.5775
30.5774
30.5778
30.5779
30.5779
30.578
30.578
30.578
30.578
30.5779
30.5779
30.5778
30.5783
30.5784
30.5785
30.5785
30.5786
30.5786
30.5785
30.5785
30.5784
30.5783
30.5788
30.579
30.5791
30.5792
30.5793
30.5793
30.5792
30.5791
30.579
30.5788
30.5794
30.5796
30.5798
30.5799
30.58
30.58
30.5799
30.5798
30.5796
30.5794
30.5801
30.5803
30.5805
30.5806
30.5807
30.5807
30.5806
30.5805
30.5803
30.5801
30.5807
30.581
30.5812
30.5813
30.5814
30.5814
30.5813
30.5812
30.581
30.5807
30.5814
30.5816
30.5818
30.5819
30.582
30.582
30.5819
30.5818
30.5816
30.5814
30.5821
30.5823
30.5824
30.5825
30.5825
30.5825
30.5825
30.5824
30.5823
30.5821
27.3597
27.3597
27.3597
27.3597
27.3597
27.3597
27.3597
27.3597
27.3597
27.3597
27.3597
27.3597
27.3597
27.3597
27.3597
27.3597
27.3597
27.3597
27.3597
27.3597
27.3598
27.3598
27.3598
27.3598
27.3599
27.3599
27.3598
27.3598
27.3598
27.3598
27.3599
27.36
27.36
27.36
27.3601
27.3601
27.36
27.36
27.36
27.3599
27.3601
27.3602
27.3602
27.3603
27.3603
27.3603
27.3603
27.3602
27.3602
27.3601
27.3603
27.3604
27.3605
27.3606
27.3606
27.3606
27.3606
27.3605
27.3604
27.3603
27.3606
27.3607
27.3608
27.3608
27.3609
27.3609
27.3608
27.3608
27.3607
27.3606
27.3608
27.361
27.3611
27.3611
27.3612
27.3612
27.3611
27.3611
27.361
27.3608
27.3611
27.3612
27.3613
27.3614
27.3614
27.3614
27.3614
27.3613
27.3612
27.3611
27.3614
27.3615
27.3616
27.3616
27.3617
27.3617
27.3616
27.3616
27.3615
27.3614
24.1416
24.1416
24.1416
24.1416
24.1416
24.1416
24.1416
24.1416
24.1416
24.1416
24.1416
24.1416
24.1416
24.1416
24.1416
24.1416
24.1416
24.1416
24.1416
24.1416
24.1416
24.1416
24.1416
24.1416
24.1416
24.1416
24.1416
24.1416
24.1416
24.1416
24.1416
24.1416
24.1416
24.1417
24.1417
24.1417
24.1417
24.1416
24.1416
24.1416
24.1417
24.1417
24.1417
24.1418
24.1418
24.1418
24.1418
24.1417
24.1417
24.1417
24.1418
24.1418
24.1419
24.1419
24.1419
24.1419
24.1419
24.1419
24.1418
24.1418
24.1419
24.142
24.142
24.142
24.142
24.142
24.142
24.142
24.142
24.1419
24.142
24.1421
24.1422
24.1422
24.1422
24.1422
24.1422
24.1422
24.1421
24.142
24.1422
24.1423
24.1423
24.1423
24.1423
24.1423
24.1423
24.1423
24.1423
24.1422
24.1423
24.1424
24.1424
24.1425
24.1425
24.1425
24.1425
24.1424
24.1424
24.1423
20.9229
20.9229
20.9229
20.9229
20.9229
20.9229
20.9229
20.9229
20.9229
20.9229
20.9229
20.9229
20.9229
20.9229
20.9229
20.9229
20.9229
20.9229
20.9229
20.9229
20.9229
20.9229
20.9229
20.9229
20.9229
20.9229
20.9229
20.9229
20.9229
20.9229
20.9229
20.9229
20.9229
20.9229
20.9229
20.9229
20.9229
20.9229
20.9229
20.9229
20.9229
20.9229
20.9229
20.9229
20.9229
20.9229
20.9229
20.9229
20.9229
20.9229
20.9229
20.923
20.923
20.923
20.923
20.923
20.923
20.923
20.923
20.9229
20.923
20.923
20.923
20.923
20.923
20.923
20.923
20.923
20.923
20.923
20.923
20.9231
20.9231
20.9231
20.9231
20.9231
20.9231
20.9231
20.9231
20.923
20.9231
20.9231
20.9231
20.9231
20.9231
20.9231
20.9231
20.9231
20.9231
20.9231
20.9231
20.9232
20.9232
20.9232
20.9232
20.9232
20.9232
20.9232
20.9232
20.9231
17.7041
17.7041
17.7041
17.7041
17.7041
17.7041
17.7041
17.7041
17.7041
17.7041
17.7041
17.7041
17.7041
17.7041
17.7041
17.7041
17.7041
17.7041
17.7041
17.7041
17.7041
17.7041
17.7041
17.7041
17.7041
17.7041
17.7041
17.7041
17.7041
17.7041
17.7041
17.7041
17.7041
17.7041
17.7041
17.7041
17.7041
17.7041
17.7041
17.7041
17.7041
17.7041
17.7041
17.7041
17.7041
17.7041
17.7041
17.7041
17.7041
17.7041
17.7041
17.7041
17.7041
17.7041
17.7041
17.7041
17.7041
17.7041
17.7041
17.7041
17.7041
17.7041
17.7041
17.7041
17.7041
17.7041
17.7041
17.7041
17.7041
17.7041
17.7041
17.7042
17.7042
17.7042
17.7042
17.7042
17.7042
17.7042
17.7042
17.7041
17.7042
17.7042
17.7042
17.7042
17.7042
17.7042
17.7042
17.7042
17.7042
17.7042
17.7042
17.7042
17.7042
17.7042
17.7042
17.7042
17.7042
17.7042
17.7042
17.7042
14.4852
14.4852
14.4852
14.4852
14.4852
14.4852
14.4852
14.4852
14.4852
14.4852
14.4852
14.4852
14.4852
14.4852
14.4852
14.4852
14.4852
14.4852
14.4852
14.4852
14.4852
14.4852
14.4852
14.4852
14.4852
14.4852
14.4852
14.4852
14.4852
14.4852
14.4852
14.4852
14.4852
14.4852
14.4852
14.4852
14.4852
14.4852
14.4852
14.4852
14.4852
14.4852
14.4852
14.4852
14.4852
14.4852
14.4852
14.4852
14.4852
14.4852
14.4852
14.4852
14.4852
14.4852
14.4852
14.4852
14.4852
14.4852
14.4852
14.4852
14.4852
14.4852
14.4852
14.4852
14.4852
14.4852
14.4852
14.4852
14.4852
14.4852
14.4852
14.4852
14.4852
14.4852
14.4852
14.4852
14.4852
14.4852
14.4852
14.4852
14.4852
14.4852
14.4852
14.4852
14.4852
14.4852
14.4852
14.4852
14.4852
14.4852
14.4852
14.4852
14.4852
14.4852
14.4852
14.4852
14.4852
14.4852
14.4852
14.4852
11.2663
11.2663
11.2663
11.2663
11.2663
11.2663
11.2663
11.2663
11.2663
11.2663
11.2663
11.2663
11.2663
11.2663
11.2663
11.2663
11.2663
11.2663
11.2663
11.2663
11.2663
11.2663
11.2663
11.2663
11.2663
11.2663
11.2663
11.2663
11.2663
11.2663
11.2663
11.2663
11.2663
11.2663
11.2663
11.2663
11.2663
11.2663
11.2663
11.2663
11.2663
11.2663
11.2663
11.2663
11.2663
11.2663
11.2663
11.2663
11.2663
11.2663
11.2663
11.2663
11.2663
11.2663
11.2663
11.2663
11.2663
11.2663
11.2663
11.2663
11.2663
11.2663
11.2663
11.2663
11.2663
11.2663
11.2663
11.2663
11.2663
11.2663
11.2663
11.2663
11.2663
11.2663
11.2663
11.2663
11.2663
11.2663
11.2663
11.2663
11.2663
11.2663
11.2663
11.2663
11.2663
11.2663
11.2663
11.2663
11.2663
11.2663
11.2663
11.2663
11.2663
11.2663
11.2663
11.2663
11.2663
11.2663
11.2663
11.2663
8.04735
8.04735
8.04735
8.04735
8.04735
8.04735
8.04735
8.04735
8.04735
8.04735
8.04735
8.04735
8.04735
8.04735
8.04735
8.04735
8.04735
8.04735
8.04735
8.04735
8.04735
8.04735
8.04735
8.04735
8.04735
8.04735
8.04735
8.04735
8.04735
8.04735
8.04735
8.04735
8.04735
8.04735
8.04735
8.04735
8.04735
8.04735
8.04735
8.04735
8.04735
8.04735
8.04735
8.04735
8.04735
8.04735
8.04735
8.04735
8.04735
8.04735
8.04734
8.04734
8.04734
8.04735
8.04735
8.04735
8.04735
8.04735
8.04735
8.04734
8.04734
8.04735
8.04735
8.04735
8.04735
8.04735
8.04735
8.04735
8.04735
8.04735
8.04735
8.04735
8.04735
8.04735
8.04735
8.04735
8.04735
8.04735
8.04735
8.04735
8.04735
8.04735
8.04735
8.04735
8.04735
8.04735
8.04735
8.04735
8.04735
8.04735
8.04735
8.04735
8.04735
8.04735
8.04735
8.04735
8.04735
8.04735
8.04735
8.04735
4.82841
4.82841
4.82841
4.82841
4.82841
4.82841
4.82841
4.82841
4.82841
4.82841
4.82841
4.82841
4.82841
4.82841
4.82841
4.82841
4.82841
4.82841
4.82841
4.82841
4.82841
4.82841
4.82841
4.82841
4.82841
4.82841
4.82841
4.82841
4.82841
4.82841
4.82841
4.82841
4.82841
4.82841
4.82841
4.82841
4.82841
4.82841
4.82841
4.82841
4.82841
4.82841
4.82841
4.82841
4.82841
4.82841
4.82841
4.82841
4.82841
4.82841
4.82841
4.82841
4.82841
4.82841
4.82841
4.82841
4.82841
4.82841
4.82841
4.82841
4.82841
4.82841
4.82841
4.82841
4.82841
4.82841
4.82841
4.82841
4.82841
4.82841
4.82841
4.82841
4.82841
4.82841
4.82841
4.82841
4.82841
4.82841
4.82841
4.82841
4.82841
4.82841
4.82841
4.82841
4.82841
4.82841
4.82841
4.82841
4.82841
4.82841
4.8284
4.8284
4.8284
4.8284
4.8284
4.8284
4.8284
4.82841
4.82841
4.82841
1.60947
1.60947
1.60947
1.60947
1.60947
1.60947
1.60947
1.60947
1.60947
1.60947
1.60947
1.60947
1.60947
1.60947
1.60947
1.60947
1.60947
1.60947
1.60947
1.60947
1.60947
1.60947
1.60947
1.60947
1.60947
1.60947
1.60947
1.60947
1.60947
1.60947
1.60947
1.60947
1.60947
1.60947
1.60947
1.60947
1.60947
1.60947
1.60947
1.60947
1.60947
1.60947
1.60947
1.60947
1.60947
1.60947
1.60947
1.60947
1.60947
1.60947
1.60947
1.60947
1.60947
1.60947
1.60947
1.60947
1.60947
1.60947
1.60947
1.60947
1.60947
1.60947
1.60947
1.60947
1.60947
1.60947
1.60947
1.60947
1.60947
1.60947
1.60947
1.60947
1.60947
1.60947
1.60947
1.60947
1.60947
1.60947
1.60947
1.60947
1.60947
1.60947
1.60947
1.60947
1.60946
1.60946
1.60947
1.60947
1.60947
1.60947
1.60946
1.60946
1.60946
1.60946
1.60946
1.60946
1.60946
1.60946
1.60946
1.60946
60.263
59.5775
59.1428
58.8661
58.7287
58.7287
58.8661
59.1428
59.5775
60.263
59.5775
58.9916
58.5498
58.2548
58.1085
58.1085
58.2548
58.5498
58.9916
59.5775
59.1428
58.5498
58.0887
57.7813
57.6295
57.6295
57.7813
58.0887
58.5498
59.1429
58.8661
58.2548
57.7813
57.4679
57.3137
57.3137
57.4679
57.7813
58.2548
58.8661
58.7287
58.1085
57.6295
57.3137
57.1583
57.1583
57.3137
57.6295
58.1085
58.7287
58.7287
58.1085
57.6295
57.3137
57.1583
57.1583
57.3137
57.6296
58.1085
58.7287
58.8661
58.2548
57.7813
57.4679
57.3137
57.3137
57.4679
57.7813
58.2548
58.8661
59.1429
58.5498
58.0887
57.7813
57.6295
57.6296
57.7813
58.0887
58.5498
59.1429
59.5775
58.9916
58.5498
58.2548
58.1085
58.1085
58.2548
58.5498
58.9916
59.5775
60.263
59.5775
59.1429
58.8661
58.7287
58.7287
58.8661
59.1429
59.5775
60.263
58.1035
57.827
57.6621
57.5534
57.4982
57.4982
57.5534
57.6621
57.827
58.1035
57.827
57.6076
57.421
57.2908
57.2257
57.2257
57.2908
57.421
57.6076
57.827
57.6621
57.421
57.2112
57.0672
56.996
56.996
57.0672
57.2112
57.421
57.6621
57.5534
57.2908
57.0672
56.9159
56.8414
56.8414
56.9159
57.0672
57.2909
57.5534
57.4982
57.2257
56.996
56.8414
56.7654
56.7654
56.8414
56.996
57.2257
57.4982
57.4982
57.2257
56.996
56.8414
56.7654
56.7654
56.8414
56.996
57.2257
57.4982
57.5534
57.2908
57.0672
56.9159
56.8414
56.8414
56.9159
57.0672
57.2909
57.5534
57.6621
57.421
57.2112
57.0672
56.996
56.996
57.0672
57.2112
57.421
57.6621
57.827
57.6076
57.421
57.2909
57.2257
57.2257
57.2909
57.421
57.6077
57.827
58.1035
57.827
57.6621
57.5534
57.4982
57.4982
57.5534
57.6621
57.827
58.1035
56.6198
56.4687
56.3754
56.3104
56.2769
56.2769
56.3104
56.3754
56.4687
56.6198
56.4687
56.3484
56.235
56.1529
56.1115
56.1115
56.1529
56.235
56.3484
56.4687
56.3754
56.235
56.1027
56.01
55.964
55.964
56.01
56.1027
56.2351
56.3754
56.3104
56.1529
56.01
55.9119
55.8635
55.8635
55.9119
56.01
56.1529
56.3104
56.2769
56.1115
55.964
55.8635
55.814
55.814
55.8635
55.964
56.1115
56.2769
56.2769
56.1115
55.964
55.8635
55.814
55.814
55.8635
55.964
56.1115
56.2769
56.3104
56.1529
56.01
55.9119
55.8635
55.8635
55.9119
56.01
56.1529
56.3104
56.3754
56.235
56.1027
56.01
55.964
55.964
56.01
56.1027
56.2351
56.3754
56.4687
56.3484
56.2351
56.1529
56.1115
56.1115
56.1529
56.2351
56.3484
56.4687
56.6198
56.4687
56.3754
56.3104
56.2769
56.2769
56.3104
56.3754
56.4687
56.6198
53.0304
52.9955
52.9761
52.9603
52.9519
52.9519
52.9603
52.9762
52.9955
53.0304
52.9955
52.9699
52.935
52.9074
52.8935
52.8935
52.9074
52.935
52.9699
52.9955
52.9761
52.935
52.8881
52.854
52.8372
52.8372
52.854
52.8881
52.935
52.9762
52.9603
52.9074
52.854
52.8168
52.7985
52.7985
52.8168
52.854
52.9074
52.9603
52.9519
52.8935
52.8372
52.7985
52.7795
52.7795
52.7985
52.8372
52.8935
52.9519
52.9519
52.8935
52.8372
52.7985
52.7795
52.7795
52.7985
52.8372
52.8935
52.9519
52.9603
52.9074
52.854
52.8168
52.7985
52.7985
52.8168
52.854
52.9074
52.9603
52.9762
52.935
52.8881
52.854
52.8372
52.8372
52.854
52.8881
52.935
52.9762
52.9955
52.9699
52.935
52.9074
52.8935
52.8935
52.9074
52.935
52.9699
52.9955
53.0304
52.9955
52.9762
52.9603
52.9519
52.9519
52.9603
52.9762
52.9955
53.0304
50.0613
50.0543
50.0501
50.0451
50.0423
50.0423
50.0451
50.0501
50.0543
50.0613
50.0543
50.0507
50.0383
50.0273
50.0217
50.0217
50.0273
50.0383
50.0507
50.0543
50.0501
50.0383
50.0196
50.0054
49.9983
49.9983
50.0054
50.0196
50.0383
50.0501
50.0451
50.0273
50.0054
49.9896
49.9818
49.9818
49.9896
50.0054
50.0273
50.0451
50.0423
50.0217
49.9983
49.9818
49.9737
49.9737
49.9818
49.9983
50.0217
50.0423
50.0423
50.0217
49.9983
49.9818
49.9737
49.9737
49.9818
49.9983
50.0217
50.0423
50.0451
50.0273
50.0054
49.9896
49.9818
49.9818
49.9896
50.0054
50.0273
50.0451
50.0501
50.0383
50.0196
50.0054
49.9983
49.9983
50.0054
50.0196
50.0383
50.0501
50.0543
50.0507
50.0383
50.0273
50.0217
50.0217
50.0273
50.0383
50.0507
50.0543
50.0613
50.0543
50.0501
50.0451
50.0423
50.0423
50.0451
50.0501
50.0543
50.0613
46.6952
46.6985
46.7009
46.7015
46.7016
46.7016
46.7015
46.7009
46.6985
46.6952
46.6985
46.7019
46.6997
46.697
46.6956
46.6956
46.697
46.6997
46.7019
46.6985
46.7009
46.6997
46.6943
46.6899
46.6878
46.6878
46.6899
46.6943
46.6997
46.7009
46.7015
46.697
46.6899
46.6848
46.6823
46.6823
46.6848
46.6899
46.697
46.7015
46.7016
46.6956
46.6878
46.6823
46.6796
46.6796
46.6823
46.6878
46.6956
46.7016
46.7016
46.6956
46.6878
46.6823
46.6796
46.6796
46.6823
46.6878
46.6956
46.7016
46.7015
46.697
46.6899
46.6848
46.6823
46.6823
46.6848
46.6899
46.697
46.7015
46.7009
46.6997
46.6943
46.6899
46.6878
46.6878
46.6899
46.6943
46.6998
46.7009
46.6985
46.7019
46.6997
46.697
46.6956
46.6956
46.697
46.6998
46.7019
46.6985
46.6952
46.6985
46.7009
46.7015
46.7016
46.7016
46.7015
46.7009
46.6985
46.6952
43.5022
43.5063
43.509
43.5102
43.5108
43.5108
43.5102
43.509
43.5063
43.5022
43.5063
43.5105
43.5113
43.5111
43.5111
43.5111
43.5111
43.5113
43.5105
43.5063
43.509
43.5113
43.5107
43.5099
43.5096
43.5096
43.5099
43.5107
43.5113
43.509
43.5102
43.5111
43.5099
43.5089
43.5084
43.5084
43.5089
43.5099
43.5111
43.5102
43.5108
43.5111
43.5096
43.5084
43.5079
43.5079
43.5084
43.5096
43.5111
43.5108
43.5108
43.5111
43.5096
43.5084
43.5079
43.5079
43.5084
43.5096
43.5111
43.5108
43.5102
43.5111
43.5099
43.5089
43.5084
43.5084
43.5089
43.5099
43.5111
43.5102
43.509
43.5113
43.5107
43.5099
43.5096
43.5096
43.5099
43.5107
43.5113
43.509
43.5063
43.5105
43.5113
43.5111
43.5111
43.5111
43.5111
43.5113
43.5105
43.5063
43.5022
43.5063
43.509
43.5102
43.5108
43.5108
43.5102
43.509
43.5063
43.5022
40.2459
40.2486
40.2504
40.2514
40.2518
40.2518
40.2514
40.2504
40.2486
40.2459
40.2486
40.2511
40.252
40.2523
40.2525
40.2525
40.2523
40.252
40.2511
40.2486
40.2504
40.252
40.2523
40.2523
40.2523
40.2523
40.2523
40.2523
40.252
40.2504
40.2514
40.2523
40.2523
40.2522
40.2522
40.2522
40.2522
40.2523
40.2523
40.2514
40.2518
40.2525
40.2523
40.2522
40.2522
40.2522
40.2522
40.2523
40.2525
40.2518
40.2518
40.2525
40.2523
40.2522
40.2522
40.2522
40.2522
40.2523
40.2525
40.2518
40.2514
40.2523
40.2523
40.2522
40.2522
40.2522
40.2522
40.2523
40.2523
40.2514
40.2504
40.252
40.2523
40.2523
40.2523
40.2523
40.2523
40.2523
40.252
40.2504
40.2486
40.2511
40.252
40.2523
40.2525
40.2525
40.2523
40.252
40.2511
40.2486
40.2459
40.2486
40.2504
40.2514
40.2518
40.2518
40.2514
40.2504
40.2486
40.2459
37.0282
37.0299
37.031
37.0316
37.0319
37.0319
37.0316
37.031
37.0299
37.0282
37.0299
37.0315
37.0323
37.0327
37.0329
37.0329
37.0327
37.0323
37.0315
37.0299
37.031
37.0323
37.0329
37.0332
37.0334
37.0334
37.0332
37.0329
37.0323
37.031
37.0316
37.0327
37.0332
37.0335
37.0337
37.0337
37.0335
37.0332
37.0327
37.0316
37.0319
37.0329
37.0334
37.0337
37.0339
37.0339
37.0337
37.0334
37.0329
37.0319
37.0319
37.0329
37.0334
37.0337
37.0339
37.0339
37.0337
37.0334
37.0329
37.0319
37.0316
37.0327
37.0332
37.0335
37.0337
37.0337
37.0335
37.0332
37.0327
37.0316
37.031
37.0323
37.0329
37.0332
37.0334
37.0334
37.0332
37.0329
37.0323
37.031
37.0299
37.0315
37.0323
37.0327
37.0329
37.0329
37.0327
37.0323
37.0315
37.0299
37.0282
37.0299
37.031
37.0316
37.0319
37.0319
37.0316
37.031
37.0299
37.0282
33.8011
33.8019
33.8025
33.8028
33.803
33.803
33.8028
33.8025
33.8019
33.8011
33.8019
33.8027
33.8031
33.8034
33.8035
33.8035
33.8034
33.8031
33.8027
33.8019
33.8025
33.8031
33.8035
33.8037
33.8038
33.8038
33.8037
33.8035
33.8031
33.8025
33.8028
33.8034
33.8037
33.8039
33.804
33.804
33.8039
33.8037
33.8034
33.8028
33.803
33.8035
33.8038
33.804
33.8041
33.8041
33.804
33.8038
33.8035
33.803
33.803
33.8035
33.8038
33.804
33.8041
33.8041
33.804
33.8038
33.8035
33.803
33.8028
33.8034
33.8037
33.8039
33.804
33.804
33.8039
33.8037
33.8034
33.8028
33.8025
33.8031
33.8035
33.8037
33.8038
33.8038
33.8037
33.8035
33.8031
33.8025
33.8019
33.8027
33.8031
33.8034
33.8035
33.8035
33.8034
33.8031
33.8027
33.8019
33.8011
33.8019
33.8025
33.8028
33.803
33.803
33.8028
33.8025
33.8019
33.8011
30.5819
30.5824
30.5826
30.5828
30.5829
30.5829
30.5828
30.5826
30.5824
30.5819
30.5824
30.5828
30.583
30.5832
30.5833
30.5833
30.5832
30.583
30.5828
30.5824
30.5826
30.583
30.5833
30.5834
30.5835
30.5835
30.5834
30.5833
30.583
30.5826
30.5828
30.5832
30.5834
30.5836
30.5837
30.5837
30.5836
30.5834
30.5832
30.5828
30.5829
30.5833
30.5835
30.5837
30.5838
30.5838
30.5837
30.5835
30.5833
30.5829
30.5829
30.5833
30.5835
30.5837
30.5838
30.5838
30.5837
30.5835
30.5833
30.5829
30.5828
30.5832
30.5834
30.5836
30.5837
30.5837
30.5836
30.5834
30.5832
30.5828
30.5826
30.583
30.5833
30.5834
30.5835
30.5835
30.5834
30.5833
30.583
30.5826
30.5824
30.5828
30.583
30.5832
30.5833
30.5833
30.5832
30.583
30.5828
30.5824
30.5819
30.5824
30.5826
30.5828
30.5829
30.5829
30.5828
30.5826
30.5824
30.5819
27.3614
27.3616
27.3617
27.3618
27.3618
27.3618
27.3618
27.3617
27.3616
27.3614
27.3616
27.3618
27.3619
27.3619
27.362
27.362
27.3619
27.3619
27.3618
27.3616
27.3617
27.3619
27.362
27.3621
27.3621
27.3621
27.3621
27.362
27.3619
27.3617
27.3618
27.3619
27.3621
27.3621
27.3622
27.3622
27.3621
27.3621
27.3619
27.3618
27.3618
27.362
27.3621
27.3622
27.3622
27.3622
27.3622
27.3621
27.362
27.3618
27.3618
27.362
27.3621
27.3622
27.3622
27.3622
27.3622
27.3621
27.362
27.3618
27.3618
27.3619
27.3621
27.3621
27.3622
27.3622
27.3621
27.3621
27.3619
27.3618
27.3617
27.3619
27.362
27.3621
27.3621
27.3621
27.3621
27.362
27.3619
27.3617
27.3616
27.3618
27.3619
27.3619
27.362
27.362
27.3619
27.3619
27.3618
27.3616
27.3614
27.3616
27.3617
27.3618
27.3618
27.3618
27.3618
27.3617
27.3616
27.3614
24.1424
24.1425
24.1425
24.1426
24.1426
24.1426
24.1426
24.1425
24.1425
24.1424
24.1425
24.1426
24.1426
24.1427
24.1427
24.1427
24.1427
24.1426
24.1426
24.1425
24.1425
24.1426
24.1427
24.1427
24.1428
24.1428
24.1427
24.1427
24.1426
24.1425
24.1426
24.1427
24.1427
24.1428
24.1428
24.1428
24.1428
24.1427
24.1427
24.1426
24.1426
24.1427
24.1428
24.1428
24.1428
24.1428
24.1428
24.1428
24.1427
24.1426
24.1426
24.1427
24.1428
24.1428
24.1428
24.1428
24.1428
24.1428
24.1427
24.1426
24.1426
24.1427
24.1427
24.1428
24.1428
24.1428
24.1428
24.1427
24.1427
24.1426
24.1425
24.1426
24.1427
24.1427
24.1428
24.1428
24.1427
24.1427
24.1426
24.1425
24.1425
24.1426
24.1426
24.1427
24.1427
24.1427
24.1427
24.1426
24.1426
24.1425
24.1424
24.1425
24.1425
24.1426
24.1426
24.1426
24.1426
24.1425
24.1425
24.1424
20.9232
20.9232
20.9232
20.9232
20.9233
20.9233
20.9232
20.9232
20.9232
20.9232
20.9232
20.9232
20.9233
20.9233
20.9233
20.9233
20.9233
20.9233
20.9232
20.9232
20.9232
20.9233
20.9233
20.9233
20.9233
20.9233
20.9233
20.9233
20.9233
20.9232
20.9232
20.9233
20.9233
20.9233
20.9233
20.9233
20.9233
20.9233
20.9233
20.9232
20.9233
20.9233
20.9233
20.9233
20.9233
20.9233
20.9233
20.9233
20.9233
20.9233
20.9233
20.9233
20.9233
20.9233
20.9233
20.9233
20.9233
20.9233
20.9233
20.9233
20.9232
20.9233
20.9233
20.9233
20.9233
20.9233
20.9233
20.9233
20.9233
20.9232
20.9232
20.9233
20.9233
20.9233
20.9233
20.9233
20.9233
20.9233
20.9233
20.9232
20.9232
20.9232
20.9233
20.9233
20.9233
20.9233
20.9233
20.9233
20.9232
20.9232
20.9232
20.9232
20.9232
20.9232
20.9233
20.9233
20.9232
20.9232
20.9232
20.9232
17.7042
17.7042
17.7042
17.7043
17.7043
17.7043
17.7043
17.7042
17.7042
17.7042
17.7042
17.7043
17.7043
17.7043
17.7043
17.7043
17.7043
17.7043
17.7043
17.7042
17.7042
17.7043
17.7043
17.7043
17.7043
17.7043
17.7043
17.7043
17.7043
17.7042
17.7043
17.7043
17.7043
17.7043
17.7043
17.7043
17.7043
17.7043
17.7043
17.7043
17.7043
17.7043
17.7043
17.7043
17.7043
17.7043
17.7043
17.7043
17.7043
17.7043
17.7043
17.7043
17.7043
17.7043
17.7043
17.7043
17.7043
17.7043
17.7043
17.7043
17.7043
17.7043
17.7043
17.7043
17.7043
17.7043
17.7043
17.7043
17.7043
17.7043
17.7042
17.7043
17.7043
17.7043
17.7043
17.7043
17.7043
17.7043
17.7043
17.7042
17.7042
17.7043
17.7043
17.7043
17.7043
17.7043
17.7043
17.7043
17.7043
17.7042
17.7042
17.7042
17.7042
17.7043
17.7043
17.7043
17.7043
17.7042
17.7042
17.7042
14.4852
14.4852
14.4852
14.4852
14.4852
14.4852
14.4852
14.4852
14.4852
14.4852
14.4852
14.4852
14.4853
14.4853
14.4853
14.4853
14.4853
14.4853
14.4852
14.4852
14.4852
14.4853
14.4853
14.4853
14.4853
14.4853
14.4853
14.4853
14.4853
14.4852
14.4852
14.4853
14.4853
14.4853
14.4853
14.4853
14.4853
14.4853
14.4853
14.4852
14.4852
14.4853
14.4853
14.4853
14.4853
14.4853
14.4853
14.4853
14.4853
14.4852
14.4852
14.4853
14.4853
14.4853
14.4853
14.4853
14.4853
14.4853
14.4853
14.4852
14.4852
14.4853
14.4853
14.4853
14.4853
14.4853
14.4853
14.4853
14.4853
14.4852
14.4852
14.4853
14.4853
14.4853
14.4853
14.4853
14.4853
14.4853
14.4853
14.4852
14.4852
14.4852
14.4853
14.4853
14.4853
14.4853
14.4853
14.4853
14.4852
14.4852
14.4852
14.4852
14.4852
14.4852
14.4852
14.4852
14.4852
14.4852
14.4852
14.4852
11.2663
11.2663
11.2663
11.2663
11.2663
11.2663
11.2663
11.2663
11.2663
11.2663
11.2663
11.2663
11.2663
11.2663
11.2663
11.2663
11.2663
11.2663
11.2663
11.2663
11.2663
11.2663
11.2663
11.2663
11.2663
11.2663
11.2663
11.2663
11.2663
11.2663
11.2663
11.2663
11.2663
11.2663
11.2663
11.2663
11.2663
11.2663
11.2663
11.2663
11.2663
11.2663
11.2663
11.2663
11.2663
11.2663
11.2663
11.2663
11.2663
11.2663
11.2663
11.2663
11.2663
11.2663
11.2663
11.2663
11.2663
11.2663
11.2663
11.2663
11.2663
11.2663
11.2663
11.2663
11.2663
11.2663
11.2663
11.2663
11.2663
11.2663
11.2663
11.2663
11.2663
11.2663
11.2663
11.2663
11.2663
11.2663
11.2663
11.2663
11.2663
11.2663
11.2663
11.2663
11.2663
11.2663
11.2663
11.2663
11.2663
11.2663
11.2663
11.2663
11.2663
11.2663
11.2663
11.2663
11.2663
11.2663
11.2663
11.2663
8.04735
8.04735
8.04735
8.04735
8.04735
8.04735
8.04735
8.04735
8.04735
8.04735
8.04735
8.04735
8.04735
8.04735
8.04735
8.04735
8.04735
8.04735
8.04735
8.04735
8.04735
8.04735
8.04735
8.04735
8.04735
8.04735
8.04735
8.04735
8.04735
8.04735
8.04735
8.04735
8.04735
8.04735
8.04735
8.04735
8.04735
8.04735
8.04735
8.04735
8.04735
8.04735
8.04735
8.04735
8.04735
8.04735
8.04735
8.04735
8.04735
8.04735
8.04735
8.04735
8.04735
8.04735
8.04735
8.04735
8.04735
8.04735
8.04735
8.04735
8.04735
8.04735
8.04735
8.04735
8.04735
8.04735
8.04735
8.04735
8.04735
8.04735
8.04735
8.04735
8.04735
8.04735
8.04735
8.04735
8.04735
8.04735
8.04735
8.04735
8.04735
8.04735
8.04735
8.04735
8.04735
8.04735
8.04735
8.04735
8.04735
8.04735
8.04735
8.04735
8.04735
8.04735
8.04735
8.04735
8.04735
8.04735
8.04735
8.04735
4.82841
4.8284
4.8284
4.8284
4.8284
4.8284
4.8284
4.8284
4.8284
4.8284
4.8284
4.8284
4.8284
4.8284
4.8284
4.8284
4.8284
4.8284
4.8284
4.8284
4.8284
4.8284
4.8284
4.8284
4.8284
4.8284
4.8284
4.8284
4.8284
4.8284
4.8284
4.8284
4.8284
4.8284
4.8284
4.8284
4.8284
4.8284
4.8284
4.8284
4.8284
4.8284
4.8284
4.8284
4.8284
4.8284
4.8284
4.8284
4.8284
4.8284
4.8284
4.8284
4.8284
4.8284
4.8284
4.8284
4.8284
4.8284
4.8284
4.8284
4.8284
4.8284
4.8284
4.8284
4.8284
4.8284
4.8284
4.8284
4.8284
4.8284
4.8284
4.8284
4.8284
4.8284
4.8284
4.8284
4.8284
4.8284
4.8284
4.8284
4.8284
4.8284
4.8284
4.8284
4.8284
4.8284
4.8284
4.8284
4.8284
4.8284
4.8284
4.8284
4.8284
4.8284
4.8284
4.8284
4.8284
4.8284
4.8284
4.8284
1.60946
1.60946
1.60946
1.60946
1.60946
1.60946
1.60946
1.60946
1.60946
1.60946
1.60946
1.60946
1.60946
1.60946
1.60946
1.60946
1.60946
1.60946
1.60946
1.60946
1.60946
1.60946
1.60946
1.60946
1.60946
1.60946
1.60946
1.60946
1.60946
1.60946
1.60946
1.60946
1.60946
1.60946
1.60946
1.60946
1.60946
1.60946
1.60946
1.60946
1.60946
1.60946
1.60946
1.60946
1.60946
1.60946
1.60946
1.60946
1.60946
1.60946
1.60946
1.60946
1.60946
1.60946
1.60946
1.60946
1.60946
1.60946
1.60946
1.60946
1.60946
1.60946
1.60946
1.60946
1.60946
1.60946
1.60946
1.60946
1.60946
1.60946
1.60946
1.60946
1.60946
1.60946
1.60946
1.60946
1.60946
1.60946
1.60946
1.60946
1.60946
1.60946
1.60946
1.60946
1.60946
1.60946
1.60946
1.60946
1.60946
1.60946
1.60946
1.60946
1.60946
1.60946
1.60946
1.60946
1.60946
1.60946
1.60946
1.60946
)
;

boundaryField
{
    fixedWalls
    {
        type            zeroGradient;
    }
    inlet
    {
        type            fixedGradient;
        gradient        uniform 0;
    }
    outlet
    {
        type            fixedValue;
        value           uniform 0;
    }
}


// ************************************************************************* //
