/*--------------------------------*- C++ -*----------------------------------*\
| =========                 |                                                 |
| \\      /  F ield         | OpenFOAM: The Open Source CFD Toolbox           |
|  \\    /   O peration     | Version:  2106                                  |
|   \\  /    A nd           | Website:  www.openfoam.com                      |
|    \\/     M anipulation  |                                                 |
\*---------------------------------------------------------------------------*/
FoamFile
{
    version     2.0;
    format      ascii;
    arch        "LSB;label=32;scalar=64";
    class       volScalarField;
    location    "0.78";
    object      p;
}
// * * * * * * * * * * * * * * * * * * * * * * * * * * * * * * * * * * * * * //

dimensions      [0 2 -2 0 0 0 0];

internalField   nonuniform List<scalar> 
10000
(
99.1236
98.5384
98.1709
97.9022
97.763
97.763
97.9022
98.1709
98.5384
99.1236
89.9367
89.0822
88.5194
88.1216
87.9166
87.9166
88.1216
88.5194
89.0822
89.9367
82.3092
81.326
80.6843
80.2372
80.0078
80.0078
80.2372
80.6843
81.326
82.3092
77.043
76.0329
75.3821
74.9354
74.7065
74.7065
74.9354
75.3821
76.0329
77.043
73.0914
72.0886
71.4458
71.0133
70.7918
70.7918
71.0133
71.4458
72.0886
73.0914
69.8909
68.9154
68.2886
67.8772
67.6669
67.6669
67.8772
68.2886
68.9154
69.8909
67.2513
66.324
65.7228
65.3388
65.1432
65.1432
65.3388
65.7228
66.324
67.2513
65.0653
64.2099
63.6467
63.2955
63.1174
63.1174
63.2955
63.6467
64.2099
65.0653
63.2525
62.4851
61.9727
61.6592
61.5004
61.5004
61.6592
61.9727
62.4851
63.2525
61.8332
61.066
60.6129
60.3372
60.1975
60.1975
60.3372
60.6129
61.066
61.8332
62.9408
63.1146
63.3038
63.4313
63.4973
63.4973
63.4313
63.3038
63.1146
62.9408
63.3664
63.4617
63.5892
63.671
63.7128
63.7128
63.671
63.5892
63.4617
63.3664
63.3434
63.3406
63.3937
63.4222
63.4363
63.4363
63.4222
63.3937
63.3406
63.3434
62.9309
62.8373
62.8219
62.8034
62.7933
62.7933
62.8034
62.8219
62.8373
62.9309
62.3325
62.1645
62.0908
62.0346
62.005
62.005
62.0346
62.0908
62.1645
62.3325
61.6582
61.4341
61.3133
61.2288
61.1848
61.1848
61.2288
61.3133
61.4341
61.6582
60.9631
60.7032
60.5484
60.4455
60.3922
60.3922
60.4455
60.5484
60.7032
60.9631
60.279
60.0073
59.8339
59.7225
59.6649
59.6649
59.7225
59.834
60.0073
60.279
59.6418
59.3744
59.1945
59.0816
59.023
59.023
59.0816
59.1945
59.3744
59.6418
59.1554
58.8055
58.6208
58.5071
58.448
58.448
58.5071
58.6208
58.8055
59.1554
58.3069
58.2925
58.2942
58.2907
58.2892
58.2892
58.2907
58.2942
58.2925
58.3069
58.7207
58.704
58.7052
58.7
58.6974
58.6974
58.7
58.7052
58.704
58.7207
59.0634
59.0281
59.0178
59.0029
58.9949
58.9949
59.0029
59.0178
59.0281
59.0634
59.1172
59.0484
59.0159
58.9849
58.9684
58.9684
58.9849
59.0159
59.0484
59.1172
58.9726
58.8685
58.8115
58.7644
58.7395
58.7395
58.7644
58.8115
58.8685
58.9726
58.7248
58.59
58.5105
58.45
58.4181
58.4181
58.45
58.5105
58.59
58.7248
58.4223
58.2651
58.1673
58.0974
58.0607
58.0607
58.0974
58.1673
58.2651
58.4223
58.092
57.9246
57.8155
57.7406
57.7014
57.7014
57.7406
57.8155
57.9246
58.092
57.7672
57.5972
57.4807
57.4034
57.3631
57.3631
57.4034
57.4807
57.5972
57.7672
57.5233
57.2887
57.1617
57.0806
57.0385
57.0385
57.0806
57.1617
57.2887
57.5233
53.5718
53.5917
53.6169
53.6329
53.6414
53.6414
53.6329
53.6169
53.5917
53.5718
53.7835
53.8073
53.8364
53.8549
53.8646
53.8646
53.8549
53.8364
53.8073
53.7835
53.9633
53.9848
54.0137
54.0313
54.0406
54.0406
54.0313
54.0137
53.9848
53.9633
54.0502
54.0612
54.0832
54.0954
54.1018
54.1018
54.0954
54.0832
54.0612
54.0502
54.0649
54.0615
54.0731
54.0778
54.0801
54.0801
54.0778
54.0731
54.0615
54.0649
54.0311
54.0128
54.013
54.0099
54.0081
54.0081
54.0099
54.013
54.0128
54.0311
53.9627
53.9316
53.9209
53.9111
53.9058
53.9058
53.9111
53.9209
53.9316
53.9627
53.8693
53.8301
53.8111
53.7963
53.7882
53.7882
53.7963
53.8111
53.8301
53.8693
53.7692
53.7241
53.697
53.6775
53.6669
53.6669
53.6775
53.697
53.7241
53.7692
53.7077
53.6186
53.5774
53.5505
53.5362
53.5362
53.5505
53.5774
53.6186
53.7077
50.341
50.341
50.3431
50.3432
50.3433
50.3433
50.3432
50.3431
50.341
50.341
50.4402
50.4439
50.4492
50.4514
50.4526
50.4526
50.4514
50.4492
50.4439
50.4402
50.5415
50.5467
50.5536
50.5567
50.5583
50.5583
50.5567
50.5536
50.5467
50.5415
50.6104
50.6135
50.6195
50.6214
50.6223
50.6223
50.6214
50.6195
50.6135
50.6104
50.649
50.6478
50.6509
50.6505
50.6502
50.6502
50.6505
50.6509
50.6478
50.649
50.6643
50.6577
50.6569
50.6539
50.652
50.652
50.6539
50.6569
50.6577
50.6643
50.661
50.6493
50.6445
50.6388
50.6356
50.6356
50.6388
50.6445
50.6493
50.661
50.6436
50.6282
50.6199
50.6122
50.6078
50.6078
50.6122
50.6199
50.6282
50.6436
50.6214
50.6025
50.5899
50.5798
50.5742
50.5742
50.5798
50.5899
50.6025
50.6214
50.6161
50.5741
50.5533
50.5389
50.5313
50.5313
50.5389
50.5533
50.5741
50.6161
47.0122
47.0153
47.019
47.0212
47.0223
47.0223
47.0212
47.019
47.0153
47.0122
47.0535
47.0584
47.0637
47.067
47.0688
47.0688
47.067
47.0637
47.0584
47.0535
47.0957
47.1017
47.1083
47.1123
47.1145
47.1145
47.1123
47.1083
47.1017
47.0957
47.1275
47.1333
47.1401
47.1441
47.1462
47.1462
47.1441
47.1401
47.1333
47.1275
47.1491
47.1537
47.1598
47.1631
47.1649
47.1649
47.1631
47.1598
47.1537
47.1491
47.1619
47.1646
47.1694
47.1717
47.1728
47.1728
47.1717
47.1694
47.1646
47.1619
47.1669
47.1676
47.1707
47.1719
47.1724
47.1724
47.1719
47.1707
47.1676
47.1669
47.1652
47.1643
47.1659
47.1659
47.1658
47.1658
47.1659
47.1659
47.1643
47.1652
47.1611
47.1584
47.1576
47.1562
47.1553
47.1553
47.1562
47.1576
47.1584
47.1611
47.1654
47.1508
47.145
47.1407
47.1385
47.1385
47.1407
47.145
47.1508
47.1654
43.8095
43.8099
43.8105
43.8106
43.8107
43.8107
43.8106
43.8105
43.8099
43.8095
43.8268
43.8282
43.8295
43.8302
43.8306
43.8306
43.8302
43.8295
43.8282
43.8268
43.8467
43.8488
43.8508
43.852
43.8525
43.8525
43.852
43.8508
43.8488
43.8467
43.8638
43.8662
43.8686
43.8699
43.8706
43.8706
43.8699
43.8686
43.8662
43.8638
43.8776
43.88
43.8825
43.8837
43.8843
43.8843
43.8837
43.8825
43.88
43.8776
43.8885
43.8904
43.8927
43.8937
43.8941
43.8941
43.8937
43.8927
43.8904
43.8885
43.8964
43.8978
43.8997
43.9003
43.9006
43.9006
43.9003
43.8997
43.8978
43.8964
43.9018
43.9028
43.9041
43.9044
43.9045
43.9045
43.9044
43.9041
43.9028
43.9018
43.9063
43.9066
43.907
43.9067
43.9064
43.9064
43.9067
43.907
43.9066
43.9063
43.9144
43.9095
43.9075
43.906
43.9051
43.9051
43.906
43.9075
43.9095
43.9144
40.5706
40.5712
40.5718
40.5722
40.5724
40.5724
40.5722
40.5718
40.5712
40.5706
40.5772
40.5782
40.5792
40.5798
40.5801
40.5801
40.5798
40.5792
40.5782
40.5772
40.5848
40.5862
40.5875
40.5883
40.5887
40.5887
40.5883
40.5875
40.5862
40.5848
40.5918
40.5934
40.5949
40.5959
40.5964
40.5964
40.5959
40.5949
40.5934
40.5918
40.5979
40.5995
40.6012
40.6022
40.6027
40.6027
40.6022
40.6012
40.5995
40.5979
40.603
40.6046
40.6063
40.6072
40.6077
40.6077
40.6072
40.6063
40.6046
40.603
40.6071
40.6086
40.6101
40.611
40.6114
40.6114
40.611
40.6101
40.6086
40.6071
40.6101
40.6115
40.6129
40.6136
40.6139
40.6139
40.6136
40.6129
40.6115
40.6101
40.6128
40.6138
40.6148
40.6152
40.6154
40.6154
40.6152
40.6148
40.6138
40.6128
40.617
40.6158
40.6156
40.6153
40.6152
40.6152
40.6153
40.6156
40.6158
40.617
37.3387
37.3388
37.3389
37.339
37.339
37.339
37.339
37.3389
37.3388
37.3387
37.3412
37.3415
37.3417
37.3419
37.3419
37.3419
37.3419
37.3417
37.3415
37.3412
37.3444
37.3448
37.3453
37.3455
37.3457
37.3457
37.3455
37.3453
37.3448
37.3444
37.3476
37.3483
37.3488
37.3492
37.3494
37.3494
37.3492
37.3488
37.3483
37.3476
37.3508
37.3516
37.3522
37.3526
37.3528
37.3528
37.3526
37.3522
37.3516
37.3508
37.3538
37.3546
37.3554
37.3558
37.356
37.356
37.3558
37.3554
37.3546
37.3538
37.3565
37.3574
37.3582
37.3586
37.3588
37.3588
37.3586
37.3582
37.3574
37.3565
37.359
37.3598
37.3606
37.361
37.3612
37.3612
37.361
37.3606
37.3598
37.359
37.3614
37.3622
37.3628
37.3631
37.3632
37.3632
37.3631
37.3628
37.3622
37.3614
37.3644
37.3643
37.3645
37.3645
37.3645
37.3645
37.3645
37.3645
37.3643
37.3644
34.0961
34.0962
34.0963
34.0964
34.0964
34.0964
34.0964
34.0963
34.0962
34.0961
34.0969
34.0971
34.0972
34.0973
34.0974
34.0974
34.0973
34.0972
34.0971
34.0969
34.098
34.0982
34.0984
34.0986
34.0987
34.0987
34.0986
34.0984
34.0982
34.098
34.0991
34.0995
34.0998
34.1
34.1001
34.1001
34.1
34.0998
34.0995
34.0991
34.1004
34.1008
34.1012
34.1014
34.1015
34.1015
34.1014
34.1012
34.1008
34.1004
34.1017
34.1021
34.1025
34.1028
34.1029
34.1029
34.1028
34.1025
34.1021
34.1017
34.1028
34.1033
34.1038
34.104
34.1042
34.1042
34.104
34.1038
34.1033
34.1028
34.1039
34.1045
34.1049
34.1052
34.1053
34.1053
34.1052
34.1049
34.1045
34.1039
34.105
34.1055
34.1059
34.1061
34.1062
34.1062
34.1061
34.1059
34.1055
34.105
34.1064
34.1065
34.1067
34.1068
34.1069
34.1069
34.1068
34.1067
34.1065
34.1064
30.8523
30.8523
30.8524
30.8524
30.8524
30.8524
30.8524
30.8524
30.8523
30.8523
30.8526
30.8526
30.8526
30.8527
30.8527
30.8527
30.8527
30.8526
30.8526
30.8526
30.8529
30.853
30.8531
30.8531
30.8531
30.8531
30.8531
30.8531
30.853
30.8529
30.8534
30.8535
30.8536
30.8537
30.8537
30.8537
30.8537
30.8536
30.8535
30.8534
30.854
30.8542
30.8543
30.8544
30.8544
30.8544
30.8544
30.8543
30.8542
30.854
30.8546
30.8548
30.855
30.8551
30.8552
30.8552
30.8551
30.855
30.8548
30.8546
30.8553
30.8555
30.8557
30.8558
30.8559
30.8559
30.8558
30.8557
30.8555
30.8553
30.8559
30.8562
30.8564
30.8565
30.8566
30.8566
30.8565
30.8564
30.8562
30.8559
30.8566
30.8569
30.8571
30.8572
30.8572
30.8572
30.8572
30.8571
30.8569
30.8566
30.8573
30.8575
30.8577
30.8577
30.8578
30.8578
30.8577
30.8577
30.8575
30.8573
27.6059
27.6059
27.6059
27.6059
27.6059
27.6059
27.6059
27.6059
27.6059
27.6059
27.6059
27.6059
27.6059
27.6059
27.6059
27.6059
27.6059
27.6059
27.6059
27.6059
27.606
27.606
27.606
27.6061
27.6061
27.6061
27.6061
27.606
27.606
27.606
27.6061
27.6062
27.6062
27.6062
27.6063
27.6063
27.6062
27.6062
27.6062
27.6061
27.6063
27.6064
27.6065
27.6065
27.6065
27.6065
27.6065
27.6065
27.6064
27.6063
27.6065
27.6066
27.6067
27.6068
27.6068
27.6068
27.6068
27.6067
27.6066
27.6065
27.6068
27.6069
27.607
27.6071
27.6071
27.6071
27.6071
27.607
27.6069
27.6068
27.6071
27.6072
27.6073
27.6074
27.6074
27.6074
27.6074
27.6073
27.6072
27.6071
27.6074
27.6075
27.6076
27.6076
27.6077
27.6077
27.6076
27.6076
27.6075
27.6074
27.6077
27.6078
27.6078
27.6079
27.6079
27.6079
27.6079
27.6078
27.6078
27.6077
24.3588
24.3588
24.3588
24.3588
24.3588
24.3588
24.3588
24.3588
24.3588
24.3588
24.3588
24.3588
24.3588
24.3588
24.3588
24.3588
24.3588
24.3588
24.3588
24.3588
24.3588
24.3588
24.3588
24.3588
24.3588
24.3588
24.3588
24.3588
24.3588
24.3588
24.3589
24.3589
24.3589
24.3589
24.3589
24.3589
24.3589
24.3589
24.3589
24.3589
24.3589
24.359
24.359
24.359
24.359
24.359
24.359
24.359
24.359
24.3589
24.3591
24.3591
24.3591
24.3591
24.3592
24.3592
24.3591
24.3591
24.3591
24.3591
24.3592
24.3592
24.3593
24.3593
24.3593
24.3593
24.3593
24.3593
24.3592
24.3592
24.3593
24.3594
24.3594
24.3594
24.3595
24.3595
24.3594
24.3594
24.3594
24.3593
24.3595
24.3595
24.3596
24.3596
24.3596
24.3596
24.3596
24.3596
24.3595
24.3595
24.3596
24.3597
24.3597
24.3597
24.3598
24.3598
24.3597
24.3597
24.3597
24.3596
21.1112
21.1112
21.1112
21.1112
21.1112
21.1112
21.1112
21.1112
21.1112
21.1112
21.1112
21.1112
21.1112
21.1112
21.1112
21.1112
21.1112
21.1112
21.1112
21.1112
21.1112
21.1112
21.1112
21.1112
21.1112
21.1112
21.1112
21.1112
21.1112
21.1112
21.1112
21.1112
21.1112
21.1112
21.1112
21.1112
21.1112
21.1112
21.1112
21.1112
21.1112
21.1112
21.1112
21.1112
21.1112
21.1112
21.1112
21.1112
21.1112
21.1112
21.1112
21.1112
21.1113
21.1113
21.1113
21.1113
21.1113
21.1113
21.1112
21.1112
21.1113
21.1113
21.1113
21.1113
21.1113
21.1113
21.1113
21.1113
21.1113
21.1113
21.1113
21.1113
21.1114
21.1114
21.1114
21.1114
21.1114
21.1114
21.1113
21.1113
21.1114
21.1114
21.1114
21.1114
21.1114
21.1114
21.1114
21.1114
21.1114
21.1114
21.1114
21.1115
21.1115
21.1115
21.1115
21.1115
21.1115
21.1115
21.1115
21.1114
17.8634
17.8634
17.8634
17.8634
17.8634
17.8634
17.8634
17.8634
17.8634
17.8634
17.8634
17.8634
17.8634
17.8634
17.8634
17.8634
17.8634
17.8634
17.8634
17.8634
17.8634
17.8634
17.8634
17.8634
17.8634
17.8634
17.8634
17.8634
17.8634
17.8634
17.8634
17.8634
17.8634
17.8634
17.8634
17.8634
17.8634
17.8634
17.8634
17.8634
17.8634
17.8634
17.8634
17.8634
17.8634
17.8634
17.8634
17.8634
17.8634
17.8634
17.8634
17.8634
17.8634
17.8634
17.8634
17.8634
17.8634
17.8634
17.8634
17.8634
17.8635
17.8635
17.8635
17.8635
17.8635
17.8635
17.8635
17.8635
17.8635
17.8635
17.8635
17.8635
17.8635
17.8635
17.8635
17.8635
17.8635
17.8635
17.8635
17.8635
17.8635
17.8635
17.8635
17.8635
17.8635
17.8635
17.8635
17.8635
17.8635
17.8635
17.8635
17.8635
17.8636
17.8636
17.8636
17.8636
17.8636
17.8636
17.8635
17.8635
14.6156
14.6156
14.6156
14.6156
14.6156
14.6156
14.6156
14.6156
14.6156
14.6156
14.6156
14.6156
14.6156
14.6156
14.6156
14.6156
14.6156
14.6156
14.6156
14.6156
14.6156
14.6156
14.6156
14.6156
14.6156
14.6156
14.6156
14.6156
14.6156
14.6156
14.6156
14.6156
14.6156
14.6156
14.6156
14.6156
14.6156
14.6156
14.6156
14.6156
14.6156
14.6156
14.6156
14.6156
14.6156
14.6156
14.6156
14.6156
14.6156
14.6156
14.6156
14.6156
14.6156
14.6156
14.6156
14.6156
14.6156
14.6156
14.6156
14.6156
14.6156
14.6156
14.6156
14.6156
14.6156
14.6156
14.6156
14.6156
14.6156
14.6156
14.6156
14.6156
14.6156
14.6156
14.6156
14.6156
14.6156
14.6156
14.6156
14.6156
14.6156
14.6156
14.6156
14.6156
14.6156
14.6156
14.6156
14.6156
14.6156
14.6156
14.6156
14.6156
14.6156
14.6156
14.6156
14.6156
14.6156
14.6156
14.6156
14.6156
11.3677
11.3677
11.3677
11.3677
11.3677
11.3677
11.3677
11.3677
11.3677
11.3677
11.3677
11.3677
11.3677
11.3677
11.3677
11.3677
11.3677
11.3677
11.3677
11.3677
11.3677
11.3677
11.3677
11.3677
11.3677
11.3677
11.3677
11.3677
11.3677
11.3677
11.3677
11.3677
11.3677
11.3677
11.3677
11.3677
11.3677
11.3677
11.3677
11.3677
11.3677
11.3677
11.3677
11.3677
11.3677
11.3677
11.3677
11.3677
11.3677
11.3677
11.3677
11.3677
11.3677
11.3677
11.3677
11.3677
11.3677
11.3677
11.3677
11.3677
11.3677
11.3677
11.3677
11.3677
11.3677
11.3677
11.3677
11.3677
11.3677
11.3677
11.3677
11.3677
11.3677
11.3677
11.3677
11.3677
11.3677
11.3677
11.3677
11.3677
11.3677
11.3677
11.3677
11.3677
11.3677
11.3677
11.3677
11.3677
11.3677
11.3677
11.3677
11.3677
11.3677
11.3677
11.3677
11.3677
11.3677
11.3677
11.3677
11.3677
8.11977
8.11977
8.11977
8.11977
8.11977
8.11977
8.11977
8.11977
8.11977
8.11977
8.11977
8.11977
8.11977
8.11977
8.11977
8.11977
8.11977
8.11977
8.11977
8.11977
8.11977
8.11977
8.11977
8.11977
8.11977
8.11977
8.11977
8.11977
8.11977
8.11977
8.11977
8.11977
8.11977
8.11977
8.11977
8.11977
8.11977
8.11977
8.11977
8.11977
8.11977
8.11977
8.11977
8.11977
8.11977
8.11977
8.11977
8.11977
8.11977
8.11977
8.11977
8.11977
8.11977
8.11977
8.11977
8.11977
8.11977
8.11977
8.11977
8.11977
8.11977
8.11977
8.11977
8.11977
8.11977
8.11977
8.11977
8.11977
8.11977
8.11977
8.11977
8.11977
8.11977
8.11977
8.11977
8.11977
8.11977
8.11977
8.11977
8.11977
8.11977
8.11977
8.11977
8.11977
8.11977
8.11977
8.11977
8.11977
8.11977
8.11977
8.11977
8.11977
8.11977
8.11977
8.11977
8.11977
8.11977
8.11977
8.11977
8.11977
4.87186
4.87186
4.87186
4.87186
4.87186
4.87186
4.87186
4.87186
4.87186
4.87186
4.87186
4.87186
4.87186
4.87186
4.87186
4.87186
4.87186
4.87186
4.87186
4.87186
4.87186
4.87186
4.87186
4.87186
4.87186
4.87186
4.87186
4.87186
4.87186
4.87186
4.87186
4.87186
4.87186
4.87186
4.87186
4.87186
4.87186
4.87186
4.87186
4.87186
4.87186
4.87186
4.87186
4.87186
4.87186
4.87186
4.87186
4.87186
4.87186
4.87186
4.87186
4.87186
4.87186
4.87186
4.87186
4.87186
4.87186
4.87186
4.87186
4.87186
4.87186
4.87186
4.87186
4.87186
4.87186
4.87186
4.87186
4.87186
4.87186
4.87186
4.87186
4.87186
4.87186
4.87186
4.87186
4.87186
4.87186
4.87186
4.87186
4.87186
4.87186
4.87186
4.87186
4.87186
4.87186
4.87186
4.87186
4.87186
4.87186
4.87186
4.87186
4.87186
4.87186
4.87186
4.87186
4.87186
4.87186
4.87186
4.87186
4.87186
1.62395
1.62395
1.62395
1.62395
1.62395
1.62395
1.62395
1.62395
1.62395
1.62395
1.62395
1.62395
1.62395
1.62395
1.62395
1.62395
1.62395
1.62395
1.62395
1.62395
1.62395
1.62395
1.62395
1.62395
1.62395
1.62395
1.62395
1.62395
1.62395
1.62395
1.62395
1.62395
1.62395
1.62395
1.62395
1.62395
1.62395
1.62395
1.62395
1.62395
1.62395
1.62395
1.62395
1.62395
1.62395
1.62395
1.62395
1.62395
1.62395
1.62395
1.62395
1.62395
1.62395
1.62395
1.62395
1.62395
1.62395
1.62395
1.62395
1.62395
1.62395
1.62395
1.62395
1.62395
1.62395
1.62395
1.62395
1.62395
1.62395
1.62395
1.62395
1.62395
1.62395
1.62395
1.62395
1.62395
1.62395
1.62395
1.62395
1.62395
1.62395
1.62395
1.62395
1.62395
1.62395
1.62395
1.62395
1.62395
1.62395
1.62395
1.62395
1.62395
1.62395
1.62395
1.62395
1.62395
1.62395
1.62395
1.62395
1.62395
99.1236
98.5384
98.1709
97.9022
97.763
97.763
97.9022
98.1709
98.5384
99.1236
89.9367
89.0822
88.5194
88.1216
87.9166
87.9166
88.1216
88.5194
89.0822
89.9367
82.3092
81.326
80.6843
80.2372
80.0078
80.0078
80.2372
80.6843
81.326
82.3092
77.043
76.0329
75.3821
74.9354
74.7065
74.7065
74.9354
75.3821
76.0329
77.043
73.0914
72.0886
71.4458
71.0133
70.7918
70.7918
71.0133
71.4458
72.0886
73.0914
69.8909
68.9154
68.2886
67.8772
67.6669
67.6669
67.8772
68.2886
68.9154
69.8909
67.2513
66.324
65.7228
65.3388
65.1432
65.1432
65.3388
65.7228
66.324
67.2513
65.0653
64.2099
63.6467
63.2955
63.1174
63.1174
63.2955
63.6467
64.2099
65.0654
63.2525
62.4851
61.9727
61.6592
61.5004
61.5004
61.6592
61.9727
62.4851
63.2525
61.8332
61.066
60.6129
60.3372
60.1975
60.1975
60.3372
60.6129
61.066
61.8332
62.9408
63.1146
63.3038
63.4313
63.4973
63.4973
63.4313
63.3038
63.1146
62.9408
63.3664
63.4617
63.5892
63.671
63.7128
63.7128
63.671
63.5892
63.4617
63.3664
63.3434
63.3406
63.3937
63.4222
63.4363
63.4363
63.4222
63.3937
63.3406
63.3435
62.9309
62.8373
62.8219
62.8034
62.7933
62.7933
62.8034
62.8219
62.8373
62.9309
62.3325
62.1645
62.0908
62.0346
62.005
62.005
62.0346
62.0908
62.1645
62.3325
61.6582
61.4341
61.3133
61.2288
61.1848
61.1848
61.2288
61.3133
61.4341
61.6582
60.9631
60.7032
60.5484
60.4455
60.3922
60.3922
60.4455
60.5484
60.7032
60.9631
60.279
60.0073
59.834
59.7225
59.6649
59.6649
59.7225
59.834
60.0073
60.279
59.6418
59.3744
59.1945
59.0816
59.023
59.023
59.0816
59.1945
59.3744
59.6418
59.1554
58.8055
58.6208
58.5072
58.448
58.448
58.5072
58.6208
58.8055
59.1554
58.3069
58.2925
58.2942
58.2907
58.2892
58.2892
58.2907
58.2942
58.2925
58.3069
58.7207
58.704
58.7052
58.7
58.6974
58.6974
58.7
58.7052
58.704
58.7207
59.0634
59.0281
59.0178
59.0029
58.9949
58.9949
59.0029
59.0178
59.0281
59.0634
59.1172
59.0484
59.0159
58.9849
58.9684
58.9684
58.9849
59.0159
59.0485
59.1172
58.9726
58.8685
58.8115
58.7644
58.7395
58.7395
58.7644
58.8115
58.8685
58.9726
58.7248
58.59
58.5105
58.45
58.4181
58.4182
58.45
58.5105
58.59
58.7248
58.4223
58.2651
58.1673
58.0974
58.0607
58.0607
58.0974
58.1673
58.2651
58.4223
58.092
57.9246
57.8155
57.7406
57.7014
57.7014
57.7406
57.8155
57.9246
58.092
57.7672
57.5972
57.4807
57.4035
57.3631
57.3631
57.4035
57.4807
57.5972
57.7672
57.5233
57.2887
57.1617
57.0806
57.0385
57.0385
57.0806
57.1617
57.2887
57.5233
53.5718
53.5917
53.6169
53.6329
53.6414
53.6414
53.6329
53.6169
53.5917
53.5718
53.7835
53.8073
53.8364
53.8549
53.8646
53.8646
53.8549
53.8364
53.8073
53.7835
53.9634
53.9848
54.0137
54.0313
54.0406
54.0406
54.0313
54.0137
53.9848
53.9634
54.0502
54.0612
54.0832
54.0954
54.1018
54.1018
54.0954
54.0832
54.0612
54.0502
54.0649
54.0615
54.0731
54.0778
54.0801
54.0801
54.0778
54.0731
54.0615
54.0649
54.0311
54.0128
54.013
54.0099
54.0082
54.0082
54.0099
54.013
54.0128
54.0311
53.9627
53.9316
53.9209
53.9111
53.9058
53.9058
53.9111
53.9209
53.9316
53.9627
53.8693
53.8301
53.8111
53.7963
53.7882
53.7882
53.7963
53.8111
53.8301
53.8693
53.7692
53.7241
53.697
53.6775
53.6669
53.6669
53.6775
53.697
53.7241
53.7692
53.7077
53.6186
53.5774
53.5505
53.5362
53.5362
53.5505
53.5774
53.6186
53.7077
50.341
50.341
50.3431
50.3432
50.3433
50.3433
50.3432
50.3431
50.341
50.341
50.4402
50.4439
50.4492
50.4514
50.4526
50.4526
50.4514
50.4492
50.4439
50.4402
50.5415
50.5467
50.5536
50.5567
50.5583
50.5583
50.5567
50.5536
50.5467
50.5415
50.6104
50.6135
50.6195
50.6214
50.6223
50.6223
50.6214
50.6195
50.6135
50.6104
50.649
50.6478
50.6509
50.6505
50.6502
50.6502
50.6505
50.6509
50.6478
50.649
50.6643
50.6577
50.6569
50.6539
50.6521
50.6521
50.6539
50.6569
50.6577
50.6643
50.661
50.6493
50.6445
50.6388
50.6356
50.6356
50.6388
50.6445
50.6493
50.6611
50.6436
50.6282
50.6199
50.6122
50.6078
50.6078
50.6122
50.6199
50.6282
50.6436
50.6214
50.6025
50.5899
50.5798
50.5742
50.5742
50.5798
50.5899
50.6025
50.6214
50.6161
50.5741
50.5533
50.5389
50.5313
50.5313
50.5389
50.5533
50.5741
50.6161
47.0122
47.0153
47.019
47.0212
47.0223
47.0223
47.0212
47.019
47.0153
47.0122
47.0535
47.0584
47.0637
47.067
47.0688
47.0688
47.067
47.0637
47.0584
47.0535
47.0957
47.1017
47.1083
47.1123
47.1145
47.1145
47.1123
47.1083
47.1017
47.0957
47.1275
47.1333
47.1401
47.1441
47.1463
47.1463
47.1441
47.1401
47.1333
47.1275
47.1491
47.1537
47.1598
47.1631
47.1649
47.1649
47.1631
47.1598
47.1537
47.1491
47.1619
47.1646
47.1694
47.1717
47.1728
47.1728
47.1717
47.1694
47.1646
47.1619
47.1669
47.1676
47.1707
47.1719
47.1724
47.1724
47.1719
47.1707
47.1676
47.1669
47.1652
47.1643
47.1659
47.1659
47.1658
47.1658
47.1659
47.1659
47.1643
47.1652
47.1611
47.1584
47.1576
47.1562
47.1553
47.1553
47.1562
47.1576
47.1584
47.1611
47.1654
47.1508
47.145
47.1408
47.1385
47.1385
47.1408
47.145
47.1508
47.1654
43.8095
43.8099
43.8105
43.8106
43.8107
43.8107
43.8106
43.8105
43.8099
43.8095
43.8268
43.8282
43.8295
43.8302
43.8306
43.8306
43.8302
43.8295
43.8282
43.8268
43.8467
43.8488
43.8508
43.852
43.8526
43.8526
43.852
43.8508
43.8488
43.8467
43.8638
43.8662
43.8686
43.8699
43.8706
43.8706
43.8699
43.8686
43.8662
43.8638
43.8776
43.88
43.8825
43.8837
43.8843
43.8843
43.8837
43.8825
43.88
43.8776
43.8885
43.8904
43.8927
43.8937
43.8941
43.8941
43.8937
43.8927
43.8904
43.8885
43.8964
43.8978
43.8997
43.9003
43.9006
43.9006
43.9003
43.8997
43.8978
43.8964
43.9018
43.9028
43.9041
43.9044
43.9045
43.9045
43.9044
43.9041
43.9028
43.9018
43.9063
43.9066
43.907
43.9067
43.9064
43.9064
43.9067
43.907
43.9066
43.9063
43.9144
43.9095
43.9075
43.906
43.9051
43.9051
43.906
43.9075
43.9095
43.9144
40.5706
40.5712
40.5718
40.5722
40.5724
40.5724
40.5722
40.5718
40.5712
40.5706
40.5772
40.5782
40.5792
40.5798
40.5801
40.5801
40.5798
40.5792
40.5782
40.5772
40.5848
40.5862
40.5875
40.5883
40.5887
40.5887
40.5883
40.5875
40.5862
40.5848
40.5918
40.5934
40.5949
40.5959
40.5964
40.5964
40.5959
40.5949
40.5934
40.5918
40.5979
40.5995
40.6012
40.6022
40.6027
40.6027
40.6022
40.6012
40.5995
40.5979
40.603
40.6046
40.6063
40.6072
40.6077
40.6077
40.6072
40.6063
40.6046
40.603
40.6071
40.6086
40.6101
40.611
40.6114
40.6114
40.611
40.6101
40.6086
40.6071
40.6101
40.6115
40.6129
40.6136
40.6139
40.6139
40.6136
40.6129
40.6115
40.6101
40.6128
40.6138
40.6148
40.6152
40.6154
40.6154
40.6152
40.6148
40.6138
40.6128
40.617
40.6158
40.6156
40.6153
40.6152
40.6152
40.6153
40.6156
40.6158
40.617
37.3387
37.3388
37.3389
37.339
37.339
37.339
37.339
37.3389
37.3388
37.3387
37.3412
37.3415
37.3417
37.3419
37.3419
37.3419
37.3419
37.3417
37.3415
37.3412
37.3444
37.3448
37.3453
37.3455
37.3457
37.3457
37.3455
37.3453
37.3448
37.3444
37.3476
37.3483
37.3488
37.3492
37.3494
37.3494
37.3492
37.3488
37.3483
37.3476
37.3508
37.3516
37.3522
37.3526
37.3528
37.3528
37.3526
37.3522
37.3516
37.3508
37.3538
37.3546
37.3554
37.3558
37.356
37.356
37.3558
37.3554
37.3546
37.3538
37.3565
37.3574
37.3582
37.3586
37.3588
37.3588
37.3586
37.3582
37.3574
37.3565
37.359
37.3598
37.3606
37.361
37.3612
37.3612
37.361
37.3606
37.3598
37.359
37.3614
37.3622
37.3628
37.3631
37.3632
37.3632
37.3631
37.3628
37.3622
37.3614
37.3644
37.3643
37.3645
37.3645
37.3645
37.3645
37.3645
37.3645
37.3643
37.3644
34.0961
34.0962
34.0963
34.0964
34.0964
34.0964
34.0964
34.0963
34.0962
34.0961
34.0969
34.0971
34.0972
34.0973
34.0974
34.0974
34.0973
34.0972
34.0971
34.0969
34.098
34.0982
34.0984
34.0986
34.0987
34.0987
34.0986
34.0984
34.0982
34.098
34.0991
34.0995
34.0998
34.1
34.1001
34.1001
34.1
34.0998
34.0995
34.0991
34.1004
34.1008
34.1012
34.1014
34.1015
34.1015
34.1014
34.1012
34.1008
34.1004
34.1017
34.1021
34.1025
34.1028
34.1029
34.1029
34.1028
34.1025
34.1021
34.1017
34.1028
34.1033
34.1038
34.104
34.1042
34.1042
34.104
34.1038
34.1033
34.1028
34.1039
34.1045
34.1049
34.1052
34.1053
34.1053
34.1052
34.1049
34.1045
34.1039
34.105
34.1055
34.1059
34.1061
34.1062
34.1062
34.1061
34.1059
34.1055
34.105
34.1064
34.1065
34.1067
34.1068
34.1069
34.1069
34.1068
34.1067
34.1065
34.1064
30.8523
30.8523
30.8524
30.8524
30.8524
30.8524
30.8524
30.8524
30.8523
30.8523
30.8526
30.8526
30.8526
30.8527
30.8527
30.8527
30.8527
30.8526
30.8526
30.8526
30.8529
30.853
30.8531
30.8531
30.8531
30.8531
30.8531
30.8531
30.853
30.8529
30.8534
30.8535
30.8536
30.8537
30.8537
30.8537
30.8537
30.8536
30.8535
30.8534
30.854
30.8542
30.8543
30.8544
30.8544
30.8544
30.8544
30.8543
30.8542
30.854
30.8546
30.8548
30.855
30.8551
30.8552
30.8552
30.8551
30.855
30.8548
30.8546
30.8553
30.8555
30.8557
30.8558
30.8559
30.8559
30.8558
30.8557
30.8555
30.8553
30.8559
30.8562
30.8564
30.8565
30.8566
30.8566
30.8565
30.8564
30.8562
30.8559
30.8566
30.8569
30.8571
30.8572
30.8572
30.8572
30.8572
30.8571
30.8569
30.8566
30.8573
30.8575
30.8577
30.8577
30.8578
30.8578
30.8577
30.8577
30.8575
30.8573
27.6059
27.6059
27.6059
27.6059
27.6059
27.6059
27.6059
27.6059
27.6059
27.6059
27.6059
27.6059
27.6059
27.6059
27.6059
27.6059
27.6059
27.6059
27.6059
27.6059
27.606
27.606
27.606
27.6061
27.6061
27.6061
27.6061
27.606
27.606
27.606
27.6061
27.6062
27.6062
27.6062
27.6063
27.6063
27.6062
27.6062
27.6062
27.6061
27.6063
27.6064
27.6065
27.6065
27.6065
27.6065
27.6065
27.6065
27.6064
27.6063
27.6065
27.6066
27.6067
27.6068
27.6068
27.6068
27.6068
27.6067
27.6066
27.6065
27.6068
27.6069
27.607
27.6071
27.6071
27.6071
27.6071
27.607
27.6069
27.6068
27.6071
27.6072
27.6073
27.6074
27.6074
27.6074
27.6074
27.6073
27.6072
27.6071
27.6074
27.6075
27.6076
27.6076
27.6077
27.6077
27.6076
27.6076
27.6075
27.6074
27.6077
27.6078
27.6078
27.6079
27.6079
27.6079
27.6079
27.6078
27.6078
27.6077
24.3588
24.3588
24.3588
24.3588
24.3588
24.3588
24.3588
24.3588
24.3588
24.3588
24.3588
24.3588
24.3588
24.3588
24.3588
24.3588
24.3588
24.3588
24.3588
24.3588
24.3588
24.3588
24.3588
24.3588
24.3588
24.3588
24.3588
24.3588
24.3588
24.3588
24.3589
24.3589
24.3589
24.3589
24.3589
24.3589
24.3589
24.3589
24.3589
24.3589
24.3589
24.359
24.359
24.359
24.359
24.359
24.359
24.359
24.359
24.3589
24.3591
24.3591
24.3591
24.3591
24.3592
24.3592
24.3591
24.3591
24.3591
24.3591
24.3592
24.3592
24.3593
24.3593
24.3593
24.3593
24.3593
24.3593
24.3592
24.3592
24.3593
24.3594
24.3594
24.3594
24.3595
24.3595
24.3594
24.3594
24.3594
24.3593
24.3595
24.3595
24.3596
24.3596
24.3596
24.3596
24.3596
24.3596
24.3595
24.3595
24.3596
24.3597
24.3597
24.3597
24.3598
24.3598
24.3597
24.3597
24.3597
24.3596
21.1112
21.1112
21.1112
21.1112
21.1112
21.1112
21.1112
21.1112
21.1112
21.1112
21.1112
21.1112
21.1112
21.1112
21.1112
21.1112
21.1112
21.1112
21.1112
21.1112
21.1112
21.1112
21.1112
21.1112
21.1112
21.1112
21.1112
21.1112
21.1112
21.1112
21.1112
21.1112
21.1112
21.1112
21.1112
21.1112
21.1112
21.1112
21.1112
21.1112
21.1112
21.1112
21.1112
21.1112
21.1112
21.1112
21.1112
21.1112
21.1112
21.1112
21.1112
21.1112
21.1113
21.1113
21.1113
21.1113
21.1113
21.1113
21.1112
21.1112
21.1113
21.1113
21.1113
21.1113
21.1113
21.1113
21.1113
21.1113
21.1113
21.1113
21.1113
21.1113
21.1114
21.1114
21.1114
21.1114
21.1114
21.1114
21.1113
21.1113
21.1114
21.1114
21.1114
21.1114
21.1114
21.1114
21.1114
21.1114
21.1114
21.1114
21.1114
21.1115
21.1115
21.1115
21.1115
21.1115
21.1115
21.1115
21.1115
21.1114
17.8634
17.8634
17.8634
17.8634
17.8634
17.8634
17.8634
17.8634
17.8634
17.8634
17.8634
17.8634
17.8634
17.8634
17.8634
17.8634
17.8634
17.8634
17.8634
17.8634
17.8634
17.8634
17.8634
17.8634
17.8634
17.8634
17.8634
17.8634
17.8634
17.8634
17.8634
17.8634
17.8634
17.8634
17.8634
17.8634
17.8634
17.8634
17.8634
17.8634
17.8634
17.8634
17.8634
17.8634
17.8634
17.8634
17.8634
17.8634
17.8634
17.8634
17.8634
17.8634
17.8634
17.8634
17.8634
17.8634
17.8634
17.8634
17.8634
17.8634
17.8635
17.8635
17.8635
17.8635
17.8635
17.8635
17.8635
17.8635
17.8635
17.8635
17.8635
17.8635
17.8635
17.8635
17.8635
17.8635
17.8635
17.8635
17.8635
17.8635
17.8635
17.8635
17.8635
17.8635
17.8635
17.8635
17.8635
17.8635
17.8635
17.8635
17.8635
17.8635
17.8636
17.8636
17.8636
17.8636
17.8636
17.8636
17.8635
17.8635
14.6156
14.6156
14.6156
14.6156
14.6156
14.6156
14.6156
14.6156
14.6156
14.6156
14.6156
14.6156
14.6156
14.6156
14.6156
14.6156
14.6156
14.6156
14.6156
14.6156
14.6156
14.6156
14.6156
14.6156
14.6156
14.6156
14.6156
14.6156
14.6156
14.6156
14.6156
14.6156
14.6156
14.6156
14.6156
14.6156
14.6156
14.6156
14.6156
14.6156
14.6156
14.6156
14.6156
14.6156
14.6156
14.6156
14.6156
14.6156
14.6156
14.6156
14.6156
14.6156
14.6156
14.6156
14.6156
14.6156
14.6156
14.6156
14.6156
14.6156
14.6156
14.6156
14.6156
14.6156
14.6156
14.6156
14.6156
14.6156
14.6156
14.6156
14.6156
14.6156
14.6156
14.6156
14.6156
14.6156
14.6156
14.6156
14.6156
14.6156
14.6156
14.6156
14.6156
14.6156
14.6156
14.6156
14.6156
14.6156
14.6156
14.6156
14.6156
14.6156
14.6156
14.6156
14.6156
14.6156
14.6156
14.6156
14.6156
14.6156
11.3677
11.3677
11.3677
11.3677
11.3677
11.3677
11.3677
11.3677
11.3677
11.3677
11.3677
11.3677
11.3677
11.3677
11.3677
11.3677
11.3677
11.3677
11.3677
11.3677
11.3677
11.3677
11.3677
11.3677
11.3677
11.3677
11.3677
11.3677
11.3677
11.3677
11.3677
11.3677
11.3677
11.3677
11.3677
11.3677
11.3677
11.3677
11.3677
11.3677
11.3677
11.3677
11.3677
11.3677
11.3677
11.3677
11.3677
11.3677
11.3677
11.3677
11.3677
11.3677
11.3677
11.3677
11.3677
11.3677
11.3677
11.3677
11.3677
11.3677
11.3677
11.3677
11.3677
11.3677
11.3677
11.3677
11.3677
11.3677
11.3677
11.3677
11.3677
11.3677
11.3677
11.3677
11.3677
11.3677
11.3677
11.3677
11.3677
11.3677
11.3677
11.3677
11.3677
11.3677
11.3677
11.3677
11.3677
11.3677
11.3677
11.3677
11.3677
11.3677
11.3677
11.3677
11.3677
11.3677
11.3677
11.3677
11.3677
11.3677
8.11977
8.11977
8.11977
8.11977
8.11977
8.11977
8.11977
8.11977
8.11977
8.11977
8.11977
8.11977
8.11977
8.11977
8.11977
8.11977
8.11977
8.11977
8.11977
8.11977
8.11977
8.11977
8.11977
8.11977
8.11977
8.11977
8.11977
8.11977
8.11977
8.11977
8.11977
8.11977
8.11977
8.11977
8.11977
8.11977
8.11977
8.11977
8.11977
8.11977
8.11977
8.11977
8.11977
8.11977
8.11977
8.11977
8.11977
8.11977
8.11977
8.11977
8.11977
8.11977
8.11977
8.11977
8.11977
8.11977
8.11977
8.11977
8.11977
8.11977
8.11977
8.11977
8.11977
8.11977
8.11977
8.11977
8.11977
8.11977
8.11977
8.11977
8.11977
8.11977
8.11977
8.11977
8.11977
8.11977
8.11977
8.11977
8.11977
8.11977
8.11977
8.11977
8.11977
8.11977
8.11977
8.11977
8.11977
8.11977
8.11977
8.11977
8.11977
8.11977
8.11977
8.11977
8.11977
8.11977
8.11977
8.11977
8.11977
8.11977
4.87186
4.87186
4.87186
4.87186
4.87186
4.87186
4.87186
4.87186
4.87186
4.87186
4.87186
4.87186
4.87186
4.87186
4.87186
4.87186
4.87186
4.87186
4.87186
4.87186
4.87186
4.87186
4.87186
4.87186
4.87186
4.87186
4.87186
4.87186
4.87186
4.87186
4.87186
4.87186
4.87186
4.87186
4.87186
4.87186
4.87186
4.87186
4.87186
4.87186
4.87186
4.87186
4.87186
4.87186
4.87186
4.87186
4.87186
4.87186
4.87186
4.87186
4.87186
4.87186
4.87186
4.87186
4.87186
4.87186
4.87186
4.87186
4.87186
4.87186
4.87186
4.87186
4.87186
4.87186
4.87186
4.87186
4.87186
4.87186
4.87186
4.87186
4.87186
4.87186
4.87186
4.87186
4.87186
4.87186
4.87186
4.87186
4.87186
4.87186
4.87186
4.87186
4.87186
4.87186
4.87186
4.87186
4.87186
4.87186
4.87186
4.87186
4.87186
4.87186
4.87186
4.87186
4.87186
4.87186
4.87186
4.87186
4.87186
4.87186
1.62395
1.62395
1.62395
1.62395
1.62395
1.62395
1.62395
1.62395
1.62395
1.62395
1.62395
1.62395
1.62395
1.62395
1.62395
1.62395
1.62395
1.62395
1.62395
1.62395
1.62395
1.62395
1.62395
1.62395
1.62395
1.62395
1.62395
1.62395
1.62395
1.62395
1.62395
1.62395
1.62395
1.62395
1.62395
1.62395
1.62395
1.62395
1.62395
1.62395
1.62395
1.62395
1.62395
1.62395
1.62395
1.62395
1.62395
1.62395
1.62395
1.62395
1.62395
1.62395
1.62395
1.62395
1.62395
1.62395
1.62395
1.62395
1.62395
1.62395
1.62395
1.62395
1.62395
1.62395
1.62395
1.62395
1.62395
1.62395
1.62395
1.62395
1.62395
1.62395
1.62395
1.62395
1.62395
1.62395
1.62395
1.62395
1.62395
1.62395
1.62395
1.62395
1.62395
1.62395
1.62395
1.62395
1.62395
1.62395
1.62395
1.62395
1.62395
1.62395
1.62395
1.62395
1.62395
1.62395
1.62395
1.62395
1.62395
1.62395
99.1236
98.5384
98.1709
97.9022
97.763
97.763
97.9022
98.1709
98.5384
99.1236
89.9367
89.0822
88.5194
88.1216
87.9166
87.9166
88.1216
88.5194
89.0822
89.9367
82.3092
81.326
80.6843
80.2372
80.0078
80.0078
80.2372
80.6843
81.326
82.3092
77.043
76.0329
75.3821
74.9354
74.7065
74.7065
74.9354
75.3821
76.0329
77.043
73.0914
72.0886
71.4458
71.0133
70.7918
70.7918
71.0133
71.4458
72.0886
73.0914
69.8909
68.9154
68.2886
67.8772
67.6669
67.6669
67.8772
68.2886
68.9154
69.8909
67.2513
66.324
65.7228
65.3388
65.1432
65.1432
65.3388
65.7228
66.324
67.2513
65.0654
64.2099
63.6467
63.2955
63.1174
63.1174
63.2955
63.6467
64.2099
65.0653
63.2525
62.4851
61.9727
61.6592
61.5004
61.5004
61.6592
61.9727
62.4851
63.2525
61.8332
61.066
60.6129
60.3372
60.1975
60.1975
60.3372
60.6129
61.066
61.8332
62.9408
63.1146
63.3038
63.4313
63.4973
63.4973
63.4313
63.3038
63.1146
62.9408
63.3664
63.4617
63.5892
63.671
63.7128
63.7128
63.671
63.5892
63.4617
63.3664
63.3435
63.3406
63.3937
63.4222
63.4363
63.4363
63.4222
63.3937
63.3406
63.3434
62.9309
62.8373
62.8219
62.8034
62.7933
62.7933
62.8034
62.8219
62.8373
62.9309
62.3325
62.1645
62.0908
62.0346
62.005
62.005
62.0346
62.0908
62.1645
62.3325
61.6582
61.4341
61.3133
61.2288
61.1848
61.1848
61.2288
61.3133
61.4341
61.6582
60.9631
60.7032
60.5484
60.4455
60.3922
60.3922
60.4455
60.5484
60.7032
60.9631
60.279
60.0073
59.834
59.7225
59.6649
59.6649
59.7225
59.834
60.0073
60.279
59.6418
59.3744
59.1945
59.0816
59.023
59.023
59.0816
59.1945
59.3744
59.6418
59.1554
58.8055
58.6208
58.5072
58.448
58.448
58.5072
58.6208
58.8055
59.1554
58.3069
58.2925
58.2942
58.2907
58.2892
58.2892
58.2907
58.2942
58.2925
58.3069
58.7207
58.704
58.7052
58.7
58.6974
58.6974
58.7
58.7052
58.704
58.7207
59.0634
59.0281
59.0178
59.0029
58.9949
58.9949
59.0029
59.0178
59.0281
59.0634
59.1172
59.0485
59.0159
58.9849
58.9684
58.9684
58.9849
59.0159
59.0484
59.1172
58.9726
58.8685
58.8115
58.7644
58.7395
58.7395
58.7644
58.8115
58.8685
58.9726
58.7248
58.59
58.5105
58.45
58.4182
58.4181
58.45
58.5105
58.59
58.7248
58.4223
58.2651
58.1673
58.0974
58.0607
58.0607
58.0974
58.1673
58.2651
58.4223
58.092
57.9246
57.8155
57.7406
57.7014
57.7014
57.7406
57.8155
57.9246
58.092
57.7672
57.5972
57.4807
57.4035
57.3631
57.3631
57.4035
57.4807
57.5972
57.7672
57.5233
57.2887
57.1617
57.0806
57.0385
57.0385
57.0806
57.1617
57.2887
57.5233
53.5718
53.5917
53.6169
53.6329
53.6414
53.6414
53.6329
53.6169
53.5917
53.5718
53.7835
53.8073
53.8364
53.8549
53.8646
53.8646
53.8549
53.8364
53.8073
53.7835
53.9634
53.9848
54.0137
54.0313
54.0406
54.0406
54.0313
54.0137
53.9848
53.9634
54.0502
54.0612
54.0832
54.0954
54.1018
54.1018
54.0954
54.0832
54.0612
54.0502
54.0649
54.0615
54.0731
54.0778
54.0801
54.0801
54.0778
54.0731
54.0615
54.0649
54.0311
54.0128
54.013
54.0099
54.0082
54.0082
54.0099
54.013
54.0128
54.0311
53.9627
53.9316
53.9209
53.9111
53.9058
53.9058
53.9111
53.9209
53.9316
53.9627
53.8693
53.8301
53.8111
53.7963
53.7882
53.7882
53.7963
53.8111
53.8301
53.8693
53.7692
53.7241
53.697
53.6775
53.6669
53.6669
53.6775
53.697
53.7241
53.7692
53.7077
53.6186
53.5774
53.5505
53.5362
53.5362
53.5505
53.5774
53.6186
53.7077
50.341
50.341
50.3431
50.3432
50.3433
50.3433
50.3432
50.3431
50.341
50.341
50.4402
50.4439
50.4492
50.4514
50.4526
50.4526
50.4514
50.4492
50.4439
50.4402
50.5415
50.5467
50.5536
50.5567
50.5583
50.5583
50.5567
50.5536
50.5467
50.5415
50.6104
50.6135
50.6195
50.6214
50.6223
50.6223
50.6214
50.6195
50.6135
50.6104
50.649
50.6478
50.6509
50.6505
50.6502
50.6502
50.6505
50.6509
50.6478
50.649
50.6643
50.6577
50.6569
50.6539
50.6521
50.6521
50.6539
50.6569
50.6577
50.6643
50.6611
50.6493
50.6445
50.6388
50.6356
50.6356
50.6388
50.6445
50.6493
50.661
50.6436
50.6282
50.6199
50.6122
50.6078
50.6078
50.6122
50.6199
50.6282
50.6436
50.6214
50.6025
50.5899
50.5798
50.5742
50.5742
50.5798
50.5899
50.6025
50.6214
50.6161
50.5741
50.5533
50.5389
50.5313
50.5313
50.5389
50.5533
50.5741
50.6161
47.0122
47.0153
47.019
47.0212
47.0223
47.0223
47.0212
47.019
47.0153
47.0122
47.0535
47.0584
47.0637
47.067
47.0688
47.0688
47.067
47.0637
47.0584
47.0535
47.0957
47.1017
47.1083
47.1123
47.1145
47.1145
47.1123
47.1083
47.1017
47.0957
47.1275
47.1333
47.1401
47.1441
47.1463
47.1463
47.1441
47.1401
47.1333
47.1275
47.1491
47.1537
47.1598
47.1631
47.1649
47.1649
47.1631
47.1598
47.1537
47.1491
47.1619
47.1646
47.1694
47.1717
47.1728
47.1728
47.1717
47.1694
47.1646
47.1619
47.1669
47.1676
47.1707
47.1719
47.1724
47.1724
47.1719
47.1707
47.1676
47.1669
47.1652
47.1643
47.1659
47.1659
47.1658
47.1658
47.1659
47.1659
47.1643
47.1652
47.1611
47.1584
47.1576
47.1562
47.1553
47.1553
47.1562
47.1576
47.1584
47.1611
47.1654
47.1508
47.145
47.1408
47.1385
47.1385
47.1408
47.145
47.1508
47.1654
43.8095
43.8099
43.8105
43.8106
43.8107
43.8107
43.8106
43.8105
43.8099
43.8095
43.8268
43.8282
43.8295
43.8302
43.8306
43.8306
43.8302
43.8295
43.8282
43.8268
43.8467
43.8488
43.8508
43.852
43.8526
43.8526
43.852
43.8508
43.8488
43.8467
43.8638
43.8662
43.8686
43.8699
43.8706
43.8706
43.8699
43.8686
43.8662
43.8638
43.8776
43.88
43.8825
43.8837
43.8843
43.8843
43.8837
43.8825
43.88
43.8776
43.8885
43.8904
43.8927
43.8937
43.8941
43.8941
43.8937
43.8927
43.8904
43.8885
43.8964
43.8978
43.8997
43.9003
43.9006
43.9006
43.9003
43.8997
43.8978
43.8964
43.9018
43.9028
43.9041
43.9044
43.9045
43.9045
43.9044
43.9041
43.9028
43.9018
43.9063
43.9066
43.907
43.9067
43.9064
43.9064
43.9067
43.907
43.9066
43.9063
43.9144
43.9095
43.9075
43.906
43.9051
43.9051
43.906
43.9075
43.9095
43.9144
40.5706
40.5712
40.5718
40.5722
40.5724
40.5724
40.5722
40.5718
40.5712
40.5706
40.5772
40.5782
40.5792
40.5798
40.5801
40.5801
40.5798
40.5792
40.5782
40.5772
40.5848
40.5862
40.5875
40.5883
40.5887
40.5887
40.5883
40.5875
40.5862
40.5848
40.5918
40.5934
40.5949
40.5959
40.5964
40.5964
40.5959
40.5949
40.5934
40.5918
40.5979
40.5995
40.6012
40.6022
40.6027
40.6027
40.6022
40.6012
40.5995
40.5979
40.603
40.6046
40.6063
40.6072
40.6077
40.6077
40.6072
40.6063
40.6046
40.603
40.6071
40.6086
40.6101
40.611
40.6114
40.6114
40.611
40.6101
40.6086
40.6071
40.6101
40.6115
40.6129
40.6136
40.6139
40.6139
40.6136
40.6129
40.6115
40.6101
40.6128
40.6138
40.6148
40.6152
40.6154
40.6154
40.6152
40.6148
40.6138
40.6128
40.617
40.6158
40.6156
40.6153
40.6152
40.6152
40.6153
40.6156
40.6158
40.617
37.3387
37.3388
37.3389
37.339
37.339
37.339
37.339
37.3389
37.3388
37.3387
37.3412
37.3415
37.3417
37.3419
37.3419
37.3419
37.3419
37.3417
37.3415
37.3412
37.3444
37.3448
37.3453
37.3455
37.3457
37.3457
37.3455
37.3453
37.3448
37.3444
37.3476
37.3483
37.3488
37.3492
37.3494
37.3494
37.3492
37.3488
37.3483
37.3476
37.3508
37.3516
37.3522
37.3526
37.3528
37.3528
37.3526
37.3522
37.3516
37.3508
37.3538
37.3546
37.3554
37.3558
37.356
37.356
37.3558
37.3554
37.3546
37.3538
37.3565
37.3574
37.3582
37.3586
37.3588
37.3588
37.3586
37.3582
37.3574
37.3565
37.359
37.3598
37.3606
37.361
37.3612
37.3612
37.361
37.3606
37.3598
37.359
37.3614
37.3622
37.3628
37.3631
37.3632
37.3632
37.3631
37.3628
37.3622
37.3614
37.3644
37.3643
37.3645
37.3645
37.3645
37.3645
37.3645
37.3645
37.3643
37.3644
34.0961
34.0962
34.0963
34.0964
34.0964
34.0964
34.0964
34.0963
34.0962
34.0961
34.0969
34.0971
34.0972
34.0973
34.0974
34.0974
34.0973
34.0972
34.0971
34.0969
34.098
34.0982
34.0984
34.0986
34.0987
34.0987
34.0986
34.0984
34.0982
34.098
34.0991
34.0995
34.0998
34.1
34.1001
34.1001
34.1
34.0998
34.0995
34.0991
34.1004
34.1008
34.1012
34.1014
34.1015
34.1015
34.1014
34.1012
34.1008
34.1004
34.1017
34.1021
34.1025
34.1028
34.1029
34.1029
34.1028
34.1025
34.1021
34.1017
34.1028
34.1033
34.1038
34.104
34.1042
34.1042
34.104
34.1038
34.1033
34.1028
34.1039
34.1045
34.1049
34.1052
34.1053
34.1053
34.1052
34.1049
34.1045
34.1039
34.105
34.1055
34.1059
34.1061
34.1062
34.1062
34.1061
34.1059
34.1055
34.105
34.1064
34.1065
34.1067
34.1068
34.1069
34.1069
34.1068
34.1067
34.1065
34.1064
30.8523
30.8523
30.8524
30.8524
30.8524
30.8524
30.8524
30.8524
30.8523
30.8523
30.8526
30.8526
30.8526
30.8527
30.8527
30.8527
30.8527
30.8526
30.8526
30.8526
30.8529
30.853
30.8531
30.8531
30.8531
30.8531
30.8531
30.8531
30.853
30.8529
30.8534
30.8535
30.8536
30.8537
30.8537
30.8537
30.8537
30.8536
30.8535
30.8534
30.854
30.8542
30.8543
30.8544
30.8544
30.8544
30.8544
30.8543
30.8542
30.854
30.8546
30.8548
30.855
30.8551
30.8552
30.8552
30.8551
30.855
30.8548
30.8546
30.8553
30.8555
30.8557
30.8558
30.8559
30.8559
30.8558
30.8557
30.8555
30.8553
30.8559
30.8562
30.8564
30.8565
30.8566
30.8566
30.8565
30.8564
30.8562
30.8559
30.8566
30.8569
30.8571
30.8572
30.8572
30.8572
30.8572
30.8571
30.8569
30.8566
30.8573
30.8575
30.8577
30.8577
30.8578
30.8578
30.8577
30.8577
30.8575
30.8573
27.6059
27.6059
27.6059
27.6059
27.6059
27.6059
27.6059
27.6059
27.6059
27.6059
27.6059
27.6059
27.6059
27.6059
27.6059
27.6059
27.6059
27.6059
27.6059
27.6059
27.606
27.606
27.606
27.6061
27.6061
27.6061
27.6061
27.606
27.606
27.606
27.6061
27.6062
27.6062
27.6062
27.6063
27.6063
27.6062
27.6062
27.6062
27.6061
27.6063
27.6064
27.6065
27.6065
27.6065
27.6065
27.6065
27.6065
27.6064
27.6063
27.6065
27.6066
27.6067
27.6068
27.6068
27.6068
27.6068
27.6067
27.6066
27.6065
27.6068
27.6069
27.607
27.6071
27.6071
27.6071
27.6071
27.607
27.6069
27.6068
27.6071
27.6072
27.6073
27.6074
27.6074
27.6074
27.6074
27.6073
27.6072
27.6071
27.6074
27.6075
27.6076
27.6076
27.6077
27.6077
27.6076
27.6076
27.6075
27.6074
27.6077
27.6078
27.6078
27.6079
27.6079
27.6079
27.6079
27.6078
27.6078
27.6077
24.3588
24.3588
24.3588
24.3588
24.3588
24.3588
24.3588
24.3588
24.3588
24.3588
24.3588
24.3588
24.3588
24.3588
24.3588
24.3588
24.3588
24.3588
24.3588
24.3588
24.3588
24.3588
24.3588
24.3588
24.3588
24.3588
24.3588
24.3588
24.3588
24.3588
24.3589
24.3589
24.3589
24.3589
24.3589
24.3589
24.3589
24.3589
24.3589
24.3589
24.3589
24.359
24.359
24.359
24.359
24.359
24.359
24.359
24.359
24.3589
24.3591
24.3591
24.3591
24.3591
24.3592
24.3592
24.3591
24.3591
24.3591
24.3591
24.3592
24.3592
24.3593
24.3593
24.3593
24.3593
24.3593
24.3593
24.3592
24.3592
24.3593
24.3594
24.3594
24.3594
24.3595
24.3595
24.3594
24.3594
24.3594
24.3593
24.3595
24.3595
24.3596
24.3596
24.3596
24.3596
24.3596
24.3596
24.3595
24.3595
24.3596
24.3597
24.3597
24.3597
24.3598
24.3598
24.3597
24.3597
24.3597
24.3596
21.1112
21.1112
21.1112
21.1112
21.1112
21.1112
21.1112
21.1112
21.1112
21.1112
21.1112
21.1112
21.1112
21.1112
21.1112
21.1112
21.1112
21.1112
21.1112
21.1112
21.1112
21.1112
21.1112
21.1112
21.1112
21.1112
21.1112
21.1112
21.1112
21.1112
21.1112
21.1112
21.1112
21.1112
21.1112
21.1112
21.1112
21.1112
21.1112
21.1112
21.1112
21.1112
21.1112
21.1112
21.1112
21.1112
21.1112
21.1112
21.1112
21.1112
21.1112
21.1112
21.1113
21.1113
21.1113
21.1113
21.1113
21.1113
21.1112
21.1112
21.1113
21.1113
21.1113
21.1113
21.1113
21.1113
21.1113
21.1113
21.1113
21.1113
21.1113
21.1113
21.1114
21.1114
21.1114
21.1114
21.1114
21.1114
21.1113
21.1113
21.1114
21.1114
21.1114
21.1114
21.1114
21.1114
21.1114
21.1114
21.1114
21.1114
21.1114
21.1115
21.1115
21.1115
21.1115
21.1115
21.1115
21.1115
21.1115
21.1114
17.8634
17.8634
17.8634
17.8634
17.8634
17.8634
17.8634
17.8634
17.8634
17.8634
17.8634
17.8634
17.8634
17.8634
17.8634
17.8634
17.8634
17.8634
17.8634
17.8634
17.8634
17.8634
17.8634
17.8634
17.8634
17.8634
17.8634
17.8634
17.8634
17.8634
17.8634
17.8634
17.8634
17.8634
17.8634
17.8634
17.8634
17.8634
17.8634
17.8634
17.8634
17.8634
17.8634
17.8634
17.8634
17.8634
17.8634
17.8634
17.8634
17.8634
17.8634
17.8634
17.8634
17.8634
17.8634
17.8634
17.8634
17.8634
17.8634
17.8634
17.8635
17.8635
17.8635
17.8635
17.8635
17.8635
17.8635
17.8635
17.8635
17.8635
17.8635
17.8635
17.8635
17.8635
17.8635
17.8635
17.8635
17.8635
17.8635
17.8635
17.8635
17.8635
17.8635
17.8635
17.8635
17.8635
17.8635
17.8635
17.8635
17.8635
17.8635
17.8635
17.8636
17.8636
17.8636
17.8636
17.8636
17.8636
17.8635
17.8635
14.6156
14.6156
14.6156
14.6156
14.6156
14.6156
14.6156
14.6156
14.6156
14.6156
14.6156
14.6156
14.6156
14.6156
14.6156
14.6156
14.6156
14.6156
14.6156
14.6156
14.6156
14.6156
14.6156
14.6156
14.6156
14.6156
14.6156
14.6156
14.6156
14.6156
14.6156
14.6156
14.6156
14.6156
14.6156
14.6156
14.6156
14.6156
14.6156
14.6156
14.6156
14.6156
14.6156
14.6156
14.6156
14.6156
14.6156
14.6156
14.6156
14.6156
14.6156
14.6156
14.6156
14.6156
14.6156
14.6156
14.6156
14.6156
14.6156
14.6156
14.6156
14.6156
14.6156
14.6156
14.6156
14.6156
14.6156
14.6156
14.6156
14.6156
14.6156
14.6156
14.6156
14.6156
14.6156
14.6156
14.6156
14.6156
14.6156
14.6156
14.6156
14.6156
14.6156
14.6156
14.6156
14.6156
14.6156
14.6156
14.6156
14.6156
14.6156
14.6156
14.6156
14.6156
14.6156
14.6156
14.6156
14.6156
14.6156
14.6156
11.3677
11.3677
11.3677
11.3677
11.3677
11.3677
11.3677
11.3677
11.3677
11.3677
11.3677
11.3677
11.3677
11.3677
11.3677
11.3677
11.3677
11.3677
11.3677
11.3677
11.3677
11.3677
11.3677
11.3677
11.3677
11.3677
11.3677
11.3677
11.3677
11.3677
11.3677
11.3677
11.3677
11.3677
11.3677
11.3677
11.3677
11.3677
11.3677
11.3677
11.3677
11.3677
11.3677
11.3677
11.3677
11.3677
11.3677
11.3677
11.3677
11.3677
11.3677
11.3677
11.3677
11.3677
11.3677
11.3677
11.3677
11.3677
11.3677
11.3677
11.3677
11.3677
11.3677
11.3677
11.3677
11.3677
11.3677
11.3677
11.3677
11.3677
11.3677
11.3677
11.3677
11.3677
11.3677
11.3677
11.3677
11.3677
11.3677
11.3677
11.3677
11.3677
11.3677
11.3677
11.3677
11.3677
11.3677
11.3677
11.3677
11.3677
11.3677
11.3677
11.3677
11.3677
11.3677
11.3677
11.3677
11.3677
11.3677
11.3677
8.11977
8.11977
8.11977
8.11977
8.11977
8.11977
8.11977
8.11977
8.11977
8.11977
8.11977
8.11977
8.11977
8.11977
8.11977
8.11977
8.11977
8.11977
8.11977
8.11977
8.11977
8.11977
8.11977
8.11977
8.11977
8.11977
8.11977
8.11977
8.11977
8.11977
8.11977
8.11977
8.11977
8.11977
8.11977
8.11977
8.11977
8.11977
8.11977
8.11977
8.11977
8.11977
8.11977
8.11977
8.11977
8.11977
8.11977
8.11977
8.11977
8.11977
8.11977
8.11977
8.11977
8.11977
8.11977
8.11977
8.11977
8.11977
8.11977
8.11977
8.11977
8.11977
8.11977
8.11977
8.11977
8.11977
8.11977
8.11977
8.11977
8.11977
8.11977
8.11977
8.11977
8.11977
8.11977
8.11977
8.11977
8.11977
8.11977
8.11977
8.11977
8.11977
8.11977
8.11977
8.11977
8.11977
8.11977
8.11977
8.11977
8.11977
8.11977
8.11977
8.11977
8.11977
8.11977
8.11977
8.11977
8.11977
8.11977
8.11977
4.87186
4.87186
4.87186
4.87186
4.87186
4.87186
4.87186
4.87186
4.87186
4.87186
4.87186
4.87186
4.87186
4.87186
4.87186
4.87186
4.87186
4.87186
4.87186
4.87186
4.87186
4.87186
4.87186
4.87186
4.87186
4.87186
4.87186
4.87186
4.87186
4.87186
4.87186
4.87186
4.87186
4.87186
4.87186
4.87186
4.87186
4.87186
4.87186
4.87186
4.87186
4.87186
4.87186
4.87186
4.87186
4.87186
4.87186
4.87186
4.87186
4.87186
4.87186
4.87186
4.87186
4.87186
4.87186
4.87186
4.87186
4.87186
4.87186
4.87186
4.87186
4.87186
4.87186
4.87186
4.87186
4.87186
4.87186
4.87186
4.87186
4.87186
4.87186
4.87186
4.87186
4.87186
4.87186
4.87186
4.87186
4.87186
4.87186
4.87186
4.87186
4.87186
4.87186
4.87186
4.87186
4.87186
4.87186
4.87186
4.87186
4.87186
4.87186
4.87186
4.87186
4.87186
4.87186
4.87186
4.87186
4.87186
4.87186
4.87186
1.62395
1.62395
1.62395
1.62395
1.62395
1.62395
1.62395
1.62395
1.62395
1.62395
1.62395
1.62395
1.62395
1.62395
1.62395
1.62395
1.62395
1.62395
1.62395
1.62395
1.62395
1.62395
1.62395
1.62395
1.62395
1.62395
1.62395
1.62395
1.62395
1.62395
1.62395
1.62395
1.62395
1.62395
1.62395
1.62395
1.62395
1.62395
1.62395
1.62395
1.62395
1.62395
1.62395
1.62395
1.62395
1.62395
1.62395
1.62395
1.62395
1.62395
1.62395
1.62395
1.62395
1.62395
1.62395
1.62395
1.62395
1.62395
1.62395
1.62395
1.62395
1.62395
1.62395
1.62395
1.62395
1.62395
1.62395
1.62395
1.62395
1.62395
1.62395
1.62395
1.62395
1.62395
1.62395
1.62395
1.62395
1.62395
1.62395
1.62395
1.62395
1.62395
1.62395
1.62395
1.62395
1.62395
1.62395
1.62395
1.62395
1.62395
1.62395
1.62395
1.62395
1.62395
1.62395
1.62395
1.62395
1.62395
1.62395
1.62395
99.1236
98.5384
98.1709
97.9022
97.763
97.763
97.9022
98.1709
98.5384
99.1236
89.9367
89.0822
88.5194
88.1216
87.9166
87.9166
88.1216
88.5194
89.0822
89.9367
82.3092
81.326
80.6843
80.2372
80.0078
80.0078
80.2372
80.6843
81.326
82.3092
77.043
76.0329
75.3821
74.9354
74.7065
74.7065
74.9354
75.3821
76.0329
77.043
73.0914
72.0886
71.4458
71.0133
70.7918
70.7918
71.0133
71.4458
72.0886
73.0914
69.8909
68.9154
68.2886
67.8772
67.6669
67.6669
67.8772
68.2886
68.9154
69.8909
67.2513
66.324
65.7228
65.3388
65.1432
65.1432
65.3388
65.7228
66.324
67.2513
65.0653
64.2099
63.6467
63.2955
63.1174
63.1174
63.2955
63.6467
64.2099
65.0653
63.2525
62.4851
61.9727
61.6592
61.5004
61.5004
61.6592
61.9727
62.4851
63.2525
61.8332
61.066
60.6129
60.3372
60.1975
60.1975
60.3372
60.6129
61.066
61.8332
62.9408
63.1146
63.3038
63.4313
63.4973
63.4973
63.4313
63.3038
63.1146
62.9408
63.3664
63.4617
63.5892
63.671
63.7128
63.7128
63.671
63.5892
63.4617
63.3664
63.3434
63.3406
63.3937
63.4222
63.4363
63.4363
63.4222
63.3937
63.3406
63.3434
62.9309
62.8373
62.8219
62.8034
62.7933
62.7933
62.8034
62.8219
62.8373
62.9309
62.3325
62.1645
62.0908
62.0346
62.005
62.005
62.0346
62.0908
62.1645
62.3325
61.6582
61.4341
61.3133
61.2288
61.1848
61.1848
61.2288
61.3133
61.4341
61.6582
60.9631
60.7032
60.5484
60.4455
60.3922
60.3922
60.4455
60.5484
60.7032
60.9631
60.279
60.0073
59.834
59.7225
59.6649
59.6649
59.7225
59.8339
60.0073
60.279
59.6418
59.3744
59.1945
59.0816
59.023
59.023
59.0816
59.1945
59.3744
59.6418
59.1554
58.8055
58.6208
58.5071
58.448
58.448
58.5071
58.6208
58.8055
59.1554
58.3069
58.2925
58.2942
58.2907
58.2892
58.2892
58.2907
58.2942
58.2925
58.3069
58.7207
58.704
58.7052
58.7
58.6974
58.6974
58.7
58.7052
58.704
58.7207
59.0634
59.0281
59.0178
59.0029
58.9949
58.9949
59.0029
59.0178
59.0281
59.0634
59.1172
59.0484
59.0159
58.9849
58.9684
58.9684
58.9849
59.0159
59.0484
59.1172
58.9726
58.8685
58.8115
58.7644
58.7395
58.7395
58.7644
58.8115
58.8685
58.9726
58.7248
58.59
58.5105
58.45
58.4181
58.4181
58.45
58.5105
58.59
58.7248
58.4223
58.2651
58.1673
58.0974
58.0607
58.0607
58.0974
58.1673
58.2651
58.4223
58.092
57.9246
57.8155
57.7406
57.7014
57.7014
57.7406
57.8155
57.9246
58.092
57.7672
57.5972
57.4807
57.4034
57.3631
57.3631
57.4034
57.4807
57.5972
57.7672
57.5233
57.2887
57.1617
57.0806
57.0385
57.0385
57.0806
57.1617
57.2887
57.5233
53.5718
53.5917
53.6169
53.6329
53.6414
53.6414
53.6329
53.6169
53.5917
53.5718
53.7835
53.8073
53.8364
53.8549
53.8646
53.8646
53.8549
53.8364
53.8073
53.7835
53.9634
53.9848
54.0137
54.0313
54.0406
54.0406
54.0313
54.0137
53.9848
53.9633
54.0502
54.0612
54.0832
54.0954
54.1018
54.1018
54.0954
54.0832
54.0612
54.0502
54.0649
54.0615
54.0731
54.0778
54.0801
54.0801
54.0778
54.0731
54.0615
54.0649
54.0311
54.0128
54.013
54.0099
54.0081
54.0081
54.0099
54.013
54.0128
54.0311
53.9627
53.9316
53.9209
53.9111
53.9058
53.9058
53.9111
53.9209
53.9316
53.9627
53.8693
53.8301
53.8111
53.7963
53.7882
53.7882
53.7963
53.8111
53.8301
53.8693
53.7692
53.7241
53.697
53.6775
53.6669
53.6669
53.6775
53.697
53.7241
53.7692
53.7077
53.6186
53.5774
53.5505
53.5362
53.5362
53.5505
53.5774
53.6186
53.7077
50.341
50.341
50.3431
50.3432
50.3433
50.3433
50.3432
50.3431
50.341
50.341
50.4402
50.4439
50.4492
50.4514
50.4526
50.4526
50.4514
50.4492
50.4439
50.4402
50.5415
50.5467
50.5536
50.5567
50.5583
50.5583
50.5567
50.5536
50.5467
50.5415
50.6104
50.6135
50.6195
50.6214
50.6223
50.6223
50.6214
50.6195
50.6135
50.6104
50.649
50.6478
50.6509
50.6505
50.6502
50.6502
50.6505
50.6509
50.6478
50.649
50.6643
50.6577
50.6569
50.6539
50.6521
50.652
50.6539
50.6569
50.6577
50.6643
50.661
50.6493
50.6445
50.6388
50.6356
50.6356
50.6388
50.6445
50.6493
50.661
50.6436
50.6282
50.6199
50.6122
50.6078
50.6078
50.6122
50.6199
50.6282
50.6436
50.6214
50.6025
50.5899
50.5798
50.5742
50.5742
50.5798
50.5899
50.6025
50.6214
50.6161
50.5741
50.5533
50.5389
50.5313
50.5313
50.5389
50.5533
50.5741
50.6161
47.0122
47.0153
47.019
47.0212
47.0223
47.0223
47.0212
47.019
47.0153
47.0122
47.0535
47.0584
47.0637
47.067
47.0688
47.0688
47.067
47.0637
47.0584
47.0535
47.0957
47.1017
47.1083
47.1123
47.1145
47.1145
47.1123
47.1083
47.1017
47.0957
47.1275
47.1333
47.1401
47.1441
47.1462
47.1462
47.1441
47.1401
47.1333
47.1275
47.1491
47.1537
47.1598
47.1631
47.1649
47.1649
47.1631
47.1598
47.1537
47.1491
47.1619
47.1646
47.1694
47.1717
47.1728
47.1728
47.1717
47.1694
47.1646
47.1619
47.1669
47.1676
47.1707
47.1719
47.1724
47.1724
47.1719
47.1707
47.1676
47.1669
47.1652
47.1643
47.1659
47.1659
47.1658
47.1658
47.1659
47.1659
47.1643
47.1652
47.1611
47.1584
47.1576
47.1562
47.1553
47.1553
47.1562
47.1576
47.1584
47.1611
47.1654
47.1508
47.145
47.1408
47.1385
47.1385
47.1407
47.145
47.1508
47.1654
43.8095
43.8099
43.8105
43.8106
43.8107
43.8107
43.8106
43.8105
43.8099
43.8095
43.8268
43.8282
43.8295
43.8302
43.8306
43.8306
43.8302
43.8295
43.8282
43.8268
43.8467
43.8488
43.8508
43.852
43.8526
43.8526
43.852
43.8508
43.8488
43.8467
43.8638
43.8662
43.8686
43.8699
43.8706
43.8706
43.8699
43.8686
43.8662
43.8638
43.8776
43.88
43.8825
43.8837
43.8843
43.8843
43.8837
43.8825
43.88
43.8776
43.8885
43.8904
43.8927
43.8937
43.8941
43.8941
43.8937
43.8927
43.8904
43.8885
43.8964
43.8978
43.8997
43.9003
43.9006
43.9006
43.9003
43.8997
43.8978
43.8964
43.9018
43.9028
43.9041
43.9044
43.9045
43.9045
43.9044
43.9041
43.9028
43.9018
43.9063
43.9066
43.907
43.9067
43.9064
43.9064
43.9067
43.907
43.9066
43.9063
43.9144
43.9095
43.9075
43.906
43.9051
43.9051
43.906
43.9075
43.9095
43.9144
40.5706
40.5712
40.5718
40.5722
40.5724
40.5724
40.5722
40.5718
40.5712
40.5706
40.5772
40.5782
40.5792
40.5798
40.5801
40.5801
40.5798
40.5792
40.5782
40.5772
40.5848
40.5862
40.5875
40.5883
40.5887
40.5887
40.5883
40.5875
40.5862
40.5848
40.5918
40.5934
40.5949
40.5959
40.5964
40.5964
40.5959
40.5949
40.5934
40.5918
40.5979
40.5995
40.6012
40.6022
40.6027
40.6027
40.6022
40.6012
40.5995
40.5979
40.603
40.6046
40.6063
40.6072
40.6077
40.6077
40.6072
40.6063
40.6046
40.603
40.6071
40.6086
40.6101
40.611
40.6114
40.6114
40.611
40.6101
40.6086
40.6071
40.6101
40.6115
40.6129
40.6136
40.6139
40.6139
40.6136
40.6129
40.6115
40.6101
40.6128
40.6138
40.6148
40.6152
40.6154
40.6154
40.6152
40.6148
40.6138
40.6128
40.617
40.6158
40.6156
40.6153
40.6152
40.6152
40.6153
40.6156
40.6158
40.617
37.3387
37.3388
37.3389
37.339
37.339
37.339
37.339
37.3389
37.3388
37.3387
37.3412
37.3415
37.3417
37.3419
37.3419
37.3419
37.3419
37.3417
37.3415
37.3412
37.3444
37.3448
37.3453
37.3455
37.3457
37.3457
37.3455
37.3453
37.3448
37.3444
37.3476
37.3483
37.3488
37.3492
37.3494
37.3494
37.3492
37.3488
37.3483
37.3476
37.3508
37.3516
37.3522
37.3526
37.3528
37.3528
37.3526
37.3522
37.3516
37.3508
37.3538
37.3546
37.3554
37.3558
37.356
37.356
37.3558
37.3554
37.3546
37.3538
37.3565
37.3574
37.3582
37.3586
37.3588
37.3588
37.3586
37.3582
37.3574
37.3565
37.359
37.3598
37.3606
37.361
37.3612
37.3612
37.361
37.3606
37.3598
37.359
37.3614
37.3622
37.3628
37.3631
37.3632
37.3632
37.3631
37.3628
37.3622
37.3614
37.3644
37.3643
37.3645
37.3645
37.3645
37.3645
37.3645
37.3645
37.3643
37.3644
34.0961
34.0962
34.0963
34.0964
34.0964
34.0964
34.0964
34.0963
34.0962
34.0961
34.0969
34.0971
34.0972
34.0973
34.0974
34.0974
34.0973
34.0972
34.0971
34.0969
34.098
34.0982
34.0984
34.0986
34.0987
34.0987
34.0986
34.0984
34.0982
34.098
34.0991
34.0995
34.0998
34.1
34.1001
34.1001
34.1
34.0998
34.0995
34.0991
34.1004
34.1008
34.1012
34.1014
34.1015
34.1015
34.1014
34.1012
34.1008
34.1004
34.1017
34.1021
34.1025
34.1028
34.1029
34.1029
34.1028
34.1025
34.1021
34.1017
34.1028
34.1033
34.1038
34.104
34.1042
34.1042
34.104
34.1038
34.1033
34.1028
34.1039
34.1045
34.1049
34.1052
34.1053
34.1053
34.1052
34.1049
34.1045
34.1039
34.105
34.1055
34.1059
34.1061
34.1062
34.1062
34.1061
34.1059
34.1055
34.105
34.1064
34.1065
34.1067
34.1068
34.1069
34.1069
34.1068
34.1067
34.1065
34.1064
30.8523
30.8523
30.8524
30.8524
30.8524
30.8524
30.8524
30.8524
30.8523
30.8523
30.8526
30.8526
30.8526
30.8527
30.8527
30.8527
30.8527
30.8526
30.8526
30.8526
30.8529
30.853
30.8531
30.8531
30.8531
30.8531
30.8531
30.8531
30.853
30.8529
30.8534
30.8535
30.8536
30.8537
30.8537
30.8537
30.8537
30.8536
30.8535
30.8534
30.854
30.8542
30.8543
30.8544
30.8544
30.8544
30.8544
30.8543
30.8542
30.854
30.8546
30.8548
30.855
30.8551
30.8552
30.8552
30.8551
30.855
30.8548
30.8546
30.8553
30.8555
30.8557
30.8558
30.8559
30.8559
30.8558
30.8557
30.8555
30.8553
30.8559
30.8562
30.8564
30.8565
30.8566
30.8566
30.8565
30.8564
30.8562
30.8559
30.8566
30.8569
30.8571
30.8572
30.8572
30.8572
30.8572
30.8571
30.8569
30.8566
30.8573
30.8575
30.8577
30.8577
30.8578
30.8578
30.8577
30.8577
30.8575
30.8573
27.6059
27.6059
27.6059
27.6059
27.6059
27.6059
27.6059
27.6059
27.6059
27.6059
27.6059
27.6059
27.6059
27.6059
27.6059
27.6059
27.6059
27.6059
27.6059
27.6059
27.606
27.606
27.606
27.6061
27.6061
27.6061
27.6061
27.606
27.606
27.606
27.6061
27.6062
27.6062
27.6062
27.6063
27.6063
27.6062
27.6062
27.6062
27.6061
27.6063
27.6064
27.6065
27.6065
27.6065
27.6065
27.6065
27.6065
27.6064
27.6063
27.6065
27.6066
27.6067
27.6068
27.6068
27.6068
27.6068
27.6067
27.6066
27.6065
27.6068
27.6069
27.607
27.6071
27.6071
27.6071
27.6071
27.607
27.6069
27.6068
27.6071
27.6072
27.6073
27.6074
27.6074
27.6074
27.6074
27.6073
27.6072
27.6071
27.6074
27.6075
27.6076
27.6076
27.6077
27.6077
27.6076
27.6076
27.6075
27.6074
27.6077
27.6078
27.6078
27.6079
27.6079
27.6079
27.6079
27.6078
27.6078
27.6077
24.3588
24.3588
24.3588
24.3588
24.3588
24.3588
24.3588
24.3588
24.3588
24.3588
24.3588
24.3588
24.3588
24.3588
24.3588
24.3588
24.3588
24.3588
24.3588
24.3588
24.3588
24.3588
24.3588
24.3588
24.3588
24.3588
24.3588
24.3588
24.3588
24.3588
24.3589
24.3589
24.3589
24.3589
24.3589
24.3589
24.3589
24.3589
24.3589
24.3589
24.3589
24.359
24.359
24.359
24.359
24.359
24.359
24.359
24.359
24.3589
24.3591
24.3591
24.3591
24.3591
24.3592
24.3592
24.3591
24.3591
24.3591
24.3591
24.3592
24.3592
24.3593
24.3593
24.3593
24.3593
24.3593
24.3593
24.3592
24.3592
24.3593
24.3594
24.3594
24.3594
24.3595
24.3595
24.3594
24.3594
24.3594
24.3593
24.3595
24.3595
24.3596
24.3596
24.3596
24.3596
24.3596
24.3596
24.3595
24.3595
24.3596
24.3597
24.3597
24.3597
24.3598
24.3598
24.3597
24.3597
24.3597
24.3596
21.1112
21.1112
21.1112
21.1112
21.1112
21.1112
21.1112
21.1112
21.1112
21.1112
21.1112
21.1112
21.1112
21.1112
21.1112
21.1112
21.1112
21.1112
21.1112
21.1112
21.1112
21.1112
21.1112
21.1112
21.1112
21.1112
21.1112
21.1112
21.1112
21.1112
21.1112
21.1112
21.1112
21.1112
21.1112
21.1112
21.1112
21.1112
21.1112
21.1112
21.1112
21.1112
21.1112
21.1112
21.1112
21.1112
21.1112
21.1112
21.1112
21.1112
21.1112
21.1112
21.1113
21.1113
21.1113
21.1113
21.1113
21.1113
21.1112
21.1112
21.1113
21.1113
21.1113
21.1113
21.1113
21.1113
21.1113
21.1113
21.1113
21.1113
21.1113
21.1113
21.1114
21.1114
21.1114
21.1114
21.1114
21.1114
21.1113
21.1113
21.1114
21.1114
21.1114
21.1114
21.1114
21.1114
21.1114
21.1114
21.1114
21.1114
21.1114
21.1115
21.1115
21.1115
21.1115
21.1115
21.1115
21.1115
21.1115
21.1114
17.8634
17.8634
17.8634
17.8634
17.8634
17.8634
17.8634
17.8634
17.8634
17.8634
17.8634
17.8634
17.8634
17.8634
17.8634
17.8634
17.8634
17.8634
17.8634
17.8634
17.8634
17.8634
17.8634
17.8634
17.8634
17.8634
17.8634
17.8634
17.8634
17.8634
17.8634
17.8634
17.8634
17.8634
17.8634
17.8634
17.8634
17.8634
17.8634
17.8634
17.8634
17.8634
17.8634
17.8634
17.8634
17.8634
17.8634
17.8634
17.8634
17.8634
17.8634
17.8634
17.8634
17.8634
17.8634
17.8634
17.8634
17.8634
17.8634
17.8634
17.8635
17.8635
17.8635
17.8635
17.8635
17.8635
17.8635
17.8635
17.8635
17.8635
17.8635
17.8635
17.8635
17.8635
17.8635
17.8635
17.8635
17.8635
17.8635
17.8635
17.8635
17.8635
17.8635
17.8635
17.8635
17.8635
17.8635
17.8635
17.8635
17.8635
17.8635
17.8635
17.8636
17.8636
17.8636
17.8636
17.8636
17.8636
17.8635
17.8635
14.6156
14.6156
14.6156
14.6156
14.6156
14.6156
14.6156
14.6156
14.6156
14.6156
14.6156
14.6156
14.6156
14.6156
14.6156
14.6156
14.6156
14.6156
14.6156
14.6156
14.6156
14.6156
14.6156
14.6156
14.6156
14.6156
14.6156
14.6156
14.6156
14.6156
14.6156
14.6156
14.6156
14.6156
14.6156
14.6156
14.6156
14.6156
14.6156
14.6156
14.6156
14.6156
14.6156
14.6156
14.6156
14.6156
14.6156
14.6156
14.6156
14.6156
14.6156
14.6156
14.6156
14.6156
14.6156
14.6156
14.6156
14.6156
14.6156
14.6156
14.6156
14.6156
14.6156
14.6156
14.6156
14.6156
14.6156
14.6156
14.6156
14.6156
14.6156
14.6156
14.6156
14.6156
14.6156
14.6156
14.6156
14.6156
14.6156
14.6156
14.6156
14.6156
14.6156
14.6156
14.6156
14.6156
14.6156
14.6156
14.6156
14.6156
14.6156
14.6156
14.6156
14.6156
14.6156
14.6156
14.6156
14.6156
14.6156
14.6156
11.3677
11.3677
11.3677
11.3677
11.3677
11.3677
11.3677
11.3677
11.3677
11.3677
11.3677
11.3677
11.3677
11.3677
11.3677
11.3677
11.3677
11.3677
11.3677
11.3677
11.3677
11.3677
11.3677
11.3677
11.3677
11.3677
11.3677
11.3677
11.3677
11.3677
11.3677
11.3677
11.3677
11.3677
11.3677
11.3677
11.3677
11.3677
11.3677
11.3677
11.3677
11.3677
11.3677
11.3677
11.3677
11.3677
11.3677
11.3677
11.3677
11.3677
11.3677
11.3677
11.3677
11.3677
11.3677
11.3677
11.3677
11.3677
11.3677
11.3677
11.3677
11.3677
11.3677
11.3677
11.3677
11.3677
11.3677
11.3677
11.3677
11.3677
11.3677
11.3677
11.3677
11.3677
11.3677
11.3677
11.3677
11.3677
11.3677
11.3677
11.3677
11.3677
11.3677
11.3677
11.3677
11.3677
11.3677
11.3677
11.3677
11.3677
11.3677
11.3677
11.3677
11.3677
11.3677
11.3677
11.3677
11.3677
11.3677
11.3677
8.11977
8.11977
8.11977
8.11977
8.11977
8.11977
8.11977
8.11977
8.11977
8.11977
8.11977
8.11977
8.11977
8.11977
8.11977
8.11977
8.11977
8.11977
8.11977
8.11977
8.11977
8.11977
8.11977
8.11977
8.11977
8.11977
8.11977
8.11977
8.11977
8.11977
8.11977
8.11977
8.11977
8.11977
8.11977
8.11977
8.11977
8.11977
8.11977
8.11977
8.11977
8.11977
8.11977
8.11977
8.11977
8.11977
8.11977
8.11977
8.11977
8.11977
8.11977
8.11977
8.11977
8.11977
8.11977
8.11977
8.11977
8.11977
8.11977
8.11977
8.11977
8.11977
8.11977
8.11977
8.11977
8.11977
8.11977
8.11977
8.11977
8.11977
8.11977
8.11977
8.11977
8.11977
8.11977
8.11977
8.11977
8.11977
8.11977
8.11977
8.11977
8.11977
8.11977
8.11977
8.11977
8.11977
8.11977
8.11977
8.11977
8.11977
8.11977
8.11977
8.11977
8.11977
8.11977
8.11977
8.11977
8.11977
8.11977
8.11977
4.87186
4.87186
4.87186
4.87186
4.87186
4.87186
4.87186
4.87186
4.87186
4.87186
4.87186
4.87186
4.87186
4.87186
4.87186
4.87186
4.87186
4.87186
4.87186
4.87186
4.87186
4.87186
4.87186
4.87186
4.87186
4.87186
4.87186
4.87186
4.87186
4.87186
4.87186
4.87186
4.87186
4.87186
4.87186
4.87186
4.87186
4.87186
4.87186
4.87186
4.87186
4.87186
4.87186
4.87186
4.87186
4.87186
4.87186
4.87186
4.87186
4.87186
4.87186
4.87186
4.87186
4.87186
4.87186
4.87186
4.87186
4.87186
4.87186
4.87186
4.87186
4.87186
4.87186
4.87186
4.87186
4.87186
4.87186
4.87186
4.87186
4.87186
4.87186
4.87186
4.87186
4.87186
4.87186
4.87186
4.87186
4.87186
4.87186
4.87186
4.87186
4.87186
4.87186
4.87186
4.87186
4.87186
4.87186
4.87186
4.87186
4.87186
4.87186
4.87186
4.87186
4.87186
4.87186
4.87186
4.87186
4.87186
4.87186
4.87186
1.62395
1.62395
1.62395
1.62395
1.62395
1.62395
1.62395
1.62395
1.62395
1.62395
1.62395
1.62395
1.62395
1.62395
1.62395
1.62395
1.62395
1.62395
1.62395
1.62395
1.62395
1.62395
1.62395
1.62395
1.62395
1.62395
1.62395
1.62395
1.62395
1.62395
1.62395
1.62395
1.62395
1.62395
1.62395
1.62395
1.62395
1.62395
1.62395
1.62395
1.62395
1.62395
1.62395
1.62395
1.62395
1.62395
1.62395
1.62395
1.62395
1.62395
1.62395
1.62395
1.62395
1.62395
1.62395
1.62395
1.62395
1.62395
1.62395
1.62395
1.62395
1.62395
1.62395
1.62395
1.62395
1.62395
1.62395
1.62395
1.62395
1.62395
1.62395
1.62395
1.62395
1.62395
1.62395
1.62395
1.62395
1.62395
1.62395
1.62395
1.62395
1.62395
1.62395
1.62395
1.62395
1.62395
1.62395
1.62395
1.62395
1.62395
1.62395
1.62395
1.62395
1.62395
1.62395
1.62395
1.62395
1.62395
1.62395
1.62395
60.8163
60.1255
59.6875
59.4086
59.2702
59.2702
59.4086
59.6875
60.1255
60.8163
60.1255
59.5351
59.0898
58.7925
58.6451
58.6451
58.7925
59.0898
59.5351
60.1255
59.6875
59.0898
58.6252
58.3154
58.1625
58.1625
58.3154
58.6252
59.0898
59.6875
59.4086
58.7925
58.3154
57.9996
57.8442
57.8442
57.9996
58.3154
58.7925
59.4086
59.2702
58.6451
58.1625
57.8442
57.6876
57.6876
57.8442
58.1625
58.6451
59.2702
59.2702
58.6451
58.1625
57.8442
57.6876
57.6877
57.8442
58.1625
58.6451
59.2702
59.4086
58.7925
58.3154
57.9996
57.8442
57.8442
57.9996
58.3154
58.7925
59.4086
59.6875
59.0898
58.6252
58.3154
58.1625
58.1625
58.3154
58.6252
59.0898
59.6875
60.1255
59.5351
59.0898
58.7925
58.6451
58.6451
58.7925
59.0898
59.5351
60.1255
60.8163
60.1255
59.6875
59.4086
59.2702
59.2702
59.4086
59.6875
60.1255
60.8163
58.6341
58.3555
58.1894
58.0799
58.0243
58.0243
58.0799
58.1894
58.3555
58.6341
58.3555
58.1345
57.9465
57.8153
57.7497
57.7497
57.8153
57.9465
58.1345
58.3555
58.1894
57.9465
57.7351
57.59
57.5183
57.5183
57.59
57.7351
57.9465
58.1894
58.0799
57.8153
57.59
57.4376
57.3626
57.3626
57.4376
57.59
57.8153
58.0799
58.0243
57.7497
57.5183
57.3626
57.286
57.286
57.3626
57.5183
57.7497
58.0243
58.0243
57.7497
57.5183
57.3626
57.286
57.286
57.3626
57.5183
57.7497
58.0243
58.0799
57.8153
57.59
57.4376
57.3626
57.3626
57.4376
57.59
57.8153
58.0799
58.1894
57.9465
57.7351
57.59
57.5183
57.5183
57.59
57.7351
57.9465
58.1894
58.3555
58.1345
57.9465
57.8153
57.7497
57.7497
57.8153
57.9465
58.1345
58.3555
58.6341
58.3555
58.1894
58.0799
58.0243
58.0243
58.0799
58.1894
58.3555
58.6341
57.1333
56.9812
56.8872
56.8218
56.7881
56.7881
56.8218
56.8872
56.9812
57.1333
56.9812
56.8601
56.7459
56.6632
56.6214
56.6214
56.6632
56.7459
56.8601
56.9812
56.8872
56.7459
56.6126
56.5192
56.4729
56.4729
56.5192
56.6126
56.7459
56.8872
56.8218
56.6632
56.5192
56.4204
56.3717
56.3717
56.4204
56.5192
56.6632
56.8218
56.7881
56.6214
56.4729
56.3717
56.3218
56.3218
56.3717
56.4729
56.6214
56.7881
56.7881
56.6214
56.4729
56.3717
56.3218
56.3218
56.3717
56.4729
56.6214
56.7881
56.8218
56.6632
56.5192
56.4204
56.3717
56.3717
56.4204
56.5192
56.6632
56.8218
56.8872
56.7459
56.6126
56.5192
56.4729
56.4729
56.5192
56.6126
56.7459
56.8872
56.9812
56.8601
56.7459
56.6632
56.6214
56.6214
56.6632
56.7459
56.8601
56.9812
57.1333
56.9812
56.8872
56.8218
56.7881
56.7881
56.8218
56.8872
56.9812
57.1333
53.5107
53.4757
53.4562
53.4403
53.4318
53.4318
53.4403
53.4562
53.4757
53.5107
53.4757
53.45
53.4148
53.3871
53.373
53.373
53.3871
53.4148
53.45
53.4757
53.4562
53.4148
53.3676
53.3333
53.3164
53.3164
53.3333
53.3676
53.4148
53.4562
53.4403
53.3871
53.3333
53.2958
53.2775
53.2775
53.2958
53.3333
53.3871
53.4403
53.4318
53.373
53.3164
53.2775
53.2583
53.2583
53.2775
53.3164
53.373
53.4318
53.4318
53.373
53.3164
53.2775
53.2583
53.2583
53.2775
53.3164
53.373
53.4318
53.4403
53.3871
53.3333
53.2958
53.2775
53.2775
53.2958
53.3333
53.3871
53.4403
53.4562
53.4148
53.3676
53.3333
53.3164
53.3164
53.3333
53.3676
53.4148
53.4562
53.4757
53.45
53.4148
53.3871
53.373
53.373
53.3871
53.4148
53.45
53.4757
53.5107
53.4757
53.4562
53.4403
53.4318
53.4318
53.4403
53.4562
53.4757
53.5107
50.5133
50.5063
50.5021
50.4972
50.4943
50.4943
50.4972
50.5021
50.5063
50.5133
50.5063
50.5028
50.4904
50.4793
50.4737
50.4737
50.4793
50.4904
50.5029
50.5063
50.5021
50.4904
50.4716
50.4573
50.4502
50.4502
50.4573
50.4716
50.4904
50.5022
50.4972
50.4793
50.4573
50.4415
50.4336
50.4336
50.4415
50.4573
50.4793
50.4972
50.4943
50.4737
50.4502
50.4336
50.4255
50.4255
50.4336
50.4502
50.4737
50.4943
50.4943
50.4737
50.4502
50.4336
50.4255
50.4255
50.4336
50.4502
50.4737
50.4943
50.4972
50.4793
50.4573
50.4415
50.4336
50.4336
50.4415
50.4573
50.4793
50.4972
50.5021
50.4904
50.4716
50.4573
50.4502
50.4502
50.4573
50.4716
50.4904
50.5022
50.5063
50.5029
50.4904
50.4793
50.4737
50.4737
50.4793
50.4904
50.5029
50.5063
50.5133
50.5063
50.5022
50.4972
50.4943
50.4943
50.4972
50.5022
50.5063
50.5133
47.1165
47.1198
47.1224
47.1229
47.1231
47.1231
47.1229
47.1224
47.1198
47.1165
47.1198
47.1234
47.1212
47.1185
47.1171
47.1171
47.1185
47.1212
47.1234
47.1198
47.1224
47.1212
47.1158
47.1114
47.1092
47.1092
47.1114
47.1158
47.1212
47.1224
47.1229
47.1185
47.1114
47.1062
47.1037
47.1037
47.1062
47.1114
47.1185
47.1229
47.1231
47.1171
47.1092
47.1037
47.101
47.101
47.1037
47.1092
47.1171
47.1231
47.1231
47.1171
47.1092
47.1037
47.101
47.101
47.1037
47.1092
47.1171
47.1231
47.1229
47.1185
47.1114
47.1062
47.1037
47.1037
47.1062
47.1114
47.1185
47.1229
47.1224
47.1212
47.1158
47.1114
47.1092
47.1092
47.1114
47.1158
47.1212
47.1224
47.1198
47.1234
47.1212
47.1185
47.1171
47.1171
47.1185
47.1212
47.1234
47.1198
47.1165
47.1198
47.1224
47.1229
47.1231
47.1231
47.1229
47.1224
47.1198
47.1165
43.8941
43.8983
43.9011
43.9024
43.9029
43.9029
43.9024
43.9011
43.8983
43.8942
43.8983
43.9026
43.9034
43.9033
43.9033
43.9033
43.9033
43.9034
43.9026
43.8983
43.9011
43.9034
43.9029
43.9021
43.9018
43.9018
43.9021
43.9029
43.9034
43.9011
43.9024
43.9033
43.9021
43.9011
43.9007
43.9007
43.9011
43.9021
43.9033
43.9024
43.9029
43.9033
43.9018
43.9007
43.9001
43.9001
43.9007
43.9018
43.9033
43.903
43.9029
43.9033
43.9018
43.9007
43.9001
43.9001
43.9007
43.9018
43.9033
43.903
43.9024
43.9033
43.9021
43.9011
43.9007
43.9007
43.9011
43.9021
43.9033
43.9024
43.9011
43.9034
43.9029
43.9021
43.9018
43.9018
43.9021
43.9029
43.9034
43.9011
43.8983
43.9026
43.9034
43.9033
43.9033
43.9033
43.9033
43.9034
43.9026
43.8983
43.8942
43.8983
43.9011
43.9024
43.903
43.903
43.9024
43.9011
43.8983
43.8942
40.6084
40.6111
40.613
40.614
40.6144
40.6144
40.614
40.613
40.6111
40.6084
40.6111
40.6137
40.6146
40.6149
40.6151
40.6151
40.6149
40.6146
40.6137
40.6111
40.613
40.6146
40.6149
40.6149
40.615
40.615
40.6149
40.6149
40.6146
40.613
40.614
40.6149
40.6149
40.6149
40.6149
40.6149
40.6149
40.6149
40.6149
40.614
40.6144
40.6151
40.615
40.6149
40.6148
40.6148
40.6149
40.615
40.6151
40.6144
40.6144
40.6151
40.615
40.6149
40.6148
40.6148
40.6149
40.615
40.6151
40.6144
40.614
40.6149
40.6149
40.6149
40.6149
40.6149
40.6149
40.6149
40.6149
40.614
40.613
40.6146
40.6149
40.6149
40.615
40.615
40.6149
40.6149
40.6146
40.613
40.6111
40.6137
40.6146
40.6149
40.6151
40.6151
40.6149
40.6146
40.6137
40.6111
40.6084
40.6111
40.613
40.614
40.6144
40.6144
40.614
40.613
40.6111
40.6084
37.3615
37.3632
37.3644
37.365
37.3654
37.3654
37.365
37.3644
37.3632
37.3615
37.3632
37.3649
37.3657
37.3661
37.3664
37.3664
37.3661
37.3657
37.3649
37.3632
37.3644
37.3657
37.3663
37.3667
37.3669
37.3669
37.3667
37.3663
37.3657
37.3644
37.365
37.3661
37.3667
37.367
37.3672
37.3672
37.367
37.3667
37.3661
37.365
37.3654
37.3664
37.3669
37.3672
37.3674
37.3674
37.3672
37.3669
37.3664
37.3654
37.3654
37.3664
37.3669
37.3672
37.3674
37.3674
37.3672
37.3669
37.3664
37.3654
37.365
37.3661
37.3667
37.367
37.3672
37.3672
37.367
37.3667
37.3661
37.365
37.3644
37.3657
37.3663
37.3667
37.3669
37.3669
37.3667
37.3663
37.3657
37.3644
37.3632
37.3649
37.3657
37.3661
37.3664
37.3664
37.3661
37.3657
37.3649
37.3632
37.3615
37.3632
37.3644
37.365
37.3654
37.3654
37.365
37.3644
37.3632
37.3615
34.1054
34.1062
34.1068
34.1071
34.1073
34.1073
34.1071
34.1068
34.1062
34.1054
34.1062
34.107
34.1074
34.1077
34.1078
34.1078
34.1077
34.1074
34.107
34.1062
34.1068
34.1074
34.1078
34.108
34.1081
34.1081
34.108
34.1078
34.1074
34.1068
34.1071
34.1077
34.108
34.1082
34.1083
34.1083
34.1082
34.108
34.1077
34.1071
34.1073
34.1078
34.1081
34.1083
34.1084
34.1084
34.1083
34.1081
34.1078
34.1073
34.1073
34.1078
34.1081
34.1083
34.1084
34.1084
34.1083
34.1081
34.1078
34.1073
34.1071
34.1077
34.108
34.1082
34.1083
34.1083
34.1082
34.108
34.1077
34.1071
34.1068
34.1074
34.1078
34.108
34.1081
34.1081
34.108
34.1078
34.1074
34.1068
34.1062
34.107
34.1074
34.1077
34.1078
34.1078
34.1077
34.1074
34.107
34.1062
34.1054
34.1062
34.1068
34.1071
34.1073
34.1073
34.1071
34.1068
34.1062
34.1054
30.8572
30.8576
30.8579
30.8581
30.8582
30.8582
30.8581
30.8579
30.8576
30.8572
30.8576
30.858
30.8583
30.8585
30.8585
30.8585
30.8585
30.8583
30.858
30.8576
30.8579
30.8583
30.8585
30.8587
30.8588
30.8588
30.8587
30.8585
30.8583
30.8579
30.8581
30.8585
30.8587
30.8589
30.8589
30.8589
30.8589
30.8587
30.8585
30.8581
30.8582
30.8585
30.8588
30.8589
30.859
30.859
30.8589
30.8588
30.8585
30.8582
30.8582
30.8585
30.8588
30.8589
30.859
30.859
30.8589
30.8588
30.8585
30.8582
30.8581
30.8585
30.8587
30.8589
30.8589
30.8589
30.8589
30.8587
30.8585
30.8581
30.8579
30.8583
30.8585
30.8587
30.8588
30.8588
30.8587
30.8585
30.8583
30.8579
30.8576
30.858
30.8583
30.8585
30.8585
30.8585
30.8585
30.8583
30.858
30.8576
30.8572
30.8576
30.8579
30.8581
30.8582
30.8582
30.8581
30.8579
30.8576
30.8572
27.6077
27.6078
27.608
27.608
27.6081
27.6081
27.608
27.608
27.6078
27.6077
27.6078
27.608
27.6081
27.6082
27.6082
27.6082
27.6082
27.6081
27.608
27.6078
27.608
27.6081
27.6082
27.6083
27.6084
27.6084
27.6083
27.6082
27.6081
27.608
27.608
27.6082
27.6083
27.6084
27.6084
27.6084
27.6084
27.6083
27.6082
27.608
27.6081
27.6082
27.6084
27.6084
27.6085
27.6085
27.6084
27.6084
27.6082
27.6081
27.6081
27.6082
27.6084
27.6084
27.6085
27.6085
27.6084
27.6084
27.6082
27.6081
27.608
27.6082
27.6083
27.6084
27.6084
27.6084
27.6084
27.6083
27.6082
27.608
27.608
27.6081
27.6082
27.6083
27.6084
27.6084
27.6083
27.6082
27.6081
27.608
27.6078
27.608
27.6081
27.6082
27.6082
27.6082
27.6082
27.6081
27.608
27.6078
27.6077
27.6078
27.608
27.608
27.6081
27.6081
27.608
27.608
27.6078
27.6077
24.3597
24.3598
24.3598
24.3598
24.3599
24.3599
24.3598
24.3598
24.3598
24.3597
24.3598
24.3598
24.3599
24.3599
24.36
24.36
24.3599
24.3599
24.3598
24.3598
24.3598
24.3599
24.36
24.36
24.36
24.36
24.36
24.36
24.3599
24.3598
24.3598
24.3599
24.36
24.3601
24.3601
24.3601
24.3601
24.36
24.3599
24.3598
24.3599
24.36
24.36
24.3601
24.3601
24.3601
24.3601
24.36
24.36
24.3599
24.3599
24.36
24.36
24.3601
24.3601
24.3601
24.3601
24.36
24.36
24.3599
24.3598
24.3599
24.36
24.3601
24.3601
24.3601
24.3601
24.36
24.3599
24.3598
24.3598
24.3599
24.36
24.36
24.36
24.36
24.36
24.36
24.3599
24.3598
24.3598
24.3598
24.3599
24.3599
24.36
24.36
24.3599
24.3599
24.3598
24.3598
24.3597
24.3598
24.3598
24.3598
24.3599
24.3599
24.3598
24.3598
24.3598
24.3597
21.1115
21.1115
21.1115
21.1115
21.1116
21.1116
21.1115
21.1115
21.1115
21.1115
21.1115
21.1115
21.1116
21.1116
21.1116
21.1116
21.1116
21.1116
21.1115
21.1115
21.1115
21.1116
21.1116
21.1116
21.1116
21.1116
21.1116
21.1116
21.1116
21.1115
21.1115
21.1116
21.1116
21.1116
21.1116
21.1116
21.1116
21.1116
21.1116
21.1115
21.1116
21.1116
21.1116
21.1116
21.1116
21.1116
21.1116
21.1116
21.1116
21.1116
21.1116
21.1116
21.1116
21.1116
21.1116
21.1116
21.1116
21.1116
21.1116
21.1116
21.1115
21.1116
21.1116
21.1116
21.1116
21.1116
21.1116
21.1116
21.1116
21.1115
21.1115
21.1116
21.1116
21.1116
21.1116
21.1116
21.1116
21.1116
21.1116
21.1115
21.1115
21.1115
21.1116
21.1116
21.1116
21.1116
21.1116
21.1116
21.1115
21.1115
21.1115
21.1115
21.1115
21.1115
21.1116
21.1116
21.1115
21.1115
21.1115
21.1115
17.8636
17.8636
17.8636
17.8636
17.8636
17.8636
17.8636
17.8636
17.8636
17.8636
17.8636
17.8636
17.8636
17.8636
17.8636
17.8636
17.8636
17.8636
17.8636
17.8636
17.8636
17.8636
17.8636
17.8636
17.8636
17.8636
17.8636
17.8636
17.8636
17.8636
17.8636
17.8636
17.8636
17.8636
17.8636
17.8636
17.8636
17.8636
17.8636
17.8636
17.8636
17.8636
17.8636
17.8636
17.8636
17.8636
17.8636
17.8636
17.8636
17.8636
17.8636
17.8636
17.8636
17.8636
17.8636
17.8636
17.8636
17.8636
17.8636
17.8636
17.8636
17.8636
17.8636
17.8636
17.8636
17.8636
17.8636
17.8636
17.8636
17.8636
17.8636
17.8636
17.8636
17.8636
17.8636
17.8636
17.8636
17.8636
17.8636
17.8636
17.8636
17.8636
17.8636
17.8636
17.8636
17.8636
17.8636
17.8636
17.8636
17.8636
17.8636
17.8636
17.8636
17.8636
17.8636
17.8636
17.8636
17.8636
17.8636
17.8636
14.6156
14.6156
14.6156
14.6156
14.6156
14.6156
14.6156
14.6156
14.6156
14.6156
14.6156
14.6156
14.6156
14.6156
14.6156
14.6156
14.6156
14.6156
14.6156
14.6156
14.6156
14.6156
14.6156
14.6156
14.6156
14.6156
14.6156
14.6156
14.6156
14.6156
14.6156
14.6156
14.6156
14.6156
14.6156
14.6156
14.6156
14.6156
14.6156
14.6156
14.6156
14.6156
14.6156
14.6156
14.6156
14.6156
14.6156
14.6156
14.6156
14.6156
14.6156
14.6156
14.6156
14.6156
14.6156
14.6156
14.6156
14.6156
14.6156
14.6156
14.6156
14.6156
14.6156
14.6156
14.6156
14.6156
14.6156
14.6156
14.6156
14.6156
14.6156
14.6156
14.6156
14.6156
14.6156
14.6156
14.6156
14.6156
14.6156
14.6156
14.6156
14.6156
14.6156
14.6156
14.6156
14.6156
14.6156
14.6156
14.6156
14.6156
14.6156
14.6156
14.6156
14.6156
14.6156
14.6156
14.6156
14.6156
14.6156
14.6156
11.3677
11.3677
11.3677
11.3677
11.3677
11.3677
11.3677
11.3677
11.3677
11.3677
11.3677
11.3677
11.3677
11.3677
11.3677
11.3677
11.3677
11.3677
11.3677
11.3677
11.3677
11.3677
11.3677
11.3677
11.3677
11.3677
11.3677
11.3677
11.3677
11.3677
11.3677
11.3677
11.3677
11.3677
11.3677
11.3677
11.3677
11.3677
11.3677
11.3677
11.3677
11.3677
11.3677
11.3677
11.3677
11.3677
11.3677
11.3677
11.3677
11.3677
11.3677
11.3677
11.3677
11.3677
11.3677
11.3677
11.3677
11.3677
11.3677
11.3677
11.3677
11.3677
11.3677
11.3677
11.3677
11.3677
11.3677
11.3677
11.3677
11.3677
11.3677
11.3677
11.3677
11.3677
11.3677
11.3677
11.3677
11.3677
11.3677
11.3677
11.3677
11.3677
11.3677
11.3677
11.3677
11.3677
11.3677
11.3677
11.3677
11.3677
11.3677
11.3677
11.3677
11.3677
11.3677
11.3677
11.3677
11.3677
11.3677
11.3677
8.11977
8.11977
8.11977
8.11977
8.11977
8.11977
8.11977
8.11977
8.11977
8.11977
8.11977
8.11977
8.11977
8.11977
8.11977
8.11977
8.11977
8.11977
8.11977
8.11977
8.11977
8.11977
8.11977
8.11977
8.11977
8.11977
8.11977
8.11977
8.11977
8.11977
8.11977
8.11977
8.11977
8.11977
8.11977
8.11977
8.11977
8.11977
8.11977
8.11977
8.11977
8.11977
8.11977
8.11977
8.11977
8.11977
8.11977
8.11977
8.11977
8.11977
8.11977
8.11977
8.11977
8.11977
8.11977
8.11977
8.11977
8.11977
8.11977
8.11977
8.11977
8.11977
8.11977
8.11977
8.11977
8.11977
8.11977
8.11977
8.11977
8.11977
8.11977
8.11977
8.11977
8.11977
8.11977
8.11977
8.11977
8.11977
8.11977
8.11977
8.11977
8.11977
8.11977
8.11977
8.11977
8.11977
8.11977
8.11977
8.11977
8.11977
8.11977
8.11977
8.11977
8.11977
8.11977
8.11977
8.11977
8.11977
8.11977
8.11977
4.87186
4.87186
4.87186
4.87186
4.87186
4.87186
4.87186
4.87186
4.87186
4.87186
4.87186
4.87186
4.87186
4.87186
4.87186
4.87186
4.87186
4.87186
4.87186
4.87186
4.87186
4.87186
4.87186
4.87186
4.87186
4.87185
4.87185
4.87186
4.87186
4.87186
4.87186
4.87186
4.87186
4.87185
4.87185
4.87185
4.87185
4.87185
4.87185
4.87186
4.87186
4.87186
4.87186
4.87185
4.87185
4.87185
4.87185
4.87185
4.87185
4.87186
4.87186
4.87186
4.87185
4.87185
4.87185
4.87185
4.87185
4.87185
4.87185
4.87186
4.87186
4.87186
4.87185
4.87185
4.87185
4.87185
4.87185
4.87185
4.87185
4.87186
4.87186
4.87186
4.87186
4.87185
4.87185
4.87185
4.87185
4.87185
4.87185
4.87186
4.87186
4.87186
4.87186
4.87185
4.87185
4.87185
4.87185
4.87185
4.87186
4.87186
4.87186
4.87186
4.87186
4.87186
4.87186
4.87186
4.87186
4.87186
4.87186
4.87186
1.62395
1.62395
1.62395
1.62395
1.62395
1.62395
1.62395
1.62395
1.62395
1.62395
1.62395
1.62395
1.62395
1.62394
1.62394
1.62394
1.62394
1.62394
1.62395
1.62395
1.62395
1.62395
1.62394
1.62394
1.62394
1.62394
1.62394
1.62394
1.62394
1.62395
1.62395
1.62394
1.62394
1.62394
1.62394
1.62394
1.62394
1.62394
1.62394
1.62395
1.62395
1.62394
1.62394
1.62394
1.62394
1.62394
1.62394
1.62394
1.62394
1.62395
1.62395
1.62394
1.62394
1.62394
1.62394
1.62394
1.62394
1.62394
1.62394
1.62395
1.62395
1.62394
1.62394
1.62394
1.62394
1.62394
1.62394
1.62394
1.62394
1.62395
1.62395
1.62394
1.62394
1.62394
1.62394
1.62394
1.62394
1.62394
1.62394
1.62395
1.62395
1.62395
1.62394
1.62394
1.62394
1.62394
1.62394
1.62394
1.62395
1.62395
1.62395
1.62395
1.62395
1.62395
1.62395
1.62395
1.62395
1.62395
1.62395
1.62395
)
;

boundaryField
{
    fixedWalls
    {
        type            zeroGradient;
    }
    inlet
    {
        type            fixedGradient;
        gradient        uniform 0;
    }
    outlet
    {
        type            fixedValue;
        value           uniform 0;
    }
}


// ************************************************************************* //
