/*--------------------------------*- C++ -*----------------------------------*\
| =========                 |                                                 |
| \\      /  F ield         | OpenFOAM: The Open Source CFD Toolbox           |
|  \\    /   O peration     | Version:  2106                                  |
|   \\  /    A nd           | Website:  www.openfoam.com                      |
|    \\/     M anipulation  |                                                 |
\*---------------------------------------------------------------------------*/
FoamFile
{
    version     2.0;
    format      ascii;
    arch        "LSB;label=32;scalar=64";
    class       volScalarField;
    location    "0.5";
    object      p;
}
// * * * * * * * * * * * * * * * * * * * * * * * * * * * * * * * * * * * * * //

dimensions      [0 2 -2 0 0 0 0];

internalField   nonuniform List<scalar> 
10000
(
98.5088
97.9282
97.5636
97.297
97.1588
97.1588
97.297
97.5636
97.9282
98.5088
89.3935
88.5457
87.9874
87.5927
87.3893
87.3893
87.5927
87.9874
88.5457
89.3935
81.8256
80.8501
80.2134
79.7698
79.5422
79.5422
79.7698
80.2134
80.8501
81.8256
76.6003
75.5981
74.9524
74.5092
74.2821
74.2821
74.5092
74.9524
75.5981
76.6003
72.6794
71.6845
71.0467
70.6176
70.3978
70.3978
70.6176
71.0467
71.6845
72.6794
69.5039
68.536
67.9141
67.5059
67.2972
67.2972
67.5059
67.9141
68.536
69.5039
66.8849
65.9649
65.3685
64.9874
64.7934
64.7934
64.9874
65.3685
65.9649
66.8849
64.7162
63.8675
63.3088
62.9604
62.7838
62.7838
62.9604
63.3088
63.8675
64.7162
62.9178
62.1566
61.6483
61.3374
61.1799
61.1799
61.3374
61.6484
62.1566
62.9178
61.5098
60.749
60.2997
60.0264
59.8879
59.8879
60.0264
60.2997
60.749
61.5098
62.6114
62.7838
62.9715
63.098
63.1634
63.1634
63.098
62.9715
62.7838
62.6114
63.0331
63.1275
63.254
63.3351
63.3766
63.3766
63.3351
63.254
63.1275
63.0331
63.0095
63.0066
63.0591
63.0873
63.1013
63.1013
63.0873
63.0591
63.0066
63.0095
62.5993
62.5063
62.4909
62.4725
62.4624
62.4624
62.4725
62.4909
62.5063
62.5993
62.0049
61.8381
61.7648
61.7089
61.6795
61.6795
61.7089
61.7648
61.8381
62.0049
61.3352
61.1127
60.9927
60.9088
60.8651
60.8651
60.9088
60.9927
61.1127
61.3352
60.6451
60.3871
60.2333
60.1312
60.0783
60.0783
60.1312
60.2333
60.3871
60.6451
59.9659
59.6962
59.5241
59.4135
59.3563
59.3563
59.4135
59.5241
59.6962
59.9659
59.3334
59.0679
58.8894
58.7773
58.7192
58.7192
58.7773
58.8894
59.0679
59.3334
58.8502
58.5033
58.32
58.2073
58.1487
58.1487
58.2073
58.32
58.5033
58.8502
58.013
57.9986
58.0003
57.9968
57.9953
57.9953
57.9968
58.0003
57.9986
58.013
58.4226
58.406
58.407
58.4019
58.3992
58.3992
58.4019
58.407
58.406
58.4226
58.7616
58.7265
58.7161
58.7012
58.6933
58.6933
58.7012
58.7161
58.7265
58.7616
58.814
58.7457
58.7132
58.6824
58.666
58.666
58.6824
58.7132
58.7457
58.814
58.6698
58.5663
58.5096
58.4628
58.438
58.438
58.4628
58.5096
58.5663
58.6698
58.4232
58.2893
58.2102
58.1501
58.1184
58.1184
58.1501
58.2102
58.2893
58.4232
58.1224
57.9662
57.8691
57.7995
57.7631
57.7631
57.7995
57.8691
57.9662
58.1224
57.7942
57.6278
57.5193
57.4449
57.406
57.406
57.4449
57.5193
57.6278
57.7942
57.4713
57.3024
57.1866
57.1099
57.0698
57.0698
57.1099
57.1866
57.3024
57.4713
57.2283
56.9957
56.8696
56.7892
56.7475
56.7475
56.7892
56.8697
56.9958
57.2283
53.3111
53.3308
53.3557
53.3716
53.38
53.38
53.3716
53.3557
53.3308
53.3111
53.5202
53.5436
53.5725
53.5908
53.6004
53.6004
53.5908
53.5725
53.5436
53.5202
53.6975
53.7187
53.7472
53.7646
53.7738
53.7738
53.7646
53.7472
53.7187
53.6975
53.7827
53.7935
53.8152
53.8272
53.8335
53.8335
53.8272
53.8152
53.7935
53.7827
53.7965
53.793
53.8043
53.8089
53.8112
53.8112
53.8089
53.8044
53.793
53.7965
53.7624
53.744
53.744
53.7408
53.739
53.739
53.7408
53.744
53.744
53.7624
53.6938
53.6627
53.652
53.6422
53.6368
53.6368
53.6422
53.652
53.6627
53.6938
53.6006
53.5615
53.5424
53.5276
53.5195
53.5195
53.5276
53.5424
53.5615
53.6006
53.5007
53.4558
53.4286
53.4092
53.3986
53.3986
53.4092
53.4286
53.4558
53.5007
53.4387
53.3504
53.3095
53.2828
53.2686
53.2686
53.2828
53.3095
53.3504
53.4387
50.0995
50.0996
50.1015
50.1016
50.1017
50.1017
50.1016
50.1015
50.0996
50.0995
50.1971
50.2008
50.2059
50.2081
50.2092
50.2092
50.2081
50.2059
50.2008
50.1971
50.2967
50.3018
50.3085
50.3115
50.3131
50.3131
50.3115
50.3085
50.3018
50.2967
50.3643
50.3673
50.373
50.3749
50.3757
50.3757
50.3749
50.373
50.3673
50.3643
50.4019
50.4006
50.4035
50.403
50.4027
50.4027
50.403
50.4035
50.4006
50.4019
50.4165
50.4098
50.4088
50.4057
50.4039
50.4039
50.4057
50.4088
50.4098
50.4165
50.4127
50.4008
50.3959
50.3902
50.387
50.387
50.3902
50.3959
50.4008
50.4127
50.3949
50.3794
50.371
50.3632
50.3589
50.3589
50.3632
50.371
50.3794
50.3949
50.3723
50.3534
50.3407
50.3306
50.325
50.325
50.3306
50.3408
50.3534
50.3723
50.3662
50.3246
50.304
50.2897
50.2822
50.2822
50.2897
50.304
50.3246
50.3662
46.7887
46.7917
46.7954
46.7975
46.7987
46.7987
46.7975
46.7954
46.7917
46.7887
46.8291
46.8338
46.8391
46.8423
46.844
46.844
46.8423
46.8391
46.8338
46.8291
46.8702
46.876
46.8825
46.8865
46.8886
46.8886
46.8865
46.8825
46.876
46.8702
46.9011
46.9068
46.9134
46.9174
46.9194
46.9194
46.9174
46.9134
46.9068
46.9011
46.922
46.9265
46.9324
46.9356
46.9373
46.9373
46.9356
46.9324
46.9265
46.922
46.9342
46.9368
46.9414
46.9436
46.9447
46.9447
46.9436
46.9414
46.9368
46.9342
46.9387
46.9393
46.9422
46.9433
46.9438
46.9438
46.9433
46.9422
46.9393
46.9387
46.9367
46.9356
46.937
46.937
46.9369
46.9369
46.937
46.937
46.9356
46.9367
46.9322
46.9294
46.9284
46.9269
46.926
46.926
46.9269
46.9284
46.9294
46.9322
46.9357
46.9214
46.9155
46.9113
46.9091
46.9091
46.9113
46.9155
46.9214
46.9357
43.6018
43.6022
43.6028
43.6029
43.603
43.603
43.6029
43.6028
43.6022
43.6018
43.6186
43.6199
43.6212
43.6218
43.6222
43.6222
43.6218
43.6212
43.6199
43.6186
43.6378
43.6398
43.6418
43.6429
43.6435
43.6435
43.6429
43.6418
43.6398
43.6378
43.6544
43.6567
43.659
43.6603
43.6609
43.6609
43.6603
43.659
43.6567
43.6544
43.6677
43.67
43.6723
43.6735
43.6741
43.6741
43.6735
43.6723
43.67
43.6677
43.6781
43.68
43.6821
43.683
43.6835
43.6835
43.683
43.6821
43.68
43.6781
43.6857
43.687
43.6887
43.6893
43.6896
43.6896
43.6893
43.6887
43.687
43.6857
43.6907
43.6916
43.6928
43.6931
43.6931
43.6931
43.6931
43.6928
43.6916
43.6907
43.6949
43.6951
43.6954
43.695
43.6947
43.6947
43.695
43.6954
43.6951
43.6949
43.7025
43.6976
43.6957
43.6941
43.6932
43.6932
43.6941
43.6957
43.6976
43.7025
40.3783
40.3789
40.3795
40.3799
40.3801
40.3801
40.3799
40.3795
40.3789
40.3783
40.3847
40.3856
40.3865
40.3871
40.3874
40.3874
40.3871
40.3865
40.3856
40.3847
40.3919
40.3932
40.3945
40.3953
40.3957
40.3957
40.3953
40.3945
40.3932
40.3919
40.3986
40.4001
40.4016
40.4025
40.403
40.403
40.4025
40.4016
40.4001
40.3986
40.4044
40.406
40.4076
40.4085
40.409
40.409
40.4085
40.4076
40.406
40.4044
40.4092
40.4108
40.4124
40.4133
40.4137
40.4137
40.4133
40.4124
40.4108
40.4092
40.4131
40.4145
40.4159
40.4167
40.4171
40.4171
40.4167
40.4159
40.4145
40.4131
40.4159
40.4171
40.4184
40.4191
40.4194
40.4194
40.4191
40.4184
40.4171
40.4159
40.4183
40.4193
40.4202
40.4205
40.4207
40.4207
40.4205
40.4202
40.4193
40.4183
40.4222
40.421
40.4208
40.4205
40.4204
40.4204
40.4205
40.4208
40.421
40.4222
37.1616
37.1617
37.1618
37.1618
37.1619
37.1619
37.1618
37.1618
37.1617
37.1616
37.1639
37.1642
37.1644
37.1646
37.1646
37.1646
37.1646
37.1644
37.1642
37.1639
37.1669
37.1674
37.1678
37.168
37.1681
37.1681
37.168
37.1678
37.1674
37.1669
37.17
37.1706
37.1712
37.1715
37.1717
37.1717
37.1715
37.1712
37.1706
37.17
37.173
37.1738
37.1744
37.1748
37.175
37.175
37.1748
37.1744
37.1738
37.173
37.1759
37.1767
37.1774
37.1777
37.1779
37.1779
37.1777
37.1774
37.1767
37.1759
37.1784
37.1793
37.18
37.1804
37.1806
37.1806
37.1804
37.18
37.1793
37.1784
37.1807
37.1816
37.1823
37.1826
37.1828
37.1828
37.1826
37.1823
37.1816
37.1807
37.183
37.1837
37.1843
37.1846
37.1847
37.1847
37.1846
37.1843
37.1837
37.183
37.1858
37.1857
37.1859
37.1859
37.1859
37.1859
37.1859
37.1859
37.1857
37.1858
33.9342
33.9343
33.9344
33.9344
33.9345
33.9345
33.9344
33.9344
33.9343
33.9342
33.9349
33.9351
33.9352
33.9353
33.9354
33.9354
33.9353
33.9352
33.9351
33.9349
33.9359
33.9361
33.9363
33.9365
33.9366
33.9366
33.9365
33.9363
33.9361
33.9359
33.937
33.9373
33.9376
33.9378
33.9379
33.9379
33.9378
33.9376
33.9373
33.937
33.9382
33.9386
33.9389
33.9391
33.9392
33.9392
33.9391
33.9389
33.9386
33.9382
33.9393
33.9398
33.9401
33.9404
33.9405
33.9405
33.9404
33.9401
33.9398
33.9393
33.9404
33.9409
33.9413
33.9416
33.9417
33.9417
33.9416
33.9413
33.9409
33.9404
33.9415
33.942
33.9424
33.9426
33.9427
33.9427
33.9426
33.9424
33.942
33.9415
33.9425
33.9429
33.9433
33.9435
33.9436
33.9436
33.9435
33.9433
33.9429
33.9425
33.9437
33.9438
33.944
33.9441
33.9442
33.9442
33.9441
33.944
33.9438
33.9437
30.7057
30.7057
30.7057
30.7057
30.7057
30.7057
30.7057
30.7057
30.7057
30.7057
30.7059
30.7059
30.7059
30.706
30.706
30.706
30.706
30.7059
30.7059
30.7059
30.7062
30.7063
30.7063
30.7064
30.7064
30.7064
30.7064
30.7063
30.7063
30.7062
30.7067
30.7068
30.7069
30.7069
30.707
30.707
30.7069
30.7069
30.7068
30.7067
30.7072
30.7074
30.7075
30.7076
30.7076
30.7076
30.7076
30.7075
30.7074
30.7072
30.7078
30.708
30.7081
30.7082
30.7083
30.7083
30.7082
30.7081
30.708
30.7078
30.7084
30.7086
30.7088
30.7089
30.709
30.709
30.7089
30.7088
30.7086
30.7084
30.709
30.7093
30.7094
30.7096
30.7096
30.7096
30.7096
30.7094
30.7093
30.709
30.7096
30.7099
30.7101
30.7102
30.7102
30.7102
30.7102
30.7101
30.7099
30.7096
30.7103
30.7105
30.7106
30.7107
30.7107
30.7107
30.7107
30.7106
30.7105
30.7103
27.4745
27.4745
27.4746
27.4746
27.4746
27.4746
27.4746
27.4746
27.4745
27.4745
27.4745
27.4746
27.4746
27.4746
27.4746
27.4746
27.4746
27.4746
27.4746
27.4745
27.4746
27.4747
27.4747
27.4747
27.4747
27.4747
27.4747
27.4747
27.4747
27.4746
27.4748
27.4748
27.4749
27.4749
27.4749
27.4749
27.4749
27.4749
27.4748
27.4748
27.4749
27.475
27.4751
27.4751
27.4751
27.4751
27.4751
27.4751
27.475
27.4749
27.4752
27.4753
27.4753
27.4754
27.4754
27.4754
27.4754
27.4753
27.4753
27.4752
27.4754
27.4755
27.4756
27.4757
27.4757
27.4757
27.4757
27.4756
27.4755
27.4754
27.4756
27.4758
27.4759
27.4759
27.476
27.476
27.4759
27.4759
27.4758
27.4756
27.4759
27.476
27.4761
27.4762
27.4762
27.4762
27.4762
27.4761
27.476
27.4759
27.4762
27.4763
27.4764
27.4764
27.4764
27.4764
27.4764
27.4764
27.4763
27.4762
24.2429
24.2429
24.2429
24.2429
24.2429
24.2429
24.2429
24.2429
24.2429
24.2429
24.2429
24.2429
24.2429
24.2429
24.2429
24.2429
24.2429
24.2429
24.2429
24.2429
24.2429
24.2429
24.2429
24.2429
24.2429
24.2429
24.2429
24.2429
24.2429
24.2429
24.2429
24.2429
24.243
24.243
24.243
24.243
24.243
24.243
24.2429
24.2429
24.243
24.243
24.2431
24.2431
24.2431
24.2431
24.2431
24.2431
24.243
24.243
24.2431
24.2431
24.2432
24.2432
24.2432
24.2432
24.2432
24.2432
24.2431
24.2431
24.2432
24.2433
24.2433
24.2433
24.2433
24.2433
24.2433
24.2433
24.2433
24.2432
24.2433
24.2434
24.2434
24.2435
24.2435
24.2435
24.2435
24.2434
24.2434
24.2433
24.2435
24.2435
24.2436
24.2436
24.2436
24.2436
24.2436
24.2436
24.2435
24.2435
24.2436
24.2437
24.2437
24.2437
24.2438
24.2438
24.2437
24.2437
24.2437
24.2436
21.0107
21.0107
21.0107
21.0107
21.0107
21.0107
21.0107
21.0107
21.0107
21.0107
21.0107
21.0107
21.0107
21.0107
21.0107
21.0107
21.0107
21.0107
21.0107
21.0107
21.0107
21.0107
21.0107
21.0107
21.0107
21.0107
21.0107
21.0107
21.0107
21.0107
21.0107
21.0107
21.0107
21.0107
21.0107
21.0107
21.0107
21.0107
21.0107
21.0107
21.0107
21.0107
21.0107
21.0107
21.0107
21.0107
21.0107
21.0107
21.0107
21.0107
21.0107
21.0107
21.0108
21.0108
21.0108
21.0108
21.0108
21.0108
21.0107
21.0107
21.0108
21.0108
21.0108
21.0108
21.0108
21.0108
21.0108
21.0108
21.0108
21.0108
21.0108
21.0108
21.0109
21.0109
21.0109
21.0109
21.0109
21.0109
21.0108
21.0108
21.0109
21.0109
21.0109
21.0109
21.0109
21.0109
21.0109
21.0109
21.0109
21.0109
21.0109
21.0109
21.011
21.011
21.011
21.011
21.011
21.011
21.0109
21.0109
17.7784
17.7784
17.7784
17.7784
17.7784
17.7784
17.7784
17.7784
17.7784
17.7784
17.7784
17.7784
17.7784
17.7784
17.7784
17.7784
17.7784
17.7784
17.7784
17.7784
17.7784
17.7784
17.7784
17.7784
17.7784
17.7784
17.7784
17.7784
17.7784
17.7784
17.7784
17.7784
17.7784
17.7784
17.7784
17.7784
17.7784
17.7784
17.7784
17.7784
17.7784
17.7784
17.7784
17.7784
17.7784
17.7784
17.7784
17.7784
17.7784
17.7784
17.7784
17.7784
17.7784
17.7784
17.7784
17.7784
17.7784
17.7784
17.7784
17.7784
17.7784
17.7784
17.7784
17.7784
17.7784
17.7784
17.7784
17.7784
17.7784
17.7784
17.7784
17.7784
17.7784
17.7784
17.7785
17.7785
17.7784
17.7784
17.7784
17.7784
17.7785
17.7785
17.7785
17.7785
17.7785
17.7785
17.7785
17.7785
17.7785
17.7785
17.7785
17.7785
17.7785
17.7785
17.7785
17.7785
17.7785
17.7785
17.7785
17.7785
14.546
14.546
14.546
14.546
14.546
14.546
14.546
14.546
14.546
14.546
14.546
14.546
14.546
14.546
14.546
14.546
14.546
14.546
14.546
14.546
14.546
14.546
14.546
14.546
14.546
14.546
14.546
14.546
14.546
14.546
14.546
14.546
14.546
14.546
14.546
14.546
14.546
14.546
14.546
14.546
14.546
14.546
14.546
14.546
14.546
14.546
14.546
14.546
14.546
14.546
14.546
14.546
14.546
14.546
14.546
14.546
14.546
14.546
14.546
14.546
14.546
14.546
14.546
14.546
14.546
14.546
14.546
14.546
14.546
14.546
14.546
14.546
14.546
14.546
14.546
14.546
14.546
14.546
14.546
14.546
14.546
14.546
14.546
14.546
14.546
14.546
14.546
14.546
14.546
14.546
14.546
14.546
14.546
14.546
14.546
14.546
14.546
14.546
14.546
14.546
11.3136
11.3136
11.3136
11.3136
11.3136
11.3136
11.3136
11.3136
11.3136
11.3136
11.3135
11.3135
11.3135
11.3135
11.3135
11.3135
11.3135
11.3135
11.3135
11.3135
11.3135
11.3135
11.3135
11.3135
11.3135
11.3135
11.3135
11.3135
11.3135
11.3135
11.3135
11.3135
11.3135
11.3135
11.3135
11.3135
11.3135
11.3135
11.3135
11.3135
11.3135
11.3135
11.3135
11.3135
11.3135
11.3135
11.3135
11.3135
11.3135
11.3135
11.3135
11.3135
11.3135
11.3135
11.3135
11.3135
11.3135
11.3135
11.3135
11.3135
11.3135
11.3135
11.3135
11.3135
11.3135
11.3135
11.3135
11.3135
11.3135
11.3135
11.3136
11.3136
11.3136
11.3136
11.3136
11.3136
11.3136
11.3136
11.3136
11.3135
11.3136
11.3136
11.3136
11.3136
11.3136
11.3136
11.3136
11.3136
11.3136
11.3136
11.3136
11.3136
11.3136
11.3136
11.3136
11.3136
11.3136
11.3136
11.3136
11.3136
8.08111
8.08111
8.08111
8.08111
8.08111
8.08111
8.08111
8.08111
8.08111
8.08111
8.08111
8.08111
8.08111
8.08111
8.08111
8.08111
8.08111
8.08111
8.08111
8.08111
8.08111
8.08111
8.08111
8.08111
8.08111
8.08111
8.08111
8.08111
8.08111
8.08111
8.08111
8.08111
8.08111
8.08111
8.08111
8.08111
8.08111
8.08111
8.08111
8.08111
8.08111
8.08111
8.08111
8.08111
8.08111
8.08111
8.08111
8.08111
8.08111
8.08111
8.08111
8.08111
8.08111
8.08111
8.08111
8.08111
8.08111
8.08111
8.08111
8.08111
8.08111
8.08111
8.08111
8.08111
8.08111
8.08111
8.08111
8.08111
8.08111
8.08111
8.08111
8.08111
8.08111
8.08111
8.08111
8.08111
8.08111
8.08111
8.08111
8.08111
8.08111
8.08111
8.08111
8.08111
8.08111
8.08111
8.08111
8.08111
8.08111
8.08111
8.08111
8.08111
8.08111
8.08111
8.08111
8.08111
8.08111
8.08111
8.08111
8.08111
4.84867
4.84867
4.84867
4.84867
4.84867
4.84867
4.84867
4.84867
4.84867
4.84867
4.84867
4.84867
4.84867
4.84867
4.84867
4.84867
4.84867
4.84867
4.84867
4.84867
4.84867
4.84867
4.84867
4.84867
4.84867
4.84867
4.84867
4.84867
4.84867
4.84867
4.84867
4.84867
4.84867
4.84867
4.84867
4.84867
4.84867
4.84867
4.84867
4.84867
4.84867
4.84867
4.84867
4.84867
4.84867
4.84867
4.84867
4.84867
4.84867
4.84867
4.84867
4.84867
4.84866
4.84866
4.84866
4.84866
4.84866
4.84866
4.84866
4.84866
4.84866
4.84866
4.84866
4.84866
4.84866
4.84866
4.84866
4.84866
4.84866
4.84866
4.84866
4.84866
4.84866
4.84866
4.84866
4.84866
4.84866
4.84866
4.84866
4.84866
4.84866
4.84866
4.84866
4.84866
4.84866
4.84866
4.84866
4.84866
4.84866
4.84866
4.84866
4.84866
4.84866
4.84866
4.84866
4.84866
4.84866
4.84866
4.84866
4.84866
1.61622
1.61622
1.61622
1.61622
1.61622
1.61622
1.61622
1.61622
1.61622
1.61622
1.61622
1.61622
1.61622
1.61622
1.61622
1.61622
1.61622
1.61622
1.61622
1.61622
1.61622
1.61622
1.61622
1.61622
1.61622
1.61622
1.61622
1.61622
1.61622
1.61622
1.61622
1.61622
1.61622
1.61622
1.61622
1.61622
1.61622
1.61622
1.61622
1.61622
1.61622
1.61622
1.61622
1.61622
1.61622
1.61622
1.61622
1.61622
1.61622
1.61622
1.61622
1.61622
1.61622
1.61622
1.61622
1.61622
1.61622
1.61622
1.61622
1.61622
1.61622
1.61622
1.61622
1.61622
1.61622
1.61622
1.61622
1.61622
1.61622
1.61622
1.61622
1.61622
1.61622
1.61622
1.61622
1.61622
1.61622
1.61622
1.61622
1.61622
1.61622
1.61622
1.61622
1.61622
1.61622
1.61622
1.61622
1.61622
1.61622
1.61622
1.61622
1.61622
1.61622
1.61622
1.61622
1.61622
1.61622
1.61622
1.61622
1.61622
98.5088
97.9282
97.5636
97.297
97.1589
97.1589
97.297
97.5636
97.9282
98.5088
89.3935
88.5457
87.9874
87.5927
87.3893
87.3893
87.5927
87.9874
88.5457
89.3935
81.8256
80.8501
80.2134
79.7698
79.5422
79.5422
79.7698
80.2134
80.8501
81.8256
76.6003
75.5981
74.9524
74.5092
74.2821
74.2821
74.5092
74.9524
75.5981
76.6003
72.6794
71.6845
71.0467
70.6176
70.3978
70.3978
70.6176
71.0467
71.6845
72.6794
69.5039
68.536
67.9141
67.5059
67.2972
67.2972
67.5059
67.9141
68.536
69.5039
66.8849
65.9649
65.3685
64.9874
64.7934
64.7934
64.9874
65.3685
65.9649
66.8849
64.7162
63.8675
63.3088
62.9605
62.7838
62.7838
62.9605
63.3088
63.8675
64.7162
62.9178
62.1566
61.6484
61.3374
61.1799
61.1799
61.3374
61.6484
62.1566
62.9178
61.5098
60.749
60.2997
60.0264
59.8879
59.8879
60.0264
60.2997
60.749
61.5098
62.6114
62.7838
62.9715
63.098
63.1634
63.1634
63.098
62.9715
62.7838
62.6114
63.0331
63.1275
63.254
63.3351
63.3766
63.3766
63.3351
63.254
63.1275
63.0331
63.0095
63.0066
63.0591
63.0873
63.1013
63.1013
63.0873
63.0591
63.0066
63.0095
62.5993
62.5063
62.4909
62.4725
62.4624
62.4624
62.4725
62.4909
62.5064
62.5993
62.0049
61.8381
61.7648
61.7089
61.6795
61.6795
61.7089
61.7648
61.8381
62.0049
61.3352
61.1127
60.9927
60.9088
60.8651
60.8651
60.9088
60.9927
61.1127
61.3352
60.6451
60.3871
60.2333
60.1312
60.0783
60.0783
60.1312
60.2333
60.3871
60.6451
59.9659
59.6962
59.5241
59.4135
59.3563
59.3563
59.4135
59.5241
59.6962
59.9659
59.3334
59.0679
58.8894
58.7774
58.7192
58.7192
58.7774
58.8894
59.0679
59.3334
58.8502
58.5033
58.32
58.2074
58.1487
58.1487
58.2074
58.32
58.5033
58.8502
58.013
57.9986
58.0003
57.9968
57.9953
57.9953
57.9968
58.0003
57.9986
58.013
58.4226
58.406
58.407
58.4019
58.3992
58.3992
58.4019
58.407
58.406
58.4226
58.7616
58.7265
58.7161
58.7012
58.6933
58.6933
58.7012
58.7161
58.7265
58.7616
58.814
58.7457
58.7132
58.6824
58.666
58.666
58.6824
58.7132
58.7457
58.814
58.6698
58.5663
58.5096
58.4628
58.438
58.438
58.4628
58.5096
58.5663
58.6698
58.4232
58.2893
58.2102
58.1501
58.1184
58.1184
58.1501
58.2102
58.2893
58.4232
58.1224
57.9662
57.8691
57.7996
57.7631
57.7631
57.7996
57.8691
57.9662
58.1224
57.7942
57.6278
57.5193
57.4449
57.406
57.406
57.4449
57.5193
57.6278
57.7942
57.4713
57.3024
57.1866
57.1099
57.0698
57.0698
57.1099
57.1866
57.3024
57.4713
57.2283
56.9958
56.8697
56.7893
56.7475
56.7475
56.7893
56.8697
56.9958
57.2283
53.3111
53.3308
53.3557
53.3716
53.38
53.38
53.3716
53.3557
53.3308
53.3111
53.5202
53.5436
53.5725
53.5908
53.6004
53.6004
53.5908
53.5725
53.5436
53.5202
53.6975
53.7187
53.7472
53.7646
53.7738
53.7738
53.7646
53.7472
53.7187
53.6975
53.7827
53.7935
53.8152
53.8272
53.8335
53.8335
53.8272
53.8152
53.7935
53.7827
53.7965
53.793
53.8044
53.8089
53.8112
53.8112
53.8089
53.8044
53.793
53.7965
53.7624
53.744
53.744
53.7408
53.739
53.739
53.7409
53.744
53.744
53.7624
53.6938
53.6627
53.652
53.6422
53.6368
53.6368
53.6422
53.652
53.6628
53.6938
53.6006
53.5615
53.5425
53.5276
53.5195
53.5195
53.5276
53.5425
53.5615
53.6006
53.5007
53.4558
53.4286
53.4092
53.3986
53.3986
53.4092
53.4286
53.4558
53.5007
53.4387
53.3504
53.3095
53.2828
53.2686
53.2686
53.2828
53.3095
53.3504
53.4387
50.0995
50.0996
50.1016
50.1016
50.1017
50.1017
50.1016
50.1016
50.0996
50.0995
50.1971
50.2008
50.2059
50.2081
50.2092
50.2092
50.2081
50.2059
50.2008
50.1971
50.2967
50.3018
50.3085
50.3115
50.3131
50.3131
50.3115
50.3085
50.3018
50.2967
50.3643
50.3673
50.373
50.3749
50.3757
50.3757
50.3749
50.373
50.3673
50.3643
50.4019
50.4006
50.4035
50.403
50.4027
50.4027
50.403
50.4035
50.4006
50.4019
50.4165
50.4098
50.4088
50.4057
50.4039
50.4039
50.4057
50.4088
50.4098
50.4165
50.4127
50.4008
50.3959
50.3902
50.387
50.387
50.3902
50.3959
50.4009
50.4127
50.3949
50.3794
50.371
50.3632
50.3589
50.3589
50.3632
50.371
50.3794
50.3949
50.3723
50.3534
50.3408
50.3306
50.325
50.325
50.3306
50.3408
50.3534
50.3723
50.3662
50.3246
50.304
50.2897
50.2822
50.2822
50.2897
50.304
50.3246
50.3662
46.7887
46.7917
46.7954
46.7975
46.7987
46.7987
46.7975
46.7954
46.7917
46.7887
46.8291
46.8338
46.8391
46.8423
46.844
46.844
46.8423
46.8391
46.8338
46.8291
46.8702
46.8761
46.8825
46.8865
46.8886
46.8886
46.8865
46.8825
46.8761
46.8702
46.9011
46.9068
46.9134
46.9174
46.9194
46.9194
46.9174
46.9134
46.9068
46.9011
46.922
46.9265
46.9324
46.9356
46.9373
46.9373
46.9356
46.9324
46.9265
46.922
46.9342
46.9368
46.9414
46.9436
46.9447
46.9447
46.9436
46.9414
46.9368
46.9342
46.9387
46.9393
46.9422
46.9433
46.9438
46.9438
46.9433
46.9422
46.9393
46.9387
46.9367
46.9356
46.937
46.937
46.9369
46.9369
46.937
46.937
46.9357
46.9367
46.9322
46.9294
46.9284
46.9269
46.926
46.926
46.9269
46.9284
46.9294
46.9322
46.9357
46.9214
46.9156
46.9113
46.9091
46.9091
46.9113
46.9156
46.9214
46.9357
43.6018
43.6022
43.6028
43.6029
43.603
43.603
43.6029
43.6028
43.6022
43.6018
43.6186
43.6199
43.6212
43.6218
43.6222
43.6222
43.6218
43.6212
43.6199
43.6186
43.6378
43.6398
43.6418
43.6429
43.6435
43.6435
43.6429
43.6418
43.6398
43.6378
43.6544
43.6567
43.659
43.6603
43.6609
43.6609
43.6603
43.659
43.6567
43.6544
43.6677
43.67
43.6723
43.6735
43.6741
43.6741
43.6735
43.6723
43.67
43.6677
43.6781
43.68
43.6821
43.683
43.6835
43.6835
43.683
43.6821
43.68
43.6781
43.6857
43.687
43.6887
43.6893
43.6896
43.6896
43.6893
43.6887
43.687
43.6857
43.6907
43.6916
43.6928
43.6931
43.6931
43.6931
43.6931
43.6928
43.6916
43.6907
43.6949
43.6951
43.6954
43.695
43.6947
43.6947
43.695
43.6954
43.6951
43.695
43.7025
43.6976
43.6957
43.6941
43.6932
43.6932
43.6941
43.6957
43.6976
43.7025
40.3783
40.3789
40.3795
40.3799
40.3801
40.3801
40.3799
40.3795
40.3789
40.3783
40.3847
40.3856
40.3865
40.3871
40.3874
40.3874
40.3871
40.3865
40.3856
40.3847
40.3919
40.3932
40.3945
40.3953
40.3957
40.3957
40.3953
40.3945
40.3932
40.3919
40.3986
40.4001
40.4016
40.4025
40.403
40.403
40.4025
40.4016
40.4001
40.3986
40.4044
40.406
40.4076
40.4085
40.409
40.409
40.4085
40.4076
40.406
40.4044
40.4092
40.4108
40.4124
40.4133
40.4137
40.4137
40.4133
40.4124
40.4108
40.4092
40.4131
40.4145
40.4159
40.4167
40.4171
40.4171
40.4168
40.4159
40.4145
40.4131
40.4159
40.4171
40.4184
40.4191
40.4194
40.4194
40.4191
40.4184
40.4171
40.4159
40.4183
40.4193
40.4202
40.4205
40.4207
40.4207
40.4205
40.4202
40.4193
40.4183
40.4222
40.421
40.4208
40.4205
40.4204
40.4204
40.4205
40.4208
40.421
40.4222
37.1616
37.1617
37.1618
37.1618
37.1619
37.1619
37.1618
37.1618
37.1617
37.1616
37.1639
37.1642
37.1644
37.1646
37.1646
37.1646
37.1646
37.1644
37.1642
37.1639
37.1669
37.1674
37.1678
37.168
37.1682
37.1682
37.168
37.1678
37.1674
37.1669
37.17
37.1706
37.1712
37.1715
37.1717
37.1717
37.1715
37.1712
37.1706
37.17
37.173
37.1738
37.1744
37.1748
37.175
37.175
37.1748
37.1744
37.1738
37.173
37.1759
37.1767
37.1774
37.1777
37.1779
37.1779
37.1777
37.1774
37.1767
37.1759
37.1784
37.1793
37.18
37.1804
37.1806
37.1806
37.1804
37.18
37.1793
37.1784
37.1807
37.1816
37.1823
37.1826
37.1828
37.1828
37.1826
37.1823
37.1816
37.1807
37.183
37.1837
37.1843
37.1846
37.1847
37.1847
37.1846
37.1843
37.1837
37.183
37.1858
37.1857
37.1859
37.1859
37.1859
37.1859
37.1859
37.1859
37.1857
37.1858
33.9342
33.9343
33.9344
33.9344
33.9345
33.9345
33.9344
33.9344
33.9343
33.9342
33.9349
33.9351
33.9352
33.9353
33.9354
33.9354
33.9353
33.9352
33.9351
33.9349
33.9359
33.9361
33.9363
33.9365
33.9366
33.9366
33.9365
33.9363
33.9361
33.9359
33.937
33.9373
33.9376
33.9378
33.9379
33.9379
33.9378
33.9376
33.9373
33.937
33.9382
33.9386
33.9389
33.9391
33.9392
33.9392
33.9391
33.9389
33.9386
33.9382
33.9393
33.9398
33.9401
33.9404
33.9405
33.9405
33.9404
33.9401
33.9398
33.9393
33.9404
33.9409
33.9413
33.9416
33.9417
33.9417
33.9416
33.9413
33.9409
33.9405
33.9415
33.942
33.9424
33.9426
33.9427
33.9427
33.9426
33.9424
33.942
33.9415
33.9425
33.9429
33.9433
33.9435
33.9436
33.9436
33.9435
33.9433
33.9429
33.9425
33.9437
33.9438
33.944
33.9441
33.9442
33.9442
33.9441
33.944
33.9438
33.9437
30.7057
30.7057
30.7057
30.7057
30.7057
30.7057
30.7057
30.7057
30.7057
30.7057
30.7059
30.7059
30.7059
30.706
30.706
30.706
30.706
30.7059
30.7059
30.7059
30.7062
30.7063
30.7063
30.7064
30.7064
30.7064
30.7064
30.7063
30.7063
30.7062
30.7067
30.7068
30.7069
30.7069
30.707
30.707
30.7069
30.7069
30.7068
30.7067
30.7072
30.7074
30.7075
30.7076
30.7076
30.7076
30.7076
30.7075
30.7074
30.7072
30.7078
30.708
30.7081
30.7082
30.7083
30.7083
30.7082
30.7081
30.708
30.7078
30.7084
30.7086
30.7088
30.7089
30.709
30.709
30.7089
30.7088
30.7086
30.7084
30.709
30.7093
30.7094
30.7096
30.7096
30.7096
30.7096
30.7094
30.7093
30.709
30.7096
30.7099
30.7101
30.7102
30.7102
30.7102
30.7102
30.7101
30.7099
30.7096
30.7103
30.7105
30.7106
30.7107
30.7107
30.7107
30.7107
30.7106
30.7105
30.7103
27.4745
27.4745
27.4746
27.4746
27.4746
27.4746
27.4746
27.4746
27.4745
27.4745
27.4745
27.4746
27.4746
27.4746
27.4746
27.4746
27.4746
27.4746
27.4746
27.4745
27.4746
27.4747
27.4747
27.4747
27.4747
27.4747
27.4747
27.4747
27.4747
27.4746
27.4748
27.4748
27.4749
27.4749
27.4749
27.4749
27.4749
27.4749
27.4748
27.4748
27.4749
27.475
27.4751
27.4751
27.4751
27.4751
27.4751
27.4751
27.475
27.4749
27.4752
27.4753
27.4753
27.4754
27.4754
27.4754
27.4754
27.4753
27.4753
27.4752
27.4754
27.4755
27.4756
27.4757
27.4757
27.4757
27.4757
27.4756
27.4755
27.4754
27.4756
27.4758
27.4759
27.4759
27.476
27.476
27.4759
27.4759
27.4758
27.4756
27.4759
27.476
27.4761
27.4762
27.4762
27.4762
27.4762
27.4761
27.476
27.4759
27.4762
27.4763
27.4764
27.4764
27.4764
27.4764
27.4764
27.4764
27.4763
27.4762
24.2429
24.2429
24.2429
24.2429
24.2429
24.2429
24.2429
24.2429
24.2429
24.2429
24.2429
24.2429
24.2429
24.2429
24.2429
24.2429
24.2429
24.2429
24.2429
24.2429
24.2429
24.2429
24.2429
24.2429
24.2429
24.2429
24.2429
24.2429
24.2429
24.2429
24.2429
24.2429
24.243
24.243
24.243
24.243
24.243
24.243
24.2429
24.2429
24.243
24.243
24.2431
24.2431
24.2431
24.2431
24.2431
24.2431
24.243
24.243
24.2431
24.2431
24.2432
24.2432
24.2432
24.2432
24.2432
24.2432
24.2431
24.2431
24.2432
24.2433
24.2433
24.2433
24.2433
24.2433
24.2433
24.2433
24.2433
24.2432
24.2433
24.2434
24.2434
24.2435
24.2435
24.2435
24.2435
24.2434
24.2434
24.2433
24.2435
24.2435
24.2436
24.2436
24.2436
24.2436
24.2436
24.2436
24.2435
24.2435
24.2436
24.2437
24.2437
24.2437
24.2438
24.2438
24.2437
24.2437
24.2437
24.2436
21.0107
21.0107
21.0107
21.0107
21.0107
21.0107
21.0107
21.0107
21.0107
21.0107
21.0107
21.0107
21.0107
21.0107
21.0107
21.0107
21.0107
21.0107
21.0107
21.0107
21.0107
21.0107
21.0107
21.0107
21.0107
21.0107
21.0107
21.0107
21.0107
21.0107
21.0107
21.0107
21.0107
21.0107
21.0107
21.0107
21.0107
21.0107
21.0107
21.0107
21.0107
21.0107
21.0107
21.0107
21.0107
21.0107
21.0107
21.0107
21.0107
21.0107
21.0107
21.0107
21.0108
21.0108
21.0108
21.0108
21.0108
21.0108
21.0107
21.0107
21.0108
21.0108
21.0108
21.0108
21.0108
21.0108
21.0108
21.0108
21.0108
21.0108
21.0108
21.0108
21.0109
21.0109
21.0109
21.0109
21.0109
21.0109
21.0108
21.0108
21.0109
21.0109
21.0109
21.0109
21.0109
21.0109
21.0109
21.0109
21.0109
21.0109
21.0109
21.0109
21.011
21.011
21.011
21.011
21.011
21.011
21.0109
21.0109
17.7784
17.7784
17.7784
17.7784
17.7784
17.7784
17.7784
17.7784
17.7784
17.7784
17.7784
17.7784
17.7784
17.7784
17.7784
17.7784
17.7784
17.7784
17.7784
17.7784
17.7784
17.7784
17.7784
17.7784
17.7784
17.7784
17.7784
17.7784
17.7784
17.7784
17.7784
17.7784
17.7784
17.7784
17.7784
17.7784
17.7784
17.7784
17.7784
17.7784
17.7784
17.7784
17.7784
17.7784
17.7784
17.7784
17.7784
17.7784
17.7784
17.7784
17.7784
17.7784
17.7784
17.7784
17.7784
17.7784
17.7784
17.7784
17.7784
17.7784
17.7784
17.7784
17.7784
17.7784
17.7784
17.7784
17.7784
17.7784
17.7784
17.7784
17.7784
17.7784
17.7784
17.7784
17.7785
17.7785
17.7784
17.7784
17.7784
17.7784
17.7785
17.7785
17.7785
17.7785
17.7785
17.7785
17.7785
17.7785
17.7785
17.7785
17.7785
17.7785
17.7785
17.7785
17.7785
17.7785
17.7785
17.7785
17.7785
17.7785
14.546
14.546
14.546
14.546
14.546
14.546
14.546
14.546
14.546
14.546
14.546
14.546
14.546
14.546
14.546
14.546
14.546
14.546
14.546
14.546
14.546
14.546
14.546
14.546
14.546
14.546
14.546
14.546
14.546
14.546
14.546
14.546
14.546
14.546
14.546
14.546
14.546
14.546
14.546
14.546
14.546
14.546
14.546
14.546
14.546
14.546
14.546
14.546
14.546
14.546
14.546
14.546
14.546
14.546
14.546
14.546
14.546
14.546
14.546
14.546
14.546
14.546
14.546
14.546
14.546
14.546
14.546
14.546
14.546
14.546
14.546
14.546
14.546
14.546
14.546
14.546
14.546
14.546
14.546
14.546
14.546
14.546
14.546
14.546
14.546
14.546
14.546
14.546
14.546
14.546
14.546
14.546
14.546
14.546
14.546
14.546
14.546
14.546
14.546
14.546
11.3136
11.3136
11.3136
11.3136
11.3136
11.3136
11.3136
11.3136
11.3136
11.3136
11.3135
11.3135
11.3135
11.3135
11.3135
11.3135
11.3135
11.3135
11.3135
11.3135
11.3135
11.3135
11.3135
11.3135
11.3135
11.3135
11.3135
11.3135
11.3135
11.3135
11.3135
11.3135
11.3135
11.3135
11.3135
11.3135
11.3135
11.3135
11.3135
11.3135
11.3135
11.3135
11.3135
11.3135
11.3135
11.3135
11.3135
11.3135
11.3135
11.3135
11.3135
11.3135
11.3135
11.3135
11.3135
11.3135
11.3135
11.3135
11.3135
11.3135
11.3135
11.3135
11.3135
11.3135
11.3135
11.3135
11.3135
11.3135
11.3135
11.3135
11.3135
11.3136
11.3136
11.3136
11.3136
11.3136
11.3136
11.3136
11.3136
11.3135
11.3136
11.3136
11.3136
11.3136
11.3136
11.3136
11.3136
11.3136
11.3136
11.3136
11.3136
11.3136
11.3136
11.3136
11.3136
11.3136
11.3136
11.3136
11.3136
11.3136
8.08111
8.08111
8.08111
8.08111
8.08111
8.08111
8.08111
8.08111
8.08111
8.08111
8.08111
8.08111
8.08111
8.08111
8.08111
8.08111
8.08111
8.08111
8.08111
8.08111
8.08111
8.08111
8.08111
8.08111
8.08111
8.08111
8.08111
8.08111
8.08111
8.08111
8.08111
8.08111
8.08111
8.08111
8.08111
8.08111
8.08111
8.08111
8.08111
8.08111
8.08111
8.08111
8.08111
8.08111
8.08111
8.08111
8.08111
8.08111
8.08111
8.08111
8.08111
8.08111
8.08111
8.08111
8.08111
8.08111
8.08111
8.08111
8.08111
8.08111
8.08111
8.08111
8.08111
8.08111
8.08111
8.08111
8.08111
8.08111
8.08111
8.08111
8.08111
8.08111
8.08111
8.08111
8.08111
8.08111
8.08111
8.08111
8.08111
8.08111
8.08111
8.08111
8.08111
8.08111
8.08111
8.08111
8.08111
8.08111
8.08111
8.08111
8.08111
8.08111
8.08111
8.08111
8.08111
8.08111
8.08111
8.08111
8.08111
8.08111
4.84867
4.84867
4.84867
4.84867
4.84867
4.84867
4.84867
4.84867
4.84867
4.84867
4.84867
4.84867
4.84867
4.84867
4.84867
4.84867
4.84867
4.84867
4.84867
4.84867
4.84867
4.84867
4.84867
4.84867
4.84867
4.84867
4.84867
4.84867
4.84867
4.84867
4.84867
4.84867
4.84867
4.84867
4.84867
4.84867
4.84867
4.84867
4.84867
4.84867
4.84867
4.84867
4.84867
4.84866
4.84866
4.84866
4.84866
4.84866
4.84867
4.84867
4.84866
4.84866
4.84866
4.84866
4.84866
4.84866
4.84866
4.84866
4.84866
4.84866
4.84866
4.84866
4.84866
4.84866
4.84866
4.84866
4.84866
4.84866
4.84866
4.84866
4.84866
4.84866
4.84866
4.84866
4.84866
4.84866
4.84866
4.84866
4.84866
4.84866
4.84866
4.84866
4.84866
4.84866
4.84866
4.84866
4.84866
4.84866
4.84866
4.84866
4.84866
4.84866
4.84866
4.84866
4.84866
4.84866
4.84866
4.84866
4.84866
4.84866
1.61622
1.61622
1.61622
1.61622
1.61622
1.61622
1.61622
1.61622
1.61622
1.61622
1.61622
1.61622
1.61622
1.61622
1.61622
1.61622
1.61622
1.61622
1.61622
1.61622
1.61622
1.61622
1.61622
1.61622
1.61622
1.61622
1.61622
1.61622
1.61622
1.61622
1.61622
1.61622
1.61622
1.61622
1.61622
1.61622
1.61622
1.61622
1.61622
1.61622
1.61622
1.61622
1.61622
1.61622
1.61622
1.61622
1.61622
1.61622
1.61622
1.61622
1.61622
1.61622
1.61622
1.61622
1.61622
1.61622
1.61622
1.61622
1.61622
1.61622
1.61622
1.61622
1.61622
1.61622
1.61622
1.61622
1.61622
1.61622
1.61622
1.61622
1.61622
1.61622
1.61622
1.61622
1.61622
1.61622
1.61622
1.61622
1.61622
1.61622
1.61622
1.61622
1.61622
1.61622
1.61622
1.61622
1.61622
1.61622
1.61622
1.61622
1.61622
1.61622
1.61622
1.61622
1.61622
1.61622
1.61622
1.61622
1.61622
1.61622
98.5088
97.9282
97.5636
97.297
97.1589
97.1589
97.297
97.5636
97.9282
98.5088
89.3935
88.5457
87.9874
87.5927
87.3893
87.3893
87.5927
87.9874
88.5457
89.3935
81.8256
80.8501
80.2134
79.7698
79.5422
79.5422
79.7698
80.2134
80.8501
81.8256
76.6003
75.5981
74.9524
74.5092
74.2821
74.2821
74.5092
74.9524
75.5981
76.6003
72.6794
71.6845
71.0467
70.6176
70.3978
70.3978
70.6176
71.0467
71.6845
72.6794
69.5039
68.536
67.9141
67.5059
67.2972
67.2972
67.5059
67.9141
68.536
69.5039
66.8849
65.9649
65.3685
64.9874
64.7934
64.7934
64.9874
65.3685
65.9649
66.8849
64.7162
63.8675
63.3088
62.9605
62.7838
62.7838
62.9605
63.3088
63.8675
64.7162
62.9178
62.1566
61.6484
61.3374
61.1799
61.1799
61.3374
61.6484
62.1566
62.9178
61.5098
60.749
60.2997
60.0264
59.8879
59.8879
60.0264
60.2997
60.749
61.5098
62.6114
62.7838
62.9715
63.098
63.1634
63.1634
63.098
62.9715
62.7838
62.6114
63.0331
63.1275
63.254
63.3351
63.3766
63.3766
63.3351
63.254
63.1275
63.0331
63.0095
63.0066
63.0591
63.0873
63.1013
63.1013
63.0873
63.0591
63.0066
63.0095
62.5993
62.5064
62.4909
62.4725
62.4624
62.4624
62.4725
62.4909
62.5063
62.5993
62.0049
61.8381
61.7648
61.7089
61.6795
61.6795
61.7089
61.7648
61.8381
62.0049
61.3352
61.1127
60.9927
60.9088
60.8651
60.8651
60.9088
60.9927
61.1127
61.3352
60.6451
60.3871
60.2333
60.1312
60.0783
60.0783
60.1312
60.2333
60.3871
60.6451
59.9659
59.6962
59.5241
59.4135
59.3563
59.3563
59.4135
59.5241
59.6962
59.9659
59.3334
59.0679
58.8894
58.7774
58.7192
58.7192
58.7774
58.8894
59.0679
59.3334
58.8502
58.5033
58.32
58.2074
58.1487
58.1487
58.2074
58.32
58.5033
58.8502
58.013
57.9986
58.0003
57.9968
57.9953
57.9953
57.9968
58.0003
57.9986
58.013
58.4226
58.406
58.407
58.4019
58.3992
58.3992
58.4019
58.407
58.406
58.4226
58.7616
58.7265
58.7161
58.7012
58.6933
58.6933
58.7012
58.7161
58.7265
58.7616
58.814
58.7457
58.7132
58.6824
58.666
58.666
58.6824
58.7132
58.7457
58.814
58.6698
58.5663
58.5096
58.4628
58.438
58.438
58.4628
58.5096
58.5663
58.6698
58.4232
58.2893
58.2102
58.1501
58.1184
58.1184
58.1501
58.2102
58.2893
58.4232
58.1224
57.9662
57.8691
57.7996
57.7631
57.7631
57.7996
57.8691
57.9662
58.1224
57.7942
57.6278
57.5193
57.4449
57.406
57.406
57.4449
57.5193
57.6278
57.7942
57.4713
57.3024
57.1866
57.1099
57.0698
57.0698
57.1099
57.1866
57.3024
57.4713
57.2283
56.9958
56.8697
56.7893
56.7475
56.7475
56.7893
56.8697
56.9958
57.2283
53.3111
53.3308
53.3557
53.3716
53.38
53.38
53.3716
53.3557
53.3308
53.3111
53.5202
53.5436
53.5725
53.5908
53.6004
53.6004
53.5908
53.5725
53.5436
53.5202
53.6975
53.7187
53.7472
53.7646
53.7738
53.7738
53.7646
53.7472
53.7187
53.6975
53.7827
53.7935
53.8152
53.8272
53.8335
53.8335
53.8272
53.8152
53.7935
53.7827
53.7965
53.793
53.8044
53.8089
53.8112
53.8112
53.8089
53.8044
53.793
53.7965
53.7624
53.744
53.744
53.7409
53.739
53.739
53.7408
53.744
53.744
53.7624
53.6938
53.6628
53.652
53.6422
53.6368
53.6368
53.6422
53.652
53.6627
53.6938
53.6006
53.5615
53.5425
53.5276
53.5195
53.5195
53.5276
53.5425
53.5615
53.6006
53.5007
53.4558
53.4286
53.4092
53.3986
53.3986
53.4092
53.4286
53.4558
53.5007
53.4387
53.3504
53.3095
53.2828
53.2686
53.2686
53.2828
53.3095
53.3504
53.4387
50.0995
50.0996
50.1016
50.1016
50.1017
50.1017
50.1016
50.1016
50.0996
50.0995
50.1971
50.2008
50.2059
50.2081
50.2092
50.2092
50.2081
50.2059
50.2008
50.1971
50.2967
50.3018
50.3085
50.3115
50.3131
50.3131
50.3115
50.3085
50.3018
50.2967
50.3643
50.3673
50.373
50.3749
50.3757
50.3757
50.3749
50.373
50.3673
50.3643
50.4019
50.4006
50.4035
50.403
50.4027
50.4027
50.403
50.4035
50.4006
50.4019
50.4165
50.4098
50.4088
50.4057
50.4039
50.4039
50.4057
50.4088
50.4098
50.4165
50.4127
50.4009
50.3959
50.3902
50.387
50.387
50.3902
50.3959
50.4008
50.4127
50.3949
50.3794
50.371
50.3632
50.3589
50.3589
50.3632
50.371
50.3794
50.3949
50.3723
50.3534
50.3408
50.3306
50.325
50.325
50.3306
50.3408
50.3534
50.3723
50.3662
50.3246
50.304
50.2897
50.2822
50.2822
50.2897
50.304
50.3246
50.3662
46.7887
46.7917
46.7954
46.7975
46.7987
46.7987
46.7975
46.7954
46.7917
46.7887
46.8291
46.8338
46.8391
46.8423
46.844
46.844
46.8423
46.8391
46.8338
46.8291
46.8702
46.8761
46.8825
46.8865
46.8886
46.8886
46.8865
46.8825
46.8761
46.8702
46.9011
46.9068
46.9134
46.9174
46.9194
46.9194
46.9174
46.9134
46.9068
46.9011
46.922
46.9265
46.9324
46.9356
46.9373
46.9373
46.9356
46.9324
46.9265
46.922
46.9342
46.9368
46.9414
46.9436
46.9447
46.9447
46.9436
46.9414
46.9368
46.9342
46.9387
46.9393
46.9422
46.9433
46.9438
46.9438
46.9433
46.9422
46.9393
46.9387
46.9367
46.9357
46.937
46.937
46.9369
46.9369
46.937
46.937
46.9356
46.9367
46.9322
46.9294
46.9284
46.9269
46.926
46.926
46.9269
46.9284
46.9294
46.9322
46.9357
46.9214
46.9156
46.9113
46.9091
46.9091
46.9113
46.9156
46.9214
46.9357
43.6018
43.6022
43.6028
43.6029
43.603
43.603
43.6029
43.6028
43.6022
43.6018
43.6186
43.6199
43.6212
43.6218
43.6222
43.6222
43.6218
43.6212
43.6199
43.6186
43.6378
43.6398
43.6418
43.6429
43.6435
43.6435
43.6429
43.6418
43.6398
43.6378
43.6544
43.6567
43.659
43.6603
43.6609
43.6609
43.6603
43.659
43.6567
43.6544
43.6677
43.67
43.6723
43.6735
43.6741
43.6741
43.6735
43.6723
43.67
43.6677
43.6781
43.68
43.6821
43.683
43.6835
43.6835
43.683
43.6821
43.68
43.6781
43.6857
43.687
43.6887
43.6893
43.6896
43.6896
43.6893
43.6887
43.687
43.6857
43.6907
43.6916
43.6928
43.6931
43.6931
43.6931
43.6931
43.6928
43.6916
43.6907
43.695
43.6951
43.6954
43.695
43.6947
43.6947
43.695
43.6954
43.6951
43.6949
43.7025
43.6976
43.6957
43.6941
43.6932
43.6932
43.6941
43.6957
43.6976
43.7025
40.3783
40.3789
40.3795
40.3799
40.3801
40.3801
40.3799
40.3795
40.3789
40.3783
40.3847
40.3856
40.3866
40.3871
40.3874
40.3874
40.3871
40.3865
40.3856
40.3847
40.3919
40.3932
40.3945
40.3953
40.3957
40.3957
40.3953
40.3945
40.3932
40.3919
40.3986
40.4001
40.4016
40.4025
40.403
40.403
40.4025
40.4016
40.4001
40.3986
40.4044
40.406
40.4076
40.4085
40.409
40.409
40.4085
40.4076
40.406
40.4044
40.4092
40.4108
40.4124
40.4133
40.4137
40.4137
40.4133
40.4124
40.4108
40.4092
40.4131
40.4145
40.4159
40.4168
40.4172
40.4171
40.4167
40.4159
40.4145
40.4131
40.4159
40.4171
40.4184
40.4191
40.4194
40.4194
40.4191
40.4184
40.4171
40.4159
40.4183
40.4193
40.4202
40.4205
40.4207
40.4207
40.4205
40.4202
40.4193
40.4183
40.4222
40.421
40.4208
40.4205
40.4204
40.4204
40.4205
40.4208
40.421
40.4222
37.1616
37.1617
37.1618
37.1618
37.1619
37.1619
37.1618
37.1618
37.1617
37.1616
37.1639
37.1642
37.1644
37.1646
37.1646
37.1646
37.1646
37.1644
37.1642
37.1639
37.1669
37.1674
37.1678
37.168
37.1682
37.1682
37.168
37.1678
37.1674
37.1669
37.17
37.1706
37.1712
37.1715
37.1717
37.1717
37.1715
37.1712
37.1706
37.17
37.173
37.1738
37.1744
37.1748
37.175
37.175
37.1748
37.1744
37.1738
37.173
37.1759
37.1767
37.1774
37.1777
37.1779
37.1779
37.1777
37.1774
37.1767
37.1759
37.1784
37.1793
37.18
37.1804
37.1806
37.1806
37.1804
37.18
37.1793
37.1784
37.1807
37.1816
37.1823
37.1826
37.1828
37.1828
37.1826
37.1823
37.1816
37.1807
37.183
37.1837
37.1843
37.1846
37.1847
37.1847
37.1846
37.1843
37.1837
37.183
37.1858
37.1857
37.1859
37.1859
37.1859
37.1859
37.1859
37.1859
37.1857
37.1858
33.9342
33.9343
33.9344
33.9344
33.9345
33.9345
33.9344
33.9344
33.9343
33.9342
33.9349
33.9351
33.9352
33.9353
33.9354
33.9354
33.9353
33.9352
33.9351
33.9349
33.9359
33.9361
33.9363
33.9365
33.9366
33.9366
33.9365
33.9363
33.9361
33.9359
33.937
33.9373
33.9376
33.9378
33.9379
33.9379
33.9378
33.9376
33.9373
33.937
33.9382
33.9386
33.9389
33.9391
33.9392
33.9392
33.9391
33.9389
33.9386
33.9382
33.9393
33.9398
33.9402
33.9404
33.9405
33.9405
33.9404
33.9401
33.9398
33.9393
33.9405
33.9409
33.9413
33.9416
33.9417
33.9417
33.9416
33.9413
33.9409
33.9404
33.9415
33.942
33.9424
33.9426
33.9427
33.9427
33.9426
33.9424
33.942
33.9415
33.9425
33.9429
33.9433
33.9435
33.9436
33.9436
33.9435
33.9433
33.9429
33.9425
33.9437
33.9438
33.944
33.9441
33.9442
33.9442
33.9441
33.944
33.9438
33.9437
30.7057
30.7057
30.7057
30.7057
30.7057
30.7057
30.7057
30.7057
30.7057
30.7057
30.7059
30.7059
30.7059
30.706
30.706
30.706
30.706
30.7059
30.7059
30.7059
30.7062
30.7063
30.7063
30.7064
30.7064
30.7064
30.7064
30.7063
30.7063
30.7062
30.7067
30.7068
30.7069
30.7069
30.707
30.707
30.7069
30.7069
30.7068
30.7067
30.7072
30.7074
30.7075
30.7076
30.7076
30.7076
30.7076
30.7075
30.7074
30.7072
30.7078
30.708
30.7081
30.7082
30.7083
30.7083
30.7082
30.7081
30.708
30.7078
30.7084
30.7086
30.7088
30.7089
30.709
30.709
30.7089
30.7088
30.7086
30.7084
30.709
30.7093
30.7094
30.7096
30.7096
30.7096
30.7096
30.7094
30.7093
30.709
30.7096
30.7099
30.7101
30.7102
30.7102
30.7102
30.7102
30.7101
30.7099
30.7096
30.7103
30.7105
30.7106
30.7107
30.7107
30.7107
30.7107
30.7106
30.7105
30.7103
27.4745
27.4745
27.4746
27.4746
27.4746
27.4746
27.4746
27.4746
27.4745
27.4745
27.4745
27.4746
27.4746
27.4746
27.4746
27.4746
27.4746
27.4746
27.4746
27.4745
27.4746
27.4747
27.4747
27.4747
27.4747
27.4747
27.4747
27.4747
27.4747
27.4746
27.4748
27.4748
27.4749
27.4749
27.4749
27.4749
27.4749
27.4749
27.4748
27.4748
27.4749
27.475
27.4751
27.4751
27.4751
27.4751
27.4751
27.4751
27.475
27.4749
27.4752
27.4753
27.4753
27.4754
27.4754
27.4754
27.4754
27.4753
27.4753
27.4752
27.4754
27.4755
27.4756
27.4757
27.4757
27.4757
27.4757
27.4756
27.4755
27.4754
27.4756
27.4758
27.4759
27.4759
27.476
27.476
27.4759
27.4759
27.4758
27.4756
27.4759
27.476
27.4761
27.4762
27.4762
27.4762
27.4762
27.4761
27.476
27.4759
27.4762
27.4763
27.4764
27.4764
27.4764
27.4764
27.4764
27.4764
27.4763
27.4762
24.2429
24.2429
24.2429
24.2429
24.2429
24.2429
24.2429
24.2429
24.2429
24.2429
24.2429
24.2429
24.2429
24.2429
24.2429
24.2429
24.2429
24.2429
24.2429
24.2429
24.2429
24.2429
24.2429
24.2429
24.2429
24.2429
24.2429
24.2429
24.2429
24.2429
24.2429
24.2429
24.243
24.243
24.243
24.243
24.243
24.243
24.2429
24.2429
24.243
24.243
24.2431
24.2431
24.2431
24.2431
24.2431
24.2431
24.243
24.243
24.2431
24.2431
24.2432
24.2432
24.2432
24.2432
24.2432
24.2432
24.2431
24.2431
24.2432
24.2433
24.2433
24.2433
24.2433
24.2433
24.2433
24.2433
24.2433
24.2432
24.2433
24.2434
24.2434
24.2435
24.2435
24.2435
24.2435
24.2434
24.2434
24.2433
24.2435
24.2435
24.2436
24.2436
24.2436
24.2436
24.2436
24.2436
24.2435
24.2435
24.2436
24.2437
24.2437
24.2437
24.2438
24.2438
24.2437
24.2437
24.2437
24.2436
21.0107
21.0107
21.0107
21.0107
21.0107
21.0107
21.0107
21.0107
21.0107
21.0107
21.0107
21.0107
21.0107
21.0107
21.0107
21.0107
21.0107
21.0107
21.0107
21.0107
21.0107
21.0107
21.0107
21.0107
21.0107
21.0107
21.0107
21.0107
21.0107
21.0107
21.0107
21.0107
21.0107
21.0107
21.0107
21.0107
21.0107
21.0107
21.0107
21.0107
21.0107
21.0107
21.0107
21.0107
21.0107
21.0107
21.0107
21.0107
21.0107
21.0107
21.0107
21.0107
21.0108
21.0108
21.0108
21.0108
21.0108
21.0108
21.0107
21.0107
21.0108
21.0108
21.0108
21.0108
21.0108
21.0108
21.0108
21.0108
21.0108
21.0108
21.0108
21.0108
21.0109
21.0109
21.0109
21.0109
21.0109
21.0109
21.0108
21.0108
21.0109
21.0109
21.0109
21.0109
21.0109
21.0109
21.0109
21.0109
21.0109
21.0109
21.0109
21.0109
21.011
21.011
21.011
21.011
21.011
21.011
21.0109
21.0109
17.7784
17.7784
17.7784
17.7784
17.7784
17.7784
17.7784
17.7784
17.7784
17.7784
17.7784
17.7784
17.7784
17.7784
17.7784
17.7784
17.7784
17.7784
17.7784
17.7784
17.7784
17.7784
17.7784
17.7784
17.7784
17.7784
17.7784
17.7784
17.7784
17.7784
17.7784
17.7784
17.7784
17.7784
17.7784
17.7784
17.7784
17.7784
17.7784
17.7784
17.7784
17.7784
17.7784
17.7784
17.7784
17.7784
17.7784
17.7784
17.7784
17.7784
17.7784
17.7784
17.7784
17.7784
17.7784
17.7784
17.7784
17.7784
17.7784
17.7784
17.7784
17.7784
17.7784
17.7784
17.7784
17.7784
17.7784
17.7784
17.7784
17.7784
17.7784
17.7784
17.7784
17.7784
17.7785
17.7785
17.7784
17.7784
17.7784
17.7784
17.7785
17.7785
17.7785
17.7785
17.7785
17.7785
17.7785
17.7785
17.7785
17.7785
17.7785
17.7785
17.7785
17.7785
17.7785
17.7785
17.7785
17.7785
17.7785
17.7785
14.546
14.546
14.546
14.546
14.546
14.546
14.546
14.546
14.546
14.546
14.546
14.546
14.546
14.546
14.546
14.546
14.546
14.546
14.546
14.546
14.546
14.546
14.546
14.546
14.546
14.546
14.546
14.546
14.546
14.546
14.546
14.546
14.546
14.546
14.546
14.546
14.546
14.546
14.546
14.546
14.546
14.546
14.546
14.546
14.546
14.546
14.546
14.546
14.546
14.546
14.546
14.546
14.546
14.546
14.546
14.546
14.546
14.546
14.546
14.546
14.546
14.546
14.546
14.546
14.546
14.546
14.546
14.546
14.546
14.546
14.546
14.546
14.546
14.546
14.546
14.546
14.546
14.546
14.546
14.546
14.546
14.546
14.546
14.546
14.546
14.546
14.546
14.546
14.546
14.546
14.546
14.546
14.546
14.546
14.546
14.546
14.546
14.546
14.546
14.546
11.3136
11.3136
11.3136
11.3136
11.3136
11.3136
11.3136
11.3136
11.3136
11.3136
11.3135
11.3135
11.3135
11.3135
11.3135
11.3135
11.3135
11.3135
11.3135
11.3135
11.3135
11.3135
11.3135
11.3135
11.3135
11.3135
11.3135
11.3135
11.3135
11.3135
11.3135
11.3135
11.3135
11.3135
11.3135
11.3135
11.3135
11.3135
11.3135
11.3135
11.3135
11.3135
11.3135
11.3135
11.3135
11.3135
11.3135
11.3135
11.3135
11.3135
11.3135
11.3135
11.3135
11.3135
11.3135
11.3135
11.3135
11.3135
11.3135
11.3135
11.3135
11.3135
11.3135
11.3135
11.3135
11.3135
11.3135
11.3135
11.3135
11.3135
11.3135
11.3136
11.3136
11.3136
11.3136
11.3136
11.3136
11.3136
11.3136
11.3135
11.3136
11.3136
11.3136
11.3136
11.3136
11.3136
11.3136
11.3136
11.3136
11.3136
11.3136
11.3136
11.3136
11.3136
11.3136
11.3136
11.3136
11.3136
11.3136
11.3136
8.08111
8.08111
8.08111
8.08111
8.08111
8.08111
8.08111
8.08111
8.08111
8.08111
8.08111
8.08111
8.08111
8.08111
8.08111
8.08111
8.08111
8.08111
8.08111
8.08111
8.08111
8.08111
8.08111
8.08111
8.08111
8.08111
8.08111
8.08111
8.08111
8.08111
8.08111
8.08111
8.08111
8.08111
8.08111
8.08111
8.08111
8.08111
8.08111
8.08111
8.08111
8.08111
8.08111
8.08111
8.08111
8.08111
8.08111
8.08111
8.08111
8.08111
8.08111
8.08111
8.08111
8.08111
8.08111
8.08111
8.08111
8.08111
8.08111
8.08111
8.08111
8.08111
8.08111
8.08111
8.08111
8.08111
8.08111
8.08111
8.08111
8.08111
8.08111
8.08111
8.08111
8.08111
8.08111
8.08111
8.08111
8.08111
8.08111
8.08111
8.08111
8.08111
8.08111
8.08111
8.08111
8.08111
8.08111
8.08111
8.08111
8.08111
8.08111
8.08111
8.08111
8.08111
8.08111
8.08111
8.08111
8.08111
8.08111
8.08111
4.84867
4.84867
4.84867
4.84867
4.84867
4.84867
4.84867
4.84867
4.84867
4.84867
4.84867
4.84867
4.84867
4.84867
4.84867
4.84867
4.84867
4.84867
4.84867
4.84867
4.84867
4.84867
4.84867
4.84867
4.84867
4.84867
4.84867
4.84867
4.84867
4.84867
4.84867
4.84867
4.84867
4.84867
4.84867
4.84867
4.84867
4.84867
4.84867
4.84867
4.84867
4.84867
4.84866
4.84866
4.84866
4.84866
4.84866
4.84867
4.84867
4.84867
4.84866
4.84866
4.84866
4.84866
4.84866
4.84866
4.84866
4.84866
4.84866
4.84866
4.84866
4.84866
4.84866
4.84866
4.84866
4.84866
4.84866
4.84866
4.84866
4.84866
4.84866
4.84866
4.84866
4.84866
4.84866
4.84866
4.84866
4.84866
4.84866
4.84866
4.84866
4.84866
4.84866
4.84866
4.84866
4.84866
4.84866
4.84866
4.84866
4.84866
4.84866
4.84866
4.84866
4.84866
4.84866
4.84866
4.84866
4.84866
4.84866
4.84866
1.61622
1.61622
1.61622
1.61622
1.61622
1.61622
1.61622
1.61622
1.61622
1.61622
1.61622
1.61622
1.61622
1.61622
1.61622
1.61622
1.61622
1.61622
1.61622
1.61622
1.61622
1.61622
1.61622
1.61622
1.61622
1.61622
1.61622
1.61622
1.61622
1.61622
1.61622
1.61622
1.61622
1.61622
1.61622
1.61622
1.61622
1.61622
1.61622
1.61622
1.61622
1.61622
1.61622
1.61622
1.61622
1.61622
1.61622
1.61622
1.61622
1.61622
1.61622
1.61622
1.61622
1.61622
1.61622
1.61622
1.61622
1.61622
1.61622
1.61622
1.61622
1.61622
1.61622
1.61622
1.61622
1.61622
1.61622
1.61622
1.61622
1.61622
1.61622
1.61622
1.61622
1.61622
1.61622
1.61622
1.61622
1.61622
1.61622
1.61622
1.61622
1.61622
1.61622
1.61622
1.61622
1.61622
1.61622
1.61622
1.61622
1.61622
1.61622
1.61622
1.61622
1.61622
1.61622
1.61622
1.61622
1.61622
1.61622
1.61622
98.5088
97.9282
97.5636
97.297
97.1588
97.1588
97.297
97.5636
97.9282
98.5088
89.3935
88.5457
87.9874
87.5927
87.3893
87.3893
87.5927
87.9874
88.5457
89.3935
81.8256
80.8501
80.2134
79.7698
79.5422
79.5422
79.7698
80.2134
80.8501
81.8256
76.6003
75.5981
74.9524
74.5092
74.2821
74.2821
74.5092
74.9524
75.5981
76.6003
72.6794
71.6845
71.0467
70.6176
70.3978
70.3978
70.6176
71.0467
71.6845
72.6794
69.5039
68.536
67.9141
67.5059
67.2972
67.2972
67.5059
67.9141
68.536
69.5039
66.8849
65.9649
65.3685
64.9874
64.7934
64.7934
64.9874
65.3685
65.9649
66.8849
64.7162
63.8675
63.3088
62.9604
62.7838
62.7838
62.9604
63.3088
63.8675
64.7162
62.9178
62.1566
61.6484
61.3374
61.1799
61.1799
61.3374
61.6483
62.1566
62.9178
61.5098
60.749
60.2997
60.0264
59.8879
59.8879
60.0264
60.2997
60.749
61.5098
62.6114
62.7838
62.9715
63.098
63.1634
63.1634
63.098
62.9715
62.7838
62.6114
63.0331
63.1275
63.254
63.3351
63.3766
63.3766
63.3351
63.254
63.1275
63.0331
63.0095
63.0066
63.0591
63.0873
63.1013
63.1013
63.0873
63.0591
63.0066
63.0095
62.5993
62.5063
62.4909
62.4725
62.4624
62.4624
62.4725
62.4909
62.5063
62.5993
62.0049
61.8381
61.7648
61.7089
61.6795
61.6795
61.7089
61.7648
61.8381
62.0049
61.3352
61.1127
60.9927
60.9088
60.8651
60.8651
60.9088
60.9927
61.1127
61.3352
60.6451
60.3871
60.2333
60.1312
60.0783
60.0783
60.1312
60.2333
60.3871
60.6451
59.9659
59.6962
59.5241
59.4135
59.3563
59.3563
59.4135
59.5241
59.6962
59.9659
59.3334
59.0679
58.8894
58.7773
58.7192
58.7192
58.7773
58.8894
59.0679
59.3334
58.8502
58.5033
58.32
58.2073
58.1487
58.1487
58.2073
58.32
58.5033
58.8502
58.013
57.9986
58.0003
57.9968
57.9953
57.9953
57.9968
58.0003
57.9986
58.013
58.4226
58.406
58.407
58.4019
58.3992
58.3992
58.4019
58.407
58.406
58.4226
58.7616
58.7265
58.7161
58.7012
58.6933
58.6933
58.7012
58.7161
58.7265
58.7616
58.814
58.7457
58.7132
58.6824
58.666
58.666
58.6824
58.7132
58.7457
58.814
58.6698
58.5663
58.5096
58.4628
58.438
58.438
58.4628
58.5096
58.5663
58.6698
58.4232
58.2893
58.2102
58.1501
58.1184
58.1184
58.1501
58.2102
58.2893
58.4232
58.1224
57.9662
57.8691
57.7995
57.7631
57.7631
57.7995
57.8691
57.9662
58.1224
57.7942
57.6278
57.5193
57.4449
57.406
57.406
57.4449
57.5193
57.6278
57.7942
57.4713
57.3024
57.1866
57.1099
57.0698
57.0698
57.1099
57.1866
57.3024
57.4713
57.2283
56.9958
56.8697
56.7892
56.7475
56.7475
56.7892
56.8696
56.9957
57.2283
53.3111
53.3308
53.3557
53.3716
53.38
53.38
53.3716
53.3557
53.3308
53.3111
53.5202
53.5436
53.5725
53.5908
53.6004
53.6004
53.5908
53.5725
53.5436
53.5202
53.6975
53.7187
53.7472
53.7646
53.7738
53.7738
53.7646
53.7472
53.7187
53.6975
53.7827
53.7935
53.8152
53.8272
53.8335
53.8335
53.8272
53.8152
53.7935
53.7827
53.7965
53.793
53.8044
53.8089
53.8112
53.8112
53.8089
53.8043
53.793
53.7965
53.7624
53.744
53.744
53.7408
53.739
53.739
53.7408
53.744
53.744
53.7624
53.6938
53.6627
53.652
53.6422
53.6368
53.6368
53.6422
53.652
53.6627
53.6938
53.6006
53.5615
53.5424
53.5276
53.5195
53.5195
53.5276
53.5424
53.5615
53.6006
53.5007
53.4558
53.4286
53.4092
53.3986
53.3986
53.4092
53.4286
53.4558
53.5007
53.4387
53.3504
53.3095
53.2828
53.2686
53.2686
53.2828
53.3095
53.3504
53.4387
50.0995
50.0996
50.1016
50.1016
50.1017
50.1017
50.1016
50.1015
50.0996
50.0995
50.1971
50.2008
50.2059
50.2081
50.2092
50.2092
50.2081
50.2059
50.2008
50.1971
50.2967
50.3018
50.3085
50.3115
50.3131
50.3131
50.3115
50.3085
50.3018
50.2967
50.3643
50.3673
50.373
50.3749
50.3757
50.3757
50.3749
50.373
50.3673
50.3643
50.4019
50.4006
50.4035
50.403
50.4027
50.4027
50.403
50.4035
50.4006
50.4019
50.4165
50.4098
50.4088
50.4057
50.4039
50.4039
50.4057
50.4088
50.4098
50.4165
50.4127
50.4008
50.3959
50.3902
50.387
50.387
50.3902
50.3959
50.4008
50.4127
50.3949
50.3794
50.371
50.3632
50.3589
50.3589
50.3632
50.371
50.3794
50.3949
50.3723
50.3534
50.3408
50.3306
50.325
50.325
50.3306
50.3407
50.3534
50.3723
50.3662
50.3246
50.304
50.2897
50.2822
50.2822
50.2897
50.304
50.3246
50.3662
46.7887
46.7917
46.7954
46.7975
46.7987
46.7987
46.7975
46.7954
46.7917
46.7887
46.8291
46.8338
46.8391
46.8423
46.844
46.844
46.8423
46.8391
46.8338
46.8291
46.8702
46.876
46.8825
46.8865
46.8886
46.8886
46.8865
46.8825
46.876
46.8702
46.9011
46.9068
46.9134
46.9174
46.9194
46.9194
46.9174
46.9134
46.9068
46.9011
46.922
46.9265
46.9324
46.9356
46.9373
46.9373
46.9356
46.9324
46.9265
46.922
46.9342
46.9368
46.9414
46.9436
46.9447
46.9447
46.9436
46.9414
46.9368
46.9342
46.9387
46.9393
46.9422
46.9433
46.9438
46.9438
46.9433
46.9422
46.9393
46.9387
46.9367
46.9356
46.937
46.937
46.9369
46.9369
46.937
46.937
46.9356
46.9367
46.9322
46.9294
46.9284
46.9269
46.926
46.926
46.9269
46.9284
46.9294
46.9322
46.9357
46.9214
46.9155
46.9113
46.9091
46.9091
46.9113
46.9155
46.9214
46.9357
43.6018
43.6022
43.6028
43.6029
43.603
43.603
43.6029
43.6028
43.6022
43.6018
43.6186
43.6199
43.6212
43.6218
43.6222
43.6222
43.6218
43.6212
43.6199
43.6186
43.6378
43.6398
43.6418
43.6429
43.6435
43.6435
43.6429
43.6418
43.6398
43.6378
43.6544
43.6567
43.659
43.6603
43.6609
43.6609
43.6603
43.659
43.6567
43.6544
43.6677
43.67
43.6723
43.6735
43.6741
43.6741
43.6735
43.6723
43.67
43.6677
43.6781
43.68
43.6821
43.683
43.6835
43.6835
43.683
43.6821
43.68
43.6781
43.6857
43.687
43.6887
43.6893
43.6896
43.6896
43.6893
43.6887
43.687
43.6857
43.6907
43.6916
43.6928
43.6931
43.6931
43.6931
43.6931
43.6928
43.6916
43.6907
43.6949
43.6951
43.6954
43.695
43.6947
43.6947
43.695
43.6954
43.6951
43.6949
43.7025
43.6976
43.6957
43.6941
43.6932
43.6932
43.6941
43.6957
43.6976
43.7025
40.3783
40.3789
40.3795
40.3799
40.3801
40.3801
40.3799
40.3795
40.3789
40.3783
40.3847
40.3856
40.3865
40.3871
40.3874
40.3874
40.3871
40.3865
40.3856
40.3847
40.3919
40.3932
40.3945
40.3953
40.3957
40.3957
40.3953
40.3945
40.3932
40.3919
40.3986
40.4001
40.4016
40.4025
40.403
40.403
40.4025
40.4016
40.4001
40.3986
40.4044
40.406
40.4076
40.4085
40.409
40.409
40.4085
40.4076
40.406
40.4044
40.4092
40.4108
40.4124
40.4133
40.4137
40.4137
40.4133
40.4124
40.4108
40.4092
40.4131
40.4145
40.4159
40.4167
40.4171
40.4171
40.4167
40.4159
40.4145
40.4131
40.4159
40.4171
40.4184
40.4191
40.4194
40.4194
40.4191
40.4184
40.4171
40.4159
40.4183
40.4193
40.4202
40.4205
40.4207
40.4207
40.4205
40.4202
40.4193
40.4183
40.4222
40.421
40.4208
40.4205
40.4204
40.4204
40.4205
40.4208
40.421
40.4222
37.1616
37.1617
37.1618
37.1618
37.1619
37.1619
37.1618
37.1618
37.1617
37.1616
37.1639
37.1642
37.1644
37.1646
37.1646
37.1646
37.1646
37.1644
37.1642
37.1639
37.1669
37.1674
37.1678
37.168
37.1681
37.1681
37.168
37.1678
37.1674
37.1669
37.17
37.1706
37.1712
37.1715
37.1717
37.1717
37.1715
37.1712
37.1706
37.17
37.173
37.1738
37.1744
37.1748
37.175
37.175
37.1748
37.1744
37.1738
37.173
37.1759
37.1767
37.1774
37.1777
37.1779
37.1779
37.1777
37.1774
37.1767
37.1759
37.1784
37.1793
37.18
37.1804
37.1806
37.1806
37.1804
37.18
37.1793
37.1784
37.1807
37.1816
37.1823
37.1826
37.1828
37.1828
37.1826
37.1823
37.1816
37.1807
37.183
37.1837
37.1843
37.1846
37.1847
37.1847
37.1846
37.1843
37.1837
37.183
37.1858
37.1857
37.1859
37.1859
37.1859
37.1859
37.1859
37.1859
37.1857
37.1858
33.9342
33.9343
33.9344
33.9344
33.9345
33.9345
33.9344
33.9344
33.9343
33.9342
33.9349
33.9351
33.9352
33.9353
33.9354
33.9354
33.9353
33.9352
33.9351
33.9349
33.9359
33.9361
33.9363
33.9365
33.9366
33.9366
33.9365
33.9363
33.9361
33.9359
33.937
33.9373
33.9376
33.9378
33.9379
33.9379
33.9378
33.9376
33.9373
33.937
33.9382
33.9386
33.9389
33.9391
33.9392
33.9392
33.9391
33.9389
33.9386
33.9382
33.9393
33.9398
33.9401
33.9404
33.9405
33.9405
33.9404
33.9401
33.9398
33.9393
33.9404
33.9409
33.9413
33.9416
33.9417
33.9417
33.9416
33.9413
33.9409
33.9404
33.9415
33.942
33.9424
33.9426
33.9427
33.9427
33.9426
33.9424
33.942
33.9415
33.9425
33.9429
33.9433
33.9435
33.9436
33.9436
33.9435
33.9433
33.9429
33.9425
33.9437
33.9438
33.944
33.9441
33.9442
33.9442
33.9441
33.944
33.9438
33.9437
30.7057
30.7057
30.7057
30.7057
30.7057
30.7057
30.7057
30.7057
30.7057
30.7057
30.7059
30.7059
30.7059
30.706
30.706
30.706
30.706
30.7059
30.7059
30.7059
30.7062
30.7063
30.7063
30.7064
30.7064
30.7064
30.7064
30.7063
30.7063
30.7062
30.7067
30.7068
30.7069
30.7069
30.707
30.707
30.7069
30.7069
30.7068
30.7067
30.7072
30.7074
30.7075
30.7076
30.7076
30.7076
30.7076
30.7075
30.7074
30.7072
30.7078
30.708
30.7081
30.7082
30.7083
30.7083
30.7082
30.7081
30.708
30.7078
30.7084
30.7086
30.7088
30.7089
30.709
30.709
30.7089
30.7088
30.7086
30.7084
30.709
30.7093
30.7094
30.7096
30.7096
30.7096
30.7096
30.7094
30.7093
30.709
30.7096
30.7099
30.7101
30.7102
30.7102
30.7102
30.7102
30.7101
30.7099
30.7096
30.7103
30.7105
30.7106
30.7107
30.7107
30.7107
30.7107
30.7106
30.7105
30.7103
27.4745
27.4745
27.4746
27.4746
27.4746
27.4746
27.4746
27.4746
27.4745
27.4745
27.4745
27.4746
27.4746
27.4746
27.4746
27.4746
27.4746
27.4746
27.4746
27.4745
27.4746
27.4747
27.4747
27.4747
27.4747
27.4747
27.4747
27.4747
27.4747
27.4746
27.4748
27.4748
27.4749
27.4749
27.4749
27.4749
27.4749
27.4749
27.4748
27.4748
27.4749
27.475
27.4751
27.4751
27.4751
27.4751
27.4751
27.4751
27.475
27.4749
27.4752
27.4753
27.4753
27.4754
27.4754
27.4754
27.4754
27.4753
27.4753
27.4752
27.4754
27.4755
27.4756
27.4757
27.4757
27.4757
27.4757
27.4756
27.4755
27.4754
27.4756
27.4758
27.4759
27.4759
27.476
27.476
27.4759
27.4759
27.4758
27.4756
27.4759
27.476
27.4761
27.4762
27.4762
27.4762
27.4762
27.4761
27.476
27.4759
27.4762
27.4763
27.4764
27.4764
27.4764
27.4764
27.4764
27.4764
27.4763
27.4762
24.2429
24.2429
24.2429
24.2429
24.2429
24.2429
24.2429
24.2429
24.2429
24.2429
24.2429
24.2429
24.2429
24.2429
24.2429
24.2429
24.2429
24.2429
24.2429
24.2429
24.2429
24.2429
24.2429
24.2429
24.2429
24.2429
24.2429
24.2429
24.2429
24.2429
24.2429
24.2429
24.243
24.243
24.243
24.243
24.243
24.243
24.2429
24.2429
24.243
24.243
24.2431
24.2431
24.2431
24.2431
24.2431
24.2431
24.243
24.243
24.2431
24.2431
24.2432
24.2432
24.2432
24.2432
24.2432
24.2432
24.2431
24.2431
24.2432
24.2433
24.2433
24.2433
24.2433
24.2433
24.2433
24.2433
24.2433
24.2432
24.2433
24.2434
24.2434
24.2435
24.2435
24.2435
24.2435
24.2434
24.2434
24.2433
24.2435
24.2435
24.2436
24.2436
24.2436
24.2436
24.2436
24.2436
24.2435
24.2435
24.2436
24.2437
24.2437
24.2437
24.2438
24.2438
24.2437
24.2437
24.2437
24.2436
21.0107
21.0107
21.0107
21.0107
21.0107
21.0107
21.0107
21.0107
21.0107
21.0107
21.0107
21.0107
21.0107
21.0107
21.0107
21.0107
21.0107
21.0107
21.0107
21.0107
21.0107
21.0107
21.0107
21.0107
21.0107
21.0107
21.0107
21.0107
21.0107
21.0107
21.0107
21.0107
21.0107
21.0107
21.0107
21.0107
21.0107
21.0107
21.0107
21.0107
21.0107
21.0107
21.0107
21.0107
21.0107
21.0107
21.0107
21.0107
21.0107
21.0107
21.0107
21.0107
21.0108
21.0108
21.0108
21.0108
21.0108
21.0108
21.0107
21.0107
21.0108
21.0108
21.0108
21.0108
21.0108
21.0108
21.0108
21.0108
21.0108
21.0108
21.0108
21.0108
21.0109
21.0109
21.0109
21.0109
21.0109
21.0109
21.0108
21.0108
21.0109
21.0109
21.0109
21.0109
21.0109
21.0109
21.0109
21.0109
21.0109
21.0109
21.0109
21.0109
21.011
21.011
21.011
21.011
21.011
21.011
21.0109
21.0109
17.7784
17.7784
17.7784
17.7784
17.7784
17.7784
17.7784
17.7784
17.7784
17.7784
17.7784
17.7784
17.7784
17.7784
17.7784
17.7784
17.7784
17.7784
17.7784
17.7784
17.7784
17.7784
17.7784
17.7784
17.7784
17.7784
17.7784
17.7784
17.7784
17.7784
17.7784
17.7784
17.7784
17.7784
17.7784
17.7784
17.7784
17.7784
17.7784
17.7784
17.7784
17.7784
17.7784
17.7784
17.7784
17.7784
17.7784
17.7784
17.7784
17.7784
17.7784
17.7784
17.7784
17.7784
17.7784
17.7784
17.7784
17.7784
17.7784
17.7784
17.7784
17.7784
17.7784
17.7784
17.7784
17.7784
17.7784
17.7784
17.7784
17.7784
17.7784
17.7784
17.7784
17.7784
17.7785
17.7785
17.7784
17.7784
17.7784
17.7784
17.7785
17.7785
17.7785
17.7785
17.7785
17.7785
17.7785
17.7785
17.7785
17.7785
17.7785
17.7785
17.7785
17.7785
17.7785
17.7785
17.7785
17.7785
17.7785
17.7785
14.546
14.546
14.546
14.546
14.546
14.546
14.546
14.546
14.546
14.546
14.546
14.546
14.546
14.546
14.546
14.546
14.546
14.546
14.546
14.546
14.546
14.546
14.546
14.546
14.546
14.546
14.546
14.546
14.546
14.546
14.546
14.546
14.546
14.546
14.546
14.546
14.546
14.546
14.546
14.546
14.546
14.546
14.546
14.546
14.546
14.546
14.546
14.546
14.546
14.546
14.546
14.546
14.546
14.546
14.546
14.546
14.546
14.546
14.546
14.546
14.546
14.546
14.546
14.546
14.546
14.546
14.546
14.546
14.546
14.546
14.546
14.546
14.546
14.546
14.546
14.546
14.546
14.546
14.546
14.546
14.546
14.546
14.546
14.546
14.546
14.546
14.546
14.546
14.546
14.546
14.546
14.546
14.546
14.546
14.546
14.546
14.546
14.546
14.546
14.546
11.3136
11.3136
11.3136
11.3136
11.3136
11.3136
11.3136
11.3136
11.3136
11.3136
11.3135
11.3135
11.3135
11.3135
11.3135
11.3135
11.3135
11.3135
11.3135
11.3135
11.3135
11.3135
11.3135
11.3135
11.3135
11.3135
11.3135
11.3135
11.3135
11.3135
11.3135
11.3135
11.3135
11.3135
11.3135
11.3135
11.3135
11.3135
11.3135
11.3135
11.3135
11.3135
11.3135
11.3135
11.3135
11.3135
11.3135
11.3135
11.3135
11.3135
11.3135
11.3135
11.3135
11.3135
11.3135
11.3135
11.3135
11.3135
11.3135
11.3135
11.3135
11.3135
11.3135
11.3135
11.3135
11.3135
11.3135
11.3135
11.3135
11.3135
11.3135
11.3136
11.3136
11.3136
11.3136
11.3136
11.3136
11.3136
11.3136
11.3136
11.3136
11.3136
11.3136
11.3136
11.3136
11.3136
11.3136
11.3136
11.3136
11.3136
11.3136
11.3136
11.3136
11.3136
11.3136
11.3136
11.3136
11.3136
11.3136
11.3136
8.08111
8.08111
8.08111
8.08111
8.08111
8.08111
8.08111
8.08111
8.08111
8.08111
8.08111
8.08111
8.08111
8.08111
8.08111
8.08111
8.08111
8.08111
8.08111
8.08111
8.08111
8.08111
8.08111
8.08111
8.08111
8.08111
8.08111
8.08111
8.08111
8.08111
8.08111
8.08111
8.08111
8.08111
8.08111
8.08111
8.08111
8.08111
8.08111
8.08111
8.08111
8.08111
8.08111
8.08111
8.08111
8.08111
8.08111
8.08111
8.08111
8.08111
8.08111
8.08111
8.08111
8.08111
8.08111
8.08111
8.08111
8.08111
8.08111
8.08111
8.08111
8.08111
8.08111
8.08111
8.08111
8.08111
8.08111
8.08111
8.08111
8.08111
8.08111
8.08111
8.08111
8.08111
8.08111
8.08111
8.08111
8.08111
8.08111
8.08111
8.08111
8.08111
8.08111
8.08111
8.08111
8.08111
8.08111
8.08111
8.08111
8.08111
8.08111
8.08111
8.08111
8.08111
8.08111
8.08111
8.08111
8.08111
8.08111
8.08111
4.84867
4.84867
4.84867
4.84867
4.84867
4.84867
4.84867
4.84867
4.84867
4.84867
4.84867
4.84867
4.84867
4.84867
4.84867
4.84867
4.84867
4.84867
4.84867
4.84867
4.84867
4.84867
4.84867
4.84867
4.84867
4.84867
4.84867
4.84867
4.84867
4.84867
4.84867
4.84867
4.84867
4.84867
4.84867
4.84867
4.84867
4.84867
4.84867
4.84867
4.84867
4.84867
4.84867
4.84867
4.84867
4.84867
4.84867
4.84867
4.84867
4.84867
4.84866
4.84866
4.84866
4.84866
4.84866
4.84866
4.84866
4.84866
4.84867
4.84867
4.84866
4.84866
4.84866
4.84866
4.84866
4.84866
4.84866
4.84866
4.84866
4.84866
4.84866
4.84866
4.84866
4.84866
4.84866
4.84866
4.84866
4.84866
4.84866
4.84866
4.84866
4.84866
4.84866
4.84866
4.84866
4.84866
4.84866
4.84866
4.84866
4.84866
4.84866
4.84866
4.84866
4.84866
4.84866
4.84866
4.84866
4.84866
4.84866
4.84866
1.61622
1.61622
1.61622
1.61622
1.61622
1.61622
1.61622
1.61622
1.61622
1.61622
1.61622
1.61622
1.61622
1.61622
1.61622
1.61622
1.61622
1.61622
1.61622
1.61622
1.61622
1.61622
1.61622
1.61622
1.61622
1.61622
1.61622
1.61622
1.61622
1.61622
1.61622
1.61622
1.61622
1.61622
1.61622
1.61622
1.61622
1.61622
1.61622
1.61622
1.61622
1.61622
1.61622
1.61622
1.61622
1.61622
1.61622
1.61622
1.61622
1.61622
1.61622
1.61622
1.61622
1.61622
1.61622
1.61622
1.61622
1.61622
1.61622
1.61622
1.61622
1.61622
1.61622
1.61622
1.61622
1.61622
1.61622
1.61622
1.61622
1.61622
1.61622
1.61622
1.61622
1.61622
1.61622
1.61622
1.61622
1.61622
1.61622
1.61622
1.61622
1.61622
1.61622
1.61622
1.61622
1.61622
1.61622
1.61622
1.61622
1.61622
1.61622
1.61622
1.61622
1.61622
1.61622
1.61622
1.61622
1.61622
1.61622
1.61622
60.5019
59.8167
59.3823
59.1057
58.9684
58.9684
59.1057
59.3823
59.8167
60.5019
59.8167
59.2311
58.7896
58.4949
58.3487
58.3487
58.4949
58.7896
59.2312
59.8167
59.3823
58.7896
58.329
58.0219
57.8703
57.8703
58.0219
58.329
58.7896
59.3823
59.1057
58.4949
58.0219
57.7088
57.5548
57.5548
57.7089
58.0219
58.4949
59.1057
58.9684
58.3487
57.8703
57.5548
57.3997
57.3997
57.5548
57.8703
58.3487
58.9684
58.9684
58.3487
57.8703
57.5548
57.3997
57.3997
57.5548
57.8703
58.3487
58.9684
59.1057
58.4949
58.0219
57.7089
57.5548
57.5548
57.7089
58.0219
58.4949
59.1057
59.3823
58.7896
58.329
58.0219
57.8703
57.8703
58.0219
58.329
58.7896
59.3823
59.8167
59.2312
58.7896
58.4949
58.3487
58.3487
58.4949
58.7896
59.2312
59.8167
60.5019
59.8167
59.3823
59.1057
58.9684
58.9684
59.1057
59.3823
59.8167
60.502
58.3339
58.0572
57.8922
57.7835
57.7283
57.7283
57.7835
57.8922
58.0572
58.3339
58.0572
57.8376
57.651
57.5209
57.4557
57.4558
57.5209
57.651
57.8376
58.0572
57.8922
57.651
57.4412
57.2972
57.2261
57.2261
57.2973
57.4412
57.651
57.8922
57.7835
57.5209
57.2972
57.146
57.0716
57.0716
57.146
57.2973
57.5209
57.7835
57.7283
57.4557
57.2261
57.0716
56.9956
56.9956
57.0716
57.2261
57.4558
57.7283
57.7283
57.4558
57.2261
57.0716
56.9956
56.9956
57.0716
57.2261
57.4558
57.7283
57.7835
57.5209
57.2973
57.146
57.0716
57.0716
57.146
57.2973
57.5209
57.7835
57.8922
57.651
57.4412
57.2973
57.2261
57.2261
57.2973
57.4412
57.651
57.8922
58.0572
57.8376
57.651
57.5209
57.4558
57.4558
57.5209
57.651
57.8377
58.0572
58.3339
58.0572
57.8922
57.7835
57.7283
57.7283
57.7835
57.8922
58.0572
58.334
56.8424
56.6909
56.5973
56.5322
56.4987
56.4987
56.5322
56.5973
56.6909
56.8424
56.6909
56.5702
56.4566
56.3744
56.333
56.333
56.3744
56.4566
56.5702
56.6909
56.5973
56.4566
56.3242
56.2314
56.1853
56.1853
56.2314
56.3242
56.4566
56.5973
56.5322
56.3744
56.2314
56.1332
56.0848
56.0848
56.1332
56.2314
56.3744
56.5322
56.4987
56.333
56.1853
56.0848
56.0352
56.0352
56.0848
56.1853
56.333
56.4987
56.4987
56.333
56.1853
56.0848
56.0352
56.0352
56.0848
56.1853
56.333
56.4987
56.5322
56.3744
56.2314
56.1332
56.0848
56.0848
56.1332
56.2314
56.3744
56.5322
56.5973
56.4566
56.3242
56.2314
56.1853
56.1853
56.2314
56.3242
56.4566
56.5973
56.6909
56.5702
56.4566
56.3744
56.333
56.333
56.3744
56.4566
56.5702
56.6909
56.8424
56.6909
56.5973
56.5322
56.4987
56.4987
56.5322
56.5973
56.6909
56.8424
53.2442
53.2089
53.1892
53.1733
53.1647
53.1647
53.1733
53.1892
53.2089
53.2442
53.2089
53.1828
53.1477
53.12
53.106
53.106
53.12
53.1477
53.1828
53.2089
53.1892
53.1477
53.1005
53.0664
53.0496
53.0496
53.0664
53.1005
53.1477
53.1892
53.1733
53.12
53.0664
53.029
53.0107
53.0107
53.029
53.0664
53.12
53.1733
53.1647
53.106
53.0496
53.0107
52.9917
52.9917
53.0107
53.0496
53.106
53.1647
53.1647
53.106
53.0496
53.0107
52.9917
52.9917
53.0107
53.0496
53.106
53.1647
53.1733
53.12
53.0664
53.029
53.0107
53.0107
53.029
53.0664
53.12
53.1733
53.1892
53.1477
53.1005
53.0664
53.0496
53.0496
53.0664
53.1006
53.1477
53.1892
53.2089
53.1828
53.1477
53.12
53.106
53.106
53.12
53.1477
53.1828
53.2089
53.2442
53.2089
53.1892
53.1733
53.1647
53.1647
53.1733
53.1892
53.2089
53.2442
50.2651
50.2577
50.2532
50.2481
50.2452
50.2452
50.2481
50.2532
50.2577
50.2651
50.2577
50.2537
50.2411
50.23
50.2243
50.2243
50.23
50.2411
50.2537
50.2577
50.2532
50.2411
50.2222
50.2079
50.2008
50.2008
50.2079
50.2222
50.2411
50.2532
50.2481
50.23
50.2079
50.192
50.1842
50.1842
50.192
50.2079
50.23
50.2481
50.2452
50.2243
50.2008
50.1842
50.176
50.176
50.1842
50.2008
50.2243
50.2452
50.2452
50.2243
50.2008
50.1842
50.176
50.176
50.1842
50.2008
50.2243
50.2452
50.2481
50.23
50.2079
50.192
50.1842
50.1842
50.192
50.2079
50.23
50.2481
50.2532
50.2411
50.2222
50.2079
50.2008
50.2008
50.2079
50.2222
50.2411
50.2532
50.2577
50.2537
50.2411
50.23
50.2243
50.2243
50.23
50.2411
50.2537
50.2577
50.2651
50.2577
50.2532
50.2481
50.2452
50.2452
50.2481
50.2532
50.2577
50.2651
46.8879
46.8908
46.8931
46.8935
46.8936
46.8936
46.8935
46.8931
46.8908
46.8879
46.8908
46.8939
46.8916
46.8888
46.8873
46.8873
46.8888
46.8916
46.894
46.8908
46.8931
46.8916
46.886
46.8816
46.8794
46.8794
46.8816
46.886
46.8916
46.8931
46.8935
46.8888
46.8816
46.8763
46.8738
46.8738
46.8763
46.8816
46.8888
46.8935
46.8936
46.8873
46.8794
46.8738
46.8711
46.8711
46.8738
46.8794
46.8873
46.8936
46.8936
46.8873
46.8794
46.8738
46.8711
46.8711
46.8738
46.8794
46.8873
46.8936
46.8935
46.8888
46.8816
46.8763
46.8738
46.8738
46.8763
46.8816
46.8888
46.8935
46.8931
46.8916
46.886
46.8816
46.8794
46.8794
46.8816
46.886
46.8916
46.8931
46.8908
46.894
46.8916
46.8888
46.8873
46.8873
46.8888
46.8916
46.894
46.8908
46.8879
46.8908
46.8931
46.8935
46.8936
46.8936
46.8935
46.8931
46.8908
46.8879
43.6828
43.6867
43.6893
43.6904
43.691
43.691
43.6904
43.6893
43.6867
43.6828
43.6867
43.6907
43.6913
43.6912
43.691
43.691
43.6912
43.6913
43.6907
43.6867
43.6893
43.6913
43.6907
43.6899
43.6895
43.6895
43.6899
43.6907
43.6913
43.6893
43.6904
43.6912
43.6899
43.6888
43.6883
43.6883
43.6888
43.6899
43.6912
43.6904
43.691
43.691
43.6895
43.6883
43.6877
43.6877
43.6883
43.6895
43.6911
43.691
43.691
43.691
43.6895
43.6883
43.6877
43.6877
43.6883
43.6895
43.6911
43.691
43.6904
43.6912
43.6899
43.6888
43.6883
43.6883
43.6888
43.6899
43.6912
43.6904
43.6893
43.6913
43.6907
43.6899
43.6895
43.6895
43.6899
43.6907
43.6913
43.6893
43.6867
43.6907
43.6913
43.6912
43.6911
43.6911
43.6912
43.6913
43.6907
43.6867
43.6828
43.6867
43.6893
43.6904
43.691
43.691
43.6904
43.6893
43.6867
43.6828
40.4139
40.4164
40.4182
40.4191
40.4195
40.4195
40.4191
40.4182
40.4164
40.4139
40.4164
40.4188
40.4196
40.4199
40.42
40.42
40.4199
40.4196
40.4188
40.4164
40.4182
40.4196
40.4198
40.4198
40.4198
40.4198
40.4198
40.4198
40.4196
40.4182
40.4191
40.4199
40.4198
40.4197
40.4197
40.4197
40.4197
40.4198
40.4199
40.4191
40.4195
40.42
40.4198
40.4197
40.4196
40.4196
40.4197
40.4198
40.42
40.4195
40.4195
40.42
40.4198
40.4197
40.4196
40.4196
40.4197
40.4198
40.42
40.4195
40.4191
40.4199
40.4198
40.4197
40.4197
40.4197
40.4197
40.4198
40.4199
40.4191
40.4182
40.4196
40.4198
40.4198
40.4198
40.4198
40.4198
40.4198
40.4196
40.4182
40.4164
40.4188
40.4196
40.4199
40.42
40.42
40.4199
40.4196
40.4188
40.4164
40.4139
40.4164
40.4182
40.4191
40.4195
40.4195
40.4191
40.4182
40.4164
40.4139
37.1831
37.1847
37.1858
37.1864
37.1867
37.1867
37.1864
37.1858
37.1847
37.1831
37.1847
37.1862
37.187
37.1874
37.1876
37.1876
37.1874
37.187
37.1862
37.1847
37.1858
37.187
37.1876
37.1879
37.188
37.188
37.1879
37.1876
37.187
37.1858
37.1864
37.1874
37.1879
37.1882
37.1883
37.1883
37.1882
37.1879
37.1874
37.1864
37.1867
37.1876
37.188
37.1883
37.1885
37.1885
37.1883
37.188
37.1876
37.1867
37.1867
37.1876
37.188
37.1883
37.1885
37.1885
37.1883
37.188
37.1876
37.1867
37.1864
37.1874
37.1879
37.1882
37.1883
37.1883
37.1882
37.1879
37.1874
37.1864
37.1858
37.187
37.1876
37.1879
37.188
37.188
37.1879
37.1876
37.187
37.1858
37.1847
37.1862
37.187
37.1874
37.1876
37.1876
37.1874
37.187
37.1862
37.1847
37.1831
37.1847
37.1858
37.1864
37.1867
37.1867
37.1864
37.1858
37.1847
37.1831
33.9428
33.9435
33.9441
33.9444
33.9445
33.9445
33.9444
33.9441
33.9435
33.9428
33.9435
33.9442
33.9446
33.9449
33.945
33.945
33.9449
33.9446
33.9442
33.9435
33.9441
33.9446
33.945
33.9452
33.9453
33.9453
33.9452
33.945
33.9446
33.9441
33.9444
33.9449
33.9452
33.9454
33.9455
33.9455
33.9454
33.9452
33.9449
33.9444
33.9445
33.945
33.9453
33.9455
33.9456
33.9456
33.9455
33.9453
33.945
33.9445
33.9445
33.945
33.9453
33.9455
33.9456
33.9456
33.9455
33.9453
33.945
33.9445
33.9444
33.9449
33.9452
33.9454
33.9455
33.9455
33.9454
33.9452
33.9449
33.9444
33.9441
33.9446
33.945
33.9452
33.9453
33.9453
33.9452
33.945
33.9446
33.9441
33.9435
33.9442
33.9446
33.9449
33.945
33.945
33.9449
33.9446
33.9442
33.9435
33.9428
33.9435
33.9441
33.9444
33.9445
33.9445
33.9444
33.9441
33.9435
33.9428
30.7102
30.7106
30.7109
30.711
30.7111
30.7111
30.711
30.7109
30.7106
30.7102
30.7106
30.711
30.7112
30.7114
30.7114
30.7114
30.7114
30.7112
30.711
30.7106
30.7109
30.7112
30.7114
30.7116
30.7117
30.7117
30.7116
30.7114
30.7112
30.7109
30.711
30.7114
30.7116
30.7117
30.7118
30.7118
30.7117
30.7116
30.7114
30.711
30.7111
30.7114
30.7117
30.7118
30.7119
30.7119
30.7118
30.7117
30.7114
30.7111
30.7111
30.7114
30.7117
30.7118
30.7119
30.7119
30.7118
30.7117
30.7114
30.7111
30.711
30.7114
30.7116
30.7117
30.7118
30.7118
30.7117
30.7116
30.7114
30.711
30.7109
30.7112
30.7114
30.7116
30.7117
30.7117
30.7116
30.7114
30.7112
30.7109
30.7106
30.711
30.7112
30.7114
30.7114
30.7114
30.7114
30.7112
30.711
30.7106
30.7102
30.7106
30.7109
30.711
30.7111
30.7111
30.711
30.7109
30.7106
30.7102
27.4762
27.4764
27.4765
27.4765
27.4766
27.4766
27.4765
27.4765
27.4764
27.4762
27.4764
27.4765
27.4766
27.4767
27.4767
27.4767
27.4767
27.4766
27.4765
27.4764
27.4765
27.4766
27.4767
27.4768
27.4768
27.4768
27.4768
27.4767
27.4766
27.4765
27.4765
27.4767
27.4768
27.4769
27.4769
27.4769
27.4769
27.4768
27.4767
27.4765
27.4766
27.4767
27.4768
27.4769
27.477
27.477
27.4769
27.4768
27.4767
27.4766
27.4766
27.4767
27.4768
27.4769
27.477
27.477
27.4769
27.4768
27.4767
27.4766
27.4765
27.4767
27.4768
27.4769
27.4769
27.4769
27.4769
27.4768
27.4767
27.4765
27.4765
27.4766
27.4767
27.4768
27.4768
27.4768
27.4768
27.4767
27.4766
27.4765
27.4764
27.4765
27.4766
27.4767
27.4767
27.4767
27.4767
27.4766
27.4765
27.4764
27.4762
27.4764
27.4765
27.4765
27.4766
27.4766
27.4765
27.4765
27.4764
27.4762
24.2437
24.2438
24.2438
24.2438
24.2439
24.2439
24.2438
24.2438
24.2438
24.2437
24.2438
24.2438
24.2439
24.2439
24.244
24.244
24.2439
24.2439
24.2438
24.2438
24.2438
24.2439
24.244
24.244
24.244
24.244
24.244
24.244
24.2439
24.2438
24.2438
24.2439
24.244
24.244
24.2441
24.2441
24.244
24.244
24.2439
24.2438
24.2439
24.244
24.244
24.2441
24.2441
24.2441
24.2441
24.244
24.244
24.2439
24.2439
24.244
24.244
24.2441
24.2441
24.2441
24.2441
24.244
24.244
24.2439
24.2438
24.2439
24.244
24.244
24.2441
24.2441
24.244
24.244
24.2439
24.2438
24.2438
24.2439
24.244
24.244
24.244
24.244
24.244
24.244
24.2439
24.2438
24.2438
24.2438
24.2439
24.2439
24.244
24.244
24.2439
24.2439
24.2438
24.2438
24.2437
24.2438
24.2438
24.2438
24.2439
24.2439
24.2438
24.2438
24.2438
24.2437
21.011
21.011
21.011
21.011
21.011
21.011
21.011
21.011
21.011
21.011
21.011
21.011
21.011
21.0111
21.0111
21.0111
21.0111
21.011
21.011
21.011
21.011
21.011
21.0111
21.0111
21.0111
21.0111
21.0111
21.0111
21.011
21.011
21.011
21.0111
21.0111
21.0111
21.0111
21.0111
21.0111
21.0111
21.0111
21.011
21.011
21.0111
21.0111
21.0111
21.0111
21.0111
21.0111
21.0111
21.0111
21.011
21.011
21.0111
21.0111
21.0111
21.0111
21.0111
21.0111
21.0111
21.0111
21.011
21.011
21.0111
21.0111
21.0111
21.0111
21.0111
21.0111
21.0111
21.0111
21.011
21.011
21.011
21.0111
21.0111
21.0111
21.0111
21.0111
21.0111
21.011
21.011
21.011
21.011
21.011
21.0111
21.0111
21.0111
21.0111
21.011
21.011
21.011
21.011
21.011
21.011
21.011
21.011
21.011
21.011
21.011
21.011
21.011
17.7785
17.7785
17.7785
17.7785
17.7785
17.7785
17.7785
17.7785
17.7785
17.7785
17.7785
17.7785
17.7785
17.7785
17.7785
17.7785
17.7785
17.7785
17.7785
17.7785
17.7785
17.7785
17.7786
17.7786
17.7786
17.7786
17.7786
17.7786
17.7785
17.7785
17.7785
17.7785
17.7786
17.7786
17.7786
17.7786
17.7786
17.7786
17.7785
17.7785
17.7785
17.7785
17.7786
17.7786
17.7786
17.7786
17.7786
17.7786
17.7785
17.7785
17.7785
17.7785
17.7786
17.7786
17.7786
17.7786
17.7786
17.7786
17.7785
17.7785
17.7785
17.7785
17.7786
17.7786
17.7786
17.7786
17.7786
17.7786
17.7785
17.7785
17.7785
17.7785
17.7786
17.7786
17.7786
17.7786
17.7786
17.7786
17.7785
17.7785
17.7785
17.7785
17.7785
17.7785
17.7785
17.7785
17.7785
17.7785
17.7785
17.7785
17.7785
17.7785
17.7785
17.7785
17.7785
17.7785
17.7785
17.7785
17.7785
17.7785
14.546
14.546
14.546
14.546
14.546
14.546
14.546
14.546
14.546
14.546
14.546
14.546
14.546
14.546
14.546
14.546
14.546
14.546
14.546
14.546
14.546
14.546
14.546
14.546
14.546
14.546
14.546
14.546
14.546
14.546
14.546
14.546
14.546
14.546
14.546
14.546
14.546
14.546
14.546
14.546
14.546
14.546
14.546
14.546
14.546
14.546
14.546
14.546
14.546
14.546
14.546
14.546
14.546
14.546
14.546
14.546
14.546
14.546
14.546
14.546
14.546
14.546
14.546
14.546
14.546
14.546
14.546
14.546
14.546
14.546
14.546
14.546
14.546
14.546
14.546
14.546
14.546
14.546
14.546
14.546
14.546
14.546
14.546
14.546
14.546
14.546
14.546
14.546
14.546
14.546
14.546
14.546
14.546
14.546
14.546
14.546
14.546
14.546
14.546
14.546
11.3136
11.3136
11.3136
11.3136
11.3136
11.3136
11.3136
11.3136
11.3136
11.3136
11.3136
11.3136
11.3136
11.3136
11.3136
11.3136
11.3136
11.3136
11.3136
11.3136
11.3136
11.3136
11.3136
11.3136
11.3136
11.3136
11.3136
11.3136
11.3136
11.3136
11.3136
11.3136
11.3136
11.3136
11.3136
11.3136
11.3136
11.3136
11.3136
11.3136
11.3136
11.3136
11.3136
11.3136
11.3136
11.3136
11.3136
11.3136
11.3136
11.3136
11.3136
11.3136
11.3136
11.3136
11.3136
11.3136
11.3136
11.3136
11.3136
11.3136
11.3136
11.3136
11.3136
11.3136
11.3136
11.3136
11.3136
11.3136
11.3136
11.3136
11.3136
11.3136
11.3136
11.3136
11.3136
11.3136
11.3136
11.3136
11.3136
11.3136
11.3136
11.3136
11.3136
11.3136
11.3136
11.3136
11.3136
11.3136
11.3136
11.3136
11.3136
11.3136
11.3136
11.3136
11.3136
11.3136
11.3136
11.3136
11.3136
11.3136
8.08111
8.08111
8.08111
8.08111
8.08111
8.08111
8.08111
8.08111
8.08111
8.08111
8.08111
8.08111
8.08111
8.08111
8.08111
8.08111
8.08111
8.08111
8.08111
8.08111
8.08111
8.08111
8.08111
8.08111
8.08111
8.08111
8.08111
8.08111
8.08111
8.08111
8.08111
8.08111
8.08111
8.08111
8.08111
8.08111
8.08111
8.08111
8.08111
8.08111
8.08111
8.08111
8.08111
8.08111
8.08111
8.08111
8.08111
8.08111
8.08111
8.08111
8.08111
8.08111
8.08111
8.08111
8.08111
8.08111
8.08111
8.08111
8.08111
8.08111
8.08111
8.08111
8.08111
8.08111
8.08111
8.08111
8.08111
8.08111
8.08111
8.08111
8.08111
8.08111
8.08111
8.08111
8.08111
8.08111
8.08111
8.08111
8.08111
8.08111
8.08111
8.08111
8.08111
8.08111
8.08111
8.08111
8.08111
8.08111
8.08111
8.08111
8.08111
8.08111
8.08111
8.08111
8.08111
8.08111
8.08111
8.08111
8.08111
8.08111
4.84866
4.84866
4.84866
4.84866
4.84866
4.84866
4.84866
4.84866
4.84866
4.84866
4.84866
4.84866
4.84866
4.84866
4.84866
4.84866
4.84866
4.84866
4.84866
4.84866
4.84866
4.84866
4.84866
4.84866
4.84866
4.84866
4.84866
4.84866
4.84866
4.84866
4.84866
4.84866
4.84866
4.84866
4.84866
4.84866
4.84866
4.84866
4.84866
4.84866
4.84866
4.84866
4.84866
4.84866
4.84866
4.84866
4.84866
4.84866
4.84866
4.84866
4.84866
4.84866
4.84866
4.84866
4.84866
4.84866
4.84866
4.84866
4.84866
4.84866
4.84866
4.84866
4.84866
4.84866
4.84866
4.84866
4.84866
4.84866
4.84866
4.84866
4.84866
4.84866
4.84866
4.84866
4.84866
4.84866
4.84866
4.84866
4.84866
4.84866
4.84866
4.84866
4.84866
4.84866
4.84866
4.84866
4.84866
4.84866
4.84866
4.84866
4.84866
4.84866
4.84866
4.84866
4.84866
4.84866
4.84866
4.84866
4.84866
4.84866
1.61622
1.61622
1.61622
1.61622
1.61621
1.61621
1.61621
1.61622
1.61622
1.61622
1.61622
1.61622
1.61621
1.61621
1.61621
1.61621
1.61621
1.61621
1.61621
1.61622
1.61622
1.61621
1.61621
1.61621
1.61621
1.61621
1.61621
1.61621
1.61621
1.61621
1.61622
1.61621
1.61621
1.61621
1.61621
1.61621
1.61621
1.61621
1.61621
1.61621
1.61621
1.61621
1.61621
1.61621
1.61621
1.61621
1.61621
1.61621
1.61621
1.61621
1.61621
1.61621
1.61621
1.61621
1.61621
1.61621
1.61621
1.61621
1.61621
1.61621
1.61621
1.61621
1.61621
1.61621
1.61621
1.61621
1.61621
1.61621
1.61621
1.61621
1.61622
1.61621
1.61621
1.61621
1.61621
1.61621
1.61621
1.61621
1.61621
1.61621
1.61622
1.61621
1.61621
1.61621
1.61621
1.61621
1.61621
1.61621
1.61621
1.61621
1.61622
1.61622
1.61621
1.61621
1.61621
1.61621
1.61621
1.61621
1.61621
1.61622
)
;

boundaryField
{
    fixedWalls
    {
        type            zeroGradient;
    }
    inlet
    {
        type            fixedGradient;
        gradient        uniform 0;
    }
    outlet
    {
        type            fixedValue;
        value           uniform 0;
    }
}


// ************************************************************************* //
