/*--------------------------------*- C++ -*----------------------------------*\
| =========                 |                                                 |
| \\      /  F ield         | OpenFOAM: The Open Source CFD Toolbox           |
|  \\    /   O peration     | Version:  2106                                  |
|   \\  /    A nd           | Website:  www.openfoam.com                      |
|    \\/     M anipulation  |                                                 |
\*---------------------------------------------------------------------------*/
FoamFile
{
    version     2.0;
    format      ascii;
    arch        "LSB;label=32;scalar=64";
    class       volScalarField;
    location    "0.89";
    object      p;
}
// * * * * * * * * * * * * * * * * * * * * * * * * * * * * * * * * * * * * * //

dimensions      [0 2 -2 0 0 0 0];

internalField   nonuniform List<scalar> 
10000
(
98.5172
97.9366
97.5719
97.3054
97.1672
97.1672
97.3054
97.5719
97.9366
98.5172
89.402
88.5543
87.9959
87.6012
87.3979
87.3979
87.6012
87.9959
88.5543
89.402
81.8345
80.859
80.2223
79.7787
79.5512
79.5512
79.7787
80.2223
80.859
81.8345
76.6096
75.6074
74.9617
74.5185
74.2914
74.2914
74.5185
74.9617
75.6074
76.6096
72.6888
71.6939
71.0561
70.6269
70.4071
70.4071
70.6269
71.0561
71.6939
72.6889
69.5132
68.5453
67.9233
67.515
67.3063
67.3063
67.515
67.9233
68.5453
69.5132
66.8939
65.9738
65.3772
64.996
64.802
64.802
64.996
65.3772
65.9738
66.8939
64.7247
63.8757
63.3168
62.9683
62.7915
62.7915
62.9683
63.3168
63.8757
64.7247
62.9256
62.164
61.6554
61.3442
61.1866
61.1866
61.3442
61.6554
62.164
62.9256
61.517
60.7554
60.3056
60.0319
59.8933
59.8933
60.0319
60.3056
60.7554
61.517
62.6064
62.7789
62.9666
63.0932
63.1587
63.1587
63.0932
62.9666
62.7789
62.6064
63.029
63.1235
63.25
63.3312
63.3727
63.3727
63.3312
63.25
63.1235
63.029
63.0063
63.0035
63.0561
63.0844
63.0985
63.0985
63.0844
63.0561
63.0035
63.0063
62.5968
62.504
62.4887
62.4704
62.4603
62.4603
62.4704
62.4887
62.504
62.5968
62.003
61.8363
61.7631
61.7073
61.678
61.678
61.7073
61.7631
61.8363
62.003
61.3337
61.1113
60.9914
60.9075
60.8638
60.8638
60.9075
60.9914
61.1113
61.3337
60.6438
60.3858
60.2321
60.13
60.0771
60.0771
60.13
60.2321
60.3858
60.6438
59.9647
59.695
59.5229
59.4123
59.3551
59.3551
59.4123
59.5229
59.695
59.9647
59.3322
59.0667
58.8881
58.776
58.7179
58.7179
58.776
58.8881
59.0667
59.3322
58.8494
58.502
58.3185
58.2057
58.1469
58.1469
58.2057
58.3185
58.502
58.8494
57.9992
57.9848
57.9866
57.9832
57.9816
57.9816
57.9832
57.9866
57.9848
57.9992
58.41
58.3934
58.3946
58.3895
58.3869
58.3869
58.3895
58.3946
58.3934
58.41
58.7502
58.7152
58.705
58.6902
58.6823
58.6823
58.6902
58.705
58.7152
58.7502
58.8037
58.7355
58.7032
58.6725
58.6562
58.6562
58.6725
58.7032
58.7355
58.8037
58.6604
58.557
58.5005
58.4538
58.429
58.429
58.4538
58.5005
58.557
58.6604
58.4144
58.2806
58.2017
58.1417
58.1101
58.1101
58.1417
58.2017
58.2806
58.4144
58.1141
57.9581
57.8612
57.7917
57.7553
57.7553
57.7917
57.8612
57.9581
58.1141
57.7863
57.6201
57.5118
57.4375
57.3987
57.3987
57.4375
57.5119
57.6201
57.7863
57.464
57.2951
57.1795
57.1028
57.0628
57.0628
57.1028
57.1795
57.2951
57.464
57.2219
56.989
56.8628
56.7823
56.7405
56.7405
56.7823
56.8628
56.989
57.2219
53.2915
53.3112
53.3362
53.3521
53.3606
53.3606
53.3521
53.3362
53.3112
53.2915
53.5017
53.5253
53.5543
53.5726
53.5823
53.5823
53.5726
53.5543
53.5253
53.5017
53.6804
53.7017
53.7304
53.7479
53.7571
53.7571
53.7479
53.7304
53.7017
53.6804
53.7667
53.7776
53.7995
53.8117
53.818
53.818
53.8117
53.7995
53.7776
53.7667
53.7814
53.7781
53.7896
53.7943
53.7966
53.7966
53.7943
53.7896
53.7781
53.7814
53.748
53.7299
53.73
53.727
53.7253
53.7253
53.727
53.73
53.7299
53.748
53.6801
53.6492
53.6387
53.629
53.6237
53.6237
53.629
53.6387
53.6492
53.6801
53.5875
53.5486
53.5297
53.515
53.507
53.507
53.515
53.5297
53.5486
53.5875
53.4881
53.4434
53.4164
53.397
53.3865
53.3865
53.397
53.4164
53.4434
53.4881
53.4272
53.3386
53.2977
53.2709
53.2568
53.2568
53.2709
53.2977
53.3386
53.4272
50.077
50.0771
50.0791
50.0792
50.0793
50.0793
50.0792
50.0791
50.0771
50.077
50.1756
50.1793
50.1846
50.1868
50.188
50.188
50.1868
50.1846
50.1793
50.1756
50.2763
50.2815
50.2884
50.2915
50.2931
50.2931
50.2915
50.2884
50.2815
50.2763
50.3449
50.348
50.3539
50.3559
50.3568
50.3568
50.3559
50.3539
50.348
50.3449
50.3833
50.3822
50.3852
50.3849
50.3846
50.3846
50.3849
50.3852
50.3822
50.3833
50.3986
50.3921
50.3913
50.3883
50.3865
50.3865
50.3883
50.3913
50.3921
50.3986
50.3954
50.3838
50.379
50.3734
50.3703
50.3703
50.3734
50.379
50.3838
50.3954
50.3781
50.3628
50.3547
50.347
50.3427
50.3427
50.347
50.3547
50.3628
50.3781
50.3561
50.3374
50.325
50.3149
50.3093
50.3093
50.3149
50.325
50.3374
50.3561
50.351
50.3092
50.2886
50.2743
50.2667
50.2667
50.2743
50.2886
50.3092
50.351
46.7654
46.7685
46.7722
46.7744
46.7755
46.7755
46.7744
46.7722
46.7685
46.7654
46.8066
46.8114
46.8168
46.82
46.8218
46.8218
46.82
46.8168
46.8114
46.8066
46.8486
46.8546
46.8611
46.8652
46.8673
46.8673
46.8652
46.8611
46.8545
46.8486
46.8803
46.8861
46.8929
46.8969
46.899
46.899
46.8969
46.8929
46.8861
46.8803
46.9018
46.9064
46.9125
46.9158
46.9175
46.9175
46.9158
46.9125
46.9064
46.9018
46.9146
46.9173
46.9221
46.9244
46.9255
46.9255
46.9244
46.9221
46.9173
46.9146
46.9196
46.9203
46.9235
46.9246
46.9251
46.9251
46.9246
46.9235
46.9203
46.9196
46.918
46.9172
46.9187
46.9188
46.9187
46.9187
46.9188
46.9187
46.9172
46.918
46.914
46.9113
46.9105
46.9091
46.9082
46.9082
46.9091
46.9105
46.9113
46.914
46.9183
46.9038
46.898
46.8938
46.8916
46.8916
46.8938
46.898
46.9038
46.9183
43.5793
43.5797
43.5803
43.5804
43.5805
43.5805
43.5804
43.5803
43.5797
43.5793
43.5966
43.5979
43.5993
43.6
43.6003
43.6003
43.6
43.5993
43.5979
43.5966
43.6164
43.6185
43.6206
43.6217
43.6223
43.6223
43.6217
43.6206
43.6185
43.6164
43.6335
43.6359
43.6383
43.6396
43.6403
43.6403
43.6396
43.6383
43.6359
43.6335
43.6473
43.6497
43.6521
43.6534
43.654
43.654
43.6534
43.6521
43.6497
43.6473
43.6582
43.6601
43.6624
43.6633
43.6638
43.6638
43.6633
43.6624
43.6601
43.6582
43.6661
43.6675
43.6694
43.67
43.6703
43.6703
43.67
43.6694
43.6675
43.6661
43.6714
43.6724
43.6738
43.6741
43.6742
43.6742
43.6741
43.6738
43.6724
43.6714
43.676
43.6763
43.6767
43.6764
43.6761
43.6761
43.6764
43.6767
43.6763
43.676
43.6841
43.6792
43.6773
43.6757
43.6748
43.6748
43.6757
43.6773
43.6792
43.6841
40.3573
40.3579
40.3585
40.3589
40.3591
40.3591
40.3589
40.3585
40.3579
40.3573
40.364
40.3649
40.3659
40.3665
40.3668
40.3668
40.3665
40.3659
40.3649
40.364
40.3716
40.3729
40.3742
40.3751
40.3755
40.3755
40.3751
40.3742
40.3729
40.3716
40.3786
40.3801
40.3817
40.3827
40.3832
40.3832
40.3827
40.3817
40.3801
40.3786
40.3847
40.3863
40.388
40.389
40.3895
40.3895
40.389
40.388
40.3863
40.3847
40.3898
40.3914
40.3931
40.394
40.3945
40.3945
40.394
40.3931
40.3914
40.3898
40.3939
40.3954
40.3969
40.3978
40.3982
40.3982
40.3978
40.3969
40.3954
40.3939
40.3969
40.3983
40.3997
40.4004
40.4007
40.4007
40.4004
40.3997
40.3983
40.3969
40.3996
40.4007
40.4016
40.402
40.4022
40.4022
40.402
40.4016
40.4007
40.3996
40.4039
40.4026
40.4024
40.4022
40.4021
40.4021
40.4022
40.4024
40.4026
40.4039
37.1424
37.1425
37.1426
37.1427
37.1427
37.1427
37.1427
37.1426
37.1425
37.1424
37.1449
37.1452
37.1455
37.1456
37.1457
37.1457
37.1456
37.1455
37.1452
37.1449
37.1481
37.1486
37.149
37.1493
37.1494
37.1494
37.1493
37.149
37.1486
37.1481
37.1514
37.152
37.1526
37.1529
37.1531
37.1531
37.1529
37.1526
37.152
37.1514
37.1546
37.1553
37.156
37.1564
37.1566
37.1566
37.1564
37.156
37.1553
37.1546
37.1576
37.1584
37.1592
37.1596
37.1598
37.1598
37.1596
37.1592
37.1584
37.1576
37.1603
37.1612
37.1619
37.1624
37.1626
37.1626
37.1624
37.1619
37.1612
37.1603
37.1627
37.1636
37.1644
37.1648
37.165
37.165
37.1648
37.1644
37.1636
37.1627
37.1652
37.166
37.1666
37.1669
37.167
37.167
37.1669
37.1666
37.166
37.1652
37.1682
37.1681
37.1683
37.1683
37.1683
37.1683
37.1683
37.1683
37.1681
37.1682
33.9168
33.917
33.9171
33.9171
33.9172
33.9172
33.9171
33.9171
33.917
33.9168
33.9177
33.9178
33.918
33.9181
33.9181
33.9181
33.9181
33.918
33.9178
33.9177
33.9187
33.919
33.9192
33.9194
33.9194
33.9194
33.9194
33.9192
33.919
33.9187
33.9199
33.9203
33.9206
33.9208
33.9209
33.9209
33.9208
33.9206
33.9203
33.9199
33.9212
33.9216
33.922
33.9222
33.9223
33.9223
33.9222
33.922
33.9216
33.9212
33.9225
33.9229
33.9233
33.9236
33.9237
33.9237
33.9236
33.9233
33.9229
33.9225
33.9237
33.9242
33.9246
33.9249
33.925
33.925
33.9249
33.9246
33.9242
33.9237
33.9248
33.9253
33.9257
33.926
33.9261
33.9261
33.926
33.9257
33.9253
33.9248
33.9259
33.9264
33.9268
33.927
33.9271
33.9271
33.927
33.9268
33.9264
33.9259
33.9272
33.9274
33.9276
33.9277
33.9277
33.9277
33.9277
33.9276
33.9274
33.9272
30.6902
30.6902
30.6902
30.6902
30.6902
30.6902
30.6902
30.6902
30.6902
30.6902
30.6904
30.6904
30.6905
30.6905
30.6905
30.6905
30.6905
30.6905
30.6904
30.6904
30.6908
30.6909
30.6909
30.691
30.691
30.691
30.691
30.6909
30.6909
30.6908
30.6913
30.6914
30.6915
30.6916
30.6916
30.6916
30.6916
30.6915
30.6914
30.6913
30.6919
30.692
30.6922
30.6923
30.6923
30.6923
30.6923
30.6922
30.692
30.6919
30.6925
30.6927
30.6929
30.693
30.693
30.693
30.693
30.6929
30.6927
30.6925
30.6931
30.6934
30.6936
30.6937
30.6938
30.6938
30.6937
30.6936
30.6934
30.6931
30.6938
30.6941
30.6943
30.6944
30.6945
30.6945
30.6944
30.6943
30.6941
30.6938
30.6945
30.6947
30.6949
30.6951
30.6951
30.6951
30.6951
30.6949
30.6947
30.6945
30.6952
30.6954
30.6955
30.6956
30.6957
30.6957
30.6956
30.6955
30.6954
30.6952
27.4608
27.4608
27.4608
27.4608
27.4608
27.4608
27.4608
27.4608
27.4608
27.4608
27.4608
27.4608
27.4608
27.4609
27.4609
27.4609
27.4609
27.4608
27.4608
27.4608
27.4609
27.4609
27.461
27.461
27.461
27.461
27.461
27.461
27.4609
27.4609
27.461
27.4611
27.4611
27.4612
27.4612
27.4612
27.4612
27.4611
27.4611
27.461
27.4612
27.4613
27.4614
27.4614
27.4615
27.4615
27.4614
27.4614
27.4613
27.4612
27.4615
27.4616
27.4617
27.4617
27.4617
27.4617
27.4617
27.4617
27.4616
27.4615
27.4617
27.4619
27.462
27.462
27.462
27.462
27.462
27.462
27.4619
27.4617
27.462
27.4621
27.4622
27.4623
27.4623
27.4623
27.4623
27.4622
27.4621
27.462
27.4623
27.4624
27.4625
27.4626
27.4626
27.4626
27.4626
27.4625
27.4624
27.4623
27.4626
27.4627
27.4628
27.4628
27.4629
27.4629
27.4628
27.4628
27.4627
27.4626
24.2308
24.2308
24.2308
24.2308
24.2308
24.2308
24.2308
24.2308
24.2308
24.2308
24.2308
24.2308
24.2308
24.2308
24.2308
24.2308
24.2308
24.2308
24.2308
24.2308
24.2308
24.2308
24.2308
24.2308
24.2308
24.2308
24.2308
24.2308
24.2308
24.2308
24.2309
24.2309
24.2309
24.2309
24.2309
24.2309
24.2309
24.2309
24.2309
24.2309
24.2309
24.231
24.231
24.231
24.231
24.231
24.231
24.231
24.231
24.2309
24.2311
24.2311
24.2311
24.2311
24.2312
24.2312
24.2311
24.2311
24.2311
24.2311
24.2312
24.2312
24.2313
24.2313
24.2313
24.2313
24.2313
24.2313
24.2312
24.2312
24.2313
24.2314
24.2314
24.2314
24.2315
24.2315
24.2314
24.2314
24.2314
24.2313
24.2315
24.2315
24.2316
24.2316
24.2316
24.2316
24.2316
24.2316
24.2315
24.2315
24.2316
24.2317
24.2317
24.2317
24.2318
24.2318
24.2317
24.2317
24.2317
24.2316
21.0003
21.0003
21.0003
21.0003
21.0003
21.0003
21.0003
21.0003
21.0003
21.0003
21.0002
21.0003
21.0003
21.0003
21.0003
21.0003
21.0003
21.0003
21.0003
21.0002
21.0002
21.0002
21.0002
21.0002
21.0002
21.0002
21.0002
21.0002
21.0002
21.0002
21.0002
21.0002
21.0003
21.0003
21.0003
21.0003
21.0003
21.0003
21.0002
21.0002
21.0003
21.0003
21.0003
21.0003
21.0003
21.0003
21.0003
21.0003
21.0003
21.0003
21.0003
21.0003
21.0003
21.0003
21.0003
21.0003
21.0003
21.0003
21.0003
21.0003
21.0003
21.0004
21.0004
21.0004
21.0004
21.0004
21.0004
21.0004
21.0004
21.0003
21.0004
21.0004
21.0004
21.0005
21.0005
21.0005
21.0005
21.0004
21.0004
21.0004
21.0004
21.0005
21.0005
21.0005
21.0005
21.0005
21.0005
21.0005
21.0005
21.0004
21.0005
21.0005
21.0006
21.0006
21.0006
21.0006
21.0006
21.0006
21.0005
21.0005
17.7696
17.7696
17.7696
17.7696
17.7696
17.7696
17.7696
17.7696
17.7696
17.7696
17.7696
17.7696
17.7696
17.7696
17.7696
17.7696
17.7696
17.7696
17.7696
17.7696
17.7696
17.7696
17.7696
17.7696
17.7696
17.7696
17.7696
17.7696
17.7696
17.7696
17.7696
17.7696
17.7696
17.7696
17.7696
17.7696
17.7696
17.7696
17.7696
17.7696
17.7696
17.7696
17.7696
17.7696
17.7696
17.7696
17.7696
17.7696
17.7696
17.7696
17.7696
17.7696
17.7696
17.7696
17.7696
17.7696
17.7696
17.7696
17.7696
17.7696
17.7696
17.7696
17.7696
17.7696
17.7696
17.7696
17.7696
17.7696
17.7696
17.7696
17.7696
17.7696
17.7696
17.7696
17.7696
17.7696
17.7696
17.7696
17.7696
17.7696
17.7696
17.7697
17.7697
17.7697
17.7697
17.7697
17.7697
17.7697
17.7697
17.7696
17.7697
17.7697
17.7697
17.7697
17.7697
17.7697
17.7697
17.7697
17.7697
17.7697
14.5388
14.5388
14.5388
14.5388
14.5388
14.5388
14.5388
14.5388
14.5388
14.5388
14.5388
14.5388
14.5388
14.5388
14.5388
14.5388
14.5388
14.5388
14.5388
14.5388
14.5388
14.5388
14.5388
14.5388
14.5388
14.5388
14.5388
14.5388
14.5388
14.5388
14.5388
14.5388
14.5388
14.5388
14.5388
14.5388
14.5388
14.5388
14.5388
14.5388
14.5388
14.5388
14.5388
14.5388
14.5388
14.5388
14.5388
14.5388
14.5388
14.5388
14.5388
14.5388
14.5388
14.5388
14.5388
14.5388
14.5388
14.5388
14.5388
14.5388
14.5388
14.5388
14.5388
14.5388
14.5388
14.5388
14.5388
14.5388
14.5388
14.5388
14.5388
14.5388
14.5388
14.5388
14.5388
14.5388
14.5388
14.5388
14.5388
14.5388
14.5388
14.5388
14.5388
14.5388
14.5388
14.5388
14.5388
14.5388
14.5388
14.5388
14.5388
14.5388
14.5388
14.5388
14.5388
14.5388
14.5388
14.5388
14.5388
14.5388
11.308
11.308
11.308
11.308
11.308
11.308
11.308
11.308
11.308
11.308
11.308
11.308
11.308
11.308
11.308
11.308
11.308
11.308
11.308
11.308
11.308
11.308
11.308
11.308
11.308
11.308
11.308
11.308
11.308
11.308
11.308
11.308
11.308
11.308
11.308
11.308
11.308
11.308
11.308
11.308
11.308
11.308
11.308
11.308
11.308
11.308
11.308
11.308
11.308
11.308
11.308
11.308
11.308
11.308
11.308
11.308
11.308
11.308
11.308
11.308
11.308
11.308
11.308
11.308
11.308
11.308
11.308
11.308
11.308
11.308
11.308
11.308
11.308
11.308
11.308
11.308
11.308
11.308
11.308
11.308
11.308
11.308
11.308
11.308
11.308
11.308
11.308
11.308
11.308
11.308
11.308
11.308
11.308
11.308
11.308
11.308
11.308
11.308
11.308
11.308
8.07712
8.07712
8.07712
8.07712
8.07712
8.07712
8.07712
8.07712
8.07712
8.07712
8.07712
8.07712
8.07712
8.07712
8.07712
8.07712
8.07712
8.07712
8.07712
8.07712
8.07712
8.07712
8.07712
8.07712
8.07712
8.07712
8.07712
8.07712
8.07712
8.07712
8.07712
8.07712
8.07712
8.07712
8.07712
8.07712
8.07712
8.07712
8.07712
8.07712
8.07712
8.07712
8.07712
8.07712
8.07712
8.07712
8.07712
8.07712
8.07712
8.07712
8.07711
8.07711
8.07711
8.07711
8.07711
8.07711
8.07711
8.07711
8.07711
8.07711
8.07711
8.07711
8.07711
8.07712
8.07712
8.07712
8.07712
8.07711
8.07711
8.07711
8.07712
8.07712
8.07712
8.07712
8.07712
8.07712
8.07712
8.07712
8.07712
8.07712
8.07712
8.07712
8.07712
8.07712
8.07712
8.07712
8.07712
8.07712
8.07712
8.07712
8.07712
8.07712
8.07712
8.07712
8.07712
8.07712
8.07712
8.07712
8.07712
8.07712
4.84628
4.84628
4.84628
4.84628
4.84628
4.84628
4.84628
4.84628
4.84628
4.84628
4.84628
4.84628
4.84628
4.84628
4.84628
4.84628
4.84628
4.84628
4.84628
4.84628
4.84628
4.84628
4.84628
4.84628
4.84628
4.84628
4.84628
4.84628
4.84628
4.84628
4.84628
4.84628
4.84628
4.84628
4.84628
4.84628
4.84628
4.84628
4.84628
4.84628
4.84628
4.84628
4.84628
4.84628
4.84628
4.84628
4.84628
4.84628
4.84628
4.84628
4.84628
4.84628
4.84628
4.84628
4.84628
4.84628
4.84628
4.84628
4.84628
4.84628
4.84628
4.84628
4.84628
4.84628
4.84628
4.84628
4.84628
4.84628
4.84628
4.84628
4.84628
4.84628
4.84628
4.84628
4.84628
4.84628
4.84628
4.84628
4.84628
4.84628
4.84628
4.84628
4.84628
4.84628
4.84628
4.84628
4.84628
4.84628
4.84628
4.84628
4.84628
4.84628
4.84628
4.84628
4.84628
4.84628
4.84628
4.84628
4.84628
4.84628
1.61543
1.61543
1.61543
1.61543
1.61543
1.61543
1.61543
1.61543
1.61543
1.61543
1.61543
1.61543
1.61543
1.61543
1.61543
1.61543
1.61543
1.61543
1.61543
1.61543
1.61543
1.61543
1.61543
1.61543
1.61543
1.61543
1.61543
1.61543
1.61543
1.61543
1.61543
1.61543
1.61543
1.61543
1.61543
1.61543
1.61543
1.61543
1.61543
1.61543
1.61543
1.61543
1.61543
1.61543
1.61543
1.61543
1.61543
1.61543
1.61543
1.61543
1.61543
1.61543
1.61543
1.61543
1.61543
1.61543
1.61543
1.61543
1.61543
1.61543
1.61543
1.61543
1.61543
1.61543
1.61543
1.61543
1.61543
1.61543
1.61543
1.61543
1.61543
1.61543
1.61543
1.61543
1.61543
1.61543
1.61543
1.61543
1.61543
1.61543
1.61543
1.61543
1.61543
1.61543
1.61543
1.61543
1.61543
1.61543
1.61543
1.61543
1.61543
1.61543
1.61542
1.61542
1.61542
1.61542
1.61542
1.61542
1.61543
1.61543
98.5172
97.9366
97.5719
97.3054
97.1672
97.1672
97.3054
97.5719
97.9366
98.5172
89.402
88.5543
87.9959
87.6012
87.3979
87.3979
87.6012
87.9959
88.5543
89.402
81.8345
80.859
80.2223
79.7787
79.5512
79.5512
79.7787
80.2223
80.859
81.8345
76.6096
75.6074
74.9617
74.5185
74.2914
74.2914
74.5185
74.9617
75.6074
76.6096
72.6889
71.6939
71.0561
70.6269
70.4071
70.4071
70.6269
71.0561
71.6939
72.6888
69.5132
68.5453
67.9233
67.515
67.3063
67.3063
67.515
67.9233
68.5453
69.5132
66.8939
65.9738
65.3772
64.996
64.802
64.802
64.996
65.3772
65.9738
66.8939
64.7247
63.8757
63.3168
62.9683
62.7915
62.7915
62.9683
63.3168
63.8757
64.7247
62.9256
62.164
61.6554
61.3442
61.1866
61.1866
61.3442
61.6554
62.164
62.9256
61.517
60.7554
60.3056
60.0319
59.8933
59.8933
60.0319
60.3056
60.7554
61.517
62.6064
62.7789
62.9666
63.0932
63.1587
63.1587
63.0932
62.9666
62.7789
62.6064
63.029
63.1235
63.25
63.3312
63.3727
63.3727
63.3312
63.25
63.1235
63.029
63.0063
63.0035
63.0561
63.0844
63.0985
63.0985
63.0844
63.0561
63.0035
63.0063
62.5968
62.504
62.4887
62.4704
62.4603
62.4603
62.4704
62.4887
62.504
62.5968
62.003
61.8363
61.7631
61.7073
61.678
61.678
61.7073
61.7631
61.8363
62.003
61.3337
61.1113
60.9914
60.9075
60.8638
60.8638
60.9075
60.9914
61.1113
61.3337
60.6438
60.3858
60.2321
60.13
60.0771
60.0771
60.13
60.2321
60.3858
60.6438
59.9647
59.695
59.5229
59.4123
59.3551
59.3551
59.4123
59.5229
59.695
59.9647
59.3322
59.0667
58.8881
58.776
58.7179
58.7179
58.776
58.8881
59.0667
59.3322
58.8494
58.502
58.3185
58.2057
58.1469
58.1469
58.2057
58.3185
58.502
58.8494
57.9992
57.9848
57.9866
57.9832
57.9816
57.9816
57.9832
57.9866
57.9848
57.9992
58.41
58.3934
58.3946
58.3895
58.3869
58.3869
58.3895
58.3946
58.3934
58.41
58.7502
58.7152
58.705
58.6902
58.6823
58.6823
58.6902
58.705
58.7152
58.7502
58.8037
58.7355
58.7032
58.6725
58.6562
58.6562
58.6725
58.7032
58.7355
58.8037
58.6604
58.557
58.5005
58.4538
58.429
58.429
58.4538
58.5005
58.557
58.6604
58.4144
58.2806
58.2017
58.1417
58.1101
58.1101
58.1417
58.2017
58.2806
58.4144
58.1141
57.9581
57.8612
57.7917
57.7553
57.7553
57.7917
57.8612
57.9581
58.1141
57.7863
57.6201
57.5119
57.4375
57.3987
57.3987
57.4375
57.5119
57.6201
57.7863
57.464
57.2951
57.1795
57.1028
57.0628
57.0628
57.1028
57.1795
57.2951
57.464
57.2219
56.989
56.8628
56.7823
56.7405
56.7405
56.7823
56.8628
56.989
57.2219
53.2915
53.3112
53.3362
53.3521
53.3606
53.3606
53.3521
53.3362
53.3112
53.2915
53.5017
53.5253
53.5543
53.5726
53.5823
53.5823
53.5726
53.5543
53.5253
53.5017
53.6804
53.7017
53.7304
53.7479
53.7571
53.7571
53.7479
53.7304
53.7017
53.6804
53.7667
53.7776
53.7995
53.8117
53.818
53.818
53.8117
53.7995
53.7776
53.7667
53.7814
53.7781
53.7896
53.7943
53.7966
53.7966
53.7943
53.7896
53.7781
53.7814
53.748
53.7299
53.73
53.727
53.7253
53.7253
53.727
53.73
53.7299
53.748
53.6801
53.6492
53.6387
53.629
53.6237
53.6237
53.629
53.6387
53.6492
53.6801
53.5875
53.5486
53.5297
53.515
53.507
53.507
53.515
53.5297
53.5486
53.5875
53.4881
53.4434
53.4164
53.397
53.3865
53.3865
53.397
53.4164
53.4434
53.4881
53.4272
53.3386
53.2977
53.2709
53.2568
53.2568
53.2709
53.2977
53.3386
53.4272
50.077
50.0771
50.0791
50.0792
50.0793
50.0793
50.0792
50.0791
50.0771
50.077
50.1756
50.1793
50.1846
50.1868
50.188
50.188
50.1868
50.1846
50.1793
50.1756
50.2763
50.2815
50.2884
50.2915
50.2931
50.2931
50.2915
50.2884
50.2815
50.2763
50.3449
50.348
50.3539
50.3559
50.3568
50.3568
50.3559
50.3539
50.348
50.3449
50.3833
50.3822
50.3852
50.3849
50.3846
50.3846
50.3849
50.3852
50.3822
50.3833
50.3986
50.3921
50.3913
50.3883
50.3865
50.3865
50.3883
50.3913
50.3921
50.3986
50.3954
50.3838
50.379
50.3734
50.3703
50.3703
50.3734
50.379
50.3838
50.3954
50.3781
50.3628
50.3547
50.347
50.3427
50.3427
50.347
50.3547
50.3628
50.3781
50.3561
50.3374
50.325
50.3149
50.3093
50.3093
50.3149
50.325
50.3374
50.3561
50.351
50.3092
50.2886
50.2743
50.2667
50.2667
50.2743
50.2886
50.3092
50.351
46.7654
46.7685
46.7722
46.7744
46.7755
46.7755
46.7744
46.7722
46.7685
46.7654
46.8066
46.8114
46.8168
46.82
46.8218
46.8218
46.82
46.8168
46.8114
46.8066
46.8486
46.8545
46.8611
46.8652
46.8673
46.8673
46.8652
46.8611
46.8545
46.8486
46.8803
46.8861
46.8929
46.8969
46.899
46.899
46.8969
46.8929
46.8861
46.8803
46.9018
46.9064
46.9125
46.9158
46.9175
46.9175
46.9158
46.9125
46.9064
46.9018
46.9146
46.9173
46.9221
46.9244
46.9255
46.9255
46.9244
46.9221
46.9173
46.9146
46.9196
46.9203
46.9235
46.9246
46.9251
46.9251
46.9246
46.9235
46.9203
46.9196
46.918
46.9172
46.9187
46.9188
46.9187
46.9187
46.9188
46.9187
46.9172
46.918
46.914
46.9113
46.9105
46.9091
46.9082
46.9082
46.9091
46.9105
46.9113
46.914
46.9183
46.9038
46.898
46.8938
46.8916
46.8916
46.8938
46.898
46.9038
46.9183
43.5793
43.5797
43.5803
43.5804
43.5805
43.5805
43.5804
43.5803
43.5797
43.5793
43.5966
43.5979
43.5993
43.6
43.6003
43.6003
43.6
43.5993
43.5979
43.5966
43.6164
43.6185
43.6206
43.6217
43.6223
43.6223
43.6217
43.6206
43.6185
43.6164
43.6335
43.6359
43.6383
43.6396
43.6403
43.6403
43.6396
43.6383
43.6359
43.6335
43.6473
43.6497
43.6521
43.6534
43.654
43.654
43.6534
43.6521
43.6497
43.6473
43.6582
43.6601
43.6624
43.6633
43.6638
43.6638
43.6633
43.6624
43.6601
43.6582
43.6661
43.6675
43.6694
43.67
43.6703
43.6703
43.67
43.6694
43.6675
43.6661
43.6714
43.6724
43.6738
43.6741
43.6742
43.6742
43.6741
43.6738
43.6724
43.6714
43.676
43.6763
43.6767
43.6764
43.6761
43.6761
43.6764
43.6767
43.6763
43.676
43.6841
43.6792
43.6773
43.6757
43.6748
43.6748
43.6757
43.6773
43.6792
43.6841
40.3573
40.3579
40.3585
40.3589
40.3591
40.3591
40.3589
40.3585
40.3579
40.3573
40.364
40.3649
40.3659
40.3665
40.3668
40.3668
40.3665
40.3659
40.3649
40.364
40.3716
40.3729
40.3742
40.3751
40.3755
40.3755
40.3751
40.3742
40.3729
40.3716
40.3786
40.3801
40.3817
40.3827
40.3832
40.3832
40.3827
40.3817
40.3801
40.3786
40.3847
40.3863
40.388
40.389
40.3895
40.3895
40.389
40.388
40.3863
40.3847
40.3898
40.3914
40.3931
40.394
40.3945
40.3945
40.394
40.3931
40.3914
40.3898
40.3939
40.3954
40.3969
40.3978
40.3982
40.3982
40.3978
40.3969
40.3954
40.3939
40.3969
40.3983
40.3997
40.4004
40.4007
40.4007
40.4004
40.3997
40.3983
40.3969
40.3996
40.4007
40.4016
40.402
40.4022
40.4022
40.402
40.4016
40.4007
40.3996
40.4039
40.4026
40.4024
40.4022
40.4021
40.4021
40.4022
40.4024
40.4026
40.4039
37.1424
37.1425
37.1426
37.1427
37.1427
37.1427
37.1427
37.1426
37.1425
37.1424
37.1449
37.1452
37.1455
37.1456
37.1457
37.1457
37.1456
37.1455
37.1452
37.1449
37.1481
37.1486
37.149
37.1493
37.1494
37.1494
37.1493
37.149
37.1486
37.1481
37.1514
37.152
37.1526
37.1529
37.1531
37.1531
37.1529
37.1526
37.152
37.1514
37.1546
37.1553
37.156
37.1564
37.1566
37.1566
37.1564
37.156
37.1553
37.1546
37.1576
37.1584
37.1592
37.1596
37.1598
37.1598
37.1596
37.1592
37.1584
37.1576
37.1603
37.1612
37.1619
37.1624
37.1626
37.1626
37.1624
37.1619
37.1612
37.1603
37.1627
37.1636
37.1644
37.1648
37.165
37.165
37.1648
37.1644
37.1636
37.1627
37.1652
37.166
37.1666
37.1669
37.167
37.167
37.1669
37.1666
37.166
37.1652
37.1682
37.1681
37.1683
37.1683
37.1683
37.1683
37.1683
37.1683
37.1681
37.1682
33.9168
33.917
33.9171
33.9171
33.9172
33.9172
33.9171
33.9171
33.917
33.9168
33.9177
33.9178
33.918
33.9181
33.9181
33.9181
33.9181
33.918
33.9178
33.9177
33.9187
33.919
33.9192
33.9194
33.9194
33.9194
33.9194
33.9192
33.919
33.9187
33.9199
33.9203
33.9206
33.9208
33.9209
33.9209
33.9208
33.9206
33.9203
33.9199
33.9212
33.9216
33.922
33.9222
33.9223
33.9223
33.9222
33.922
33.9216
33.9212
33.9225
33.9229
33.9233
33.9236
33.9237
33.9237
33.9236
33.9233
33.9229
33.9225
33.9237
33.9242
33.9246
33.9249
33.925
33.925
33.9249
33.9246
33.9242
33.9237
33.9248
33.9253
33.9257
33.926
33.9261
33.9261
33.926
33.9257
33.9253
33.9248
33.9259
33.9264
33.9268
33.927
33.9271
33.9271
33.927
33.9268
33.9264
33.9259
33.9272
33.9274
33.9276
33.9277
33.9277
33.9277
33.9277
33.9276
33.9274
33.9272
30.6902
30.6902
30.6902
30.6902
30.6902
30.6902
30.6902
30.6902
30.6902
30.6902
30.6904
30.6904
30.6905
30.6905
30.6905
30.6905
30.6905
30.6905
30.6904
30.6904
30.6908
30.6909
30.6909
30.691
30.691
30.691
30.691
30.6909
30.6909
30.6908
30.6913
30.6914
30.6915
30.6916
30.6916
30.6916
30.6916
30.6915
30.6914
30.6913
30.6919
30.692
30.6922
30.6923
30.6923
30.6923
30.6923
30.6922
30.692
30.6919
30.6925
30.6927
30.6929
30.693
30.693
30.693
30.693
30.6929
30.6927
30.6925
30.6931
30.6934
30.6936
30.6937
30.6938
30.6938
30.6937
30.6936
30.6934
30.6931
30.6938
30.6941
30.6943
30.6944
30.6945
30.6945
30.6944
30.6943
30.6941
30.6938
30.6945
30.6947
30.6949
30.6951
30.6951
30.6951
30.6951
30.6949
30.6947
30.6945
30.6952
30.6954
30.6955
30.6956
30.6957
30.6957
30.6956
30.6955
30.6954
30.6952
27.4608
27.4608
27.4608
27.4608
27.4608
27.4608
27.4608
27.4608
27.4608
27.4608
27.4608
27.4608
27.4608
27.4609
27.4609
27.4609
27.4609
27.4608
27.4608
27.4608
27.4609
27.4609
27.461
27.461
27.461
27.461
27.461
27.461
27.4609
27.4609
27.461
27.4611
27.4611
27.4612
27.4612
27.4612
27.4612
27.4611
27.4611
27.461
27.4612
27.4613
27.4614
27.4614
27.4615
27.4615
27.4614
27.4614
27.4613
27.4612
27.4615
27.4616
27.4617
27.4617
27.4617
27.4617
27.4617
27.4617
27.4616
27.4615
27.4617
27.4619
27.462
27.462
27.462
27.462
27.462
27.462
27.4619
27.4617
27.462
27.4621
27.4622
27.4623
27.4623
27.4623
27.4623
27.4622
27.4621
27.462
27.4623
27.4624
27.4625
27.4626
27.4626
27.4626
27.4626
27.4625
27.4624
27.4623
27.4626
27.4627
27.4628
27.4628
27.4629
27.4629
27.4628
27.4628
27.4627
27.4626
24.2308
24.2308
24.2308
24.2308
24.2308
24.2308
24.2308
24.2308
24.2308
24.2308
24.2308
24.2308
24.2308
24.2308
24.2308
24.2308
24.2308
24.2308
24.2308
24.2308
24.2308
24.2308
24.2308
24.2308
24.2308
24.2308
24.2308
24.2308
24.2308
24.2308
24.2309
24.2309
24.2309
24.2309
24.2309
24.2309
24.2309
24.2309
24.2309
24.2309
24.2309
24.231
24.231
24.231
24.231
24.231
24.231
24.231
24.231
24.2309
24.2311
24.2311
24.2311
24.2311
24.2312
24.2312
24.2311
24.2311
24.2311
24.2311
24.2312
24.2312
24.2313
24.2313
24.2313
24.2313
24.2313
24.2313
24.2312
24.2312
24.2313
24.2314
24.2314
24.2314
24.2315
24.2315
24.2314
24.2314
24.2314
24.2313
24.2315
24.2315
24.2316
24.2316
24.2316
24.2316
24.2316
24.2316
24.2315
24.2315
24.2316
24.2317
24.2317
24.2317
24.2318
24.2318
24.2317
24.2317
24.2317
24.2316
21.0003
21.0003
21.0003
21.0003
21.0003
21.0003
21.0003
21.0003
21.0003
21.0003
21.0002
21.0003
21.0003
21.0003
21.0003
21.0003
21.0003
21.0003
21.0003
21.0002
21.0002
21.0002
21.0002
21.0002
21.0002
21.0002
21.0002
21.0002
21.0002
21.0002
21.0002
21.0002
21.0003
21.0003
21.0003
21.0003
21.0003
21.0003
21.0002
21.0002
21.0003
21.0003
21.0003
21.0003
21.0003
21.0003
21.0003
21.0003
21.0003
21.0003
21.0003
21.0003
21.0003
21.0003
21.0003
21.0003
21.0003
21.0003
21.0003
21.0003
21.0003
21.0004
21.0004
21.0004
21.0004
21.0004
21.0004
21.0004
21.0004
21.0003
21.0004
21.0004
21.0004
21.0005
21.0005
21.0005
21.0005
21.0004
21.0004
21.0004
21.0004
21.0005
21.0005
21.0005
21.0005
21.0005
21.0005
21.0005
21.0005
21.0004
21.0005
21.0005
21.0006
21.0006
21.0006
21.0006
21.0006
21.0006
21.0005
21.0005
17.7696
17.7696
17.7696
17.7696
17.7696
17.7696
17.7696
17.7696
17.7696
17.7696
17.7696
17.7696
17.7696
17.7696
17.7696
17.7696
17.7696
17.7696
17.7696
17.7696
17.7696
17.7696
17.7696
17.7696
17.7696
17.7696
17.7696
17.7696
17.7696
17.7696
17.7696
17.7696
17.7696
17.7696
17.7696
17.7696
17.7696
17.7696
17.7696
17.7696
17.7696
17.7696
17.7696
17.7696
17.7696
17.7696
17.7696
17.7696
17.7696
17.7696
17.7696
17.7696
17.7696
17.7696
17.7696
17.7696
17.7696
17.7696
17.7696
17.7696
17.7696
17.7696
17.7696
17.7696
17.7696
17.7696
17.7696
17.7696
17.7696
17.7696
17.7696
17.7696
17.7696
17.7696
17.7696
17.7696
17.7696
17.7696
17.7696
17.7696
17.7696
17.7697
17.7697
17.7697
17.7697
17.7697
17.7697
17.7697
17.7697
17.7696
17.7697
17.7697
17.7697
17.7697
17.7697
17.7697
17.7697
17.7697
17.7697
17.7697
14.5388
14.5388
14.5388
14.5388
14.5388
14.5388
14.5388
14.5388
14.5388
14.5388
14.5388
14.5388
14.5388
14.5388
14.5388
14.5388
14.5388
14.5388
14.5388
14.5388
14.5388
14.5388
14.5388
14.5388
14.5388
14.5388
14.5388
14.5388
14.5388
14.5388
14.5388
14.5388
14.5388
14.5388
14.5388
14.5388
14.5388
14.5388
14.5388
14.5388
14.5388
14.5388
14.5388
14.5388
14.5388
14.5388
14.5388
14.5388
14.5388
14.5388
14.5388
14.5388
14.5388
14.5388
14.5388
14.5388
14.5388
14.5388
14.5388
14.5388
14.5388
14.5388
14.5388
14.5388
14.5388
14.5388
14.5388
14.5388
14.5388
14.5388
14.5388
14.5388
14.5388
14.5388
14.5388
14.5388
14.5388
14.5388
14.5388
14.5388
14.5388
14.5388
14.5388
14.5388
14.5388
14.5388
14.5388
14.5388
14.5388
14.5388
14.5388
14.5388
14.5388
14.5388
14.5388
14.5388
14.5388
14.5388
14.5388
14.5388
11.308
11.308
11.308
11.308
11.308
11.308
11.308
11.308
11.308
11.308
11.308
11.308
11.308
11.308
11.308
11.308
11.308
11.308
11.308
11.308
11.308
11.308
11.308
11.308
11.308
11.308
11.308
11.308
11.308
11.308
11.308
11.308
11.308
11.308
11.308
11.308
11.308
11.308
11.308
11.308
11.308
11.308
11.308
11.308
11.308
11.308
11.308
11.308
11.308
11.308
11.308
11.308
11.308
11.308
11.308
11.308
11.308
11.308
11.308
11.308
11.308
11.308
11.308
11.308
11.308
11.308
11.308
11.308
11.308
11.308
11.308
11.308
11.308
11.308
11.308
11.308
11.308
11.308
11.308
11.308
11.308
11.308
11.308
11.308
11.308
11.308
11.308
11.308
11.308
11.308
11.308
11.308
11.308
11.308
11.308
11.308
11.308
11.308
11.308
11.308
8.07712
8.07712
8.07712
8.07712
8.07712
8.07712
8.07712
8.07712
8.07712
8.07712
8.07712
8.07712
8.07712
8.07712
8.07712
8.07712
8.07712
8.07712
8.07712
8.07712
8.07712
8.07712
8.07712
8.07712
8.07712
8.07712
8.07712
8.07712
8.07712
8.07712
8.07712
8.07712
8.07712
8.07712
8.07712
8.07712
8.07712
8.07712
8.07712
8.07712
8.07712
8.07712
8.07712
8.07712
8.07712
8.07712
8.07712
8.07712
8.07712
8.07712
8.07711
8.07711
8.07711
8.07711
8.07711
8.07711
8.07711
8.07711
8.07711
8.07711
8.07711
8.07711
8.07712
8.07712
8.07712
8.07712
8.07712
8.07712
8.07712
8.07711
8.07712
8.07712
8.07712
8.07712
8.07712
8.07712
8.07712
8.07712
8.07712
8.07712
8.07712
8.07712
8.07712
8.07712
8.07712
8.07712
8.07712
8.07712
8.07712
8.07712
8.07712
8.07712
8.07712
8.07712
8.07712
8.07712
8.07712
8.07712
8.07712
8.07712
4.84628
4.84628
4.84628
4.84628
4.84628
4.84628
4.84628
4.84628
4.84628
4.84628
4.84628
4.84628
4.84628
4.84628
4.84628
4.84628
4.84628
4.84628
4.84628
4.84628
4.84628
4.84628
4.84628
4.84628
4.84628
4.84628
4.84628
4.84628
4.84628
4.84628
4.84628
4.84628
4.84628
4.84628
4.84628
4.84628
4.84628
4.84628
4.84628
4.84628
4.84628
4.84628
4.84628
4.84628
4.84628
4.84628
4.84628
4.84628
4.84628
4.84628
4.84628
4.84628
4.84628
4.84628
4.84628
4.84628
4.84628
4.84628
4.84628
4.84628
4.84628
4.84628
4.84628
4.84628
4.84628
4.84628
4.84628
4.84628
4.84628
4.84628
4.84628
4.84628
4.84628
4.84628
4.84628
4.84628
4.84628
4.84628
4.84628
4.84628
4.84628
4.84628
4.84628
4.84628
4.84628
4.84628
4.84628
4.84628
4.84628
4.84628
4.84628
4.84628
4.84628
4.84628
4.84628
4.84628
4.84628
4.84628
4.84628
4.84628
1.61543
1.61543
1.61543
1.61543
1.61543
1.61543
1.61543
1.61543
1.61543
1.61543
1.61543
1.61543
1.61543
1.61543
1.61543
1.61543
1.61543
1.61543
1.61543
1.61543
1.61543
1.61543
1.61543
1.61543
1.61543
1.61543
1.61543
1.61543
1.61543
1.61543
1.61543
1.61543
1.61543
1.61543
1.61543
1.61543
1.61543
1.61543
1.61543
1.61543
1.61543
1.61543
1.61543
1.61543
1.61543
1.61543
1.61543
1.61543
1.61543
1.61543
1.61543
1.61543
1.61543
1.61543
1.61543
1.61543
1.61543
1.61543
1.61543
1.61543
1.61543
1.61543
1.61543
1.61543
1.61543
1.61543
1.61543
1.61543
1.61543
1.61543
1.61543
1.61543
1.61543
1.61543
1.61543
1.61543
1.61543
1.61543
1.61543
1.61543
1.61543
1.61543
1.61543
1.61543
1.61543
1.61543
1.61543
1.61543
1.61543
1.61543
1.61543
1.61543
1.61542
1.61542
1.61542
1.61542
1.61542
1.61543
1.61543
1.61543
98.5172
97.9366
97.5719
97.3054
97.1672
97.1672
97.3054
97.5719
97.9366
98.5172
89.402
88.5543
87.9959
87.6012
87.3979
87.3979
87.6012
87.9959
88.5543
89.402
81.8345
80.859
80.2223
79.7787
79.5512
79.5512
79.7787
80.2223
80.859
81.8345
76.6096
75.6074
74.9617
74.5185
74.2914
74.2914
74.5185
74.9617
75.6074
76.6096
72.6888
71.6939
71.0561
70.6269
70.4071
70.4071
70.6269
71.0561
71.6939
72.6889
69.5132
68.5453
67.9233
67.515
67.3063
67.3063
67.515
67.9233
68.5453
69.5132
66.8939
65.9738
65.3772
64.996
64.802
64.802
64.996
65.3772
65.9738
66.8939
64.7247
63.8757
63.3168
62.9683
62.7915
62.7915
62.9683
63.3168
63.8757
64.7247
62.9256
62.164
61.6554
61.3442
61.1866
61.1866
61.3442
61.6554
62.164
62.9256
61.517
60.7554
60.3056
60.0319
59.8933
59.8933
60.0319
60.3056
60.7554
61.517
62.6064
62.7789
62.9666
63.0932
63.1587
63.1587
63.0932
62.9666
62.7789
62.6064
63.029
63.1235
63.25
63.3312
63.3727
63.3727
63.3312
63.25
63.1235
63.029
63.0063
63.0035
63.0561
63.0844
63.0985
63.0985
63.0844
63.0561
63.0035
63.0063
62.5968
62.504
62.4887
62.4704
62.4603
62.4603
62.4704
62.4887
62.504
62.5968
62.003
61.8363
61.7631
61.7073
61.678
61.678
61.7073
61.7631
61.8363
62.003
61.3337
61.1113
60.9914
60.9075
60.8638
60.8638
60.9075
60.9914
61.1113
61.3337
60.6438
60.3858
60.2321
60.13
60.0771
60.0771
60.13
60.2321
60.3858
60.6438
59.9647
59.695
59.5229
59.4123
59.3551
59.3551
59.4123
59.5229
59.695
59.9647
59.3322
59.0667
58.8881
58.776
58.7179
58.7179
58.776
58.8881
59.0667
59.3322
58.8494
58.502
58.3185
58.2057
58.1469
58.1469
58.2057
58.3185
58.502
58.8494
57.9992
57.9848
57.9866
57.9832
57.9816
57.9816
57.9832
57.9866
57.9848
57.9992
58.41
58.3934
58.3946
58.3895
58.3869
58.3869
58.3895
58.3946
58.3934
58.41
58.7502
58.7152
58.705
58.6902
58.6823
58.6823
58.6902
58.705
58.7152
58.7502
58.8037
58.7355
58.7032
58.6725
58.6562
58.6562
58.6725
58.7032
58.7355
58.8037
58.6604
58.557
58.5005
58.4538
58.429
58.429
58.4538
58.5005
58.557
58.6604
58.4144
58.2806
58.2017
58.1417
58.1101
58.1101
58.1417
58.2017
58.2806
58.4144
58.1141
57.9581
57.8612
57.7917
57.7553
57.7553
57.7917
57.8612
57.9581
58.1141
57.7863
57.6201
57.5119
57.4375
57.3987
57.3987
57.4375
57.5119
57.6201
57.7863
57.464
57.2951
57.1795
57.1028
57.0628
57.0628
57.1028
57.1795
57.2951
57.464
57.2219
56.989
56.8628
56.7823
56.7405
56.7405
56.7823
56.8628
56.989
57.2219
53.2915
53.3112
53.3362
53.3521
53.3606
53.3606
53.3521
53.3362
53.3112
53.2915
53.5017
53.5253
53.5543
53.5726
53.5823
53.5823
53.5726
53.5543
53.5253
53.5017
53.6804
53.7017
53.7304
53.7479
53.7571
53.7571
53.7479
53.7304
53.7017
53.6804
53.7667
53.7776
53.7995
53.8117
53.818
53.818
53.8117
53.7995
53.7776
53.7667
53.7814
53.7781
53.7896
53.7943
53.7966
53.7966
53.7943
53.7896
53.7781
53.7814
53.748
53.7299
53.73
53.727
53.7253
53.7253
53.727
53.73
53.7299
53.748
53.6801
53.6492
53.6387
53.629
53.6237
53.6237
53.629
53.6387
53.6492
53.6801
53.5875
53.5486
53.5297
53.515
53.507
53.507
53.515
53.5297
53.5486
53.5875
53.4881
53.4434
53.4164
53.397
53.3865
53.3865
53.397
53.4164
53.4434
53.4881
53.4272
53.3386
53.2977
53.2709
53.2568
53.2568
53.2709
53.2977
53.3386
53.4272
50.077
50.0771
50.0791
50.0792
50.0793
50.0793
50.0792
50.0791
50.0771
50.077
50.1756
50.1793
50.1846
50.1868
50.188
50.188
50.1868
50.1846
50.1793
50.1756
50.2763
50.2815
50.2884
50.2915
50.2931
50.2931
50.2915
50.2884
50.2815
50.2763
50.3449
50.348
50.3539
50.3559
50.3568
50.3568
50.3559
50.3539
50.348
50.3449
50.3833
50.3822
50.3852
50.3849
50.3846
50.3846
50.3849
50.3852
50.3822
50.3833
50.3986
50.3921
50.3913
50.3883
50.3865
50.3865
50.3883
50.3913
50.3921
50.3986
50.3954
50.3838
50.379
50.3734
50.3703
50.3703
50.3734
50.379
50.3838
50.3954
50.3781
50.3628
50.3547
50.347
50.3427
50.3427
50.347
50.3547
50.3628
50.3781
50.3561
50.3374
50.325
50.3149
50.3093
50.3093
50.3149
50.325
50.3374
50.3561
50.351
50.3092
50.2886
50.2743
50.2667
50.2667
50.2743
50.2886
50.3092
50.351
46.7654
46.7685
46.7722
46.7744
46.7755
46.7755
46.7744
46.7722
46.7685
46.7654
46.8066
46.8114
46.8168
46.82
46.8218
46.8218
46.82
46.8168
46.8114
46.8066
46.8486
46.8545
46.8611
46.8652
46.8673
46.8673
46.8652
46.8611
46.8545
46.8486
46.8803
46.8861
46.8929
46.8969
46.899
46.899
46.8969
46.8929
46.8861
46.8803
46.9018
46.9064
46.9125
46.9158
46.9175
46.9175
46.9158
46.9125
46.9064
46.9018
46.9146
46.9173
46.9221
46.9244
46.9255
46.9255
46.9244
46.9221
46.9173
46.9146
46.9196
46.9203
46.9235
46.9246
46.9251
46.9251
46.9246
46.9235
46.9203
46.9196
46.918
46.9172
46.9187
46.9188
46.9187
46.9187
46.9188
46.9187
46.9172
46.918
46.914
46.9113
46.9105
46.9091
46.9082
46.9082
46.9091
46.9105
46.9113
46.914
46.9183
46.9038
46.898
46.8938
46.8916
46.8916
46.8938
46.898
46.9038
46.9183
43.5793
43.5797
43.5803
43.5804
43.5805
43.5805
43.5804
43.5803
43.5797
43.5793
43.5966
43.5979
43.5993
43.6
43.6003
43.6003
43.6
43.5993
43.5979
43.5966
43.6164
43.6185
43.6206
43.6217
43.6223
43.6223
43.6217
43.6206
43.6185
43.6164
43.6335
43.6359
43.6383
43.6396
43.6403
43.6403
43.6396
43.6383
43.6359
43.6335
43.6473
43.6497
43.6521
43.6534
43.654
43.654
43.6534
43.6521
43.6497
43.6473
43.6582
43.6601
43.6624
43.6633
43.6638
43.6638
43.6633
43.6624
43.6601
43.6582
43.6661
43.6675
43.6694
43.67
43.6703
43.6703
43.67
43.6694
43.6675
43.6661
43.6714
43.6724
43.6738
43.6741
43.6742
43.6742
43.6741
43.6738
43.6724
43.6714
43.676
43.6763
43.6767
43.6764
43.6761
43.6761
43.6764
43.6767
43.6763
43.676
43.6841
43.6792
43.6773
43.6757
43.6748
43.6748
43.6757
43.6773
43.6792
43.6841
40.3573
40.3579
40.3585
40.3589
40.3591
40.3591
40.3589
40.3585
40.3579
40.3573
40.364
40.3649
40.3659
40.3665
40.3668
40.3668
40.3665
40.3659
40.3649
40.364
40.3716
40.3729
40.3742
40.3751
40.3755
40.3755
40.3751
40.3742
40.3729
40.3716
40.3786
40.3801
40.3817
40.3827
40.3832
40.3832
40.3827
40.3817
40.3801
40.3786
40.3847
40.3863
40.388
40.389
40.3895
40.3895
40.389
40.388
40.3863
40.3847
40.3898
40.3914
40.3931
40.394
40.3945
40.3945
40.394
40.3931
40.3914
40.3898
40.3939
40.3954
40.3969
40.3978
40.3982
40.3982
40.3978
40.3969
40.3954
40.3939
40.3969
40.3983
40.3997
40.4004
40.4007
40.4007
40.4004
40.3997
40.3983
40.3969
40.3996
40.4007
40.4016
40.402
40.4022
40.4022
40.402
40.4016
40.4007
40.3996
40.4039
40.4026
40.4024
40.4022
40.4021
40.4021
40.4022
40.4024
40.4026
40.4039
37.1424
37.1425
37.1426
37.1427
37.1427
37.1427
37.1427
37.1426
37.1425
37.1424
37.1449
37.1452
37.1455
37.1456
37.1457
37.1457
37.1456
37.1455
37.1452
37.1449
37.1481
37.1486
37.149
37.1493
37.1494
37.1494
37.1493
37.149
37.1486
37.1481
37.1514
37.152
37.1526
37.1529
37.1531
37.1531
37.1529
37.1526
37.152
37.1514
37.1546
37.1553
37.156
37.1564
37.1566
37.1566
37.1564
37.156
37.1553
37.1546
37.1576
37.1584
37.1592
37.1596
37.1598
37.1598
37.1596
37.1592
37.1584
37.1576
37.1603
37.1612
37.1619
37.1624
37.1626
37.1626
37.1624
37.1619
37.1612
37.1603
37.1627
37.1636
37.1644
37.1648
37.165
37.165
37.1648
37.1644
37.1636
37.1627
37.1652
37.166
37.1666
37.1669
37.167
37.167
37.1669
37.1666
37.166
37.1652
37.1682
37.1681
37.1683
37.1683
37.1683
37.1683
37.1683
37.1683
37.1681
37.1682
33.9168
33.917
33.9171
33.9171
33.9172
33.9172
33.9171
33.9171
33.917
33.9168
33.9177
33.9178
33.918
33.9181
33.9181
33.9181
33.9181
33.918
33.9178
33.9177
33.9187
33.919
33.9192
33.9194
33.9194
33.9194
33.9194
33.9192
33.919
33.9187
33.9199
33.9203
33.9206
33.9208
33.9209
33.9209
33.9208
33.9206
33.9203
33.9199
33.9212
33.9216
33.922
33.9222
33.9223
33.9223
33.9222
33.922
33.9216
33.9212
33.9225
33.9229
33.9233
33.9236
33.9237
33.9237
33.9236
33.9233
33.9229
33.9225
33.9237
33.9242
33.9246
33.9249
33.925
33.925
33.9249
33.9246
33.9242
33.9237
33.9248
33.9253
33.9257
33.926
33.9261
33.9261
33.926
33.9257
33.9253
33.9248
33.9259
33.9264
33.9268
33.927
33.9271
33.9271
33.927
33.9268
33.9264
33.9259
33.9272
33.9274
33.9276
33.9277
33.9277
33.9277
33.9277
33.9276
33.9274
33.9272
30.6902
30.6902
30.6902
30.6902
30.6902
30.6902
30.6902
30.6902
30.6902
30.6902
30.6904
30.6904
30.6905
30.6905
30.6905
30.6905
30.6905
30.6905
30.6904
30.6904
30.6908
30.6909
30.6909
30.691
30.691
30.691
30.691
30.6909
30.6909
30.6908
30.6913
30.6914
30.6915
30.6916
30.6916
30.6916
30.6916
30.6915
30.6914
30.6913
30.6919
30.692
30.6922
30.6923
30.6923
30.6923
30.6923
30.6922
30.692
30.6919
30.6925
30.6927
30.6929
30.693
30.693
30.693
30.693
30.6929
30.6927
30.6925
30.6931
30.6934
30.6936
30.6937
30.6938
30.6938
30.6937
30.6936
30.6934
30.6931
30.6938
30.6941
30.6943
30.6944
30.6945
30.6945
30.6944
30.6943
30.6941
30.6938
30.6945
30.6947
30.6949
30.6951
30.6951
30.6951
30.6951
30.6949
30.6947
30.6945
30.6952
30.6954
30.6955
30.6956
30.6957
30.6957
30.6956
30.6955
30.6954
30.6952
27.4608
27.4608
27.4608
27.4608
27.4608
27.4608
27.4608
27.4608
27.4608
27.4608
27.4608
27.4608
27.4608
27.4609
27.4609
27.4609
27.4609
27.4608
27.4608
27.4608
27.4609
27.4609
27.461
27.461
27.461
27.461
27.461
27.461
27.4609
27.4609
27.461
27.4611
27.4611
27.4612
27.4612
27.4612
27.4612
27.4611
27.4611
27.461
27.4612
27.4613
27.4614
27.4614
27.4615
27.4615
27.4614
27.4614
27.4613
27.4612
27.4615
27.4616
27.4617
27.4617
27.4617
27.4617
27.4617
27.4617
27.4616
27.4615
27.4617
27.4619
27.462
27.462
27.462
27.462
27.462
27.462
27.4619
27.4617
27.462
27.4621
27.4622
27.4623
27.4623
27.4623
27.4623
27.4622
27.4621
27.462
27.4623
27.4624
27.4625
27.4626
27.4626
27.4626
27.4626
27.4625
27.4624
27.4623
27.4626
27.4627
27.4628
27.4628
27.4629
27.4629
27.4628
27.4628
27.4627
27.4626
24.2308
24.2308
24.2308
24.2308
24.2308
24.2308
24.2308
24.2308
24.2308
24.2308
24.2308
24.2308
24.2308
24.2308
24.2308
24.2308
24.2308
24.2308
24.2308
24.2308
24.2308
24.2308
24.2308
24.2308
24.2308
24.2308
24.2308
24.2308
24.2308
24.2308
24.2309
24.2309
24.2309
24.2309
24.2309
24.2309
24.2309
24.2309
24.2309
24.2309
24.2309
24.231
24.231
24.231
24.231
24.231
24.231
24.231
24.231
24.2309
24.2311
24.2311
24.2311
24.2311
24.2312
24.2312
24.2311
24.2311
24.2311
24.2311
24.2312
24.2312
24.2313
24.2313
24.2313
24.2313
24.2313
24.2313
24.2312
24.2312
24.2313
24.2314
24.2314
24.2314
24.2315
24.2315
24.2314
24.2314
24.2314
24.2313
24.2315
24.2315
24.2316
24.2316
24.2316
24.2316
24.2316
24.2316
24.2315
24.2315
24.2316
24.2317
24.2317
24.2317
24.2318
24.2318
24.2317
24.2317
24.2317
24.2316
21.0003
21.0003
21.0003
21.0003
21.0003
21.0003
21.0003
21.0003
21.0003
21.0003
21.0002
21.0003
21.0003
21.0003
21.0003
21.0003
21.0003
21.0003
21.0003
21.0002
21.0002
21.0002
21.0002
21.0002
21.0002
21.0002
21.0002
21.0002
21.0002
21.0002
21.0002
21.0002
21.0003
21.0003
21.0003
21.0003
21.0003
21.0003
21.0002
21.0002
21.0003
21.0003
21.0003
21.0003
21.0003
21.0003
21.0003
21.0003
21.0003
21.0003
21.0003
21.0003
21.0003
21.0003
21.0003
21.0003
21.0003
21.0003
21.0003
21.0003
21.0003
21.0004
21.0004
21.0004
21.0004
21.0004
21.0004
21.0004
21.0004
21.0003
21.0004
21.0004
21.0004
21.0005
21.0005
21.0005
21.0005
21.0004
21.0004
21.0004
21.0004
21.0005
21.0005
21.0005
21.0005
21.0005
21.0005
21.0005
21.0005
21.0004
21.0005
21.0005
21.0006
21.0006
21.0006
21.0006
21.0006
21.0006
21.0005
21.0005
17.7696
17.7696
17.7696
17.7696
17.7696
17.7696
17.7696
17.7696
17.7696
17.7696
17.7696
17.7696
17.7696
17.7696
17.7696
17.7696
17.7696
17.7696
17.7696
17.7696
17.7696
17.7696
17.7696
17.7696
17.7696
17.7696
17.7696
17.7696
17.7696
17.7696
17.7696
17.7696
17.7696
17.7696
17.7696
17.7696
17.7696
17.7696
17.7696
17.7696
17.7696
17.7696
17.7696
17.7696
17.7696
17.7696
17.7696
17.7696
17.7696
17.7696
17.7696
17.7696
17.7696
17.7696
17.7696
17.7696
17.7696
17.7696
17.7696
17.7696
17.7696
17.7696
17.7696
17.7696
17.7696
17.7696
17.7696
17.7696
17.7696
17.7696
17.7696
17.7696
17.7696
17.7696
17.7696
17.7696
17.7696
17.7696
17.7696
17.7696
17.7696
17.7697
17.7697
17.7697
17.7697
17.7697
17.7697
17.7697
17.7697
17.7696
17.7697
17.7697
17.7697
17.7697
17.7697
17.7697
17.7697
17.7697
17.7697
17.7697
14.5388
14.5388
14.5388
14.5388
14.5388
14.5388
14.5388
14.5388
14.5388
14.5388
14.5388
14.5388
14.5388
14.5388
14.5388
14.5388
14.5388
14.5388
14.5388
14.5388
14.5388
14.5388
14.5388
14.5388
14.5388
14.5388
14.5388
14.5388
14.5388
14.5388
14.5388
14.5388
14.5388
14.5388
14.5388
14.5388
14.5388
14.5388
14.5388
14.5388
14.5388
14.5388
14.5388
14.5388
14.5388
14.5388
14.5388
14.5388
14.5388
14.5388
14.5388
14.5388
14.5388
14.5388
14.5388
14.5388
14.5388
14.5388
14.5388
14.5388
14.5388
14.5388
14.5388
14.5388
14.5388
14.5388
14.5388
14.5388
14.5388
14.5388
14.5388
14.5388
14.5388
14.5388
14.5388
14.5388
14.5388
14.5388
14.5388
14.5388
14.5388
14.5388
14.5388
14.5388
14.5388
14.5388
14.5388
14.5388
14.5388
14.5388
14.5388
14.5388
14.5388
14.5388
14.5388
14.5388
14.5388
14.5388
14.5388
14.5388
11.308
11.308
11.308
11.308
11.308
11.308
11.308
11.308
11.308
11.308
11.308
11.308
11.308
11.308
11.308
11.308
11.308
11.308
11.308
11.308
11.308
11.308
11.308
11.308
11.308
11.308
11.308
11.308
11.308
11.308
11.308
11.308
11.308
11.308
11.308
11.308
11.308
11.308
11.308
11.308
11.308
11.308
11.308
11.308
11.308
11.308
11.308
11.308
11.308
11.308
11.308
11.308
11.308
11.308
11.308
11.308
11.308
11.308
11.308
11.308
11.308
11.308
11.308
11.308
11.308
11.308
11.308
11.308
11.308
11.308
11.308
11.308
11.308
11.308
11.308
11.308
11.308
11.308
11.308
11.308
11.308
11.308
11.308
11.308
11.308
11.308
11.308
11.308
11.308
11.308
11.308
11.308
11.308
11.308
11.308
11.308
11.308
11.308
11.308
11.308
8.07712
8.07712
8.07712
8.07712
8.07712
8.07712
8.07712
8.07712
8.07712
8.07712
8.07712
8.07712
8.07712
8.07712
8.07712
8.07712
8.07712
8.07712
8.07712
8.07712
8.07712
8.07712
8.07712
8.07712
8.07712
8.07712
8.07712
8.07712
8.07712
8.07712
8.07712
8.07712
8.07712
8.07712
8.07712
8.07712
8.07712
8.07712
8.07712
8.07712
8.07712
8.07712
8.07712
8.07712
8.07712
8.07712
8.07712
8.07712
8.07712
8.07712
8.07711
8.07711
8.07711
8.07711
8.07711
8.07711
8.07711
8.07711
8.07711
8.07711
8.07711
8.07712
8.07712
8.07712
8.07712
8.07712
8.07712
8.07712
8.07711
8.07711
8.07712
8.07712
8.07712
8.07712
8.07712
8.07712
8.07712
8.07712
8.07712
8.07712
8.07712
8.07712
8.07712
8.07712
8.07712
8.07712
8.07712
8.07712
8.07712
8.07712
8.07712
8.07712
8.07712
8.07712
8.07712
8.07712
8.07712
8.07712
8.07712
8.07712
4.84628
4.84628
4.84628
4.84628
4.84628
4.84628
4.84628
4.84628
4.84628
4.84628
4.84628
4.84628
4.84628
4.84628
4.84628
4.84628
4.84628
4.84628
4.84628
4.84628
4.84628
4.84628
4.84628
4.84628
4.84628
4.84628
4.84628
4.84628
4.84628
4.84628
4.84628
4.84628
4.84628
4.84628
4.84628
4.84628
4.84628
4.84628
4.84628
4.84628
4.84628
4.84628
4.84628
4.84628
4.84628
4.84628
4.84628
4.84628
4.84628
4.84628
4.84628
4.84628
4.84628
4.84628
4.84628
4.84628
4.84628
4.84628
4.84628
4.84628
4.84628
4.84628
4.84628
4.84628
4.84628
4.84628
4.84628
4.84628
4.84628
4.84628
4.84628
4.84628
4.84628
4.84628
4.84628
4.84628
4.84628
4.84628
4.84628
4.84628
4.84628
4.84628
4.84628
4.84628
4.84628
4.84628
4.84628
4.84628
4.84628
4.84628
4.84628
4.84628
4.84628
4.84628
4.84628
4.84628
4.84628
4.84628
4.84628
4.84628
1.61543
1.61543
1.61543
1.61543
1.61543
1.61543
1.61543
1.61543
1.61543
1.61543
1.61543
1.61543
1.61543
1.61543
1.61543
1.61543
1.61543
1.61543
1.61543
1.61543
1.61543
1.61543
1.61543
1.61543
1.61543
1.61543
1.61543
1.61543
1.61543
1.61543
1.61543
1.61543
1.61543
1.61543
1.61543
1.61543
1.61543
1.61543
1.61543
1.61543
1.61543
1.61543
1.61543
1.61543
1.61543
1.61543
1.61543
1.61543
1.61543
1.61543
1.61543
1.61543
1.61543
1.61543
1.61543
1.61543
1.61543
1.61543
1.61543
1.61543
1.61543
1.61543
1.61543
1.61543
1.61543
1.61543
1.61543
1.61543
1.61543
1.61543
1.61543
1.61543
1.61543
1.61543
1.61543
1.61543
1.61543
1.61543
1.61543
1.61543
1.61543
1.61543
1.61543
1.61543
1.61543
1.61543
1.61543
1.61543
1.61543
1.61543
1.61543
1.61543
1.61543
1.61542
1.61542
1.61542
1.61542
1.61542
1.61543
1.61543
98.5172
97.9366
97.5719
97.3054
97.1672
97.1672
97.3054
97.5719
97.9366
98.5172
89.402
88.5543
87.9959
87.6012
87.3979
87.3979
87.6012
87.9959
88.5543
89.402
81.8345
80.859
80.2223
79.7787
79.5512
79.5512
79.7787
80.2223
80.859
81.8345
76.6096
75.6074
74.9617
74.5185
74.2914
74.2914
74.5185
74.9617
75.6074
76.6096
72.6889
71.6939
71.0561
70.6269
70.4071
70.4071
70.6269
71.0561
71.6939
72.6888
69.5132
68.5453
67.9233
67.515
67.3063
67.3063
67.515
67.9233
68.5453
69.5132
66.8939
65.9738
65.3772
64.996
64.802
64.802
64.996
65.3772
65.9738
66.8939
64.7247
63.8757
63.3168
62.9683
62.7915
62.7915
62.9683
63.3168
63.8757
64.7247
62.9256
62.164
61.6554
61.3442
61.1866
61.1866
61.3442
61.6554
62.164
62.9256
61.517
60.7554
60.3056
60.0319
59.8933
59.8933
60.0319
60.3056
60.7554
61.517
62.6064
62.7789
62.9666
63.0932
63.1587
63.1587
63.0932
62.9666
62.7789
62.6064
63.029
63.1235
63.25
63.3312
63.3727
63.3727
63.3312
63.25
63.1235
63.029
63.0063
63.0035
63.0561
63.0844
63.0985
63.0985
63.0844
63.0561
63.0035
63.0063
62.5968
62.504
62.4887
62.4704
62.4603
62.4603
62.4704
62.4887
62.504
62.5968
62.003
61.8363
61.7631
61.7073
61.678
61.678
61.7073
61.7631
61.8363
62.003
61.3337
61.1113
60.9914
60.9075
60.8638
60.8638
60.9075
60.9914
61.1113
61.3337
60.6438
60.3858
60.2321
60.13
60.0771
60.0771
60.13
60.2321
60.3858
60.6438
59.9647
59.695
59.5229
59.4123
59.3551
59.3551
59.4123
59.5229
59.695
59.9647
59.3322
59.0667
58.8881
58.776
58.7179
58.7179
58.776
58.8881
59.0667
59.3322
58.8494
58.502
58.3185
58.2057
58.1469
58.1469
58.2057
58.3185
58.502
58.8494
57.9992
57.9848
57.9866
57.9832
57.9816
57.9816
57.9832
57.9866
57.9848
57.9992
58.41
58.3934
58.3946
58.3895
58.3869
58.3869
58.3895
58.3946
58.3934
58.41
58.7502
58.7152
58.705
58.6902
58.6823
58.6823
58.6902
58.705
58.7152
58.7502
58.8037
58.7355
58.7032
58.6725
58.6562
58.6562
58.6725
58.7032
58.7355
58.8037
58.6604
58.557
58.5005
58.4538
58.429
58.429
58.4538
58.5005
58.557
58.6604
58.4144
58.2806
58.2017
58.1417
58.1101
58.1101
58.1417
58.2017
58.2806
58.4144
58.1141
57.9581
57.8612
57.7917
57.7553
57.7553
57.7917
57.8612
57.9581
58.1141
57.7863
57.6201
57.5119
57.4375
57.3987
57.3987
57.4375
57.5119
57.6201
57.7863
57.464
57.2951
57.1795
57.1028
57.0628
57.0628
57.1028
57.1795
57.2951
57.464
57.2219
56.989
56.8628
56.7823
56.7405
56.7405
56.7823
56.8628
56.989
57.2219
53.2915
53.3112
53.3362
53.3521
53.3606
53.3606
53.3521
53.3362
53.3112
53.2915
53.5017
53.5253
53.5543
53.5726
53.5823
53.5823
53.5726
53.5543
53.5253
53.5017
53.6804
53.7017
53.7304
53.7479
53.7571
53.7571
53.7479
53.7304
53.7017
53.6804
53.7667
53.7776
53.7995
53.8117
53.818
53.818
53.8117
53.7995
53.7776
53.7667
53.7814
53.7781
53.7896
53.7943
53.7966
53.7966
53.7943
53.7896
53.7781
53.7814
53.748
53.7299
53.73
53.727
53.7253
53.7253
53.727
53.73
53.7299
53.748
53.6801
53.6492
53.6387
53.629
53.6237
53.6237
53.629
53.6387
53.6492
53.6801
53.5875
53.5486
53.5297
53.515
53.507
53.507
53.515
53.5297
53.5486
53.5875
53.4881
53.4434
53.4164
53.397
53.3865
53.3865
53.397
53.4164
53.4434
53.4881
53.4272
53.3386
53.2977
53.2709
53.2568
53.2568
53.2709
53.2977
53.3386
53.4272
50.077
50.0771
50.0791
50.0792
50.0793
50.0793
50.0792
50.0791
50.0771
50.077
50.1756
50.1793
50.1846
50.1868
50.188
50.188
50.1868
50.1846
50.1793
50.1756
50.2763
50.2815
50.2884
50.2915
50.2931
50.2931
50.2915
50.2884
50.2815
50.2763
50.3449
50.348
50.3539
50.3559
50.3568
50.3568
50.3559
50.3539
50.348
50.3449
50.3833
50.3822
50.3852
50.3849
50.3846
50.3846
50.3849
50.3852
50.3822
50.3833
50.3986
50.3921
50.3913
50.3883
50.3865
50.3865
50.3883
50.3913
50.3921
50.3986
50.3954
50.3838
50.379
50.3734
50.3703
50.3703
50.3734
50.379
50.3838
50.3954
50.3781
50.3628
50.3547
50.347
50.3427
50.3427
50.347
50.3547
50.3628
50.3781
50.3561
50.3374
50.325
50.3149
50.3093
50.3093
50.3149
50.325
50.3374
50.3561
50.351
50.3092
50.2886
50.2743
50.2667
50.2667
50.2743
50.2886
50.3092
50.351
46.7654
46.7685
46.7722
46.7744
46.7755
46.7755
46.7744
46.7722
46.7685
46.7654
46.8066
46.8114
46.8168
46.82
46.8218
46.8218
46.82
46.8168
46.8114
46.8066
46.8486
46.8545
46.8611
46.8652
46.8673
46.8673
46.8652
46.8611
46.8546
46.8486
46.8803
46.8861
46.8929
46.8969
46.899
46.899
46.8969
46.8929
46.8861
46.8803
46.9018
46.9064
46.9125
46.9158
46.9175
46.9175
46.9158
46.9125
46.9064
46.9018
46.9146
46.9173
46.9221
46.9244
46.9255
46.9255
46.9244
46.9221
46.9173
46.9146
46.9196
46.9203
46.9235
46.9246
46.9251
46.9251
46.9246
46.9235
46.9203
46.9196
46.918
46.9172
46.9187
46.9188
46.9187
46.9187
46.9188
46.9187
46.9172
46.918
46.914
46.9113
46.9105
46.9091
46.9082
46.9082
46.9091
46.9105
46.9113
46.914
46.9183
46.9038
46.898
46.8938
46.8916
46.8916
46.8938
46.898
46.9038
46.9183
43.5793
43.5797
43.5803
43.5804
43.5805
43.5805
43.5804
43.5803
43.5797
43.5793
43.5966
43.5979
43.5993
43.6
43.6003
43.6003
43.6
43.5993
43.5979
43.5966
43.6164
43.6185
43.6206
43.6217
43.6223
43.6223
43.6217
43.6206
43.6185
43.6164
43.6335
43.6359
43.6383
43.6396
43.6403
43.6403
43.6396
43.6383
43.6359
43.6335
43.6473
43.6497
43.6521
43.6534
43.654
43.654
43.6534
43.6521
43.6497
43.6473
43.6582
43.6601
43.6624
43.6633
43.6638
43.6638
43.6633
43.6624
43.6601
43.6582
43.6661
43.6675
43.6694
43.67
43.6703
43.6703
43.67
43.6694
43.6675
43.6661
43.6714
43.6724
43.6738
43.6741
43.6742
43.6742
43.6741
43.6738
43.6724
43.6714
43.676
43.6763
43.6767
43.6764
43.6761
43.6761
43.6764
43.6767
43.6763
43.676
43.6841
43.6792
43.6773
43.6757
43.6748
43.6748
43.6757
43.6773
43.6792
43.6841
40.3573
40.3579
40.3585
40.3589
40.3591
40.3591
40.3589
40.3585
40.3579
40.3573
40.364
40.3649
40.3659
40.3665
40.3668
40.3668
40.3665
40.3659
40.3649
40.364
40.3716
40.3729
40.3742
40.3751
40.3755
40.3755
40.3751
40.3742
40.3729
40.3716
40.3786
40.3801
40.3817
40.3827
40.3832
40.3832
40.3827
40.3817
40.3801
40.3786
40.3847
40.3863
40.388
40.389
40.3895
40.3895
40.389
40.388
40.3863
40.3847
40.3898
40.3914
40.3931
40.394
40.3945
40.3945
40.394
40.3931
40.3914
40.3898
40.3939
40.3954
40.3969
40.3978
40.3982
40.3982
40.3978
40.3969
40.3954
40.3939
40.3969
40.3983
40.3997
40.4004
40.4007
40.4007
40.4004
40.3997
40.3983
40.3969
40.3996
40.4007
40.4016
40.402
40.4022
40.4022
40.402
40.4016
40.4007
40.3996
40.4039
40.4026
40.4024
40.4022
40.4021
40.4021
40.4022
40.4024
40.4026
40.4039
37.1424
37.1425
37.1426
37.1427
37.1427
37.1427
37.1427
37.1426
37.1425
37.1424
37.1449
37.1452
37.1455
37.1456
37.1457
37.1457
37.1456
37.1455
37.1452
37.1449
37.1481
37.1486
37.149
37.1493
37.1494
37.1494
37.1493
37.149
37.1486
37.1481
37.1514
37.152
37.1526
37.1529
37.1531
37.1531
37.1529
37.1526
37.152
37.1514
37.1546
37.1553
37.156
37.1564
37.1566
37.1566
37.1564
37.156
37.1553
37.1546
37.1576
37.1584
37.1592
37.1596
37.1598
37.1598
37.1596
37.1592
37.1584
37.1576
37.1603
37.1612
37.1619
37.1624
37.1626
37.1626
37.1624
37.1619
37.1612
37.1603
37.1627
37.1636
37.1644
37.1648
37.165
37.165
37.1648
37.1644
37.1636
37.1627
37.1652
37.166
37.1666
37.1669
37.167
37.167
37.1669
37.1666
37.166
37.1652
37.1682
37.1681
37.1683
37.1683
37.1683
37.1683
37.1683
37.1683
37.1681
37.1682
33.9168
33.917
33.9171
33.9171
33.9172
33.9172
33.9171
33.9171
33.917
33.9168
33.9177
33.9178
33.918
33.9181
33.9181
33.9181
33.9181
33.918
33.9178
33.9177
33.9187
33.919
33.9192
33.9194
33.9194
33.9194
33.9194
33.9192
33.919
33.9187
33.9199
33.9203
33.9206
33.9208
33.9209
33.9209
33.9208
33.9206
33.9203
33.9199
33.9212
33.9216
33.922
33.9222
33.9223
33.9223
33.9222
33.922
33.9216
33.9212
33.9225
33.9229
33.9233
33.9236
33.9237
33.9237
33.9236
33.9233
33.9229
33.9225
33.9237
33.9242
33.9246
33.9249
33.925
33.925
33.9249
33.9246
33.9242
33.9237
33.9248
33.9253
33.9257
33.926
33.9261
33.9261
33.926
33.9257
33.9253
33.9248
33.9259
33.9264
33.9268
33.927
33.9271
33.9271
33.927
33.9268
33.9264
33.9259
33.9272
33.9274
33.9276
33.9277
33.9277
33.9277
33.9277
33.9276
33.9274
33.9272
30.6902
30.6902
30.6902
30.6902
30.6902
30.6902
30.6902
30.6902
30.6902
30.6902
30.6904
30.6904
30.6905
30.6905
30.6905
30.6905
30.6905
30.6905
30.6904
30.6904
30.6908
30.6909
30.6909
30.691
30.691
30.691
30.691
30.6909
30.6909
30.6908
30.6913
30.6914
30.6915
30.6916
30.6916
30.6916
30.6916
30.6915
30.6914
30.6913
30.6919
30.692
30.6922
30.6923
30.6923
30.6923
30.6923
30.6922
30.692
30.6919
30.6925
30.6927
30.6929
30.693
30.693
30.693
30.693
30.6929
30.6927
30.6925
30.6931
30.6934
30.6936
30.6937
30.6938
30.6938
30.6937
30.6936
30.6934
30.6931
30.6938
30.6941
30.6943
30.6944
30.6945
30.6945
30.6944
30.6943
30.6941
30.6938
30.6945
30.6947
30.6949
30.6951
30.6951
30.6951
30.6951
30.6949
30.6947
30.6945
30.6952
30.6954
30.6955
30.6956
30.6957
30.6957
30.6956
30.6955
30.6954
30.6952
27.4608
27.4608
27.4608
27.4608
27.4608
27.4608
27.4608
27.4608
27.4608
27.4608
27.4608
27.4608
27.4608
27.4609
27.4609
27.4609
27.4609
27.4608
27.4608
27.4608
27.4609
27.4609
27.461
27.461
27.461
27.461
27.461
27.461
27.4609
27.4609
27.461
27.4611
27.4611
27.4612
27.4612
27.4612
27.4612
27.4611
27.4611
27.461
27.4612
27.4613
27.4614
27.4614
27.4615
27.4615
27.4614
27.4614
27.4613
27.4612
27.4615
27.4616
27.4617
27.4617
27.4617
27.4617
27.4617
27.4617
27.4616
27.4615
27.4617
27.4619
27.462
27.462
27.462
27.462
27.462
27.462
27.4619
27.4617
27.462
27.4621
27.4622
27.4623
27.4623
27.4623
27.4623
27.4622
27.4621
27.462
27.4623
27.4624
27.4625
27.4626
27.4626
27.4626
27.4626
27.4625
27.4624
27.4623
27.4626
27.4627
27.4628
27.4628
27.4629
27.4629
27.4628
27.4628
27.4627
27.4626
24.2308
24.2308
24.2308
24.2308
24.2308
24.2308
24.2308
24.2308
24.2308
24.2308
24.2308
24.2308
24.2308
24.2308
24.2308
24.2308
24.2308
24.2308
24.2308
24.2308
24.2308
24.2308
24.2308
24.2308
24.2308
24.2308
24.2308
24.2308
24.2308
24.2308
24.2309
24.2309
24.2309
24.2309
24.2309
24.2309
24.2309
24.2309
24.2309
24.2309
24.2309
24.231
24.231
24.231
24.231
24.231
24.231
24.231
24.231
24.2309
24.2311
24.2311
24.2311
24.2311
24.2312
24.2312
24.2311
24.2311
24.2311
24.2311
24.2312
24.2312
24.2313
24.2313
24.2313
24.2313
24.2313
24.2313
24.2312
24.2312
24.2313
24.2314
24.2314
24.2314
24.2315
24.2315
24.2314
24.2314
24.2314
24.2313
24.2315
24.2315
24.2316
24.2316
24.2316
24.2316
24.2316
24.2316
24.2315
24.2315
24.2316
24.2317
24.2317
24.2317
24.2318
24.2318
24.2317
24.2317
24.2317
24.2316
21.0003
21.0003
21.0003
21.0003
21.0003
21.0003
21.0003
21.0003
21.0003
21.0003
21.0002
21.0003
21.0003
21.0003
21.0003
21.0003
21.0003
21.0003
21.0003
21.0002
21.0002
21.0002
21.0002
21.0002
21.0002
21.0002
21.0002
21.0002
21.0002
21.0002
21.0002
21.0002
21.0003
21.0003
21.0003
21.0003
21.0003
21.0003
21.0002
21.0002
21.0003
21.0003
21.0003
21.0003
21.0003
21.0003
21.0003
21.0003
21.0003
21.0003
21.0003
21.0003
21.0003
21.0003
21.0003
21.0003
21.0003
21.0003
21.0003
21.0003
21.0003
21.0004
21.0004
21.0004
21.0004
21.0004
21.0004
21.0004
21.0004
21.0003
21.0004
21.0004
21.0004
21.0005
21.0005
21.0005
21.0005
21.0004
21.0004
21.0004
21.0004
21.0005
21.0005
21.0005
21.0005
21.0005
21.0005
21.0005
21.0005
21.0004
21.0005
21.0005
21.0006
21.0006
21.0006
21.0006
21.0006
21.0006
21.0005
21.0005
17.7696
17.7696
17.7696
17.7696
17.7696
17.7696
17.7696
17.7696
17.7696
17.7696
17.7696
17.7696
17.7696
17.7696
17.7696
17.7696
17.7696
17.7696
17.7696
17.7696
17.7696
17.7696
17.7696
17.7696
17.7696
17.7696
17.7696
17.7696
17.7696
17.7696
17.7696
17.7696
17.7696
17.7696
17.7696
17.7696
17.7696
17.7696
17.7696
17.7696
17.7696
17.7696
17.7696
17.7696
17.7696
17.7696
17.7696
17.7696
17.7696
17.7696
17.7696
17.7696
17.7696
17.7696
17.7696
17.7696
17.7696
17.7696
17.7696
17.7696
17.7696
17.7696
17.7696
17.7696
17.7696
17.7696
17.7696
17.7696
17.7696
17.7696
17.7696
17.7696
17.7696
17.7696
17.7696
17.7696
17.7696
17.7696
17.7696
17.7696
17.7696
17.7697
17.7697
17.7697
17.7697
17.7697
17.7697
17.7697
17.7697
17.7696
17.7697
17.7697
17.7697
17.7697
17.7697
17.7697
17.7697
17.7697
17.7697
17.7697
14.5388
14.5388
14.5388
14.5388
14.5388
14.5388
14.5388
14.5388
14.5388
14.5388
14.5388
14.5388
14.5388
14.5388
14.5388
14.5388
14.5388
14.5388
14.5388
14.5388
14.5388
14.5388
14.5388
14.5388
14.5388
14.5388
14.5388
14.5388
14.5388
14.5388
14.5388
14.5388
14.5388
14.5388
14.5388
14.5388
14.5388
14.5388
14.5388
14.5388
14.5388
14.5388
14.5388
14.5388
14.5388
14.5388
14.5388
14.5388
14.5388
14.5388
14.5388
14.5388
14.5388
14.5388
14.5388
14.5388
14.5388
14.5388
14.5388
14.5388
14.5388
14.5388
14.5388
14.5388
14.5388
14.5388
14.5388
14.5388
14.5388
14.5388
14.5388
14.5388
14.5388
14.5388
14.5388
14.5388
14.5388
14.5388
14.5388
14.5388
14.5388
14.5388
14.5388
14.5388
14.5388
14.5388
14.5388
14.5388
14.5388
14.5388
14.5388
14.5388
14.5388
14.5388
14.5388
14.5388
14.5388
14.5388
14.5388
14.5388
11.308
11.308
11.308
11.308
11.308
11.308
11.308
11.308
11.308
11.308
11.308
11.308
11.308
11.308
11.308
11.308
11.308
11.308
11.308
11.308
11.308
11.308
11.308
11.308
11.308
11.308
11.308
11.308
11.308
11.308
11.308
11.308
11.308
11.308
11.308
11.308
11.308
11.308
11.308
11.308
11.308
11.308
11.308
11.308
11.308
11.308
11.308
11.308
11.308
11.308
11.308
11.308
11.308
11.308
11.308
11.308
11.308
11.308
11.308
11.308
11.308
11.308
11.308
11.308
11.308
11.308
11.308
11.308
11.308
11.308
11.308
11.308
11.308
11.308
11.308
11.308
11.308
11.308
11.308
11.308
11.308
11.308
11.308
11.308
11.308
11.308
11.308
11.308
11.308
11.308
11.308
11.308
11.308
11.308
11.308
11.308
11.308
11.308
11.308
11.308
8.07712
8.07712
8.07712
8.07712
8.07712
8.07712
8.07712
8.07712
8.07712
8.07712
8.07712
8.07712
8.07712
8.07712
8.07712
8.07712
8.07712
8.07712
8.07712
8.07712
8.07712
8.07712
8.07712
8.07712
8.07712
8.07712
8.07712
8.07712
8.07712
8.07712
8.07712
8.07712
8.07712
8.07712
8.07712
8.07712
8.07712
8.07712
8.07712
8.07712
8.07712
8.07712
8.07712
8.07712
8.07712
8.07712
8.07712
8.07712
8.07712
8.07712
8.07711
8.07711
8.07711
8.07711
8.07711
8.07711
8.07711
8.07711
8.07711
8.07711
8.07711
8.07711
8.07711
8.07712
8.07712
8.07712
8.07712
8.07711
8.07711
8.07711
8.07712
8.07712
8.07712
8.07712
8.07712
8.07712
8.07712
8.07712
8.07712
8.07712
8.07712
8.07712
8.07712
8.07712
8.07712
8.07712
8.07712
8.07712
8.07712
8.07712
8.07712
8.07712
8.07712
8.07712
8.07712
8.07712
8.07712
8.07712
8.07712
8.07712
4.84628
4.84628
4.84628
4.84628
4.84628
4.84628
4.84628
4.84628
4.84628
4.84628
4.84628
4.84628
4.84628
4.84628
4.84628
4.84628
4.84628
4.84628
4.84628
4.84628
4.84628
4.84628
4.84628
4.84628
4.84628
4.84628
4.84628
4.84628
4.84628
4.84628
4.84628
4.84628
4.84628
4.84628
4.84628
4.84628
4.84628
4.84628
4.84628
4.84628
4.84628
4.84628
4.84628
4.84628
4.84628
4.84628
4.84628
4.84628
4.84628
4.84628
4.84628
4.84628
4.84628
4.84628
4.84628
4.84628
4.84628
4.84628
4.84628
4.84628
4.84628
4.84628
4.84628
4.84628
4.84628
4.84628
4.84628
4.84628
4.84628
4.84628
4.84628
4.84628
4.84628
4.84628
4.84628
4.84628
4.84628
4.84628
4.84628
4.84628
4.84628
4.84628
4.84628
4.84628
4.84628
4.84628
4.84628
4.84628
4.84628
4.84628
4.84628
4.84628
4.84628
4.84628
4.84628
4.84628
4.84628
4.84628
4.84628
4.84628
1.61543
1.61543
1.61543
1.61543
1.61543
1.61543
1.61543
1.61543
1.61543
1.61543
1.61543
1.61543
1.61543
1.61543
1.61543
1.61543
1.61543
1.61543
1.61543
1.61543
1.61543
1.61543
1.61543
1.61543
1.61543
1.61543
1.61543
1.61543
1.61543
1.61543
1.61543
1.61543
1.61543
1.61543
1.61543
1.61543
1.61543
1.61543
1.61543
1.61543
1.61543
1.61543
1.61543
1.61543
1.61543
1.61543
1.61543
1.61543
1.61543
1.61543
1.61543
1.61543
1.61543
1.61543
1.61543
1.61543
1.61543
1.61543
1.61543
1.61543
1.61543
1.61543
1.61543
1.61543
1.61543
1.61543
1.61543
1.61543
1.61543
1.61543
1.61543
1.61543
1.61543
1.61543
1.61543
1.61543
1.61543
1.61543
1.61543
1.61543
1.61543
1.61543
1.61543
1.61543
1.61543
1.61543
1.61543
1.61543
1.61543
1.61543
1.61543
1.61543
1.61542
1.61542
1.61542
1.61542
1.61542
1.61542
1.61543
1.61543
60.5074
59.8217
59.3869
59.11
58.9727
58.9727
59.11
59.3869
59.8217
60.5074
59.8217
59.2357
58.7936
58.4985
58.3521
58.3521
58.4985
58.7936
59.2357
59.8217
59.3869
58.7936
58.3323
58.0248
57.8729
57.8729
58.0248
58.3323
58.7936
59.3869
59.11
58.4985
58.0248
57.7112
57.5569
57.5569
57.7112
58.0248
58.4985
59.11
58.9727
58.3521
57.8729
57.5569
57.4015
57.4015
57.5569
57.8729
58.3521
58.9727
58.9727
58.3521
57.8729
57.5569
57.4015
57.4015
57.5569
57.8729
58.3521
58.9727
59.11
58.4985
58.0248
57.7112
57.5569
57.5569
57.7112
58.0248
58.4985
59.11
59.3869
58.7936
58.3323
58.0248
57.8729
57.8729
58.0248
58.3323
58.7936
59.3869
59.8217
59.2357
58.7936
58.4985
58.3521
58.3521
58.4985
58.7936
59.2357
59.8217
60.5074
59.8217
59.3869
59.11
58.9727
58.9727
59.11
59.3869
59.8217
60.5074
58.3315
58.055
57.8901
57.7814
57.7262
57.7262
57.7814
57.8901
58.055
58.3315
58.055
57.8357
57.649
57.5188
57.4536
57.4536
57.5188
57.649
57.8357
58.055
57.8901
57.649
57.4391
57.295
57.2238
57.2238
57.295
57.4391
57.649
57.8901
57.7814
57.5188
57.295
57.1436
57.0692
57.0692
57.1436
57.295
57.5188
57.7814
57.7262
57.4536
57.2238
57.0692
56.9931
56.9931
57.0692
57.2238
57.4536
57.7262
57.7262
57.4536
57.2238
57.0692
56.9931
56.9931
57.0692
57.2238
57.4536
57.7262
57.7814
57.5188
57.295
57.1436
57.0692
57.0692
57.1436
57.295
57.5188
57.7814
57.8901
57.649
57.4391
57.295
57.2238
57.2238
57.295
57.4391
57.649
57.8901
58.055
57.8357
57.649
57.5188
57.4536
57.4536
57.5188
57.649
57.8357
58.055
58.3315
58.055
57.8901
57.7814
57.7262
57.7262
57.7814
57.8901
58.055
58.3315
56.8344
56.6835
56.5902
56.5252
56.4918
56.4918
56.5252
56.5902
56.6835
56.8344
56.6835
56.5633
56.4499
56.3678
56.3264
56.3264
56.3678
56.4499
56.5633
56.6835
56.5902
56.4499
56.3176
56.2248
56.1788
56.1788
56.2248
56.3176
56.4499
56.5902
56.5252
56.3678
56.2248
56.1268
56.0784
56.0784
56.1268
56.2248
56.3678
56.5252
56.4918
56.3264
56.1788
56.0784
56.0288
56.0288
56.0784
56.1788
56.3264
56.4918
56.4918
56.3264
56.1788
56.0784
56.0288
56.0288
56.0784
56.1788
56.3264
56.4918
56.5252
56.3678
56.2248
56.1268
56.0784
56.0784
56.1268
56.2248
56.3678
56.5252
56.5902
56.4499
56.3176
56.2248
56.1788
56.1788
56.2248
56.3176
56.4499
56.5902
56.6835
56.5633
56.4499
56.3678
56.3264
56.3264
56.3678
56.4499
56.5633
56.6834
56.8344
56.6835
56.5902
56.5252
56.4918
56.4918
56.5252
56.5902
56.6834
56.8344
53.2313
53.1966
53.1773
53.1615
53.153
53.153
53.1615
53.1773
53.1966
53.2313
53.1966
53.1711
53.1363
53.1087
53.0947
53.0947
53.1087
53.1363
53.1711
53.1966
53.1773
53.1363
53.0893
53.0553
53.0385
53.0385
53.0553
53.0893
53.1363
53.1773
53.1615
53.1087
53.0553
53.0181
52.9998
52.9998
53.0181
53.0553
53.1087
53.1615
53.153
53.0947
53.0385
52.9998
52.9808
52.9808
52.9998
53.0385
53.0947
53.153
53.153
53.0947
53.0385
52.9998
52.9808
52.9808
52.9998
53.0385
53.0947
53.153
53.1615
53.1087
53.0553
53.0181
52.9998
52.9998
53.0181
53.0553
53.1087
53.1615
53.1773
53.1363
53.0893
53.0553
53.0385
53.0385
53.0553
53.0893
53.1363
53.1773
53.1966
53.1711
53.1363
53.1087
53.0947
53.0947
53.1087
53.1363
53.1711
53.1966
53.2313
53.1966
53.1773
53.1615
53.153
53.153
53.1615
53.1773
53.1966
53.2313
50.2487
50.2418
50.2377
50.2328
50.23
50.23
50.2328
50.2377
50.2418
50.2487
50.2418
50.2384
50.2261
50.2151
50.2095
50.2095
50.2151
50.2261
50.2384
50.2418
50.2377
50.2261
50.2075
50.1932
50.1862
50.1862
50.1932
50.2075
50.2261
50.2377
50.2328
50.2151
50.1932
50.1775
50.1697
50.1697
50.1775
50.1932
50.2151
50.2328
50.23
50.2095
50.1862
50.1697
50.1616
50.1616
50.1697
50.1862
50.2095
50.23
50.23
50.2095
50.1862
50.1697
50.1616
50.1616
50.1697
50.1862
50.2095
50.23
50.2328
50.2151
50.1932
50.1775
50.1697
50.1697
50.1775
50.1932
50.2151
50.2328
50.2377
50.2261
50.2075
50.1932
50.1862
50.1862
50.1932
50.2075
50.2261
50.2377
50.2418
50.2384
50.2261
50.2151
50.2095
50.2095
50.2151
50.2261
50.2384
50.2418
50.2487
50.2418
50.2377
50.2328
50.23
50.23
50.2328
50.2377
50.2418
50.2487
46.8696
46.873
46.8755
46.8761
46.8762
46.8762
46.8761
46.8755
46.873
46.8696
46.8729
46.8766
46.8744
46.8717
46.8703
46.8703
46.8717
46.8744
46.8766
46.873
46.8755
46.8744
46.8691
46.8647
46.8626
46.8626
46.8647
46.8691
46.8744
46.8755
46.8761
46.8717
46.8647
46.8595
46.8571
46.8571
46.8595
46.8647
46.8717
46.8761
46.8762
46.8703
46.8626
46.8571
46.8544
46.8544
46.8571
46.8626
46.8703
46.8762
46.8762
46.8703
46.8626
46.8571
46.8544
46.8544
46.8571
46.8626
46.8703
46.8762
46.8761
46.8717
46.8647
46.8595
46.8571
46.8571
46.8595
46.8647
46.8717
46.8761
46.8755
46.8744
46.8691
46.8647
46.8626
46.8626
46.8647
46.8691
46.8744
46.8755
46.873
46.8766
46.8744
46.8717
46.8703
46.8703
46.8717
46.8744
46.8766
46.873
46.8696
46.873
46.8755
46.8761
46.8762
46.8762
46.8761
46.8755
46.873
46.8696
43.6639
43.6681
43.6709
43.6721
43.6727
43.6727
43.6721
43.6709
43.6681
43.6639
43.6681
43.6724
43.6732
43.6731
43.673
43.673
43.6731
43.6732
43.6724
43.6681
43.6709
43.6732
43.6727
43.6719
43.6716
43.6716
43.6719
43.6727
43.6732
43.6709
43.6721
43.6731
43.6719
43.6709
43.6705
43.6705
43.6709
43.6719
43.6731
43.6721
43.6727
43.673
43.6716
43.6705
43.6699
43.6699
43.6705
43.6716
43.673
43.6727
43.6727
43.673
43.6716
43.6705
43.6699
43.6699
43.6705
43.6716
43.673
43.6727
43.6721
43.6731
43.6719
43.6709
43.6705
43.6705
43.6709
43.6719
43.6731
43.6721
43.6709
43.6732
43.6727
43.6719
43.6716
43.6716
43.6719
43.6727
43.6732
43.6709
43.6681
43.6724
43.6732
43.6731
43.673
43.673
43.6731
43.6732
43.6724
43.6681
43.6639
43.6681
43.6709
43.6721
43.6727
43.6727
43.6721
43.6709
43.6681
43.6639
40.3952
40.398
40.3998
40.4008
40.4013
40.4013
40.4008
40.3998
40.398
40.3952
40.398
40.4005
40.4015
40.4018
40.402
40.402
40.4018
40.4015
40.4005
40.398
40.3998
40.4015
40.4018
40.4018
40.4019
40.4019
40.4018
40.4018
40.4015
40.3998
40.4008
40.4018
40.4018
40.4018
40.4018
40.4018
40.4018
40.4018
40.4018
40.4008
40.4013
40.402
40.4019
40.4018
40.4017
40.4017
40.4018
40.4019
40.402
40.4013
40.4013
40.402
40.4019
40.4018
40.4017
40.4017
40.4018
40.4019
40.402
40.4013
40.4008
40.4018
40.4018
40.4018
40.4018
40.4018
40.4018
40.4018
40.4018
40.4008
40.3998
40.4015
40.4018
40.4018
40.4019
40.4019
40.4018
40.4018
40.4015
40.3998
40.398
40.4005
40.4015
40.4018
40.402
40.402
40.4018
40.4015
40.4005
40.398
40.3952
40.398
40.3998
40.4008
40.4013
40.4013
40.4008
40.3998
40.398
40.3952
37.1653
37.167
37.1682
37.1688
37.1692
37.1692
37.1688
37.1682
37.167
37.1653
37.167
37.1687
37.1695
37.17
37.1702
37.1702
37.17
37.1695
37.1687
37.167
37.1682
37.1695
37.1701
37.1705
37.1707
37.1707
37.1705
37.1701
37.1695
37.1682
37.1688
37.17
37.1705
37.1708
37.171
37.171
37.1708
37.1705
37.17
37.1688
37.1692
37.1702
37.1707
37.171
37.1712
37.1712
37.171
37.1707
37.1702
37.1692
37.1692
37.1702
37.1707
37.171
37.1712
37.1712
37.171
37.1707
37.1702
37.1692
37.1688
37.17
37.1705
37.1708
37.171
37.171
37.1708
37.1705
37.17
37.1688
37.1682
37.1695
37.1701
37.1705
37.1707
37.1707
37.1705
37.1701
37.1695
37.1682
37.167
37.1687
37.1695
37.17
37.1702
37.1702
37.17
37.1695
37.1687
37.167
37.1653
37.167
37.1682
37.1688
37.1692
37.1692
37.1688
37.1682
37.167
37.1653
33.9262
33.927
33.9276
33.928
33.9281
33.9281
33.928
33.9276
33.927
33.9262
33.927
33.9278
33.9283
33.9285
33.9286
33.9286
33.9285
33.9283
33.9278
33.927
33.9276
33.9283
33.9286
33.9288
33.929
33.929
33.9288
33.9286
33.9283
33.9276
33.928
33.9285
33.9288
33.9291
33.9292
33.9292
33.9291
33.9288
33.9285
33.928
33.9281
33.9286
33.929
33.9292
33.9293
33.9293
33.9292
33.929
33.9286
33.9281
33.9281
33.9286
33.929
33.9292
33.9293
33.9293
33.9292
33.929
33.9286
33.9281
33.928
33.9285
33.9288
33.9291
33.9292
33.9292
33.9291
33.9288
33.9285
33.928
33.9276
33.9283
33.9286
33.9288
33.929
33.929
33.9288
33.9286
33.9283
33.9276
33.927
33.9278
33.9283
33.9285
33.9286
33.9286
33.9285
33.9283
33.9278
33.927
33.9262
33.927
33.9276
33.928
33.9281
33.9281
33.928
33.9276
33.927
33.9262
30.6951
30.6955
30.6958
30.696
30.6961
30.6961
30.696
30.6958
30.6955
30.6951
30.6955
30.6959
30.6962
30.6963
30.6964
30.6964
30.6963
30.6962
30.6959
30.6955
30.6958
30.6962
30.6964
30.6966
30.6967
30.6967
30.6966
30.6964
30.6962
30.6958
30.696
30.6963
30.6966
30.6968
30.6968
30.6968
30.6968
30.6966
30.6963
30.696
30.6961
30.6964
30.6967
30.6968
30.6969
30.6969
30.6968
30.6967
30.6964
30.6961
30.6961
30.6964
30.6967
30.6968
30.6969
30.6969
30.6968
30.6967
30.6964
30.6961
30.696
30.6963
30.6966
30.6968
30.6968
30.6968
30.6968
30.6966
30.6963
30.696
30.6958
30.6962
30.6964
30.6966
30.6967
30.6967
30.6966
30.6964
30.6962
30.6958
30.6955
30.6959
30.6962
30.6963
30.6964
30.6964
30.6963
30.6962
30.6959
30.6955
30.6951
30.6955
30.6958
30.696
30.6961
30.6961
30.696
30.6958
30.6955
30.6951
27.4626
27.4628
27.4629
27.463
27.463
27.463
27.463
27.4629
27.4628
27.4626
27.4628
27.463
27.4631
27.4632
27.4632
27.4632
27.4632
27.4631
27.463
27.4628
27.4629
27.4631
27.4632
27.4633
27.4633
27.4633
27.4633
27.4632
27.4631
27.4629
27.463
27.4632
27.4633
27.4634
27.4634
27.4634
27.4634
27.4633
27.4632
27.463
27.463
27.4632
27.4633
27.4634
27.4634
27.4634
27.4634
27.4633
27.4632
27.463
27.463
27.4632
27.4633
27.4634
27.4634
27.4634
27.4634
27.4633
27.4632
27.463
27.463
27.4632
27.4633
27.4634
27.4634
27.4634
27.4634
27.4633
27.4632
27.463
27.4629
27.4631
27.4632
27.4633
27.4633
27.4633
27.4633
27.4632
27.4631
27.4629
27.4628
27.463
27.4631
27.4632
27.4632
27.4632
27.4632
27.4631
27.463
27.4628
27.4626
27.4628
27.4629
27.463
27.463
27.463
27.463
27.4629
27.4628
27.4626
24.2317
24.2318
24.2318
24.2319
24.2319
24.2319
24.2319
24.2318
24.2318
24.2317
24.2318
24.2318
24.2319
24.2319
24.232
24.232
24.2319
24.2319
24.2318
24.2318
24.2318
24.2319
24.232
24.232
24.232
24.232
24.232
24.232
24.2319
24.2318
24.2319
24.2319
24.232
24.2321
24.2321
24.2321
24.2321
24.232
24.2319
24.2319
24.2319
24.232
24.232
24.2321
24.2321
24.2321
24.2321
24.232
24.232
24.2319
24.2319
24.232
24.232
24.2321
24.2321
24.2321
24.2321
24.232
24.232
24.2319
24.2319
24.2319
24.232
24.2321
24.2321
24.2321
24.2321
24.232
24.2319
24.2319
24.2318
24.2319
24.232
24.232
24.232
24.232
24.232
24.232
24.2319
24.2318
24.2318
24.2318
24.2319
24.2319
24.232
24.232
24.2319
24.2319
24.2318
24.2318
24.2317
24.2318
24.2318
24.2319
24.2319
24.2319
24.2319
24.2318
24.2318
24.2317
21.0005
21.0006
21.0006
21.0006
21.0006
21.0006
21.0006
21.0006
21.0006
21.0005
21.0006
21.0006
21.0006
21.0007
21.0007
21.0007
21.0007
21.0006
21.0006
21.0006
21.0006
21.0006
21.0007
21.0007
21.0007
21.0007
21.0007
21.0007
21.0006
21.0006
21.0006
21.0007
21.0007
21.0007
21.0007
21.0007
21.0007
21.0007
21.0007
21.0006
21.0006
21.0007
21.0007
21.0007
21.0007
21.0007
21.0007
21.0007
21.0007
21.0006
21.0006
21.0007
21.0007
21.0007
21.0007
21.0007
21.0007
21.0007
21.0007
21.0006
21.0006
21.0007
21.0007
21.0007
21.0007
21.0007
21.0007
21.0007
21.0007
21.0006
21.0006
21.0006
21.0007
21.0007
21.0007
21.0007
21.0007
21.0007
21.0006
21.0006
21.0006
21.0006
21.0006
21.0007
21.0007
21.0007
21.0007
21.0006
21.0006
21.0006
21.0005
21.0006
21.0006
21.0006
21.0006
21.0006
21.0006
21.0006
21.0006
21.0005
17.7697
17.7697
17.7697
17.7697
17.7697
17.7697
17.7697
17.7697
17.7697
17.7697
17.7697
17.7697
17.7697
17.7697
17.7697
17.7697
17.7697
17.7697
17.7697
17.7697
17.7697
17.7697
17.7697
17.7698
17.7698
17.7698
17.7698
17.7697
17.7697
17.7697
17.7697
17.7697
17.7698
17.7698
17.7698
17.7698
17.7698
17.7698
17.7697
17.7697
17.7697
17.7697
17.7698
17.7698
17.7698
17.7698
17.7698
17.7698
17.7697
17.7697
17.7697
17.7697
17.7698
17.7698
17.7698
17.7698
17.7698
17.7698
17.7697
17.7697
17.7697
17.7697
17.7698
17.7698
17.7698
17.7698
17.7698
17.7698
17.7697
17.7697
17.7697
17.7697
17.7697
17.7698
17.7698
17.7698
17.7698
17.7697
17.7697
17.7697
17.7697
17.7697
17.7697
17.7697
17.7697
17.7697
17.7697
17.7697
17.7697
17.7697
17.7697
17.7697
17.7697
17.7697
17.7697
17.7697
17.7697
17.7697
17.7697
17.7697
14.5388
14.5388
14.5388
14.5388
14.5388
14.5388
14.5388
14.5388
14.5388
14.5388
14.5388
14.5388
14.5388
14.5388
14.5388
14.5388
14.5388
14.5388
14.5388
14.5388
14.5388
14.5388
14.5388
14.5388
14.5388
14.5388
14.5388
14.5388
14.5388
14.5388
14.5388
14.5388
14.5388
14.5388
14.5388
14.5388
14.5388
14.5388
14.5388
14.5388
14.5388
14.5388
14.5388
14.5388
14.5388
14.5388
14.5388
14.5388
14.5388
14.5388
14.5388
14.5388
14.5388
14.5388
14.5388
14.5388
14.5388
14.5388
14.5388
14.5388
14.5388
14.5388
14.5388
14.5388
14.5388
14.5388
14.5388
14.5388
14.5388
14.5388
14.5388
14.5388
14.5388
14.5388
14.5388
14.5388
14.5388
14.5388
14.5388
14.5388
14.5388
14.5388
14.5388
14.5388
14.5388
14.5388
14.5388
14.5388
14.5388
14.5388
14.5388
14.5388
14.5388
14.5388
14.5388
14.5388
14.5388
14.5388
14.5388
14.5388
11.308
11.308
11.308
11.308
11.308
11.308
11.308
11.308
11.308
11.308
11.308
11.308
11.308
11.308
11.308
11.308
11.308
11.308
11.308
11.308
11.308
11.308
11.308
11.308
11.308
11.308
11.308
11.308
11.308
11.308
11.308
11.308
11.308
11.308
11.308
11.308
11.308
11.308
11.308
11.308
11.308
11.308
11.308
11.308
11.308
11.308
11.308
11.308
11.308
11.308
11.308
11.308
11.308
11.308
11.308
11.308
11.308
11.308
11.308
11.308
11.308
11.308
11.308
11.308
11.308
11.308
11.308
11.308
11.308
11.308
11.308
11.308
11.308
11.308
11.308
11.308
11.308
11.308
11.308
11.308
11.308
11.308
11.308
11.308
11.308
11.308
11.308
11.308
11.308
11.308
11.308
11.308
11.308
11.308
11.308
11.308
11.308
11.308
11.308
11.308
8.07712
8.07712
8.07712
8.07712
8.07712
8.07712
8.07712
8.07712
8.07712
8.07712
8.07712
8.07712
8.07712
8.07712
8.07712
8.07712
8.07712
8.07712
8.07712
8.07712
8.07712
8.07712
8.07712
8.07712
8.07712
8.07712
8.07712
8.07712
8.07712
8.07712
8.07712
8.07712
8.07712
8.07712
8.07712
8.07712
8.07712
8.07712
8.07712
8.07712
8.07712
8.07712
8.07712
8.07712
8.07712
8.07712
8.07712
8.07712
8.07712
8.07712
8.07712
8.07712
8.07712
8.07712
8.07712
8.07712
8.07712
8.07712
8.07712
8.07712
8.07712
8.07712
8.07712
8.07712
8.07712
8.07712
8.07712
8.07712
8.07712
8.07712
8.07712
8.07712
8.07712
8.07712
8.07712
8.07712
8.07712
8.07712
8.07712
8.07712
8.07712
8.07712
8.07712
8.07712
8.07712
8.07712
8.07712
8.07712
8.07712
8.07712
8.07712
8.07712
8.07712
8.07712
8.07712
8.07712
8.07712
8.07712
8.07712
8.07712
4.84628
4.84628
4.84628
4.84628
4.84628
4.84628
4.84628
4.84628
4.84628
4.84628
4.84628
4.84628
4.84628
4.84628
4.84628
4.84628
4.84628
4.84628
4.84628
4.84628
4.84628
4.84628
4.84628
4.84628
4.84628
4.84628
4.84628
4.84628
4.84628
4.84628
4.84628
4.84628
4.84628
4.84628
4.84628
4.84628
4.84628
4.84628
4.84628
4.84628
4.84628
4.84628
4.84628
4.84628
4.84628
4.84628
4.84628
4.84628
4.84628
4.84628
4.84628
4.84628
4.84628
4.84628
4.84628
4.84628
4.84628
4.84628
4.84628
4.84628
4.84628
4.84628
4.84628
4.84628
4.84628
4.84628
4.84628
4.84628
4.84628
4.84628
4.84628
4.84628
4.84628
4.84628
4.84628
4.84628
4.84628
4.84628
4.84628
4.84628
4.84628
4.84628
4.84628
4.84628
4.84628
4.84628
4.84628
4.84628
4.84628
4.84628
4.84628
4.84628
4.84628
4.84628
4.84628
4.84628
4.84628
4.84628
4.84628
4.84628
1.61543
1.61542
1.61542
1.61542
1.61542
1.61542
1.61542
1.61542
1.61542
1.61543
1.61542
1.61542
1.61542
1.61542
1.61542
1.61542
1.61542
1.61542
1.61542
1.61542
1.61542
1.61542
1.61542
1.61542
1.61542
1.61542
1.61542
1.61542
1.61542
1.61542
1.61542
1.61542
1.61542
1.61542
1.61542
1.61542
1.61542
1.61542
1.61542
1.61542
1.61542
1.61542
1.61542
1.61542
1.61542
1.61542
1.61542
1.61542
1.61542
1.61542
1.61542
1.61542
1.61542
1.61542
1.61542
1.61542
1.61542
1.61542
1.61542
1.61542
1.61542
1.61542
1.61542
1.61542
1.61542
1.61542
1.61542
1.61542
1.61542
1.61542
1.61542
1.61542
1.61542
1.61542
1.61542
1.61542
1.61542
1.61542
1.61542
1.61542
1.61542
1.61542
1.61542
1.61542
1.61542
1.61542
1.61542
1.61542
1.61542
1.61542
1.61543
1.61542
1.61542
1.61542
1.61542
1.61542
1.61542
1.61542
1.61543
1.61543
)
;

boundaryField
{
    fixedWalls
    {
        type            zeroGradient;
    }
    inlet
    {
        type            fixedGradient;
        gradient        uniform 0;
    }
    outlet
    {
        type            fixedValue;
        value           uniform 0;
    }
}


// ************************************************************************* //
