/*--------------------------------*- C++ -*----------------------------------*\
| =========                 |                                                 |
| \\      /  F ield         | OpenFOAM: The Open Source CFD Toolbox           |
|  \\    /   O peration     | Version:  2106                                  |
|   \\  /    A nd           | Website:  www.openfoam.com                      |
|    \\/     M anipulation  |                                                 |
\*---------------------------------------------------------------------------*/
FoamFile
{
    version     2.0;
    format      ascii;
    arch        "LSB;label=32;scalar=64";
    class       volScalarField;
    location    "0.32";
    object      p;
}
// * * * * * * * * * * * * * * * * * * * * * * * * * * * * * * * * * * * * * //

dimensions      [0 2 -2 0 0 0 0];

internalField   nonuniform List<scalar> 
10000
(
99.3756
98.795
98.4303
98.1637
98.0255
98.0255
98.1637
98.4303
98.795
99.3756
90.2561
89.408
88.8494
88.4545
88.2511
88.2511
88.4545
88.8494
89.408
90.2561
82.6833
81.7073
81.0701
80.6263
80.3985
80.3985
80.6263
81.0701
81.7073
82.6833
77.4541
76.4515
75.8053
75.3618
75.1346
75.1346
75.3618
75.8053
76.4515
77.4541
73.5309
72.5358
71.8977
71.4685
71.2488
71.2488
71.4685
71.8977
72.5358
73.5309
70.3548
69.3873
68.7655
68.3575
68.1491
68.1491
68.3575
68.7655
69.3873
70.3548
67.7372
66.8183
66.2225
65.8422
65.6486
65.6486
65.8422
66.2225
66.8183
67.7372
65.5717
64.7249
64.1676
63.8204
63.6444
63.6444
63.8204
64.1676
64.7249
65.5717
63.7779
63.0194
62.5134
62.2041
62.0475
62.0475
62.2041
62.5134
63.0194
63.7779
62.3742
61.6182
61.1722
60.9013
60.764
60.764
60.9013
61.1722
61.6182
62.3742
63.4944
63.6666
63.8539
63.9802
64.0456
64.0456
63.9802
63.8539
63.6666
63.4944
63.9097
64.0036
64.1294
64.2102
64.2515
64.2515
64.2102
64.1294
64.0036
63.9097
63.879
63.8754
63.9271
63.9548
63.9686
63.9686
63.9548
63.9271
63.8754
63.879
63.4631
63.3694
63.3531
63.3342
63.3238
63.3238
63.3342
63.3531
63.3694
63.4631
62.8645
62.6969
62.6228
62.5665
62.5369
62.5369
62.5665
62.6228
62.6969
62.8645
62.1917
61.9687
61.848
61.7638
61.7199
61.7199
61.7638
61.848
61.9687
62.1917
61.4997
61.2414
61.0871
60.9848
60.9318
60.9318
60.9848
61.0871
61.2414
61.4997
60.8196
60.5499
60.3774
60.2668
60.2097
60.2097
60.2668
60.3774
60.5499
60.8196
60.1863
59.9213
59.7429
59.6312
59.5733
59.5733
59.6312
59.7429
59.9213
60.1863
59.7001
59.3566
59.1748
59.0632
59.005
59.005
59.0632
59.1748
59.3566
59.7001
58.8938
58.8791
58.8804
58.8767
58.8751
58.8751
58.8767
58.8804
58.8791
58.8938
59.296
59.2787
59.2791
59.2736
59.2707
59.2707
59.2736
59.2791
59.2787
59.296
59.6267
59.5907
59.5794
59.564
59.5558
59.5558
59.564
59.5794
59.5907
59.6267
59.6725
59.6032
59.5696
59.5382
59.5215
59.5215
59.5382
59.5696
59.6032
59.6725
59.523
59.4185
59.3606
59.3132
59.2881
59.2881
59.3132
59.3606
59.4185
59.523
59.272
59.1371
59.0569
58.9962
58.9643
58.9643
58.9962
59.0569
59.1371
59.272
58.9677
58.8107
58.7124
58.6423
58.6057
58.6057
58.6423
58.7124
58.8107
58.9677
58.6368
58.4695
58.3599
58.285
58.2459
58.2459
58.285
58.3599
58.4695
58.6368
58.311
58.1414
58.0249
57.9479
57.9077
57.9077
57.9479
58.0249
58.1414
58.311
58.0622
57.8321
57.7066
57.6266
57.585
57.585
57.6266
57.7066
57.8321
58.0622
54.1688
54.1882
54.2127
54.2284
54.2367
54.2367
54.2284
54.2127
54.1882
54.1688
54.3711
54.394
54.4222
54.4402
54.4496
54.4496
54.4402
54.4222
54.394
54.3711
54.5411
54.5614
54.5891
54.606
54.6149
54.6149
54.606
54.5891
54.5614
54.5411
54.6201
54.6299
54.6506
54.6621
54.6681
54.6681
54.6621
54.6506
54.6299
54.6201
54.6288
54.6243
54.6345
54.6385
54.6405
54.6405
54.6385
54.6345
54.6243
54.6288
54.5904
54.571
54.5698
54.5661
54.564
54.564
54.5661
54.5698
54.571
54.5904
54.5182
54.4861
54.4741
54.4637
54.4581
54.4581
54.4637
54.4741
54.4861
54.5182
54.422
54.3817
54.3614
54.346
54.3377
54.3377
54.346
54.3614
54.3817
54.422
54.3187
54.2728
54.2446
54.2248
54.2141
54.2141
54.2248
54.2446
54.2728
54.3187
54.2508
54.1642
54.1235
54.0969
54.0828
54.0828
54.0969
54.1235
54.1642
54.2508
50.9176
50.9174
50.919
50.919
50.919
50.919
50.919
50.919
50.9174
50.9176
51.0102
51.0134
51.018
51.0199
51.021
51.021
51.0199
51.018
51.0134
51.0102
51.1042
51.1086
51.1147
51.1173
51.1187
51.1187
51.1173
51.1147
51.1086
51.1042
51.1671
51.1693
51.1742
51.1756
51.1763
51.1763
51.1756
51.1742
51.1693
51.1671
51.2007
51.1985
51.2005
51.1996
51.199
51.199
51.1996
51.2005
51.1985
51.2007
51.2118
51.2042
51.2023
51.1987
51.1966
51.1966
51.1987
51.2023
51.2042
51.2118
51.205
51.1922
51.1862
51.18
51.1766
51.1766
51.18
51.1862
51.1922
51.205
51.1845
51.168
51.1586
51.1503
51.1457
51.1457
51.1503
51.1586
51.168
51.1845
51.1591
51.1392
51.1257
51.1152
51.1094
51.1094
51.1152
51.1257
51.1392
51.1591
51.1482
51.1077
51.087
51.0727
51.0652
51.0652
51.0727
51.087
51.1077
51.1482
47.5575
47.5603
47.5638
47.5659
47.567
47.567
47.5659
47.5638
47.5603
47.5575
47.5947
47.5992
47.6041
47.6072
47.6088
47.6088
47.6072
47.6041
47.5992
47.5947
47.6323
47.6377
47.6437
47.6474
47.6494
47.6494
47.6474
47.6437
47.6377
47.6323
47.6601
47.6652
47.6713
47.6749
47.6768
47.6768
47.6749
47.6713
47.6652
47.6601
47.6782
47.6821
47.6874
47.6903
47.6918
47.6918
47.6903
47.6874
47.6821
47.6782
47.688
47.6899
47.6938
47.6957
47.6966
47.6966
47.6957
47.6938
47.6899
47.688
47.6903
47.6902
47.6924
47.6931
47.6934
47.6934
47.6931
47.6924
47.6902
47.6903
47.6863
47.6845
47.6851
47.6847
47.6844
47.6844
47.6847
47.6851
47.6845
47.6863
47.6797
47.6761
47.6745
47.6727
47.6717
47.6717
47.6727
47.6745
47.6761
47.6797
47.68
47.6661
47.6601
47.6559
47.6536
47.6536
47.6559
47.6601
47.6661
47.68
44.317
44.3173
44.3177
44.3178
44.3179
44.3179
44.3178
44.3177
44.3173
44.317
44.3321
44.3331
44.3343
44.3348
44.3351
44.3351
44.3348
44.3343
44.3331
44.3321
44.3493
44.351
44.3527
44.3537
44.3542
44.3542
44.3537
44.3527
44.351
44.3493
44.364
44.366
44.368
44.369
44.3696
44.3696
44.369
44.368
44.366
44.364
44.3757
44.3776
44.3795
44.3805
44.381
44.381
44.3805
44.3795
44.3776
44.3757
44.3846
44.386
44.3877
44.3884
44.3887
44.3887
44.3884
44.3877
44.386
44.3846
44.3907
44.3916
44.3928
44.3932
44.3933
44.3933
44.3932
44.3928
44.3916
44.3907
44.3945
44.3948
44.3956
44.3955
44.3955
44.3955
44.3955
44.3956
44.3948
44.3945
44.3973
44.3969
44.3968
44.3962
44.3958
44.3958
44.3962
44.3968
44.3969
44.3973
44.4029
44.3981
44.396
44.3944
44.3935
44.3935
44.3944
44.396
44.3981
44.4029
41.0388
41.0394
41.0399
41.0403
41.0404
41.0404
41.0403
41.0399
41.0394
41.0388
41.0444
41.0452
41.046
41.0466
41.0469
41.0469
41.0466
41.0461
41.0452
41.0444
41.0506
41.0518
41.0529
41.0536
41.054
41.054
41.0536
41.0529
41.0518
41.0506
41.0563
41.0577
41.059
41.0598
41.0602
41.0602
41.0598
41.059
41.0577
41.0563
41.0612
41.0626
41.064
41.0648
41.0653
41.0653
41.0648
41.064
41.0626
41.0612
41.0652
41.0665
41.0679
41.0686
41.069
41.069
41.0686
41.0679
41.0665
41.0652
41.0683
41.0694
41.0706
41.0712
41.0715
41.0715
41.0712
41.0706
41.0694
41.0683
41.0703
41.0712
41.0722
41.0727
41.073
41.073
41.0727
41.0722
41.0712
41.0703
41.0719
41.0725
41.0732
41.0734
41.0735
41.0735
41.0734
41.0732
41.0725
41.0719
41.0747
41.0734
41.0731
41.0728
41.0726
41.0726
41.0728
41.0731
41.0734
41.0747
37.7677
37.7678
37.7679
37.7679
37.7679
37.7679
37.7679
37.7679
37.7678
37.7677
37.7697
37.77
37.7702
37.7703
37.7703
37.7703
37.7703
37.7702
37.77
37.7697
37.7723
37.7727
37.773
37.7732
37.7733
37.7733
37.7732
37.773
37.7727
37.7723
37.775
37.7755
37.776
37.7762
37.7764
37.7764
37.7762
37.776
37.7755
37.775
37.7776
37.7782
37.7787
37.779
37.7792
37.7792
37.779
37.7787
37.7782
37.7776
37.7799
37.7806
37.7812
37.7815
37.7816
37.7816
37.7815
37.7812
37.7806
37.7799
37.7821
37.7827
37.7833
37.7836
37.7838
37.7838
37.7836
37.7833
37.7827
37.7821
37.784
37.7846
37.7852
37.7854
37.7856
37.7856
37.7854
37.7852
37.7846
37.784
37.7858
37.7863
37.7867
37.7869
37.787
37.787
37.7869
37.7867
37.7863
37.7858
37.788
37.7879
37.7879
37.7879
37.7879
37.7879
37.7879
37.7879
37.7879
37.788
34.4866
34.4867
34.4868
34.4868
34.4868
34.4868
34.4868
34.4868
34.4867
34.4866
34.4872
34.4873
34.4875
34.4876
34.4876
34.4876
34.4876
34.4875
34.4873
34.4872
34.488
34.4883
34.4884
34.4886
34.4886
34.4886
34.4886
34.4884
34.4883
34.488
34.489
34.4893
34.4895
34.4897
34.4897
34.4897
34.4897
34.4895
34.4893
34.489
34.49
34.4903
34.4906
34.4908
34.4909
34.4909
34.4908
34.4906
34.4903
34.49
34.4909
34.4913
34.4916
34.4918
34.4919
34.4919
34.4918
34.4916
34.4913
34.4909
34.4918
34.4922
34.4925
34.4927
34.4928
34.4928
34.4927
34.4925
34.4922
34.4918
34.4926
34.493
34.4934
34.4935
34.4936
34.4936
34.4935
34.4934
34.493
34.4926
34.4934
34.4938
34.4941
34.4942
34.4943
34.4943
34.4942
34.4941
34.4938
34.4934
34.4944
34.4944
34.4946
34.4946
34.4947
34.4947
34.4946
34.4946
34.4944
34.4944
31.2049
31.2049
31.2049
31.2049
31.2049
31.2049
31.2049
31.2049
31.2049
31.2049
31.2051
31.2051
31.2051
31.2051
31.2052
31.2052
31.2051
31.2051
31.2051
31.2051
31.2054
31.2054
31.2055
31.2055
31.2055
31.2055
31.2055
31.2055
31.2054
31.2054
31.2058
31.2059
31.206
31.206
31.206
31.206
31.206
31.206
31.2059
31.2058
31.2063
31.2064
31.2065
31.2066
31.2066
31.2066
31.2066
31.2065
31.2064
31.2063
31.2068
31.2069
31.207
31.2071
31.2072
31.2072
31.2071
31.207
31.2069
31.2068
31.2073
31.2075
31.2076
31.2077
31.2077
31.2077
31.2077
31.2076
31.2075
31.2073
31.2078
31.208
31.2081
31.2082
31.2083
31.2083
31.2082
31.2081
31.208
31.2078
31.2083
31.2085
31.2086
31.2087
31.2088
31.2088
31.2087
31.2086
31.2085
31.2083
31.2089
31.209
31.2091
31.2091
31.2092
31.2092
31.2091
31.2091
31.209
31.2089
27.9209
27.9209
27.9209
27.9209
27.9209
27.9209
27.9209
27.9209
27.9209
27.9209
27.9209
27.921
27.921
27.921
27.921
27.921
27.921
27.921
27.921
27.9209
27.921
27.921
27.9211
27.9211
27.9211
27.9211
27.9211
27.9211
27.921
27.921
27.9211
27.9212
27.9212
27.9213
27.9213
27.9213
27.9213
27.9212
27.9212
27.9211
27.9213
27.9214
27.9214
27.9215
27.9215
27.9215
27.9215
27.9214
27.9214
27.9213
27.9215
27.9216
27.9216
27.9217
27.9217
27.9217
27.9217
27.9216
27.9216
27.9215
27.9217
27.9218
27.9219
27.9219
27.9219
27.9219
27.9219
27.9219
27.9218
27.9217
27.9219
27.922
27.9221
27.9221
27.9222
27.9222
27.9221
27.9221
27.922
27.9219
27.9221
27.9222
27.9223
27.9223
27.9224
27.9224
27.9223
27.9223
27.9222
27.9221
27.9223
27.9224
27.9225
27.9225
27.9225
27.9225
27.9225
27.9225
27.9224
27.9223
24.6366
24.6366
24.6366
24.6366
24.6366
24.6366
24.6366
24.6366
24.6366
24.6366
24.6366
24.6366
24.6366
24.6366
24.6366
24.6366
24.6366
24.6366
24.6366
24.6366
24.6366
24.6367
24.6367
24.6367
24.6367
24.6367
24.6367
24.6367
24.6367
24.6366
24.6367
24.6367
24.6367
24.6367
24.6367
24.6367
24.6367
24.6367
24.6367
24.6367
24.6368
24.6368
24.6368
24.6368
24.6368
24.6368
24.6368
24.6368
24.6368
24.6368
24.6369
24.6369
24.6369
24.6369
24.6369
24.6369
24.6369
24.6369
24.6369
24.6369
24.637
24.637
24.637
24.6371
24.6371
24.6371
24.6371
24.637
24.637
24.637
24.6371
24.6371
24.6372
24.6372
24.6372
24.6372
24.6372
24.6372
24.6371
24.6371
24.6372
24.6372
24.6373
24.6373
24.6373
24.6373
24.6373
24.6373
24.6372
24.6372
24.6373
24.6374
24.6374
24.6374
24.6374
24.6374
24.6374
24.6374
24.6374
24.6373
21.3519
21.3519
21.3519
21.3519
21.3519
21.3519
21.3519
21.3519
21.3519
21.3519
21.3519
21.3519
21.3519
21.3519
21.3519
21.3519
21.3519
21.3519
21.3519
21.3519
21.3519
21.3519
21.3519
21.3519
21.3519
21.3519
21.3519
21.3519
21.3519
21.3519
21.3519
21.3519
21.3519
21.3519
21.3519
21.3519
21.3519
21.3519
21.3519
21.3519
21.3519
21.3519
21.3519
21.3519
21.3519
21.3519
21.3519
21.3519
21.3519
21.3519
21.3519
21.352
21.352
21.352
21.352
21.352
21.352
21.352
21.352
21.3519
21.352
21.352
21.352
21.352
21.352
21.352
21.352
21.352
21.352
21.352
21.352
21.352
21.3521
21.3521
21.3521
21.3521
21.3521
21.3521
21.352
21.352
21.3521
21.3521
21.3521
21.3521
21.3521
21.3521
21.3521
21.3521
21.3521
21.3521
21.3521
21.3521
21.3522
21.3522
21.3522
21.3522
21.3522
21.3522
21.3521
21.3521
18.0671
18.0671
18.0671
18.0671
18.0671
18.0671
18.0671
18.0671
18.0671
18.0671
18.0671
18.0671
18.0671
18.0671
18.0671
18.0671
18.0671
18.0671
18.0671
18.0671
18.0671
18.0671
18.0671
18.0671
18.0671
18.0671
18.0671
18.0671
18.0671
18.0671
18.0671
18.0671
18.0671
18.0671
18.0671
18.0671
18.0671
18.0671
18.0671
18.0671
18.0671
18.0671
18.0671
18.0671
18.0671
18.0671
18.0671
18.0671
18.0671
18.0671
18.0671
18.0671
18.0671
18.0671
18.0671
18.0671
18.0671
18.0671
18.0671
18.0671
18.0671
18.0671
18.0671
18.0671
18.0671
18.0671
18.0671
18.0671
18.0671
18.0671
18.0671
18.0671
18.0671
18.0671
18.0672
18.0672
18.0671
18.0671
18.0671
18.0671
18.0672
18.0672
18.0672
18.0672
18.0672
18.0672
18.0672
18.0672
18.0672
18.0672
18.0672
18.0672
18.0672
18.0672
18.0672
18.0672
18.0672
18.0672
18.0672
18.0672
14.7822
14.7822
14.7822
14.7822
14.7822
14.7822
14.7822
14.7822
14.7822
14.7822
14.7822
14.7822
14.7822
14.7822
14.7822
14.7822
14.7822
14.7822
14.7822
14.7822
14.7822
14.7822
14.7822
14.7822
14.7822
14.7822
14.7822
14.7822
14.7822
14.7822
14.7822
14.7822
14.7822
14.7822
14.7822
14.7822
14.7822
14.7822
14.7822
14.7822
14.7822
14.7822
14.7822
14.7822
14.7822
14.7822
14.7822
14.7822
14.7822
14.7822
14.7822
14.7822
14.7822
14.7822
14.7822
14.7822
14.7822
14.7822
14.7822
14.7822
14.7822
14.7822
14.7822
14.7822
14.7822
14.7822
14.7822
14.7822
14.7822
14.7822
14.7822
14.7822
14.7822
14.7822
14.7822
14.7822
14.7822
14.7822
14.7822
14.7822
14.7822
14.7822
14.7822
14.7822
14.7822
14.7822
14.7822
14.7822
14.7822
14.7822
14.7822
14.7822
14.7822
14.7822
14.7822
14.7822
14.7822
14.7822
14.7822
14.7822
11.4973
11.4973
11.4973
11.4973
11.4973
11.4973
11.4973
11.4973
11.4973
11.4973
11.4973
11.4973
11.4973
11.4973
11.4973
11.4973
11.4973
11.4973
11.4973
11.4973
11.4973
11.4973
11.4973
11.4973
11.4973
11.4973
11.4973
11.4973
11.4973
11.4973
11.4973
11.4973
11.4973
11.4973
11.4973
11.4973
11.4973
11.4973
11.4973
11.4972
11.4973
11.4973
11.4973
11.4973
11.4973
11.4973
11.4973
11.4973
11.4973
11.4973
11.4973
11.4973
11.4973
11.4973
11.4973
11.4973
11.4973
11.4973
11.4973
11.4973
11.4973
11.4973
11.4973
11.4973
11.4973
11.4973
11.4973
11.4973
11.4973
11.4973
11.4973
11.4973
11.4973
11.4973
11.4973
11.4973
11.4973
11.4973
11.4973
11.4973
11.4973
11.4973
11.4973
11.4973
11.4973
11.4973
11.4973
11.4973
11.4973
11.4973
11.4973
11.4973
11.4973
11.4973
11.4973
11.4973
11.4973
11.4973
11.4973
11.4973
8.21233
8.21233
8.21233
8.21233
8.21233
8.21233
8.21233
8.21233
8.21233
8.21233
8.21233
8.21233
8.21233
8.21233
8.21232
8.21232
8.21232
8.21232
8.21233
8.21233
8.21232
8.21232
8.21232
8.21232
8.21232
8.21232
8.21232
8.21232
8.21232
8.21232
8.21232
8.21232
8.21232
8.21232
8.21232
8.21232
8.21232
8.21232
8.21232
8.21232
8.21232
8.21232
8.21232
8.21232
8.21232
8.21232
8.21232
8.21232
8.21232
8.21232
8.21232
8.21232
8.21232
8.21232
8.21232
8.21232
8.21232
8.21232
8.21232
8.21232
8.21232
8.21232
8.21232
8.21233
8.21233
8.21233
8.21232
8.21232
8.21232
8.21232
8.21233
8.21233
8.21233
8.21233
8.21233
8.21233
8.21233
8.21233
8.21233
8.21232
8.21233
8.21233
8.21233
8.21233
8.21233
8.21233
8.21233
8.21233
8.21233
8.21233
8.21233
8.21233
8.21233
8.21233
8.21233
8.21233
8.21233
8.21233
8.21233
8.21233
4.9274
4.9274
4.9274
4.9274
4.9274
4.9274
4.9274
4.9274
4.9274
4.92739
4.92739
4.92739
4.92739
4.92739
4.92739
4.92739
4.92739
4.92739
4.92739
4.92739
4.92739
4.92739
4.92739
4.92739
4.92739
4.92739
4.92739
4.92739
4.92739
4.92739
4.92739
4.92739
4.92739
4.92739
4.92739
4.92739
4.92739
4.92739
4.92739
4.92739
4.92739
4.92739
4.92739
4.92739
4.92739
4.92739
4.92739
4.92739
4.92739
4.92739
4.92739
4.92739
4.92739
4.92739
4.92739
4.92739
4.92739
4.92739
4.92739
4.92739
4.92739
4.92739
4.92739
4.92739
4.92739
4.92739
4.92739
4.92739
4.92739
4.92739
4.92739
4.92739
4.92739
4.92739
4.92739
4.92739
4.92739
4.92739
4.92739
4.92739
4.92739
4.92739
4.92739
4.92739
4.92739
4.92739
4.92739
4.92739
4.92739
4.92739
4.92739
4.92739
4.92739
4.92739
4.92739
4.92739
4.92739
4.92739
4.92739
4.92739
1.64247
1.64247
1.64247
1.64247
1.64247
1.64247
1.64247
1.64247
1.64247
1.64247
1.64246
1.64246
1.64246
1.64246
1.64246
1.64246
1.64246
1.64246
1.64246
1.64246
1.64246
1.64246
1.64246
1.64246
1.64246
1.64246
1.64246
1.64246
1.64246
1.64246
1.64246
1.64246
1.64246
1.64246
1.64246
1.64246
1.64246
1.64246
1.64246
1.64246
1.64246
1.64246
1.64246
1.64246
1.64246
1.64246
1.64246
1.64246
1.64246
1.64246
1.64246
1.64246
1.64246
1.64246
1.64246
1.64246
1.64246
1.64246
1.64246
1.64246
1.64246
1.64246
1.64246
1.64246
1.64246
1.64246
1.64246
1.64246
1.64246
1.64246
1.64246
1.64246
1.64246
1.64246
1.64246
1.64246
1.64246
1.64246
1.64246
1.64246
1.64246
1.64246
1.64246
1.64246
1.64246
1.64246
1.64246
1.64246
1.64246
1.64246
1.64246
1.64246
1.64246
1.64246
1.64246
1.64246
1.64246
1.64246
1.64246
1.64246
99.3756
98.795
98.4303
98.1637
98.0255
98.0255
98.1637
98.4303
98.795
99.3756
90.2561
89.4081
88.8494
88.4545
88.2511
88.2511
88.4545
88.8494
89.4081
90.2561
82.6833
81.7073
81.0701
80.6263
80.3985
80.3985
80.6263
81.0701
81.7073
82.6833
77.4541
76.4515
75.8053
75.3618
75.1346
75.1346
75.3619
75.8053
76.4515
77.4541
73.5309
72.5358
71.8977
71.4685
71.2488
71.2488
71.4685
71.8977
72.5358
73.5309
70.3548
69.3873
68.7655
68.3576
68.1491
68.1491
68.3576
68.7655
69.3873
70.3548
67.7372
66.8183
66.2225
65.8422
65.6486
65.6486
65.8422
66.2225
66.8183
67.7372
65.5717
64.7249
64.1676
63.8204
63.6444
63.6444
63.8204
64.1676
64.7249
65.5717
63.7779
63.0194
62.5134
62.2041
62.0476
62.0476
62.2041
62.5134
63.0194
63.7779
62.3742
61.6182
61.1722
60.9013
60.764
60.764
60.9013
61.1722
61.6182
62.3742
63.4944
63.6666
63.8539
63.9802
64.0456
64.0456
63.9802
63.8539
63.6666
63.4944
63.9097
64.0036
64.1294
64.2102
64.2516
64.2516
64.2102
64.1294
64.0036
63.9097
63.879
63.8754
63.9271
63.9548
63.9686
63.9686
63.9548
63.9271
63.8754
63.879
63.4631
63.3694
63.3531
63.3342
63.3238
63.3238
63.3342
63.3531
63.3694
63.4632
62.8645
62.6969
62.6228
62.5665
62.5369
62.5369
62.5665
62.6228
62.697
62.8645
62.1917
61.9687
61.848
61.7638
61.7199
61.7199
61.7638
61.848
61.9687
62.1918
61.4997
61.2414
61.0871
60.9848
60.9318
60.9318
60.9848
61.0871
61.2414
61.4997
60.8196
60.5499
60.3774
60.2668
60.2097
60.2097
60.2668
60.3774
60.5499
60.8196
60.1863
59.9213
59.7429
59.6312
59.5733
59.5733
59.6312
59.7429
59.9213
60.1864
59.7001
59.3566
59.1748
59.0632
59.005
59.005
59.0632
59.1748
59.3566
59.7002
58.8938
58.8791
58.8804
58.8767
58.8751
58.8751
58.8767
58.8804
58.8791
58.8938
59.296
59.2787
59.2791
59.2736
59.2707
59.2707
59.2736
59.2791
59.2787
59.296
59.6267
59.5907
59.5794
59.564
59.5558
59.5558
59.564
59.5794
59.5907
59.6267
59.6725
59.6032
59.5696
59.5382
59.5215
59.5215
59.5382
59.5696
59.6032
59.6725
59.523
59.4185
59.3606
59.3132
59.2881
59.2881
59.3132
59.3606
59.4185
59.523
59.272
59.1371
59.0569
58.9962
58.9643
58.9643
58.9962
59.0569
59.1371
59.272
58.9677
58.8107
58.7124
58.6423
58.6057
58.6057
58.6424
58.7124
58.8107
58.9677
58.6368
58.4695
58.3599
58.285
58.246
58.246
58.285
58.3599
58.4695
58.6368
58.311
58.1414
58.0249
57.9479
57.9077
57.9077
57.9479
58.0249
58.1414
58.311
58.0622
57.8321
57.7066
57.6266
57.585
57.585
57.6266
57.7066
57.8321
58.0622
54.1688
54.1882
54.2127
54.2284
54.2367
54.2367
54.2284
54.2127
54.1882
54.1688
54.3711
54.394
54.4223
54.4402
54.4496
54.4496
54.4402
54.4223
54.394
54.3711
54.5411
54.5614
54.5891
54.606
54.6149
54.6149
54.606
54.5891
54.5614
54.5411
54.6201
54.6299
54.6506
54.6621
54.6681
54.6681
54.6621
54.6506
54.6299
54.6201
54.6288
54.6243
54.6345
54.6385
54.6405
54.6405
54.6385
54.6345
54.6243
54.6288
54.5904
54.571
54.5698
54.5661
54.564
54.564
54.5661
54.5698
54.571
54.5904
54.5182
54.4861
54.4741
54.4637
54.4581
54.4581
54.4637
54.4741
54.4861
54.5182
54.422
54.3817
54.3614
54.346
54.3377
54.3377
54.346
54.3614
54.3817
54.422
54.3187
54.2728
54.2446
54.2248
54.2141
54.2141
54.2248
54.2446
54.2728
54.3187
54.2508
54.1642
54.1235
54.0969
54.0828
54.0828
54.0969
54.1235
54.1642
54.2508
50.9176
50.9174
50.919
50.919
50.919
50.919
50.919
50.919
50.9174
50.9176
51.0102
51.0134
51.018
51.0199
51.021
51.021
51.0199
51.018
51.0134
51.0102
51.1042
51.1086
51.1147
51.1173
51.1187
51.1187
51.1173
51.1147
51.1086
51.1042
51.1671
51.1693
51.1742
51.1756
51.1763
51.1763
51.1756
51.1742
51.1693
51.1671
51.2007
51.1985
51.2005
51.1996
51.199
51.199
51.1996
51.2005
51.1985
51.2007
51.2118
51.2042
51.2023
51.1987
51.1966
51.1966
51.1987
51.2023
51.2042
51.2118
51.205
51.1922
51.1862
51.1801
51.1766
51.1766
51.1801
51.1862
51.1922
51.205
51.1845
51.168
51.1586
51.1503
51.1457
51.1457
51.1503
51.1586
51.168
51.1845
51.1591
51.1392
51.1257
51.1152
51.1094
51.1094
51.1152
51.1257
51.1392
51.1591
51.1482
51.1077
51.087
51.0728
51.0652
51.0652
51.0728
51.087
51.1077
51.1482
47.5575
47.5603
47.5638
47.5659
47.567
47.567
47.5659
47.5638
47.5603
47.5575
47.5947
47.5992
47.6041
47.6072
47.6088
47.6088
47.6072
47.6041
47.5992
47.5948
47.6323
47.6377
47.6437
47.6474
47.6494
47.6494
47.6474
47.6437
47.6377
47.6323
47.6601
47.6652
47.6713
47.6749
47.6768
47.6768
47.6749
47.6713
47.6652
47.6601
47.6782
47.6821
47.6874
47.6903
47.6918
47.6918
47.6903
47.6874
47.6821
47.6782
47.688
47.6899
47.6938
47.6957
47.6966
47.6966
47.6957
47.6938
47.6899
47.688
47.6903
47.6902
47.6924
47.6931
47.6934
47.6934
47.6931
47.6924
47.6902
47.6903
47.6863
47.6845
47.6851
47.6847
47.6844
47.6844
47.6847
47.6851
47.6845
47.6863
47.6797
47.6761
47.6745
47.6727
47.6717
47.6717
47.6727
47.6745
47.6761
47.6797
47.68
47.6661
47.6601
47.6559
47.6536
47.6536
47.6559
47.6601
47.6661
47.68
44.317
44.3173
44.3177
44.3178
44.3179
44.3179
44.3178
44.3177
44.3173
44.317
44.3321
44.3331
44.3343
44.3348
44.3351
44.3351
44.3348
44.3343
44.3331
44.3321
44.3493
44.351
44.3527
44.3537
44.3542
44.3542
44.3537
44.3527
44.351
44.3493
44.364
44.366
44.368
44.369
44.3696
44.3696
44.3691
44.368
44.366
44.364
44.3757
44.3776
44.3795
44.3805
44.381
44.381
44.3805
44.3795
44.3776
44.3757
44.3846
44.386
44.3877
44.3884
44.3887
44.3887
44.3884
44.3877
44.386
44.3846
44.3907
44.3916
44.3928
44.3932
44.3933
44.3933
44.3932
44.3928
44.3916
44.3907
44.3945
44.3948
44.3956
44.3955
44.3955
44.3955
44.3955
44.3956
44.3948
44.3945
44.3973
44.3969
44.3968
44.3962
44.3958
44.3958
44.3962
44.3968
44.3969
44.3973
44.4029
44.3981
44.396
44.3944
44.3935
44.3935
44.3944
44.396
44.3981
44.4029
41.0388
41.0394
41.0399
41.0403
41.0404
41.0404
41.0403
41.0399
41.0394
41.0388
41.0444
41.0452
41.0461
41.0466
41.0469
41.0469
41.0466
41.0461
41.0452
41.0444
41.0506
41.0518
41.0529
41.0536
41.054
41.054
41.0536
41.0529
41.0518
41.0506
41.0563
41.0577
41.059
41.0598
41.0602
41.0602
41.0598
41.059
41.0577
41.0563
41.0612
41.0626
41.064
41.0648
41.0653
41.0653
41.0648
41.064
41.0626
41.0612
41.0652
41.0665
41.0679
41.0686
41.069
41.069
41.0686
41.0679
41.0665
41.0653
41.0683
41.0694
41.0706
41.0712
41.0715
41.0715
41.0712
41.0706
41.0694
41.0683
41.0703
41.0712
41.0722
41.0727
41.073
41.073
41.0727
41.0722
41.0712
41.0703
41.0719
41.0725
41.0732
41.0734
41.0735
41.0735
41.0734
41.0732
41.0725
41.0719
41.0747
41.0734
41.0731
41.0728
41.0726
41.0726
41.0728
41.0731
41.0734
41.0747
37.7677
37.7678
37.7679
37.7679
37.7679
37.7679
37.7679
37.7679
37.7678
37.7677
37.7697
37.77
37.7702
37.7703
37.7703
37.7703
37.7703
37.7702
37.77
37.7697
37.7723
37.7727
37.773
37.7732
37.7734
37.7734
37.7732
37.773
37.7727
37.7723
37.775
37.7755
37.776
37.7762
37.7764
37.7764
37.7762
37.776
37.7755
37.775
37.7776
37.7782
37.7787
37.779
37.7792
37.7792
37.779
37.7787
37.7782
37.7776
37.7799
37.7806
37.7812
37.7815
37.7816
37.7816
37.7815
37.7812
37.7806
37.7799
37.7821
37.7827
37.7833
37.7836
37.7838
37.7838
37.7836
37.7833
37.7827
37.7821
37.784
37.7846
37.7852
37.7854
37.7856
37.7856
37.7854
37.7852
37.7846
37.784
37.7858
37.7863
37.7867
37.7869
37.787
37.787
37.7869
37.7867
37.7863
37.7858
37.788
37.7879
37.7879
37.7879
37.7879
37.7879
37.7879
37.7879
37.7879
37.788
34.4866
34.4867
34.4868
34.4868
34.4868
34.4868
34.4868
34.4868
34.4867
34.4866
34.4872
34.4873
34.4875
34.4876
34.4876
34.4876
34.4876
34.4875
34.4873
34.4872
34.488
34.4883
34.4884
34.4886
34.4886
34.4886
34.4886
34.4884
34.4883
34.488
34.489
34.4893
34.4895
34.4897
34.4897
34.4897
34.4897
34.4895
34.4893
34.489
34.49
34.4903
34.4906
34.4908
34.4909
34.4909
34.4908
34.4906
34.4903
34.49
34.4909
34.4913
34.4916
34.4918
34.4919
34.4919
34.4918
34.4916
34.4913
34.4909
34.4918
34.4922
34.4925
34.4927
34.4929
34.4929
34.4927
34.4925
34.4922
34.4918
34.4926
34.493
34.4934
34.4935
34.4936
34.4936
34.4935
34.4934
34.493
34.4926
34.4934
34.4938
34.4941
34.4942
34.4943
34.4943
34.4942
34.4941
34.4938
34.4934
34.4944
34.4944
34.4946
34.4946
34.4947
34.4947
34.4946
34.4946
34.4944
34.4944
31.2049
31.2049
31.2049
31.2049
31.2049
31.2049
31.2049
31.2049
31.2049
31.2049
31.2051
31.2051
31.2051
31.2051
31.2052
31.2052
31.2051
31.2051
31.2051
31.2051
31.2054
31.2054
31.2055
31.2055
31.2055
31.2055
31.2055
31.2055
31.2054
31.2054
31.2058
31.2059
31.206
31.206
31.206
31.206
31.206
31.206
31.2059
31.2058
31.2063
31.2064
31.2065
31.2066
31.2066
31.2066
31.2066
31.2065
31.2064
31.2063
31.2068
31.2069
31.207
31.2071
31.2072
31.2072
31.2071
31.207
31.2069
31.2068
31.2073
31.2075
31.2076
31.2077
31.2077
31.2077
31.2077
31.2076
31.2075
31.2073
31.2078
31.208
31.2081
31.2082
31.2083
31.2083
31.2082
31.2081
31.208
31.2078
31.2083
31.2085
31.2086
31.2087
31.2088
31.2088
31.2087
31.2086
31.2085
31.2083
31.2089
31.209
31.2091
31.2091
31.2092
31.2092
31.2091
31.2091
31.209
31.2089
27.9209
27.9209
27.9209
27.9209
27.9209
27.9209
27.9209
27.9209
27.9209
27.9209
27.9209
27.921
27.921
27.921
27.921
27.921
27.921
27.921
27.921
27.9209
27.921
27.921
27.9211
27.9211
27.9211
27.9211
27.9211
27.9211
27.921
27.921
27.9211
27.9212
27.9212
27.9213
27.9213
27.9213
27.9213
27.9212
27.9212
27.9211
27.9213
27.9214
27.9214
27.9215
27.9215
27.9215
27.9215
27.9214
27.9214
27.9213
27.9215
27.9216
27.9216
27.9217
27.9217
27.9217
27.9217
27.9216
27.9216
27.9215
27.9217
27.9218
27.9219
27.9219
27.9219
27.9219
27.9219
27.9219
27.9218
27.9217
27.9219
27.922
27.9221
27.9221
27.9222
27.9222
27.9221
27.9221
27.922
27.9219
27.9221
27.9222
27.9223
27.9223
27.9224
27.9224
27.9223
27.9223
27.9222
27.9221
27.9223
27.9224
27.9225
27.9225
27.9225
27.9225
27.9225
27.9225
27.9224
27.9223
24.6366
24.6366
24.6366
24.6366
24.6366
24.6366
24.6366
24.6366
24.6366
24.6366
24.6366
24.6366
24.6366
24.6366
24.6366
24.6366
24.6366
24.6366
24.6366
24.6366
24.6366
24.6367
24.6367
24.6367
24.6367
24.6367
24.6367
24.6367
24.6367
24.6366
24.6367
24.6367
24.6367
24.6367
24.6367
24.6367
24.6367
24.6367
24.6367
24.6367
24.6368
24.6368
24.6368
24.6368
24.6368
24.6368
24.6368
24.6368
24.6368
24.6368
24.6369
24.6369
24.6369
24.6369
24.6369
24.6369
24.6369
24.6369
24.6369
24.6369
24.637
24.637
24.637
24.6371
24.6371
24.6371
24.6371
24.637
24.637
24.637
24.6371
24.6371
24.6372
24.6372
24.6372
24.6372
24.6372
24.6372
24.6371
24.6371
24.6372
24.6372
24.6373
24.6373
24.6373
24.6373
24.6373
24.6373
24.6372
24.6372
24.6373
24.6374
24.6374
24.6374
24.6374
24.6374
24.6374
24.6374
24.6374
24.6373
21.3519
21.3519
21.3519
21.3519
21.3519
21.3519
21.3519
21.3519
21.3519
21.3519
21.3519
21.3519
21.3519
21.3519
21.3519
21.3519
21.3519
21.3519
21.3519
21.3519
21.3519
21.3519
21.3519
21.3519
21.3519
21.3519
21.3519
21.3519
21.3519
21.3519
21.3519
21.3519
21.3519
21.3519
21.3519
21.3519
21.3519
21.3519
21.3519
21.3519
21.3519
21.3519
21.3519
21.3519
21.3519
21.3519
21.3519
21.3519
21.3519
21.3519
21.3519
21.352
21.352
21.352
21.352
21.352
21.352
21.352
21.352
21.3519
21.352
21.352
21.352
21.352
21.352
21.352
21.352
21.352
21.352
21.352
21.352
21.352
21.3521
21.3521
21.3521
21.3521
21.3521
21.3521
21.352
21.352
21.3521
21.3521
21.3521
21.3521
21.3521
21.3521
21.3521
21.3521
21.3521
21.3521
21.3521
21.3521
21.3522
21.3522
21.3522
21.3522
21.3522
21.3522
21.3521
21.3521
18.0671
18.0671
18.0671
18.0671
18.0671
18.0671
18.0671
18.0671
18.0671
18.0671
18.0671
18.0671
18.0671
18.0671
18.0671
18.0671
18.0671
18.0671
18.0671
18.0671
18.0671
18.0671
18.0671
18.0671
18.0671
18.0671
18.0671
18.0671
18.0671
18.0671
18.0671
18.0671
18.0671
18.0671
18.0671
18.0671
18.0671
18.0671
18.0671
18.0671
18.0671
18.0671
18.0671
18.0671
18.0671
18.0671
18.0671
18.0671
18.0671
18.0671
18.0671
18.0671
18.0671
18.0671
18.0671
18.0671
18.0671
18.0671
18.0671
18.0671
18.0671
18.0671
18.0671
18.0671
18.0671
18.0671
18.0671
18.0671
18.0671
18.0671
18.0671
18.0671
18.0671
18.0671
18.0672
18.0672
18.0671
18.0671
18.0671
18.0671
18.0672
18.0672
18.0672
18.0672
18.0672
18.0672
18.0672
18.0672
18.0672
18.0672
18.0672
18.0672
18.0672
18.0672
18.0672
18.0672
18.0672
18.0672
18.0672
18.0672
14.7822
14.7822
14.7822
14.7822
14.7822
14.7822
14.7822
14.7822
14.7822
14.7822
14.7822
14.7822
14.7822
14.7822
14.7822
14.7822
14.7822
14.7822
14.7822
14.7822
14.7822
14.7822
14.7822
14.7822
14.7822
14.7822
14.7822
14.7822
14.7822
14.7822
14.7822
14.7822
14.7822
14.7822
14.7822
14.7822
14.7822
14.7822
14.7822
14.7822
14.7822
14.7822
14.7822
14.7822
14.7822
14.7822
14.7822
14.7822
14.7822
14.7822
14.7822
14.7822
14.7822
14.7822
14.7822
14.7822
14.7822
14.7822
14.7822
14.7822
14.7822
14.7822
14.7822
14.7822
14.7822
14.7822
14.7822
14.7822
14.7822
14.7822
14.7822
14.7822
14.7822
14.7822
14.7822
14.7822
14.7822
14.7822
14.7822
14.7822
14.7822
14.7822
14.7822
14.7822
14.7822
14.7822
14.7822
14.7822
14.7822
14.7822
14.7822
14.7822
14.7822
14.7822
14.7822
14.7822
14.7822
14.7822
14.7822
14.7822
11.4973
11.4973
11.4973
11.4973
11.4973
11.4973
11.4973
11.4973
11.4973
11.4973
11.4973
11.4973
11.4973
11.4973
11.4973
11.4973
11.4973
11.4973
11.4973
11.4973
11.4973
11.4973
11.4972
11.4972
11.4972
11.4972
11.4972
11.4972
11.4973
11.4973
11.4972
11.4973
11.4973
11.4973
11.4973
11.4973
11.4973
11.4972
11.4972
11.4972
11.4973
11.4973
11.4973
11.4973
11.4973
11.4973
11.4973
11.4973
11.4973
11.4973
11.4973
11.4973
11.4973
11.4973
11.4973
11.4973
11.4973
11.4973
11.4973
11.4973
11.4973
11.4973
11.4973
11.4973
11.4973
11.4973
11.4973
11.4973
11.4973
11.4973
11.4973
11.4973
11.4973
11.4973
11.4973
11.4973
11.4973
11.4973
11.4973
11.4973
11.4973
11.4973
11.4973
11.4973
11.4973
11.4973
11.4973
11.4973
11.4973
11.4973
11.4973
11.4973
11.4973
11.4973
11.4973
11.4973
11.4973
11.4973
11.4973
11.4973
8.21233
8.21233
8.21233
8.21233
8.21233
8.21233
8.21233
8.21233
8.21233
8.21233
8.21233
8.21232
8.21232
8.21232
8.21232
8.21232
8.21232
8.21232
8.21232
8.21232
8.21232
8.21232
8.21232
8.21232
8.21232
8.21232
8.21232
8.21232
8.21232
8.21232
8.21232
8.21232
8.21232
8.21232
8.21232
8.21232
8.21232
8.21232
8.21232
8.21232
8.21232
8.21232
8.21232
8.21232
8.21232
8.21232
8.21232
8.21232
8.21232
8.21232
8.21232
8.21232
8.21232
8.21232
8.21232
8.21232
8.21232
8.21232
8.21232
8.21232
8.21232
8.21232
8.21232
8.21232
8.21232
8.21232
8.21232
8.21232
8.21232
8.21232
8.21232
8.21233
8.21233
8.21233
8.21233
8.21233
8.21233
8.21233
8.21233
8.21232
8.21233
8.21233
8.21233
8.21233
8.21233
8.21233
8.21233
8.21233
8.21233
8.21233
8.21233
8.21233
8.21233
8.21233
8.21233
8.21233
8.21233
8.21233
8.21233
8.21233
4.92739
4.92739
4.92739
4.92739
4.92739
4.92739
4.92739
4.92739
4.92739
4.92739
4.92739
4.92739
4.92739
4.92739
4.92739
4.92739
4.92739
4.92739
4.92739
4.92739
4.92739
4.92739
4.92739
4.92739
4.92739
4.92739
4.92739
4.92739
4.92739
4.92739
4.92739
4.92739
4.92739
4.92739
4.92739
4.92739
4.92739
4.92739
4.92739
4.92739
4.92739
4.92739
4.92739
4.92739
4.92739
4.92739
4.92739
4.92739
4.92739
4.92739
4.92739
4.92739
4.92739
4.92739
4.92739
4.92739
4.92739
4.92739
4.92739
4.92739
4.92739
4.92739
4.92739
4.92739
4.92739
4.92739
4.92739
4.92739
4.92739
4.92739
4.92739
4.92739
4.92739
4.92739
4.92739
4.92739
4.92739
4.92739
4.92739
4.92739
4.92739
4.92739
4.92739
4.92739
4.92739
4.92739
4.92739
4.92739
4.92739
4.92739
4.92739
4.92739
4.92739
4.92739
4.92739
4.92739
4.92739
4.92739
4.92739
4.92739
1.64247
1.64247
1.64247
1.64247
1.64247
1.64247
1.64247
1.64247
1.64247
1.64247
1.64246
1.64246
1.64246
1.64246
1.64246
1.64246
1.64246
1.64246
1.64246
1.64246
1.64246
1.64246
1.64246
1.64246
1.64246
1.64246
1.64246
1.64246
1.64246
1.64246
1.64246
1.64246
1.64246
1.64246
1.64246
1.64246
1.64246
1.64246
1.64246
1.64246
1.64246
1.64246
1.64246
1.64246
1.64246
1.64246
1.64246
1.64246
1.64246
1.64246
1.64246
1.64246
1.64246
1.64246
1.64246
1.64246
1.64246
1.64246
1.64246
1.64246
1.64246
1.64246
1.64246
1.64246
1.64246
1.64246
1.64246
1.64246
1.64246
1.64246
1.64246
1.64246
1.64246
1.64246
1.64246
1.64246
1.64246
1.64246
1.64246
1.64246
1.64246
1.64246
1.64246
1.64246
1.64246
1.64246
1.64246
1.64246
1.64246
1.64246
1.64246
1.64246
1.64246
1.64246
1.64246
1.64246
1.64246
1.64246
1.64246
1.64246
99.3756
98.795
98.4303
98.1637
98.0255
98.0255
98.1637
98.4303
98.795
99.3756
90.2561
89.4081
88.8494
88.4545
88.2511
88.2511
88.4545
88.8494
89.4081
90.2561
82.6833
81.7073
81.0701
80.6263
80.3985
80.3985
80.6263
81.0701
81.7073
82.6833
77.4541
76.4515
75.8053
75.3619
75.1346
75.1346
75.3618
75.8053
76.4515
77.4541
73.5309
72.5358
71.8977
71.4685
71.2488
71.2488
71.4685
71.8977
72.5358
73.5309
70.3548
69.3873
68.7655
68.3576
68.1491
68.1491
68.3576
68.7655
69.3873
70.3548
67.7372
66.8183
66.2225
65.8422
65.6486
65.6486
65.8422
66.2225
66.8183
67.7372
65.5717
64.7249
64.1676
63.8204
63.6444
63.6444
63.8204
64.1676
64.7249
65.5717
63.7779
63.0194
62.5134
62.2041
62.0476
62.0476
62.2041
62.5134
63.0194
63.7779
62.3742
61.6182
61.1722
60.9013
60.764
60.764
60.9013
61.1722
61.6182
62.3742
63.4944
63.6666
63.8539
63.9802
64.0456
64.0456
63.9802
63.8539
63.6666
63.4944
63.9097
64.0036
64.1295
64.2102
64.2516
64.2516
64.2102
64.1294
64.0036
63.9097
63.879
63.8754
63.9271
63.9548
63.9686
63.9686
63.9548
63.9271
63.8754
63.879
63.4632
63.3694
63.3531
63.3342
63.3238
63.3238
63.3342
63.3531
63.3694
63.4631
62.8645
62.697
62.6228
62.5665
62.5369
62.5369
62.5665
62.6228
62.6969
62.8645
62.1918
61.9687
61.848
61.7638
61.7199
61.7199
61.7638
61.848
61.9687
62.1917
61.4997
61.2414
61.0871
60.9848
60.9318
60.9318
60.9848
61.0871
61.2414
61.4997
60.8196
60.5499
60.3774
60.2668
60.2097
60.2097
60.2668
60.3774
60.5499
60.8196
60.1864
59.9213
59.7429
59.6312
59.5733
59.5733
59.6312
59.7429
59.9213
60.1863
59.7002
59.3566
59.1748
59.0632
59.005
59.005
59.0632
59.1748
59.3566
59.7001
58.8938
58.8791
58.8804
58.8767
58.8751
58.8751
58.8767
58.8804
58.8791
58.8938
59.296
59.2787
59.2791
59.2736
59.2707
59.2707
59.2736
59.2791
59.2787
59.296
59.6267
59.5907
59.5794
59.564
59.5558
59.5558
59.564
59.5794
59.5907
59.6267
59.6725
59.6032
59.5696
59.5382
59.5215
59.5215
59.5382
59.5696
59.6032
59.6725
59.523
59.4185
59.3606
59.3132
59.2881
59.2881
59.3132
59.3606
59.4185
59.523
59.272
59.1371
59.0569
58.9963
58.9643
58.9643
58.9962
59.0569
59.1371
59.272
58.9677
58.8107
58.7124
58.6424
58.6057
58.6057
58.6423
58.7124
58.8107
58.9677
58.6368
58.4695
58.3599
58.285
58.246
58.246
58.285
58.3599
58.4695
58.6368
58.311
58.1414
58.0249
57.9479
57.9077
57.9077
57.9479
58.0249
58.1414
58.311
58.0622
57.8321
57.7066
57.6266
57.585
57.585
57.6266
57.7066
57.8321
58.0622
54.1688
54.1882
54.2127
54.2284
54.2367
54.2367
54.2284
54.2127
54.1882
54.1688
54.3711
54.394
54.4223
54.4402
54.4496
54.4496
54.4402
54.4223
54.394
54.3711
54.5411
54.5614
54.5891
54.606
54.6149
54.6149
54.606
54.5891
54.5614
54.5411
54.6201
54.6299
54.6506
54.6621
54.6681
54.6681
54.6621
54.6506
54.6299
54.6201
54.6288
54.6243
54.6345
54.6385
54.6405
54.6405
54.6385
54.6345
54.6243
54.6288
54.5904
54.571
54.5698
54.5661
54.564
54.564
54.5661
54.5698
54.571
54.5904
54.5182
54.4861
54.4741
54.4637
54.4581
54.4581
54.4637
54.4741
54.4861
54.5182
54.422
54.3817
54.3614
54.346
54.3377
54.3377
54.346
54.3614
54.3817
54.422
54.3187
54.2728
54.2446
54.2248
54.2141
54.2141
54.2248
54.2446
54.2728
54.3187
54.2508
54.1642
54.1235
54.0969
54.0828
54.0828
54.0969
54.1235
54.1642
54.2508
50.9176
50.9174
50.919
50.919
50.919
50.919
50.919
50.919
50.9174
50.9176
51.0102
51.0134
51.018
51.0199
51.021
51.021
51.0199
51.018
51.0134
51.0102
51.1042
51.1086
51.1147
51.1173
51.1187
51.1187
51.1173
51.1147
51.1086
51.1042
51.1671
51.1693
51.1742
51.1756
51.1763
51.1763
51.1756
51.1742
51.1693
51.1671
51.2007
51.1985
51.2005
51.1996
51.199
51.199
51.1996
51.2005
51.1985
51.2007
51.2118
51.2042
51.2023
51.1987
51.1966
51.1966
51.1987
51.2023
51.2042
51.2118
51.205
51.1922
51.1862
51.1801
51.1766
51.1766
51.1801
51.1862
51.1922
51.205
51.1845
51.168
51.1586
51.1503
51.1457
51.1457
51.1503
51.1586
51.168
51.1845
51.1591
51.1392
51.1257
51.1152
51.1094
51.1094
51.1152
51.1257
51.1392
51.1591
51.1482
51.1077
51.087
51.0728
51.0652
51.0652
51.0728
51.087
51.1077
51.1482
47.5575
47.5603
47.5638
47.5659
47.567
47.567
47.5659
47.5638
47.5603
47.5575
47.5948
47.5992
47.6041
47.6072
47.6088
47.6088
47.6072
47.6041
47.5992
47.5947
47.6323
47.6377
47.6437
47.6474
47.6494
47.6494
47.6474
47.6437
47.6377
47.6323
47.6601
47.6652
47.6713
47.6749
47.6768
47.6768
47.6749
47.6713
47.6652
47.6601
47.6782
47.6821
47.6874
47.6903
47.6918
47.6918
47.6903
47.6874
47.6821
47.6782
47.688
47.6899
47.6938
47.6957
47.6966
47.6966
47.6957
47.6938
47.6899
47.688
47.6903
47.6902
47.6924
47.6931
47.6934
47.6934
47.6931
47.6924
47.6902
47.6903
47.6863
47.6845
47.6851
47.6847
47.6844
47.6844
47.6847
47.6851
47.6845
47.6863
47.6797
47.6761
47.6745
47.6727
47.6717
47.6717
47.6727
47.6745
47.6761
47.6797
47.68
47.6661
47.6601
47.6559
47.6536
47.6536
47.6559
47.6601
47.6661
47.68
44.317
44.3173
44.3177
44.3178
44.3179
44.3179
44.3178
44.3177
44.3173
44.317
44.3321
44.3331
44.3343
44.3348
44.3351
44.3351
44.3348
44.3343
44.3331
44.3321
44.3493
44.351
44.3527
44.3537
44.3542
44.3542
44.3537
44.3527
44.351
44.3493
44.364
44.366
44.368
44.3691
44.3696
44.3696
44.369
44.368
44.366
44.364
44.3757
44.3776
44.3795
44.3805
44.381
44.381
44.3805
44.3795
44.3776
44.3757
44.3846
44.386
44.3877
44.3884
44.3887
44.3887
44.3884
44.3877
44.386
44.3846
44.3907
44.3916
44.3928
44.3932
44.3933
44.3933
44.3932
44.3928
44.3916
44.3907
44.3945
44.3948
44.3956
44.3955
44.3955
44.3955
44.3955
44.3956
44.3948
44.3945
44.3973
44.3969
44.3968
44.3962
44.3958
44.3958
44.3962
44.3968
44.3969
44.3973
44.4029
44.3981
44.396
44.3944
44.3935
44.3935
44.3944
44.396
44.3981
44.4029
41.0388
41.0394
41.0399
41.0403
41.0404
41.0404
41.0403
41.0399
41.0394
41.0388
41.0444
41.0452
41.0461
41.0466
41.0469
41.0469
41.0466
41.0461
41.0452
41.0444
41.0506
41.0518
41.0529
41.0536
41.054
41.054
41.0536
41.0529
41.0518
41.0506
41.0563
41.0577
41.059
41.0598
41.0602
41.0602
41.0598
41.059
41.0577
41.0563
41.0612
41.0626
41.064
41.0648
41.0653
41.0653
41.0648
41.064
41.0626
41.0612
41.0653
41.0665
41.0679
41.0686
41.069
41.069
41.0686
41.0679
41.0665
41.0652
41.0683
41.0694
41.0706
41.0712
41.0715
41.0715
41.0712
41.0706
41.0694
41.0683
41.0703
41.0712
41.0722
41.0727
41.073
41.073
41.0727
41.0722
41.0712
41.0703
41.0719
41.0725
41.0732
41.0734
41.0735
41.0735
41.0734
41.0732
41.0725
41.0719
41.0747
41.0734
41.0731
41.0728
41.0726
41.0726
41.0728
41.0731
41.0734
41.0747
37.7677
37.7678
37.7679
37.7679
37.7679
37.7679
37.7679
37.7679
37.7678
37.7677
37.7697
37.77
37.7702
37.7703
37.7703
37.7703
37.7703
37.7702
37.77
37.7697
37.7723
37.7727
37.773
37.7732
37.7734
37.7734
37.7732
37.773
37.7727
37.7723
37.775
37.7755
37.776
37.7762
37.7764
37.7764
37.7762
37.776
37.7755
37.775
37.7776
37.7782
37.7787
37.779
37.7792
37.7792
37.779
37.7787
37.7782
37.7776
37.7799
37.7806
37.7812
37.7815
37.7816
37.7816
37.7815
37.7812
37.7806
37.7799
37.7821
37.7827
37.7833
37.7836
37.7838
37.7838
37.7836
37.7833
37.7827
37.7821
37.784
37.7846
37.7852
37.7854
37.7856
37.7856
37.7854
37.7852
37.7846
37.784
37.7858
37.7863
37.7867
37.7869
37.787
37.787
37.7869
37.7867
37.7863
37.7858
37.788
37.7879
37.7879
37.7879
37.7879
37.7879
37.7879
37.7879
37.7879
37.788
34.4866
34.4867
34.4868
34.4868
34.4868
34.4868
34.4868
34.4868
34.4867
34.4866
34.4872
34.4873
34.4875
34.4876
34.4876
34.4876
34.4876
34.4875
34.4873
34.4872
34.488
34.4883
34.4884
34.4886
34.4886
34.4886
34.4886
34.4884
34.4883
34.488
34.489
34.4893
34.4895
34.4897
34.4897
34.4897
34.4897
34.4895
34.4893
34.489
34.49
34.4903
34.4906
34.4908
34.4909
34.4909
34.4908
34.4906
34.4903
34.49
34.4909
34.4913
34.4916
34.4918
34.4919
34.4919
34.4918
34.4916
34.4913
34.4909
34.4918
34.4922
34.4925
34.4927
34.4929
34.4929
34.4927
34.4925
34.4922
34.4918
34.4926
34.493
34.4934
34.4935
34.4936
34.4936
34.4935
34.4934
34.493
34.4926
34.4934
34.4938
34.4941
34.4942
34.4943
34.4943
34.4942
34.4941
34.4938
34.4934
34.4944
34.4944
34.4946
34.4946
34.4947
34.4947
34.4946
34.4946
34.4944
34.4944
31.2049
31.2049
31.2049
31.2049
31.2049
31.2049
31.2049
31.2049
31.2049
31.2049
31.2051
31.2051
31.2051
31.2051
31.2052
31.2052
31.2051
31.2051
31.2051
31.2051
31.2054
31.2054
31.2055
31.2055
31.2055
31.2055
31.2055
31.2055
31.2054
31.2054
31.2058
31.2059
31.206
31.206
31.206
31.206
31.206
31.206
31.2059
31.2058
31.2063
31.2064
31.2065
31.2066
31.2066
31.2066
31.2066
31.2065
31.2064
31.2063
31.2068
31.2069
31.207
31.2071
31.2072
31.2072
31.2071
31.207
31.2069
31.2068
31.2073
31.2075
31.2076
31.2077
31.2077
31.2077
31.2077
31.2076
31.2075
31.2073
31.2078
31.208
31.2081
31.2082
31.2083
31.2083
31.2082
31.2081
31.208
31.2078
31.2083
31.2085
31.2086
31.2087
31.2088
31.2088
31.2087
31.2086
31.2085
31.2083
31.2089
31.209
31.2091
31.2091
31.2092
31.2092
31.2091
31.2091
31.209
31.2089
27.9209
27.9209
27.9209
27.9209
27.9209
27.9209
27.9209
27.9209
27.9209
27.9209
27.9209
27.921
27.921
27.921
27.921
27.921
27.921
27.921
27.921
27.9209
27.921
27.921
27.9211
27.9211
27.9211
27.9211
27.9211
27.9211
27.921
27.921
27.9211
27.9212
27.9212
27.9213
27.9213
27.9213
27.9213
27.9212
27.9212
27.9211
27.9213
27.9214
27.9214
27.9215
27.9215
27.9215
27.9215
27.9214
27.9214
27.9213
27.9215
27.9216
27.9216
27.9217
27.9217
27.9217
27.9217
27.9216
27.9216
27.9215
27.9217
27.9218
27.9219
27.9219
27.9219
27.9219
27.9219
27.9219
27.9218
27.9217
27.9219
27.922
27.9221
27.9221
27.9222
27.9222
27.9221
27.9221
27.922
27.9219
27.9221
27.9222
27.9223
27.9223
27.9224
27.9224
27.9223
27.9223
27.9222
27.9221
27.9223
27.9224
27.9225
27.9225
27.9225
27.9225
27.9225
27.9225
27.9224
27.9223
24.6366
24.6366
24.6366
24.6366
24.6366
24.6366
24.6366
24.6366
24.6366
24.6366
24.6366
24.6366
24.6366
24.6366
24.6366
24.6366
24.6366
24.6366
24.6366
24.6366
24.6366
24.6367
24.6367
24.6367
24.6367
24.6367
24.6367
24.6367
24.6367
24.6366
24.6367
24.6367
24.6367
24.6367
24.6367
24.6367
24.6367
24.6367
24.6367
24.6367
24.6368
24.6368
24.6368
24.6368
24.6368
24.6368
24.6368
24.6368
24.6368
24.6368
24.6369
24.6369
24.6369
24.6369
24.6369
24.6369
24.6369
24.6369
24.6369
24.6369
24.637
24.637
24.637
24.6371
24.6371
24.6371
24.6371
24.637
24.637
24.637
24.6371
24.6371
24.6372
24.6372
24.6372
24.6372
24.6372
24.6372
24.6371
24.6371
24.6372
24.6372
24.6373
24.6373
24.6373
24.6373
24.6373
24.6373
24.6372
24.6372
24.6373
24.6374
24.6374
24.6374
24.6374
24.6374
24.6374
24.6374
24.6374
24.6373
21.3519
21.3519
21.3519
21.3519
21.3519
21.3519
21.3519
21.3519
21.3519
21.3519
21.3519
21.3519
21.3519
21.3519
21.3519
21.3519
21.3519
21.3519
21.3519
21.3519
21.3519
21.3519
21.3519
21.3519
21.3519
21.3519
21.3519
21.3519
21.3519
21.3519
21.3519
21.3519
21.3519
21.3519
21.3519
21.3519
21.3519
21.3519
21.3519
21.3519
21.3519
21.3519
21.3519
21.3519
21.3519
21.3519
21.3519
21.3519
21.3519
21.3519
21.3519
21.352
21.352
21.352
21.352
21.352
21.352
21.352
21.352
21.3519
21.352
21.352
21.352
21.352
21.352
21.352
21.352
21.352
21.352
21.352
21.352
21.352
21.3521
21.3521
21.3521
21.3521
21.3521
21.3521
21.352
21.352
21.3521
21.3521
21.3521
21.3521
21.3521
21.3521
21.3521
21.3521
21.3521
21.3521
21.3521
21.3521
21.3522
21.3522
21.3522
21.3522
21.3522
21.3522
21.3521
21.3521
18.0671
18.0671
18.0671
18.0671
18.0671
18.0671
18.0671
18.0671
18.0671
18.0671
18.0671
18.0671
18.0671
18.0671
18.0671
18.0671
18.0671
18.0671
18.0671
18.0671
18.0671
18.0671
18.0671
18.0671
18.0671
18.0671
18.0671
18.0671
18.0671
18.0671
18.0671
18.0671
18.0671
18.0671
18.0671
18.0671
18.0671
18.0671
18.0671
18.0671
18.0671
18.0671
18.0671
18.0671
18.0671
18.0671
18.0671
18.0671
18.0671
18.0671
18.0671
18.0671
18.0671
18.0671
18.0671
18.0671
18.0671
18.0671
18.0671
18.0671
18.0671
18.0671
18.0671
18.0671
18.0671
18.0671
18.0671
18.0671
18.0671
18.0671
18.0671
18.0671
18.0671
18.0671
18.0672
18.0672
18.0671
18.0671
18.0671
18.0671
18.0672
18.0672
18.0672
18.0672
18.0672
18.0672
18.0672
18.0672
18.0672
18.0672
18.0672
18.0672
18.0672
18.0672
18.0672
18.0672
18.0672
18.0672
18.0672
18.0672
14.7822
14.7822
14.7822
14.7822
14.7822
14.7822
14.7822
14.7822
14.7822
14.7822
14.7822
14.7822
14.7822
14.7822
14.7822
14.7822
14.7822
14.7822
14.7822
14.7822
14.7822
14.7822
14.7822
14.7822
14.7822
14.7822
14.7822
14.7822
14.7822
14.7822
14.7822
14.7822
14.7822
14.7822
14.7822
14.7822
14.7822
14.7822
14.7822
14.7822
14.7822
14.7822
14.7822
14.7822
14.7822
14.7822
14.7822
14.7822
14.7822
14.7822
14.7822
14.7822
14.7822
14.7822
14.7822
14.7822
14.7822
14.7822
14.7822
14.7822
14.7822
14.7822
14.7822
14.7822
14.7822
14.7822
14.7822
14.7822
14.7822
14.7822
14.7822
14.7822
14.7822
14.7822
14.7822
14.7822
14.7822
14.7822
14.7822
14.7822
14.7822
14.7822
14.7822
14.7822
14.7822
14.7822
14.7822
14.7822
14.7822
14.7822
14.7822
14.7822
14.7822
14.7822
14.7822
14.7822
14.7822
14.7822
14.7822
14.7822
11.4973
11.4973
11.4973
11.4973
11.4973
11.4973
11.4973
11.4973
11.4973
11.4973
11.4973
11.4973
11.4973
11.4973
11.4973
11.4973
11.4973
11.4973
11.4973
11.4973
11.4973
11.4973
11.4972
11.4972
11.4972
11.4972
11.4972
11.4972
11.4973
11.4973
11.4972
11.4972
11.4972
11.4973
11.4973
11.4973
11.4973
11.4973
11.4973
11.4972
11.4973
11.4973
11.4973
11.4973
11.4973
11.4973
11.4973
11.4973
11.4973
11.4973
11.4973
11.4973
11.4973
11.4973
11.4973
11.4973
11.4973
11.4973
11.4973
11.4973
11.4973
11.4973
11.4973
11.4973
11.4973
11.4973
11.4973
11.4973
11.4973
11.4973
11.4973
11.4973
11.4973
11.4973
11.4973
11.4973
11.4973
11.4973
11.4973
11.4973
11.4973
11.4973
11.4973
11.4973
11.4973
11.4973
11.4973
11.4973
11.4973
11.4973
11.4973
11.4973
11.4973
11.4973
11.4973
11.4973
11.4973
11.4973
11.4973
11.4973
8.21233
8.21233
8.21233
8.21233
8.21233
8.21233
8.21233
8.21233
8.21233
8.21233
8.21232
8.21232
8.21232
8.21232
8.21232
8.21232
8.21232
8.21232
8.21232
8.21233
8.21232
8.21232
8.21232
8.21232
8.21232
8.21232
8.21232
8.21232
8.21232
8.21232
8.21232
8.21232
8.21232
8.21232
8.21232
8.21232
8.21232
8.21232
8.21232
8.21232
8.21232
8.21232
8.21232
8.21232
8.21232
8.21232
8.21232
8.21232
8.21232
8.21232
8.21232
8.21232
8.21232
8.21232
8.21232
8.21232
8.21232
8.21232
8.21232
8.21232
8.21232
8.21232
8.21232
8.21232
8.21232
8.21232
8.21232
8.21232
8.21232
8.21232
8.21232
8.21233
8.21233
8.21233
8.21233
8.21233
8.21233
8.21233
8.21233
8.21232
8.21233
8.21233
8.21233
8.21233
8.21233
8.21233
8.21233
8.21233
8.21233
8.21233
8.21233
8.21233
8.21233
8.21233
8.21233
8.21233
8.21233
8.21233
8.21233
8.21233
4.92739
4.92739
4.92739
4.92739
4.92739
4.92739
4.92739
4.92739
4.92739
4.92739
4.92739
4.92739
4.92739
4.92739
4.92739
4.92739
4.92739
4.92739
4.92739
4.92739
4.92739
4.92739
4.92739
4.92739
4.92739
4.92739
4.92739
4.92739
4.92739
4.92739
4.92739
4.92739
4.92739
4.92739
4.92739
4.92739
4.92739
4.92739
4.92739
4.92739
4.92739
4.92739
4.92739
4.92739
4.92739
4.92739
4.92739
4.92739
4.92739
4.92739
4.92739
4.92739
4.92739
4.92739
4.92739
4.92739
4.92739
4.92739
4.92739
4.92739
4.92739
4.92739
4.92739
4.92739
4.92739
4.92739
4.92739
4.92739
4.92739
4.92739
4.92739
4.92739
4.92739
4.92739
4.92739
4.92739
4.92739
4.92739
4.92739
4.92739
4.92739
4.92739
4.92739
4.92739
4.92739
4.92739
4.92739
4.92739
4.92739
4.92739
4.92739
4.92739
4.92739
4.92739
4.92739
4.92739
4.92739
4.92739
4.92739
4.92739
1.64247
1.64247
1.64247
1.64247
1.64247
1.64247
1.64247
1.64247
1.64247
1.64247
1.64246
1.64246
1.64246
1.64246
1.64246
1.64246
1.64246
1.64246
1.64246
1.64246
1.64246
1.64246
1.64246
1.64246
1.64246
1.64246
1.64246
1.64246
1.64246
1.64246
1.64246
1.64246
1.64246
1.64246
1.64246
1.64246
1.64246
1.64246
1.64246
1.64246
1.64246
1.64246
1.64246
1.64246
1.64246
1.64246
1.64246
1.64246
1.64246
1.64246
1.64246
1.64246
1.64246
1.64246
1.64246
1.64246
1.64246
1.64246
1.64246
1.64246
1.64246
1.64246
1.64246
1.64246
1.64246
1.64246
1.64246
1.64246
1.64246
1.64246
1.64246
1.64246
1.64246
1.64246
1.64246
1.64246
1.64246
1.64246
1.64246
1.64246
1.64246
1.64246
1.64246
1.64246
1.64246
1.64246
1.64246
1.64246
1.64246
1.64246
1.64246
1.64246
1.64246
1.64246
1.64246
1.64246
1.64246
1.64246
1.64246
1.64246
99.3756
98.795
98.4303
98.1637
98.0255
98.0255
98.1637
98.4303
98.795
99.3756
90.2561
89.408
88.8494
88.4545
88.2511
88.2511
88.4545
88.8494
89.408
90.2561
82.6833
81.7073
81.0701
80.6263
80.3985
80.3985
80.6263
81.0701
81.7073
82.6833
77.4541
76.4515
75.8053
75.3618
75.1346
75.1346
75.3618
75.8053
76.4515
77.4541
73.5309
72.5358
71.8977
71.4685
71.2488
71.2488
71.4685
71.8977
72.5358
73.5309
70.3548
69.3873
68.7655
68.3575
68.1491
68.1491
68.3575
68.7655
69.3873
70.3548
67.7372
66.8183
66.2225
65.8422
65.6486
65.6486
65.8422
66.2225
66.8183
67.7372
65.5717
64.7249
64.1676
63.8204
63.6444
63.6444
63.8204
64.1676
64.7249
65.5717
63.7779
63.0194
62.5134
62.2041
62.0475
62.0475
62.2041
62.5134
63.0194
63.7779
62.3742
61.6182
61.1722
60.9013
60.764
60.764
60.9013
61.1722
61.6182
62.3742
63.4944
63.6666
63.8539
63.9802
64.0456
64.0456
63.9802
63.8539
63.6666
63.4944
63.9097
64.0036
64.1294
64.2102
64.2515
64.2515
64.2102
64.1294
64.0036
63.9097
63.879
63.8754
63.9271
63.9548
63.9686
63.9686
63.9548
63.9271
63.8754
63.879
63.4631
63.3694
63.3531
63.3342
63.3238
63.3238
63.3342
63.3531
63.3694
63.4631
62.8645
62.6969
62.6228
62.5665
62.5369
62.5369
62.5665
62.6228
62.6969
62.8645
62.1917
61.9687
61.848
61.7638
61.7199
61.7199
61.7638
61.848
61.9687
62.1917
61.4997
61.2414
61.0871
60.9848
60.9318
60.9318
60.9848
61.0871
61.2414
61.4997
60.8196
60.5499
60.3774
60.2668
60.2097
60.2097
60.2668
60.3774
60.5499
60.8196
60.1863
59.9213
59.7429
59.6312
59.5733
59.5733
59.6312
59.7429
59.9213
60.1863
59.7001
59.3566
59.1748
59.0632
59.005
59.005
59.0632
59.1748
59.3566
59.7001
58.8938
58.8791
58.8804
58.8767
58.8751
58.8751
58.8767
58.8804
58.8791
58.8938
59.296
59.2787
59.2791
59.2736
59.2707
59.2707
59.2736
59.2791
59.2787
59.296
59.6267
59.5907
59.5794
59.564
59.5558
59.5558
59.564
59.5794
59.5907
59.6267
59.6725
59.6032
59.5696
59.5382
59.5215
59.5215
59.5382
59.5696
59.6032
59.6725
59.523
59.4185
59.3606
59.3132
59.2881
59.2881
59.3132
59.3606
59.4185
59.523
59.272
59.1371
59.0569
58.9962
58.9643
58.9643
58.9962
59.0569
59.1371
59.272
58.9677
58.8107
58.7124
58.6423
58.6057
58.6057
58.6423
58.7124
58.8107
58.9677
58.6368
58.4695
58.3599
58.285
58.2459
58.2459
58.285
58.3599
58.4695
58.6368
58.311
58.1414
58.0249
57.9479
57.9077
57.9077
57.9479
58.0248
58.1414
58.311
58.0622
57.8321
57.7066
57.6266
57.585
57.585
57.6266
57.7066
57.8321
58.0622
54.1688
54.1882
54.2127
54.2284
54.2367
54.2367
54.2284
54.2127
54.1882
54.1688
54.3711
54.394
54.4223
54.4402
54.4496
54.4496
54.4402
54.4222
54.394
54.3711
54.5411
54.5614
54.5891
54.606
54.6149
54.6149
54.606
54.5891
54.5614
54.5411
54.6201
54.6299
54.6506
54.6621
54.6681
54.6681
54.6621
54.6506
54.6299
54.6201
54.6288
54.6243
54.6345
54.6385
54.6405
54.6405
54.6385
54.6345
54.6243
54.6288
54.5904
54.571
54.5698
54.5661
54.564
54.564
54.5661
54.5698
54.571
54.5904
54.5182
54.4861
54.4741
54.4637
54.4581
54.4581
54.4637
54.4741
54.4861
54.5182
54.422
54.3817
54.3614
54.346
54.3377
54.3377
54.346
54.3614
54.3817
54.422
54.3187
54.2728
54.2446
54.2248
54.2141
54.2141
54.2248
54.2446
54.2728
54.3187
54.2508
54.1642
54.1235
54.0969
54.0828
54.0828
54.0969
54.1235
54.1642
54.2508
50.9176
50.9174
50.919
50.919
50.919
50.919
50.919
50.919
50.9174
50.9176
51.0102
51.0134
51.018
51.0199
51.021
51.021
51.0199
51.018
51.0134
51.0102
51.1042
51.1086
51.1147
51.1173
51.1187
51.1187
51.1173
51.1147
51.1086
51.1042
51.1671
51.1693
51.1742
51.1756
51.1763
51.1763
51.1756
51.1742
51.1693
51.1671
51.2007
51.1985
51.2005
51.1996
51.199
51.199
51.1996
51.2005
51.1985
51.2007
51.2118
51.2042
51.2023
51.1987
51.1966
51.1966
51.1987
51.2023
51.2042
51.2118
51.205
51.1922
51.1862
51.18
51.1766
51.1766
51.18
51.1862
51.1922
51.205
51.1845
51.168
51.1586
51.1503
51.1457
51.1457
51.1503
51.1586
51.168
51.1845
51.1591
51.1392
51.1257
51.1152
51.1094
51.1094
51.1152
51.1257
51.1392
51.1591
51.1482
51.1077
51.087
51.0727
51.0652
51.0652
51.0727
51.087
51.1077
51.1482
47.5575
47.5603
47.5638
47.5659
47.567
47.567
47.5659
47.5638
47.5603
47.5575
47.5947
47.5992
47.6041
47.6072
47.6088
47.6088
47.6072
47.6041
47.5992
47.5947
47.6323
47.6377
47.6437
47.6474
47.6494
47.6494
47.6474
47.6437
47.6377
47.6323
47.6601
47.6652
47.6713
47.6749
47.6768
47.6768
47.6749
47.6713
47.6652
47.6601
47.6782
47.6821
47.6874
47.6903
47.6918
47.6918
47.6903
47.6874
47.6821
47.6782
47.688
47.6899
47.6938
47.6957
47.6966
47.6966
47.6957
47.6938
47.6899
47.688
47.6903
47.6902
47.6924
47.6931
47.6934
47.6934
47.6931
47.6924
47.6902
47.6903
47.6863
47.6845
47.6851
47.6847
47.6844
47.6844
47.6847
47.6851
47.6845
47.6863
47.6797
47.6761
47.6745
47.6727
47.6717
47.6717
47.6727
47.6745
47.6761
47.6797
47.68
47.6661
47.6601
47.6559
47.6536
47.6536
47.6559
47.6601
47.6661
47.68
44.317
44.3173
44.3177
44.3178
44.3179
44.3179
44.3178
44.3177
44.3173
44.317
44.3321
44.3331
44.3343
44.3348
44.3351
44.3351
44.3348
44.3343
44.3331
44.3321
44.3493
44.351
44.3527
44.3537
44.3542
44.3542
44.3537
44.3527
44.351
44.3493
44.364
44.366
44.368
44.369
44.3696
44.3696
44.369
44.368
44.366
44.364
44.3757
44.3776
44.3795
44.3805
44.381
44.381
44.3805
44.3795
44.3776
44.3757
44.3846
44.386
44.3877
44.3884
44.3887
44.3887
44.3884
44.3877
44.386
44.3846
44.3907
44.3916
44.3928
44.3932
44.3933
44.3933
44.3932
44.3928
44.3916
44.3907
44.3945
44.3948
44.3956
44.3955
44.3955
44.3955
44.3955
44.3956
44.3948
44.3945
44.3973
44.3969
44.3968
44.3962
44.3958
44.3958
44.3962
44.3968
44.3969
44.3973
44.4029
44.3981
44.396
44.3944
44.3935
44.3935
44.3944
44.396
44.3981
44.4029
41.0388
41.0394
41.0399
41.0403
41.0404
41.0404
41.0403
41.0399
41.0394
41.0388
41.0444
41.0452
41.0461
41.0466
41.0469
41.0469
41.0466
41.046
41.0452
41.0444
41.0506
41.0518
41.0529
41.0536
41.054
41.054
41.0536
41.0529
41.0518
41.0506
41.0563
41.0577
41.059
41.0598
41.0602
41.0602
41.0598
41.059
41.0577
41.0563
41.0612
41.0626
41.064
41.0648
41.0653
41.0653
41.0648
41.064
41.0626
41.0612
41.0652
41.0665
41.0679
41.0686
41.069
41.069
41.0686
41.0679
41.0665
41.0652
41.0683
41.0694
41.0706
41.0712
41.0715
41.0715
41.0712
41.0706
41.0694
41.0683
41.0703
41.0712
41.0722
41.0727
41.073
41.073
41.0727
41.0722
41.0712
41.0703
41.0719
41.0725
41.0732
41.0734
41.0735
41.0735
41.0734
41.0732
41.0725
41.0719
41.0747
41.0734
41.0731
41.0728
41.0726
41.0726
41.0728
41.0731
41.0734
41.0747
37.7677
37.7678
37.7679
37.7679
37.7679
37.7679
37.7679
37.7679
37.7678
37.7677
37.7697
37.77
37.7702
37.7703
37.7703
37.7703
37.7703
37.7702
37.77
37.7697
37.7723
37.7727
37.773
37.7732
37.7733
37.7733
37.7732
37.773
37.7727
37.7723
37.775
37.7755
37.776
37.7762
37.7764
37.7764
37.7762
37.776
37.7755
37.775
37.7776
37.7782
37.7787
37.779
37.7792
37.7792
37.779
37.7787
37.7782
37.7776
37.7799
37.7806
37.7812
37.7815
37.7816
37.7816
37.7815
37.7812
37.7806
37.7799
37.7821
37.7827
37.7833
37.7836
37.7838
37.7838
37.7836
37.7833
37.7827
37.7821
37.784
37.7846
37.7852
37.7854
37.7856
37.7856
37.7854
37.7852
37.7846
37.784
37.7858
37.7863
37.7867
37.7869
37.787
37.787
37.7869
37.7867
37.7863
37.7858
37.788
37.7879
37.7879
37.7879
37.7879
37.7879
37.7879
37.7879
37.7879
37.788
34.4866
34.4867
34.4868
34.4868
34.4868
34.4868
34.4868
34.4868
34.4867
34.4866
34.4872
34.4873
34.4875
34.4876
34.4876
34.4876
34.4876
34.4875
34.4873
34.4872
34.488
34.4883
34.4884
34.4886
34.4886
34.4886
34.4886
34.4884
34.4883
34.488
34.489
34.4893
34.4895
34.4897
34.4897
34.4897
34.4897
34.4895
34.4893
34.489
34.49
34.4903
34.4906
34.4908
34.4909
34.4909
34.4908
34.4906
34.4903
34.49
34.4909
34.4913
34.4916
34.4918
34.4919
34.4919
34.4918
34.4916
34.4913
34.4909
34.4918
34.4922
34.4925
34.4927
34.4928
34.4928
34.4927
34.4925
34.4922
34.4918
34.4926
34.493
34.4934
34.4935
34.4936
34.4936
34.4935
34.4934
34.493
34.4926
34.4934
34.4938
34.4941
34.4942
34.4943
34.4943
34.4942
34.4941
34.4938
34.4934
34.4944
34.4944
34.4946
34.4946
34.4947
34.4947
34.4946
34.4946
34.4944
34.4944
31.2049
31.2049
31.2049
31.2049
31.2049
31.2049
31.2049
31.2049
31.2049
31.2049
31.2051
31.2051
31.2051
31.2051
31.2052
31.2052
31.2051
31.2051
31.2051
31.2051
31.2054
31.2054
31.2055
31.2055
31.2055
31.2055
31.2055
31.2055
31.2054
31.2054
31.2058
31.2059
31.206
31.206
31.206
31.206
31.206
31.206
31.2059
31.2058
31.2063
31.2064
31.2065
31.2066
31.2066
31.2066
31.2066
31.2065
31.2064
31.2063
31.2068
31.2069
31.207
31.2071
31.2072
31.2072
31.2071
31.207
31.2069
31.2068
31.2073
31.2075
31.2076
31.2077
31.2077
31.2077
31.2077
31.2076
31.2075
31.2073
31.2078
31.208
31.2081
31.2082
31.2083
31.2083
31.2082
31.2081
31.208
31.2078
31.2083
31.2085
31.2086
31.2087
31.2088
31.2088
31.2087
31.2086
31.2085
31.2083
31.2089
31.209
31.2091
31.2091
31.2092
31.2092
31.2091
31.2091
31.209
31.2089
27.9209
27.9209
27.9209
27.9209
27.9209
27.9209
27.9209
27.9209
27.9209
27.9209
27.9209
27.921
27.921
27.921
27.921
27.921
27.921
27.921
27.921
27.9209
27.921
27.921
27.9211
27.9211
27.9211
27.9211
27.9211
27.9211
27.921
27.921
27.9211
27.9212
27.9212
27.9213
27.9213
27.9213
27.9213
27.9212
27.9212
27.9211
27.9213
27.9214
27.9214
27.9215
27.9215
27.9215
27.9215
27.9214
27.9214
27.9213
27.9215
27.9216
27.9216
27.9217
27.9217
27.9217
27.9217
27.9216
27.9216
27.9215
27.9217
27.9218
27.9219
27.9219
27.9219
27.9219
27.9219
27.9219
27.9218
27.9217
27.9219
27.922
27.9221
27.9221
27.9222
27.9222
27.9221
27.9221
27.922
27.9219
27.9221
27.9222
27.9223
27.9223
27.9224
27.9224
27.9223
27.9223
27.9222
27.9221
27.9223
27.9224
27.9225
27.9225
27.9225
27.9225
27.9225
27.9225
27.9224
27.9223
24.6366
24.6366
24.6366
24.6366
24.6366
24.6366
24.6366
24.6366
24.6366
24.6366
24.6366
24.6366
24.6366
24.6366
24.6366
24.6366
24.6366
24.6366
24.6366
24.6366
24.6366
24.6367
24.6367
24.6367
24.6367
24.6367
24.6367
24.6367
24.6367
24.6366
24.6367
24.6367
24.6367
24.6367
24.6367
24.6367
24.6367
24.6367
24.6367
24.6367
24.6368
24.6368
24.6368
24.6368
24.6368
24.6368
24.6368
24.6368
24.6368
24.6368
24.6369
24.6369
24.6369
24.6369
24.6369
24.6369
24.6369
24.6369
24.6369
24.6369
24.637
24.637
24.637
24.6371
24.6371
24.6371
24.6371
24.637
24.637
24.637
24.6371
24.6371
24.6372
24.6372
24.6372
24.6372
24.6372
24.6372
24.6371
24.6371
24.6372
24.6372
24.6373
24.6373
24.6373
24.6373
24.6373
24.6373
24.6372
24.6372
24.6373
24.6374
24.6374
24.6374
24.6374
24.6374
24.6374
24.6374
24.6374
24.6373
21.3519
21.3519
21.3519
21.3519
21.3519
21.3519
21.3519
21.3519
21.3519
21.3519
21.3519
21.3519
21.3519
21.3519
21.3519
21.3519
21.3519
21.3519
21.3519
21.3519
21.3519
21.3519
21.3519
21.3519
21.3519
21.3519
21.3519
21.3519
21.3519
21.3519
21.3519
21.3519
21.3519
21.3519
21.3519
21.3519
21.3519
21.3519
21.3519
21.3519
21.3519
21.3519
21.3519
21.3519
21.3519
21.3519
21.3519
21.3519
21.3519
21.3519
21.3519
21.352
21.352
21.352
21.352
21.352
21.352
21.352
21.352
21.3519
21.352
21.352
21.352
21.352
21.352
21.352
21.352
21.352
21.352
21.352
21.352
21.352
21.3521
21.3521
21.3521
21.3521
21.3521
21.3521
21.352
21.352
21.3521
21.3521
21.3521
21.3521
21.3521
21.3521
21.3521
21.3521
21.3521
21.3521
21.3521
21.3521
21.3522
21.3522
21.3522
21.3522
21.3522
21.3522
21.3521
21.3521
18.0671
18.0671
18.0671
18.0671
18.0671
18.0671
18.0671
18.0671
18.0671
18.0671
18.0671
18.0671
18.0671
18.0671
18.0671
18.0671
18.0671
18.0671
18.0671
18.0671
18.0671
18.0671
18.0671
18.0671
18.0671
18.0671
18.0671
18.0671
18.0671
18.0671
18.0671
18.0671
18.0671
18.0671
18.0671
18.0671
18.0671
18.0671
18.0671
18.0671
18.0671
18.0671
18.0671
18.0671
18.0671
18.0671
18.0671
18.0671
18.0671
18.0671
18.0671
18.0671
18.0671
18.0671
18.0671
18.0671
18.0671
18.0671
18.0671
18.0671
18.0671
18.0671
18.0671
18.0671
18.0671
18.0671
18.0671
18.0671
18.0671
18.0671
18.0671
18.0671
18.0671
18.0671
18.0672
18.0672
18.0671
18.0671
18.0671
18.0671
18.0672
18.0672
18.0672
18.0672
18.0672
18.0672
18.0672
18.0672
18.0672
18.0672
18.0672
18.0672
18.0672
18.0672
18.0672
18.0672
18.0672
18.0672
18.0672
18.0672
14.7822
14.7822
14.7822
14.7822
14.7822
14.7822
14.7822
14.7822
14.7822
14.7822
14.7822
14.7822
14.7822
14.7822
14.7822
14.7822
14.7822
14.7822
14.7822
14.7822
14.7822
14.7822
14.7822
14.7822
14.7822
14.7822
14.7822
14.7822
14.7822
14.7822
14.7822
14.7822
14.7822
14.7822
14.7822
14.7822
14.7822
14.7822
14.7822
14.7822
14.7822
14.7822
14.7822
14.7822
14.7822
14.7822
14.7822
14.7822
14.7822
14.7822
14.7822
14.7822
14.7822
14.7822
14.7822
14.7822
14.7822
14.7822
14.7822
14.7822
14.7822
14.7822
14.7822
14.7822
14.7822
14.7822
14.7822
14.7822
14.7822
14.7822
14.7822
14.7822
14.7822
14.7822
14.7822
14.7822
14.7822
14.7822
14.7822
14.7822
14.7822
14.7822
14.7822
14.7822
14.7822
14.7822
14.7822
14.7822
14.7822
14.7822
14.7822
14.7822
14.7822
14.7822
14.7822
14.7822
14.7822
14.7822
14.7822
14.7822
11.4973
11.4973
11.4973
11.4973
11.4973
11.4973
11.4973
11.4973
11.4973
11.4973
11.4973
11.4973
11.4973
11.4973
11.4973
11.4973
11.4973
11.4973
11.4973
11.4973
11.4973
11.4973
11.4973
11.4973
11.4973
11.4973
11.4973
11.4973
11.4973
11.4973
11.4972
11.4973
11.4973
11.4973
11.4973
11.4973
11.4973
11.4973
11.4973
11.4973
11.4973
11.4973
11.4973
11.4973
11.4973
11.4973
11.4973
11.4973
11.4973
11.4973
11.4973
11.4973
11.4973
11.4973
11.4973
11.4973
11.4973
11.4973
11.4973
11.4973
11.4973
11.4973
11.4973
11.4973
11.4973
11.4973
11.4973
11.4973
11.4973
11.4973
11.4973
11.4973
11.4973
11.4973
11.4973
11.4973
11.4973
11.4973
11.4973
11.4973
11.4973
11.4973
11.4973
11.4973
11.4973
11.4973
11.4973
11.4973
11.4973
11.4973
11.4973
11.4973
11.4973
11.4973
11.4973
11.4973
11.4973
11.4973
11.4973
11.4973
8.21233
8.21233
8.21233
8.21233
8.21233
8.21233
8.21233
8.21233
8.21233
8.21233
8.21233
8.21233
8.21232
8.21232
8.21232
8.21232
8.21233
8.21233
8.21233
8.21233
8.21232
8.21232
8.21232
8.21232
8.21232
8.21232
8.21232
8.21232
8.21232
8.21232
8.21232
8.21232
8.21232
8.21232
8.21232
8.21232
8.21232
8.21232
8.21232
8.21232
8.21232
8.21232
8.21232
8.21232
8.21232
8.21232
8.21232
8.21232
8.21232
8.21232
8.21232
8.21232
8.21232
8.21232
8.21232
8.21232
8.21232
8.21232
8.21232
8.21232
8.21232
8.21232
8.21232
8.21232
8.21233
8.21233
8.21233
8.21232
8.21232
8.21232
8.21232
8.21233
8.21233
8.21233
8.21233
8.21233
8.21233
8.21233
8.21233
8.21233
8.21233
8.21233
8.21233
8.21233
8.21233
8.21233
8.21233
8.21233
8.21233
8.21233
8.21233
8.21233
8.21233
8.21233
8.21233
8.21233
8.21233
8.21233
8.21233
8.21233
4.92739
4.92739
4.9274
4.9274
4.9274
4.9274
4.9274
4.9274
4.9274
4.9274
4.92739
4.92739
4.92739
4.92739
4.92739
4.92739
4.92739
4.92739
4.92739
4.92739
4.92739
4.92739
4.92739
4.92739
4.92739
4.92739
4.92739
4.92739
4.92739
4.92739
4.92739
4.92739
4.92739
4.92739
4.92739
4.92739
4.92739
4.92739
4.92739
4.92739
4.92739
4.92739
4.92739
4.92739
4.92739
4.92739
4.92739
4.92739
4.92739
4.92739
4.92739
4.92739
4.92739
4.92739
4.92739
4.92739
4.92739
4.92739
4.92739
4.92739
4.92739
4.92739
4.92739
4.92739
4.92739
4.92739
4.92739
4.92739
4.92739
4.92739
4.92739
4.92739
4.92739
4.92739
4.92739
4.92739
4.92739
4.92739
4.92739
4.92739
4.92739
4.92739
4.92739
4.92739
4.92739
4.92739
4.92739
4.92739
4.92739
4.92739
4.92739
4.92739
4.92739
4.92739
4.92739
4.92739
4.92739
4.92739
4.92739
4.92739
1.64247
1.64247
1.64247
1.64247
1.64247
1.64247
1.64247
1.64247
1.64247
1.64247
1.64246
1.64246
1.64246
1.64246
1.64246
1.64246
1.64246
1.64246
1.64246
1.64246
1.64246
1.64246
1.64246
1.64246
1.64246
1.64246
1.64246
1.64246
1.64246
1.64246
1.64246
1.64246
1.64246
1.64246
1.64246
1.64246
1.64246
1.64246
1.64246
1.64246
1.64246
1.64246
1.64246
1.64246
1.64246
1.64246
1.64246
1.64246
1.64246
1.64246
1.64246
1.64246
1.64246
1.64246
1.64246
1.64246
1.64246
1.64246
1.64246
1.64246
1.64246
1.64246
1.64246
1.64246
1.64246
1.64246
1.64246
1.64246
1.64246
1.64246
1.64246
1.64246
1.64246
1.64246
1.64246
1.64246
1.64246
1.64246
1.64246
1.64246
1.64246
1.64246
1.64246
1.64246
1.64246
1.64246
1.64246
1.64246
1.64246
1.64246
1.64246
1.64246
1.64246
1.64246
1.64246
1.64246
1.64246
1.64246
1.64246
1.64246
61.3775
60.6951
60.2632
59.9886
59.8524
59.8524
59.9886
60.2632
60.6951
61.3775
60.6951
60.113
59.6749
59.3829
59.2381
59.2381
59.3829
59.6749
60.113
60.6951
60.2632
59.6749
59.2186
58.9146
58.7647
58.7647
58.9147
59.2186
59.6749
60.2632
59.9886
59.3829
58.9146
58.6051
58.4528
58.4528
58.6051
58.9147
59.3829
59.9886
59.8524
59.2381
58.7647
58.4528
58.2995
58.2995
58.4528
58.7647
59.2381
59.8524
59.8524
59.2381
58.7647
58.4528
58.2995
58.2995
58.4528
58.7647
59.2381
59.8524
59.9886
59.3829
58.9147
58.6051
58.4528
58.4528
58.6051
58.9147
59.3829
59.9886
60.2632
59.6749
59.2186
58.9147
58.7647
58.7647
58.9147
59.2186
59.6749
60.2632
60.6951
60.113
59.6749
59.3829
59.2381
59.2381
59.3829
59.6749
60.113
60.6951
61.3775
60.6951
60.2632
59.9886
59.8524
59.8524
59.9886
60.2632
60.6951
61.3775
59.1945
58.9165
58.7508
58.642
58.5866
58.5866
58.642
58.7508
58.9165
59.1945
58.9165
58.6952
58.5088
58.3791
58.3143
58.3143
58.3791
58.5088
58.6952
58.9165
58.7508
58.5088
58.2997
58.1565
58.0857
58.0857
58.1565
58.2997
58.5088
58.7508
58.642
58.3791
58.1565
58.006
57.932
57.932
58.006
58.1565
58.3791
58.642
58.5866
58.3143
58.0857
57.932
57.8563
57.8563
57.932
58.0857
58.3143
58.5867
58.5866
58.3143
58.0857
57.932
57.8563
57.8563
57.932
58.0857
58.3143
58.5867
58.642
58.3791
58.1565
58.006
57.932
57.932
58.006
58.1565
58.3791
58.642
58.7508
58.5088
58.2997
58.1565
58.0857
58.0857
58.1565
58.2997
58.5088
58.7508
58.9165
58.6952
58.5088
58.3791
58.3143
58.3143
58.3791
58.5088
58.6953
58.9165
59.1945
58.9165
58.7508
58.642
58.5867
58.5867
58.642
58.7508
58.9165
59.1945
57.6859
57.5316
57.4361
57.3699
57.3359
57.3359
57.3699
57.4361
57.5316
57.6859
57.5316
57.4072
57.2925
57.2099
57.1682
57.1682
57.2099
57.2925
57.4072
57.5316
57.4361
57.2925
57.1593
57.0662
57.0199
57.0199
57.0662
57.1593
57.2925
57.4361
57.3699
57.2099
57.0662
56.9677
56.919
56.919
56.9677
57.0662
57.2099
57.3699
57.3359
57.1682
57.0199
56.919
56.8692
56.8692
56.919
57.0199
57.1682
57.3359
57.3359
57.1682
57.0199
56.919
56.8692
56.8692
56.919
57.0199
57.1682
57.3359
57.3699
57.2099
57.0662
56.9677
56.919
56.919
56.9677
57.0662
57.2099
57.3699
57.4361
57.2925
57.1593
57.0662
57.0199
57.0199
57.0662
57.1593
57.2925
57.4361
57.5316
57.4072
57.2925
57.2099
57.1682
57.1682
57.2099
57.2925
57.4073
57.5316
57.6859
57.5316
57.4361
57.3699
57.3359
57.3359
57.3699
57.4361
57.5316
57.6859
54.0641
54.0258
54.004
53.9869
53.9777
53.9777
53.9869
54.004
54.0258
54.0641
54.0258
53.996
53.9594
53.931
53.9166
53.9166
53.931
53.9594
53.996
54.0258
54.004
53.9594
53.9111
53.8763
53.8591
53.8591
53.8763
53.9111
53.9594
54.004
53.9869
53.931
53.8763
53.8383
53.8195
53.8195
53.8383
53.8763
53.931
53.9869
53.9777
53.9166
53.8591
53.8195
53.8
53.8
53.8195
53.8591
53.9166
53.9777
53.9777
53.9166
53.8591
53.8195
53.8
53.8
53.8195
53.8591
53.9166
53.9777
53.9869
53.931
53.8763
53.8383
53.8195
53.8195
53.8383
53.8763
53.931
53.9869
54.004
53.9594
53.9111
53.8763
53.8591
53.8591
53.8763
53.9111
53.9594
54.004
54.0258
53.996
53.9594
53.931
53.9166
53.9166
53.931
53.9594
53.996
54.0258
54.0641
54.0258
54.004
53.9869
53.9777
53.9777
53.9869
54.004
54.0258
54.0641
51.0527
51.0428
51.0366
51.0304
51.027
51.027
51.0304
51.0366
51.0428
51.0527
51.0428
51.0358
51.0219
51.0101
51.0041
51.0041
51.0101
51.0219
51.0358
51.0428
51.0366
51.0219
51.002
50.987
50.9795
50.9795
50.987
51.002
51.0219
51.0366
51.0304
51.0101
50.987
50.9705
50.9623
50.9623
50.9705
50.987
51.0101
51.0304
51.027
51.0041
50.9795
50.9623
50.9537
50.9537
50.9623
50.9795
51.0041
51.027
51.027
51.0041
50.9795
50.9623
50.9537
50.9537
50.9623
50.9795
51.0041
51.027
51.0304
51.0101
50.987
50.9705
50.9623
50.9623
50.9705
50.987
51.0102
51.0304
51.0366
51.0219
51.002
50.987
50.9795
50.9795
50.987
51.002
51.0219
51.0366
51.0428
51.0358
51.0219
51.0101
51.0041
51.0041
51.0102
51.0219
51.0358
51.0428
51.0527
51.0428
51.0366
51.0304
51.027
51.027
51.0305
51.0366
51.0428
51.0527
47.6356
47.6367
47.6377
47.6374
47.6371
47.6371
47.6374
47.6377
47.6367
47.6356
47.6367
47.6378
47.6345
47.6311
47.6294
47.6294
47.6311
47.6345
47.6378
47.6367
47.6377
47.6345
47.6281
47.6231
47.6207
47.6207
47.6231
47.6281
47.6345
47.6377
47.6374
47.6311
47.6231
47.6174
47.6145
47.6145
47.6174
47.6231
47.6311
47.6374
47.6371
47.6294
47.6207
47.6145
47.6115
47.6115
47.6145
47.6207
47.6294
47.6371
47.6371
47.6294
47.6207
47.6145
47.6115
47.6115
47.6145
47.6207
47.6294
47.6371
47.6374
47.6311
47.6231
47.6174
47.6145
47.6145
47.6174
47.6231
47.6311
47.6374
47.6377
47.6345
47.6281
47.6231
47.6207
47.6207
47.6231
47.6281
47.6345
47.6377
47.6367
47.6378
47.6345
47.6311
47.6294
47.6294
47.6311
47.6345
47.6378
47.6367
47.6356
47.6367
47.6377
47.6374
47.6371
47.6371
47.6374
47.6377
47.6367
47.6356
44.3851
44.3878
44.3896
44.3903
44.3905
44.3905
44.3903
44.3896
44.3878
44.3851
44.3878
44.3905
44.3905
44.39
44.3897
44.3897
44.39
44.3905
44.3905
44.3878
44.3896
44.3905
44.3893
44.3882
44.3876
44.3876
44.3882
44.3893
44.3905
44.3896
44.3903
44.39
44.3882
44.3867
44.386
44.386
44.3867
44.3882
44.39
44.3903
44.3905
44.3897
44.3876
44.386
44.3852
44.3852
44.386
44.3876
44.3897
44.3905
44.3905
44.3897
44.3876
44.386
44.3852
44.3852
44.386
44.3876
44.3897
44.3905
44.3903
44.39
44.3882
44.3867
44.386
44.386
44.3867
44.3882
44.39
44.3903
44.3896
44.3905
44.3893
44.3882
44.3876
44.3876
44.3882
44.3893
44.3905
44.3896
44.3878
44.3905
44.3905
44.39
44.3897
44.3897
44.39
44.3905
44.3905
44.3878
44.3851
44.3878
44.3896
44.3903
44.3905
44.3905
44.3903
44.3896
44.3878
44.3851
41.0672
41.0691
41.0704
41.071
41.0713
41.0713
41.071
41.0704
41.0691
41.0672
41.0691
41.0707
41.0712
41.0712
41.0713
41.0713
41.0712
41.0712
41.0707
41.0691
41.0704
41.0712
41.071
41.0708
41.0707
41.0707
41.0708
41.071
41.0712
41.0704
41.071
41.0712
41.0708
41.0705
41.0703
41.0703
41.0705
41.0708
41.0712
41.071
41.0713
41.0713
41.0707
41.0703
41.0701
41.0701
41.0703
41.0707
41.0713
41.0713
41.0713
41.0713
41.0707
41.0703
41.0701
41.0701
41.0703
41.0707
41.0713
41.0713
41.071
41.0712
41.0708
41.0705
41.0703
41.0703
41.0705
41.0708
41.0712
41.071
41.0704
41.0712
41.071
41.0708
41.0707
41.0707
41.0708
41.071
41.0712
41.0704
41.0691
41.0707
41.0712
41.0712
41.0713
41.0713
41.0712
41.0712
41.0707
41.0691
41.0672
41.0691
41.0704
41.071
41.0713
41.0713
41.071
41.0704
41.0691
41.0672
37.7857
37.7869
37.7877
37.7882
37.7884
37.7884
37.7882
37.7877
37.7869
37.7857
37.7869
37.788
37.7886
37.7889
37.789
37.789
37.7889
37.7886
37.788
37.7869
37.7877
37.7886
37.789
37.7891
37.7893
37.7893
37.7891
37.789
37.7886
37.7877
37.7882
37.7889
37.7891
37.7893
37.7894
37.7894
37.7893
37.7891
37.7889
37.7882
37.7884
37.789
37.7893
37.7894
37.7895
37.7895
37.7894
37.7893
37.789
37.7884
37.7884
37.789
37.7893
37.7894
37.7895
37.7895
37.7894
37.7893
37.789
37.7884
37.7882
37.7889
37.7891
37.7893
37.7894
37.7894
37.7893
37.7891
37.7889
37.7882
37.7877
37.7886
37.789
37.7891
37.7893
37.7893
37.7891
37.789
37.7886
37.7877
37.7869
37.788
37.7886
37.7889
37.789
37.789
37.7889
37.7886
37.788
37.7869
37.7857
37.7869
37.7877
37.7882
37.7884
37.7884
37.7882
37.7877
37.7869
37.7857
34.4935
34.4941
34.4945
34.4947
34.4949
34.4949
34.4947
34.4945
34.4941
34.4935
34.4941
34.4946
34.4949
34.4951
34.4952
34.4952
34.4951
34.4949
34.4946
34.4941
34.4945
34.4949
34.4952
34.4953
34.4954
34.4954
34.4953
34.4952
34.4949
34.4945
34.4947
34.4951
34.4953
34.4954
34.4955
34.4955
34.4954
34.4953
34.4951
34.4947
34.4949
34.4952
34.4954
34.4955
34.4955
34.4955
34.4955
34.4954
34.4952
34.4949
34.4949
34.4952
34.4954
34.4955
34.4955
34.4955
34.4955
34.4954
34.4952
34.4949
34.4947
34.4951
34.4953
34.4954
34.4955
34.4955
34.4954
34.4953
34.4951
34.4948
34.4945
34.4949
34.4952
34.4953
34.4954
34.4954
34.4953
34.4952
34.4949
34.4945
34.4941
34.4946
34.4949
34.4951
34.4952
34.4952
34.4951
34.4949
34.4946
34.4941
34.4935
34.4941
34.4945
34.4947
34.4949
34.4949
34.4948
34.4945
34.4941
34.4935
31.2087
31.209
31.2093
31.2094
31.2095
31.2095
31.2094
31.2093
31.209
31.2087
31.209
31.2094
31.2095
31.2097
31.2097
31.2097
31.2097
31.2095
31.2094
31.209
31.2093
31.2095
31.2097
31.2098
31.2099
31.2099
31.2098
31.2097
31.2095
31.2093
31.2094
31.2097
31.2098
31.21
31.21
31.21
31.21
31.2098
31.2097
31.2094
31.2095
31.2097
31.2099
31.21
31.2101
31.2101
31.21
31.2099
31.2097
31.2095
31.2095
31.2097
31.2099
31.21
31.2101
31.2101
31.21
31.2099
31.2097
31.2095
31.2094
31.2097
31.2098
31.21
31.21
31.21
31.21
31.2098
31.2097
31.2094
31.2093
31.2095
31.2097
31.2098
31.2099
31.2099
31.2098
31.2097
31.2095
31.2093
31.209
31.2094
31.2095
31.2097
31.2097
31.2097
31.2097
31.2095
31.2094
31.209
31.2087
31.209
31.2093
31.2094
31.2095
31.2095
31.2094
31.2093
31.209
31.2087
27.9223
27.9225
27.9226
27.9226
27.9227
27.9227
27.9226
27.9226
27.9225
27.9223
27.9225
27.9226
27.9227
27.9227
27.9228
27.9228
27.9227
27.9227
27.9226
27.9225
27.9226
27.9227
27.9228
27.9228
27.9228
27.9228
27.9228
27.9228
27.9227
27.9226
27.9226
27.9227
27.9228
27.9229
27.9229
27.9229
27.9229
27.9228
27.9227
27.9226
27.9227
27.9228
27.9228
27.9229
27.9229
27.9229
27.9229
27.9228
27.9228
27.9227
27.9227
27.9228
27.9228
27.9229
27.9229
27.9229
27.9229
27.9228
27.9228
27.9227
27.9226
27.9227
27.9228
27.9229
27.9229
27.9229
27.9229
27.9228
27.9227
27.9226
27.9226
27.9227
27.9228
27.9228
27.9228
27.9228
27.9228
27.9228
27.9227
27.9226
27.9225
27.9226
27.9227
27.9227
27.9228
27.9228
27.9227
27.9227
27.9226
27.9225
27.9223
27.9225
27.9226
27.9226
27.9227
27.9227
27.9226
27.9226
27.9225
27.9223
24.6374
24.6374
24.6375
24.6375
24.6375
24.6375
24.6375
24.6375
24.6374
24.6374
24.6374
24.6375
24.6375
24.6376
24.6376
24.6376
24.6376
24.6375
24.6375
24.6374
24.6375
24.6375
24.6376
24.6376
24.6376
24.6376
24.6376
24.6376
24.6375
24.6375
24.6375
24.6376
24.6376
24.6377
24.6377
24.6377
24.6377
24.6376
24.6376
24.6375
24.6375
24.6376
24.6376
24.6377
24.6377
24.6377
24.6377
24.6376
24.6376
24.6375
24.6375
24.6376
24.6376
24.6377
24.6377
24.6377
24.6377
24.6376
24.6376
24.6375
24.6375
24.6376
24.6376
24.6377
24.6377
24.6377
24.6377
24.6376
24.6376
24.6375
24.6375
24.6375
24.6376
24.6376
24.6376
24.6376
24.6376
24.6376
24.6375
24.6375
24.6374
24.6375
24.6375
24.6376
24.6376
24.6376
24.6376
24.6375
24.6375
24.6374
24.6374
24.6374
24.6375
24.6375
24.6375
24.6375
24.6375
24.6375
24.6374
24.6374
21.3521
21.3522
21.3522
21.3522
21.3522
21.3522
21.3522
21.3522
21.3522
21.3521
21.3522
21.3522
21.3522
21.3522
21.3522
21.3522
21.3522
21.3522
21.3522
21.3522
21.3522
21.3522
21.3522
21.3523
21.3523
21.3523
21.3523
21.3522
21.3522
21.3522
21.3522
21.3522
21.3523
21.3523
21.3523
21.3523
21.3523
21.3523
21.3522
21.3522
21.3522
21.3522
21.3523
21.3523
21.3523
21.3523
21.3523
21.3523
21.3522
21.3522
21.3522
21.3522
21.3523
21.3523
21.3523
21.3523
21.3523
21.3523
21.3522
21.3522
21.3522
21.3522
21.3523
21.3523
21.3523
21.3523
21.3523
21.3523
21.3522
21.3522
21.3522
21.3522
21.3522
21.3523
21.3523
21.3523
21.3523
21.3522
21.3522
21.3522
21.3522
21.3522
21.3522
21.3522
21.3522
21.3522
21.3522
21.3522
21.3522
21.3522
21.3521
21.3522
21.3522
21.3522
21.3522
21.3522
21.3522
21.3522
21.3522
21.3521
18.0672
18.0672
18.0672
18.0672
18.0672
18.0672
18.0672
18.0672
18.0672
18.0672
18.0672
18.0672
18.0672
18.0672
18.0672
18.0672
18.0672
18.0672
18.0672
18.0672
18.0672
18.0672
18.0672
18.0672
18.0673
18.0673
18.0672
18.0672
18.0672
18.0672
18.0672
18.0672
18.0672
18.0673
18.0673
18.0673
18.0673
18.0672
18.0672
18.0672
18.0672
18.0672
18.0673
18.0673
18.0673
18.0673
18.0673
18.0673
18.0672
18.0672
18.0672
18.0672
18.0673
18.0673
18.0673
18.0673
18.0673
18.0673
18.0672
18.0672
18.0672
18.0672
18.0672
18.0673
18.0673
18.0673
18.0673
18.0672
18.0672
18.0672
18.0672
18.0672
18.0672
18.0672
18.0673
18.0673
18.0672
18.0672
18.0672
18.0672
18.0672
18.0672
18.0672
18.0672
18.0672
18.0672
18.0672
18.0672
18.0672
18.0672
18.0672
18.0672
18.0672
18.0672
18.0672
18.0672
18.0672
18.0672
18.0672
18.0672
14.7822
14.7822
14.7822
14.7822
14.7822
14.7822
14.7822
14.7822
14.7822
14.7822
14.7822
14.7822
14.7822
14.7822
14.7822
14.7822
14.7822
14.7822
14.7822
14.7822
14.7822
14.7822
14.7822
14.7822
14.7822
14.7822
14.7822
14.7822
14.7822
14.7822
14.7822
14.7822
14.7822
14.7822
14.7822
14.7822
14.7822
14.7822
14.7822
14.7822
14.7822
14.7822
14.7822
14.7822
14.7822
14.7822
14.7822
14.7822
14.7822
14.7822
14.7822
14.7822
14.7822
14.7822
14.7822
14.7822
14.7822
14.7822
14.7822
14.7822
14.7822
14.7822
14.7822
14.7822
14.7822
14.7822
14.7822
14.7822
14.7822
14.7822
14.7822
14.7822
14.7822
14.7822
14.7822
14.7822
14.7822
14.7822
14.7822
14.7822
14.7822
14.7822
14.7822
14.7822
14.7822
14.7822
14.7822
14.7822
14.7822
14.7822
14.7822
14.7822
14.7822
14.7822
14.7822
14.7822
14.7822
14.7822
14.7822
14.7822
11.4973
11.4973
11.4973
11.4973
11.4973
11.4973
11.4973
11.4973
11.4973
11.4973
11.4973
11.4973
11.4973
11.4973
11.4973
11.4973
11.4973
11.4973
11.4973
11.4973
11.4973
11.4973
11.4973
11.4973
11.4973
11.4973
11.4973
11.4973
11.4973
11.4973
11.4973
11.4973
11.4973
11.4973
11.4973
11.4973
11.4973
11.4973
11.4973
11.4973
11.4973
11.4973
11.4973
11.4973
11.4973
11.4973
11.4973
11.4973
11.4973
11.4973
11.4973
11.4973
11.4973
11.4973
11.4973
11.4973
11.4973
11.4973
11.4973
11.4973
11.4973
11.4973
11.4973
11.4973
11.4973
11.4973
11.4973
11.4973
11.4973
11.4973
11.4973
11.4973
11.4973
11.4973
11.4973
11.4973
11.4973
11.4973
11.4973
11.4973
11.4973
11.4973
11.4973
11.4973
11.4973
11.4973
11.4973
11.4973
11.4973
11.4973
11.4973
11.4973
11.4973
11.4973
11.4973
11.4973
11.4973
11.4973
11.4973
11.4973
8.21233
8.21233
8.21233
8.21233
8.21233
8.21233
8.21233
8.21233
8.21233
8.21233
8.21233
8.21233
8.21233
8.21233
8.21233
8.21233
8.21233
8.21233
8.21233
8.21233
8.21233
8.21233
8.21233
8.21233
8.21233
8.21233
8.21233
8.21233
8.21233
8.21233
8.21233
8.21233
8.21233
8.21233
8.21233
8.21233
8.21233
8.21233
8.21233
8.21233
8.21233
8.21233
8.21233
8.21233
8.21233
8.21233
8.21233
8.21233
8.21233
8.21233
8.21233
8.21233
8.21233
8.21233
8.21233
8.21233
8.21233
8.21233
8.21233
8.21233
8.21233
8.21233
8.21233
8.21233
8.21233
8.21233
8.21233
8.21233
8.21233
8.21233
8.21233
8.21233
8.21233
8.21233
8.21233
8.21233
8.21233
8.21233
8.21233
8.21233
8.21233
8.21233
8.21233
8.21233
8.21233
8.21233
8.21233
8.21233
8.21233
8.21233
8.21233
8.21233
8.21233
8.21233
8.21233
8.21233
8.21233
8.21233
8.21233
8.21233
4.92739
4.92739
4.92739
4.92739
4.92739
4.92739
4.92739
4.92739
4.92739
4.92739
4.92739
4.92739
4.92739
4.92739
4.92739
4.92739
4.92739
4.92739
4.92739
4.92739
4.92739
4.92739
4.92739
4.92739
4.92739
4.92739
4.92739
4.92739
4.92739
4.92739
4.92739
4.92739
4.92739
4.92739
4.92739
4.92739
4.92739
4.92739
4.92739
4.92739
4.92739
4.92739
4.92739
4.92739
4.92739
4.92739
4.92739
4.92739
4.92739
4.92739
4.92739
4.92739
4.92739
4.92739
4.92739
4.92739
4.92739
4.92739
4.92739
4.92739
4.92739
4.92739
4.92739
4.92739
4.92739
4.92739
4.92739
4.92739
4.92739
4.92739
4.92739
4.92739
4.92739
4.92739
4.92739
4.92739
4.92739
4.92739
4.92739
4.92739
4.92739
4.92739
4.92739
4.92739
4.92739
4.92739
4.92739
4.92739
4.92739
4.92739
4.92739
4.92739
4.92739
4.92739
4.92739
4.92739
4.92739
4.92739
4.92739
4.92739
1.64246
1.64246
1.64246
1.64246
1.64246
1.64246
1.64246
1.64246
1.64246
1.64246
1.64246
1.64246
1.64246
1.64246
1.64245
1.64245
1.64245
1.64246
1.64246
1.64246
1.64246
1.64246
1.64245
1.64245
1.64245
1.64245
1.64245
1.64245
1.64246
1.64246
1.64246
1.64246
1.64245
1.64245
1.64245
1.64245
1.64245
1.64245
1.64245
1.64246
1.64246
1.64245
1.64245
1.64245
1.64245
1.64245
1.64245
1.64245
1.64245
1.64246
1.64246
1.64245
1.64245
1.64245
1.64245
1.64245
1.64245
1.64245
1.64245
1.64246
1.64246
1.64245
1.64245
1.64245
1.64245
1.64245
1.64245
1.64245
1.64245
1.64246
1.64246
1.64246
1.64245
1.64245
1.64245
1.64245
1.64245
1.64245
1.64245
1.64246
1.64246
1.64246
1.64246
1.64245
1.64245
1.64245
1.64245
1.64245
1.64246
1.64246
1.64246
1.64246
1.64246
1.64246
1.64246
1.64246
1.64246
1.64246
1.64246
1.64246
)
;

boundaryField
{
    fixedWalls
    {
        type            zeroGradient;
    }
    inlet
    {
        type            fixedGradient;
        gradient        uniform 0;
    }
    outlet
    {
        type            fixedValue;
        value           uniform 0;
    }
}


// ************************************************************************* //
