/*--------------------------------*- C++ -*----------------------------------*\
| =========                 |                                                 |
| \\      /  F ield         | OpenFOAM: The Open Source CFD Toolbox           |
|  \\    /   O peration     | Version:  2106                                  |
|   \\  /    A nd           | Website:  www.openfoam.com                      |
|    \\/     M anipulation  |                                                 |
\*---------------------------------------------------------------------------*/
FoamFile
{
    version     2.0;
    format      ascii;
    arch        "LSB;label=32;scalar=64";
    class       volScalarField;
    location    "0.23";
    object      p;
}
// * * * * * * * * * * * * * * * * * * * * * * * * * * * * * * * * * * * * * //

dimensions      [0 2 -2 0 0 0 0];

internalField   nonuniform List<scalar> 
10000
(
101.069
100.488
100.124
99.8571
99.719
99.719
99.8572
100.124
100.489
101.069
91.9411
91.0927
90.5334
90.1382
89.9346
89.9346
90.1382
90.5334
91.0927
91.9412
84.3586
83.3818
82.7437
82.2993
82.0714
82.0714
82.2993
82.7437
83.3818
84.3586
79.1218
78.1185
77.4715
77.0277
76.8003
76.8003
77.0277
77.4715
78.1185
79.1218
75.1946
74.1996
73.5612
73.1321
72.9124
72.9124
73.1321
73.5612
74.1996
75.1946
72.0186
71.0524
70.4313
70.0242
69.8162
69.8162
70.0242
70.4313
71.0524
72.0186
69.4054
68.4893
67.8956
67.517
67.3244
67.3244
67.517
67.8956
68.4893
69.4054
67.2483
66.4059
65.8521
65.5077
65.3332
65.3332
65.5077
65.8521
66.4059
67.2483
65.4654
64.7132
64.2124
63.907
63.7524
63.7524
63.907
64.2124
64.7132
65.4654
64.0717
63.3267
62.8881
62.6223
62.4876
62.4876
62.6223
62.8881
63.3267
64.0717
65.2234
65.395
65.5816
65.7075
65.7727
65.7727
65.7075
65.5816
65.395
65.2234
65.6242
65.7171
65.8416
65.9216
65.9626
65.9626
65.9216
65.8416
65.7171
65.6243
65.578
65.5728
65.6228
65.6495
65.6628
65.6628
65.6495
65.6228
65.5728
65.578
65.15
65.0546
65.0364
65.0165
65.0057
65.0057
65.0165
65.0364
65.0546
65.15
64.5424
64.3736
64.2976
64.2405
64.2105
64.2105
64.2405
64.2976
64.3736
64.5424
63.8637
63.6398
63.5175
63.4328
63.3887
63.3887
63.4328
63.5175
63.6398
63.8637
63.1681
62.9096
62.7542
62.6517
62.5987
62.5987
62.6517
62.7542
62.9096
63.1681
62.4868
62.2173
62.0443
61.9339
61.877
61.877
61.9339
62.0443
62.2173
62.4868
61.8527
61.5888
61.411
61.3002
61.2428
61.2428
61.3002
61.411
61.5888
61.8527
61.3606
61.0248
60.8463
60.7369
60.68
60.68
60.7369
60.8463
61.0248
61.3607
60.6055
60.5902
60.5906
60.5865
60.5846
60.5846
60.5865
60.5906
60.5902
60.6055
60.9924
60.9739
60.9729
60.9666
60.9633
60.9633
60.9666
60.9729
60.9739
60.9924
61.3065
61.2688
61.2556
61.2393
61.2305
61.2305
61.2393
61.2556
61.2688
61.3065
61.3389
61.2677
61.2321
61.1996
61.1823
61.1823
61.1996
61.2321
61.2677
61.3389
61.179
61.0727
61.0126
60.9641
60.9385
60.9385
60.9641
61.0126
61.0727
61.179
60.9198
60.7832
60.7008
60.6391
60.6067
60.6067
60.6391
60.7008
60.7832
60.9198
60.609
60.4503
60.3499
60.279
60.2419
60.2419
60.279
60.3499
60.4503
60.609
60.2731
60.1042
59.9926
59.9169
59.8775
59.8775
59.9169
59.9926
60.1042
60.2731
59.942
59.7712
59.6535
59.5762
59.5358
59.5358
59.5762
59.6535
59.7712
59.942
59.6825
59.4574
59.3331
59.254
59.2128
59.2128
59.254
59.3331
59.4574
59.6825
55.8186
55.8375
55.8613
55.8767
55.8848
55.8848
55.8767
55.8613
55.8375
55.8186
56.0089
56.0308
56.0579
56.0752
56.0843
56.0843
56.0752
56.0579
56.0308
56.0089
56.1656
56.1845
56.2106
56.2267
56.2351
56.2351
56.2267
56.2106
56.1845
56.1656
56.2337
56.2419
56.2607
56.2712
56.2767
56.2767
56.2712
56.2607
56.2419
56.2337
56.2335
56.2272
56.2355
56.2385
56.2399
56.2399
56.2385
56.2355
56.2272
56.2335
56.1876
56.1664
56.1632
56.1585
56.1558
56.1558
56.1585
56.1632
56.1664
56.1876
56.1091
56.0752
56.0612
56.0498
56.0436
56.0436
56.0498
56.0612
56.0752
56.1091
56.0076
55.9654
55.943
55.9266
55.9178
55.9178
55.9266
55.943
55.9654
56.0076
55.8986
55.851
55.8213
55.8007
55.7896
55.7896
55.8007
55.8213
55.851
55.8986
55.8208
55.7371
55.6966
55.6702
55.6563
55.6563
55.6702
55.6966
55.7371
55.8208
52.4769
52.4764
52.4776
52.4774
52.4773
52.4773
52.4774
52.4776
52.4764
52.4769
52.5619
52.5644
52.5683
52.5698
52.5706
52.5706
52.5698
52.5683
52.5644
52.5619
52.6474
52.6508
52.6559
52.6579
52.6589
52.6589
52.6579
52.6559
52.6508
52.6474
52.7029
52.7039
52.7076
52.7083
52.7086
52.7086
52.7083
52.7076
52.7039
52.7029
52.7303
52.7268
52.7274
52.7257
52.7247
52.7247
52.7257
52.7274
52.7268
52.7303
52.7359
52.7269
52.7235
52.7191
52.7166
52.7166
52.7191
52.7235
52.7269
52.7359
52.7243
52.7101
52.7025
52.6955
52.6917
52.6917
52.6955
52.7025
52.7101
52.7243
52.6997
52.6815
52.6705
52.6614
52.6564
52.6564
52.6614
52.6705
52.6815
52.6997
52.6697
52.6483
52.6335
52.6223
52.6162
52.6162
52.6223
52.6335
52.6483
52.6697
52.6517
52.6124
52.5916
52.5773
52.5697
52.5697
52.5773
52.5916
52.6124
52.6517
49.0147
49.0173
49.0206
49.0225
49.0235
49.0235
49.0225
49.0206
49.0173
49.0147
49.0479
49.0519
49.0564
49.0592
49.0607
49.0607
49.0592
49.0564
49.0519
49.0479
49.0807
49.0855
49.0909
49.0943
49.0961
49.0961
49.0943
49.0909
49.0855
49.0807
49.1043
49.1087
49.114
49.1172
49.1189
49.1189
49.1172
49.114
49.1087
49.1043
49.1187
49.1217
49.1261
49.1285
49.1298
49.1298
49.1285
49.1261
49.1217
49.1187
49.125
49.126
49.129
49.1303
49.131
49.131
49.1303
49.129
49.126
49.125
49.1242
49.123
49.1243
49.1244
49.1244
49.1244
49.1244
49.1243
49.123
49.1242
49.1174
49.1144
49.114
49.113
49.1124
49.1124
49.113
49.114
49.1144
49.1174
49.1078
49.1031
49.1005
49.0983
49.0969
49.0969
49.0983
49.1005
49.1031
49.1078
49.1036
49.09
49.0838
49.0794
49.077
49.077
49.0794
49.0838
49.09
49.1036
45.6694
45.6696
45.67
45.67
45.67
45.67
45.67
45.67
45.6696
45.6694
45.6827
45.6835
45.6845
45.6849
45.6851
45.6851
45.6849
45.6845
45.6835
45.6827
45.6977
45.6991
45.7005
45.7013
45.7016
45.7016
45.7013
45.7005
45.6991
45.6977
45.7103
45.7118
45.7135
45.7143
45.7147
45.7147
45.7143
45.7135
45.7118
45.7103
45.72
45.7213
45.7228
45.7235
45.7238
45.7238
45.7235
45.7228
45.7213
45.72
45.727
45.7278
45.729
45.7293
45.7295
45.7295
45.7293
45.729
45.7278
45.727
45.7313
45.7315
45.7322
45.7322
45.7321
45.7321
45.7322
45.7322
45.7315
45.7313
45.7334
45.733
45.7331
45.7327
45.7325
45.7325
45.7327
45.7331
45.733
45.7334
45.7344
45.7333
45.7326
45.7317
45.7312
45.7312
45.7317
45.7326
45.7333
45.7344
45.7375
45.7327
45.7303
45.7285
45.7276
45.7276
45.7285
45.7303
45.7327
45.7375
42.2874
42.2879
42.2884
42.2887
42.2889
42.2889
42.2887
42.2884
42.2879
42.2874
42.2923
42.293
42.2938
42.2942
42.2945
42.2945
42.2942
42.2938
42.293
42.2923
42.2976
42.2986
42.2996
42.3003
42.3006
42.3006
42.3003
42.2996
42.2986
42.2976
42.3024
42.3035
42.3046
42.3054
42.3057
42.3057
42.3054
42.3046
42.3035
42.3024
42.3064
42.3074
42.3086
42.3093
42.3097
42.3097
42.3093
42.3086
42.3074
42.3064
42.3094
42.3103
42.3114
42.312
42.3123
42.3123
42.312
42.3114
42.3104
42.3094
42.3114
42.3122
42.3131
42.3136
42.3138
42.3138
42.3136
42.3131
42.3122
42.3114
42.3125
42.3131
42.3137
42.314
42.3142
42.3142
42.314
42.3137
42.3131
42.3125
42.3132
42.3134
42.3137
42.3137
42.3137
42.3137
42.3137
42.3137
42.3134
42.3132
42.3147
42.3132
42.3127
42.3123
42.3121
42.3121
42.3123
42.3127
42.3132
42.3147
38.9143
38.9143
38.9144
38.9144
38.9144
38.9144
38.9144
38.9144
38.9143
38.9143
38.9161
38.9162
38.9164
38.9165
38.9166
38.9166
38.9165
38.9164
38.9162
38.9161
38.9184
38.9187
38.919
38.9191
38.9192
38.9192
38.9191
38.919
38.9187
38.9184
38.9207
38.9211
38.9214
38.9217
38.9218
38.9218
38.9217
38.9214
38.9211
38.9207
38.9228
38.9233
38.9237
38.9239
38.9241
38.9241
38.9239
38.9237
38.9233
38.9228
38.9248
38.9252
38.9257
38.9259
38.926
38.926
38.9259
38.9257
38.9252
38.9248
38.9264
38.9269
38.9273
38.9275
38.9276
38.9276
38.9275
38.9273
38.9269
38.9264
38.9278
38.9283
38.9287
38.9288
38.9289
38.9289
38.9288
38.9287
38.9283
38.9278
38.9292
38.9295
38.9297
38.9298
38.9299
38.9299
38.9298
38.9297
38.9295
38.9292
38.9308
38.9305
38.9305
38.9304
38.9303
38.9303
38.9304
38.9305
38.9305
38.9308
35.5322
35.5323
35.5323
35.5324
35.5324
35.5324
35.5324
35.5323
35.5323
35.5322
35.5328
35.5329
35.533
35.5331
35.5332
35.5332
35.5331
35.533
35.5329
35.5328
35.5336
35.5337
35.5339
35.534
35.5341
35.5341
35.534
35.5339
35.5337
35.5336
35.5344
35.5346
35.5348
35.535
35.535
35.535
35.535
35.5348
35.5346
35.5344
35.5352
35.5355
35.5357
35.5359
35.536
35.536
35.5359
35.5357
35.5355
35.5352
35.536
35.5363
35.5365
35.5367
35.5368
35.5368
35.5367
35.5365
35.5363
35.536
35.5367
35.537
35.5372
35.5374
35.5375
35.5375
35.5374
35.5372
35.537
35.5367
35.5373
35.5375
35.5378
35.5379
35.538
35.538
35.5379
35.5378
35.5375
35.5373
35.5378
35.538
35.5382
35.5383
35.5384
35.5384
35.5383
35.5382
35.538
35.5378
35.5385
35.5385
35.5385
35.5385
35.5386
35.5386
35.5385
35.5385
35.5385
35.5385
32.1504
32.1504
32.1504
32.1504
32.1504
32.1504
32.1504
32.1504
32.1504
32.1504
32.1506
32.1506
32.1506
32.1507
32.1507
32.1507
32.1507
32.1506
32.1506
32.1506
32.1509
32.151
32.151
32.151
32.151
32.151
32.151
32.151
32.151
32.1509
32.1513
32.1514
32.1514
32.1515
32.1515
32.1515
32.1515
32.1514
32.1514
32.1513
32.1517
32.1518
32.1519
32.152
32.152
32.152
32.152
32.1519
32.1518
32.1517
32.1521
32.1523
32.1524
32.1524
32.1525
32.1525
32.1524
32.1524
32.1523
32.1521
32.1526
32.1527
32.1528
32.1529
32.1529
32.1529
32.1529
32.1528
32.1527
32.1526
32.153
32.1531
32.1533
32.1533
32.1534
32.1534
32.1533
32.1533
32.1531
32.153
32.1534
32.1535
32.1536
32.1537
32.1537
32.1537
32.1537
32.1537
32.1535
32.1534
32.1539
32.1539
32.154
32.154
32.154
32.154
32.154
32.154
32.1539
32.1539
28.7666
28.7666
28.7666
28.7666
28.7667
28.7667
28.7666
28.7666
28.7666
28.7666
28.7667
28.7667
28.7667
28.7667
28.7667
28.7667
28.7667
28.7667
28.7667
28.7667
28.7668
28.7668
28.7668
28.7668
28.7669
28.7669
28.7668
28.7668
28.7668
28.7668
28.7669
28.7669
28.767
28.767
28.767
28.767
28.767
28.767
28.7669
28.7669
28.7671
28.7671
28.7672
28.7672
28.7672
28.7672
28.7672
28.7672
28.7671
28.7671
28.7672
28.7673
28.7673
28.7674
28.7674
28.7674
28.7674
28.7673
28.7673
28.7672
28.7674
28.7675
28.7675
28.7676
28.7676
28.7676
28.7676
28.7675
28.7675
28.7674
28.7676
28.7676
28.7677
28.7677
28.7678
28.7678
28.7677
28.7677
28.7676
28.7676
28.7677
28.7678
28.7679
28.7679
28.7679
28.7679
28.7679
28.7679
28.7678
28.7677
28.7679
28.768
28.768
28.768
28.768
28.768
28.768
28.768
28.768
28.7679
25.3828
25.3828
25.3828
25.3828
25.3828
25.3828
25.3828
25.3828
25.3828
25.3828
25.3828
25.3828
25.3828
25.3828
25.3828
25.3828
25.3828
25.3828
25.3828
25.3828
25.3828
25.3828
25.3828
25.3828
25.3828
25.3828
25.3828
25.3828
25.3828
25.3828
25.3829
25.3829
25.3829
25.3829
25.3829
25.3829
25.3829
25.3829
25.3829
25.3829
25.3829
25.383
25.383
25.383
25.383
25.383
25.383
25.383
25.383
25.3829
25.383
25.3831
25.3831
25.3831
25.3831
25.3831
25.3831
25.3831
25.3831
25.383
25.3831
25.3832
25.3832
25.3832
25.3832
25.3832
25.3832
25.3832
25.3832
25.3831
25.3832
25.3833
25.3833
25.3833
25.3833
25.3833
25.3833
25.3833
25.3833
25.3832
25.3833
25.3834
25.3834
25.3834
25.3834
25.3834
25.3834
25.3834
25.3834
25.3833
25.3834
25.3835
25.3835
25.3835
25.3835
25.3835
25.3835
25.3835
25.3835
25.3834
21.9985
21.9985
21.9985
21.9985
21.9985
21.9985
21.9985
21.9985
21.9985
21.9985
21.9985
21.9985
21.9985
21.9985
21.9985
21.9985
21.9985
21.9985
21.9985
21.9985
21.9985
21.9985
21.9985
21.9985
21.9985
21.9985
21.9985
21.9985
21.9985
21.9985
21.9985
21.9985
21.9985
21.9985
21.9985
21.9985
21.9985
21.9985
21.9985
21.9985
21.9985
21.9986
21.9986
21.9986
21.9986
21.9986
21.9986
21.9986
21.9986
21.9985
21.9986
21.9986
21.9986
21.9986
21.9986
21.9986
21.9986
21.9986
21.9986
21.9986
21.9986
21.9986
21.9986
21.9987
21.9987
21.9987
21.9987
21.9986
21.9986
21.9986
21.9987
21.9987
21.9987
21.9987
21.9987
21.9987
21.9987
21.9987
21.9987
21.9987
21.9987
21.9987
21.9987
21.9987
21.9987
21.9987
21.9987
21.9987
21.9987
21.9987
21.9987
21.9988
21.9988
21.9988
21.9988
21.9988
21.9988
21.9988
21.9988
21.9987
18.6142
18.6142
18.6142
18.6142
18.6142
18.6142
18.6142
18.6142
18.6142
18.6142
18.6142
18.6142
18.6142
18.6142
18.6142
18.6142
18.6142
18.6142
18.6142
18.6142
18.6142
18.6142
18.6142
18.6142
18.6142
18.6142
18.6142
18.6142
18.6142
18.6142
18.6142
18.6142
18.6142
18.6142
18.6142
18.6142
18.6142
18.6142
18.6142
18.6142
18.6142
18.6142
18.6142
18.6142
18.6142
18.6142
18.6142
18.6142
18.6142
18.6142
18.6142
18.6142
18.6142
18.6142
18.6142
18.6142
18.6142
18.6142
18.6142
18.6142
18.6143
18.6143
18.6143
18.6143
18.6143
18.6143
18.6143
18.6143
18.6143
18.6143
18.6143
18.6143
18.6143
18.6143
18.6143
18.6143
18.6143
18.6143
18.6143
18.6143
18.6143
18.6143
18.6143
18.6143
18.6143
18.6143
18.6143
18.6143
18.6143
18.6143
18.6143
18.6143
18.6143
18.6143
18.6143
18.6143
18.6143
18.6143
18.6143
18.6143
15.2298
15.2298
15.2298
15.2298
15.2298
15.2298
15.2298
15.2298
15.2298
15.2298
15.2298
15.2298
15.2298
15.2298
15.2298
15.2298
15.2298
15.2298
15.2298
15.2298
15.2298
15.2298
15.2298
15.2298
15.2298
15.2298
15.2298
15.2298
15.2298
15.2298
15.2298
15.2298
15.2298
15.2298
15.2298
15.2298
15.2298
15.2298
15.2298
15.2298
15.2298
15.2298
15.2298
15.2298
15.2298
15.2298
15.2298
15.2298
15.2298
15.2298
15.2298
15.2298
15.2298
15.2298
15.2298
15.2298
15.2298
15.2298
15.2298
15.2298
15.2298
15.2298
15.2298
15.2298
15.2298
15.2298
15.2298
15.2298
15.2298
15.2298
15.2298
15.2298
15.2298
15.2298
15.2298
15.2298
15.2298
15.2298
15.2298
15.2298
15.2298
15.2299
15.2299
15.2299
15.2299
15.2299
15.2299
15.2299
15.2298
15.2298
15.2299
15.2299
15.2299
15.2299
15.2299
15.2299
15.2299
15.2299
15.2299
15.2299
11.8454
11.8454
11.8454
11.8454
11.8454
11.8454
11.8454
11.8454
11.8454
11.8454
11.8454
11.8454
11.8454
11.8454
11.8454
11.8454
11.8454
11.8454
11.8454
11.8454
11.8454
11.8454
11.8454
11.8454
11.8454
11.8454
11.8454
11.8454
11.8454
11.8454
11.8454
11.8454
11.8454
11.8454
11.8454
11.8454
11.8454
11.8454
11.8454
11.8454
11.8454
11.8454
11.8454
11.8454
11.8454
11.8454
11.8454
11.8454
11.8454
11.8454
11.8454
11.8454
11.8454
11.8454
11.8454
11.8454
11.8454
11.8454
11.8454
11.8454
11.8454
11.8454
11.8454
11.8454
11.8454
11.8454
11.8454
11.8454
11.8454
11.8454
11.8454
11.8454
11.8454
11.8454
11.8454
11.8454
11.8454
11.8454
11.8454
11.8454
11.8454
11.8454
11.8454
11.8454
11.8454
11.8454
11.8454
11.8454
11.8454
11.8454
11.8454
11.8454
11.8454
11.8454
11.8454
11.8454
11.8454
11.8454
11.8454
11.8454
8.46102
8.46102
8.46102
8.46102
8.46102
8.46102
8.46102
8.46102
8.46102
8.46102
8.46102
8.46102
8.46102
8.46102
8.46102
8.46102
8.46102
8.46102
8.46102
8.46102
8.46102
8.46102
8.46102
8.46102
8.46102
8.46102
8.46102
8.46102
8.46102
8.46102
8.46102
8.46102
8.46102
8.46102
8.46102
8.46102
8.46102
8.46102
8.46102
8.46102
8.46102
8.46102
8.46102
8.46102
8.46102
8.46102
8.46102
8.46102
8.46102
8.46102
8.46102
8.46102
8.46102
8.46102
8.46102
8.46102
8.46102
8.46102
8.46102
8.46102
8.46102
8.46102
8.46102
8.46102
8.46102
8.46102
8.46102
8.46102
8.46102
8.46102
8.46102
8.46102
8.46102
8.46102
8.46102
8.46102
8.46102
8.46102
8.46102
8.46102
8.46102
8.46102
8.46102
8.46102
8.46102
8.46102
8.46102
8.46102
8.46102
8.46102
8.46102
8.46102
8.46102
8.46102
8.46102
8.46102
8.46102
8.46102
8.46102
8.46102
5.07661
5.07661
5.07661
5.07661
5.07661
5.07661
5.07661
5.07661
5.07661
5.07661
5.07661
5.07661
5.07661
5.07661
5.07661
5.07661
5.07661
5.07661
5.07661
5.07661
5.07661
5.07661
5.07661
5.07661
5.07661
5.07661
5.07661
5.07661
5.07661
5.07661
5.07661
5.07661
5.07661
5.07661
5.07661
5.07661
5.07661
5.07661
5.07661
5.07661
5.07661
5.07661
5.07661
5.07661
5.07661
5.07661
5.07661
5.07661
5.07661
5.07661
5.07661
5.07661
5.07661
5.07661
5.07661
5.07661
5.07661
5.07661
5.07661
5.07661
5.07661
5.07661
5.07661
5.07661
5.07661
5.07661
5.07661
5.07661
5.07661
5.07661
5.07661
5.07661
5.07661
5.07661
5.07661
5.07661
5.07661
5.07661
5.07661
5.07661
5.07661
5.07661
5.07661
5.07661
5.07661
5.07661
5.07661
5.07661
5.07661
5.07661
5.07661
5.07661
5.07661
5.07661
5.07661
5.07661
5.07661
5.07661
5.07661
5.07661
1.69221
1.69221
1.69221
1.69221
1.69221
1.69221
1.69221
1.69221
1.69221
1.69221
1.69221
1.69221
1.6922
1.6922
1.6922
1.6922
1.6922
1.6922
1.6922
1.6922
1.6922
1.6922
1.6922
1.6922
1.6922
1.6922
1.6922
1.6922
1.6922
1.6922
1.6922
1.6922
1.6922
1.6922
1.6922
1.6922
1.6922
1.6922
1.6922
1.6922
1.6922
1.6922
1.6922
1.6922
1.6922
1.6922
1.6922
1.6922
1.6922
1.6922
1.6922
1.6922
1.6922
1.6922
1.6922
1.6922
1.6922
1.6922
1.6922
1.6922
1.6922
1.6922
1.6922
1.6922
1.6922
1.6922
1.6922
1.6922
1.6922
1.6922
1.6922
1.69219
1.69219
1.69219
1.69219
1.69219
1.69219
1.69219
1.69219
1.6922
1.69219
1.69219
1.69219
1.69219
1.69219
1.69219
1.69219
1.69219
1.69219
1.69219
1.69219
1.69219
1.69219
1.69219
1.69219
1.69219
1.69219
1.69219
1.69219
1.69219
101.069
100.489
100.124
99.8572
99.719
99.719
99.8572
100.124
100.489
101.069
91.9412
91.0927
90.5335
90.1382
89.9347
89.9347
90.1382
90.5335
91.0927
91.9412
84.3586
83.3818
82.7437
82.2994
82.0714
82.0714
82.2994
82.7437
83.3818
84.3586
79.1218
78.1185
77.4715
77.0277
76.8003
76.8003
77.0277
77.4715
78.1186
79.1218
75.1946
74.1996
73.5612
73.1321
72.9124
72.9124
73.1321
73.5612
74.1996
75.1946
72.0186
71.0524
70.4313
70.0242
69.8162
69.8162
70.0242
70.4313
71.0524
72.0186
69.4054
68.4893
67.8956
67.517
67.3244
67.3244
67.5171
67.8956
68.4893
69.4054
67.2483
66.4059
65.8521
65.5077
65.3332
65.3332
65.5077
65.8521
66.4059
67.2483
65.4654
64.7132
64.2124
63.907
63.7524
63.7524
63.907
64.2124
64.7132
65.4654
64.0717
63.3267
62.8881
62.6223
62.4876
62.4876
62.6223
62.8881
63.3267
64.0717
65.2234
65.395
65.5816
65.7075
65.7727
65.7727
65.7075
65.5816
65.3951
65.2234
65.6243
65.7171
65.8416
65.9217
65.9626
65.9626
65.9217
65.8416
65.7171
65.6243
65.578
65.5728
65.6228
65.6495
65.6628
65.6628
65.6496
65.6228
65.5728
65.578
65.15
65.0546
65.0364
65.0165
65.0057
65.0057
65.0165
65.0364
65.0546
65.15
64.5424
64.3736
64.2977
64.2405
64.2105
64.2105
64.2405
64.2977
64.3736
64.5425
63.8637
63.6398
63.5175
63.4328
63.3887
63.3887
63.4328
63.5176
63.6398
63.8637
63.1681
62.9096
62.7542
62.6517
62.5987
62.5987
62.6517
62.7542
62.9096
63.1681
62.4868
62.2173
62.0443
61.9339
61.877
61.877
61.9339
62.0443
62.2173
62.4869
61.8527
61.5888
61.411
61.3002
61.2428
61.2428
61.3002
61.411
61.5888
61.8527
61.3607
61.0248
60.8463
60.7369
60.68
60.68
60.7369
60.8463
61.0248
61.3607
60.6055
60.5902
60.5906
60.5865
60.5846
60.5846
60.5865
60.5906
60.5902
60.6055
60.9924
60.9739
60.9729
60.9666
60.9633
60.9633
60.9666
60.9729
60.9739
60.9924
61.3065
61.2688
61.2556
61.2393
61.2305
61.2305
61.2393
61.2556
61.2688
61.3065
61.3389
61.2678
61.2321
61.1996
61.1823
61.1823
61.1996
61.2321
61.2678
61.3389
61.179
61.0727
61.0126
60.9642
60.9385
60.9385
60.9642
61.0126
61.0727
61.179
60.9198
60.7832
60.7008
60.6391
60.6067
60.6067
60.6391
60.7008
60.7832
60.9198
60.609
60.4503
60.35
60.279
60.2419
60.2419
60.279
60.35
60.4504
60.609
60.2731
60.1042
59.9926
59.9169
59.8775
59.8775
59.9169
59.9926
60.1042
60.2731
59.942
59.7712
59.6535
59.5762
59.5358
59.5358
59.5762
59.6535
59.7713
59.942
59.6825
59.4574
59.3331
59.254
59.2129
59.2129
59.254
59.3331
59.4574
59.6825
55.8186
55.8375
55.8613
55.8767
55.8848
55.8848
55.8767
55.8613
55.8375
55.8186
56.0089
56.0308
56.0579
56.0752
56.0843
56.0843
56.0752
56.0579
56.0308
56.0089
56.1656
56.1845
56.2106
56.2267
56.2352
56.2352
56.2267
56.2106
56.1845
56.1656
56.2337
56.2419
56.2608
56.2712
56.2767
56.2767
56.2712
56.2608
56.2419
56.2337
56.2335
56.2272
56.2355
56.2385
56.2399
56.2399
56.2385
56.2355
56.2272
56.2335
56.1876
56.1664
56.1632
56.1585
56.1559
56.1559
56.1585
56.1632
56.1665
56.1876
56.1091
56.0752
56.0612
56.0498
56.0436
56.0436
56.0498
56.0612
56.0752
56.1091
56.0076
55.9654
55.943
55.9266
55.9178
55.9178
55.9266
55.943
55.9654
56.0076
55.8986
55.851
55.8213
55.8007
55.7896
55.7896
55.8007
55.8213
55.851
55.8986
55.8208
55.7371
55.6966
55.6702
55.6563
55.6563
55.6702
55.6966
55.7371
55.8208
52.4769
52.4764
52.4776
52.4774
52.4773
52.4773
52.4774
52.4776
52.4764
52.477
52.5619
52.5644
52.5683
52.5698
52.5706
52.5706
52.5698
52.5683
52.5644
52.5619
52.6474
52.6508
52.6559
52.6579
52.6589
52.6589
52.6579
52.6559
52.6508
52.6474
52.7029
52.7039
52.7076
52.7083
52.7086
52.7086
52.7083
52.7076
52.7039
52.7029
52.7303
52.7268
52.7274
52.7257
52.7247
52.7247
52.7257
52.7274
52.7268
52.7303
52.7359
52.7269
52.7235
52.7191
52.7166
52.7166
52.7191
52.7235
52.7269
52.7359
52.7243
52.7101
52.7025
52.6955
52.6917
52.6917
52.6955
52.7025
52.7101
52.7243
52.6997
52.6815
52.6705
52.6614
52.6564
52.6564
52.6614
52.6705
52.6815
52.6997
52.6697
52.6483
52.6335
52.6223
52.6162
52.6162
52.6223
52.6335
52.6483
52.6697
52.6517
52.6124
52.5916
52.5773
52.5697
52.5697
52.5773
52.5916
52.6124
52.6517
49.0147
49.0173
49.0206
49.0225
49.0235
49.0235
49.0225
49.0206
49.0173
49.0147
49.0479
49.0519
49.0564
49.0592
49.0607
49.0607
49.0592
49.0564
49.0519
49.0479
49.0807
49.0855
49.0909
49.0943
49.0961
49.0961
49.0943
49.0909
49.0855
49.0807
49.1043
49.1087
49.114
49.1172
49.1189
49.1189
49.1172
49.114
49.1087
49.1043
49.1187
49.1217
49.1261
49.1286
49.1298
49.1298
49.1286
49.1261
49.1217
49.1187
49.125
49.126
49.129
49.1303
49.131
49.131
49.1303
49.129
49.126
49.1251
49.1242
49.123
49.1243
49.1244
49.1244
49.1244
49.1244
49.1243
49.123
49.1242
49.1174
49.1144
49.114
49.113
49.1124
49.1124
49.113
49.114
49.1144
49.1174
49.1078
49.1031
49.1005
49.0983
49.0969
49.0969
49.0983
49.1005
49.1031
49.1078
49.1036
49.09
49.0838
49.0794
49.0771
49.0771
49.0794
49.0838
49.09
49.1036
45.6694
45.6696
45.67
45.67
45.67
45.67
45.67
45.67
45.6696
45.6694
45.6827
45.6835
45.6845
45.6849
45.6851
45.6851
45.6849
45.6845
45.6835
45.6827
45.6977
45.6991
45.7005
45.7013
45.7016
45.7016
45.7013
45.7005
45.6991
45.6977
45.7103
45.7118
45.7135
45.7143
45.7147
45.7147
45.7143
45.7135
45.7118
45.7103
45.72
45.7213
45.7228
45.7235
45.7239
45.7239
45.7235
45.7228
45.7213
45.72
45.727
45.7278
45.729
45.7293
45.7295
45.7295
45.7293
45.729
45.7278
45.727
45.7313
45.7315
45.7322
45.7322
45.7321
45.7321
45.7322
45.7322
45.7315
45.7313
45.7334
45.733
45.7331
45.7327
45.7325
45.7325
45.7327
45.7331
45.733
45.7334
45.7344
45.7333
45.7326
45.7317
45.7312
45.7312
45.7317
45.7326
45.7333
45.7344
45.7375
45.7327
45.7303
45.7285
45.7276
45.7276
45.7285
45.7303
45.7327
45.7375
42.2874
42.2879
42.2884
42.2887
42.2889
42.2889
42.2887
42.2884
42.2879
42.2874
42.2923
42.293
42.2938
42.2942
42.2945
42.2945
42.2942
42.2938
42.293
42.2923
42.2976
42.2986
42.2996
42.3003
42.3006
42.3006
42.3003
42.2996
42.2986
42.2976
42.3024
42.3035
42.3047
42.3054
42.3057
42.3057
42.3054
42.3047
42.3035
42.3024
42.3064
42.3074
42.3086
42.3093
42.3097
42.3097
42.3093
42.3086
42.3075
42.3064
42.3094
42.3104
42.3114
42.312
42.3123
42.3123
42.312
42.3114
42.3104
42.3094
42.3114
42.3122
42.3131
42.3136
42.3138
42.3138
42.3136
42.3131
42.3122
42.3114
42.3125
42.3131
42.3137
42.314
42.3142
42.3142
42.314
42.3137
42.3131
42.3125
42.3132
42.3134
42.3137
42.3137
42.3137
42.3137
42.3137
42.3137
42.3134
42.3132
42.3147
42.3132
42.3127
42.3123
42.3121
42.3121
42.3123
42.3127
42.3132
42.3147
38.9143
38.9143
38.9144
38.9144
38.9144
38.9144
38.9144
38.9144
38.9143
38.9143
38.9161
38.9162
38.9164
38.9165
38.9166
38.9166
38.9165
38.9164
38.9162
38.9161
38.9184
38.9187
38.919
38.9191
38.9192
38.9192
38.9191
38.919
38.9187
38.9184
38.9207
38.9211
38.9214
38.9217
38.9218
38.9218
38.9217
38.9214
38.9211
38.9207
38.9228
38.9233
38.9237
38.9239
38.9241
38.9241
38.9239
38.9237
38.9233
38.9228
38.9248
38.9252
38.9257
38.9259
38.926
38.926
38.9259
38.9257
38.9252
38.9248
38.9264
38.9269
38.9273
38.9275
38.9277
38.9277
38.9275
38.9273
38.9269
38.9264
38.9278
38.9283
38.9287
38.9288
38.9289
38.9289
38.9288
38.9287
38.9283
38.9278
38.9292
38.9295
38.9297
38.9298
38.9299
38.9299
38.9298
38.9297
38.9295
38.9292
38.9308
38.9305
38.9305
38.9304
38.9303
38.9303
38.9304
38.9305
38.9305
38.9308
35.5322
35.5323
35.5323
35.5324
35.5324
35.5324
35.5324
35.5323
35.5323
35.5322
35.5328
35.5329
35.533
35.5331
35.5332
35.5332
35.5331
35.533
35.5329
35.5328
35.5336
35.5337
35.5339
35.534
35.5341
35.5341
35.534
35.5339
35.5337
35.5336
35.5344
35.5346
35.5348
35.535
35.535
35.535
35.535
35.5348
35.5346
35.5344
35.5352
35.5355
35.5357
35.5359
35.536
35.536
35.5359
35.5357
35.5355
35.5352
35.536
35.5363
35.5365
35.5367
35.5368
35.5368
35.5367
35.5365
35.5363
35.536
35.5367
35.537
35.5372
35.5374
35.5375
35.5375
35.5374
35.5372
35.537
35.5367
35.5373
35.5375
35.5378
35.5379
35.538
35.538
35.5379
35.5378
35.5375
35.5373
35.5378
35.538
35.5382
35.5383
35.5384
35.5384
35.5383
35.5382
35.538
35.5378
35.5385
35.5385
35.5385
35.5385
35.5386
35.5386
35.5385
35.5385
35.5385
35.5385
32.1504
32.1504
32.1504
32.1504
32.1504
32.1504
32.1504
32.1504
32.1504
32.1504
32.1506
32.1506
32.1506
32.1507
32.1507
32.1507
32.1507
32.1506
32.1506
32.1506
32.1509
32.151
32.151
32.151
32.151
32.151
32.151
32.151
32.151
32.1509
32.1513
32.1514
32.1514
32.1515
32.1515
32.1515
32.1515
32.1514
32.1514
32.1513
32.1517
32.1518
32.1519
32.152
32.152
32.152
32.152
32.1519
32.1518
32.1517
32.1521
32.1523
32.1524
32.1524
32.1525
32.1525
32.1524
32.1524
32.1523
32.1521
32.1526
32.1527
32.1528
32.1529
32.1529
32.1529
32.1529
32.1528
32.1527
32.1526
32.153
32.1531
32.1533
32.1533
32.1534
32.1534
32.1533
32.1533
32.1531
32.153
32.1534
32.1535
32.1537
32.1537
32.1537
32.1537
32.1537
32.1537
32.1535
32.1534
32.1539
32.1539
32.154
32.154
32.154
32.154
32.154
32.154
32.1539
32.1539
28.7666
28.7666
28.7666
28.7666
28.7667
28.7667
28.7666
28.7666
28.7666
28.7666
28.7667
28.7667
28.7667
28.7667
28.7667
28.7667
28.7667
28.7667
28.7667
28.7667
28.7668
28.7668
28.7668
28.7668
28.7669
28.7669
28.7668
28.7668
28.7668
28.7668
28.7669
28.7669
28.767
28.767
28.767
28.767
28.767
28.767
28.7669
28.7669
28.7671
28.7671
28.7672
28.7672
28.7672
28.7672
28.7672
28.7672
28.7671
28.7671
28.7672
28.7673
28.7673
28.7674
28.7674
28.7674
28.7674
28.7673
28.7673
28.7672
28.7674
28.7675
28.7675
28.7676
28.7676
28.7676
28.7676
28.7675
28.7675
28.7674
28.7676
28.7676
28.7677
28.7677
28.7678
28.7678
28.7677
28.7677
28.7676
28.7676
28.7677
28.7678
28.7679
28.7679
28.7679
28.7679
28.7679
28.7679
28.7678
28.7677
28.7679
28.768
28.768
28.768
28.768
28.768
28.768
28.768
28.768
28.7679
25.3828
25.3828
25.3828
25.3828
25.3828
25.3828
25.3828
25.3828
25.3828
25.3828
25.3828
25.3828
25.3828
25.3828
25.3828
25.3828
25.3828
25.3828
25.3828
25.3828
25.3828
25.3828
25.3828
25.3828
25.3828
25.3828
25.3828
25.3828
25.3828
25.3828
25.3829
25.3829
25.3829
25.3829
25.3829
25.3829
25.3829
25.3829
25.3829
25.3829
25.3829
25.383
25.383
25.383
25.383
25.383
25.383
25.383
25.383
25.3829
25.383
25.3831
25.3831
25.3831
25.3831
25.3831
25.3831
25.3831
25.3831
25.383
25.3831
25.3832
25.3832
25.3832
25.3832
25.3832
25.3832
25.3832
25.3832
25.3831
25.3832
25.3833
25.3833
25.3833
25.3833
25.3833
25.3833
25.3833
25.3833
25.3832
25.3833
25.3834
25.3834
25.3834
25.3834
25.3834
25.3834
25.3834
25.3834
25.3833
25.3834
25.3835
25.3835
25.3835
25.3835
25.3835
25.3835
25.3835
25.3835
25.3834
21.9985
21.9985
21.9985
21.9985
21.9985
21.9985
21.9985
21.9985
21.9985
21.9985
21.9985
21.9985
21.9985
21.9985
21.9985
21.9985
21.9985
21.9985
21.9985
21.9985
21.9985
21.9985
21.9985
21.9985
21.9985
21.9985
21.9985
21.9985
21.9985
21.9985
21.9985
21.9985
21.9985
21.9985
21.9985
21.9985
21.9985
21.9985
21.9985
21.9985
21.9985
21.9986
21.9986
21.9986
21.9986
21.9986
21.9986
21.9986
21.9986
21.9985
21.9986
21.9986
21.9986
21.9986
21.9986
21.9986
21.9986
21.9986
21.9986
21.9986
21.9986
21.9986
21.9986
21.9987
21.9987
21.9987
21.9987
21.9986
21.9986
21.9986
21.9987
21.9987
21.9987
21.9987
21.9987
21.9987
21.9987
21.9987
21.9987
21.9987
21.9987
21.9987
21.9987
21.9987
21.9987
21.9987
21.9987
21.9987
21.9987
21.9987
21.9987
21.9988
21.9988
21.9988
21.9988
21.9988
21.9988
21.9988
21.9988
21.9987
18.6142
18.6142
18.6142
18.6142
18.6142
18.6142
18.6142
18.6142
18.6142
18.6142
18.6142
18.6142
18.6142
18.6142
18.6142
18.6142
18.6142
18.6142
18.6142
18.6142
18.6142
18.6142
18.6142
18.6142
18.6142
18.6142
18.6142
18.6142
18.6142
18.6142
18.6142
18.6142
18.6142
18.6142
18.6142
18.6142
18.6142
18.6142
18.6142
18.6142
18.6142
18.6142
18.6142
18.6142
18.6142
18.6142
18.6142
18.6142
18.6142
18.6142
18.6142
18.6142
18.6142
18.6142
18.6142
18.6142
18.6142
18.6142
18.6142
18.6142
18.6143
18.6143
18.6143
18.6143
18.6143
18.6143
18.6143
18.6143
18.6143
18.6143
18.6143
18.6143
18.6143
18.6143
18.6143
18.6143
18.6143
18.6143
18.6143
18.6143
18.6143
18.6143
18.6143
18.6143
18.6143
18.6143
18.6143
18.6143
18.6143
18.6143
18.6143
18.6143
18.6143
18.6143
18.6143
18.6143
18.6143
18.6143
18.6143
18.6143
15.2298
15.2298
15.2298
15.2298
15.2298
15.2298
15.2298
15.2298
15.2298
15.2298
15.2298
15.2298
15.2298
15.2298
15.2298
15.2298
15.2298
15.2298
15.2298
15.2298
15.2298
15.2298
15.2298
15.2298
15.2298
15.2298
15.2298
15.2298
15.2298
15.2298
15.2298
15.2298
15.2298
15.2298
15.2298
15.2298
15.2298
15.2298
15.2298
15.2298
15.2298
15.2298
15.2298
15.2298
15.2298
15.2298
15.2298
15.2298
15.2298
15.2298
15.2298
15.2298
15.2298
15.2298
15.2298
15.2298
15.2298
15.2298
15.2298
15.2298
15.2298
15.2298
15.2298
15.2298
15.2298
15.2298
15.2298
15.2298
15.2298
15.2298
15.2298
15.2298
15.2298
15.2298
15.2298
15.2298
15.2298
15.2298
15.2298
15.2298
15.2298
15.2298
15.2299
15.2299
15.2299
15.2299
15.2299
15.2299
15.2298
15.2298
15.2299
15.2299
15.2299
15.2299
15.2299
15.2299
15.2299
15.2299
15.2299
15.2299
11.8454
11.8454
11.8454
11.8454
11.8454
11.8454
11.8454
11.8454
11.8454
11.8454
11.8454
11.8454
11.8454
11.8454
11.8454
11.8454
11.8454
11.8454
11.8454
11.8454
11.8454
11.8454
11.8454
11.8454
11.8454
11.8454
11.8454
11.8454
11.8454
11.8454
11.8454
11.8454
11.8454
11.8454
11.8454
11.8454
11.8454
11.8454
11.8454
11.8454
11.8454
11.8454
11.8454
11.8454
11.8454
11.8454
11.8454
11.8454
11.8454
11.8454
11.8454
11.8454
11.8454
11.8454
11.8454
11.8454
11.8454
11.8454
11.8454
11.8454
11.8454
11.8454
11.8454
11.8454
11.8454
11.8454
11.8454
11.8454
11.8454
11.8454
11.8454
11.8454
11.8454
11.8454
11.8454
11.8454
11.8454
11.8454
11.8454
11.8454
11.8454
11.8454
11.8454
11.8454
11.8454
11.8454
11.8454
11.8454
11.8454
11.8454
11.8454
11.8454
11.8454
11.8454
11.8454
11.8454
11.8454
11.8454
11.8454
11.8454
8.46102
8.46102
8.46102
8.46102
8.46102
8.46102
8.46102
8.46102
8.46102
8.46102
8.46102
8.46102
8.46102
8.46102
8.46102
8.46102
8.46102
8.46102
8.46102
8.46102
8.46102
8.46102
8.46102
8.46102
8.46102
8.46102
8.46102
8.46102
8.46102
8.46102
8.46102
8.46102
8.46102
8.46102
8.46102
8.46102
8.46102
8.46102
8.46102
8.46102
8.46102
8.46102
8.46102
8.46102
8.46102
8.46102
8.46102
8.46102
8.46102
8.46102
8.46102
8.46102
8.46102
8.46102
8.46102
8.46102
8.46102
8.46102
8.46102
8.46102
8.46102
8.46102
8.46102
8.46102
8.46102
8.46102
8.46102
8.46102
8.46102
8.46102
8.46102
8.46102
8.46102
8.46102
8.46102
8.46102
8.46102
8.46102
8.46102
8.46102
8.46102
8.46102
8.46102
8.46102
8.46102
8.46102
8.46102
8.46102
8.46102
8.46102
8.46102
8.46102
8.46102
8.46102
8.46102
8.46102
8.46102
8.46102
8.46102
8.46102
5.07661
5.07661
5.07661
5.07661
5.07661
5.07661
5.07661
5.07661
5.07661
5.07661
5.07661
5.07661
5.07661
5.07661
5.07661
5.07661
5.07661
5.07661
5.07661
5.07661
5.07661
5.07661
5.07661
5.07661
5.07661
5.07661
5.07661
5.07661
5.07661
5.07661
5.07661
5.07661
5.07661
5.07661
5.07661
5.07661
5.07661
5.07661
5.07661
5.07661
5.07661
5.07661
5.07661
5.07661
5.07661
5.07661
5.07661
5.07661
5.07661
5.07661
5.07661
5.07661
5.07661
5.07661
5.07661
5.07661
5.07661
5.07661
5.07661
5.07661
5.07661
5.07661
5.07661
5.07661
5.07661
5.07661
5.07661
5.07661
5.07661
5.07661
5.07661
5.07661
5.07661
5.07661
5.07661
5.07661
5.07661
5.07661
5.07661
5.07661
5.07661
5.07661
5.07661
5.07661
5.07661
5.07661
5.07661
5.07661
5.07661
5.07661
5.07661
5.07661
5.07661
5.07661
5.07661
5.07661
5.07661
5.07661
5.07661
5.07661
1.69221
1.69221
1.69221
1.69221
1.69221
1.69221
1.69221
1.69221
1.69221
1.69221
1.6922
1.6922
1.6922
1.6922
1.6922
1.6922
1.6922
1.6922
1.6922
1.6922
1.6922
1.6922
1.6922
1.6922
1.6922
1.6922
1.6922
1.6922
1.6922
1.6922
1.6922
1.6922
1.6922
1.6922
1.6922
1.6922
1.6922
1.6922
1.6922
1.6922
1.6922
1.6922
1.6922
1.6922
1.6922
1.6922
1.6922
1.6922
1.6922
1.6922
1.6922
1.6922
1.6922
1.6922
1.6922
1.6922
1.6922
1.6922
1.6922
1.6922
1.6922
1.6922
1.6922
1.6922
1.6922
1.6922
1.6922
1.6922
1.6922
1.6922
1.6922
1.69219
1.69219
1.69219
1.69219
1.69219
1.69219
1.69219
1.69219
1.6922
1.69219
1.69219
1.69219
1.69219
1.69219
1.69219
1.69219
1.69219
1.69219
1.69219
1.69219
1.69219
1.69219
1.69219
1.69219
1.69219
1.69219
1.69219
1.69219
1.69219
101.069
100.489
100.124
99.8572
99.719
99.719
99.8572
100.124
100.489
101.069
91.9412
91.0927
90.5335
90.1382
89.9347
89.9347
90.1382
90.5335
91.0927
91.9412
84.3586
83.3818
82.7437
82.2994
82.0714
82.0714
82.2994
82.7437
83.3818
84.3586
79.1218
78.1186
77.4715
77.0277
76.8003
76.8003
77.0277
77.4715
78.1185
79.1218
75.1946
74.1996
73.5612
73.1321
72.9124
72.9124
73.1321
73.5612
74.1996
75.1946
72.0186
71.0524
70.4313
70.0242
69.8162
69.8162
70.0242
70.4313
71.0524
72.0186
69.4054
68.4893
67.8956
67.5171
67.3244
67.3244
67.517
67.8956
68.4893
69.4054
67.2483
66.4059
65.8521
65.5077
65.3332
65.3332
65.5077
65.8521
66.4059
67.2483
65.4654
64.7132
64.2124
63.907
63.7524
63.7524
63.907
64.2124
64.7132
65.4654
64.0717
63.3267
62.8881
62.6223
62.4876
62.4876
62.6223
62.8881
63.3267
64.0717
65.2234
65.3951
65.5816
65.7075
65.7727
65.7727
65.7075
65.5816
65.395
65.2234
65.6243
65.7171
65.8416
65.9217
65.9626
65.9626
65.9217
65.8416
65.7171
65.6243
65.578
65.5728
65.6228
65.6496
65.6628
65.6628
65.6495
65.6228
65.5728
65.578
65.15
65.0546
65.0364
65.0165
65.0057
65.0057
65.0165
65.0364
65.0546
65.15
64.5425
64.3736
64.2977
64.2405
64.2105
64.2105
64.2405
64.2977
64.3736
64.5424
63.8637
63.6398
63.5176
63.4328
63.3887
63.3887
63.4328
63.5175
63.6398
63.8637
63.1681
62.9096
62.7542
62.6517
62.5987
62.5987
62.6517
62.7542
62.9096
63.1681
62.4869
62.2173
62.0443
61.9339
61.877
61.877
61.9339
62.0443
62.2173
62.4868
61.8527
61.5888
61.411
61.3002
61.2428
61.2428
61.3002
61.411
61.5888
61.8527
61.3607
61.0248
60.8463
60.7369
60.68
60.68
60.7369
60.8463
61.0248
61.3607
60.6055
60.5902
60.5906
60.5865
60.5846
60.5846
60.5865
60.5906
60.5902
60.6055
60.9924
60.9739
60.9729
60.9666
60.9633
60.9633
60.9666
60.9729
60.9739
60.9924
61.3065
61.2688
61.2556
61.2393
61.2305
61.2305
61.2393
61.2556
61.2688
61.3065
61.3389
61.2678
61.2321
61.1996
61.1823
61.1823
61.1996
61.2321
61.2678
61.3389
61.179
61.0727
61.0126
60.9642
60.9385
60.9385
60.9642
61.0126
61.0727
61.179
60.9198
60.7832
60.7008
60.6391
60.6067
60.6067
60.6391
60.7008
60.7832
60.9198
60.609
60.4504
60.35
60.279
60.2419
60.2419
60.279
60.35
60.4503
60.609
60.2731
60.1042
59.9926
59.9169
59.8775
59.8775
59.9169
59.9926
60.1042
60.2731
59.942
59.7713
59.6535
59.5762
59.5358
59.5358
59.5762
59.6535
59.7712
59.942
59.6825
59.4574
59.3331
59.254
59.2129
59.2129
59.254
59.3331
59.4574
59.6825
55.8186
55.8375
55.8613
55.8767
55.8848
55.8848
55.8767
55.8613
55.8375
55.8186
56.0089
56.0308
56.0579
56.0752
56.0843
56.0843
56.0752
56.0579
56.0308
56.0089
56.1656
56.1845
56.2106
56.2267
56.2352
56.2352
56.2267
56.2106
56.1845
56.1656
56.2337
56.2419
56.2608
56.2712
56.2767
56.2767
56.2712
56.2608
56.2419
56.2337
56.2335
56.2272
56.2355
56.2385
56.2399
56.2399
56.2385
56.2355
56.2272
56.2335
56.1876
56.1665
56.1632
56.1585
56.1559
56.1559
56.1585
56.1632
56.1664
56.1876
56.1091
56.0752
56.0612
56.0498
56.0436
56.0436
56.0498
56.0612
56.0752
56.1091
56.0076
55.9654
55.943
55.9266
55.9178
55.9178
55.9266
55.943
55.9654
56.0076
55.8986
55.851
55.8213
55.8007
55.7896
55.7896
55.8007
55.8213
55.851
55.8986
55.8208
55.7371
55.6966
55.6702
55.6563
55.6563
55.6702
55.6966
55.7371
55.8208
52.477
52.4764
52.4776
52.4774
52.4773
52.4773
52.4774
52.4776
52.4764
52.4769
52.5619
52.5644
52.5683
52.5698
52.5706
52.5706
52.5698
52.5683
52.5644
52.5619
52.6474
52.6508
52.6559
52.6579
52.6589
52.6589
52.6579
52.6559
52.6508
52.6474
52.7029
52.7039
52.7076
52.7083
52.7086
52.7086
52.7083
52.7076
52.7039
52.7029
52.7303
52.7268
52.7274
52.7257
52.7247
52.7247
52.7257
52.7274
52.7268
52.7303
52.7359
52.7269
52.7235
52.7191
52.7166
52.7166
52.7191
52.7235
52.7269
52.7359
52.7243
52.7101
52.7025
52.6955
52.6917
52.6917
52.6955
52.7025
52.7101
52.7243
52.6997
52.6815
52.6705
52.6614
52.6564
52.6564
52.6614
52.6705
52.6815
52.6997
52.6697
52.6483
52.6335
52.6223
52.6162
52.6162
52.6223
52.6335
52.6483
52.6697
52.6517
52.6124
52.5916
52.5773
52.5697
52.5697
52.5773
52.5916
52.6124
52.6517
49.0147
49.0173
49.0206
49.0225
49.0235
49.0235
49.0225
49.0206
49.0173
49.0147
49.0479
49.0519
49.0564
49.0592
49.0607
49.0607
49.0592
49.0564
49.0519
49.0479
49.0807
49.0855
49.0909
49.0943
49.0961
49.0961
49.0943
49.0909
49.0855
49.0807
49.1043
49.1087
49.114
49.1172
49.1189
49.1189
49.1172
49.114
49.1087
49.1043
49.1187
49.1217
49.1261
49.1286
49.1298
49.1298
49.1286
49.1261
49.1217
49.1187
49.1251
49.126
49.129
49.1303
49.131
49.131
49.1303
49.129
49.126
49.1251
49.1242
49.123
49.1243
49.1244
49.1244
49.1244
49.1244
49.1243
49.123
49.1242
49.1174
49.1144
49.114
49.113
49.1124
49.1124
49.113
49.114
49.1144
49.1174
49.1078
49.1031
49.1005
49.0983
49.0969
49.0969
49.0983
49.1005
49.1031
49.1078
49.1036
49.09
49.0838
49.0794
49.0771
49.0771
49.0794
49.0838
49.09
49.1036
45.6694
45.6696
45.67
45.67
45.67
45.67
45.67
45.67
45.6696
45.6694
45.6827
45.6835
45.6845
45.6849
45.6851
45.6851
45.6849
45.6845
45.6835
45.6827
45.6977
45.6991
45.7005
45.7013
45.7016
45.7016
45.7013
45.7005
45.6991
45.6977
45.7103
45.7118
45.7135
45.7143
45.7147
45.7147
45.7143
45.7135
45.7118
45.7103
45.72
45.7213
45.7228
45.7235
45.7239
45.7239
45.7235
45.7228
45.7213
45.72
45.727
45.7278
45.729
45.7293
45.7295
45.7295
45.7293
45.729
45.7278
45.727
45.7313
45.7315
45.7322
45.7322
45.7321
45.7321
45.7322
45.7322
45.7315
45.7313
45.7334
45.733
45.7331
45.7327
45.7325
45.7325
45.7327
45.7331
45.733
45.7334
45.7344
45.7333
45.7326
45.7317
45.7312
45.7312
45.7317
45.7326
45.7333
45.7344
45.7375
45.7327
45.7303
45.7285
45.7276
45.7276
45.7285
45.7303
45.7327
45.7375
42.2874
42.2879
42.2884
42.2887
42.2889
42.2889
42.2887
42.2884
42.2879
42.2874
42.2923
42.293
42.2938
42.2942
42.2945
42.2945
42.2942
42.2938
42.293
42.2923
42.2976
42.2986
42.2996
42.3003
42.3006
42.3006
42.3003
42.2996
42.2986
42.2976
42.3024
42.3035
42.3047
42.3054
42.3057
42.3057
42.3054
42.3047
42.3035
42.3024
42.3064
42.3075
42.3086
42.3093
42.3097
42.3097
42.3093
42.3086
42.3074
42.3064
42.3094
42.3104
42.3114
42.312
42.3123
42.3123
42.312
42.3114
42.3104
42.3094
42.3114
42.3122
42.3131
42.3136
42.3138
42.3138
42.3136
42.3131
42.3122
42.3114
42.3125
42.3131
42.3137
42.314
42.3142
42.3142
42.314
42.3137
42.3131
42.3125
42.3132
42.3134
42.3137
42.3137
42.3137
42.3137
42.3137
42.3137
42.3134
42.3132
42.3147
42.3132
42.3127
42.3123
42.3121
42.3121
42.3123
42.3127
42.3132
42.3147
38.9143
38.9143
38.9144
38.9144
38.9144
38.9144
38.9144
38.9144
38.9143
38.9143
38.9161
38.9162
38.9164
38.9165
38.9166
38.9166
38.9165
38.9164
38.9162
38.9161
38.9184
38.9187
38.919
38.9191
38.9192
38.9192
38.9191
38.919
38.9187
38.9184
38.9207
38.9211
38.9214
38.9217
38.9218
38.9218
38.9217
38.9214
38.9211
38.9207
38.9228
38.9233
38.9237
38.9239
38.9241
38.9241
38.9239
38.9237
38.9233
38.9228
38.9248
38.9252
38.9257
38.9259
38.926
38.926
38.9259
38.9257
38.9252
38.9248
38.9264
38.9269
38.9273
38.9275
38.9277
38.9277
38.9275
38.9273
38.9269
38.9264
38.9278
38.9283
38.9287
38.9288
38.9289
38.9289
38.9288
38.9287
38.9283
38.9278
38.9292
38.9295
38.9297
38.9298
38.9299
38.9299
38.9298
38.9297
38.9295
38.9292
38.9308
38.9305
38.9305
38.9304
38.9303
38.9303
38.9304
38.9305
38.9305
38.9308
35.5322
35.5323
35.5323
35.5324
35.5324
35.5324
35.5324
35.5323
35.5323
35.5322
35.5328
35.5329
35.533
35.5331
35.5332
35.5332
35.5331
35.533
35.5329
35.5328
35.5336
35.5337
35.5339
35.534
35.5341
35.5341
35.534
35.5339
35.5337
35.5336
35.5344
35.5346
35.5348
35.535
35.535
35.535
35.535
35.5348
35.5346
35.5344
35.5352
35.5355
35.5357
35.5359
35.536
35.536
35.5359
35.5357
35.5355
35.5352
35.536
35.5363
35.5365
35.5367
35.5368
35.5368
35.5367
35.5365
35.5363
35.536
35.5367
35.537
35.5372
35.5374
35.5375
35.5375
35.5374
35.5372
35.537
35.5367
35.5373
35.5375
35.5378
35.5379
35.538
35.538
35.5379
35.5378
35.5375
35.5373
35.5378
35.538
35.5382
35.5383
35.5384
35.5384
35.5383
35.5382
35.538
35.5378
35.5385
35.5385
35.5385
35.5385
35.5386
35.5386
35.5385
35.5385
35.5385
35.5385
32.1504
32.1504
32.1504
32.1504
32.1504
32.1504
32.1504
32.1504
32.1504
32.1504
32.1506
32.1506
32.1506
32.1507
32.1507
32.1507
32.1507
32.1506
32.1506
32.1506
32.1509
32.151
32.151
32.151
32.151
32.151
32.151
32.151
32.151
32.1509
32.1513
32.1514
32.1514
32.1515
32.1515
32.1515
32.1515
32.1514
32.1514
32.1513
32.1517
32.1518
32.1519
32.152
32.152
32.152
32.152
32.1519
32.1518
32.1517
32.1521
32.1523
32.1524
32.1524
32.1525
32.1525
32.1524
32.1524
32.1523
32.1521
32.1526
32.1527
32.1528
32.1529
32.1529
32.1529
32.1529
32.1528
32.1527
32.1526
32.153
32.1531
32.1533
32.1533
32.1534
32.1534
32.1533
32.1533
32.1531
32.153
32.1534
32.1535
32.1537
32.1537
32.1537
32.1537
32.1537
32.1537
32.1535
32.1534
32.1539
32.1539
32.154
32.154
32.154
32.154
32.154
32.154
32.1539
32.1539
28.7666
28.7666
28.7666
28.7666
28.7667
28.7667
28.7666
28.7666
28.7666
28.7666
28.7667
28.7667
28.7667
28.7667
28.7667
28.7667
28.7667
28.7667
28.7667
28.7667
28.7668
28.7668
28.7668
28.7668
28.7669
28.7669
28.7668
28.7668
28.7668
28.7668
28.7669
28.7669
28.767
28.767
28.767
28.767
28.767
28.767
28.7669
28.7669
28.7671
28.7671
28.7672
28.7672
28.7672
28.7672
28.7672
28.7672
28.7671
28.7671
28.7672
28.7673
28.7673
28.7674
28.7674
28.7674
28.7674
28.7673
28.7673
28.7672
28.7674
28.7675
28.7675
28.7676
28.7676
28.7676
28.7676
28.7675
28.7675
28.7674
28.7676
28.7676
28.7677
28.7677
28.7678
28.7678
28.7677
28.7677
28.7676
28.7676
28.7677
28.7678
28.7679
28.7679
28.7679
28.7679
28.7679
28.7679
28.7678
28.7677
28.7679
28.768
28.768
28.768
28.768
28.768
28.768
28.768
28.768
28.7679
25.3828
25.3828
25.3828
25.3828
25.3828
25.3828
25.3828
25.3828
25.3828
25.3828
25.3828
25.3828
25.3828
25.3828
25.3828
25.3828
25.3828
25.3828
25.3828
25.3828
25.3828
25.3828
25.3828
25.3828
25.3828
25.3828
25.3828
25.3828
25.3828
25.3828
25.3829
25.3829
25.3829
25.3829
25.3829
25.3829
25.3829
25.3829
25.3829
25.3829
25.3829
25.383
25.383
25.383
25.383
25.383
25.383
25.383
25.383
25.3829
25.383
25.3831
25.3831
25.3831
25.3831
25.3831
25.3831
25.3831
25.3831
25.383
25.3831
25.3832
25.3832
25.3832
25.3832
25.3832
25.3832
25.3832
25.3832
25.3831
25.3832
25.3833
25.3833
25.3833
25.3833
25.3833
25.3833
25.3833
25.3833
25.3832
25.3833
25.3834
25.3834
25.3834
25.3834
25.3834
25.3834
25.3834
25.3834
25.3833
25.3834
25.3835
25.3835
25.3835
25.3835
25.3835
25.3835
25.3835
25.3835
25.3834
21.9985
21.9985
21.9985
21.9985
21.9985
21.9985
21.9985
21.9985
21.9985
21.9985
21.9985
21.9985
21.9985
21.9985
21.9985
21.9985
21.9985
21.9985
21.9985
21.9985
21.9985
21.9985
21.9985
21.9985
21.9985
21.9985
21.9985
21.9985
21.9985
21.9985
21.9985
21.9985
21.9985
21.9985
21.9985
21.9985
21.9985
21.9985
21.9985
21.9985
21.9985
21.9986
21.9986
21.9986
21.9986
21.9986
21.9986
21.9986
21.9986
21.9985
21.9986
21.9986
21.9986
21.9986
21.9986
21.9986
21.9986
21.9986
21.9986
21.9986
21.9986
21.9986
21.9986
21.9987
21.9987
21.9987
21.9987
21.9986
21.9986
21.9986
21.9987
21.9987
21.9987
21.9987
21.9987
21.9987
21.9987
21.9987
21.9987
21.9987
21.9987
21.9987
21.9987
21.9987
21.9987
21.9987
21.9987
21.9987
21.9987
21.9987
21.9987
21.9988
21.9988
21.9988
21.9988
21.9988
21.9988
21.9988
21.9988
21.9987
18.6142
18.6142
18.6142
18.6142
18.6142
18.6142
18.6142
18.6142
18.6142
18.6142
18.6142
18.6142
18.6142
18.6142
18.6142
18.6142
18.6142
18.6142
18.6142
18.6142
18.6142
18.6142
18.6142
18.6142
18.6142
18.6142
18.6142
18.6142
18.6142
18.6142
18.6142
18.6142
18.6142
18.6142
18.6142
18.6142
18.6142
18.6142
18.6142
18.6142
18.6142
18.6142
18.6142
18.6142
18.6142
18.6142
18.6142
18.6142
18.6142
18.6142
18.6142
18.6142
18.6142
18.6142
18.6142
18.6142
18.6142
18.6142
18.6142
18.6142
18.6143
18.6143
18.6143
18.6143
18.6143
18.6143
18.6143
18.6143
18.6143
18.6143
18.6143
18.6143
18.6143
18.6143
18.6143
18.6143
18.6143
18.6143
18.6143
18.6143
18.6143
18.6143
18.6143
18.6143
18.6143
18.6143
18.6143
18.6143
18.6143
18.6143
18.6143
18.6143
18.6143
18.6143
18.6143
18.6143
18.6143
18.6143
18.6143
18.6143
15.2298
15.2298
15.2298
15.2298
15.2298
15.2298
15.2298
15.2298
15.2298
15.2298
15.2298
15.2298
15.2298
15.2298
15.2298
15.2298
15.2298
15.2298
15.2298
15.2298
15.2298
15.2298
15.2298
15.2298
15.2298
15.2298
15.2298
15.2298
15.2298
15.2298
15.2298
15.2298
15.2298
15.2298
15.2298
15.2298
15.2298
15.2298
15.2298
15.2298
15.2298
15.2298
15.2298
15.2298
15.2298
15.2298
15.2298
15.2298
15.2298
15.2298
15.2298
15.2298
15.2298
15.2298
15.2298
15.2298
15.2298
15.2298
15.2298
15.2298
15.2298
15.2298
15.2298
15.2298
15.2298
15.2298
15.2298
15.2298
15.2298
15.2298
15.2298
15.2298
15.2298
15.2298
15.2298
15.2298
15.2298
15.2298
15.2298
15.2298
15.2298
15.2298
15.2299
15.2299
15.2299
15.2299
15.2299
15.2299
15.2298
15.2298
15.2299
15.2299
15.2299
15.2299
15.2299
15.2299
15.2299
15.2299
15.2299
15.2299
11.8454
11.8454
11.8454
11.8454
11.8454
11.8454
11.8454
11.8454
11.8454
11.8454
11.8454
11.8454
11.8454
11.8454
11.8454
11.8454
11.8454
11.8454
11.8454
11.8454
11.8454
11.8454
11.8454
11.8454
11.8454
11.8454
11.8454
11.8454
11.8454
11.8454
11.8454
11.8454
11.8454
11.8454
11.8454
11.8454
11.8454
11.8454
11.8454
11.8454
11.8454
11.8454
11.8454
11.8454
11.8454
11.8454
11.8454
11.8454
11.8454
11.8454
11.8454
11.8454
11.8454
11.8454
11.8454
11.8454
11.8454
11.8454
11.8454
11.8454
11.8454
11.8454
11.8454
11.8454
11.8454
11.8454
11.8454
11.8454
11.8454
11.8454
11.8454
11.8454
11.8454
11.8454
11.8454
11.8454
11.8454
11.8454
11.8454
11.8454
11.8454
11.8454
11.8454
11.8454
11.8454
11.8454
11.8454
11.8454
11.8454
11.8454
11.8454
11.8454
11.8454
11.8454
11.8454
11.8454
11.8454
11.8454
11.8454
11.8454
8.46102
8.46102
8.46102
8.46102
8.46102
8.46102
8.46102
8.46102
8.46102
8.46102
8.46102
8.46102
8.46102
8.46102
8.46102
8.46102
8.46102
8.46102
8.46102
8.46102
8.46102
8.46102
8.46102
8.46102
8.46102
8.46102
8.46102
8.46102
8.46102
8.46102
8.46102
8.46102
8.46102
8.46102
8.46102
8.46102
8.46102
8.46102
8.46102
8.46102
8.46102
8.46102
8.46102
8.46102
8.46102
8.46102
8.46102
8.46102
8.46102
8.46102
8.46102
8.46102
8.46102
8.46102
8.46102
8.46102
8.46102
8.46102
8.46102
8.46102
8.46102
8.46102
8.46102
8.46102
8.46102
8.46102
8.46102
8.46102
8.46102
8.46102
8.46102
8.46102
8.46102
8.46102
8.46102
8.46102
8.46102
8.46102
8.46102
8.46102
8.46102
8.46102
8.46102
8.46102
8.46102
8.46102
8.46102
8.46102
8.46102
8.46102
8.46102
8.46102
8.46102
8.46102
8.46102
8.46102
8.46102
8.46102
8.46102
8.46102
5.07661
5.07661
5.07661
5.07661
5.07661
5.07661
5.07661
5.07661
5.07661
5.07661
5.07661
5.07661
5.07661
5.07661
5.07661
5.07661
5.07661
5.07661
5.07661
5.07661
5.07661
5.07661
5.07661
5.07661
5.07661
5.07661
5.07661
5.07661
5.07661
5.07661
5.07661
5.07661
5.07661
5.07661
5.07661
5.07661
5.07661
5.07661
5.07661
5.07661
5.07661
5.07661
5.07661
5.07661
5.07661
5.07661
5.07661
5.07661
5.07661
5.07661
5.07661
5.07661
5.07661
5.07661
5.07661
5.07661
5.07661
5.07661
5.07661
5.07661
5.07661
5.07661
5.07661
5.07661
5.07661
5.07661
5.07661
5.07661
5.07661
5.07661
5.07661
5.07661
5.07661
5.07661
5.07661
5.07661
5.07661
5.07661
5.07661
5.07661
5.07661
5.07661
5.07661
5.07661
5.07661
5.07661
5.07661
5.07661
5.07661
5.07661
5.07661
5.07661
5.07661
5.07661
5.07661
5.07661
5.07661
5.07661
5.07661
5.07661
1.69221
1.69221
1.69221
1.69221
1.69221
1.69221
1.69221
1.69221
1.69221
1.69221
1.6922
1.6922
1.6922
1.6922
1.6922
1.6922
1.6922
1.6922
1.6922
1.6922
1.6922
1.6922
1.6922
1.6922
1.6922
1.6922
1.6922
1.6922
1.6922
1.6922
1.6922
1.6922
1.6922
1.6922
1.6922
1.6922
1.6922
1.6922
1.6922
1.6922
1.6922
1.6922
1.6922
1.6922
1.6922
1.6922
1.6922
1.6922
1.6922
1.6922
1.6922
1.6922
1.6922
1.6922
1.6922
1.6922
1.6922
1.6922
1.6922
1.6922
1.6922
1.6922
1.6922
1.6922
1.6922
1.6922
1.6922
1.6922
1.6922
1.6922
1.6922
1.69219
1.69219
1.69219
1.69219
1.69219
1.69219
1.69219
1.69219
1.6922
1.69219
1.69219
1.69219
1.69219
1.69219
1.69219
1.69219
1.69219
1.69219
1.69219
1.69219
1.69219
1.69219
1.69219
1.69219
1.69219
1.69219
1.69219
1.69219
1.69219
101.069
100.489
100.124
99.8572
99.719
99.719
99.8571
100.124
100.488
101.069
91.9412
91.0927
90.5334
90.1382
89.9346
89.9346
90.1382
90.5334
91.0927
91.9411
84.3586
83.3818
82.7437
82.2993
82.0714
82.0714
82.2993
82.7437
83.3818
84.3586
79.1218
78.1185
77.4715
77.0277
76.8003
76.8003
77.0277
77.4715
78.1185
79.1218
75.1946
74.1996
73.5612
73.1321
72.9124
72.9124
73.1321
73.5612
74.1996
75.1946
72.0186
71.0524
70.4313
70.0242
69.8162
69.8162
70.0242
70.4313
71.0524
72.0186
69.4054
68.4893
67.8956
67.517
67.3244
67.3244
67.517
67.8956
68.4893
69.4054
67.2483
66.4059
65.8521
65.5077
65.3332
65.3332
65.5077
65.8521
66.4059
67.2483
65.4654
64.7132
64.2124
63.907
63.7524
63.7524
63.907
64.2124
64.7132
65.4654
64.0717
63.3267
62.8881
62.6223
62.4876
62.4876
62.6223
62.8881
63.3267
64.0717
65.2234
65.395
65.5816
65.7075
65.7727
65.7727
65.7075
65.5816
65.395
65.2234
65.6243
65.7171
65.8416
65.9216
65.9626
65.9626
65.9216
65.8416
65.7171
65.6242
65.578
65.5728
65.6228
65.6495
65.6628
65.6628
65.6495
65.6228
65.5728
65.578
65.15
65.0546
65.0364
65.0165
65.0057
65.0057
65.0165
65.0364
65.0546
65.15
64.5424
64.3736
64.2976
64.2405
64.2105
64.2105
64.2405
64.2976
64.3736
64.5424
63.8637
63.6398
63.5175
63.4328
63.3887
63.3887
63.4328
63.5175
63.6398
63.8637
63.1681
62.9096
62.7542
62.6517
62.5987
62.5987
62.6517
62.7542
62.9096
63.1681
62.4868
62.2173
62.0443
61.9339
61.877
61.877
61.9339
62.0443
62.2173
62.4868
61.8527
61.5888
61.411
61.3002
61.2428
61.2428
61.3002
61.411
61.5888
61.8527
61.3607
61.0248
60.8463
60.7369
60.68
60.68
60.7369
60.8463
61.0248
61.3606
60.6055
60.5902
60.5906
60.5865
60.5846
60.5846
60.5865
60.5906
60.5902
60.6055
60.9924
60.9739
60.9729
60.9666
60.9633
60.9633
60.9666
60.9729
60.9739
60.9924
61.3065
61.2688
61.2556
61.2393
61.2305
61.2305
61.2393
61.2556
61.2688
61.3065
61.3389
61.2678
61.2321
61.1996
61.1823
61.1823
61.1996
61.2321
61.2677
61.3389
61.179
61.0727
61.0126
60.9641
60.9385
60.9385
60.9641
61.0126
61.0727
61.179
60.9198
60.7832
60.7008
60.6391
60.6067
60.6067
60.6391
60.7008
60.7832
60.9198
60.609
60.4503
60.3499
60.279
60.2419
60.2419
60.279
60.3499
60.4503
60.609
60.2731
60.1042
59.9926
59.9169
59.8775
59.8775
59.9169
59.9926
60.1042
60.2731
59.942
59.7712
59.6535
59.5762
59.5358
59.5358
59.5762
59.6535
59.7712
59.942
59.6825
59.4574
59.3331
59.254
59.2128
59.2128
59.254
59.3331
59.4574
59.6825
55.8186
55.8375
55.8613
55.8767
55.8848
55.8848
55.8767
55.8613
55.8375
55.8186
56.0089
56.0308
56.0579
56.0752
56.0843
56.0843
56.0752
56.0579
56.0308
56.0089
56.1656
56.1845
56.2106
56.2267
56.2352
56.2352
56.2267
56.2106
56.1845
56.1656
56.2337
56.2419
56.2608
56.2712
56.2767
56.2767
56.2712
56.2607
56.2419
56.2337
56.2335
56.2272
56.2355
56.2385
56.2399
56.2399
56.2385
56.2355
56.2272
56.2335
56.1876
56.1664
56.1632
56.1585
56.1558
56.1558
56.1585
56.1632
56.1664
56.1876
56.1091
56.0752
56.0612
56.0498
56.0436
56.0436
56.0498
56.0612
56.0752
56.1091
56.0076
55.9654
55.943
55.9266
55.9178
55.9178
55.9266
55.943
55.9654
56.0076
55.8986
55.851
55.8213
55.8007
55.7896
55.7896
55.8007
55.8213
55.851
55.8986
55.8208
55.7371
55.6966
55.6702
55.6563
55.6563
55.6702
55.6966
55.7371
55.8208
52.4769
52.4764
52.4776
52.4774
52.4773
52.4773
52.4774
52.4776
52.4764
52.4769
52.5619
52.5644
52.5683
52.5698
52.5706
52.5706
52.5698
52.5683
52.5644
52.5619
52.6474
52.6508
52.6559
52.6579
52.6589
52.6589
52.6579
52.6559
52.6508
52.6474
52.7029
52.7039
52.7076
52.7083
52.7086
52.7086
52.7083
52.7076
52.7039
52.7029
52.7303
52.7268
52.7274
52.7257
52.7247
52.7247
52.7257
52.7274
52.7268
52.7303
52.7359
52.7269
52.7235
52.7191
52.7166
52.7166
52.7191
52.7235
52.7269
52.7359
52.7243
52.7101
52.7025
52.6955
52.6917
52.6917
52.6955
52.7025
52.7101
52.7243
52.6997
52.6815
52.6705
52.6614
52.6564
52.6564
52.6614
52.6705
52.6815
52.6997
52.6697
52.6483
52.6335
52.6223
52.6162
52.6162
52.6223
52.6335
52.6483
52.6697
52.6517
52.6124
52.5916
52.5773
52.5697
52.5697
52.5773
52.5916
52.6124
52.6517
49.0147
49.0173
49.0206
49.0225
49.0235
49.0235
49.0225
49.0206
49.0173
49.0147
49.0479
49.0519
49.0564
49.0592
49.0607
49.0607
49.0592
49.0564
49.0519
49.0479
49.0807
49.0855
49.0909
49.0943
49.0961
49.0961
49.0943
49.0909
49.0855
49.0807
49.1043
49.1087
49.114
49.1172
49.1189
49.1189
49.1172
49.114
49.1087
49.1043
49.1187
49.1217
49.1261
49.1285
49.1298
49.1298
49.1285
49.1261
49.1217
49.1187
49.125
49.126
49.129
49.1303
49.131
49.131
49.1303
49.129
49.126
49.125
49.1242
49.123
49.1243
49.1244
49.1244
49.1244
49.1244
49.1243
49.123
49.1242
49.1174
49.1144
49.114
49.113
49.1124
49.1124
49.113
49.114
49.1144
49.1174
49.1078
49.1031
49.1005
49.0983
49.0969
49.0969
49.0983
49.1005
49.1031
49.1078
49.1036
49.09
49.0838
49.0794
49.077
49.077
49.0794
49.0838
49.09
49.1036
45.6694
45.6696
45.67
45.67
45.67
45.67
45.67
45.67
45.6696
45.6694
45.6827
45.6835
45.6845
45.6849
45.6851
45.6851
45.6849
45.6845
45.6835
45.6827
45.6977
45.6991
45.7005
45.7013
45.7016
45.7016
45.7013
45.7005
45.6991
45.6977
45.7103
45.7118
45.7135
45.7143
45.7147
45.7147
45.7143
45.7135
45.7118
45.7103
45.72
45.7213
45.7228
45.7235
45.7238
45.7238
45.7235
45.7228
45.7213
45.72
45.727
45.7278
45.729
45.7293
45.7295
45.7295
45.7293
45.729
45.7278
45.727
45.7313
45.7315
45.7322
45.7322
45.7321
45.7321
45.7322
45.7322
45.7315
45.7313
45.7334
45.733
45.7331
45.7327
45.7325
45.7325
45.7327
45.7331
45.733
45.7334
45.7344
45.7333
45.7326
45.7317
45.7312
45.7312
45.7317
45.7326
45.7333
45.7344
45.7375
45.7327
45.7303
45.7285
45.7276
45.7276
45.7285
45.7303
45.7327
45.7375
42.2874
42.2879
42.2884
42.2887
42.2889
42.2889
42.2887
42.2884
42.2879
42.2874
42.2923
42.293
42.2938
42.2942
42.2945
42.2945
42.2942
42.2938
42.293
42.2923
42.2976
42.2986
42.2996
42.3003
42.3006
42.3006
42.3003
42.2996
42.2986
42.2976
42.3024
42.3035
42.3046
42.3054
42.3057
42.3057
42.3054
42.3046
42.3035
42.3024
42.3064
42.3074
42.3086
42.3093
42.3097
42.3097
42.3093
42.3086
42.3074
42.3064
42.3094
42.3104
42.3114
42.312
42.3123
42.3123
42.312
42.3114
42.3103
42.3094
42.3114
42.3122
42.3131
42.3136
42.3138
42.3138
42.3136
42.3131
42.3122
42.3114
42.3125
42.3131
42.3137
42.314
42.3142
42.3142
42.314
42.3137
42.3131
42.3125
42.3132
42.3134
42.3137
42.3137
42.3137
42.3137
42.3137
42.3137
42.3134
42.3132
42.3147
42.3132
42.3127
42.3123
42.3121
42.3121
42.3123
42.3127
42.3132
42.3147
38.9143
38.9143
38.9144
38.9144
38.9144
38.9144
38.9144
38.9144
38.9143
38.9143
38.9161
38.9162
38.9164
38.9165
38.9166
38.9166
38.9165
38.9164
38.9162
38.9161
38.9184
38.9187
38.919
38.9191
38.9192
38.9192
38.9191
38.919
38.9187
38.9184
38.9207
38.9211
38.9214
38.9217
38.9218
38.9218
38.9217
38.9214
38.9211
38.9207
38.9228
38.9233
38.9237
38.9239
38.9241
38.9241
38.9239
38.9237
38.9233
38.9228
38.9248
38.9252
38.9257
38.9259
38.926
38.926
38.9259
38.9257
38.9252
38.9248
38.9264
38.9269
38.9273
38.9275
38.9276
38.9276
38.9275
38.9273
38.9269
38.9264
38.9278
38.9283
38.9287
38.9288
38.9289
38.9289
38.9288
38.9287
38.9283
38.9278
38.9292
38.9295
38.9297
38.9298
38.9299
38.9299
38.9298
38.9297
38.9295
38.9292
38.9308
38.9305
38.9305
38.9304
38.9303
38.9303
38.9304
38.9305
38.9305
38.9308
35.5322
35.5323
35.5323
35.5324
35.5324
35.5324
35.5324
35.5323
35.5323
35.5322
35.5328
35.5329
35.533
35.5331
35.5332
35.5332
35.5331
35.533
35.5329
35.5328
35.5336
35.5337
35.5339
35.534
35.5341
35.5341
35.534
35.5339
35.5337
35.5336
35.5344
35.5346
35.5348
35.535
35.535
35.535
35.535
35.5348
35.5346
35.5344
35.5352
35.5355
35.5357
35.5359
35.536
35.536
35.5359
35.5357
35.5355
35.5352
35.536
35.5363
35.5365
35.5367
35.5368
35.5368
35.5367
35.5365
35.5363
35.536
35.5367
35.537
35.5372
35.5374
35.5375
35.5375
35.5374
35.5372
35.537
35.5367
35.5373
35.5375
35.5378
35.5379
35.538
35.538
35.5379
35.5378
35.5375
35.5373
35.5378
35.538
35.5382
35.5383
35.5384
35.5384
35.5383
35.5382
35.538
35.5378
35.5385
35.5385
35.5385
35.5385
35.5386
35.5386
35.5385
35.5385
35.5385
35.5385
32.1504
32.1504
32.1504
32.1504
32.1504
32.1504
32.1504
32.1504
32.1504
32.1504
32.1506
32.1506
32.1506
32.1507
32.1507
32.1507
32.1507
32.1506
32.1506
32.1506
32.1509
32.151
32.151
32.151
32.151
32.151
32.151
32.151
32.151
32.1509
32.1513
32.1514
32.1514
32.1515
32.1515
32.1515
32.1515
32.1514
32.1514
32.1513
32.1517
32.1518
32.1519
32.152
32.152
32.152
32.152
32.1519
32.1518
32.1517
32.1521
32.1523
32.1524
32.1524
32.1525
32.1525
32.1524
32.1524
32.1523
32.1521
32.1526
32.1527
32.1528
32.1529
32.1529
32.1529
32.1529
32.1528
32.1527
32.1526
32.153
32.1531
32.1533
32.1533
32.1534
32.1534
32.1533
32.1533
32.1531
32.153
32.1534
32.1535
32.1537
32.1537
32.1537
32.1537
32.1537
32.1536
32.1535
32.1534
32.1539
32.1539
32.154
32.154
32.154
32.154
32.154
32.154
32.1539
32.1539
28.7666
28.7666
28.7666
28.7666
28.7667
28.7667
28.7666
28.7666
28.7666
28.7666
28.7667
28.7667
28.7667
28.7667
28.7667
28.7667
28.7667
28.7667
28.7667
28.7667
28.7668
28.7668
28.7668
28.7668
28.7669
28.7669
28.7668
28.7668
28.7668
28.7668
28.7669
28.7669
28.767
28.767
28.767
28.767
28.767
28.767
28.7669
28.7669
28.7671
28.7671
28.7672
28.7672
28.7672
28.7672
28.7672
28.7672
28.7671
28.7671
28.7672
28.7673
28.7673
28.7674
28.7674
28.7674
28.7674
28.7673
28.7673
28.7672
28.7674
28.7675
28.7675
28.7676
28.7676
28.7676
28.7676
28.7675
28.7675
28.7674
28.7676
28.7676
28.7677
28.7677
28.7678
28.7678
28.7677
28.7677
28.7676
28.7676
28.7677
28.7678
28.7679
28.7679
28.7679
28.7679
28.7679
28.7679
28.7678
28.7677
28.7679
28.768
28.768
28.768
28.768
28.768
28.768
28.768
28.768
28.7679
25.3828
25.3828
25.3828
25.3828
25.3828
25.3828
25.3828
25.3828
25.3828
25.3828
25.3828
25.3828
25.3828
25.3828
25.3828
25.3828
25.3828
25.3828
25.3828
25.3828
25.3828
25.3828
25.3828
25.3828
25.3828
25.3828
25.3828
25.3828
25.3828
25.3828
25.3829
25.3829
25.3829
25.3829
25.3829
25.3829
25.3829
25.3829
25.3829
25.3829
25.3829
25.383
25.383
25.383
25.383
25.383
25.383
25.383
25.383
25.3829
25.383
25.3831
25.3831
25.3831
25.3831
25.3831
25.3831
25.3831
25.3831
25.383
25.3831
25.3832
25.3832
25.3832
25.3832
25.3832
25.3832
25.3832
25.3832
25.3831
25.3832
25.3833
25.3833
25.3833
25.3833
25.3833
25.3833
25.3833
25.3833
25.3832
25.3833
25.3834
25.3834
25.3834
25.3834
25.3834
25.3834
25.3834
25.3834
25.3833
25.3834
25.3835
25.3835
25.3835
25.3835
25.3835
25.3835
25.3835
25.3835
25.3834
21.9985
21.9985
21.9985
21.9985
21.9985
21.9985
21.9985
21.9985
21.9985
21.9985
21.9985
21.9985
21.9985
21.9985
21.9985
21.9985
21.9985
21.9985
21.9985
21.9985
21.9985
21.9985
21.9985
21.9985
21.9985
21.9985
21.9985
21.9985
21.9985
21.9985
21.9985
21.9985
21.9985
21.9985
21.9985
21.9985
21.9985
21.9985
21.9985
21.9985
21.9985
21.9986
21.9986
21.9986
21.9986
21.9986
21.9986
21.9986
21.9986
21.9985
21.9986
21.9986
21.9986
21.9986
21.9986
21.9986
21.9986
21.9986
21.9986
21.9986
21.9986
21.9986
21.9986
21.9987
21.9987
21.9987
21.9987
21.9986
21.9986
21.9986
21.9987
21.9987
21.9987
21.9987
21.9987
21.9987
21.9987
21.9987
21.9987
21.9987
21.9987
21.9987
21.9987
21.9987
21.9987
21.9987
21.9987
21.9987
21.9987
21.9987
21.9987
21.9988
21.9988
21.9988
21.9988
21.9988
21.9988
21.9988
21.9988
21.9987
18.6142
18.6142
18.6142
18.6142
18.6142
18.6142
18.6142
18.6142
18.6142
18.6142
18.6142
18.6142
18.6142
18.6142
18.6142
18.6142
18.6142
18.6142
18.6142
18.6142
18.6142
18.6142
18.6142
18.6142
18.6142
18.6142
18.6142
18.6142
18.6142
18.6142
18.6142
18.6142
18.6142
18.6142
18.6142
18.6142
18.6142
18.6142
18.6142
18.6142
18.6142
18.6142
18.6142
18.6142
18.6142
18.6142
18.6142
18.6142
18.6142
18.6142
18.6142
18.6142
18.6142
18.6142
18.6142
18.6142
18.6142
18.6142
18.6142
18.6142
18.6143
18.6143
18.6143
18.6143
18.6143
18.6143
18.6143
18.6143
18.6143
18.6143
18.6143
18.6143
18.6143
18.6143
18.6143
18.6143
18.6143
18.6143
18.6143
18.6143
18.6143
18.6143
18.6143
18.6143
18.6143
18.6143
18.6143
18.6143
18.6143
18.6143
18.6143
18.6143
18.6143
18.6143
18.6143
18.6143
18.6143
18.6143
18.6143
18.6143
15.2298
15.2298
15.2298
15.2298
15.2298
15.2298
15.2298
15.2298
15.2298
15.2298
15.2298
15.2298
15.2298
15.2298
15.2298
15.2298
15.2298
15.2298
15.2298
15.2298
15.2298
15.2298
15.2298
15.2298
15.2298
15.2298
15.2298
15.2298
15.2298
15.2298
15.2298
15.2298
15.2298
15.2298
15.2298
15.2298
15.2298
15.2298
15.2298
15.2298
15.2298
15.2298
15.2298
15.2298
15.2298
15.2298
15.2298
15.2298
15.2298
15.2298
15.2298
15.2298
15.2298
15.2298
15.2298
15.2298
15.2298
15.2298
15.2298
15.2298
15.2298
15.2298
15.2298
15.2298
15.2298
15.2298
15.2298
15.2298
15.2298
15.2298
15.2298
15.2298
15.2298
15.2298
15.2298
15.2298
15.2298
15.2298
15.2298
15.2298
15.2298
15.2298
15.2299
15.2299
15.2299
15.2299
15.2299
15.2299
15.2299
15.2298
15.2299
15.2299
15.2299
15.2299
15.2299
15.2299
15.2299
15.2299
15.2299
15.2299
11.8454
11.8454
11.8454
11.8454
11.8454
11.8454
11.8454
11.8454
11.8454
11.8454
11.8454
11.8454
11.8454
11.8454
11.8454
11.8454
11.8454
11.8454
11.8454
11.8454
11.8454
11.8454
11.8454
11.8454
11.8454
11.8454
11.8454
11.8454
11.8454
11.8454
11.8454
11.8454
11.8454
11.8454
11.8454
11.8454
11.8454
11.8454
11.8454
11.8454
11.8454
11.8454
11.8454
11.8454
11.8454
11.8454
11.8454
11.8454
11.8454
11.8454
11.8454
11.8454
11.8454
11.8454
11.8454
11.8454
11.8454
11.8454
11.8454
11.8454
11.8454
11.8454
11.8454
11.8454
11.8454
11.8454
11.8454
11.8454
11.8454
11.8454
11.8454
11.8454
11.8454
11.8454
11.8454
11.8454
11.8454
11.8454
11.8454
11.8454
11.8454
11.8454
11.8454
11.8454
11.8454
11.8454
11.8454
11.8454
11.8454
11.8454
11.8454
11.8454
11.8454
11.8454
11.8454
11.8454
11.8454
11.8454
11.8454
11.8454
8.46102
8.46102
8.46102
8.46102
8.46102
8.46102
8.46102
8.46102
8.46102
8.46102
8.46102
8.46102
8.46102
8.46102
8.46102
8.46102
8.46102
8.46102
8.46102
8.46102
8.46102
8.46102
8.46102
8.46102
8.46102
8.46102
8.46102
8.46102
8.46102
8.46102
8.46102
8.46102
8.46102
8.46102
8.46102
8.46102
8.46102
8.46102
8.46102
8.46102
8.46102
8.46102
8.46102
8.46102
8.46102
8.46102
8.46102
8.46102
8.46102
8.46102
8.46102
8.46102
8.46102
8.46102
8.46102
8.46102
8.46102
8.46102
8.46102
8.46102
8.46102
8.46102
8.46102
8.46102
8.46102
8.46102
8.46102
8.46102
8.46102
8.46102
8.46102
8.46102
8.46102
8.46102
8.46102
8.46102
8.46102
8.46102
8.46102
8.46102
8.46102
8.46102
8.46102
8.46102
8.46102
8.46102
8.46102
8.46102
8.46102
8.46102
8.46102
8.46102
8.46102
8.46102
8.46102
8.46102
8.46102
8.46102
8.46102
8.46102
5.07661
5.07661
5.07661
5.07661
5.07661
5.07661
5.07661
5.07661
5.07661
5.07661
5.07661
5.07661
5.07661
5.07661
5.07661
5.07661
5.07661
5.07661
5.07661
5.07661
5.07661
5.07661
5.07661
5.07661
5.07661
5.07661
5.07661
5.07661
5.07661
5.07661
5.07661
5.07661
5.07661
5.07661
5.07661
5.07661
5.07661
5.07661
5.07661
5.07661
5.07661
5.07661
5.07661
5.07661
5.07661
5.07661
5.07661
5.07661
5.07661
5.07661
5.07661
5.07661
5.07661
5.07661
5.07661
5.07661
5.07661
5.07661
5.07661
5.07661
5.07661
5.07661
5.07661
5.07661
5.07661
5.07661
5.07661
5.07661
5.07661
5.07661
5.07661
5.07661
5.07661
5.07661
5.07661
5.07661
5.07661
5.07661
5.07661
5.07661
5.07661
5.07661
5.07661
5.07661
5.07661
5.07661
5.07661
5.07661
5.07661
5.07661
5.07661
5.07661
5.07661
5.07661
5.07661
5.07661
5.07661
5.07661
5.07661
5.07661
1.69221
1.69221
1.69221
1.69221
1.69221
1.69221
1.69221
1.69221
1.69221
1.69221
1.6922
1.6922
1.6922
1.6922
1.6922
1.6922
1.6922
1.6922
1.69221
1.69221
1.6922
1.6922
1.6922
1.6922
1.6922
1.6922
1.6922
1.6922
1.6922
1.6922
1.6922
1.6922
1.6922
1.6922
1.6922
1.6922
1.6922
1.6922
1.6922
1.6922
1.6922
1.6922
1.6922
1.6922
1.6922
1.6922
1.6922
1.6922
1.6922
1.6922
1.6922
1.6922
1.6922
1.6922
1.6922
1.6922
1.6922
1.6922
1.6922
1.6922
1.6922
1.6922
1.6922
1.6922
1.6922
1.6922
1.6922
1.6922
1.6922
1.6922
1.6922
1.69219
1.69219
1.69219
1.69219
1.69219
1.69219
1.69219
1.69219
1.6922
1.69219
1.69219
1.69219
1.69219
1.69219
1.69219
1.69219
1.69219
1.69219
1.69219
1.69219
1.69219
1.69219
1.69219
1.69219
1.69219
1.69219
1.69219
1.69219
1.69219
63.0989
62.4233
61.9971
61.7268
61.5928
61.5928
61.7268
61.9971
62.4234
63.099
62.4233
61.8487
61.4182
61.132
60.9902
60.9902
61.132
61.4183
61.8487
62.4234
61.9971
61.4182
60.971
60.6737
60.5272
60.5272
60.6737
60.971
61.4183
61.9971
61.7268
61.132
60.6737
60.3714
60.2229
60.2229
60.3714
60.6737
61.132
61.7268
61.5928
60.9902
60.5272
60.2229
60.0734
60.0734
60.2229
60.5272
60.9902
61.5928
61.5928
60.9902
60.5272
60.2229
60.0734
60.0734
60.2229
60.5272
60.9902
61.5928
61.7268
61.132
60.6737
60.3714
60.2229
60.2229
60.3714
60.6738
61.132
61.7268
61.9971
61.4183
60.971
60.6737
60.5272
60.5272
60.6738
60.971
61.4183
61.9971
62.4234
61.8487
61.4183
61.132
60.9902
60.9902
61.132
61.4183
61.8487
62.4234
63.099
62.4234
61.9971
61.7268
61.5928
61.5928
61.7268
61.9971
62.4234
63.099
60.8764
60.5969
60.4303
60.3214
60.266
60.266
60.3214
60.4303
60.5969
60.8764
60.5969
60.3728
60.187
60.0586
59.9942
59.9942
60.0586
60.187
60.3728
60.5969
60.4303
60.187
59.9797
59.8381
59.7681
59.7681
59.8381
59.9797
60.187
60.4303
60.3214
60.0586
59.8381
59.6895
59.6162
59.6162
59.6895
59.8381
60.0586
60.3214
60.266
59.9942
59.7681
59.6162
59.5414
59.5414
59.6162
59.7681
59.9942
60.266
60.266
59.9942
59.7681
59.6162
59.5414
59.5414
59.6162
59.7681
59.9942
60.266
60.3214
60.0586
59.8381
59.6895
59.6162
59.6162
59.6895
59.8381
60.0586
60.3214
60.4303
60.187
59.9797
59.8381
59.7681
59.7681
59.8381
59.9797
60.1871
60.4303
60.5969
60.3728
60.187
60.0586
59.9942
59.9942
60.0586
60.1871
60.3728
60.5969
60.8764
60.5969
60.4303
60.3214
60.266
60.266
60.3214
60.4303
60.5969
60.8764
59.3237
59.1648
59.066
58.9981
58.9632
58.9632
58.9981
59.066
59.1648
59.3237
59.1648
59.0342
58.9175
58.8341
58.792
58.792
58.8341
58.9175
59.0342
59.1648
59.066
58.9175
58.783
58.6894
58.6428
58.6428
58.6894
58.783
58.9175
59.066
58.9981
58.8341
58.6894
58.5904
58.5414
58.5414
58.5904
58.6894
58.8341
58.9981
58.9632
58.792
58.6428
58.5414
58.4912
58.4912
58.5414
58.6428
58.792
58.9632
58.9632
58.792
58.6428
58.5414
58.4912
58.4912
58.5414
58.6428
58.792
58.9632
58.9981
58.8341
58.6894
58.5904
58.5414
58.5414
58.5904
58.6894
58.8341
58.9981
59.066
58.9175
58.783
58.6894
58.6428
58.6428
58.6894
58.783
58.9175
59.066
59.1648
59.0342
58.9175
58.8341
58.792
58.792
58.8341
58.9175
59.0342
59.1648
59.3237
59.1648
59.066
58.9981
58.9632
58.9632
58.9981
59.066
59.1648
59.3237
55.6467
55.6036
55.5784
55.5593
55.5492
55.5492
55.5593
55.5784
55.6036
55.6467
55.6036
55.5678
55.5287
55.4991
55.4841
55.4841
55.4991
55.5287
55.5678
55.6036
55.5784
55.5287
55.4785
55.4426
55.4248
55.4248
55.4426
55.4785
55.5288
55.5785
55.5593
55.4991
55.4426
55.4034
55.384
55.384
55.4034
55.4426
55.4991
55.5593
55.5492
55.4841
55.4248
55.384
55.3639
55.3639
55.384
55.4248
55.4841
55.5492
55.5492
55.4841
55.4248
55.384
55.3639
55.3639
55.384
55.4248
55.4841
55.5492
55.5593
55.4991
55.4426
55.4034
55.384
55.384
55.4034
55.4426
55.4991
55.5593
55.5784
55.5288
55.4785
55.4426
55.4248
55.4248
55.4426
55.4785
55.5288
55.5785
55.6036
55.5678
55.5288
55.4991
55.4841
55.4841
55.4991
55.5288
55.5678
55.6036
55.6467
55.6036
55.5785
55.5593
55.5492
55.5492
55.5593
55.5785
55.6036
55.6467
52.564
52.5503
52.5414
52.5337
52.5296
52.5296
52.5337
52.5414
52.5503
52.564
52.5503
52.5389
52.523
52.5101
52.5035
52.5035
52.5101
52.523
52.5389
52.5503
52.5414
52.523
52.5013
52.4853
52.4773
52.4773
52.4853
52.5013
52.523
52.5414
52.5337
52.5101
52.4853
52.4677
52.4589
52.4589
52.4677
52.4853
52.5101
52.5337
52.5296
52.5035
52.4773
52.4589
52.4498
52.4498
52.4589
52.4773
52.5035
52.5296
52.5296
52.5035
52.4773
52.4589
52.4498
52.4498
52.4589
52.4773
52.5035
52.5296
52.5337
52.5101
52.4853
52.4677
52.4589
52.4589
52.4677
52.4853
52.5101
52.5337
52.5414
52.523
52.5013
52.4853
52.4773
52.4773
52.4853
52.5013
52.523
52.5414
52.5503
52.5389
52.523
52.5101
52.5035
52.5035
52.5101
52.523
52.5389
52.5503
52.564
52.5503
52.5414
52.5337
52.5296
52.5296
52.5337
52.5414
52.5503
52.564
49.0633
49.0619
49.0612
49.0599
49.0591
49.0591
49.0599
49.0612
49.0619
49.0633
49.0619
49.0602
49.0555
49.0514
49.0493
49.0493
49.0514
49.0555
49.0602
49.0619
49.0612
49.0555
49.048
49.0422
49.0394
49.0394
49.0422
49.048
49.0555
49.0612
49.0599
49.0514
49.0422
49.0357
49.0324
49.0324
49.0357
49.0422
49.0514
49.0599
49.0591
49.0493
49.0394
49.0324
49.029
49.029
49.0324
49.0394
49.0493
49.0591
49.0591
49.0493
49.0394
49.0324
49.029
49.029
49.0324
49.0394
49.0493
49.0591
49.0599
49.0514
49.0422
49.0357
49.0324
49.0324
49.0357
49.0422
49.0514
49.0599
49.0612
49.0555
49.048
49.0422
49.0394
49.0394
49.0422
49.048
49.0555
49.0612
49.0619
49.0602
49.0555
49.0514
49.0493
49.0493
49.0514
49.0555
49.0602
49.0619
49.0633
49.0619
49.0612
49.0599
49.0591
49.0591
49.0599
49.0612
49.0619
49.0633
45.7216
45.7228
45.7236
45.7236
45.7236
45.7236
45.7236
45.7236
45.7228
45.7216
45.7228
45.7239
45.7232
45.7221
45.7216
45.7216
45.7221
45.7232
45.7239
45.7228
45.7236
45.7232
45.7212
45.7196
45.7187
45.7187
45.7196
45.7212
45.7232
45.7236
45.7236
45.7221
45.7196
45.7176
45.7166
45.7166
45.7176
45.7196
45.7221
45.7237
45.7236
45.7216
45.7187
45.7166
45.7156
45.7156
45.7166
45.7187
45.7216
45.7236
45.7236
45.7216
45.7187
45.7166
45.7156
45.7156
45.7166
45.7187
45.7216
45.7236
45.7236
45.7221
45.7196
45.7176
45.7166
45.7166
45.7176
45.7196
45.7221
45.7237
45.7236
45.7232
45.7212
45.7196
45.7187
45.7187
45.7196
45.7212
45.7232
45.7236
45.7228
45.7239
45.7232
45.7221
45.7216
45.7216
45.7221
45.7232
45.7239
45.7228
45.7216
45.7228
45.7236
45.7237
45.7236
45.7236
45.7237
45.7236
45.7228
45.7216
42.3079
42.309
42.3097
42.31
42.3102
42.3102
42.31
42.3097
42.309
42.3079
42.309
42.3098
42.3098
42.3096
42.3095
42.3095
42.3096
42.3098
42.3098
42.309
42.3097
42.3098
42.3093
42.3088
42.3085
42.3085
42.3088
42.3093
42.3098
42.3097
42.31
42.3096
42.3088
42.3081
42.3078
42.3078
42.3081
42.3088
42.3096
42.31
42.3102
42.3095
42.3085
42.3078
42.3075
42.3075
42.3078
42.3085
42.3095
42.3102
42.3102
42.3095
42.3085
42.3078
42.3075
42.3075
42.3078
42.3085
42.3095
42.3102
42.31
42.3096
42.3088
42.3081
42.3078
42.3078
42.3081
42.3088
42.3096
42.31
42.3097
42.3098
42.3093
42.3088
42.3085
42.3085
42.3088
42.3093
42.3098
42.3097
42.309
42.3098
42.3098
42.3096
42.3095
42.3095
42.3096
42.3098
42.3098
42.309
42.3079
42.309
42.3097
42.31
42.3102
42.3102
42.31
42.3097
42.309
42.3079
38.9286
38.9295
38.93
38.9303
38.9305
38.9305
38.9303
38.93
38.9295
38.9286
38.9295
38.9303
38.9306
38.9307
38.9308
38.9308
38.9307
38.9306
38.9303
38.9295
38.93
38.9306
38.9307
38.9308
38.9308
38.9308
38.9308
38.9307
38.9306
38.93
38.9303
38.9307
38.9308
38.9308
38.9308
38.9308
38.9308
38.9308
38.9307
38.9303
38.9305
38.9308
38.9308
38.9308
38.9308
38.9308
38.9308
38.9308
38.9308
38.9305
38.9305
38.9308
38.9308
38.9308
38.9308
38.9308
38.9308
38.9308
38.9308
38.9305
38.9303
38.9307
38.9308
38.9308
38.9308
38.9308
38.9308
38.9308
38.9307
38.9303
38.93
38.9306
38.9307
38.9308
38.9308
38.9308
38.9308
38.9307
38.9306
38.93
38.9295
38.9303
38.9306
38.9307
38.9308
38.9308
38.9307
38.9306
38.9303
38.9295
38.9286
38.9295
38.93
38.9303
38.9305
38.9305
38.9303
38.93
38.9295
38.9286
35.5376
35.538
35.5383
35.5385
35.5386
35.5386
35.5385
35.5383
35.538
35.5376
35.538
35.5384
35.5386
35.5387
35.5387
35.5387
35.5387
35.5386
35.5384
35.538
35.5383
35.5386
35.5387
35.5388
35.5388
35.5388
35.5388
35.5387
35.5386
35.5383
35.5385
35.5387
35.5388
35.5388
35.5388
35.5388
35.5388
35.5388
35.5387
35.5385
35.5386
35.5387
35.5388
35.5388
35.5388
35.5388
35.5388
35.5388
35.5387
35.5386
35.5386
35.5387
35.5388
35.5388
35.5388
35.5388
35.5388
35.5388
35.5387
35.5386
35.5385
35.5387
35.5388
35.5388
35.5388
35.5388
35.5388
35.5388
35.5387
35.5385
35.5383
35.5386
35.5387
35.5388
35.5388
35.5388
35.5388
35.5387
35.5386
35.5383
35.538
35.5384
35.5386
35.5387
35.5387
35.5387
35.5387
35.5386
35.5384
35.538
35.5376
35.538
35.5383
35.5385
35.5386
35.5386
35.5385
35.5383
35.538
35.5376
32.1537
32.1539
32.1541
32.1542
32.1542
32.1542
32.1542
32.1541
32.1539
32.1537
32.1539
32.1542
32.1543
32.1544
32.1544
32.1544
32.1544
32.1543
32.1542
32.1539
32.1541
32.1543
32.1544
32.1545
32.1545
32.1545
32.1545
32.1544
32.1543
32.1541
32.1542
32.1544
32.1545
32.1546
32.1546
32.1546
32.1546
32.1545
32.1544
32.1542
32.1542
32.1544
32.1545
32.1546
32.1547
32.1547
32.1546
32.1545
32.1544
32.1542
32.1542
32.1544
32.1545
32.1546
32.1547
32.1547
32.1546
32.1545
32.1544
32.1542
32.1542
32.1544
32.1545
32.1546
32.1546
32.1546
32.1546
32.1545
32.1544
32.1542
32.1541
32.1543
32.1544
32.1545
32.1545
32.1545
32.1545
32.1544
32.1543
32.1541
32.1539
32.1542
32.1543
32.1544
32.1544
32.1544
32.1544
32.1543
32.1542
32.1539
32.1537
32.1539
32.1541
32.1542
32.1542
32.1542
32.1542
32.1541
32.1539
32.1537
28.7679
28.768
28.768
28.7681
28.7681
28.7681
28.7681
28.768
28.768
28.7679
28.768
28.7681
28.7681
28.7682
28.7682
28.7682
28.7682
28.7681
28.7681
28.768
28.768
28.7681
28.7682
28.7682
28.7683
28.7683
28.7682
28.7682
28.7681
28.768
28.7681
28.7682
28.7682
28.7683
28.7683
28.7683
28.7683
28.7682
28.7682
28.7681
28.7681
28.7682
28.7683
28.7683
28.7683
28.7683
28.7683
28.7683
28.7682
28.7681
28.7681
28.7682
28.7683
28.7683
28.7683
28.7683
28.7683
28.7683
28.7682
28.7681
28.7681
28.7682
28.7682
28.7683
28.7683
28.7683
28.7683
28.7682
28.7682
28.7681
28.768
28.7681
28.7682
28.7682
28.7683
28.7683
28.7682
28.7682
28.7681
28.768
28.768
28.7681
28.7681
28.7682
28.7682
28.7682
28.7682
28.7681
28.7681
28.768
28.7679
28.768
28.768
28.7681
28.7681
28.7681
28.7681
28.768
28.768
28.7679
25.3835
25.3835
25.3836
25.3836
25.3836
25.3836
25.3836
25.3836
25.3835
25.3835
25.3835
25.3836
25.3836
25.3836
25.3836
25.3836
25.3836
25.3836
25.3836
25.3835
25.3836
25.3836
25.3837
25.3837
25.3837
25.3837
25.3837
25.3837
25.3836
25.3836
25.3836
25.3836
25.3837
25.3837
25.3837
25.3837
25.3837
25.3837
25.3836
25.3836
25.3836
25.3836
25.3837
25.3837
25.3837
25.3837
25.3837
25.3837
25.3836
25.3836
25.3836
25.3836
25.3837
25.3837
25.3837
25.3837
25.3837
25.3837
25.3836
25.3836
25.3836
25.3836
25.3837
25.3837
25.3837
25.3837
25.3837
25.3837
25.3836
25.3836
25.3836
25.3836
25.3837
25.3837
25.3837
25.3837
25.3837
25.3837
25.3836
25.3836
25.3835
25.3836
25.3836
25.3836
25.3836
25.3836
25.3836
25.3836
25.3836
25.3835
25.3835
25.3835
25.3836
25.3836
25.3836
25.3836
25.3836
25.3836
25.3835
25.3835
21.9987
21.9988
21.9988
21.9988
21.9988
21.9988
21.9988
21.9988
21.9988
21.9987
21.9988
21.9988
21.9988
21.9988
21.9988
21.9988
21.9988
21.9988
21.9988
21.9988
21.9988
21.9988
21.9988
21.9988
21.9989
21.9989
21.9988
21.9988
21.9988
21.9988
21.9988
21.9988
21.9988
21.9989
21.9989
21.9989
21.9989
21.9988
21.9988
21.9988
21.9988
21.9988
21.9989
21.9989
21.9989
21.9989
21.9989
21.9989
21.9988
21.9988
21.9988
21.9988
21.9989
21.9989
21.9989
21.9989
21.9989
21.9989
21.9988
21.9988
21.9988
21.9988
21.9988
21.9989
21.9989
21.9989
21.9989
21.9988
21.9988
21.9988
21.9988
21.9988
21.9988
21.9988
21.9989
21.9989
21.9988
21.9988
21.9988
21.9988
21.9988
21.9988
21.9988
21.9988
21.9988
21.9988
21.9988
21.9988
21.9988
21.9988
21.9987
21.9988
21.9988
21.9988
21.9988
21.9988
21.9988
21.9988
21.9988
21.9987
18.6143
18.6143
18.6144
18.6144
18.6144
18.6144
18.6144
18.6144
18.6143
18.6143
18.6143
18.6144
18.6144
18.6144
18.6144
18.6144
18.6144
18.6144
18.6144
18.6143
18.6144
18.6144
18.6144
18.6144
18.6144
18.6144
18.6144
18.6144
18.6144
18.6144
18.6144
18.6144
18.6144
18.6144
18.6144
18.6144
18.6144
18.6144
18.6144
18.6144
18.6144
18.6144
18.6144
18.6144
18.6144
18.6144
18.6144
18.6144
18.6144
18.6144
18.6144
18.6144
18.6144
18.6144
18.6144
18.6144
18.6144
18.6144
18.6144
18.6144
18.6144
18.6144
18.6144
18.6144
18.6144
18.6144
18.6144
18.6144
18.6144
18.6144
18.6144
18.6144
18.6144
18.6144
18.6144
18.6144
18.6144
18.6144
18.6144
18.6144
18.6143
18.6144
18.6144
18.6144
18.6144
18.6144
18.6144
18.6144
18.6144
18.6143
18.6143
18.6143
18.6144
18.6144
18.6144
18.6144
18.6144
18.6144
18.6143
18.6143
15.2299
15.2299
15.2299
15.2299
15.2299
15.2299
15.2299
15.2299
15.2299
15.2299
15.2299
15.2299
15.2299
15.2299
15.2299
15.2299
15.2299
15.2299
15.2299
15.2299
15.2299
15.2299
15.2299
15.2299
15.2299
15.2299
15.2299
15.2299
15.2299
15.2299
15.2299
15.2299
15.2299
15.2299
15.2299
15.2299
15.2299
15.2299
15.2299
15.2299
15.2299
15.2299
15.2299
15.2299
15.2299
15.2299
15.2299
15.2299
15.2299
15.2299
15.2299
15.2299
15.2299
15.2299
15.2299
15.2299
15.2299
15.2299
15.2299
15.2299
15.2299
15.2299
15.2299
15.2299
15.2299
15.2299
15.2299
15.2299
15.2299
15.2299
15.2299
15.2299
15.2299
15.2299
15.2299
15.2299
15.2299
15.2299
15.2299
15.2299
15.2299
15.2299
15.2299
15.2299
15.2299
15.2299
15.2299
15.2299
15.2299
15.2299
15.2299
15.2299
15.2299
15.2299
15.2299
15.2299
15.2299
15.2299
15.2299
15.2299
11.8454
11.8454
11.8455
11.8455
11.8455
11.8455
11.8455
11.8455
11.8454
11.8454
11.8454
11.8455
11.8455
11.8455
11.8455
11.8455
11.8455
11.8455
11.8455
11.8454
11.8455
11.8455
11.8455
11.8455
11.8455
11.8455
11.8455
11.8455
11.8455
11.8455
11.8455
11.8455
11.8455
11.8455
11.8455
11.8455
11.8455
11.8455
11.8455
11.8455
11.8455
11.8455
11.8455
11.8455
11.8455
11.8455
11.8455
11.8455
11.8455
11.8455
11.8455
11.8455
11.8455
11.8455
11.8455
11.8455
11.8455
11.8455
11.8455
11.8455
11.8455
11.8455
11.8455
11.8455
11.8455
11.8455
11.8455
11.8455
11.8455
11.8455
11.8455
11.8455
11.8455
11.8455
11.8455
11.8455
11.8455
11.8455
11.8455
11.8454
11.8454
11.8455
11.8455
11.8455
11.8455
11.8455
11.8455
11.8455
11.8455
11.8454
11.8454
11.8454
11.8455
11.8455
11.8455
11.8455
11.8455
11.8454
11.8454
11.8454
8.46102
8.46102
8.46102
8.46102
8.46102
8.46102
8.46102
8.46102
8.46102
8.46102
8.46102
8.46102
8.46102
8.46102
8.46102
8.46102
8.46102
8.46102
8.46102
8.46102
8.46102
8.46102
8.46102
8.46102
8.46102
8.46102
8.46102
8.46102
8.46102
8.46102
8.46102
8.46102
8.46102
8.46102
8.46102
8.46102
8.46102
8.46102
8.46102
8.46102
8.46102
8.46102
8.46102
8.46102
8.46102
8.46102
8.46102
8.46102
8.46102
8.46102
8.46102
8.46102
8.46102
8.46102
8.46102
8.46102
8.46102
8.46102
8.46102
8.46102
8.46102
8.46102
8.46102
8.46102
8.46102
8.46102
8.46102
8.46102
8.46102
8.46102
8.46102
8.46102
8.46102
8.46102
8.46102
8.46102
8.46102
8.46102
8.46102
8.46102
8.46102
8.46102
8.46102
8.46102
8.46102
8.46102
8.46102
8.46102
8.46102
8.46102
8.46102
8.46102
8.46102
8.46102
8.46102
8.46102
8.46102
8.46102
8.46102
8.46102
5.07661
5.07661
5.07661
5.07661
5.07661
5.07661
5.07661
5.07661
5.07661
5.07661
5.07661
5.07661
5.07661
5.07661
5.07661
5.07661
5.07661
5.07661
5.07661
5.07661
5.07661
5.07661
5.07661
5.07661
5.07661
5.07661
5.07661
5.07661
5.07661
5.07661
5.07661
5.07661
5.07661
5.07661
5.07661
5.07661
5.07661
5.07661
5.07661
5.07661
5.07661
5.07661
5.07661
5.07661
5.07661
5.07661
5.07661
5.07661
5.07661
5.07661
5.07661
5.07661
5.07661
5.07661
5.07661
5.07661
5.07661
5.07661
5.07661
5.07661
5.07661
5.07661
5.07661
5.07661
5.07661
5.07661
5.07661
5.07661
5.07661
5.07661
5.07661
5.07661
5.07661
5.07661
5.07661
5.07661
5.07661
5.07661
5.07661
5.07661
5.07661
5.07661
5.07661
5.07661
5.07661
5.07661
5.07661
5.07661
5.07661
5.07661
5.07661
5.07661
5.07661
5.07661
5.07661
5.07661
5.07661
5.07661
5.07661
5.07661
1.69219
1.69219
1.69218
1.69218
1.69218
1.69218
1.69218
1.69218
1.69218
1.69219
1.69219
1.69218
1.69218
1.69218
1.69218
1.69218
1.69218
1.69218
1.69218
1.69218
1.69218
1.69218
1.69218
1.69218
1.69218
1.69218
1.69218
1.69218
1.69218
1.69218
1.69218
1.69218
1.69218
1.69218
1.69218
1.69218
1.69218
1.69218
1.69218
1.69218
1.69218
1.69218
1.69218
1.69218
1.69218
1.69218
1.69218
1.69218
1.69218
1.69218
1.69218
1.69218
1.69218
1.69218
1.69218
1.69218
1.69218
1.69218
1.69218
1.69218
1.69218
1.69218
1.69218
1.69218
1.69218
1.69218
1.69218
1.69218
1.69218
1.69218
1.69218
1.69218
1.69218
1.69218
1.69218
1.69218
1.69218
1.69218
1.69218
1.69218
1.69218
1.69218
1.69218
1.69218
1.69218
1.69218
1.69218
1.69218
1.69218
1.69218
1.69219
1.69218
1.69218
1.69218
1.69218
1.69218
1.69218
1.69218
1.69218
1.69219
)
;

boundaryField
{
    fixedWalls
    {
        type            zeroGradient;
    }
    inlet
    {
        type            fixedGradient;
        gradient        uniform 0;
    }
    outlet
    {
        type            fixedValue;
        value           uniform 0;
    }
}


// ************************************************************************* //
