/*--------------------------------*- C++ -*----------------------------------*\
| =========                 |                                                 |
| \\      /  F ield         | OpenFOAM: The Open Source CFD Toolbox           |
|  \\    /   O peration     | Version:  2106                                  |
|   \\  /    A nd           | Website:  www.openfoam.com                      |
|    \\/     M anipulation  |                                                 |
\*---------------------------------------------------------------------------*/
FoamFile
{
    version     2.0;
    format      ascii;
    arch        "LSB;label=32;scalar=64";
    class       volScalarField;
    location    "0.81";
    object      p;
}
// * * * * * * * * * * * * * * * * * * * * * * * * * * * * * * * * * * * * * //

dimensions      [0 2 -2 0 0 0 0];

internalField   nonuniform List<scalar> 
10000
(
98.2971
97.7165
97.352
97.0854
96.9473
96.9473
97.0854
97.352
97.7165
98.2971
89.1825
88.3348
87.7765
87.3818
87.1785
87.1785
87.3818
87.7765
88.3348
89.1825
81.6153
80.6398
80.0032
79.5596
79.3321
79.3321
79.5596
80.0032
80.6398
81.6153
76.3906
75.3884
74.7428
74.2996
74.0725
74.0725
74.2996
74.7428
75.3884
76.3906
72.4701
71.4752
70.8374
70.4083
70.1886
70.1886
70.4083
70.8375
71.4752
72.4701
69.2947
68.3268
67.7048
67.2966
67.088
67.088
67.2966
67.7048
68.3268
69.2947
66.6755
65.7555
65.1589
64.7778
64.5838
64.5838
64.7778
65.1589
65.7555
66.6755
64.5064
63.6575
63.0987
62.7502
62.5734
62.5734
62.7502
63.0987
63.6575
64.5064
62.7075
61.9459
61.4374
61.1262
60.9686
60.9686
61.1262
61.4374
61.9459
62.7075
61.2989
60.5374
60.0877
59.8141
59.6754
59.6754
59.8141
60.0877
60.5374
61.2989
62.4005
62.573
62.7606
62.8872
62.9527
62.9527
62.8872
62.7606
62.573
62.4005
62.8231
62.9176
63.0442
63.1253
63.1668
63.1668
63.1253
63.0442
62.9176
62.8231
62.8006
62.7978
62.8504
62.8786
62.8927
62.8927
62.8786
62.8504
62.7978
62.8006
62.3912
62.2984
62.2831
62.2647
62.2547
62.2547
62.2647
62.2831
62.2984
62.3912
61.7975
61.6308
61.5577
61.5019
61.4725
61.4725
61.5019
61.5577
61.6308
61.7975
61.1284
60.906
60.7861
60.7022
60.6585
60.6585
60.7022
60.7861
60.906
61.1284
60.4386
60.1807
60.027
59.9249
59.872
59.872
59.9249
60.027
60.1807
60.4386
59.7596
59.49
59.3179
59.2073
59.1501
59.1501
59.2073
59.3179
59.49
59.7596
59.1273
58.8618
58.6833
58.5712
58.513
58.513
58.5712
58.6833
58.8618
59.1273
58.6446
58.2972
58.1138
58.001
57.9422
57.9422
58.001
58.1138
58.2972
58.6446
57.8046
57.7903
57.7921
57.7887
57.7871
57.7871
57.7887
57.7921
57.7903
57.8046
58.2154
58.1989
58.2001
58.195
58.1924
58.1924
58.195
58.2001
58.1989
58.2154
58.5557
58.5207
58.5105
58.4957
58.4878
58.4878
58.4957
58.5105
58.5207
58.5557
58.6092
58.541
58.5088
58.4781
58.4617
58.4617
58.4781
58.5088
58.541
58.6092
58.4659
58.3626
58.306
58.2593
58.2346
58.2346
58.2593
58.306
58.3626
58.4659
58.22
58.0862
58.0073
57.9473
57.9157
57.9157
57.9473
58.0073
58.0862
58.22
57.9198
57.7637
57.6668
57.5974
57.561
57.561
57.5974
57.6668
57.7637
57.9198
57.592
57.4258
57.3175
57.2432
57.2044
57.2044
57.2432
57.3175
57.4258
57.592
57.2697
57.1008
56.9852
56.9086
56.8685
56.8685
56.9086
56.9852
57.1008
57.2697
57.0276
56.7947
56.6685
56.5881
56.5463
56.5463
56.5881
56.6685
56.7947
57.0276
53.1083
53.1281
53.153
53.169
53.1774
53.1774
53.169
53.153
53.1281
53.1083
53.3186
53.3421
53.3711
53.3894
53.3991
53.3991
53.3894
53.3711
53.3421
53.3186
53.4972
53.5185
53.5472
53.5647
53.5739
53.5739
53.5647
53.5472
53.5185
53.4972
53.5835
53.5945
53.6163
53.6285
53.6348
53.6348
53.6285
53.6163
53.5945
53.5835
53.5982
53.5949
53.6064
53.6111
53.6134
53.6134
53.6111
53.6064
53.5949
53.5982
53.5648
53.5467
53.5469
53.5438
53.5421
53.5421
53.5438
53.5469
53.5467
53.5648
53.497
53.4661
53.4556
53.4458
53.4405
53.4405
53.4458
53.4556
53.4661
53.497
53.4043
53.3654
53.3466
53.3319
53.3238
53.3238
53.3319
53.3466
53.3654
53.4043
53.305
53.2603
53.2333
53.2139
53.2034
53.2034
53.2139
53.2333
53.2603
53.305
53.244
53.1555
53.1146
53.0878
53.0737
53.0737
53.0878
53.1146
53.1555
53.244
49.9051
49.9052
49.9073
49.9074
49.9075
49.9075
49.9074
49.9073
49.9052
49.9051
50.0037
50.0075
50.0127
50.0149
50.0161
50.0161
50.0149
50.0127
50.0075
50.0037
50.1044
50.1096
50.1165
50.1196
50.1212
50.1212
50.1196
50.1165
50.1096
50.1044
50.173
50.1761
50.182
50.1839
50.1849
50.1849
50.1839
50.182
50.1761
50.173
50.2114
50.2102
50.2133
50.213
50.2126
50.2126
50.213
50.2133
50.2102
50.2114
50.2267
50.2202
50.2194
50.2164
50.2146
50.2146
50.2164
50.2194
50.2202
50.2267
50.2235
50.2118
50.2071
50.2015
50.1983
50.1983
50.2015
50.2071
50.2118
50.2235
50.2062
50.1909
50.1828
50.1751
50.1708
50.1708
50.1751
50.1828
50.1909
50.2062
50.1842
50.1655
50.153
50.143
50.1374
50.1374
50.143
50.153
50.1655
50.1842
50.179
50.1373
50.1167
50.1024
50.0948
50.0948
50.1024
50.1167
50.1373
50.179
46.6048
46.6078
46.6116
46.6137
46.6149
46.6149
46.6137
46.6116
46.6078
46.6048
46.6459
46.6508
46.6561
46.6594
46.6611
46.6611
46.6594
46.6561
46.6508
46.6459
46.6879
46.6939
46.7004
46.7045
46.7066
46.7066
46.7045
46.7004
46.6939
46.6879
46.7196
46.7254
46.7321
46.7361
46.7382
46.7382
46.7361
46.7321
46.7254
46.7196
46.7411
46.7457
46.7517
46.7551
46.7568
46.7568
46.7551
46.7517
46.7457
46.7411
46.7539
46.7566
46.7613
46.7636
46.7648
46.7648
46.7636
46.7613
46.7566
46.7539
46.7589
46.7596
46.7627
46.7639
46.7644
46.7644
46.7639
46.7627
46.7596
46.7589
46.7573
46.7564
46.758
46.758
46.7579
46.7579
46.758
46.758
46.7564
46.7573
46.7533
46.7506
46.7498
46.7484
46.7475
46.7475
46.7484
46.7498
46.7506
46.7533
46.7576
46.743
46.7372
46.733
46.7308
46.7308
46.733
46.7372
46.743
46.7576
43.4298
43.4302
43.4308
43.4309
43.431
43.431
43.4309
43.4308
43.4302
43.4298
43.4471
43.4484
43.4498
43.4505
43.4508
43.4508
43.4505
43.4498
43.4484
43.4471
43.4669
43.4689
43.471
43.4721
43.4727
43.4727
43.4721
43.471
43.4689
43.4669
43.4839
43.4863
43.4888
43.4901
43.4907
43.4907
43.4901
43.4888
43.4863
43.4839
43.4978
43.5001
43.5026
43.5038
43.5044
43.5044
43.5038
43.5026
43.5001
43.4978
43.5086
43.5105
43.5128
43.5137
43.5142
43.5142
43.5137
43.5128
43.5105
43.5086
43.5165
43.5179
43.5198
43.5204
43.5207
43.5207
43.5204
43.5198
43.5179
43.5165
43.5218
43.5228
43.5242
43.5245
43.5246
43.5246
43.5245
43.5242
43.5228
43.5218
43.5264
43.5267
43.5271
43.5268
43.5265
43.5265
43.5268
43.5271
43.5267
43.5264
43.5345
43.5296
43.5276
43.5261
43.5252
43.5252
43.5261
43.5276
43.5296
43.5345
40.2189
40.2195
40.2201
40.2205
40.2207
40.2207
40.2205
40.2201
40.2195
40.2189
40.2256
40.2265
40.2275
40.2281
40.2284
40.2284
40.2281
40.2275
40.2265
40.2256
40.2332
40.2345
40.2358
40.2366
40.2371
40.2371
40.2366
40.2358
40.2345
40.2332
40.2401
40.2417
40.2433
40.2442
40.2447
40.2447
40.2442
40.2432
40.2417
40.2401
40.2462
40.2479
40.2495
40.2505
40.2511
40.2511
40.2505
40.2495
40.2479
40.2462
40.2514
40.253
40.2546
40.2556
40.2561
40.2561
40.2556
40.2546
40.253
40.2514
40.2554
40.2569
40.2585
40.2593
40.2597
40.2597
40.2593
40.2585
40.2569
40.2554
40.2585
40.2598
40.2612
40.2619
40.2622
40.2622
40.2619
40.2612
40.2598
40.2585
40.2611
40.2622
40.2632
40.2636
40.2637
40.2637
40.2636
40.2632
40.2622
40.2611
40.2654
40.2641
40.2639
40.2637
40.2636
40.2636
40.2637
40.2639
40.2641
40.2654
37.0151
37.0152
37.0153
37.0154
37.0154
37.0154
37.0154
37.0153
37.0152
37.0151
37.0176
37.0179
37.0181
37.0183
37.0183
37.0183
37.0183
37.0181
37.0179
37.0176
37.0208
37.0213
37.0217
37.0219
37.0221
37.0221
37.0219
37.0217
37.0213
37.0208
37.024
37.0247
37.0253
37.0256
37.0258
37.0258
37.0256
37.0253
37.0247
37.024
37.0272
37.028
37.0287
37.0291
37.0293
37.0293
37.0291
37.0287
37.028
37.0272
37.0302
37.031
37.0318
37.0322
37.0324
37.0324
37.0322
37.0318
37.031
37.0302
37.0329
37.0338
37.0346
37.035
37.0352
37.0352
37.035
37.0346
37.0338
37.0329
37.0354
37.0363
37.037
37.0374
37.0376
37.0376
37.0374
37.037
37.0363
37.0354
37.0378
37.0386
37.0392
37.0395
37.0396
37.0396
37.0395
37.0392
37.0386
37.0378
37.0408
37.0407
37.0409
37.0409
37.041
37.041
37.0409
37.0409
37.0407
37.0408
33.8006
33.8007
33.8008
33.8009
33.8009
33.8009
33.8009
33.8008
33.8007
33.8006
33.8014
33.8016
33.8017
33.8018
33.8019
33.8019
33.8018
33.8017
33.8016
33.8014
33.8025
33.8027
33.803
33.8031
33.8032
33.8032
33.8031
33.803
33.8027
33.8025
33.8037
33.804
33.8043
33.8045
33.8046
33.8046
33.8045
33.8043
33.804
33.8037
33.8049
33.8053
33.8057
33.8059
33.8061
33.8061
33.8059
33.8057
33.8053
33.8049
33.8062
33.8067
33.8071
33.8073
33.8074
33.8074
33.8073
33.8071
33.8067
33.8062
33.8074
33.8079
33.8083
33.8086
33.8087
33.8087
33.8086
33.8083
33.8079
33.8074
33.8085
33.809
33.8095
33.8097
33.8098
33.8098
33.8097
33.8095
33.809
33.8085
33.8096
33.8101
33.8105
33.8107
33.8108
33.8108
33.8107
33.8105
33.8101
33.8096
33.8109
33.8111
33.8113
33.8114
33.8114
33.8114
33.8114
33.8113
33.8111
33.8109
30.585
30.585
30.585
30.585
30.585
30.585
30.585
30.585
30.585
30.585
30.5852
30.5853
30.5853
30.5853
30.5853
30.5853
30.5853
30.5853
30.5853
30.5852
30.5856
30.5857
30.5857
30.5858
30.5858
30.5858
30.5858
30.5857
30.5857
30.5856
30.5861
30.5862
30.5863
30.5864
30.5864
30.5864
30.5864
30.5863
30.5862
30.5861
30.5867
30.5868
30.587
30.5871
30.5871
30.5871
30.5871
30.587
30.5868
30.5867
30.5873
30.5875
30.5877
30.5878
30.5878
30.5878
30.5878
30.5877
30.5875
30.5873
30.5879
30.5882
30.5884
30.5885
30.5886
30.5886
30.5885
30.5884
30.5882
30.5879
30.5886
30.5889
30.5891
30.5892
30.5893
30.5893
30.5892
30.5891
30.5889
30.5886
30.5893
30.5895
30.5897
30.5899
30.5899
30.5899
30.5899
30.5897
30.5895
30.5893
30.59
30.5902
30.5903
30.5904
30.5905
30.5905
30.5904
30.5903
30.5902
30.59
27.3667
27.3667
27.3667
27.3667
27.3667
27.3667
27.3667
27.3667
27.3667
27.3667
27.3667
27.3667
27.3667
27.3667
27.3668
27.3668
27.3667
27.3667
27.3667
27.3667
27.3668
27.3668
27.3668
27.3669
27.3669
27.3669
27.3669
27.3668
27.3668
27.3668
27.3669
27.367
27.367
27.3671
27.3671
27.3671
27.3671
27.367
27.367
27.3669
27.3671
27.3672
27.3673
27.3673
27.3673
27.3673
27.3673
27.3673
27.3672
27.3671
27.3674
27.3675
27.3675
27.3676
27.3676
27.3676
27.3676
27.3675
27.3675
27.3674
27.3676
27.3677
27.3678
27.3679
27.3679
27.3679
27.3679
27.3678
27.3677
27.3676
27.3679
27.368
27.3681
27.3682
27.3682
27.3682
27.3682
27.3681
27.368
27.3679
27.3682
27.3683
27.3684
27.3685
27.3685
27.3685
27.3685
27.3684
27.3683
27.3682
27.3685
27.3686
27.3687
27.3687
27.3687
27.3687
27.3687
27.3687
27.3686
27.3685
24.1478
24.1478
24.1478
24.1478
24.1478
24.1478
24.1478
24.1478
24.1478
24.1478
24.1478
24.1478
24.1478
24.1478
24.1478
24.1478
24.1478
24.1478
24.1478
24.1478
24.1478
24.1478
24.1478
24.1478
24.1478
24.1478
24.1478
24.1478
24.1478
24.1478
24.1478
24.1478
24.1478
24.1479
24.1479
24.1479
24.1479
24.1478
24.1478
24.1478
24.1479
24.1479
24.148
24.148
24.148
24.148
24.148
24.148
24.1479
24.1479
24.148
24.148
24.1481
24.1481
24.1481
24.1481
24.1481
24.1481
24.148
24.148
24.1481
24.1482
24.1482
24.1482
24.1483
24.1483
24.1482
24.1482
24.1482
24.1481
24.1483
24.1483
24.1484
24.1484
24.1484
24.1484
24.1484
24.1484
24.1483
24.1483
24.1484
24.1485
24.1485
24.1486
24.1486
24.1486
24.1486
24.1485
24.1485
24.1484
24.1486
24.1486
24.1487
24.1487
24.1487
24.1487
24.1487
24.1487
24.1486
24.1486
20.9283
20.9283
20.9283
20.9283
20.9283
20.9283
20.9283
20.9283
20.9283
20.9283
20.9283
20.9283
20.9283
20.9283
20.9283
20.9283
20.9283
20.9283
20.9283
20.9283
20.9283
20.9283
20.9283
20.9283
20.9283
20.9283
20.9283
20.9283
20.9283
20.9283
20.9283
20.9283
20.9283
20.9283
20.9283
20.9283
20.9283
20.9283
20.9283
20.9283
20.9283
20.9283
20.9283
20.9283
20.9283
20.9283
20.9283
20.9283
20.9283
20.9283
20.9283
20.9283
20.9284
20.9284
20.9284
20.9284
20.9284
20.9284
20.9283
20.9283
20.9284
20.9284
20.9284
20.9284
20.9284
20.9284
20.9284
20.9284
20.9284
20.9284
20.9284
20.9284
20.9285
20.9285
20.9285
20.9285
20.9285
20.9285
20.9284
20.9284
20.9285
20.9285
20.9285
20.9285
20.9285
20.9285
20.9285
20.9285
20.9285
20.9285
20.9285
20.9286
20.9286
20.9286
20.9286
20.9286
20.9286
20.9286
20.9286
20.9285
17.7087
17.7087
17.7087
17.7087
17.7087
17.7087
17.7087
17.7087
17.7087
17.7087
17.7087
17.7087
17.7087
17.7087
17.7087
17.7087
17.7087
17.7087
17.7087
17.7087
17.7087
17.7087
17.7087
17.7087
17.7087
17.7087
17.7087
17.7087
17.7087
17.7087
17.7087
17.7087
17.7087
17.7087
17.7087
17.7087
17.7087
17.7087
17.7087
17.7087
17.7087
17.7087
17.7087
17.7087
17.7087
17.7087
17.7087
17.7087
17.7087
17.7087
17.7087
17.7087
17.7087
17.7087
17.7087
17.7087
17.7087
17.7087
17.7087
17.7087
17.7087
17.7087
17.7087
17.7087
17.7087
17.7087
17.7087
17.7087
17.7087
17.7087
17.7087
17.7087
17.7087
17.7087
17.7087
17.7087
17.7087
17.7087
17.7087
17.7087
17.7087
17.7088
17.7088
17.7088
17.7088
17.7088
17.7088
17.7088
17.7088
17.7087
17.7088
17.7088
17.7088
17.7088
17.7088
17.7088
17.7088
17.7088
17.7088
17.7088
14.489
14.489
14.489
14.489
14.489
14.489
14.489
14.489
14.489
14.489
14.4889
14.4889
14.4889
14.4889
14.4889
14.4889
14.4889
14.4889
14.4889
14.4889
14.4889
14.4889
14.4889
14.4889
14.4889
14.4889
14.4889
14.4889
14.4889
14.4889
14.4889
14.4889
14.4889
14.4889
14.4889
14.4889
14.4889
14.4889
14.4889
14.4889
14.4889
14.4889
14.4889
14.4889
14.4889
14.4889
14.4889
14.4889
14.4889
14.4889
14.4889
14.4889
14.4889
14.4889
14.4889
14.4889
14.4889
14.4889
14.4889
14.4889
14.4889
14.4889
14.4889
14.4889
14.4889
14.4889
14.4889
14.4889
14.4889
14.4889
14.4889
14.489
14.489
14.489
14.489
14.489
14.489
14.489
14.489
14.4889
14.489
14.489
14.489
14.489
14.489
14.489
14.489
14.489
14.489
14.489
14.489
14.489
14.489
14.489
14.489
14.489
14.489
14.489
14.489
14.489
11.2692
11.2692
11.2692
11.2692
11.2692
11.2692
11.2692
11.2692
11.2692
11.2692
11.2692
11.2692
11.2692
11.2692
11.2692
11.2692
11.2692
11.2692
11.2692
11.2692
11.2692
11.2692
11.2692
11.2692
11.2692
11.2692
11.2692
11.2692
11.2692
11.2692
11.2692
11.2692
11.2692
11.2692
11.2692
11.2692
11.2692
11.2692
11.2692
11.2692
11.2692
11.2692
11.2692
11.2692
11.2692
11.2692
11.2692
11.2692
11.2692
11.2692
11.2692
11.2692
11.2692
11.2692
11.2692
11.2692
11.2692
11.2692
11.2692
11.2692
11.2692
11.2692
11.2692
11.2692
11.2692
11.2692
11.2692
11.2692
11.2692
11.2692
11.2692
11.2692
11.2692
11.2692
11.2692
11.2692
11.2692
11.2692
11.2692
11.2692
11.2692
11.2692
11.2692
11.2692
11.2692
11.2692
11.2692
11.2692
11.2692
11.2692
11.2692
11.2692
11.2692
11.2692
11.2692
11.2692
11.2692
11.2692
11.2692
11.2692
8.04943
8.04943
8.04943
8.04943
8.04943
8.04943
8.04943
8.04943
8.04943
8.04943
8.04943
8.04943
8.04943
8.04943
8.04943
8.04943
8.04943
8.04943
8.04943
8.04943
8.04943
8.04943
8.04943
8.04943
8.04943
8.04943
8.04943
8.04943
8.04943
8.04943
8.04943
8.04943
8.04943
8.04943
8.04943
8.04943
8.04943
8.04943
8.04943
8.04943
8.04943
8.04943
8.04943
8.04943
8.04943
8.04943
8.04943
8.04943
8.04943
8.04943
8.04943
8.04943
8.04943
8.04943
8.04943
8.04943
8.04943
8.04943
8.04943
8.04943
8.04943
8.04943
8.04943
8.04943
8.04943
8.04943
8.04943
8.04943
8.04943
8.04943
8.04943
8.04943
8.04943
8.04943
8.04943
8.04943
8.04943
8.04943
8.04943
8.04943
8.04943
8.04943
8.04943
8.04943
8.04943
8.04943
8.04943
8.04943
8.04943
8.04943
8.04943
8.04943
8.04943
8.04943
8.04943
8.04943
8.04943
8.04943
8.04943
8.04943
4.82966
4.82966
4.82966
4.82966
4.82966
4.82966
4.82966
4.82966
4.82966
4.82966
4.82966
4.82966
4.82966
4.82966
4.82966
4.82966
4.82966
4.82966
4.82966
4.82966
4.82966
4.82966
4.82966
4.82966
4.82966
4.82966
4.82966
4.82966
4.82966
4.82966
4.82966
4.82966
4.82966
4.82966
4.82966
4.82966
4.82966
4.82966
4.82966
4.82966
4.82966
4.82966
4.82966
4.82966
4.82966
4.82966
4.82966
4.82966
4.82966
4.82966
4.82966
4.82966
4.82966
4.82966
4.82966
4.82966
4.82966
4.82966
4.82966
4.82966
4.82966
4.82966
4.82966
4.82966
4.82966
4.82966
4.82966
4.82966
4.82966
4.82966
4.82966
4.82966
4.82966
4.82966
4.82966
4.82966
4.82966
4.82966
4.82966
4.82966
4.82966
4.82966
4.82966
4.82966
4.82966
4.82966
4.82966
4.82966
4.82966
4.82966
4.82966
4.82966
4.82966
4.82966
4.82966
4.82966
4.82966
4.82966
4.82966
4.82966
1.60989
1.60989
1.60989
1.60989
1.60989
1.60989
1.60989
1.60989
1.60989
1.60989
1.60989
1.60989
1.60989
1.60989
1.60989
1.60989
1.60989
1.60989
1.60989
1.60989
1.60989
1.60989
1.60989
1.60989
1.60989
1.60989
1.60989
1.60989
1.60989
1.60989
1.60989
1.60989
1.60989
1.60989
1.60989
1.60989
1.60989
1.60989
1.60989
1.60989
1.60989
1.60989
1.60989
1.60989
1.60989
1.60989
1.60989
1.60989
1.60989
1.60989
1.60989
1.60989
1.60989
1.60989
1.60989
1.60989
1.60989
1.60989
1.60989
1.60989
1.60989
1.60989
1.60989
1.60989
1.60989
1.60989
1.60989
1.60989
1.60989
1.60989
1.60989
1.60989
1.60989
1.60989
1.60989
1.60989
1.60989
1.60989
1.60989
1.60989
1.60989
1.60989
1.60989
1.60989
1.60989
1.60989
1.60989
1.60989
1.60989
1.60989
1.60989
1.60989
1.60989
1.60989
1.60988
1.60988
1.60989
1.60989
1.60989
1.60989
98.2971
97.7165
97.352
97.0854
96.9473
96.9473
97.0854
97.352
97.7165
98.2971
89.1825
88.3348
87.7765
87.3818
87.1785
87.1785
87.3818
87.7765
88.3348
89.1825
81.6153
80.6398
80.0032
79.5596
79.3321
79.3321
79.5596
80.0032
80.6398
81.6153
76.3906
75.3884
74.7428
74.2996
74.0725
74.0725
74.2996
74.7428
75.3884
76.3906
72.4701
71.4752
70.8375
70.4083
70.1886
70.1886
70.4083
70.8375
71.4752
72.4701
69.2947
68.3268
67.7048
67.2966
67.088
67.088
67.2966
67.7048
68.3268
69.2947
66.6755
65.7555
65.1589
64.7778
64.5838
64.5838
64.7778
65.1589
65.7555
66.6755
64.5064
63.6575
63.0987
62.7502
62.5734
62.5734
62.7502
63.0987
63.6575
64.5064
62.7075
61.9459
61.4374
61.1262
60.9686
60.9686
61.1262
61.4374
61.9459
62.7075
61.2989
60.5374
60.0877
59.8141
59.6754
59.6754
59.814
60.0877
60.5374
61.2989
62.4005
62.573
62.7606
62.8872
62.9527
62.9527
62.8872
62.7606
62.573
62.4005
62.8231
62.9176
63.0442
63.1253
63.1668
63.1668
63.1253
63.0442
62.9176
62.8231
62.8006
62.7978
62.8504
62.8786
62.8927
62.8927
62.8786
62.8504
62.7978
62.8006
62.3912
62.2984
62.2831
62.2647
62.2547
62.2547
62.2647
62.2831
62.2984
62.3912
61.7975
61.6308
61.5577
61.5019
61.4725
61.4725
61.5019
61.5577
61.6308
61.7975
61.1284
60.906
60.7861
60.7022
60.6585
60.6585
60.7022
60.7861
60.906
61.1284
60.4386
60.1807
60.027
59.9249
59.872
59.872
59.9249
60.027
60.1807
60.4386
59.7596
59.49
59.3179
59.2073
59.1501
59.1501
59.2073
59.3179
59.49
59.7596
59.1273
58.8618
58.6833
58.5712
58.513
58.513
58.5712
58.6833
58.8618
59.1273
58.6446
58.2972
58.1138
58.001
57.9422
57.9422
58.001
58.1138
58.2972
58.6446
57.8046
57.7903
57.7921
57.7887
57.7871
57.7871
57.7887
57.7921
57.7903
57.8046
58.2154
58.1989
58.2001
58.195
58.1924
58.1924
58.195
58.2001
58.1989
58.2154
58.5557
58.5207
58.5105
58.4957
58.4878
58.4878
58.4957
58.5105
58.5207
58.5557
58.6092
58.541
58.5088
58.4781
58.4617
58.4617
58.4781
58.5088
58.541
58.6092
58.4659
58.3626
58.306
58.2593
58.2346
58.2346
58.2593
58.306
58.3626
58.4659
58.22
58.0862
58.0073
57.9473
57.9157
57.9157
57.9473
58.0073
58.0862
58.22
57.9198
57.7637
57.6668
57.5974
57.561
57.561
57.5974
57.6668
57.7637
57.9198
57.592
57.4258
57.3175
57.2432
57.2044
57.2044
57.2432
57.3175
57.4258
57.592
57.2697
57.1008
56.9852
56.9086
56.8685
56.8685
56.9086
56.9852
57.1008
57.2697
57.0276
56.7947
56.6685
56.5881
56.5463
56.5463
56.5881
56.6685
56.7947
57.0276
53.1083
53.1281
53.153
53.169
53.1774
53.1774
53.169
53.153
53.1281
53.1083
53.3186
53.3421
53.3711
53.3894
53.3991
53.3991
53.3894
53.3711
53.3421
53.3186
53.4972
53.5185
53.5472
53.5647
53.5739
53.5739
53.5647
53.5472
53.5185
53.4972
53.5835
53.5945
53.6163
53.6285
53.6348
53.6348
53.6285
53.6163
53.5945
53.5835
53.5982
53.5949
53.6064
53.6111
53.6134
53.6134
53.6111
53.6064
53.5949
53.5982
53.5648
53.5467
53.5469
53.5438
53.5421
53.5421
53.5438
53.5469
53.5467
53.5648
53.497
53.4661
53.4556
53.4458
53.4405
53.4405
53.4458
53.4556
53.4661
53.497
53.4043
53.3654
53.3466
53.3319
53.3238
53.3238
53.3319
53.3466
53.3654
53.4043
53.305
53.2603
53.2333
53.2139
53.2034
53.2034
53.2139
53.2333
53.2603
53.305
53.244
53.1555
53.1146
53.0878
53.0737
53.0737
53.0878
53.1146
53.1555
53.244
49.9051
49.9052
49.9073
49.9074
49.9075
49.9075
49.9074
49.9073
49.9052
49.9051
50.0037
50.0075
50.0127
50.0149
50.0161
50.0161
50.0149
50.0127
50.0075
50.0037
50.1044
50.1096
50.1165
50.1196
50.1212
50.1212
50.1196
50.1165
50.1096
50.1044
50.173
50.1761
50.182
50.1839
50.1849
50.1849
50.1839
50.182
50.1761
50.173
50.2114
50.2102
50.2133
50.213
50.2126
50.2126
50.213
50.2133
50.2102
50.2114
50.2267
50.2202
50.2194
50.2164
50.2146
50.2146
50.2164
50.2194
50.2202
50.2267
50.2235
50.2118
50.2071
50.2015
50.1984
50.1984
50.2015
50.2071
50.2119
50.2235
50.2062
50.1909
50.1828
50.1751
50.1708
50.1708
50.1751
50.1828
50.1909
50.2062
50.1842
50.1655
50.153
50.143
50.1374
50.1374
50.143
50.153
50.1655
50.1842
50.179
50.1373
50.1167
50.1024
50.0948
50.0948
50.1024
50.1167
50.1373
50.179
46.6048
46.6078
46.6116
46.6137
46.6149
46.6149
46.6137
46.6116
46.6078
46.6048
46.6459
46.6508
46.6561
46.6594
46.6611
46.6611
46.6594
46.6561
46.6508
46.6459
46.6879
46.6939
46.7004
46.7045
46.7066
46.7066
46.7045
46.7004
46.6939
46.6879
46.7196
46.7254
46.7321
46.7361
46.7382
46.7382
46.7361
46.7321
46.7254
46.7196
46.7411
46.7457
46.7517
46.7551
46.7568
46.7568
46.7551
46.7517
46.7457
46.7411
46.7539
46.7566
46.7613
46.7636
46.7648
46.7648
46.7636
46.7613
46.7566
46.7539
46.7589
46.7596
46.7627
46.7639
46.7644
46.7644
46.7639
46.7627
46.7596
46.7589
46.7573
46.7564
46.758
46.758
46.7579
46.7579
46.758
46.758
46.7564
46.7573
46.7533
46.7506
46.7498
46.7484
46.7475
46.7475
46.7484
46.7498
46.7506
46.7533
46.7576
46.743
46.7372
46.733
46.7308
46.7308
46.733
46.7372
46.7431
46.7576
43.4298
43.4302
43.4308
43.4309
43.431
43.431
43.4309
43.4308
43.4302
43.4298
43.4471
43.4484
43.4498
43.4505
43.4508
43.4508
43.4505
43.4498
43.4484
43.4471
43.4669
43.4689
43.471
43.4721
43.4727
43.4727
43.4721
43.471
43.4689
43.4669
43.4839
43.4863
43.4888
43.4901
43.4907
43.4907
43.4901
43.4888
43.4863
43.4839
43.4978
43.5001
43.5026
43.5038
43.5044
43.5044
43.5038
43.5026
43.5001
43.4978
43.5086
43.5105
43.5128
43.5137
43.5142
43.5142
43.5137
43.5128
43.5105
43.5086
43.5165
43.5179
43.5198
43.5204
43.5207
43.5207
43.5204
43.5198
43.5179
43.5165
43.5218
43.5228
43.5242
43.5245
43.5246
43.5246
43.5245
43.5242
43.5228
43.5218
43.5264
43.5267
43.5271
43.5268
43.5265
43.5265
43.5268
43.5271
43.5267
43.5264
43.5345
43.5296
43.5276
43.5261
43.5252
43.5252
43.5261
43.5276
43.5296
43.5345
40.2189
40.2195
40.2201
40.2205
40.2207
40.2207
40.2205
40.2201
40.2195
40.2189
40.2256
40.2265
40.2275
40.2281
40.2284
40.2284
40.2281
40.2275
40.2265
40.2256
40.2332
40.2345
40.2358
40.2366
40.2371
40.2371
40.2366
40.2358
40.2345
40.2332
40.2401
40.2417
40.2432
40.2442
40.2447
40.2447
40.2442
40.2432
40.2417
40.2401
40.2462
40.2479
40.2495
40.2505
40.2511
40.2511
40.2505
40.2495
40.2479
40.2462
40.2514
40.253
40.2546
40.2556
40.2561
40.2561
40.2556
40.2546
40.253
40.2514
40.2554
40.2569
40.2585
40.2593
40.2597
40.2597
40.2593
40.2585
40.2569
40.2554
40.2585
40.2598
40.2612
40.2619
40.2622
40.2622
40.2619
40.2612
40.2598
40.2585
40.2611
40.2622
40.2632
40.2636
40.2637
40.2637
40.2636
40.2632
40.2622
40.2611
40.2654
40.2641
40.2639
40.2637
40.2636
40.2636
40.2637
40.2639
40.2641
40.2654
37.0151
37.0152
37.0153
37.0154
37.0154
37.0154
37.0154
37.0153
37.0152
37.0151
37.0176
37.0179
37.0181
37.0183
37.0183
37.0183
37.0183
37.0181
37.0179
37.0176
37.0208
37.0213
37.0217
37.0219
37.0221
37.0221
37.0219
37.0217
37.0213
37.0208
37.024
37.0247
37.0253
37.0256
37.0258
37.0258
37.0256
37.0253
37.0247
37.024
37.0272
37.028
37.0287
37.0291
37.0293
37.0293
37.0291
37.0287
37.028
37.0272
37.0302
37.031
37.0318
37.0322
37.0324
37.0324
37.0322
37.0318
37.031
37.0302
37.0329
37.0338
37.0346
37.035
37.0352
37.0352
37.035
37.0346
37.0338
37.0329
37.0354
37.0363
37.037
37.0374
37.0376
37.0376
37.0374
37.037
37.0363
37.0354
37.0378
37.0386
37.0392
37.0395
37.0396
37.0396
37.0395
37.0392
37.0386
37.0378
37.0408
37.0407
37.0409
37.0409
37.041
37.041
37.0409
37.0409
37.0407
37.0408
33.8006
33.8007
33.8008
33.8009
33.8009
33.8009
33.8009
33.8008
33.8007
33.8006
33.8014
33.8016
33.8017
33.8018
33.8019
33.8019
33.8018
33.8017
33.8016
33.8014
33.8025
33.8027
33.803
33.8031
33.8032
33.8032
33.8031
33.803
33.8027
33.8025
33.8037
33.804
33.8043
33.8045
33.8046
33.8046
33.8045
33.8043
33.804
33.8037
33.8049
33.8053
33.8057
33.8059
33.8061
33.8061
33.8059
33.8057
33.8053
33.8049
33.8062
33.8067
33.8071
33.8073
33.8074
33.8074
33.8073
33.8071
33.8067
33.8062
33.8074
33.8079
33.8083
33.8086
33.8087
33.8087
33.8086
33.8083
33.8079
33.8074
33.8085
33.809
33.8095
33.8097
33.8098
33.8098
33.8097
33.8095
33.809
33.8085
33.8096
33.8101
33.8105
33.8107
33.8108
33.8108
33.8107
33.8105
33.8101
33.8096
33.8109
33.8111
33.8113
33.8114
33.8114
33.8114
33.8114
33.8113
33.8111
33.8109
30.585
30.585
30.585
30.585
30.585
30.585
30.585
30.585
30.585
30.585
30.5852
30.5853
30.5853
30.5853
30.5853
30.5853
30.5853
30.5853
30.5853
30.5852
30.5856
30.5857
30.5857
30.5858
30.5858
30.5858
30.5858
30.5857
30.5857
30.5856
30.5861
30.5862
30.5863
30.5864
30.5864
30.5864
30.5864
30.5863
30.5862
30.5861
30.5867
30.5868
30.587
30.5871
30.5871
30.5871
30.5871
30.587
30.5868
30.5867
30.5873
30.5875
30.5877
30.5878
30.5878
30.5878
30.5878
30.5877
30.5875
30.5873
30.5879
30.5882
30.5884
30.5885
30.5886
30.5886
30.5885
30.5884
30.5882
30.5879
30.5886
30.5889
30.5891
30.5892
30.5893
30.5893
30.5892
30.5891
30.5889
30.5886
30.5893
30.5895
30.5897
30.5899
30.5899
30.5899
30.5899
30.5897
30.5895
30.5893
30.59
30.5902
30.5903
30.5904
30.5905
30.5905
30.5904
30.5903
30.5902
30.59
27.3667
27.3667
27.3667
27.3667
27.3667
27.3667
27.3667
27.3667
27.3667
27.3667
27.3667
27.3667
27.3667
27.3667
27.3668
27.3668
27.3667
27.3667
27.3667
27.3667
27.3668
27.3668
27.3668
27.3669
27.3669
27.3669
27.3669
27.3668
27.3668
27.3668
27.3669
27.367
27.367
27.3671
27.3671
27.3671
27.3671
27.367
27.367
27.3669
27.3671
27.3672
27.3673
27.3673
27.3673
27.3673
27.3673
27.3673
27.3672
27.3671
27.3674
27.3675
27.3675
27.3676
27.3676
27.3676
27.3676
27.3675
27.3675
27.3674
27.3676
27.3677
27.3678
27.3679
27.3679
27.3679
27.3679
27.3678
27.3677
27.3676
27.3679
27.368
27.3681
27.3682
27.3682
27.3682
27.3682
27.3681
27.368
27.3679
27.3682
27.3683
27.3684
27.3685
27.3685
27.3685
27.3685
27.3684
27.3683
27.3682
27.3685
27.3686
27.3687
27.3687
27.3687
27.3687
27.3687
27.3687
27.3686
27.3685
24.1478
24.1478
24.1478
24.1478
24.1478
24.1478
24.1478
24.1478
24.1478
24.1478
24.1478
24.1478
24.1478
24.1478
24.1478
24.1478
24.1478
24.1478
24.1478
24.1478
24.1478
24.1478
24.1478
24.1478
24.1478
24.1478
24.1478
24.1478
24.1478
24.1478
24.1478
24.1478
24.1478
24.1479
24.1479
24.1479
24.1479
24.1478
24.1478
24.1478
24.1479
24.1479
24.148
24.148
24.148
24.148
24.148
24.148
24.1479
24.1479
24.148
24.148
24.1481
24.1481
24.1481
24.1481
24.1481
24.1481
24.148
24.148
24.1481
24.1482
24.1482
24.1482
24.1483
24.1483
24.1482
24.1482
24.1482
24.1481
24.1483
24.1483
24.1484
24.1484
24.1484
24.1484
24.1484
24.1484
24.1483
24.1483
24.1484
24.1485
24.1485
24.1486
24.1486
24.1486
24.1486
24.1485
24.1485
24.1484
24.1486
24.1486
24.1487
24.1487
24.1487
24.1487
24.1487
24.1487
24.1486
24.1486
20.9283
20.9283
20.9283
20.9283
20.9283
20.9283
20.9283
20.9283
20.9283
20.9283
20.9283
20.9283
20.9283
20.9283
20.9283
20.9283
20.9283
20.9283
20.9283
20.9283
20.9283
20.9283
20.9283
20.9283
20.9283
20.9283
20.9283
20.9283
20.9283
20.9283
20.9283
20.9283
20.9283
20.9283
20.9283
20.9283
20.9283
20.9283
20.9283
20.9283
20.9283
20.9283
20.9283
20.9283
20.9283
20.9283
20.9283
20.9283
20.9283
20.9283
20.9283
20.9283
20.9284
20.9284
20.9284
20.9284
20.9284
20.9284
20.9283
20.9283
20.9284
20.9284
20.9284
20.9284
20.9284
20.9284
20.9284
20.9284
20.9284
20.9284
20.9284
20.9284
20.9285
20.9285
20.9285
20.9285
20.9285
20.9285
20.9284
20.9284
20.9285
20.9285
20.9285
20.9285
20.9285
20.9285
20.9285
20.9285
20.9285
20.9285
20.9285
20.9286
20.9286
20.9286
20.9286
20.9286
20.9286
20.9286
20.9286
20.9285
17.7087
17.7087
17.7087
17.7087
17.7087
17.7087
17.7087
17.7087
17.7087
17.7087
17.7087
17.7087
17.7087
17.7087
17.7087
17.7087
17.7087
17.7087
17.7087
17.7087
17.7087
17.7087
17.7087
17.7087
17.7087
17.7087
17.7087
17.7087
17.7087
17.7087
17.7087
17.7087
17.7087
17.7087
17.7087
17.7087
17.7087
17.7087
17.7087
17.7087
17.7087
17.7087
17.7087
17.7087
17.7087
17.7087
17.7087
17.7087
17.7087
17.7087
17.7087
17.7087
17.7087
17.7087
17.7087
17.7087
17.7087
17.7087
17.7087
17.7087
17.7087
17.7087
17.7087
17.7087
17.7087
17.7087
17.7087
17.7087
17.7087
17.7087
17.7087
17.7087
17.7087
17.7087
17.7087
17.7087
17.7087
17.7087
17.7087
17.7087
17.7087
17.7088
17.7088
17.7088
17.7088
17.7088
17.7088
17.7088
17.7088
17.7087
17.7088
17.7088
17.7088
17.7088
17.7088
17.7088
17.7088
17.7088
17.7088
17.7088
14.489
14.489
14.489
14.489
14.489
14.489
14.489
14.489
14.489
14.489
14.4889
14.4889
14.4889
14.4889
14.4889
14.4889
14.4889
14.4889
14.4889
14.4889
14.4889
14.4889
14.4889
14.4889
14.4889
14.4889
14.4889
14.4889
14.4889
14.4889
14.4889
14.4889
14.4889
14.4889
14.4889
14.4889
14.4889
14.4889
14.4889
14.4889
14.4889
14.4889
14.4889
14.4889
14.4889
14.4889
14.4889
14.4889
14.4889
14.4889
14.4889
14.4889
14.4889
14.4889
14.4889
14.4889
14.4889
14.4889
14.4889
14.4889
14.4889
14.4889
14.4889
14.4889
14.4889
14.4889
14.4889
14.4889
14.4889
14.4889
14.4889
14.489
14.489
14.489
14.489
14.489
14.489
14.489
14.489
14.4889
14.489
14.489
14.489
14.489
14.489
14.489
14.489
14.489
14.489
14.489
14.489
14.489
14.489
14.489
14.489
14.489
14.489
14.489
14.489
14.489
11.2692
11.2692
11.2692
11.2692
11.2692
11.2692
11.2692
11.2692
11.2692
11.2692
11.2692
11.2692
11.2692
11.2692
11.2692
11.2692
11.2692
11.2692
11.2692
11.2692
11.2692
11.2692
11.2692
11.2692
11.2692
11.2692
11.2692
11.2692
11.2692
11.2692
11.2692
11.2692
11.2692
11.2692
11.2692
11.2692
11.2692
11.2692
11.2692
11.2692
11.2692
11.2692
11.2692
11.2692
11.2692
11.2692
11.2692
11.2692
11.2692
11.2692
11.2692
11.2692
11.2692
11.2692
11.2692
11.2692
11.2692
11.2692
11.2692
11.2692
11.2692
11.2692
11.2692
11.2692
11.2692
11.2692
11.2692
11.2692
11.2692
11.2692
11.2692
11.2692
11.2692
11.2692
11.2692
11.2692
11.2692
11.2692
11.2692
11.2692
11.2692
11.2692
11.2692
11.2692
11.2692
11.2692
11.2692
11.2692
11.2692
11.2692
11.2692
11.2692
11.2692
11.2692
11.2692
11.2692
11.2692
11.2692
11.2692
11.2692
8.04943
8.04943
8.04943
8.04943
8.04943
8.04943
8.04943
8.04943
8.04943
8.04943
8.04943
8.04943
8.04943
8.04943
8.04943
8.04943
8.04943
8.04943
8.04943
8.04943
8.04943
8.04943
8.04943
8.04943
8.04943
8.04943
8.04943
8.04943
8.04943
8.04943
8.04943
8.04943
8.04943
8.04943
8.04943
8.04943
8.04943
8.04943
8.04943
8.04943
8.04943
8.04943
8.04943
8.04943
8.04943
8.04943
8.04943
8.04943
8.04943
8.04943
8.04943
8.04943
8.04943
8.04943
8.04943
8.04943
8.04943
8.04943
8.04943
8.04943
8.04943
8.04943
8.04943
8.04943
8.04943
8.04943
8.04943
8.04943
8.04943
8.04943
8.04943
8.04943
8.04943
8.04943
8.04943
8.04943
8.04943
8.04943
8.04943
8.04943
8.04943
8.04943
8.04943
8.04943
8.04943
8.04943
8.04943
8.04943
8.04943
8.04943
8.04943
8.04943
8.04943
8.04943
8.04943
8.04943
8.04943
8.04943
8.04943
8.04943
4.82966
4.82966
4.82966
4.82966
4.82966
4.82966
4.82966
4.82966
4.82966
4.82966
4.82966
4.82966
4.82966
4.82966
4.82966
4.82966
4.82966
4.82966
4.82966
4.82966
4.82966
4.82966
4.82966
4.82966
4.82966
4.82966
4.82966
4.82966
4.82966
4.82966
4.82966
4.82966
4.82966
4.82966
4.82966
4.82966
4.82966
4.82966
4.82966
4.82966
4.82966
4.82966
4.82966
4.82966
4.82966
4.82966
4.82966
4.82966
4.82966
4.82966
4.82966
4.82966
4.82966
4.82966
4.82966
4.82966
4.82966
4.82966
4.82966
4.82966
4.82966
4.82966
4.82966
4.82966
4.82966
4.82966
4.82966
4.82966
4.82966
4.82966
4.82966
4.82966
4.82966
4.82966
4.82966
4.82966
4.82966
4.82966
4.82966
4.82966
4.82966
4.82966
4.82966
4.82966
4.82966
4.82966
4.82966
4.82966
4.82966
4.82966
4.82966
4.82966
4.82966
4.82966
4.82966
4.82966
4.82966
4.82966
4.82966
4.82966
1.60989
1.60989
1.60989
1.60989
1.60989
1.60989
1.60989
1.60989
1.60989
1.60989
1.60989
1.60989
1.60989
1.60989
1.60989
1.60989
1.60989
1.60989
1.60989
1.60989
1.60989
1.60989
1.60989
1.60989
1.60989
1.60989
1.60989
1.60989
1.60989
1.60989
1.60989
1.60989
1.60989
1.60989
1.60989
1.60989
1.60989
1.60989
1.60989
1.60989
1.60989
1.60989
1.60989
1.60989
1.60989
1.60989
1.60989
1.60989
1.60989
1.60989
1.60989
1.60989
1.60989
1.60989
1.60989
1.60989
1.60989
1.60989
1.60989
1.60989
1.60989
1.60989
1.60989
1.60989
1.60989
1.60989
1.60989
1.60989
1.60989
1.60989
1.60989
1.60989
1.60989
1.60989
1.60989
1.60989
1.60989
1.60989
1.60989
1.60989
1.60989
1.60989
1.60989
1.60989
1.60989
1.60989
1.60989
1.60989
1.60989
1.60989
1.60989
1.60989
1.60989
1.60989
1.60989
1.60989
1.60989
1.60989
1.60989
1.60989
98.2971
97.7165
97.352
97.0854
96.9473
96.9473
97.0854
97.352
97.7165
98.2971
89.1825
88.3348
87.7765
87.3818
87.1785
87.1785
87.3818
87.7765
88.3348
89.1825
81.6153
80.6398
80.0032
79.5596
79.3321
79.3321
79.5596
80.0032
80.6398
81.6153
76.3906
75.3884
74.7428
74.2996
74.0725
74.0725
74.2996
74.7428
75.3884
76.3906
72.4701
71.4752
70.8375
70.4083
70.1886
70.1886
70.4083
70.8375
71.4752
72.4701
69.2947
68.3268
67.7048
67.2966
67.088
67.088
67.2966
67.7048
68.3268
69.2947
66.6755
65.7555
65.1589
64.7778
64.5838
64.5838
64.7778
65.1589
65.7555
66.6755
64.5064
63.6575
63.0987
62.7502
62.5734
62.5734
62.7502
63.0987
63.6575
64.5064
62.7075
61.9459
61.4374
61.1262
60.9686
60.9686
61.1262
61.4374
61.9459
62.7075
61.2989
60.5374
60.0877
59.814
59.6754
59.6754
59.8141
60.0877
60.5374
61.2989
62.4005
62.573
62.7606
62.8872
62.9527
62.9527
62.8872
62.7606
62.573
62.4005
62.8231
62.9176
63.0442
63.1253
63.1668
63.1668
63.1253
63.0442
62.9176
62.8231
62.8006
62.7978
62.8504
62.8786
62.8927
62.8927
62.8786
62.8504
62.7978
62.8006
62.3912
62.2984
62.2831
62.2647
62.2547
62.2547
62.2647
62.2831
62.2984
62.3912
61.7975
61.6308
61.5577
61.5019
61.4725
61.4725
61.5019
61.5577
61.6308
61.7975
61.1284
60.906
60.7861
60.7022
60.6585
60.6585
60.7022
60.7861
60.906
61.1284
60.4386
60.1807
60.027
59.9249
59.872
59.872
59.9249
60.027
60.1807
60.4386
59.7596
59.49
59.3179
59.2073
59.1501
59.1501
59.2073
59.3179
59.49
59.7596
59.1273
58.8618
58.6833
58.5712
58.513
58.513
58.5712
58.6833
58.8618
59.1273
58.6446
58.2972
58.1138
58.001
57.9422
57.9422
58.001
58.1138
58.2972
58.6446
57.8046
57.7903
57.7921
57.7887
57.7871
57.7871
57.7887
57.7921
57.7903
57.8046
58.2154
58.1989
58.2001
58.195
58.1924
58.1924
58.195
58.2001
58.1989
58.2154
58.5557
58.5207
58.5105
58.4957
58.4878
58.4878
58.4957
58.5105
58.5207
58.5557
58.6092
58.541
58.5088
58.4781
58.4617
58.4617
58.4781
58.5088
58.541
58.6092
58.4659
58.3626
58.306
58.2593
58.2346
58.2346
58.2593
58.306
58.3626
58.4659
58.22
58.0862
58.0073
57.9473
57.9157
57.9157
57.9473
58.0073
58.0862
58.22
57.9198
57.7637
57.6668
57.5974
57.561
57.561
57.5974
57.6668
57.7637
57.9198
57.592
57.4258
57.3175
57.2432
57.2044
57.2044
57.2432
57.3175
57.4258
57.592
57.2697
57.1008
56.9852
56.9086
56.8685
56.8685
56.9086
56.9852
57.1008
57.2697
57.0276
56.7947
56.6685
56.5881
56.5463
56.5463
56.5881
56.6685
56.7947
57.0276
53.1083
53.1281
53.153
53.169
53.1774
53.1774
53.169
53.153
53.1281
53.1083
53.3186
53.3421
53.3711
53.3894
53.3991
53.3991
53.3894
53.3711
53.3421
53.3186
53.4972
53.5185
53.5472
53.5647
53.5739
53.5739
53.5647
53.5472
53.5185
53.4972
53.5835
53.5945
53.6163
53.6285
53.6348
53.6348
53.6285
53.6163
53.5945
53.5835
53.5982
53.5949
53.6064
53.6111
53.6134
53.6134
53.6111
53.6064
53.5949
53.5982
53.5648
53.5467
53.5469
53.5438
53.5421
53.5421
53.5438
53.5469
53.5467
53.5648
53.497
53.4661
53.4556
53.4458
53.4405
53.4405
53.4458
53.4556
53.4661
53.497
53.4043
53.3654
53.3466
53.3319
53.3238
53.3238
53.3319
53.3466
53.3654
53.4043
53.305
53.2603
53.2333
53.2139
53.2034
53.2034
53.2139
53.2333
53.2603
53.305
53.244
53.1555
53.1146
53.0878
53.0737
53.0737
53.0878
53.1146
53.1555
53.244
49.9051
49.9052
49.9073
49.9074
49.9075
49.9075
49.9074
49.9073
49.9052
49.9051
50.0037
50.0075
50.0127
50.0149
50.0161
50.0161
50.0149
50.0127
50.0075
50.0037
50.1044
50.1096
50.1165
50.1196
50.1212
50.1212
50.1196
50.1165
50.1096
50.1044
50.173
50.1761
50.182
50.1839
50.1849
50.1849
50.1839
50.182
50.1761
50.173
50.2114
50.2102
50.2133
50.213
50.2126
50.2126
50.213
50.2133
50.2102
50.2114
50.2267
50.2202
50.2194
50.2164
50.2146
50.2146
50.2164
50.2194
50.2202
50.2267
50.2235
50.2119
50.2071
50.2015
50.1984
50.1984
50.2015
50.2071
50.2118
50.2235
50.2062
50.1909
50.1828
50.1751
50.1708
50.1708
50.1751
50.1828
50.1909
50.2062
50.1842
50.1655
50.153
50.143
50.1374
50.1374
50.143
50.153
50.1655
50.1842
50.179
50.1373
50.1167
50.1024
50.0948
50.0948
50.1024
50.1167
50.1373
50.179
46.6048
46.6078
46.6116
46.6137
46.6149
46.6149
46.6137
46.6116
46.6078
46.6048
46.6459
46.6508
46.6561
46.6594
46.6611
46.6611
46.6593
46.6561
46.6508
46.6459
46.6879
46.6939
46.7004
46.7045
46.7066
46.7066
46.7045
46.7004
46.6939
46.6879
46.7196
46.7254
46.7321
46.7361
46.7382
46.7382
46.7361
46.7321
46.7254
46.7196
46.7411
46.7457
46.7517
46.7551
46.7568
46.7568
46.7551
46.7517
46.7457
46.7411
46.7539
46.7566
46.7613
46.7636
46.7648
46.7648
46.7636
46.7613
46.7566
46.7539
46.7589
46.7596
46.7627
46.7639
46.7644
46.7644
46.7639
46.7627
46.7596
46.7589
46.7573
46.7564
46.758
46.758
46.7579
46.7579
46.758
46.758
46.7564
46.7573
46.7533
46.7506
46.7498
46.7484
46.7475
46.7475
46.7484
46.7498
46.7506
46.7533
46.7576
46.7431
46.7373
46.733
46.7308
46.7308
46.733
46.7372
46.743
46.7576
43.4298
43.4302
43.4308
43.4309
43.431
43.431
43.4309
43.4308
43.4302
43.4298
43.4471
43.4484
43.4498
43.4505
43.4508
43.4508
43.4505
43.4498
43.4484
43.4471
43.4669
43.4689
43.471
43.4721
43.4727
43.4727
43.4721
43.471
43.4689
43.4669
43.4839
43.4863
43.4888
43.4901
43.4907
43.4907
43.4901
43.4888
43.4863
43.4839
43.4978
43.5001
43.5026
43.5038
43.5044
43.5044
43.5038
43.5026
43.5001
43.4978
43.5086
43.5105
43.5128
43.5137
43.5142
43.5142
43.5137
43.5128
43.5105
43.5086
43.5165
43.5179
43.5198
43.5204
43.5207
43.5207
43.5204
43.5198
43.5179
43.5165
43.5218
43.5228
43.5242
43.5245
43.5246
43.5246
43.5245
43.5242
43.5228
43.5218
43.5264
43.5267
43.5271
43.5268
43.5265
43.5265
43.5268
43.5271
43.5267
43.5264
43.5345
43.5296
43.5276
43.5261
43.5252
43.5252
43.5261
43.5276
43.5296
43.5345
40.2189
40.2195
40.2201
40.2205
40.2207
40.2207
40.2205
40.2201
40.2195
40.2189
40.2256
40.2265
40.2275
40.2281
40.2284
40.2284
40.2281
40.2275
40.2265
40.2256
40.2332
40.2345
40.2358
40.2366
40.2371
40.2371
40.2366
40.2358
40.2345
40.2332
40.2401
40.2417
40.2432
40.2442
40.2447
40.2447
40.2442
40.2432
40.2417
40.2401
40.2462
40.2479
40.2495
40.2505
40.2511
40.2511
40.2505
40.2495
40.2479
40.2462
40.2514
40.253
40.2546
40.2556
40.2561
40.2561
40.2556
40.2546
40.253
40.2514
40.2554
40.2569
40.2585
40.2593
40.2597
40.2597
40.2593
40.2585
40.2569
40.2554
40.2585
40.2598
40.2612
40.2619
40.2622
40.2622
40.2619
40.2612
40.2598
40.2585
40.2611
40.2622
40.2632
40.2636
40.2637
40.2637
40.2636
40.2632
40.2622
40.2611
40.2654
40.2641
40.2639
40.2637
40.2636
40.2636
40.2637
40.2639
40.2641
40.2654
37.0151
37.0152
37.0153
37.0154
37.0154
37.0154
37.0154
37.0153
37.0152
37.0151
37.0176
37.0179
37.0181
37.0183
37.0183
37.0183
37.0183
37.0181
37.0179
37.0176
37.0208
37.0213
37.0217
37.0219
37.0221
37.0221
37.0219
37.0217
37.0213
37.0208
37.024
37.0247
37.0253
37.0256
37.0258
37.0258
37.0256
37.0253
37.0247
37.024
37.0272
37.028
37.0287
37.0291
37.0293
37.0293
37.0291
37.0287
37.028
37.0272
37.0302
37.031
37.0318
37.0322
37.0324
37.0324
37.0322
37.0318
37.031
37.0302
37.0329
37.0338
37.0346
37.035
37.0352
37.0352
37.035
37.0346
37.0338
37.0329
37.0354
37.0363
37.037
37.0374
37.0376
37.0376
37.0374
37.037
37.0363
37.0354
37.0378
37.0386
37.0392
37.0395
37.0396
37.0396
37.0395
37.0392
37.0386
37.0378
37.0408
37.0407
37.0409
37.0409
37.041
37.041
37.0409
37.0409
37.0407
37.0408
33.8006
33.8007
33.8008
33.8009
33.8009
33.8009
33.8009
33.8008
33.8007
33.8006
33.8014
33.8016
33.8017
33.8018
33.8019
33.8019
33.8018
33.8017
33.8016
33.8014
33.8025
33.8027
33.803
33.8031
33.8032
33.8032
33.8031
33.803
33.8027
33.8025
33.8037
33.804
33.8043
33.8045
33.8046
33.8046
33.8045
33.8043
33.804
33.8037
33.8049
33.8053
33.8057
33.8059
33.8061
33.8061
33.8059
33.8057
33.8053
33.8049
33.8062
33.8067
33.8071
33.8073
33.8074
33.8074
33.8073
33.8071
33.8067
33.8062
33.8074
33.8079
33.8083
33.8086
33.8087
33.8087
33.8086
33.8083
33.8079
33.8074
33.8085
33.809
33.8095
33.8097
33.8098
33.8098
33.8097
33.8095
33.809
33.8085
33.8096
33.8101
33.8105
33.8107
33.8108
33.8108
33.8107
33.8105
33.8101
33.8096
33.8109
33.8111
33.8113
33.8114
33.8114
33.8114
33.8114
33.8113
33.8111
33.8109
30.585
30.585
30.585
30.585
30.585
30.585
30.585
30.585
30.585
30.585
30.5852
30.5853
30.5853
30.5853
30.5853
30.5853
30.5853
30.5853
30.5853
30.5852
30.5856
30.5857
30.5857
30.5858
30.5858
30.5858
30.5858
30.5857
30.5857
30.5856
30.5861
30.5862
30.5863
30.5864
30.5864
30.5864
30.5864
30.5863
30.5862
30.5861
30.5867
30.5868
30.587
30.5871
30.5871
30.5871
30.5871
30.587
30.5868
30.5867
30.5873
30.5875
30.5877
30.5878
30.5878
30.5878
30.5878
30.5877
30.5875
30.5873
30.5879
30.5882
30.5884
30.5885
30.5886
30.5886
30.5885
30.5884
30.5882
30.5879
30.5886
30.5889
30.5891
30.5892
30.5893
30.5893
30.5892
30.5891
30.5889
30.5886
30.5893
30.5895
30.5897
30.5899
30.5899
30.5899
30.5899
30.5897
30.5895
30.5893
30.59
30.5902
30.5903
30.5904
30.5905
30.5905
30.5904
30.5903
30.5902
30.59
27.3667
27.3667
27.3667
27.3667
27.3667
27.3667
27.3667
27.3667
27.3667
27.3667
27.3667
27.3667
27.3667
27.3667
27.3668
27.3668
27.3667
27.3667
27.3667
27.3667
27.3668
27.3668
27.3668
27.3669
27.3669
27.3669
27.3669
27.3668
27.3668
27.3668
27.3669
27.367
27.367
27.3671
27.3671
27.3671
27.3671
27.367
27.367
27.3669
27.3671
27.3672
27.3673
27.3673
27.3673
27.3673
27.3673
27.3673
27.3672
27.3671
27.3674
27.3675
27.3675
27.3676
27.3676
27.3676
27.3676
27.3675
27.3675
27.3674
27.3676
27.3677
27.3678
27.3679
27.3679
27.3679
27.3679
27.3678
27.3677
27.3676
27.3679
27.368
27.3681
27.3682
27.3682
27.3682
27.3682
27.3681
27.368
27.3679
27.3682
27.3683
27.3684
27.3685
27.3685
27.3685
27.3685
27.3684
27.3683
27.3682
27.3685
27.3686
27.3687
27.3687
27.3687
27.3687
27.3687
27.3687
27.3686
27.3685
24.1478
24.1478
24.1478
24.1478
24.1478
24.1478
24.1478
24.1478
24.1478
24.1478
24.1478
24.1478
24.1478
24.1478
24.1478
24.1478
24.1478
24.1478
24.1478
24.1478
24.1478
24.1478
24.1478
24.1478
24.1478
24.1478
24.1478
24.1478
24.1478
24.1478
24.1478
24.1478
24.1478
24.1479
24.1479
24.1479
24.1479
24.1478
24.1478
24.1478
24.1479
24.1479
24.148
24.148
24.148
24.148
24.148
24.148
24.1479
24.1479
24.148
24.148
24.1481
24.1481
24.1481
24.1481
24.1481
24.1481
24.148
24.148
24.1481
24.1482
24.1482
24.1482
24.1483
24.1483
24.1482
24.1482
24.1482
24.1481
24.1483
24.1483
24.1484
24.1484
24.1484
24.1484
24.1484
24.1484
24.1483
24.1483
24.1484
24.1485
24.1485
24.1486
24.1486
24.1486
24.1486
24.1485
24.1485
24.1484
24.1486
24.1486
24.1487
24.1487
24.1487
24.1487
24.1487
24.1487
24.1486
24.1486
20.9283
20.9283
20.9283
20.9283
20.9283
20.9283
20.9283
20.9283
20.9283
20.9283
20.9283
20.9283
20.9283
20.9283
20.9283
20.9283
20.9283
20.9283
20.9283
20.9283
20.9283
20.9283
20.9283
20.9283
20.9283
20.9283
20.9283
20.9283
20.9283
20.9283
20.9283
20.9283
20.9283
20.9283
20.9283
20.9283
20.9283
20.9283
20.9283
20.9283
20.9283
20.9283
20.9283
20.9283
20.9283
20.9283
20.9283
20.9283
20.9283
20.9283
20.9283
20.9283
20.9284
20.9284
20.9284
20.9284
20.9284
20.9284
20.9283
20.9283
20.9284
20.9284
20.9284
20.9284
20.9284
20.9284
20.9284
20.9284
20.9284
20.9284
20.9284
20.9284
20.9285
20.9285
20.9285
20.9285
20.9285
20.9285
20.9284
20.9284
20.9285
20.9285
20.9285
20.9285
20.9285
20.9285
20.9285
20.9285
20.9285
20.9285
20.9285
20.9286
20.9286
20.9286
20.9286
20.9286
20.9286
20.9286
20.9286
20.9285
17.7087
17.7087
17.7087
17.7087
17.7087
17.7087
17.7087
17.7087
17.7087
17.7087
17.7087
17.7087
17.7087
17.7087
17.7087
17.7087
17.7087
17.7087
17.7087
17.7087
17.7087
17.7087
17.7087
17.7087
17.7087
17.7087
17.7087
17.7087
17.7087
17.7087
17.7087
17.7087
17.7087
17.7087
17.7087
17.7087
17.7087
17.7087
17.7087
17.7087
17.7087
17.7087
17.7087
17.7087
17.7087
17.7087
17.7087
17.7087
17.7087
17.7087
17.7087
17.7087
17.7087
17.7087
17.7087
17.7087
17.7087
17.7087
17.7087
17.7087
17.7087
17.7087
17.7087
17.7087
17.7087
17.7087
17.7087
17.7087
17.7087
17.7087
17.7087
17.7087
17.7087
17.7087
17.7087
17.7087
17.7087
17.7087
17.7087
17.7087
17.7087
17.7088
17.7088
17.7088
17.7088
17.7088
17.7088
17.7088
17.7088
17.7087
17.7088
17.7088
17.7088
17.7088
17.7088
17.7088
17.7088
17.7088
17.7088
17.7088
14.489
14.489
14.489
14.489
14.489
14.489
14.489
14.489
14.489
14.489
14.4889
14.4889
14.4889
14.4889
14.4889
14.4889
14.4889
14.4889
14.4889
14.4889
14.4889
14.4889
14.4889
14.4889
14.4889
14.4889
14.4889
14.4889
14.4889
14.4889
14.4889
14.4889
14.4889
14.4889
14.4889
14.4889
14.4889
14.4889
14.4889
14.4889
14.4889
14.4889
14.4889
14.4889
14.4889
14.4889
14.4889
14.4889
14.4889
14.4889
14.4889
14.4889
14.4889
14.4889
14.4889
14.4889
14.4889
14.4889
14.4889
14.4889
14.4889
14.4889
14.4889
14.4889
14.4889
14.4889
14.4889
14.4889
14.4889
14.4889
14.4889
14.489
14.489
14.489
14.489
14.489
14.489
14.489
14.489
14.4889
14.489
14.489
14.489
14.489
14.489
14.489
14.489
14.489
14.489
14.489
14.489
14.489
14.489
14.489
14.489
14.489
14.489
14.489
14.489
14.489
11.2692
11.2692
11.2692
11.2692
11.2692
11.2692
11.2692
11.2692
11.2692
11.2692
11.2692
11.2692
11.2692
11.2692
11.2692
11.2692
11.2692
11.2692
11.2692
11.2692
11.2692
11.2692
11.2692
11.2692
11.2692
11.2692
11.2692
11.2692
11.2692
11.2692
11.2692
11.2692
11.2692
11.2692
11.2692
11.2692
11.2692
11.2692
11.2692
11.2692
11.2692
11.2692
11.2692
11.2692
11.2692
11.2692
11.2692
11.2692
11.2692
11.2692
11.2692
11.2692
11.2692
11.2692
11.2692
11.2692
11.2692
11.2692
11.2692
11.2692
11.2692
11.2692
11.2692
11.2692
11.2692
11.2692
11.2692
11.2692
11.2692
11.2692
11.2692
11.2692
11.2692
11.2692
11.2692
11.2692
11.2692
11.2692
11.2692
11.2692
11.2692
11.2692
11.2692
11.2692
11.2692
11.2692
11.2692
11.2692
11.2692
11.2692
11.2692
11.2692
11.2692
11.2692
11.2692
11.2692
11.2692
11.2692
11.2692
11.2692
8.04943
8.04943
8.04943
8.04943
8.04943
8.04943
8.04943
8.04943
8.04943
8.04943
8.04943
8.04943
8.04943
8.04943
8.04943
8.04943
8.04943
8.04943
8.04943
8.04943
8.04943
8.04943
8.04943
8.04943
8.04943
8.04943
8.04943
8.04943
8.04943
8.04943
8.04943
8.04943
8.04943
8.04943
8.04943
8.04943
8.04943
8.04943
8.04943
8.04943
8.04943
8.04943
8.04943
8.04943
8.04943
8.04943
8.04943
8.04943
8.04943
8.04943
8.04943
8.04943
8.04943
8.04943
8.04943
8.04943
8.04943
8.04943
8.04943
8.04943
8.04943
8.04943
8.04943
8.04943
8.04943
8.04943
8.04943
8.04943
8.04943
8.04943
8.04943
8.04943
8.04943
8.04943
8.04943
8.04943
8.04943
8.04943
8.04943
8.04943
8.04943
8.04943
8.04943
8.04943
8.04943
8.04943
8.04943
8.04943
8.04943
8.04943
8.04943
8.04943
8.04943
8.04943
8.04943
8.04943
8.04943
8.04943
8.04943
8.04943
4.82966
4.82966
4.82966
4.82966
4.82966
4.82966
4.82966
4.82966
4.82966
4.82966
4.82966
4.82966
4.82966
4.82966
4.82966
4.82966
4.82966
4.82966
4.82966
4.82966
4.82966
4.82966
4.82966
4.82966
4.82966
4.82966
4.82966
4.82966
4.82966
4.82966
4.82966
4.82966
4.82966
4.82966
4.82966
4.82966
4.82966
4.82966
4.82966
4.82966
4.82966
4.82966
4.82966
4.82966
4.82966
4.82966
4.82966
4.82966
4.82966
4.82966
4.82966
4.82966
4.82966
4.82966
4.82966
4.82966
4.82966
4.82966
4.82966
4.82966
4.82966
4.82966
4.82966
4.82966
4.82966
4.82966
4.82966
4.82966
4.82966
4.82966
4.82966
4.82966
4.82966
4.82966
4.82966
4.82966
4.82966
4.82966
4.82966
4.82966
4.82966
4.82966
4.82966
4.82966
4.82966
4.82966
4.82966
4.82966
4.82966
4.82966
4.82966
4.82966
4.82966
4.82966
4.82966
4.82966
4.82966
4.82966
4.82966
4.82966
1.60989
1.60989
1.60989
1.60989
1.60989
1.60989
1.60989
1.60989
1.60989
1.60989
1.60989
1.60989
1.60989
1.60989
1.60989
1.60989
1.60989
1.60989
1.60989
1.60989
1.60989
1.60989
1.60989
1.60989
1.60989
1.60989
1.60989
1.60989
1.60989
1.60989
1.60989
1.60989
1.60989
1.60989
1.60989
1.60989
1.60989
1.60989
1.60989
1.60989
1.60989
1.60989
1.60989
1.60989
1.60989
1.60989
1.60989
1.60989
1.60989
1.60989
1.60989
1.60989
1.60989
1.60989
1.60989
1.60989
1.60989
1.60989
1.60989
1.60989
1.60989
1.60989
1.60989
1.60989
1.60989
1.60989
1.60989
1.60989
1.60989
1.60989
1.60989
1.60989
1.60989
1.60989
1.60989
1.60989
1.60989
1.60989
1.60989
1.60989
1.60989
1.60989
1.60989
1.60989
1.60989
1.60989
1.60989
1.60989
1.60989
1.60989
1.60989
1.60989
1.60989
1.60989
1.60989
1.60989
1.60989
1.60989
1.60989
1.60989
98.2971
97.7165
97.352
97.0854
96.9473
96.9473
97.0854
97.352
97.7165
98.2971
89.1825
88.3348
87.7765
87.3818
87.1785
87.1785
87.3818
87.7765
88.3348
89.1825
81.6153
80.6398
80.0032
79.5596
79.3321
79.3321
79.5596
80.0032
80.6398
81.6153
76.3906
75.3884
74.7428
74.2996
74.0725
74.0725
74.2996
74.7428
75.3884
76.3906
72.4701
71.4752
70.8375
70.4083
70.1886
70.1886
70.4083
70.8374
71.4752
72.4701
69.2947
68.3268
67.7048
67.2966
67.088
67.088
67.2966
67.7048
68.3268
69.2947
66.6755
65.7555
65.1589
64.7778
64.5838
64.5838
64.7778
65.1589
65.7555
66.6755
64.5064
63.6575
63.0987
62.7502
62.5734
62.5734
62.7502
63.0987
63.6575
64.5064
62.7075
61.9459
61.4374
61.1262
60.9686
60.9686
61.1262
61.4374
61.9459
62.7075
61.2989
60.5374
60.0877
59.8141
59.6754
59.6754
59.8141
60.0877
60.5374
61.2989
62.4005
62.573
62.7606
62.8872
62.9527
62.9527
62.8872
62.7606
62.573
62.4005
62.8231
62.9176
63.0442
63.1253
63.1668
63.1668
63.1253
63.0442
62.9176
62.8231
62.8006
62.7978
62.8504
62.8786
62.8927
62.8927
62.8786
62.8504
62.7978
62.8006
62.3912
62.2984
62.2831
62.2647
62.2547
62.2547
62.2647
62.2831
62.2984
62.3912
61.7975
61.6308
61.5577
61.5019
61.4725
61.4725
61.5019
61.5577
61.6308
61.7975
61.1284
60.906
60.7861
60.7022
60.6585
60.6585
60.7022
60.7861
60.906
61.1284
60.4386
60.1807
60.027
59.9249
59.872
59.872
59.9249
60.027
60.1807
60.4386
59.7596
59.49
59.3179
59.2073
59.1501
59.1501
59.2073
59.3179
59.49
59.7596
59.1273
58.8618
58.6833
58.5712
58.513
58.513
58.5712
58.6833
58.8618
59.1273
58.6446
58.2972
58.1138
58.001
57.9422
57.9422
58.001
58.1138
58.2972
58.6446
57.8046
57.7903
57.7921
57.7887
57.7871
57.7871
57.7887
57.7921
57.7903
57.8046
58.2154
58.1989
58.2001
58.195
58.1924
58.1924
58.195
58.2001
58.1989
58.2154
58.5557
58.5207
58.5105
58.4957
58.4878
58.4878
58.4957
58.5105
58.5207
58.5557
58.6092
58.541
58.5088
58.4781
58.4617
58.4617
58.4781
58.5088
58.541
58.6092
58.4659
58.3626
58.306
58.2593
58.2346
58.2346
58.2593
58.306
58.3626
58.4659
58.22
58.0862
58.0073
57.9473
57.9157
57.9157
57.9473
58.0073
58.0862
58.22
57.9198
57.7637
57.6668
57.5974
57.561
57.561
57.5974
57.6668
57.7637
57.9198
57.592
57.4258
57.3175
57.2432
57.2044
57.2044
57.2432
57.3175
57.4258
57.592
57.2697
57.1008
56.9852
56.9086
56.8685
56.8685
56.9086
56.9852
57.1008
57.2697
57.0276
56.7947
56.6685
56.5881
56.5463
56.5463
56.5881
56.6685
56.7947
57.0276
53.1083
53.1281
53.153
53.169
53.1774
53.1774
53.169
53.153
53.1281
53.1083
53.3186
53.3421
53.3711
53.3894
53.3991
53.3991
53.3894
53.3711
53.3421
53.3186
53.4972
53.5185
53.5472
53.5647
53.5739
53.5739
53.5647
53.5472
53.5185
53.4972
53.5835
53.5945
53.6163
53.6285
53.6348
53.6348
53.6285
53.6163
53.5945
53.5835
53.5982
53.5949
53.6064
53.6111
53.6134
53.6134
53.6111
53.6064
53.5949
53.5982
53.5648
53.5467
53.5469
53.5438
53.5421
53.5421
53.5438
53.5469
53.5467
53.5648
53.497
53.4661
53.4556
53.4458
53.4405
53.4405
53.4458
53.4556
53.4661
53.497
53.4043
53.3654
53.3466
53.3319
53.3238
53.3238
53.3319
53.3466
53.3654
53.4043
53.305
53.2603
53.2333
53.2139
53.2034
53.2034
53.2139
53.2333
53.2603
53.305
53.244
53.1555
53.1146
53.0878
53.0737
53.0737
53.0878
53.1146
53.1555
53.244
49.9051
49.9052
49.9073
49.9074
49.9075
49.9075
49.9074
49.9073
49.9052
49.9051
50.0037
50.0075
50.0127
50.0149
50.0161
50.0161
50.0149
50.0127
50.0075
50.0037
50.1044
50.1096
50.1165
50.1196
50.1212
50.1212
50.1196
50.1165
50.1096
50.1044
50.173
50.1761
50.182
50.1839
50.1849
50.1849
50.1839
50.182
50.1761
50.173
50.2114
50.2102
50.2133
50.213
50.2126
50.2126
50.213
50.2133
50.2102
50.2114
50.2267
50.2202
50.2194
50.2164
50.2146
50.2146
50.2164
50.2194
50.2202
50.2267
50.2235
50.2118
50.2071
50.2015
50.1983
50.1983
50.2015
50.2071
50.2118
50.2235
50.2062
50.1909
50.1828
50.1751
50.1708
50.1708
50.1751
50.1828
50.1909
50.2062
50.1842
50.1655
50.153
50.143
50.1374
50.1374
50.143
50.153
50.1655
50.1842
50.179
50.1373
50.1167
50.1024
50.0948
50.0948
50.1024
50.1167
50.1373
50.179
46.6048
46.6078
46.6116
46.6137
46.6149
46.6149
46.6137
46.6116
46.6078
46.6048
46.6459
46.6508
46.6561
46.6594
46.6611
46.6611
46.6594
46.6561
46.6508
46.6459
46.6879
46.6939
46.7004
46.7045
46.7066
46.7066
46.7045
46.7004
46.6939
46.6879
46.7196
46.7254
46.7321
46.7361
46.7382
46.7382
46.7361
46.7321
46.7254
46.7196
46.7411
46.7457
46.7517
46.7551
46.7568
46.7568
46.7551
46.7517
46.7457
46.7411
46.7539
46.7566
46.7613
46.7636
46.7648
46.7648
46.7636
46.7613
46.7566
46.7539
46.7589
46.7596
46.7627
46.7639
46.7644
46.7644
46.7639
46.7627
46.7596
46.7589
46.7573
46.7564
46.758
46.758
46.7579
46.7579
46.758
46.758
46.7564
46.7573
46.7533
46.7506
46.7498
46.7484
46.7475
46.7475
46.7484
46.7498
46.7506
46.7533
46.7576
46.743
46.7372
46.733
46.7308
46.7308
46.733
46.7372
46.743
46.7576
43.4298
43.4302
43.4308
43.4309
43.431
43.431
43.4309
43.4308
43.4302
43.4298
43.4471
43.4484
43.4498
43.4505
43.4508
43.4508
43.4505
43.4498
43.4484
43.4471
43.4669
43.4689
43.471
43.4721
43.4727
43.4727
43.4721
43.471
43.4689
43.4669
43.4839
43.4863
43.4888
43.4901
43.4907
43.4907
43.4901
43.4888
43.4863
43.4839
43.4978
43.5001
43.5026
43.5038
43.5044
43.5044
43.5038
43.5026
43.5001
43.4978
43.5086
43.5105
43.5128
43.5137
43.5142
43.5142
43.5137
43.5128
43.5105
43.5086
43.5165
43.5179
43.5198
43.5204
43.5207
43.5207
43.5204
43.5198
43.5179
43.5165
43.5218
43.5228
43.5242
43.5245
43.5246
43.5246
43.5245
43.5242
43.5228
43.5218
43.5264
43.5267
43.5271
43.5268
43.5265
43.5265
43.5268
43.5271
43.5267
43.5264
43.5345
43.5296
43.5276
43.5261
43.5252
43.5252
43.5261
43.5276
43.5296
43.5345
40.2189
40.2195
40.2201
40.2205
40.2207
40.2207
40.2205
40.2201
40.2195
40.2189
40.2256
40.2265
40.2275
40.2281
40.2284
40.2284
40.2281
40.2275
40.2265
40.2256
40.2332
40.2345
40.2358
40.2366
40.2371
40.2371
40.2366
40.2358
40.2345
40.2332
40.2401
40.2417
40.2432
40.2442
40.2447
40.2447
40.2442
40.2433
40.2417
40.2401
40.2462
40.2479
40.2495
40.2505
40.2511
40.2511
40.2505
40.2495
40.2479
40.2462
40.2514
40.253
40.2546
40.2556
40.2561
40.2561
40.2556
40.2546
40.253
40.2514
40.2554
40.2569
40.2585
40.2593
40.2597
40.2597
40.2593
40.2585
40.2569
40.2554
40.2585
40.2598
40.2612
40.2619
40.2622
40.2622
40.2619
40.2612
40.2598
40.2585
40.2611
40.2622
40.2632
40.2636
40.2637
40.2637
40.2636
40.2632
40.2622
40.2611
40.2654
40.2641
40.2639
40.2637
40.2636
40.2636
40.2637
40.2639
40.2641
40.2654
37.0151
37.0152
37.0153
37.0154
37.0154
37.0154
37.0154
37.0153
37.0152
37.0151
37.0176
37.0179
37.0181
37.0183
37.0183
37.0183
37.0183
37.0181
37.0179
37.0176
37.0208
37.0213
37.0217
37.0219
37.0221
37.0221
37.0219
37.0217
37.0213
37.0208
37.024
37.0247
37.0253
37.0256
37.0258
37.0258
37.0256
37.0253
37.0247
37.024
37.0272
37.028
37.0287
37.0291
37.0293
37.0293
37.0291
37.0287
37.028
37.0272
37.0302
37.031
37.0318
37.0322
37.0324
37.0324
37.0322
37.0318
37.031
37.0302
37.0329
37.0338
37.0346
37.035
37.0352
37.0352
37.035
37.0346
37.0338
37.0329
37.0354
37.0363
37.037
37.0374
37.0376
37.0376
37.0374
37.037
37.0363
37.0354
37.0378
37.0386
37.0392
37.0395
37.0396
37.0396
37.0395
37.0392
37.0386
37.0378
37.0408
37.0407
37.0409
37.0409
37.041
37.041
37.0409
37.0409
37.0407
37.0408
33.8006
33.8007
33.8008
33.8009
33.8009
33.8009
33.8009
33.8008
33.8007
33.8006
33.8014
33.8016
33.8017
33.8018
33.8019
33.8019
33.8018
33.8017
33.8016
33.8014
33.8025
33.8027
33.803
33.8031
33.8032
33.8032
33.8031
33.803
33.8027
33.8025
33.8037
33.804
33.8043
33.8045
33.8046
33.8046
33.8045
33.8043
33.804
33.8037
33.8049
33.8053
33.8057
33.8059
33.8061
33.8061
33.8059
33.8057
33.8053
33.8049
33.8062
33.8067
33.8071
33.8073
33.8074
33.8074
33.8073
33.8071
33.8067
33.8062
33.8074
33.8079
33.8083
33.8086
33.8087
33.8087
33.8086
33.8083
33.8079
33.8074
33.8085
33.809
33.8095
33.8097
33.8098
33.8098
33.8097
33.8095
33.809
33.8085
33.8096
33.8101
33.8105
33.8107
33.8108
33.8108
33.8107
33.8105
33.8101
33.8096
33.8109
33.8111
33.8113
33.8114
33.8114
33.8114
33.8114
33.8113
33.8111
33.8109
30.585
30.585
30.585
30.585
30.585
30.585
30.585
30.585
30.585
30.585
30.5852
30.5853
30.5853
30.5853
30.5853
30.5853
30.5853
30.5853
30.5853
30.5852
30.5856
30.5857
30.5857
30.5858
30.5858
30.5858
30.5858
30.5857
30.5857
30.5856
30.5861
30.5862
30.5863
30.5864
30.5864
30.5864
30.5864
30.5863
30.5862
30.5861
30.5867
30.5868
30.587
30.5871
30.5871
30.5871
30.5871
30.587
30.5868
30.5867
30.5873
30.5875
30.5877
30.5878
30.5878
30.5878
30.5878
30.5877
30.5875
30.5873
30.5879
30.5882
30.5884
30.5885
30.5886
30.5886
30.5885
30.5884
30.5882
30.5879
30.5886
30.5889
30.5891
30.5892
30.5893
30.5893
30.5892
30.5891
30.5889
30.5886
30.5893
30.5895
30.5897
30.5899
30.5899
30.5899
30.5899
30.5897
30.5895
30.5893
30.59
30.5902
30.5903
30.5904
30.5905
30.5905
30.5904
30.5903
30.5902
30.59
27.3667
27.3667
27.3667
27.3667
27.3667
27.3667
27.3667
27.3667
27.3667
27.3667
27.3667
27.3667
27.3667
27.3667
27.3668
27.3668
27.3667
27.3667
27.3667
27.3667
27.3668
27.3668
27.3668
27.3669
27.3669
27.3669
27.3669
27.3668
27.3668
27.3668
27.3669
27.367
27.367
27.3671
27.3671
27.3671
27.3671
27.367
27.367
27.3669
27.3671
27.3672
27.3673
27.3673
27.3673
27.3673
27.3673
27.3673
27.3672
27.3671
27.3674
27.3675
27.3675
27.3676
27.3676
27.3676
27.3676
27.3675
27.3675
27.3674
27.3676
27.3677
27.3678
27.3679
27.3679
27.3679
27.3679
27.3678
27.3677
27.3676
27.3679
27.368
27.3681
27.3682
27.3682
27.3682
27.3682
27.3681
27.368
27.3679
27.3682
27.3683
27.3684
27.3685
27.3685
27.3685
27.3685
27.3684
27.3683
27.3682
27.3685
27.3686
27.3687
27.3687
27.3687
27.3687
27.3687
27.3687
27.3686
27.3685
24.1478
24.1478
24.1478
24.1478
24.1478
24.1478
24.1478
24.1478
24.1478
24.1478
24.1478
24.1478
24.1478
24.1478
24.1478
24.1478
24.1478
24.1478
24.1478
24.1478
24.1478
24.1478
24.1478
24.1478
24.1478
24.1478
24.1478
24.1478
24.1478
24.1478
24.1478
24.1478
24.1478
24.1479
24.1479
24.1479
24.1479
24.1478
24.1478
24.1478
24.1479
24.1479
24.148
24.148
24.148
24.148
24.148
24.148
24.1479
24.1479
24.148
24.148
24.1481
24.1481
24.1481
24.1481
24.1481
24.1481
24.148
24.148
24.1481
24.1482
24.1482
24.1482
24.1483
24.1483
24.1482
24.1482
24.1482
24.1481
24.1483
24.1483
24.1484
24.1484
24.1484
24.1484
24.1484
24.1484
24.1483
24.1483
24.1484
24.1485
24.1485
24.1486
24.1486
24.1486
24.1486
24.1485
24.1485
24.1484
24.1486
24.1486
24.1487
24.1487
24.1487
24.1487
24.1487
24.1487
24.1486
24.1486
20.9283
20.9283
20.9283
20.9283
20.9283
20.9283
20.9283
20.9283
20.9283
20.9283
20.9283
20.9283
20.9283
20.9283
20.9283
20.9283
20.9283
20.9283
20.9283
20.9283
20.9283
20.9283
20.9283
20.9283
20.9283
20.9283
20.9283
20.9283
20.9283
20.9283
20.9283
20.9283
20.9283
20.9283
20.9283
20.9283
20.9283
20.9283
20.9283
20.9283
20.9283
20.9283
20.9283
20.9283
20.9283
20.9283
20.9283
20.9283
20.9283
20.9283
20.9283
20.9283
20.9284
20.9284
20.9284
20.9284
20.9284
20.9284
20.9283
20.9283
20.9284
20.9284
20.9284
20.9284
20.9284
20.9284
20.9284
20.9284
20.9284
20.9284
20.9284
20.9284
20.9285
20.9285
20.9285
20.9285
20.9285
20.9285
20.9284
20.9284
20.9285
20.9285
20.9285
20.9285
20.9285
20.9285
20.9285
20.9285
20.9285
20.9285
20.9285
20.9286
20.9286
20.9286
20.9286
20.9286
20.9286
20.9286
20.9286
20.9285
17.7087
17.7087
17.7087
17.7087
17.7087
17.7087
17.7087
17.7087
17.7087
17.7087
17.7087
17.7087
17.7087
17.7087
17.7087
17.7087
17.7087
17.7087
17.7087
17.7087
17.7087
17.7087
17.7087
17.7087
17.7087
17.7087
17.7087
17.7087
17.7087
17.7087
17.7087
17.7087
17.7087
17.7087
17.7087
17.7087
17.7087
17.7087
17.7087
17.7087
17.7087
17.7087
17.7087
17.7087
17.7087
17.7087
17.7087
17.7087
17.7087
17.7087
17.7087
17.7087
17.7087
17.7087
17.7087
17.7087
17.7087
17.7087
17.7087
17.7087
17.7087
17.7087
17.7087
17.7087
17.7087
17.7087
17.7087
17.7087
17.7087
17.7087
17.7087
17.7087
17.7087
17.7087
17.7087
17.7087
17.7087
17.7087
17.7087
17.7087
17.7087
17.7088
17.7088
17.7088
17.7088
17.7088
17.7088
17.7088
17.7088
17.7087
17.7088
17.7088
17.7088
17.7088
17.7088
17.7088
17.7088
17.7088
17.7088
17.7088
14.489
14.489
14.489
14.489
14.489
14.489
14.489
14.489
14.489
14.489
14.4889
14.4889
14.4889
14.4889
14.4889
14.4889
14.4889
14.4889
14.4889
14.4889
14.4889
14.4889
14.4889
14.4889
14.4889
14.4889
14.4889
14.4889
14.4889
14.4889
14.4889
14.4889
14.4889
14.4889
14.4889
14.4889
14.4889
14.4889
14.4889
14.4889
14.4889
14.4889
14.4889
14.4889
14.4889
14.4889
14.4889
14.4889
14.4889
14.4889
14.4889
14.4889
14.4889
14.4889
14.4889
14.4889
14.4889
14.4889
14.4889
14.4889
14.4889
14.4889
14.4889
14.4889
14.4889
14.4889
14.4889
14.4889
14.4889
14.4889
14.4889
14.489
14.489
14.489
14.489
14.489
14.489
14.489
14.489
14.4889
14.489
14.489
14.489
14.489
14.489
14.489
14.489
14.489
14.489
14.489
14.489
14.489
14.489
14.489
14.489
14.489
14.489
14.489
14.489
14.489
11.2692
11.2692
11.2692
11.2692
11.2692
11.2692
11.2692
11.2692
11.2692
11.2692
11.2692
11.2692
11.2692
11.2692
11.2692
11.2692
11.2692
11.2692
11.2692
11.2692
11.2692
11.2692
11.2692
11.2692
11.2692
11.2692
11.2692
11.2692
11.2692
11.2692
11.2692
11.2692
11.2692
11.2692
11.2692
11.2692
11.2692
11.2692
11.2692
11.2692
11.2692
11.2692
11.2692
11.2692
11.2692
11.2692
11.2692
11.2692
11.2692
11.2692
11.2692
11.2692
11.2692
11.2692
11.2692
11.2692
11.2692
11.2692
11.2692
11.2692
11.2692
11.2692
11.2692
11.2692
11.2692
11.2692
11.2692
11.2692
11.2692
11.2692
11.2692
11.2692
11.2692
11.2692
11.2692
11.2692
11.2692
11.2692
11.2692
11.2692
11.2692
11.2692
11.2692
11.2692
11.2692
11.2692
11.2692
11.2692
11.2692
11.2692
11.2692
11.2692
11.2692
11.2692
11.2692
11.2692
11.2692
11.2692
11.2692
11.2692
8.04943
8.04943
8.04943
8.04943
8.04943
8.04943
8.04943
8.04943
8.04943
8.04943
8.04943
8.04943
8.04943
8.04943
8.04943
8.04943
8.04943
8.04943
8.04943
8.04943
8.04943
8.04943
8.04943
8.04943
8.04943
8.04943
8.04943
8.04943
8.04943
8.04943
8.04943
8.04943
8.04943
8.04943
8.04943
8.04943
8.04943
8.04943
8.04943
8.04943
8.04943
8.04943
8.04943
8.04943
8.04943
8.04943
8.04943
8.04943
8.04943
8.04943
8.04943
8.04943
8.04943
8.04943
8.04943
8.04943
8.04943
8.04943
8.04943
8.04943
8.04943
8.04943
8.04943
8.04943
8.04943
8.04943
8.04943
8.04943
8.04943
8.04943
8.04943
8.04943
8.04943
8.04943
8.04943
8.04943
8.04943
8.04943
8.04943
8.04943
8.04943
8.04943
8.04943
8.04943
8.04943
8.04943
8.04943
8.04943
8.04943
8.04943
8.04943
8.04943
8.04943
8.04943
8.04943
8.04943
8.04943
8.04943
8.04943
8.04943
4.82966
4.82966
4.82966
4.82966
4.82966
4.82966
4.82966
4.82966
4.82966
4.82966
4.82966
4.82966
4.82966
4.82966
4.82966
4.82966
4.82966
4.82966
4.82966
4.82966
4.82966
4.82966
4.82966
4.82966
4.82966
4.82966
4.82966
4.82966
4.82966
4.82966
4.82966
4.82966
4.82966
4.82966
4.82966
4.82966
4.82966
4.82966
4.82966
4.82966
4.82966
4.82966
4.82966
4.82966
4.82966
4.82966
4.82966
4.82966
4.82966
4.82966
4.82966
4.82966
4.82966
4.82966
4.82966
4.82966
4.82966
4.82966
4.82966
4.82966
4.82966
4.82966
4.82966
4.82966
4.82966
4.82966
4.82966
4.82966
4.82966
4.82966
4.82966
4.82966
4.82966
4.82966
4.82966
4.82966
4.82966
4.82966
4.82966
4.82966
4.82966
4.82966
4.82966
4.82966
4.82966
4.82966
4.82966
4.82966
4.82966
4.82966
4.82966
4.82966
4.82966
4.82966
4.82966
4.82966
4.82966
4.82966
4.82966
4.82966
1.60989
1.60989
1.60989
1.60989
1.60989
1.60989
1.60989
1.60989
1.60989
1.60989
1.60989
1.60989
1.60989
1.60989
1.60989
1.60989
1.60989
1.60989
1.60989
1.60989
1.60989
1.60989
1.60989
1.60989
1.60989
1.60989
1.60989
1.60989
1.60989
1.60989
1.60989
1.60989
1.60989
1.60989
1.60989
1.60989
1.60989
1.60989
1.60989
1.60989
1.60989
1.60989
1.60989
1.60989
1.60989
1.60989
1.60989
1.60989
1.60989
1.60989
1.60989
1.60989
1.60989
1.60989
1.60989
1.60989
1.60989
1.60989
1.60989
1.60989
1.60989
1.60989
1.60989
1.60989
1.60989
1.60989
1.60989
1.60989
1.60989
1.60989
1.60989
1.60989
1.60989
1.60989
1.60989
1.60989
1.60989
1.60989
1.60989
1.60989
1.60989
1.60989
1.60989
1.60989
1.60989
1.60989
1.60989
1.60989
1.60989
1.60989
1.60989
1.60989
1.60989
1.60989
1.60988
1.60988
1.60989
1.60989
1.60989
1.60989
60.2895
59.6038
59.1691
58.8922
58.7549
58.7549
58.8922
59.1691
59.6038
60.2895
59.6038
59.0178
58.5758
58.2807
58.1343
58.1343
58.2807
58.5758
59.0178
59.6038
59.1691
58.5758
58.1146
57.807
57.6552
57.6552
57.807
58.1146
58.5758
59.1691
58.8922
58.2807
57.807
57.4935
57.3392
57.3392
57.4935
57.807
58.2807
58.8922
58.7549
58.1343
57.6552
57.3392
57.1838
57.1838
57.3392
57.6552
58.1343
58.7549
58.7549
58.1343
57.6552
57.3392
57.1838
57.1838
57.3392
57.6552
58.1343
58.7549
58.8922
58.2807
57.807
57.4935
57.3392
57.3392
57.4935
57.807
58.2807
58.8922
59.1691
58.5758
58.1146
57.807
57.6552
57.6552
57.807
58.1146
58.5758
59.1691
59.6038
59.0178
58.5758
58.2807
58.1343
58.1343
58.2807
58.5758
59.0178
59.6038
60.2895
59.6038
59.1691
58.8922
58.7549
58.7549
58.8922
59.1691
59.6038
60.2895
58.1268
57.8503
57.6854
57.5768
57.5216
57.5216
57.5768
57.6854
57.8503
58.1268
57.8503
57.631
57.4444
57.3142
57.2491
57.2491
57.3142
57.4444
57.631
57.8503
57.6854
57.4444
57.2345
57.0905
57.0193
57.0193
57.0905
57.2345
57.4444
57.6854
57.5768
57.3142
57.0905
56.9392
56.8647
56.8647
56.9392
57.0905
57.3142
57.5768
57.5216
57.2491
57.0193
56.8647
56.7886
56.7886
56.8647
57.0193
57.2491
57.5216
57.5216
57.2491
57.0193
56.8647
56.7886
56.7886
56.8647
57.0193
57.2491
57.5216
57.5768
57.3142
57.0905
56.9392
56.8647
56.8647
56.9392
57.0905
57.3142
57.5768
57.6854
57.4444
57.2345
57.0905
57.0193
57.0193
57.0905
57.2345
57.4444
57.6854
57.8503
57.631
57.4444
57.3142
57.2491
57.2491
57.3142
57.4444
57.631
57.8503
58.1268
57.8503
57.6854
57.5768
57.5216
57.5216
57.5768
57.6854
57.8503
58.1268
56.6402
56.4892
56.396
56.331
56.2976
56.2976
56.331
56.396
56.4892
56.6402
56.4892
56.3691
56.2557
56.1736
56.1322
56.1322
56.1736
56.2557
56.3691
56.4892
56.396
56.2557
56.1234
56.0307
55.9847
55.9847
56.0307
56.1234
56.2557
56.396
56.331
56.1736
56.0307
55.9326
55.8842
55.8842
55.9326
56.0307
56.1736
56.331
56.2976
56.1322
55.9847
55.8842
55.8347
55.8347
55.8842
55.9847
56.1322
56.2976
56.2976
56.1322
55.9847
55.8842
55.8347
55.8347
55.8842
55.9847
56.1322
56.2976
56.331
56.1736
56.0307
55.9326
55.8842
55.8842
55.9326
56.0307
56.1736
56.331
56.396
56.2557
56.1234
56.0307
55.9847
55.9847
56.0307
56.1234
56.2557
56.396
56.4892
56.3691
56.2557
56.1736
56.1322
56.1322
56.1736
56.2557
56.3691
56.4892
56.6402
56.4892
56.396
56.331
56.2976
56.2976
56.331
56.396
56.4892
56.6402
53.0482
53.0135
52.9942
52.9784
52.97
52.97
52.9784
52.9942
53.0135
53.0482
53.0135
52.988
52.9532
52.9256
52.9117
52.9117
52.9256
52.9532
52.988
53.0135
52.9942
52.9532
52.9063
52.8722
52.8554
52.8554
52.8722
52.9063
52.9532
52.9942
52.9784
52.9256
52.8722
52.835
52.8168
52.8168
52.835
52.8722
52.9256
52.9784
52.97
52.9117
52.8554
52.8168
52.7978
52.7978
52.8168
52.8554
52.9117
52.97
52.97
52.9117
52.8554
52.8168
52.7978
52.7978
52.8168
52.8554
52.9117
52.97
52.9784
52.9256
52.8722
52.835
52.8168
52.8168
52.835
52.8722
52.9256
52.9784
52.9942
52.9532
52.9063
52.8722
52.8554
52.8554
52.8722
52.9063
52.9532
52.9942
53.0135
52.988
52.9532
52.9256
52.9117
52.9117
52.9256
52.9532
52.988
53.0135
53.0482
53.0135
52.9942
52.9784
52.97
52.97
52.9784
52.9942
53.0135
53.0482
50.0768
50.0699
50.0658
50.0609
50.0581
50.0581
50.0609
50.0658
50.0699
50.0768
50.0699
50.0665
50.0542
50.0432
50.0376
50.0376
50.0432
50.0542
50.0665
50.0699
50.0658
50.0542
50.0356
50.0213
50.0143
50.0143
50.0213
50.0356
50.0542
50.0658
50.0609
50.0432
50.0213
50.0056
49.9978
49.9978
50.0056
50.0213
50.0432
50.0609
50.0581
50.0376
50.0143
49.9978
49.9897
49.9897
49.9978
50.0143
50.0376
50.0581
50.0581
50.0376
50.0143
49.9978
49.9897
49.9897
49.9978
50.0143
50.0376
50.0581
50.0609
50.0432
50.0213
50.0056
49.9978
49.9978
50.0056
50.0213
50.0432
50.0609
50.0658
50.0542
50.0356
50.0213
50.0143
50.0143
50.0213
50.0356
50.0542
50.0658
50.0699
50.0665
50.0542
50.0432
50.0376
50.0376
50.0432
50.0542
50.0665
50.0699
50.0768
50.0699
50.0658
50.0609
50.0581
50.0581
50.0609
50.0658
50.0699
50.0768
46.7088
46.7122
46.7148
46.7153
46.7155
46.7155
46.7153
46.7148
46.7122
46.7088
46.7122
46.7158
46.7137
46.7109
46.7095
46.7095
46.7109
46.7137
46.7158
46.7122
46.7148
46.7137
46.7083
46.7039
46.7018
46.7018
46.7039
46.7083
46.7137
46.7148
46.7153
46.7109
46.7039
46.6988
46.6963
46.6963
46.6988
46.7039
46.7109
46.7153
46.7155
46.7095
46.7018
46.6963
46.6936
46.6936
46.6963
46.7018
46.7095
46.7155
46.7155
46.7095
46.7018
46.6963
46.6936
46.6936
46.6963
46.7018
46.7095
46.7155
46.7153
46.7109
46.7039
46.6988
46.6963
46.6963
46.6988
46.7039
46.7109
46.7153
46.7148
46.7137
46.7083
46.7039
46.7018
46.7018
46.7039
46.7083
46.7137
46.7148
46.7122
46.7158
46.7137
46.7109
46.7095
46.7095
46.7109
46.7137
46.7158
46.7122
46.7088
46.7122
46.7148
46.7153
46.7155
46.7155
46.7153
46.7148
46.7122
46.7088
43.5143
43.5185
43.5213
43.5225
43.5231
43.5231
43.5225
43.5213
43.5185
43.5143
43.5185
43.5228
43.5236
43.5235
43.5234
43.5234
43.5235
43.5236
43.5228
43.5185
43.5213
43.5236
43.5231
43.5223
43.522
43.522
43.5223
43.5231
43.5236
43.5213
43.5225
43.5235
43.5223
43.5213
43.5208
43.5208
43.5213
43.5223
43.5235
43.5225
43.5231
43.5234
43.522
43.5208
43.5203
43.5203
43.5208
43.522
43.5234
43.5231
43.5231
43.5234
43.522
43.5208
43.5203
43.5203
43.5208
43.522
43.5234
43.5231
43.5225
43.5235
43.5223
43.5213
43.5208
43.5208
43.5213
43.5223
43.5235
43.5225
43.5213
43.5236
43.5231
43.5223
43.522
43.522
43.5223
43.5231
43.5236
43.5213
43.5185
43.5228
43.5236
43.5235
43.5234
43.5234
43.5235
43.5236
43.5228
43.5185
43.5143
43.5185
43.5213
43.5225
43.5231
43.5231
43.5225
43.5213
43.5185
43.5143
40.2567
40.2595
40.2613
40.2623
40.2628
40.2628
40.2623
40.2613
40.2595
40.2567
40.2595
40.2621
40.263
40.2633
40.2635
40.2635
40.2633
40.263
40.2621
40.2595
40.2613
40.263
40.2633
40.2633
40.2634
40.2634
40.2633
40.2633
40.263
40.2613
40.2623
40.2633
40.2633
40.2633
40.2633
40.2633
40.2633
40.2633
40.2633
40.2623
40.2628
40.2635
40.2634
40.2633
40.2632
40.2632
40.2633
40.2634
40.2635
40.2628
40.2628
40.2635
40.2634
40.2633
40.2632
40.2632
40.2633
40.2634
40.2635
40.2628
40.2623
40.2633
40.2633
40.2633
40.2633
40.2633
40.2633
40.2633
40.2633
40.2623
40.2613
40.263
40.2633
40.2633
40.2634
40.2634
40.2633
40.2633
40.263
40.2613
40.2595
40.2621
40.263
40.2633
40.2635
40.2635
40.2633
40.263
40.2621
40.2595
40.2567
40.2595
40.2613
40.2623
40.2628
40.2628
40.2623
40.2613
40.2595
40.2567
37.038
37.0397
37.0408
37.0415
37.0418
37.0418
37.0415
37.0408
37.0397
37.038
37.0397
37.0413
37.0421
37.0426
37.0428
37.0428
37.0426
37.0421
37.0413
37.0397
37.0408
37.0421
37.0428
37.0431
37.0433
37.0433
37.0431
37.0428
37.0421
37.0408
37.0415
37.0426
37.0431
37.0434
37.0436
37.0436
37.0434
37.0431
37.0426
37.0415
37.0418
37.0428
37.0433
37.0436
37.0438
37.0438
37.0436
37.0433
37.0428
37.0418
37.0418
37.0428
37.0433
37.0436
37.0438
37.0438
37.0436
37.0433
37.0428
37.0418
37.0415
37.0426
37.0431
37.0434
37.0436
37.0436
37.0434
37.0431
37.0426
37.0415
37.0408
37.0421
37.0428
37.0431
37.0433
37.0433
37.0431
37.0428
37.0421
37.0408
37.0397
37.0413
37.0421
37.0426
37.0428
37.0428
37.0426
37.0421
37.0413
37.0397
37.038
37.0397
37.0408
37.0415
37.0418
37.0418
37.0415
37.0408
37.0397
37.038
33.8099
33.8108
33.8113
33.8117
33.8118
33.8118
33.8117
33.8113
33.8108
33.8099
33.8108
33.8115
33.812
33.8122
33.8124
33.8124
33.8122
33.812
33.8115
33.8108
33.8113
33.812
33.8123
33.8126
33.8127
33.8127
33.8126
33.8123
33.812
33.8113
33.8117
33.8122
33.8126
33.8128
33.8129
33.8129
33.8128
33.8126
33.8122
33.8117
33.8118
33.8124
33.8127
33.8129
33.813
33.813
33.8129
33.8127
33.8124
33.8118
33.8118
33.8124
33.8127
33.8129
33.813
33.813
33.8129
33.8127
33.8124
33.8118
33.8117
33.8122
33.8126
33.8128
33.8129
33.8129
33.8128
33.8126
33.8122
33.8117
33.8113
33.812
33.8123
33.8126
33.8127
33.8127
33.8126
33.8123
33.812
33.8113
33.8108
33.8115
33.812
33.8122
33.8124
33.8124
33.8122
33.812
33.8115
33.8108
33.8099
33.8108
33.8113
33.8117
33.8118
33.8118
33.8117
33.8113
33.8108
33.8099
30.5899
30.5903
30.5906
30.5908
30.5909
30.5909
30.5908
30.5906
30.5903
30.5899
30.5903
30.5907
30.591
30.5911
30.5912
30.5912
30.5911
30.591
30.5907
30.5903
30.5906
30.591
30.5912
30.5914
30.5915
30.5915
30.5914
30.5912
30.591
30.5906
30.5908
30.5911
30.5914
30.5915
30.5916
30.5916
30.5915
30.5914
30.5911
30.5908
30.5909
30.5912
30.5915
30.5916
30.5917
30.5917
30.5916
30.5915
30.5912
30.5909
30.5909
30.5912
30.5915
30.5916
30.5917
30.5917
30.5916
30.5915
30.5912
30.5909
30.5908
30.5911
30.5914
30.5915
30.5916
30.5916
30.5915
30.5914
30.5911
30.5908
30.5906
30.591
30.5912
30.5914
30.5915
30.5915
30.5914
30.5912
30.591
30.5906
30.5903
30.5907
30.591
30.5911
30.5912
30.5912
30.5911
30.591
30.5907
30.5903
30.5899
30.5903
30.5906
30.5908
30.5909
30.5909
30.5908
30.5906
30.5903
30.5899
27.3685
27.3687
27.3688
27.3689
27.3689
27.3689
27.3689
27.3688
27.3687
27.3685
27.3687
27.3688
27.369
27.369
27.3691
27.3691
27.369
27.369
27.3688
27.3687
27.3688
27.369
27.3691
27.3691
27.3692
27.3692
27.3691
27.3691
27.369
27.3688
27.3689
27.369
27.3691
27.3692
27.3693
27.3693
27.3692
27.3691
27.369
27.3689
27.3689
27.3691
27.3692
27.3693
27.3693
27.3693
27.3693
27.3692
27.3691
27.3689
27.3689
27.3691
27.3692
27.3693
27.3693
27.3693
27.3693
27.3692
27.3691
27.3689
27.3689
27.369
27.3691
27.3692
27.3693
27.3693
27.3692
27.3691
27.369
27.3689
27.3688
27.369
27.3691
27.3691
27.3692
27.3692
27.3691
27.3691
27.369
27.3688
27.3687
27.3688
27.369
27.369
27.3691
27.3691
27.369
27.369
27.3688
27.3687
27.3685
27.3687
27.3688
27.3689
27.3689
27.3689
27.3689
27.3688
27.3687
27.3685
24.1486
24.1487
24.1488
24.1488
24.1488
24.1488
24.1488
24.1488
24.1487
24.1486
24.1487
24.1488
24.1489
24.1489
24.1489
24.1489
24.1489
24.1489
24.1488
24.1487
24.1488
24.1489
24.1489
24.149
24.149
24.149
24.149
24.1489
24.1489
24.1488
24.1488
24.1489
24.149
24.149
24.149
24.149
24.149
24.149
24.1489
24.1488
24.1488
24.1489
24.149
24.149
24.1491
24.1491
24.149
24.149
24.1489
24.1488
24.1488
24.1489
24.149
24.149
24.1491
24.1491
24.149
24.149
24.1489
24.1488
24.1488
24.1489
24.149
24.149
24.149
24.149
24.149
24.149
24.1489
24.1488
24.1488
24.1489
24.1489
24.149
24.149
24.149
24.149
24.1489
24.1489
24.1488
24.1487
24.1488
24.1489
24.1489
24.1489
24.1489
24.1489
24.1489
24.1488
24.1487
24.1486
24.1487
24.1488
24.1488
24.1488
24.1488
24.1488
24.1488
24.1487
24.1486
20.9286
20.9286
20.9286
20.9286
20.9286
20.9286
20.9286
20.9286
20.9286
20.9286
20.9286
20.9286
20.9287
20.9287
20.9287
20.9287
20.9287
20.9287
20.9286
20.9286
20.9286
20.9287
20.9287
20.9287
20.9287
20.9287
20.9287
20.9287
20.9287
20.9286
20.9286
20.9287
20.9287
20.9287
20.9287
20.9287
20.9287
20.9287
20.9287
20.9286
20.9286
20.9287
20.9287
20.9287
20.9287
20.9287
20.9287
20.9287
20.9287
20.9286
20.9286
20.9287
20.9287
20.9287
20.9287
20.9287
20.9287
20.9287
20.9287
20.9286
20.9286
20.9287
20.9287
20.9287
20.9287
20.9287
20.9287
20.9287
20.9287
20.9286
20.9286
20.9287
20.9287
20.9287
20.9287
20.9287
20.9287
20.9287
20.9287
20.9286
20.9286
20.9286
20.9287
20.9287
20.9287
20.9287
20.9287
20.9287
20.9286
20.9286
20.9286
20.9286
20.9286
20.9286
20.9286
20.9286
20.9286
20.9286
20.9286
20.9286
17.7088
17.7088
17.7088
17.7088
17.7088
17.7088
17.7088
17.7088
17.7088
17.7088
17.7088
17.7088
17.7088
17.7088
17.7088
17.7088
17.7088
17.7088
17.7088
17.7088
17.7088
17.7088
17.7088
17.7089
17.7089
17.7089
17.7089
17.7088
17.7088
17.7088
17.7088
17.7088
17.7089
17.7089
17.7089
17.7089
17.7089
17.7089
17.7088
17.7088
17.7088
17.7088
17.7089
17.7089
17.7089
17.7089
17.7089
17.7089
17.7088
17.7088
17.7088
17.7088
17.7089
17.7089
17.7089
17.7089
17.7089
17.7089
17.7088
17.7088
17.7088
17.7088
17.7089
17.7089
17.7089
17.7089
17.7089
17.7089
17.7088
17.7088
17.7088
17.7088
17.7088
17.7089
17.7089
17.7089
17.7089
17.7088
17.7088
17.7088
17.7088
17.7088
17.7088
17.7088
17.7088
17.7088
17.7088
17.7088
17.7088
17.7088
17.7088
17.7088
17.7088
17.7088
17.7088
17.7088
17.7088
17.7088
17.7088
17.7088
14.489
14.489
14.489
14.489
14.489
14.489
14.489
14.489
14.489
14.489
14.489
14.489
14.489
14.489
14.489
14.489
14.489
14.489
14.489
14.489
14.489
14.489
14.489
14.489
14.489
14.489
14.489
14.489
14.489
14.489
14.489
14.489
14.489
14.489
14.489
14.489
14.489
14.489
14.489
14.489
14.489
14.489
14.489
14.489
14.489
14.489
14.489
14.489
14.489
14.489
14.489
14.489
14.489
14.489
14.489
14.489
14.489
14.489
14.489
14.489
14.489
14.489
14.489
14.489
14.489
14.489
14.489
14.489
14.489
14.489
14.489
14.489
14.489
14.489
14.489
14.489
14.489
14.489
14.489
14.489
14.489
14.489
14.489
14.489
14.489
14.489
14.489
14.489
14.489
14.489
14.489
14.489
14.489
14.489
14.489
14.489
14.489
14.489
14.489
14.489
11.2692
11.2692
11.2692
11.2692
11.2692
11.2692
11.2692
11.2692
11.2692
11.2692
11.2692
11.2692
11.2692
11.2692
11.2692
11.2692
11.2692
11.2692
11.2692
11.2692
11.2692
11.2692
11.2692
11.2692
11.2692
11.2692
11.2692
11.2692
11.2692
11.2692
11.2692
11.2692
11.2692
11.2692
11.2692
11.2692
11.2692
11.2692
11.2692
11.2692
11.2692
11.2692
11.2692
11.2692
11.2692
11.2692
11.2692
11.2692
11.2692
11.2692
11.2692
11.2692
11.2692
11.2692
11.2692
11.2692
11.2692
11.2692
11.2692
11.2692
11.2692
11.2692
11.2692
11.2692
11.2692
11.2692
11.2692
11.2692
11.2692
11.2692
11.2692
11.2692
11.2692
11.2692
11.2692
11.2692
11.2692
11.2692
11.2692
11.2692
11.2692
11.2692
11.2692
11.2692
11.2692
11.2692
11.2692
11.2692
11.2692
11.2692
11.2692
11.2692
11.2692
11.2692
11.2692
11.2692
11.2692
11.2692
11.2692
11.2692
8.04943
8.04943
8.04943
8.04943
8.04943
8.04943
8.04943
8.04943
8.04943
8.04943
8.04943
8.04943
8.04943
8.04943
8.04943
8.04943
8.04943
8.04943
8.04943
8.04943
8.04943
8.04943
8.04943
8.04943
8.04943
8.04943
8.04943
8.04943
8.04943
8.04943
8.04943
8.04943
8.04943
8.04943
8.04944
8.04944
8.04943
8.04943
8.04943
8.04943
8.04943
8.04943
8.04943
8.04944
8.04944
8.04944
8.04944
8.04943
8.04943
8.04943
8.04943
8.04943
8.04943
8.04944
8.04944
8.04944
8.04944
8.04943
8.04943
8.04943
8.04943
8.04943
8.04943
8.04943
8.04944
8.04944
8.04943
8.04943
8.04943
8.04943
8.04943
8.04943
8.04943
8.04943
8.04943
8.04943
8.04943
8.04943
8.04943
8.04943
8.04943
8.04943
8.04943
8.04943
8.04943
8.04943
8.04943
8.04943
8.04943
8.04943
8.04943
8.04943
8.04943
8.04943
8.04943
8.04943
8.04943
8.04943
8.04943
8.04943
4.82966
4.82966
4.82966
4.82966
4.82966
4.82966
4.82966
4.82966
4.82966
4.82966
4.82966
4.82966
4.82966
4.82966
4.82966
4.82966
4.82966
4.82966
4.82966
4.82966
4.82966
4.82966
4.82966
4.82966
4.82966
4.82966
4.82966
4.82966
4.82966
4.82966
4.82966
4.82966
4.82966
4.82966
4.82966
4.82966
4.82966
4.82966
4.82966
4.82966
4.82966
4.82966
4.82966
4.82966
4.82966
4.82966
4.82966
4.82966
4.82966
4.82966
4.82966
4.82966
4.82966
4.82966
4.82966
4.82966
4.82966
4.82966
4.82966
4.82966
4.82966
4.82966
4.82966
4.82966
4.82966
4.82966
4.82966
4.82966
4.82966
4.82966
4.82966
4.82966
4.82966
4.82966
4.82966
4.82966
4.82966
4.82966
4.82966
4.82966
4.82966
4.82966
4.82966
4.82966
4.82966
4.82966
4.82966
4.82966
4.82966
4.82966
4.82966
4.82966
4.82966
4.82966
4.82966
4.82966
4.82966
4.82966
4.82966
4.82966
1.60989
1.60989
1.60988
1.60988
1.60988
1.60988
1.60988
1.60988
1.60989
1.60989
1.60989
1.60988
1.60988
1.60988
1.60988
1.60988
1.60988
1.60988
1.60988
1.60989
1.60988
1.60988
1.60988
1.60988
1.60988
1.60988
1.60988
1.60988
1.60988
1.60988
1.60988
1.60988
1.60988
1.60988
1.60988
1.60988
1.60988
1.60988
1.60988
1.60988
1.60988
1.60988
1.60988
1.60988
1.60988
1.60988
1.60988
1.60988
1.60988
1.60988
1.60988
1.60988
1.60988
1.60988
1.60988
1.60988
1.60988
1.60988
1.60988
1.60988
1.60988
1.60988
1.60988
1.60988
1.60988
1.60988
1.60988
1.60988
1.60988
1.60988
1.60988
1.60988
1.60988
1.60988
1.60988
1.60988
1.60988
1.60988
1.60988
1.60989
1.60989
1.60988
1.60988
1.60988
1.60988
1.60988
1.60988
1.60988
1.60988
1.60989
1.60989
1.60989
1.60988
1.60988
1.60988
1.60988
1.60988
1.60989
1.60989
1.60989
)
;

boundaryField
{
    fixedWalls
    {
        type            zeroGradient;
    }
    inlet
    {
        type            fixedGradient;
        gradient        uniform 0;
    }
    outlet
    {
        type            fixedValue;
        value           uniform 0;
    }
}


// ************************************************************************* //
