/*--------------------------------*- C++ -*----------------------------------*\
| =========                 |                                                 |
| \\      /  F ield         | OpenFOAM: The Open Source CFD Toolbox           |
|  \\    /   O peration     | Version:  2106                                  |
|   \\  /    A nd           | Website:  www.openfoam.com                      |
|    \\/     M anipulation  |                                                 |
\*---------------------------------------------------------------------------*/
FoamFile
{
    version     2.0;
    format      ascii;
    arch        "LSB;label=32;scalar=64";
    class       volScalarField;
    location    "0.2";
    object      p;
}
// * * * * * * * * * * * * * * * * * * * * * * * * * * * * * * * * * * * * * //

dimensions      [0 2 -2 0 0 0 0];

internalField   nonuniform List<scalar> 
10000
(
124.708
124.166
123.82
123.568
123.437
123.437
123.568
123.82
124.166
124.708
116.208
115.417
114.891
114.52
114.328
114.328
114.52
114.891
115.417
116.208
109.153
108.243
107.644
107.227
107.012
107.013
107.227
107.644
108.243
109.153
104.279
103.345
102.739
102.324
102.111
102.111
102.324
102.739
103.345
104.279
100.63
99.7055
99.11
98.7101
98.5053
98.5053
98.7101
99.11
99.7055
100.63
97.6898
96.7955
96.2193
95.8421
95.6494
95.6494
95.8421
96.2193
96.7955
97.6898
95.2835
94.4389
93.8916
93.5432
93.3659
93.3659
93.5432
93.8916
94.4389
95.2835
93.3088
92.5353
92.028
91.7131
91.5536
91.5536
91.7131
92.028
92.5353
93.3088
91.6839
90.9978
90.5428
90.2657
90.1257
90.1257
90.2657
90.5428
90.9978
91.6839
90.4087
89.7481
89.3552
89.1166
88.9959
88.9959
89.1166
89.3552
89.7481
90.4088
90.0838
90.2419
90.4127
90.5288
90.5889
90.5889
90.5288
90.4127
90.2419
90.0838
90.3729
90.4547
90.5654
90.6372
90.6739
90.6739
90.6372
90.5654
90.4547
90.3729
90.2309
90.2196
90.2592
90.2804
90.2909
90.2909
90.2804
90.2592
90.2196
90.2309
89.7558
89.6605
89.6362
89.6141
89.6021
89.6021
89.6141
89.6362
89.6605
89.7558
89.1342
88.9713
88.8939
88.8377
88.8082
88.8082
88.8377
88.8939
88.9713
89.1342
88.4601
88.2473
88.1281
88.047
88.0048
88.0048
88.047
88.1281
88.2473
88.4601
87.7806
87.5369
87.3883
87.2916
87.2417
87.2417
87.2916
87.3883
87.5369
87.7806
87.122
86.869
86.7057
86.6025
86.5494
86.5494
86.6025
86.7057
86.869
87.122
86.5081
86.2631
86.0985
85.9965
85.9438
85.9438
85.9965
86.0985
86.2631
86.5081
86.0125
85.7228
85.5631
85.4648
85.4136
85.4136
85.4648
85.5631
85.7228
86.0125
84.4887
84.47
84.4652
84.4584
84.4551
84.4551
84.4584
84.4652
84.47
84.4887
84.7887
84.7648
84.7569
84.7468
84.7415
84.7415
84.7468
84.7569
84.7648
84.7887
85.0165
84.9731
84.9522
84.9317
84.9208
84.9208
84.9317
84.9522
84.9732
85.0165
84.9972
84.9221
84.8795
84.8436
84.8246
84.8246
84.8436
84.8795
84.9221
84.9972
84.811
84.7032
84.6376
84.5869
84.5601
84.5601
84.5869
84.6376
84.7032
84.811
84.5403
84.4045
84.3183
84.2555
84.2225
84.2225
84.2555
84.3183
84.4045
84.5403
84.228
84.0718
83.9693
83.8982
83.861
83.861
83.8982
83.9693
84.0718
84.228
83.8978
83.7321
83.6197
83.5444
83.5053
83.5053
83.5444
83.6197
83.7321
83.8978
83.5734
83.4072
83.291
83.2153
83.1759
83.1759
83.2153
83.291
83.4072
83.5734
83.3027
83.1043
82.9876
82.9128
82.874
82.874
82.9128
82.9876
83.1043
83.3027
78.4
78.4167
78.438
78.4521
78.4596
78.4596
78.4521
78.438
78.4167
78.4
78.5418
78.5597
78.5825
78.5975
78.6054
78.6054
78.5975
78.5825
78.5597
78.5418
78.6463
78.6599
78.6804
78.6933
78.7002
78.7002
78.6933
78.6804
78.6599
78.6463
78.6739
78.6764
78.6892
78.6964
78.7002
78.7002
78.6964
78.6892
78.6764
78.6739
78.6428
78.6312
78.6334
78.6333
78.6332
78.6332
78.6333
78.6334
78.6312
78.6428
78.5722
78.5463
78.5373
78.5298
78.5257
78.5257
78.5298
78.5373
78.5463
78.5723
78.474
78.4355
78.4162
78.4023
78.3949
78.3949
78.4023
78.4162
78.4355
78.474
78.3564
78.3097
78.2823
78.2636
78.2537
78.2537
78.2636
78.2823
78.3097
78.3564
78.2314
78.18
78.1467
78.1246
78.1129
78.1129
78.1246
78.1467
78.18
78.2314
78.1277
78.0528
78.0128
77.9868
77.9731
77.9731
77.9868
78.0128
78.0528
78.1277
73.6911
73.6894
73.6892
73.6883
73.6879
73.6879
73.6883
73.6892
73.6894
73.6911
73.7534
73.7536
73.7552
73.7555
73.7556
73.7556
73.7555
73.7552
73.7536
73.7534
73.8138
73.814
73.816
73.8162
73.8163
73.8163
73.8162
73.816
73.814
73.8138
73.8484
73.8457
73.8457
73.8444
73.8436
73.8436
73.8444
73.8457
73.8457
73.8484
73.8585
73.8512
73.8478
73.844
73.8419
73.8419
73.844
73.8478
73.8512
73.8585
73.8497
73.8369
73.8295
73.8229
73.8193
73.8193
73.8229
73.8295
73.8369
73.8497
73.8262
73.808
73.7965
73.7874
73.7825
73.7825
73.7874
73.7965
73.808
73.8262
73.7916
73.7695
73.7545
73.7434
73.7373
73.7373
73.7434
73.7545
73.7695
73.7916
73.7521
73.727
73.709
73.6961
73.6893
73.6893
73.6961
73.709
73.727
73.7521
73.7192
73.683
73.6613
73.6466
73.6389
73.6389
73.6466
73.6613
73.683
73.7192
68.8328
68.835
68.8378
68.8396
68.8406
68.8406
68.8396
68.8378
68.835
68.8328
68.8564
68.8595
68.8631
68.8654
68.8667
68.8667
68.8654
68.8631
68.8595
68.8564
68.8779
68.8811
68.8851
68.8877
68.8891
68.8891
68.8877
68.8851
68.8811
68.8779
68.8907
68.8931
68.8966
68.8988
68.8999
68.8999
68.8988
68.8966
68.8931
68.8907
68.8951
68.8957
68.8981
68.8993
68.8999
68.8999
68.8993
68.8981
68.8957
68.8951
68.8921
68.8905
68.8911
68.8911
68.8911
68.8911
68.8911
68.8911
68.8905
68.8921
68.8826
68.8786
68.8773
68.876
68.8753
68.8753
68.876
68.8773
68.8786
68.8826
68.8677
68.8617
68.8586
68.8561
68.8548
68.8548
68.8561
68.8586
68.8617
68.8677
68.8498
68.8421
68.8372
68.8336
68.8316
68.8316
68.8336
68.8372
68.8421
68.8498
68.8349
68.8212
68.8137
68.8086
68.8059
68.8059
68.8086
68.8137
68.8212
68.8349
64.1081
64.108
64.108
64.1079
64.1079
64.1079
64.1079
64.108
64.108
64.1081
64.1177
64.1181
64.1185
64.1187
64.1188
64.1188
64.1187
64.1185
64.1181
64.1177
64.1283
64.1289
64.1296
64.13
64.1301
64.1301
64.13
64.1296
64.1289
64.1283
64.1364
64.1369
64.1376
64.1379
64.138
64.138
64.1379
64.1376
64.1369
64.1364
64.1416
64.1417
64.1421
64.1421
64.1421
64.1421
64.1421
64.1421
64.1417
64.1416
64.1442
64.1436
64.1435
64.1431
64.1429
64.1429
64.1431
64.1435
64.1436
64.1442
64.1444
64.143
64.1422
64.1414
64.1409
64.1409
64.1414
64.1422
64.143
64.1444
64.1425
64.1403
64.1389
64.1377
64.137
64.137
64.1377
64.1389
64.1403
64.1425
64.1395
64.1366
64.1345
64.1327
64.1318
64.1318
64.1327
64.1345
64.1366
64.1395
64.1374
64.1321
64.1289
64.1266
64.1253
64.1253
64.1266
64.1289
64.1321
64.1374
59.3494
59.3498
59.3503
59.3506
59.3507
59.3507
59.3506
59.3503
59.3498
59.3494
59.353
59.3536
59.3542
59.3546
59.3548
59.3548
59.3546
59.3542
59.3536
59.353
59.3567
59.3573
59.3581
59.3586
59.3588
59.3588
59.3586
59.3581
59.3573
59.3567
59.3594
59.3601
59.3608
59.3613
59.3616
59.3616
59.3613
59.3608
59.3601
59.3594
59.3612
59.3616
59.3623
59.3627
59.3629
59.3629
59.3627
59.3623
59.3617
59.3612
59.3619
59.3621
59.3625
59.3628
59.3629
59.3629
59.3628
59.3625
59.3621
59.3619
59.3616
59.3614
59.3616
59.3616
59.3617
59.3617
59.3616
59.3616
59.3614
59.3616
59.3603
59.3598
59.3597
59.3595
59.3594
59.3594
59.3595
59.3597
59.3598
59.3603
59.3584
59.3576
59.3571
59.3566
59.3564
59.3564
59.3566
59.3571
59.3576
59.3584
59.3569
59.3549
59.3538
59.353
59.3526
59.3526
59.353
59.3538
59.3549
59.3569
54.6073
54.6073
54.6073
54.6073
54.6073
54.6073
54.6073
54.6073
54.6073
54.6073
54.6088
54.6088
54.6089
54.609
54.609
54.609
54.609
54.6089
54.6088
54.6088
54.6105
54.6107
54.6108
54.6109
54.611
54.611
54.6109
54.6108
54.6107
54.6105
54.6121
54.6123
54.6125
54.6126
54.6126
54.6126
54.6126
54.6125
54.6123
54.6121
54.6134
54.6136
54.6138
54.6138
54.6139
54.6139
54.6138
54.6138
54.6136
54.6134
54.6144
54.6145
54.6146
54.6147
54.6147
54.6147
54.6147
54.6146
54.6145
54.6144
54.615
54.6151
54.6151
54.6151
54.6151
54.6151
54.6151
54.6151
54.6151
54.615
54.6154
54.6153
54.6153
54.6152
54.6152
54.6152
54.6152
54.6153
54.6153
54.6154
54.6156
54.6154
54.6152
54.6151
54.615
54.615
54.6151
54.6152
54.6154
54.6156
54.6159
54.6153
54.6149
54.6146
54.6145
54.6145
54.6146
54.6149
54.6153
54.6159
49.858
49.858
49.8581
49.8582
49.8582
49.8582
49.8582
49.8581
49.858
49.858
49.8585
49.8586
49.8587
49.8588
49.8589
49.8589
49.8588
49.8587
49.8586
49.8585
49.8591
49.8593
49.8594
49.8595
49.8595
49.8595
49.8595
49.8594
49.8593
49.8591
49.8597
49.8598
49.86
49.8601
49.8601
49.8601
49.8601
49.86
49.8598
49.8597
49.8601
49.8602
49.8604
49.8605
49.8605
49.8605
49.8605
49.8604
49.8602
49.8601
49.8604
49.8605
49.8606
49.8607
49.8608
49.8608
49.8607
49.8606
49.8605
49.8604
49.8606
49.8606
49.8607
49.8608
49.8608
49.8608
49.8608
49.8607
49.8606
49.8606
49.8606
49.8606
49.8607
49.8607
49.8607
49.8607
49.8607
49.8607
49.8606
49.8606
49.8605
49.8605
49.8605
49.8605
49.8605
49.8605
49.8605
49.8605
49.8605
49.8605
49.8605
49.8603
49.8602
49.8601
49.86
49.86
49.8601
49.8602
49.8603
49.8605
45.1109
45.1109
45.111
45.111
45.111
45.111
45.111
45.111
45.1109
45.1109
45.1112
45.1112
45.1112
45.1112
45.1112
45.1112
45.1112
45.1112
45.1112
45.1112
45.1115
45.1115
45.1115
45.1115
45.1116
45.1116
45.1115
45.1115
45.1115
45.1115
45.1118
45.1118
45.1119
45.1119
45.1119
45.1119
45.1119
45.1119
45.1118
45.1118
45.112
45.1121
45.1121
45.1122
45.1122
45.1122
45.1122
45.1121
45.1121
45.112
45.1123
45.1124
45.1124
45.1124
45.1124
45.1124
45.1124
45.1124
45.1124
45.1123
45.1125
45.1126
45.1126
45.1126
45.1126
45.1126
45.1126
45.1126
45.1126
45.1125
45.1127
45.1127
45.1128
45.1128
45.1128
45.1128
45.1128
45.1128
45.1127
45.1127
45.1129
45.1129
45.1129
45.1129
45.1129
45.1129
45.1129
45.1129
45.1129
45.1129
45.1131
45.113
45.113
45.113
45.113
45.113
45.113
45.113
45.113
45.1131
40.3624
40.3624
40.3624
40.3624
40.3624
40.3624
40.3624
40.3624
40.3624
40.3624
40.3625
40.3625
40.3625
40.3625
40.3625
40.3625
40.3625
40.3625
40.3625
40.3625
40.3626
40.3626
40.3626
40.3627
40.3627
40.3627
40.3627
40.3626
40.3626
40.3626
40.3627
40.3627
40.3627
40.3628
40.3628
40.3628
40.3628
40.3627
40.3627
40.3627
40.3628
40.3628
40.3628
40.3629
40.3629
40.3629
40.3629
40.3628
40.3628
40.3628
40.3629
40.3629
40.3629
40.363
40.363
40.363
40.363
40.3629
40.3629
40.3629
40.3629
40.363
40.363
40.363
40.363
40.363
40.363
40.363
40.363
40.3629
40.363
40.363
40.363
40.3631
40.3631
40.3631
40.3631
40.363
40.363
40.363
40.363
40.363
40.3631
40.3631
40.3631
40.3631
40.3631
40.3631
40.363
40.363
40.3631
40.3631
40.3631
40.3631
40.3631
40.3631
40.3631
40.3631
40.3631
40.3631
35.6142
35.6142
35.6142
35.6142
35.6142
35.6142
35.6142
35.6142
35.6142
35.6142
35.6142
35.6142
35.6142
35.6142
35.6142
35.6142
35.6142
35.6142
35.6142
35.6142
35.6143
35.6143
35.6143
35.6143
35.6143
35.6143
35.6143
35.6143
35.6143
35.6143
35.6143
35.6143
35.6143
35.6143
35.6143
35.6143
35.6143
35.6143
35.6143
35.6143
35.6144
35.6144
35.6144
35.6144
35.6144
35.6144
35.6144
35.6144
35.6144
35.6144
35.6144
35.6144
35.6145
35.6145
35.6145
35.6145
35.6145
35.6145
35.6144
35.6144
35.6145
35.6145
35.6145
35.6145
35.6145
35.6145
35.6145
35.6145
35.6145
35.6145
35.6145
35.6146
35.6146
35.6146
35.6146
35.6146
35.6146
35.6146
35.6146
35.6145
35.6146
35.6146
35.6146
35.6146
35.6146
35.6146
35.6146
35.6146
35.6146
35.6146
35.6147
35.6147
35.6147
35.6147
35.6147
35.6147
35.6147
35.6147
35.6147
35.6147
30.8656
30.8656
30.8656
30.8656
30.8656
30.8656
30.8656
30.8656
30.8656
30.8656
30.8656
30.8656
30.8656
30.8657
30.8657
30.8657
30.8657
30.8656
30.8656
30.8656
30.8657
30.8657
30.8657
30.8657
30.8657
30.8657
30.8657
30.8657
30.8657
30.8657
30.8657
30.8657
30.8657
30.8657
30.8657
30.8657
30.8657
30.8657
30.8657
30.8657
30.8657
30.8657
30.8657
30.8657
30.8657
30.8657
30.8657
30.8657
30.8657
30.8657
30.8657
30.8657
30.8657
30.8657
30.8657
30.8657
30.8657
30.8657
30.8657
30.8657
30.8657
30.8657
30.8658
30.8658
30.8658
30.8658
30.8658
30.8658
30.8657
30.8657
30.8658
30.8658
30.8658
30.8658
30.8658
30.8658
30.8658
30.8658
30.8658
30.8658
30.8658
30.8658
30.8658
30.8658
30.8658
30.8658
30.8658
30.8658
30.8658
30.8658
30.8658
30.8658
30.8658
30.8658
30.8658
30.8658
30.8658
30.8658
30.8658
30.8658
26.1171
26.1171
26.1171
26.1171
26.1171
26.1171
26.1171
26.1171
26.1171
26.1171
26.1171
26.1171
26.1171
26.1171
26.1171
26.1171
26.1171
26.1171
26.1171
26.1171
26.1171
26.1171
26.1171
26.1171
26.1171
26.1171
26.1171
26.1171
26.1171
26.1171
26.1171
26.1171
26.1171
26.1172
26.1172
26.1172
26.1172
26.1171
26.1171
26.1171
26.1172
26.1172
26.1172
26.1172
26.1172
26.1172
26.1172
26.1172
26.1172
26.1172
26.1172
26.1172
26.1172
26.1172
26.1172
26.1172
26.1172
26.1172
26.1172
26.1172
26.1172
26.1172
26.1172
26.1172
26.1172
26.1172
26.1172
26.1172
26.1172
26.1172
26.1172
26.1172
26.1172
26.1172
26.1172
26.1172
26.1172
26.1172
26.1172
26.1172
26.1172
26.1172
26.1172
26.1172
26.1172
26.1172
26.1172
26.1172
26.1172
26.1172
26.1172
26.1172
26.1172
26.1172
26.1172
26.1172
26.1172
26.1172
26.1172
26.1172
21.3686
21.3686
21.3686
21.3686
21.3686
21.3686
21.3686
21.3686
21.3686
21.3686
21.3686
21.3686
21.3686
21.3686
21.3686
21.3686
21.3686
21.3686
21.3686
21.3686
21.3686
21.3686
21.3686
21.3686
21.3686
21.3686
21.3686
21.3686
21.3686
21.3686
21.3686
21.3686
21.3686
21.3686
21.3686
21.3686
21.3686
21.3686
21.3686
21.3686
21.3686
21.3686
21.3686
21.3686
21.3686
21.3686
21.3686
21.3686
21.3686
21.3686
21.3686
21.3686
21.3686
21.3686
21.3686
21.3686
21.3686
21.3686
21.3686
21.3686
21.3686
21.3686
21.3686
21.3686
21.3686
21.3686
21.3686
21.3686
21.3686
21.3686
21.3686
21.3686
21.3686
21.3686
21.3686
21.3686
21.3686
21.3686
21.3686
21.3686
21.3686
21.3686
21.3686
21.3686
21.3686
21.3686
21.3686
21.3686
21.3686
21.3686
21.3686
21.3686
21.3686
21.3686
21.3686
21.3686
21.3686
21.3686
21.3686
21.3686
16.62
16.62
16.62
16.62
16.62
16.62
16.62
16.62
16.62
16.62
16.62
16.62
16.62
16.62
16.62
16.62
16.62
16.62
16.62
16.62
16.62
16.62
16.62
16.62
16.62
16.62
16.62
16.62
16.62
16.62
16.62
16.62
16.62
16.62
16.62
16.62
16.62
16.62
16.62
16.62
16.62
16.62
16.62
16.62
16.62
16.62
16.62
16.62
16.62
16.62
16.62
16.62
16.62
16.62
16.62
16.62
16.62
16.62
16.62
16.62
16.62
16.62
16.62
16.62
16.62
16.62
16.62
16.62
16.62
16.62
16.62
16.62
16.62
16.62
16.62
16.62
16.62
16.62
16.62
16.62
16.62
16.62
16.62
16.62
16.62
16.62
16.62
16.62
16.62
16.62
16.62
16.62
16.62
16.62
16.62
16.62
16.62
16.62
16.62
16.62
11.8714
11.8714
11.8714
11.8714
11.8714
11.8714
11.8714
11.8714
11.8714
11.8714
11.8714
11.8714
11.8714
11.8714
11.8714
11.8714
11.8714
11.8714
11.8714
11.8714
11.8714
11.8714
11.8714
11.8714
11.8714
11.8714
11.8714
11.8714
11.8714
11.8714
11.8714
11.8714
11.8714
11.8714
11.8714
11.8714
11.8714
11.8714
11.8714
11.8714
11.8714
11.8714
11.8714
11.8714
11.8714
11.8714
11.8714
11.8714
11.8714
11.8714
11.8714
11.8714
11.8714
11.8714
11.8714
11.8714
11.8714
11.8714
11.8714
11.8714
11.8714
11.8714
11.8714
11.8714
11.8714
11.8714
11.8714
11.8714
11.8714
11.8714
11.8714
11.8714
11.8714
11.8714
11.8714
11.8714
11.8714
11.8714
11.8714
11.8714
11.8714
11.8714
11.8714
11.8714
11.8714
11.8714
11.8714
11.8714
11.8714
11.8714
11.8714
11.8714
11.8714
11.8714
11.8714
11.8714
11.8714
11.8714
11.8714
11.8714
7.1228
7.1228
7.1228
7.1228
7.12281
7.12281
7.1228
7.1228
7.1228
7.1228
7.12278
7.12278
7.12278
7.12278
7.12278
7.12278
7.12278
7.12278
7.12278
7.12278
7.12278
7.12278
7.12278
7.12278
7.12278
7.12278
7.12278
7.12278
7.12278
7.12278
7.12279
7.1228
7.1228
7.1228
7.1228
7.1228
7.1228
7.1228
7.12279
7.12279
7.12281
7.12281
7.12281
7.12281
7.12281
7.12281
7.12281
7.12281
7.12281
7.12281
7.12281
7.12282
7.12282
7.12282
7.12282
7.12282
7.12282
7.12282
7.12282
7.12281
7.12282
7.12282
7.12282
7.12282
7.12282
7.12282
7.12282
7.12282
7.12282
7.12282
7.12282
7.12283
7.12283
7.12283
7.12283
7.12283
7.12283
7.12283
7.12283
7.12282
7.12283
7.12283
7.12283
7.12283
7.12283
7.12283
7.12283
7.12283
7.12283
7.12283
7.12283
7.12283
7.12283
7.12283
7.12283
7.12283
7.12283
7.12283
7.12283
7.12283
2.37425
2.37425
2.37425
2.37425
2.37425
2.37425
2.37425
2.37425
2.37425
2.37425
2.37423
2.37423
2.37423
2.37423
2.37423
2.37423
2.37423
2.37423
2.37423
2.37423
2.37423
2.37423
2.37423
2.37423
2.37423
2.37423
2.37423
2.37423
2.37423
2.37423
2.37424
2.37424
2.37424
2.37424
2.37424
2.37424
2.37424
2.37424
2.37424
2.37424
2.37424
2.37424
2.37425
2.37425
2.37425
2.37425
2.37425
2.37425
2.37424
2.37424
2.37425
2.37425
2.37425
2.37425
2.37425
2.37425
2.37425
2.37425
2.37425
2.37424
2.37425
2.37425
2.37425
2.37425
2.37425
2.37425
2.37425
2.37425
2.37425
2.37424
2.37424
2.37424
2.37424
2.37425
2.37425
2.37425
2.37425
2.37424
2.37424
2.37424
2.37424
2.37424
2.37424
2.37424
2.37424
2.37424
2.37424
2.37424
2.37424
2.37424
2.37424
2.37424
2.37424
2.37424
2.37424
2.37424
2.37424
2.37424
2.37424
2.37424
124.708
124.166
123.82
123.568
123.437
123.437
123.568
123.82
124.166
124.708
116.208
115.417
114.891
114.52
114.328
114.328
114.52
114.891
115.417
116.208
109.153
108.243
107.644
107.227
107.013
107.013
107.227
107.644
108.243
109.153
104.279
103.345
102.739
102.324
102.111
102.111
102.324
102.739
103.345
104.279
100.63
99.7055
99.11
98.7101
98.5053
98.5053
98.7101
99.11
99.7055
100.63
97.6898
96.7955
96.2194
95.8422
95.6495
95.6495
95.8422
96.2194
96.7955
97.6898
95.2835
94.4389
93.8916
93.5432
93.3659
93.3659
93.5432
93.8916
94.4389
95.2835
93.3088
92.5353
92.028
91.7131
91.5536
91.5536
91.7131
92.028
92.5353
93.3088
91.6839
90.9978
90.5428
90.2658
90.1257
90.1257
90.2658
90.5428
90.9978
91.6839
90.4088
89.7481
89.3552
89.1167
88.996
88.996
89.1167
89.3552
89.7481
90.4088
90.0838
90.2419
90.4127
90.5288
90.5889
90.5889
90.5288
90.4127
90.2419
90.0838
90.3729
90.4547
90.5654
90.6372
90.674
90.674
90.6372
90.5654
90.4547
90.3729
90.2309
90.2196
90.2592
90.2805
90.2909
90.2909
90.2805
90.2592
90.2196
90.2309
89.7558
89.6605
89.6362
89.6141
89.6021
89.6021
89.6141
89.6362
89.6605
89.7558
89.1342
88.9713
88.8939
88.8377
88.8082
88.8082
88.8377
88.8939
88.9713
89.1342
88.4601
88.2473
88.1281
88.047
88.0048
88.0048
88.047
88.1281
88.2473
88.4601
87.7806
87.5369
87.3884
87.2916
87.2417
87.2417
87.2916
87.3884
87.5369
87.7806
87.122
86.869
86.7057
86.6025
86.5494
86.5494
86.6025
86.7057
86.869
87.122
86.5081
86.2632
86.0985
85.9965
85.9438
85.9438
85.9965
86.0986
86.2632
86.5081
86.0125
85.7228
85.5631
85.4648
85.4136
85.4136
85.4648
85.5631
85.7228
86.0125
84.4887
84.47
84.4652
84.4584
84.4551
84.4551
84.4584
84.4652
84.47
84.4888
84.7887
84.7648
84.7569
84.7468
84.7415
84.7415
84.7468
84.7569
84.7649
84.7887
85.0165
84.9732
84.9522
84.9317
84.9208
84.9208
84.9317
84.9522
84.9732
85.0165
84.9972
84.9221
84.8795
84.8436
84.8246
84.8246
84.8436
84.8795
84.9221
84.9972
84.811
84.7032
84.6376
84.5869
84.5601
84.5601
84.5869
84.6376
84.7032
84.811
84.5403
84.4045
84.3183
84.2555
84.2225
84.2225
84.2555
84.3183
84.4045
84.5403
84.228
84.0718
83.9693
83.8982
83.861
83.861
83.8982
83.9693
84.0719
84.228
83.8978
83.7321
83.6197
83.5444
83.5053
83.5053
83.5444
83.6197
83.7321
83.8978
83.5734
83.4072
83.291
83.2153
83.1759
83.1759
83.2153
83.2911
83.4072
83.5734
83.3027
83.1043
82.9876
82.9128
82.874
82.874
82.9128
82.9876
83.1043
83.3027
78.4
78.4167
78.438
78.4521
78.4596
78.4596
78.4521
78.438
78.4167
78.4
78.5418
78.5597
78.5825
78.5975
78.6054
78.6054
78.5975
78.5825
78.5597
78.5419
78.6463
78.6599
78.6804
78.6933
78.7002
78.7002
78.6933
78.6804
78.6599
78.6463
78.6739
78.6764
78.6892
78.6964
78.7002
78.7002
78.6964
78.6892
78.6764
78.6739
78.6428
78.6312
78.6334
78.6333
78.6332
78.6332
78.6333
78.6334
78.6312
78.6428
78.5723
78.5463
78.5373
78.5298
78.5258
78.5258
78.5298
78.5373
78.5463
78.5723
78.474
78.4355
78.4162
78.4023
78.3949
78.3949
78.4023
78.4162
78.4356
78.474
78.3564
78.3097
78.2823
78.2636
78.2537
78.2537
78.2636
78.2823
78.3097
78.3564
78.2314
78.18
78.1467
78.1246
78.1129
78.1129
78.1246
78.1467
78.18
78.2314
78.1277
78.0528
78.0128
77.9868
77.9731
77.9731
77.9868
78.0128
78.0528
78.1277
73.6911
73.6894
73.6892
73.6884
73.6879
73.6879
73.6884
73.6892
73.6894
73.6911
73.7534
73.7536
73.7552
73.7555
73.7556
73.7556
73.7555
73.7552
73.7536
73.7534
73.8138
73.814
73.816
73.8162
73.8163
73.8163
73.8162
73.816
73.8141
73.8138
73.8484
73.8457
73.8457
73.8444
73.8436
73.8436
73.8444
73.8457
73.8457
73.8484
73.8585
73.8512
73.8478
73.844
73.8419
73.8419
73.844
73.8479
73.8512
73.8585
73.8497
73.8369
73.8295
73.8229
73.8193
73.8193
73.8229
73.8295
73.8369
73.8497
73.8262
73.8081
73.7965
73.7874
73.7825
73.7825
73.7874
73.7965
73.8081
73.8262
73.7917
73.7695
73.7545
73.7434
73.7373
73.7373
73.7434
73.7545
73.7695
73.7917
73.7521
73.7271
73.709
73.6961
73.6893
73.6893
73.6961
73.709
73.7271
73.7521
73.7192
73.683
73.6613
73.6466
73.6389
73.6389
73.6466
73.6613
73.683
73.7193
68.8328
68.835
68.8378
68.8396
68.8406
68.8406
68.8396
68.8378
68.835
68.8328
68.8564
68.8595
68.8631
68.8654
68.8667
68.8667
68.8654
68.8631
68.8595
68.8564
68.8779
68.8811
68.8851
68.8877
68.8891
68.8891
68.8877
68.8851
68.8811
68.8779
68.8907
68.8931
68.8966
68.8988
68.8999
68.8999
68.8988
68.8966
68.8931
68.8907
68.8951
68.8957
68.8981
68.8993
68.8999
68.8999
68.8993
68.8981
68.8957
68.8951
68.8921
68.8905
68.8911
68.8911
68.8911
68.8911
68.8911
68.8911
68.8905
68.8921
68.8826
68.8786
68.8773
68.876
68.8753
68.8753
68.876
68.8773
68.8786
68.8826
68.8677
68.8617
68.8586
68.8561
68.8548
68.8548
68.8561
68.8586
68.8617
68.8677
68.8498
68.8421
68.8372
68.8336
68.8316
68.8316
68.8336
68.8372
68.8421
68.8498
68.8349
68.8212
68.8137
68.8086
68.8059
68.8059
68.8086
68.8137
68.8212
68.8349
64.1081
64.108
64.108
64.1079
64.1079
64.1079
64.1079
64.108
64.108
64.1081
64.1177
64.1181
64.1185
64.1187
64.1188
64.1188
64.1187
64.1185
64.1181
64.1177
64.1283
64.1289
64.1296
64.13
64.1301
64.1301
64.13
64.1296
64.1289
64.1283
64.1364
64.1369
64.1376
64.1379
64.138
64.138
64.1379
64.1376
64.1369
64.1364
64.1416
64.1417
64.1421
64.1421
64.1421
64.1421
64.1421
64.1421
64.1417
64.1416
64.1442
64.1436
64.1435
64.1431
64.1429
64.1429
64.1431
64.1435
64.1436
64.1442
64.1444
64.143
64.1422
64.1414
64.1409
64.1409
64.1414
64.1422
64.143
64.1444
64.1425
64.1403
64.1389
64.1377
64.137
64.137
64.1377
64.1389
64.1403
64.1425
64.1395
64.1366
64.1345
64.1327
64.1318
64.1318
64.1327
64.1345
64.1366
64.1395
64.1374
64.1321
64.1289
64.1266
64.1253
64.1253
64.1266
64.1289
64.1321
64.1374
59.3494
59.3498
59.3503
59.3506
59.3507
59.3507
59.3506
59.3503
59.3498
59.3494
59.353
59.3536
59.3542
59.3546
59.3548
59.3548
59.3546
59.3542
59.3536
59.353
59.3567
59.3573
59.3581
59.3586
59.3588
59.3588
59.3586
59.3581
59.3573
59.3567
59.3594
59.3601
59.3608
59.3613
59.3616
59.3616
59.3613
59.3608
59.3601
59.3594
59.3612
59.3617
59.3623
59.3627
59.3629
59.3629
59.3627
59.3623
59.3617
59.3612
59.3619
59.3621
59.3625
59.3628
59.3629
59.3629
59.3628
59.3625
59.3621
59.3619
59.3616
59.3614
59.3616
59.3617
59.3617
59.3617
59.3617
59.3616
59.3614
59.3616
59.3603
59.3598
59.3597
59.3595
59.3594
59.3594
59.3595
59.3597
59.3598
59.3603
59.3584
59.3576
59.3571
59.3566
59.3564
59.3564
59.3566
59.3571
59.3576
59.3584
59.3569
59.3549
59.3538
59.353
59.3526
59.3526
59.353
59.3538
59.3549
59.3569
54.6073
54.6073
54.6073
54.6073
54.6073
54.6073
54.6073
54.6073
54.6073
54.6073
54.6088
54.6088
54.6089
54.609
54.609
54.609
54.609
54.6089
54.6088
54.6088
54.6105
54.6107
54.6108
54.6109
54.611
54.611
54.6109
54.6108
54.6107
54.6105
54.6121
54.6123
54.6125
54.6126
54.6126
54.6126
54.6126
54.6125
54.6123
54.6121
54.6134
54.6136
54.6138
54.6138
54.6139
54.6139
54.6138
54.6138
54.6136
54.6134
54.6144
54.6145
54.6146
54.6147
54.6147
54.6147
54.6147
54.6146
54.6145
54.6144
54.615
54.6151
54.6151
54.6151
54.6151
54.6151
54.6151
54.6151
54.6151
54.615
54.6154
54.6153
54.6153
54.6152
54.6152
54.6152
54.6152
54.6153
54.6153
54.6154
54.6156
54.6154
54.6152
54.6151
54.615
54.615
54.6151
54.6152
54.6154
54.6156
54.6159
54.6153
54.6149
54.6146
54.6145
54.6145
54.6146
54.6149
54.6153
54.6159
49.858
49.858
49.8581
49.8582
49.8582
49.8582
49.8582
49.8581
49.858
49.858
49.8585
49.8586
49.8587
49.8588
49.8589
49.8589
49.8588
49.8587
49.8586
49.8585
49.8591
49.8593
49.8594
49.8595
49.8595
49.8595
49.8595
49.8594
49.8593
49.8591
49.8597
49.8598
49.86
49.8601
49.8601
49.8601
49.8601
49.86
49.8598
49.8597
49.8601
49.8602
49.8604
49.8605
49.8605
49.8605
49.8605
49.8604
49.8602
49.8601
49.8604
49.8605
49.8606
49.8607
49.8608
49.8608
49.8607
49.8606
49.8605
49.8604
49.8606
49.8606
49.8607
49.8608
49.8608
49.8608
49.8608
49.8607
49.8606
49.8606
49.8606
49.8606
49.8607
49.8607
49.8607
49.8607
49.8607
49.8607
49.8606
49.8606
49.8605
49.8605
49.8605
49.8605
49.8605
49.8605
49.8605
49.8605
49.8605
49.8605
49.8605
49.8603
49.8602
49.8601
49.86
49.86
49.8601
49.8602
49.8603
49.8605
45.1109
45.1109
45.111
45.111
45.111
45.111
45.111
45.111
45.1109
45.1109
45.1112
45.1112
45.1112
45.1112
45.1112
45.1112
45.1112
45.1112
45.1112
45.1112
45.1115
45.1115
45.1115
45.1115
45.1116
45.1116
45.1115
45.1115
45.1115
45.1115
45.1118
45.1118
45.1119
45.1119
45.1119
45.1119
45.1119
45.1119
45.1118
45.1118
45.112
45.1121
45.1121
45.1122
45.1122
45.1122
45.1122
45.1121
45.1121
45.112
45.1123
45.1124
45.1124
45.1124
45.1124
45.1124
45.1124
45.1124
45.1124
45.1123
45.1125
45.1126
45.1126
45.1126
45.1126
45.1126
45.1126
45.1126
45.1126
45.1125
45.1127
45.1127
45.1128
45.1128
45.1128
45.1128
45.1128
45.1128
45.1127
45.1127
45.1129
45.1129
45.1129
45.1129
45.1129
45.1129
45.1129
45.1129
45.1129
45.1129
45.1131
45.113
45.113
45.113
45.113
45.113
45.113
45.113
45.113
45.1131
40.3624
40.3624
40.3624
40.3624
40.3624
40.3624
40.3624
40.3624
40.3624
40.3624
40.3625
40.3625
40.3625
40.3625
40.3625
40.3625
40.3625
40.3625
40.3625
40.3625
40.3626
40.3626
40.3626
40.3627
40.3627
40.3627
40.3627
40.3626
40.3626
40.3626
40.3627
40.3627
40.3627
40.3628
40.3628
40.3628
40.3628
40.3627
40.3627
40.3627
40.3628
40.3628
40.3628
40.3629
40.3629
40.3629
40.3629
40.3628
40.3628
40.3628
40.3629
40.3629
40.3629
40.363
40.363
40.363
40.363
40.3629
40.3629
40.3629
40.3629
40.363
40.363
40.363
40.363
40.363
40.363
40.363
40.363
40.3629
40.363
40.363
40.363
40.3631
40.3631
40.3631
40.3631
40.363
40.363
40.363
40.363
40.363
40.3631
40.3631
40.3631
40.3631
40.3631
40.3631
40.363
40.363
40.3631
40.3631
40.3631
40.3631
40.3631
40.3631
40.3631
40.3631
40.3631
40.3631
35.6142
35.6142
35.6142
35.6142
35.6142
35.6142
35.6142
35.6142
35.6142
35.6142
35.6142
35.6142
35.6142
35.6142
35.6142
35.6142
35.6142
35.6142
35.6142
35.6142
35.6143
35.6143
35.6143
35.6143
35.6143
35.6143
35.6143
35.6143
35.6143
35.6143
35.6143
35.6143
35.6143
35.6143
35.6143
35.6143
35.6143
35.6143
35.6143
35.6143
35.6144
35.6144
35.6144
35.6144
35.6144
35.6144
35.6144
35.6144
35.6144
35.6144
35.6144
35.6144
35.6145
35.6145
35.6145
35.6145
35.6145
35.6145
35.6144
35.6144
35.6145
35.6145
35.6145
35.6145
35.6145
35.6145
35.6145
35.6145
35.6145
35.6145
35.6145
35.6146
35.6146
35.6146
35.6146
35.6146
35.6146
35.6146
35.6146
35.6145
35.6146
35.6146
35.6146
35.6146
35.6146
35.6146
35.6146
35.6146
35.6146
35.6146
35.6147
35.6147
35.6147
35.6147
35.6147
35.6147
35.6147
35.6147
35.6147
35.6147
30.8656
30.8656
30.8656
30.8656
30.8656
30.8656
30.8656
30.8656
30.8656
30.8656
30.8656
30.8656
30.8656
30.8657
30.8657
30.8657
30.8657
30.8656
30.8656
30.8656
30.8657
30.8657
30.8657
30.8657
30.8657
30.8657
30.8657
30.8657
30.8657
30.8657
30.8657
30.8657
30.8657
30.8657
30.8657
30.8657
30.8657
30.8657
30.8657
30.8657
30.8657
30.8657
30.8657
30.8657
30.8657
30.8657
30.8657
30.8657
30.8657
30.8657
30.8657
30.8657
30.8657
30.8657
30.8657
30.8657
30.8657
30.8657
30.8657
30.8657
30.8657
30.8657
30.8658
30.8658
30.8658
30.8658
30.8658
30.8658
30.8657
30.8657
30.8658
30.8658
30.8658
30.8658
30.8658
30.8658
30.8658
30.8658
30.8658
30.8658
30.8658
30.8658
30.8658
30.8658
30.8658
30.8658
30.8658
30.8658
30.8658
30.8658
30.8658
30.8658
30.8658
30.8658
30.8658
30.8658
30.8658
30.8658
30.8658
30.8658
26.1171
26.1171
26.1171
26.1171
26.1171
26.1171
26.1171
26.1171
26.1171
26.1171
26.1171
26.1171
26.1171
26.1171
26.1171
26.1171
26.1171
26.1171
26.1171
26.1171
26.1171
26.1171
26.1171
26.1171
26.1171
26.1171
26.1171
26.1171
26.1171
26.1171
26.1171
26.1171
26.1171
26.1172
26.1172
26.1172
26.1172
26.1171
26.1171
26.1171
26.1172
26.1172
26.1172
26.1172
26.1172
26.1172
26.1172
26.1172
26.1172
26.1172
26.1172
26.1172
26.1172
26.1172
26.1172
26.1172
26.1172
26.1172
26.1172
26.1172
26.1172
26.1172
26.1172
26.1172
26.1172
26.1172
26.1172
26.1172
26.1172
26.1172
26.1172
26.1172
26.1172
26.1172
26.1172
26.1172
26.1172
26.1172
26.1172
26.1172
26.1172
26.1172
26.1172
26.1172
26.1172
26.1172
26.1172
26.1172
26.1172
26.1172
26.1172
26.1172
26.1172
26.1172
26.1172
26.1172
26.1172
26.1172
26.1172
26.1172
21.3686
21.3686
21.3686
21.3686
21.3686
21.3686
21.3686
21.3686
21.3686
21.3686
21.3686
21.3686
21.3686
21.3686
21.3686
21.3686
21.3686
21.3686
21.3686
21.3686
21.3686
21.3686
21.3686
21.3686
21.3686
21.3686
21.3686
21.3686
21.3686
21.3686
21.3686
21.3686
21.3686
21.3686
21.3686
21.3686
21.3686
21.3686
21.3686
21.3686
21.3686
21.3686
21.3686
21.3686
21.3686
21.3686
21.3686
21.3686
21.3686
21.3686
21.3686
21.3686
21.3686
21.3686
21.3686
21.3686
21.3686
21.3686
21.3686
21.3686
21.3686
21.3686
21.3686
21.3686
21.3686
21.3686
21.3686
21.3686
21.3686
21.3686
21.3686
21.3686
21.3686
21.3686
21.3686
21.3686
21.3686
21.3686
21.3686
21.3686
21.3686
21.3686
21.3686
21.3686
21.3686
21.3686
21.3686
21.3686
21.3686
21.3686
21.3686
21.3686
21.3686
21.3686
21.3686
21.3686
21.3686
21.3686
21.3686
21.3686
16.62
16.62
16.62
16.62
16.62
16.62
16.62
16.62
16.62
16.62
16.62
16.62
16.62
16.62
16.62
16.62
16.62
16.62
16.62
16.62
16.62
16.62
16.62
16.62
16.62
16.62
16.62
16.62
16.62
16.62
16.62
16.62
16.62
16.62
16.62
16.62
16.62
16.62
16.62
16.62
16.62
16.62
16.62
16.62
16.62
16.62
16.62
16.62
16.62
16.62
16.62
16.62
16.62
16.62
16.62
16.62
16.62
16.62
16.62
16.62
16.62
16.62
16.62
16.62
16.62
16.62
16.62
16.62
16.62
16.62
16.62
16.62
16.62
16.62
16.62
16.62
16.62
16.62
16.62
16.62
16.62
16.62
16.62
16.62
16.62
16.62
16.62
16.62
16.62
16.62
16.62
16.62
16.62
16.62
16.62
16.62
16.62
16.62
16.62
16.62
11.8714
11.8714
11.8714
11.8714
11.8714
11.8714
11.8714
11.8714
11.8714
11.8714
11.8714
11.8714
11.8714
11.8714
11.8714
11.8714
11.8714
11.8714
11.8714
11.8714
11.8714
11.8714
11.8714
11.8714
11.8714
11.8714
11.8714
11.8714
11.8714
11.8714
11.8714
11.8714
11.8714
11.8714
11.8714
11.8714
11.8714
11.8714
11.8714
11.8714
11.8714
11.8714
11.8714
11.8714
11.8714
11.8714
11.8714
11.8714
11.8714
11.8714
11.8714
11.8714
11.8714
11.8714
11.8714
11.8714
11.8714
11.8714
11.8714
11.8714
11.8714
11.8714
11.8714
11.8714
11.8714
11.8714
11.8714
11.8714
11.8714
11.8714
11.8714
11.8714
11.8714
11.8714
11.8714
11.8714
11.8714
11.8714
11.8714
11.8714
11.8714
11.8714
11.8714
11.8714
11.8714
11.8714
11.8714
11.8714
11.8714
11.8714
11.8714
11.8714
11.8714
11.8714
11.8714
11.8714
11.8714
11.8714
11.8714
11.8714
7.1228
7.1228
7.1228
7.1228
7.1228
7.1228
7.1228
7.1228
7.1228
7.1228
7.12278
7.12278
7.12278
7.12278
7.12278
7.12278
7.12278
7.12278
7.12278
7.12278
7.12278
7.12278
7.12278
7.12278
7.12278
7.12278
7.12278
7.12278
7.12278
7.12278
7.12279
7.12279
7.1228
7.1228
7.1228
7.1228
7.1228
7.1228
7.12279
7.12279
7.12281
7.12281
7.12281
7.12281
7.12281
7.12281
7.12281
7.12281
7.12281
7.1228
7.12281
7.12282
7.12282
7.12282
7.12282
7.12282
7.12282
7.12282
7.12281
7.12281
7.12282
7.12282
7.12282
7.12282
7.12282
7.12282
7.12282
7.12282
7.12282
7.12282
7.12282
7.12283
7.12283
7.12283
7.12283
7.12283
7.12283
7.12283
7.12282
7.12282
7.12283
7.12283
7.12283
7.12283
7.12283
7.12283
7.12283
7.12283
7.12283
7.12283
7.12283
7.12283
7.12283
7.12283
7.12283
7.12283
7.12283
7.12283
7.12283
7.12283
2.37425
2.37425
2.37425
2.37425
2.37425
2.37425
2.37425
2.37425
2.37425
2.37425
2.37423
2.37423
2.37423
2.37423
2.37423
2.37423
2.37423
2.37423
2.37423
2.37423
2.37423
2.37423
2.37423
2.37423
2.37423
2.37423
2.37423
2.37423
2.37423
2.37423
2.37424
2.37424
2.37424
2.37424
2.37424
2.37424
2.37424
2.37424
2.37424
2.37424
2.37424
2.37424
2.37424
2.37425
2.37425
2.37425
2.37425
2.37424
2.37424
2.37424
2.37424
2.37425
2.37425
2.37425
2.37425
2.37425
2.37425
2.37425
2.37425
2.37424
2.37424
2.37425
2.37425
2.37425
2.37425
2.37425
2.37425
2.37425
2.37425
2.37424
2.37424
2.37424
2.37424
2.37424
2.37424
2.37424
2.37424
2.37424
2.37424
2.37424
2.37424
2.37424
2.37424
2.37424
2.37424
2.37424
2.37424
2.37424
2.37424
2.37424
2.37424
2.37424
2.37424
2.37424
2.37424
2.37424
2.37424
2.37424
2.37424
2.37424
124.708
124.166
123.82
123.568
123.437
123.437
123.568
123.82
124.166
124.708
116.208
115.417
114.891
114.52
114.328
114.328
114.52
114.891
115.417
116.208
109.153
108.243
107.644
107.227
107.013
107.013
107.227
107.644
108.243
109.153
104.279
103.345
102.739
102.324
102.111
102.111
102.324
102.739
103.345
104.279
100.63
99.7055
99.11
98.7101
98.5053
98.5053
98.7101
99.11
99.7055
100.63
97.6898
96.7955
96.2194
95.8422
95.6495
95.6495
95.8422
96.2194
96.7955
97.6898
95.2835
94.4389
93.8916
93.5432
93.3659
93.3659
93.5432
93.8916
94.4389
95.2835
93.3088
92.5353
92.028
91.7131
91.5536
91.5536
91.7131
92.028
92.5353
93.3088
91.6839
90.9978
90.5428
90.2658
90.1257
90.1257
90.2658
90.5428
90.9978
91.6839
90.4088
89.7481
89.3552
89.1167
88.996
88.996
89.1167
89.3552
89.7481
90.4088
90.0838
90.2419
90.4127
90.5288
90.5889
90.5889
90.5288
90.4127
90.2419
90.0838
90.3729
90.4547
90.5654
90.6372
90.674
90.674
90.6372
90.5654
90.4547
90.3729
90.2309
90.2196
90.2592
90.2805
90.2909
90.2909
90.2805
90.2592
90.2196
90.2309
89.7558
89.6605
89.6362
89.6141
89.6021
89.6021
89.6141
89.6362
89.6605
89.7558
89.1342
88.9713
88.8939
88.8377
88.8082
88.8082
88.8377
88.8939
88.9713
89.1342
88.4601
88.2473
88.1281
88.047
88.0048
88.0048
88.047
88.1281
88.2473
88.4601
87.7806
87.5369
87.3884
87.2916
87.2417
87.2417
87.2916
87.3884
87.5369
87.7806
87.122
86.869
86.7057
86.6025
86.5494
86.5494
86.6025
86.7057
86.869
87.122
86.5081
86.2632
86.0986
85.9965
85.9438
85.9438
85.9965
86.0985
86.2632
86.5081
86.0125
85.7228
85.5631
85.4648
85.4136
85.4136
85.4648
85.5631
85.7228
86.0125
84.4888
84.47
84.4652
84.4584
84.4551
84.4551
84.4584
84.4652
84.47
84.4887
84.7887
84.7649
84.7569
84.7468
84.7415
84.7415
84.7468
84.7569
84.7648
84.7887
85.0165
84.9732
84.9522
84.9317
84.9208
84.9208
84.9317
84.9522
84.9732
85.0165
84.9972
84.9221
84.8795
84.8436
84.8246
84.8246
84.8436
84.8795
84.9221
84.9972
84.811
84.7032
84.6376
84.5869
84.5601
84.5601
84.5869
84.6376
84.7032
84.811
84.5403
84.4045
84.3183
84.2555
84.2225
84.2225
84.2555
84.3183
84.4045
84.5403
84.228
84.0719
83.9693
83.8982
83.861
83.861
83.8982
83.9693
84.0718
84.228
83.8978
83.7321
83.6197
83.5444
83.5053
83.5053
83.5444
83.6197
83.7321
83.8978
83.5734
83.4072
83.2911
83.2153
83.1759
83.1759
83.2153
83.291
83.4072
83.5734
83.3027
83.1043
82.9876
82.9128
82.874
82.874
82.9128
82.9876
83.1043
83.3027
78.4
78.4167
78.438
78.4521
78.4596
78.4596
78.4521
78.438
78.4167
78.4
78.5419
78.5597
78.5825
78.5975
78.6054
78.6054
78.5975
78.5825
78.5597
78.5418
78.6463
78.6599
78.6804
78.6934
78.7002
78.7002
78.6933
78.6804
78.6599
78.6463
78.6739
78.6764
78.6892
78.6964
78.7002
78.7002
78.6964
78.6892
78.6764
78.6739
78.6428
78.6312
78.6334
78.6333
78.6332
78.6332
78.6333
78.6334
78.6312
78.6428
78.5723
78.5463
78.5373
78.5298
78.5258
78.5258
78.5298
78.5373
78.5463
78.5723
78.474
78.4356
78.4162
78.4023
78.3949
78.3949
78.4023
78.4162
78.4355
78.474
78.3564
78.3097
78.2823
78.2636
78.2537
78.2537
78.2636
78.2823
78.3097
78.3564
78.2314
78.18
78.1467
78.1246
78.1129
78.1129
78.1246
78.1467
78.18
78.2314
78.1277
78.0528
78.0128
77.9868
77.9731
77.9731
77.9868
78.0128
78.0528
78.1277
73.6911
73.6894
73.6892
73.6884
73.6879
73.6879
73.6884
73.6892
73.6894
73.6911
73.7534
73.7536
73.7552
73.7555
73.7556
73.7556
73.7555
73.7552
73.7536
73.7534
73.8138
73.8141
73.816
73.8162
73.8163
73.8163
73.8162
73.816
73.814
73.8138
73.8484
73.8457
73.8457
73.8444
73.8436
73.8436
73.8444
73.8457
73.8457
73.8484
73.8585
73.8512
73.8479
73.844
73.8419
73.8419
73.844
73.8479
73.8512
73.8585
73.8497
73.8369
73.8295
73.8229
73.8193
73.8193
73.8229
73.8295
73.8369
73.8497
73.8262
73.8081
73.7965
73.7874
73.7825
73.7825
73.7874
73.7965
73.8081
73.8262
73.7917
73.7695
73.7545
73.7434
73.7373
73.7373
73.7434
73.7545
73.7695
73.7917
73.7521
73.7271
73.709
73.6961
73.6893
73.6893
73.6961
73.709
73.7271
73.7521
73.7193
73.683
73.6613
73.6466
73.6389
73.6389
73.6466
73.6613
73.683
73.7192
68.8328
68.835
68.8378
68.8396
68.8406
68.8406
68.8396
68.8378
68.835
68.8328
68.8564
68.8595
68.8631
68.8654
68.8667
68.8667
68.8654
68.8631
68.8595
68.8564
68.8779
68.8811
68.8851
68.8877
68.8891
68.8891
68.8877
68.8851
68.8811
68.8779
68.8907
68.8931
68.8966
68.8988
68.8999
68.8999
68.8988
68.8966
68.8931
68.8907
68.8951
68.8957
68.8981
68.8993
68.8999
68.8999
68.8993
68.8981
68.8957
68.8951
68.8921
68.8905
68.8911
68.8911
68.8911
68.8911
68.8911
68.8911
68.8905
68.8921
68.8826
68.8786
68.8773
68.876
68.8753
68.8753
68.876
68.8773
68.8786
68.8826
68.8677
68.8617
68.8586
68.8561
68.8548
68.8548
68.8561
68.8586
68.8617
68.8677
68.8498
68.8421
68.8372
68.8336
68.8316
68.8316
68.8336
68.8372
68.8421
68.8498
68.8349
68.8212
68.8137
68.8086
68.8059
68.8059
68.8086
68.8137
68.8212
68.8349
64.1081
64.108
64.108
64.1079
64.1079
64.1079
64.1079
64.108
64.108
64.1081
64.1177
64.1181
64.1185
64.1187
64.1188
64.1188
64.1187
64.1185
64.1181
64.1177
64.1283
64.1289
64.1296
64.13
64.1301
64.1301
64.13
64.1296
64.1289
64.1283
64.1364
64.1369
64.1376
64.1379
64.138
64.138
64.1379
64.1376
64.1369
64.1364
64.1416
64.1417
64.1421
64.1421
64.1421
64.1421
64.1421
64.1421
64.1417
64.1416
64.1442
64.1436
64.1435
64.1431
64.1429
64.1429
64.1431
64.1435
64.1436
64.1442
64.1444
64.143
64.1422
64.1414
64.1409
64.1409
64.1414
64.1422
64.143
64.1444
64.1425
64.1403
64.1389
64.1377
64.137
64.137
64.1377
64.1389
64.1403
64.1425
64.1395
64.1366
64.1345
64.1327
64.1318
64.1318
64.1327
64.1345
64.1366
64.1395
64.1374
64.1321
64.1289
64.1266
64.1253
64.1253
64.1266
64.1289
64.1321
64.1374
59.3494
59.3498
59.3503
59.3506
59.3507
59.3507
59.3506
59.3503
59.3498
59.3494
59.353
59.3536
59.3542
59.3546
59.3548
59.3548
59.3546
59.3542
59.3536
59.353
59.3567
59.3573
59.3581
59.3586
59.3588
59.3588
59.3586
59.3581
59.3573
59.3567
59.3594
59.3601
59.3608
59.3613
59.3616
59.3616
59.3613
59.3608
59.3601
59.3594
59.3612
59.3617
59.3623
59.3627
59.3629
59.3629
59.3627
59.3623
59.3617
59.3612
59.3619
59.3621
59.3625
59.3628
59.3629
59.3629
59.3628
59.3625
59.3621
59.3619
59.3616
59.3614
59.3616
59.3617
59.3617
59.3617
59.3617
59.3616
59.3614
59.3616
59.3603
59.3598
59.3597
59.3595
59.3594
59.3594
59.3595
59.3597
59.3598
59.3603
59.3584
59.3576
59.3571
59.3566
59.3564
59.3564
59.3566
59.3571
59.3576
59.3584
59.3569
59.3549
59.3538
59.353
59.3526
59.3526
59.353
59.3538
59.3549
59.3569
54.6073
54.6073
54.6073
54.6073
54.6073
54.6073
54.6073
54.6073
54.6073
54.6073
54.6088
54.6088
54.6089
54.609
54.609
54.609
54.609
54.6089
54.6088
54.6088
54.6105
54.6107
54.6108
54.6109
54.611
54.611
54.6109
54.6108
54.6107
54.6105
54.6121
54.6123
54.6125
54.6126
54.6126
54.6126
54.6126
54.6125
54.6123
54.6121
54.6134
54.6136
54.6138
54.6138
54.6139
54.6139
54.6138
54.6138
54.6136
54.6134
54.6144
54.6145
54.6146
54.6147
54.6147
54.6147
54.6147
54.6146
54.6145
54.6144
54.615
54.6151
54.6151
54.6151
54.6151
54.6151
54.6151
54.6151
54.6151
54.615
54.6154
54.6153
54.6153
54.6152
54.6152
54.6152
54.6152
54.6153
54.6153
54.6154
54.6156
54.6154
54.6152
54.6151
54.615
54.615
54.6151
54.6152
54.6154
54.6156
54.6159
54.6153
54.6149
54.6146
54.6145
54.6145
54.6146
54.6149
54.6153
54.6159
49.858
49.858
49.8581
49.8582
49.8582
49.8582
49.8582
49.8581
49.858
49.858
49.8585
49.8586
49.8587
49.8588
49.8589
49.8589
49.8588
49.8587
49.8586
49.8585
49.8591
49.8593
49.8594
49.8595
49.8595
49.8595
49.8595
49.8594
49.8593
49.8591
49.8597
49.8598
49.86
49.8601
49.8601
49.8601
49.8601
49.86
49.8598
49.8597
49.8601
49.8602
49.8604
49.8605
49.8605
49.8605
49.8605
49.8604
49.8602
49.8601
49.8604
49.8605
49.8606
49.8607
49.8608
49.8608
49.8607
49.8606
49.8605
49.8604
49.8606
49.8606
49.8607
49.8608
49.8608
49.8608
49.8608
49.8607
49.8606
49.8606
49.8606
49.8606
49.8607
49.8607
49.8607
49.8607
49.8607
49.8607
49.8606
49.8606
49.8605
49.8605
49.8605
49.8605
49.8605
49.8605
49.8605
49.8605
49.8605
49.8605
49.8605
49.8603
49.8602
49.8601
49.86
49.86
49.8601
49.8602
49.8603
49.8605
45.1109
45.1109
45.111
45.111
45.111
45.111
45.111
45.111
45.1109
45.1109
45.1112
45.1112
45.1112
45.1112
45.1112
45.1112
45.1112
45.1112
45.1112
45.1112
45.1115
45.1115
45.1115
45.1115
45.1116
45.1116
45.1115
45.1115
45.1115
45.1115
45.1118
45.1118
45.1119
45.1119
45.1119
45.1119
45.1119
45.1119
45.1118
45.1118
45.112
45.1121
45.1121
45.1122
45.1122
45.1122
45.1122
45.1121
45.1121
45.112
45.1123
45.1124
45.1124
45.1124
45.1124
45.1124
45.1124
45.1124
45.1124
45.1123
45.1125
45.1126
45.1126
45.1126
45.1126
45.1126
45.1126
45.1126
45.1126
45.1125
45.1127
45.1127
45.1128
45.1128
45.1128
45.1128
45.1128
45.1128
45.1127
45.1127
45.1129
45.1129
45.1129
45.1129
45.1129
45.1129
45.1129
45.1129
45.1129
45.1129
45.1131
45.113
45.113
45.113
45.113
45.113
45.113
45.113
45.113
45.1131
40.3624
40.3624
40.3624
40.3624
40.3624
40.3624
40.3624
40.3624
40.3624
40.3624
40.3625
40.3625
40.3625
40.3625
40.3625
40.3625
40.3625
40.3625
40.3625
40.3625
40.3626
40.3626
40.3626
40.3627
40.3627
40.3627
40.3627
40.3626
40.3626
40.3626
40.3627
40.3627
40.3627
40.3628
40.3628
40.3628
40.3628
40.3627
40.3627
40.3627
40.3628
40.3628
40.3628
40.3629
40.3629
40.3629
40.3629
40.3628
40.3628
40.3628
40.3629
40.3629
40.3629
40.363
40.363
40.363
40.363
40.3629
40.3629
40.3629
40.3629
40.363
40.363
40.363
40.363
40.363
40.363
40.363
40.363
40.3629
40.363
40.363
40.363
40.3631
40.3631
40.3631
40.3631
40.363
40.363
40.363
40.363
40.363
40.3631
40.3631
40.3631
40.3631
40.3631
40.3631
40.363
40.363
40.3631
40.3631
40.3631
40.3631
40.3631
40.3631
40.3631
40.3631
40.3631
40.3631
35.6142
35.6142
35.6142
35.6142
35.6142
35.6142
35.6142
35.6142
35.6142
35.6142
35.6142
35.6142
35.6142
35.6142
35.6142
35.6142
35.6142
35.6142
35.6142
35.6142
35.6143
35.6143
35.6143
35.6143
35.6143
35.6143
35.6143
35.6143
35.6143
35.6143
35.6143
35.6143
35.6143
35.6143
35.6143
35.6143
35.6143
35.6143
35.6143
35.6143
35.6144
35.6144
35.6144
35.6144
35.6144
35.6144
35.6144
35.6144
35.6144
35.6144
35.6144
35.6144
35.6145
35.6145
35.6145
35.6145
35.6145
35.6145
35.6144
35.6144
35.6145
35.6145
35.6145
35.6145
35.6145
35.6145
35.6145
35.6145
35.6145
35.6145
35.6145
35.6146
35.6146
35.6146
35.6146
35.6146
35.6146
35.6146
35.6146
35.6145
35.6146
35.6146
35.6146
35.6146
35.6146
35.6146
35.6146
35.6146
35.6146
35.6146
35.6147
35.6147
35.6147
35.6147
35.6147
35.6147
35.6147
35.6147
35.6147
35.6147
30.8656
30.8656
30.8656
30.8656
30.8656
30.8656
30.8656
30.8656
30.8656
30.8656
30.8656
30.8656
30.8656
30.8657
30.8657
30.8657
30.8657
30.8656
30.8656
30.8656
30.8657
30.8657
30.8657
30.8657
30.8657
30.8657
30.8657
30.8657
30.8657
30.8657
30.8657
30.8657
30.8657
30.8657
30.8657
30.8657
30.8657
30.8657
30.8657
30.8657
30.8657
30.8657
30.8657
30.8657
30.8657
30.8657
30.8657
30.8657
30.8657
30.8657
30.8657
30.8657
30.8657
30.8657
30.8657
30.8657
30.8657
30.8657
30.8657
30.8657
30.8657
30.8657
30.8658
30.8658
30.8658
30.8658
30.8658
30.8658
30.8657
30.8657
30.8658
30.8658
30.8658
30.8658
30.8658
30.8658
30.8658
30.8658
30.8658
30.8658
30.8658
30.8658
30.8658
30.8658
30.8658
30.8658
30.8658
30.8658
30.8658
30.8658
30.8658
30.8658
30.8658
30.8658
30.8658
30.8658
30.8658
30.8658
30.8658
30.8658
26.1171
26.1171
26.1171
26.1171
26.1171
26.1171
26.1171
26.1171
26.1171
26.1171
26.1171
26.1171
26.1171
26.1171
26.1171
26.1171
26.1171
26.1171
26.1171
26.1171
26.1171
26.1171
26.1171
26.1171
26.1171
26.1171
26.1171
26.1171
26.1171
26.1171
26.1171
26.1171
26.1171
26.1172
26.1172
26.1172
26.1172
26.1171
26.1171
26.1171
26.1172
26.1172
26.1172
26.1172
26.1172
26.1172
26.1172
26.1172
26.1172
26.1172
26.1172
26.1172
26.1172
26.1172
26.1172
26.1172
26.1172
26.1172
26.1172
26.1172
26.1172
26.1172
26.1172
26.1172
26.1172
26.1172
26.1172
26.1172
26.1172
26.1172
26.1172
26.1172
26.1172
26.1172
26.1172
26.1172
26.1172
26.1172
26.1172
26.1172
26.1172
26.1172
26.1172
26.1172
26.1172
26.1172
26.1172
26.1172
26.1172
26.1172
26.1172
26.1172
26.1172
26.1172
26.1172
26.1172
26.1172
26.1172
26.1172
26.1172
21.3686
21.3686
21.3686
21.3686
21.3686
21.3686
21.3686
21.3686
21.3686
21.3686
21.3686
21.3686
21.3686
21.3686
21.3686
21.3686
21.3686
21.3686
21.3686
21.3686
21.3686
21.3686
21.3686
21.3686
21.3686
21.3686
21.3686
21.3686
21.3686
21.3686
21.3686
21.3686
21.3686
21.3686
21.3686
21.3686
21.3686
21.3686
21.3686
21.3686
21.3686
21.3686
21.3686
21.3686
21.3686
21.3686
21.3686
21.3686
21.3686
21.3686
21.3686
21.3686
21.3686
21.3686
21.3686
21.3686
21.3686
21.3686
21.3686
21.3686
21.3686
21.3686
21.3686
21.3686
21.3686
21.3686
21.3686
21.3686
21.3686
21.3686
21.3686
21.3686
21.3686
21.3686
21.3686
21.3686
21.3686
21.3686
21.3686
21.3686
21.3686
21.3686
21.3686
21.3686
21.3686
21.3686
21.3686
21.3686
21.3686
21.3686
21.3686
21.3686
21.3686
21.3686
21.3686
21.3686
21.3686
21.3686
21.3686
21.3686
16.62
16.62
16.62
16.62
16.62
16.62
16.62
16.62
16.62
16.62
16.62
16.62
16.62
16.62
16.62
16.62
16.62
16.62
16.62
16.62
16.62
16.62
16.62
16.62
16.62
16.62
16.62
16.62
16.62
16.62
16.62
16.62
16.62
16.62
16.62
16.62
16.62
16.62
16.62
16.62
16.62
16.62
16.62
16.62
16.62
16.62
16.62
16.62
16.62
16.62
16.62
16.62
16.62
16.62
16.62
16.62
16.62
16.62
16.62
16.62
16.62
16.62
16.62
16.62
16.62
16.62
16.62
16.62
16.62
16.62
16.62
16.62
16.62
16.62
16.62
16.62
16.62
16.62
16.62
16.62
16.62
16.62
16.62
16.62
16.62
16.62
16.62
16.62
16.62
16.62
16.62
16.62
16.62
16.62
16.62
16.62
16.62
16.62
16.62
16.62
11.8714
11.8714
11.8714
11.8714
11.8714
11.8714
11.8714
11.8714
11.8714
11.8714
11.8714
11.8714
11.8714
11.8714
11.8714
11.8714
11.8714
11.8714
11.8714
11.8714
11.8714
11.8714
11.8714
11.8714
11.8714
11.8714
11.8714
11.8714
11.8714
11.8714
11.8714
11.8714
11.8714
11.8714
11.8714
11.8714
11.8714
11.8714
11.8714
11.8714
11.8714
11.8714
11.8714
11.8714
11.8714
11.8714
11.8714
11.8714
11.8714
11.8714
11.8714
11.8714
11.8714
11.8714
11.8714
11.8714
11.8714
11.8714
11.8714
11.8714
11.8714
11.8714
11.8714
11.8714
11.8714
11.8714
11.8714
11.8714
11.8714
11.8714
11.8714
11.8714
11.8714
11.8714
11.8714
11.8714
11.8714
11.8714
11.8714
11.8714
11.8714
11.8714
11.8714
11.8714
11.8714
11.8714
11.8714
11.8714
11.8714
11.8714
11.8714
11.8714
11.8714
11.8714
11.8714
11.8714
11.8714
11.8714
11.8714
11.8714
7.1228
7.1228
7.1228
7.1228
7.1228
7.1228
7.1228
7.1228
7.1228
7.1228
7.12278
7.12278
7.12278
7.12278
7.12278
7.12278
7.12278
7.12278
7.12278
7.12278
7.12278
7.12278
7.12278
7.12278
7.12278
7.12278
7.12278
7.12278
7.12278
7.12278
7.12279
7.12279
7.1228
7.1228
7.1228
7.1228
7.1228
7.1228
7.12279
7.12279
7.1228
7.12281
7.12281
7.12281
7.12281
7.12281
7.12281
7.12281
7.12281
7.12281
7.12281
7.12281
7.12282
7.12282
7.12282
7.12282
7.12282
7.12282
7.12282
7.12281
7.12282
7.12282
7.12282
7.12282
7.12282
7.12282
7.12282
7.12282
7.12282
7.12282
7.12282
7.12282
7.12283
7.12283
7.12283
7.12283
7.12283
7.12283
7.12283
7.12282
7.12283
7.12283
7.12283
7.12283
7.12283
7.12283
7.12283
7.12283
7.12283
7.12283
7.12283
7.12283
7.12283
7.12283
7.12283
7.12283
7.12283
7.12283
7.12283
7.12283
2.37425
2.37425
2.37425
2.37425
2.37425
2.37425
2.37425
2.37425
2.37425
2.37425
2.37423
2.37423
2.37423
2.37423
2.37423
2.37423
2.37423
2.37423
2.37423
2.37423
2.37423
2.37423
2.37423
2.37423
2.37423
2.37423
2.37423
2.37423
2.37423
2.37423
2.37424
2.37424
2.37424
2.37424
2.37424
2.37424
2.37424
2.37424
2.37424
2.37424
2.37424
2.37424
2.37424
2.37425
2.37425
2.37425
2.37425
2.37424
2.37424
2.37424
2.37424
2.37425
2.37425
2.37425
2.37425
2.37425
2.37425
2.37425
2.37425
2.37424
2.37424
2.37425
2.37425
2.37425
2.37425
2.37425
2.37425
2.37425
2.37425
2.37424
2.37424
2.37424
2.37424
2.37424
2.37424
2.37424
2.37424
2.37424
2.37424
2.37424
2.37424
2.37424
2.37424
2.37424
2.37424
2.37424
2.37424
2.37424
2.37424
2.37424
2.37424
2.37424
2.37424
2.37424
2.37424
2.37424
2.37424
2.37424
2.37424
2.37424
124.708
124.166
123.82
123.568
123.437
123.437
123.568
123.82
124.166
124.708
116.208
115.417
114.891
114.52
114.328
114.328
114.52
114.891
115.417
116.208
109.153
108.243
107.644
107.227
107.013
107.013
107.227
107.644
108.243
109.153
104.279
103.345
102.739
102.324
102.111
102.111
102.324
102.739
103.345
104.279
100.63
99.7055
99.11
98.7101
98.5053
98.5053
98.7101
99.11
99.7055
100.63
97.6898
96.7955
96.2194
95.8422
95.6494
95.6494
95.8421
96.2193
96.7955
97.6898
95.2835
94.4389
93.8916
93.5432
93.3659
93.3659
93.5432
93.8916
94.4389
95.2835
93.3088
92.5353
92.028
91.7131
91.5536
91.5536
91.7131
92.028
92.5353
93.3088
91.6839
90.9978
90.5428
90.2657
90.1257
90.1257
90.2657
90.5428
90.9978
91.6839
90.4088
89.7481
89.3552
89.1166
88.9959
88.9959
89.1166
89.3552
89.7481
90.4087
90.0838
90.2419
90.4127
90.5288
90.5889
90.5889
90.5288
90.4127
90.2419
90.0838
90.3729
90.4547
90.5654
90.6372
90.6739
90.6739
90.6372
90.5654
90.4547
90.3729
90.2309
90.2196
90.2592
90.2804
90.2909
90.2909
90.2804
90.2592
90.2196
90.2309
89.7558
89.6605
89.6362
89.6141
89.6021
89.6021
89.6141
89.6362
89.6605
89.7558
89.1342
88.9713
88.8939
88.8377
88.8082
88.8082
88.8377
88.8939
88.9713
89.1342
88.4601
88.2473
88.1281
88.047
88.0048
88.0048
88.047
88.1281
88.2473
88.4601
87.7806
87.5369
87.3883
87.2916
87.2417
87.2417
87.2916
87.3883
87.5369
87.7806
87.122
86.869
86.7057
86.6025
86.5494
86.5494
86.6025
86.7057
86.869
87.122
86.5081
86.2631
86.0985
85.9965
85.9438
85.9438
85.9965
86.0985
86.2631
86.5081
86.0125
85.7228
85.5631
85.4648
85.4136
85.4136
85.4648
85.5631
85.7228
86.0125
84.4887
84.47
84.4652
84.4584
84.4551
84.4551
84.4584
84.4652
84.47
84.4887
84.7887
84.7648
84.7569
84.7468
84.7415
84.7415
84.7468
84.7569
84.7648
84.7887
85.0165
84.9732
84.9522
84.9317
84.9208
84.9208
84.9317
84.9522
84.9731
85.0165
84.9972
84.9221
84.8795
84.8436
84.8246
84.8246
84.8436
84.8795
84.9221
84.9972
84.811
84.7032
84.6376
84.5869
84.5601
84.5601
84.5869
84.6376
84.7032
84.811
84.5403
84.4045
84.3183
84.2555
84.2225
84.2225
84.2555
84.3183
84.4045
84.5403
84.228
84.0718
83.9693
83.8982
83.861
83.861
83.8982
83.9693
84.0718
84.228
83.8978
83.7321
83.6197
83.5444
83.5053
83.5053
83.5444
83.6197
83.7321
83.8978
83.5734
83.4072
83.291
83.2153
83.1759
83.1759
83.2153
83.291
83.4072
83.5734
83.3027
83.1043
82.9876
82.9128
82.874
82.874
82.9128
82.9876
83.1043
83.3027
78.4
78.4167
78.438
78.4521
78.4596
78.4596
78.4521
78.438
78.4167
78.4
78.5418
78.5597
78.5825
78.5975
78.6054
78.6054
78.5975
78.5825
78.5597
78.5418
78.6463
78.6599
78.6804
78.6933
78.7002
78.7002
78.6933
78.6804
78.6599
78.6463
78.6739
78.6764
78.6892
78.6964
78.7002
78.7002
78.6964
78.6892
78.6764
78.6739
78.6428
78.6312
78.6334
78.6333
78.6332
78.6332
78.6333
78.6334
78.6312
78.6428
78.5723
78.5463
78.5373
78.5298
78.5258
78.5258
78.5298
78.5373
78.5463
78.5722
78.474
78.4355
78.4162
78.4023
78.3949
78.3949
78.4023
78.4162
78.4355
78.474
78.3564
78.3097
78.2823
78.2636
78.2537
78.2537
78.2636
78.2823
78.3097
78.3564
78.2314
78.18
78.1467
78.1246
78.1129
78.1129
78.1246
78.1467
78.18
78.2314
78.1277
78.0528
78.0128
77.9868
77.9731
77.9731
77.9868
78.0128
78.0528
78.1277
73.6911
73.6894
73.6892
73.6883
73.6879
73.6879
73.6883
73.6892
73.6894
73.6911
73.7534
73.7536
73.7552
73.7555
73.7556
73.7556
73.7555
73.7552
73.7536
73.7534
73.8138
73.814
73.816
73.8162
73.8163
73.8163
73.8162
73.816
73.814
73.8138
73.8484
73.8457
73.8457
73.8444
73.8436
73.8436
73.8444
73.8457
73.8457
73.8484
73.8585
73.8512
73.8478
73.844
73.8419
73.8419
73.844
73.8478
73.8512
73.8585
73.8497
73.8369
73.8295
73.8229
73.8193
73.8193
73.8229
73.8295
73.8369
73.8497
73.8262
73.808
73.7965
73.7874
73.7825
73.7825
73.7874
73.7965
73.808
73.8262
73.7917
73.7695
73.7545
73.7434
73.7373
73.7373
73.7434
73.7545
73.7695
73.7916
73.7521
73.727
73.709
73.6961
73.6893
73.6893
73.6961
73.709
73.727
73.7521
73.7192
73.683
73.6613
73.6466
73.6389
73.6389
73.6466
73.6613
73.683
73.7192
68.8328
68.835
68.8378
68.8396
68.8406
68.8406
68.8396
68.8378
68.835
68.8328
68.8564
68.8595
68.8631
68.8654
68.8667
68.8667
68.8654
68.8631
68.8595
68.8564
68.8779
68.8811
68.8851
68.8877
68.8891
68.8891
68.8877
68.8851
68.8811
68.8779
68.8907
68.8931
68.8966
68.8988
68.8999
68.8999
68.8988
68.8966
68.8931
68.8907
68.8951
68.8957
68.8981
68.8993
68.8999
68.8999
68.8993
68.8981
68.8957
68.8951
68.8921
68.8905
68.8911
68.8911
68.8911
68.8911
68.8911
68.8911
68.8905
68.8921
68.8826
68.8786
68.8773
68.876
68.8753
68.8753
68.876
68.8773
68.8786
68.8826
68.8677
68.8617
68.8586
68.8561
68.8548
68.8548
68.8561
68.8586
68.8617
68.8677
68.8498
68.8421
68.8372
68.8336
68.8316
68.8316
68.8336
68.8372
68.8421
68.8498
68.8349
68.8212
68.8137
68.8086
68.8059
68.8059
68.8086
68.8137
68.8212
68.8349
64.1081
64.108
64.108
64.1079
64.1079
64.1079
64.1079
64.108
64.108
64.1081
64.1177
64.1181
64.1185
64.1187
64.1188
64.1188
64.1187
64.1185
64.1181
64.1177
64.1283
64.1289
64.1296
64.13
64.1301
64.1301
64.13
64.1296
64.1289
64.1283
64.1364
64.1369
64.1376
64.1379
64.138
64.138
64.1379
64.1376
64.1369
64.1364
64.1416
64.1417
64.1421
64.1421
64.1421
64.1421
64.1421
64.1421
64.1417
64.1416
64.1442
64.1436
64.1435
64.1431
64.1429
64.1429
64.1431
64.1435
64.1436
64.1442
64.1444
64.143
64.1422
64.1414
64.1409
64.1409
64.1414
64.1422
64.143
64.1444
64.1425
64.1403
64.1389
64.1377
64.137
64.137
64.1377
64.1389
64.1403
64.1425
64.1395
64.1366
64.1345
64.1327
64.1318
64.1318
64.1327
64.1345
64.1366
64.1395
64.1374
64.1321
64.1289
64.1266
64.1253
64.1253
64.1266
64.1289
64.1321
64.1374
59.3494
59.3498
59.3503
59.3506
59.3507
59.3507
59.3506
59.3503
59.3498
59.3494
59.353
59.3536
59.3542
59.3546
59.3548
59.3548
59.3546
59.3542
59.3536
59.353
59.3567
59.3573
59.3581
59.3586
59.3588
59.3588
59.3586
59.3581
59.3573
59.3567
59.3594
59.3601
59.3608
59.3613
59.3616
59.3616
59.3613
59.3608
59.3601
59.3594
59.3612
59.3617
59.3623
59.3627
59.3629
59.3629
59.3627
59.3623
59.3616
59.3612
59.3619
59.3621
59.3625
59.3628
59.3629
59.3629
59.3628
59.3625
59.3621
59.3619
59.3616
59.3614
59.3616
59.3616
59.3617
59.3617
59.3616
59.3616
59.3614
59.3616
59.3603
59.3598
59.3597
59.3595
59.3594
59.3594
59.3595
59.3597
59.3598
59.3603
59.3584
59.3576
59.3571
59.3566
59.3564
59.3564
59.3566
59.3571
59.3576
59.3584
59.3569
59.3549
59.3538
59.353
59.3526
59.3526
59.353
59.3538
59.3549
59.3569
54.6073
54.6073
54.6073
54.6073
54.6073
54.6073
54.6073
54.6073
54.6073
54.6073
54.6088
54.6088
54.6089
54.609
54.609
54.609
54.609
54.6089
54.6088
54.6088
54.6105
54.6107
54.6108
54.6109
54.611
54.611
54.6109
54.6108
54.6107
54.6105
54.6121
54.6123
54.6125
54.6126
54.6126
54.6126
54.6126
54.6125
54.6123
54.6121
54.6134
54.6136
54.6138
54.6138
54.6139
54.6139
54.6138
54.6138
54.6136
54.6134
54.6144
54.6145
54.6146
54.6147
54.6147
54.6147
54.6147
54.6146
54.6145
54.6144
54.615
54.6151
54.6151
54.6151
54.6151
54.6151
54.6151
54.6151
54.6151
54.615
54.6154
54.6153
54.6153
54.6152
54.6152
54.6152
54.6152
54.6153
54.6153
54.6154
54.6156
54.6154
54.6152
54.6151
54.615
54.615
54.6151
54.6152
54.6154
54.6156
54.6159
54.6153
54.6149
54.6146
54.6145
54.6145
54.6146
54.6149
54.6153
54.6159
49.858
49.858
49.8581
49.8582
49.8582
49.8582
49.8582
49.8581
49.858
49.858
49.8585
49.8586
49.8587
49.8588
49.8589
49.8589
49.8588
49.8587
49.8586
49.8585
49.8591
49.8593
49.8594
49.8595
49.8595
49.8595
49.8595
49.8594
49.8593
49.8591
49.8597
49.8598
49.86
49.8601
49.8601
49.8601
49.8601
49.86
49.8598
49.8597
49.8601
49.8602
49.8604
49.8605
49.8605
49.8605
49.8605
49.8604
49.8602
49.8601
49.8604
49.8605
49.8606
49.8607
49.8608
49.8608
49.8607
49.8606
49.8605
49.8604
49.8606
49.8606
49.8607
49.8608
49.8608
49.8608
49.8608
49.8607
49.8606
49.8606
49.8606
49.8606
49.8607
49.8607
49.8607
49.8607
49.8607
49.8607
49.8606
49.8606
49.8605
49.8605
49.8605
49.8605
49.8605
49.8605
49.8605
49.8605
49.8605
49.8605
49.8605
49.8603
49.8602
49.8601
49.86
49.86
49.8601
49.8602
49.8603
49.8605
45.1109
45.1109
45.111
45.111
45.111
45.111
45.111
45.111
45.1109
45.1109
45.1112
45.1112
45.1112
45.1112
45.1112
45.1112
45.1112
45.1112
45.1112
45.1112
45.1115
45.1115
45.1115
45.1115
45.1116
45.1116
45.1115
45.1115
45.1115
45.1115
45.1118
45.1118
45.1119
45.1119
45.1119
45.1119
45.1119
45.1119
45.1118
45.1118
45.112
45.1121
45.1121
45.1122
45.1122
45.1122
45.1122
45.1121
45.1121
45.112
45.1123
45.1124
45.1124
45.1124
45.1124
45.1124
45.1124
45.1124
45.1124
45.1123
45.1125
45.1126
45.1126
45.1126
45.1126
45.1126
45.1126
45.1126
45.1126
45.1125
45.1127
45.1127
45.1128
45.1128
45.1128
45.1128
45.1128
45.1128
45.1127
45.1127
45.1129
45.1129
45.1129
45.1129
45.1129
45.1129
45.1129
45.1129
45.1129
45.1129
45.1131
45.113
45.113
45.113
45.113
45.113
45.113
45.113
45.113
45.1131
40.3624
40.3624
40.3624
40.3624
40.3624
40.3624
40.3624
40.3624
40.3624
40.3624
40.3625
40.3625
40.3625
40.3625
40.3625
40.3625
40.3625
40.3625
40.3625
40.3625
40.3626
40.3626
40.3626
40.3627
40.3627
40.3627
40.3627
40.3626
40.3626
40.3626
40.3627
40.3627
40.3627
40.3628
40.3628
40.3628
40.3628
40.3627
40.3627
40.3627
40.3628
40.3628
40.3628
40.3629
40.3629
40.3629
40.3629
40.3628
40.3628
40.3628
40.3629
40.3629
40.3629
40.363
40.363
40.363
40.363
40.3629
40.3629
40.3629
40.3629
40.363
40.363
40.363
40.363
40.363
40.363
40.363
40.363
40.3629
40.363
40.363
40.363
40.3631
40.3631
40.3631
40.3631
40.363
40.363
40.363
40.363
40.363
40.3631
40.3631
40.3631
40.3631
40.3631
40.3631
40.363
40.363
40.3631
40.3631
40.3631
40.3631
40.3631
40.3631
40.3631
40.3631
40.3631
40.3631
35.6142
35.6142
35.6142
35.6142
35.6142
35.6142
35.6142
35.6142
35.6142
35.6142
35.6142
35.6142
35.6142
35.6142
35.6142
35.6142
35.6142
35.6142
35.6142
35.6142
35.6143
35.6143
35.6143
35.6143
35.6143
35.6143
35.6143
35.6143
35.6143
35.6143
35.6143
35.6143
35.6143
35.6143
35.6143
35.6143
35.6143
35.6143
35.6143
35.6143
35.6144
35.6144
35.6144
35.6144
35.6144
35.6144
35.6144
35.6144
35.6144
35.6144
35.6144
35.6144
35.6145
35.6145
35.6145
35.6145
35.6145
35.6145
35.6144
35.6144
35.6145
35.6145
35.6145
35.6145
35.6145
35.6145
35.6145
35.6145
35.6145
35.6145
35.6145
35.6146
35.6146
35.6146
35.6146
35.6146
35.6146
35.6146
35.6146
35.6145
35.6146
35.6146
35.6146
35.6146
35.6146
35.6146
35.6146
35.6146
35.6146
35.6146
35.6147
35.6147
35.6147
35.6147
35.6147
35.6147
35.6147
35.6147
35.6147
35.6147
30.8656
30.8656
30.8656
30.8656
30.8656
30.8656
30.8656
30.8656
30.8656
30.8656
30.8656
30.8656
30.8656
30.8657
30.8657
30.8657
30.8657
30.8656
30.8656
30.8656
30.8657
30.8657
30.8657
30.8657
30.8657
30.8657
30.8657
30.8657
30.8657
30.8657
30.8657
30.8657
30.8657
30.8657
30.8657
30.8657
30.8657
30.8657
30.8657
30.8657
30.8657
30.8657
30.8657
30.8657
30.8657
30.8657
30.8657
30.8657
30.8657
30.8657
30.8657
30.8657
30.8657
30.8657
30.8657
30.8657
30.8657
30.8657
30.8657
30.8657
30.8657
30.8657
30.8658
30.8658
30.8658
30.8658
30.8658
30.8658
30.8657
30.8657
30.8658
30.8658
30.8658
30.8658
30.8658
30.8658
30.8658
30.8658
30.8658
30.8658
30.8658
30.8658
30.8658
30.8658
30.8658
30.8658
30.8658
30.8658
30.8658
30.8658
30.8658
30.8658
30.8658
30.8658
30.8658
30.8658
30.8658
30.8658
30.8658
30.8658
26.1171
26.1171
26.1171
26.1171
26.1171
26.1171
26.1171
26.1171
26.1171
26.1171
26.1171
26.1171
26.1171
26.1171
26.1171
26.1171
26.1171
26.1171
26.1171
26.1171
26.1171
26.1171
26.1171
26.1171
26.1171
26.1171
26.1171
26.1171
26.1171
26.1171
26.1171
26.1171
26.1171
26.1172
26.1172
26.1172
26.1172
26.1171
26.1171
26.1171
26.1172
26.1172
26.1172
26.1172
26.1172
26.1172
26.1172
26.1172
26.1172
26.1172
26.1172
26.1172
26.1172
26.1172
26.1172
26.1172
26.1172
26.1172
26.1172
26.1172
26.1172
26.1172
26.1172
26.1172
26.1172
26.1172
26.1172
26.1172
26.1172
26.1172
26.1172
26.1172
26.1172
26.1172
26.1172
26.1172
26.1172
26.1172
26.1172
26.1172
26.1172
26.1172
26.1172
26.1172
26.1172
26.1172
26.1172
26.1172
26.1172
26.1172
26.1172
26.1172
26.1172
26.1172
26.1172
26.1172
26.1172
26.1172
26.1172
26.1172
21.3686
21.3686
21.3686
21.3686
21.3686
21.3686
21.3686
21.3686
21.3686
21.3686
21.3686
21.3686
21.3686
21.3686
21.3686
21.3686
21.3686
21.3686
21.3686
21.3686
21.3686
21.3686
21.3686
21.3686
21.3686
21.3686
21.3686
21.3686
21.3686
21.3686
21.3686
21.3686
21.3686
21.3686
21.3686
21.3686
21.3686
21.3686
21.3686
21.3686
21.3686
21.3686
21.3686
21.3686
21.3686
21.3686
21.3686
21.3686
21.3686
21.3686
21.3686
21.3686
21.3686
21.3686
21.3686
21.3686
21.3686
21.3686
21.3686
21.3686
21.3686
21.3686
21.3686
21.3686
21.3686
21.3686
21.3686
21.3686
21.3686
21.3686
21.3686
21.3686
21.3686
21.3686
21.3686
21.3686
21.3686
21.3686
21.3686
21.3686
21.3686
21.3686
21.3686
21.3686
21.3686
21.3686
21.3686
21.3686
21.3686
21.3686
21.3686
21.3686
21.3686
21.3686
21.3686
21.3686
21.3686
21.3686
21.3686
21.3686
16.62
16.62
16.62
16.62
16.62
16.62
16.62
16.62
16.62
16.62
16.62
16.62
16.62
16.62
16.62
16.62
16.62
16.62
16.62
16.62
16.62
16.62
16.62
16.62
16.62
16.62
16.62
16.62
16.62
16.62
16.62
16.62
16.62
16.62
16.62
16.62
16.62
16.62
16.62
16.62
16.62
16.62
16.62
16.62
16.62
16.62
16.62
16.62
16.62
16.62
16.62
16.62
16.62
16.62
16.62
16.62
16.62
16.62
16.62
16.62
16.62
16.62
16.62
16.62
16.62
16.62
16.62
16.62
16.62
16.62
16.62
16.62
16.62
16.62
16.62
16.62
16.62
16.62
16.62
16.62
16.62
16.62
16.62
16.62
16.62
16.62
16.62
16.62
16.62
16.62
16.62
16.62
16.62
16.62
16.62
16.62
16.62
16.62
16.62
16.62
11.8714
11.8714
11.8714
11.8714
11.8714
11.8714
11.8714
11.8714
11.8714
11.8714
11.8714
11.8714
11.8714
11.8714
11.8714
11.8714
11.8714
11.8714
11.8714
11.8714
11.8714
11.8714
11.8714
11.8714
11.8714
11.8714
11.8714
11.8714
11.8714
11.8714
11.8714
11.8714
11.8714
11.8714
11.8714
11.8714
11.8714
11.8714
11.8714
11.8714
11.8714
11.8714
11.8714
11.8714
11.8714
11.8714
11.8714
11.8714
11.8714
11.8714
11.8714
11.8714
11.8714
11.8714
11.8714
11.8714
11.8714
11.8714
11.8714
11.8714
11.8714
11.8714
11.8714
11.8714
11.8714
11.8714
11.8714
11.8714
11.8714
11.8714
11.8714
11.8714
11.8714
11.8714
11.8714
11.8714
11.8714
11.8714
11.8714
11.8714
11.8714
11.8714
11.8714
11.8714
11.8714
11.8714
11.8714
11.8714
11.8714
11.8714
11.8714
11.8714
11.8714
11.8714
11.8714
11.8714
11.8714
11.8714
11.8714
11.8714
7.1228
7.1228
7.1228
7.1228
7.12281
7.12281
7.1228
7.1228
7.1228
7.1228
7.12278
7.12278
7.12278
7.12278
7.12278
7.12278
7.12278
7.12278
7.12278
7.12278
7.12278
7.12278
7.12278
7.12278
7.12278
7.12278
7.12278
7.12278
7.12278
7.12278
7.12279
7.12279
7.1228
7.1228
7.1228
7.1228
7.1228
7.1228
7.1228
7.12279
7.12281
7.12281
7.12281
7.12281
7.12281
7.12281
7.12281
7.12281
7.12281
7.12281
7.12281
7.12282
7.12282
7.12282
7.12282
7.12282
7.12282
7.12282
7.12282
7.12281
7.12282
7.12282
7.12282
7.12282
7.12282
7.12282
7.12282
7.12282
7.12282
7.12282
7.12282
7.12283
7.12283
7.12283
7.12283
7.12283
7.12283
7.12283
7.12283
7.12282
7.12283
7.12283
7.12283
7.12283
7.12283
7.12283
7.12283
7.12283
7.12283
7.12283
7.12283
7.12283
7.12283
7.12283
7.12283
7.12283
7.12283
7.12283
7.12283
7.12283
2.37425
2.37425
2.37425
2.37425
2.37425
2.37425
2.37425
2.37425
2.37425
2.37425
2.37423
2.37423
2.37423
2.37423
2.37423
2.37423
2.37423
2.37423
2.37423
2.37423
2.37423
2.37423
2.37423
2.37423
2.37423
2.37423
2.37423
2.37423
2.37423
2.37423
2.37424
2.37424
2.37424
2.37424
2.37424
2.37424
2.37424
2.37424
2.37424
2.37424
2.37424
2.37424
2.37425
2.37425
2.37425
2.37425
2.37425
2.37425
2.37424
2.37424
2.37424
2.37425
2.37425
2.37425
2.37425
2.37425
2.37425
2.37425
2.37425
2.37425
2.37424
2.37425
2.37425
2.37425
2.37425
2.37425
2.37425
2.37425
2.37425
2.37424
2.37424
2.37424
2.37424
2.37424
2.37425
2.37425
2.37425
2.37424
2.37424
2.37424
2.37424
2.37424
2.37424
2.37424
2.37424
2.37424
2.37424
2.37424
2.37424
2.37424
2.37424
2.37424
2.37424
2.37424
2.37424
2.37424
2.37424
2.37424
2.37424
2.37424
89.5481
88.9454
88.5625
88.3195
88.1991
88.1991
88.3195
88.5625
88.9454
89.5482
88.9454
88.4253
88.0392
87.7833
87.6567
87.6567
87.7833
88.0392
88.4253
88.9454
88.5625
88.0392
87.6389
87.3738
87.2432
87.2432
87.3738
87.6389
88.0392
88.5625
88.3195
87.7833
87.3738
87.1046
86.9723
86.9723
87.1046
87.3738
87.7834
88.3195
88.1991
87.6567
87.2432
86.9723
86.8393
86.8393
86.9723
87.2433
87.6567
88.1991
88.1991
87.6567
87.2432
86.9723
86.8393
86.8393
86.9723
87.2433
87.6567
88.1991
88.3195
87.7833
87.3738
87.1046
86.9723
86.9723
87.1046
87.3739
87.7834
88.3195
88.5625
88.0392
87.6389
87.3738
87.2433
87.2433
87.3739
87.6389
88.0392
88.5625
88.9454
88.4253
88.0392
87.7834
87.6567
87.6567
87.7834
88.0392
88.4253
88.9455
89.5482
88.9454
88.5625
88.3195
88.1991
88.1991
88.3195
88.5625
88.9455
89.5482
85.5899
85.3338
85.1761
85.0726
85.0201
85.0201
85.0726
85.1761
85.3338
85.5899
85.3338
85.1142
84.9386
84.8182
84.7578
84.7578
84.8182
84.9386
85.1142
85.3338
85.1761
84.9386
84.7442
84.6121
84.5466
84.5466
84.6121
84.7442
84.9386
85.1761
85.0726
84.8182
84.6121
84.4736
84.4051
84.4051
84.4736
84.6121
84.8182
85.0726
85.0201
84.7578
84.5466
84.4051
84.3351
84.3351
84.4051
84.5466
84.7578
85.0201
85.0201
84.7578
84.5466
84.4051
84.3351
84.3351
84.4051
84.5466
84.7578
85.0201
85.0726
84.8182
84.6121
84.4736
84.4051
84.4051
84.4736
84.6121
84.8182
85.0726
85.1761
84.9386
84.7442
84.6121
84.5466
84.5466
84.6121
84.7442
84.9387
85.1761
85.3338
85.1142
84.9386
84.8182
84.7578
84.7578
84.8182
84.9387
85.1142
85.3338
85.5899
85.3338
85.1761
85.0726
85.0201
85.0201
85.0726
85.1761
85.3338
85.5899
82.997
82.8427
82.7427
82.6743
82.6393
82.6393
82.6743
82.7427
82.8427
82.997
82.8427
82.7058
82.5912
82.5104
82.4696
82.4696
82.5104
82.5912
82.7058
82.8427
82.7427
82.5912
82.4613
82.3717
82.3269
82.3269
82.3717
82.4613
82.5912
82.7427
82.6743
82.5104
82.3717
82.2772
82.2301
82.2301
82.2772
82.3717
82.5104
82.6743
82.6393
82.4696
82.3269
82.2301
82.1819
82.1819
82.2301
82.3269
82.4696
82.6393
82.6393
82.4696
82.3269
82.2301
82.1819
82.1819
82.2301
82.3269
82.4696
82.6393
82.6743
82.5104
82.3717
82.2772
82.2301
82.2301
82.2772
82.3717
82.5104
82.6743
82.7427
82.5912
82.4613
82.3717
82.3269
82.3269
82.3717
82.4613
82.5912
82.7427
82.8427
82.7058
82.5912
82.5104
82.4696
82.4696
82.5104
82.5912
82.7059
82.8427
82.997
82.8427
82.7427
82.6743
82.6393
82.6393
82.6743
82.7427
82.8427
82.997
77.9792
77.9282
77.8957
77.8722
77.86
77.86
77.8722
77.8957
77.9282
77.9792
77.9282
77.8791
77.8346
77.8023
77.7858
77.7858
77.8023
77.8346
77.8791
77.9282
77.8957
77.8346
77.7804
77.7423
77.7233
77.7233
77.7423
77.7804
77.8346
77.8957
77.8722
77.8023
77.7423
77.7011
77.6805
77.6805
77.7011
77.7423
77.8023
77.8722
77.86
77.7858
77.7233
77.6805
77.6592
77.6592
77.6805
77.7233
77.7858
77.86
77.86
77.7858
77.7233
77.6805
77.6592
77.6592
77.6805
77.7233
77.7858
77.86
77.8722
77.8023
77.7423
77.7011
77.6805
77.6805
77.7011
77.7423
77.8023
77.8722
77.8957
77.8346
77.7804
77.7423
77.7233
77.7233
77.7423
77.7804
77.8346
77.8957
77.9282
77.8791
77.8346
77.8023
77.7858
77.7858
77.8023
77.8346
77.8791
77.9282
77.9792
77.9282
77.8957
77.8722
77.86
77.86
77.8722
77.8957
77.9282
77.9792
73.647
73.6266
73.6123
73.6015
73.5957
73.5957
73.6015
73.6123
73.6266
73.647
73.6266
73.6066
73.5867
73.5718
73.5641
73.5641
73.5718
73.5867
73.6066
73.6266
73.6123
73.5867
73.5621
73.5444
73.5354
73.5354
73.5444
73.5621
73.5867
73.6123
73.6015
73.5718
73.5444
73.5251
73.5153
73.5153
73.5251
73.5444
73.5718
73.6015
73.5957
73.5641
73.5354
73.5153
73.5052
73.5052
73.5153
73.5354
73.5641
73.5957
73.5957
73.5641
73.5354
73.5153
73.5052
73.5052
73.5153
73.5354
73.5641
73.5957
73.6015
73.5718
73.5444
73.5251
73.5153
73.5153
73.5251
73.5444
73.5718
73.6015
73.6123
73.5867
73.5621
73.5444
73.5354
73.5354
73.5444
73.5621
73.5868
73.6123
73.6266
73.6066
73.5867
73.5718
73.5641
73.5641
73.5718
73.5868
73.6066
73.6266
73.647
73.6266
73.6123
73.6015
73.5957
73.5957
73.6015
73.6123
73.6266
73.647
68.8003
68.7936
68.789
68.7853
68.7833
68.7833
68.7853
68.789
68.7936
68.8003
68.7936
68.7859
68.7779
68.7718
68.7687
68.7687
68.7718
68.7779
68.7859
68.7936
68.789
68.7779
68.7674
68.7598
68.7559
68.7559
68.7598
68.7674
68.7779
68.789
68.7853
68.7718
68.7598
68.7513
68.7471
68.7471
68.7513
68.7598
68.7718
68.7853
68.7833
68.7687
68.7559
68.7471
68.7426
68.7426
68.7471
68.7559
68.7687
68.7833
68.7833
68.7687
68.7559
68.7471
68.7426
68.7426
68.7471
68.7559
68.7687
68.7833
68.7853
68.7718
68.7598
68.7513
68.7471
68.7471
68.7513
68.7598
68.7718
68.7853
68.789
68.7779
68.7674
68.7598
68.7559
68.7559
68.7598
68.7674
68.7779
68.789
68.7936
68.7859
68.7779
68.7718
68.7687
68.7687
68.7718
68.7779
68.7859
68.7936
68.8003
68.7936
68.789
68.7853
68.7833
68.7833
68.7853
68.789
68.7936
68.8003
64.124
64.1224
64.1211
64.1198
64.1192
64.1192
64.1198
64.1211
64.1224
64.124
64.1224
64.1204
64.1179
64.1158
64.1147
64.1147
64.1158
64.1179
64.1204
64.1224
64.1211
64.1179
64.1143
64.1117
64.1103
64.1103
64.1117
64.1143
64.1179
64.1211
64.1198
64.1158
64.1117
64.1087
64.1071
64.1071
64.1087
64.1117
64.1158
64.1198
64.1192
64.1147
64.1103
64.1071
64.1055
64.1055
64.1071
64.1103
64.1147
64.1192
64.1192
64.1147
64.1103
64.1071
64.1055
64.1055
64.1071
64.1103
64.1147
64.1192
64.1198
64.1158
64.1117
64.1087
64.1071
64.1071
64.1087
64.1117
64.1158
64.1198
64.1211
64.1179
64.1143
64.1117
64.1103
64.1103
64.1117
64.1143
64.1179
64.1211
64.1224
64.1204
64.1179
64.1158
64.1147
64.1147
64.1158
64.1179
64.1204
64.1224
64.124
64.1224
64.1211
64.1198
64.1192
64.1192
64.1198
64.1211
64.1224
64.124
59.3506
59.3501
59.3497
59.3492
59.349
59.349
59.3492
59.3497
59.3501
59.3506
59.3501
59.3492
59.3481
59.3472
59.3468
59.3468
59.3472
59.3481
59.3492
59.3501
59.3497
59.3481
59.3465
59.3453
59.3447
59.3447
59.3453
59.3465
59.3481
59.3497
59.3492
59.3472
59.3453
59.344
59.3433
59.3433
59.344
59.3453
59.3472
59.3492
59.349
59.3468
59.3447
59.3433
59.3426
59.3426
59.3433
59.3447
59.3468
59.349
59.349
59.3468
59.3447
59.3433
59.3426
59.3426
59.3433
59.3447
59.3468
59.349
59.3492
59.3472
59.3453
59.344
59.3433
59.3433
59.344
59.3453
59.3472
59.3492
59.3497
59.3481
59.3465
59.3453
59.3447
59.3447
59.3453
59.3465
59.3481
59.3497
59.3501
59.3492
59.3481
59.3472
59.3468
59.3468
59.3472
59.3481
59.3492
59.3501
59.3506
59.3501
59.3497
59.3492
59.349
59.349
59.3492
59.3497
59.3501
59.3506
54.6138
54.6139
54.614
54.6139
54.6139
54.6139
54.6139
54.614
54.6139
54.6138
54.6139
54.614
54.6138
54.6136
54.6135
54.6135
54.6136
54.6138
54.614
54.6139
54.614
54.6138
54.6134
54.6131
54.613
54.613
54.6131
54.6134
54.6138
54.614
54.6139
54.6136
54.6131
54.6128
54.6126
54.6126
54.6128
54.6131
54.6136
54.6139
54.6139
54.6135
54.613
54.6126
54.6124
54.6124
54.6126
54.613
54.6135
54.6139
54.6139
54.6135
54.613
54.6126
54.6124
54.6124
54.6126
54.613
54.6135
54.6139
54.6139
54.6136
54.6131
54.6128
54.6126
54.6126
54.6128
54.6131
54.6136
54.6139
54.614
54.6138
54.6134
54.6131
54.613
54.613
54.6131
54.6134
54.6138
54.614
54.6139
54.614
54.6138
54.6136
54.6135
54.6135
54.6136
54.6138
54.614
54.6139
54.6138
54.6139
54.614
54.6139
54.6139
54.6139
54.6139
54.614
54.6139
54.6138
49.8595
49.8596
49.8596
49.8596
49.8596
49.8596
49.8596
49.8596
49.8596
49.8595
49.8596
49.8596
49.8595
49.8594
49.8593
49.8593
49.8594
49.8595
49.8596
49.8596
49.8596
49.8595
49.8593
49.8592
49.8591
49.8591
49.8592
49.8593
49.8595
49.8596
49.8596
49.8594
49.8592
49.859
49.8589
49.8589
49.859
49.8592
49.8594
49.8596
49.8596
49.8593
49.8591
49.8589
49.8588
49.8588
49.8589
49.8591
49.8593
49.8596
49.8596
49.8593
49.8591
49.8589
49.8588
49.8588
49.8589
49.8591
49.8593
49.8596
49.8596
49.8594
49.8592
49.859
49.8589
49.8589
49.859
49.8592
49.8594
49.8596
49.8596
49.8595
49.8593
49.8592
49.8591
49.8591
49.8592
49.8593
49.8595
49.8596
49.8596
49.8596
49.8595
49.8594
49.8593
49.8593
49.8594
49.8595
49.8596
49.8596
49.8595
49.8596
49.8596
49.8596
49.8596
49.8596
49.8596
49.8596
49.8596
49.8595
45.1128
45.1129
45.1129
45.113
45.113
45.113
45.113
45.1129
45.1129
45.1128
45.1129
45.113
45.113
45.113
45.113
45.113
45.113
45.113
45.113
45.1129
45.1129
45.113
45.113
45.113
45.113
45.113
45.113
45.113
45.113
45.1129
45.113
45.113
45.113
45.113
45.1129
45.1129
45.113
45.113
45.113
45.113
45.113
45.113
45.113
45.1129
45.1129
45.1129
45.1129
45.113
45.113
45.113
45.113
45.113
45.113
45.1129
45.1129
45.1129
45.1129
45.113
45.113
45.113
45.113
45.113
45.113
45.113
45.1129
45.1129
45.113
45.113
45.113
45.113
45.1129
45.113
45.113
45.113
45.113
45.113
45.113
45.113
45.113
45.1129
45.1129
45.113
45.113
45.113
45.113
45.113
45.113
45.113
45.113
45.1129
45.1128
45.1129
45.1129
45.113
45.113
45.113
45.113
45.1129
45.1129
45.1128
40.3629
40.363
40.363
40.363
40.363
40.363
40.363
40.363
40.363
40.3629
40.363
40.363
40.363
40.363
40.363
40.363
40.363
40.363
40.363
40.363
40.363
40.363
40.363
40.363
40.363
40.363
40.363
40.363
40.363
40.363
40.363
40.363
40.363
40.363
40.363
40.363
40.363
40.363
40.363
40.363
40.363
40.363
40.363
40.363
40.363
40.363
40.363
40.363
40.363
40.363
40.363
40.363
40.363
40.363
40.363
40.363
40.363
40.363
40.363
40.363
40.363
40.363
40.363
40.363
40.363
40.363
40.363
40.363
40.363
40.363
40.363
40.363
40.363
40.363
40.363
40.363
40.363
40.363
40.363
40.363
40.363
40.363
40.363
40.363
40.363
40.363
40.363
40.363
40.363
40.363
40.3629
40.363
40.363
40.363
40.363
40.363
40.363
40.363
40.363
40.3629
35.6146
35.6147
35.6147
35.6147
35.6147
35.6147
35.6147
35.6147
35.6147
35.6146
35.6147
35.6147
35.6147
35.6147
35.6147
35.6147
35.6147
35.6147
35.6147
35.6147
35.6147
35.6147
35.6147
35.6147
35.6147
35.6147
35.6147
35.6147
35.6147
35.6147
35.6147
35.6147
35.6147
35.6147
35.6147
35.6147
35.6147
35.6147
35.6147
35.6147
35.6147
35.6147
35.6147
35.6147
35.6147
35.6147
35.6147
35.6147
35.6147
35.6147
35.6147
35.6147
35.6147
35.6147
35.6147
35.6147
35.6147
35.6147
35.6147
35.6147
35.6147
35.6147
35.6147
35.6147
35.6147
35.6147
35.6147
35.6147
35.6147
35.6147
35.6147
35.6147
35.6147
35.6147
35.6147
35.6147
35.6147
35.6147
35.6147
35.6147
35.6147
35.6147
35.6147
35.6147
35.6147
35.6147
35.6147
35.6147
35.6147
35.6147
35.6146
35.6147
35.6147
35.6147
35.6147
35.6147
35.6147
35.6147
35.6147
35.6146
30.8658
30.8658
30.8658
30.8658
30.8658
30.8658
30.8658
30.8658
30.8658
30.8658
30.8658
30.8658
30.8658
30.8658
30.8658
30.8658
30.8658
30.8658
30.8658
30.8658
30.8658
30.8658
30.8658
30.8658
30.8658
30.8658
30.8658
30.8658
30.8658
30.8658
30.8658
30.8658
30.8658
30.8658
30.8658
30.8658
30.8658
30.8658
30.8658
30.8658
30.8658
30.8658
30.8658
30.8658
30.8658
30.8658
30.8658
30.8658
30.8658
30.8658
30.8658
30.8658
30.8658
30.8658
30.8658
30.8658
30.8658
30.8658
30.8658
30.8658
30.8658
30.8658
30.8658
30.8658
30.8658
30.8658
30.8658
30.8658
30.8658
30.8658
30.8658
30.8658
30.8658
30.8658
30.8658
30.8658
30.8658
30.8658
30.8658
30.8658
30.8658
30.8658
30.8658
30.8658
30.8658
30.8658
30.8658
30.8658
30.8658
30.8658
30.8658
30.8658
30.8658
30.8658
30.8658
30.8658
30.8658
30.8658
30.8658
30.8658
26.1172
26.1172
26.1172
26.1172
26.1172
26.1172
26.1172
26.1172
26.1172
26.1172
26.1172
26.1172
26.1172
26.1173
26.1173
26.1173
26.1173
26.1172
26.1172
26.1172
26.1172
26.1172
26.1173
26.1173
26.1173
26.1173
26.1173
26.1173
26.1172
26.1172
26.1172
26.1173
26.1173
26.1173
26.1173
26.1173
26.1173
26.1173
26.1173
26.1172
26.1172
26.1173
26.1173
26.1173
26.1173
26.1173
26.1173
26.1173
26.1173
26.1172
26.1172
26.1173
26.1173
26.1173
26.1173
26.1173
26.1173
26.1173
26.1173
26.1172
26.1172
26.1173
26.1173
26.1173
26.1173
26.1173
26.1173
26.1173
26.1173
26.1172
26.1172
26.1172
26.1173
26.1173
26.1173
26.1173
26.1173
26.1173
26.1172
26.1172
26.1172
26.1172
26.1172
26.1173
26.1173
26.1173
26.1173
26.1172
26.1172
26.1172
26.1172
26.1172
26.1172
26.1172
26.1172
26.1172
26.1172
26.1172
26.1172
26.1172
21.3686
21.3686
21.3686
21.3686
21.3686
21.3686
21.3686
21.3686
21.3686
21.3686
21.3686
21.3686
21.3686
21.3686
21.3686
21.3686
21.3686
21.3686
21.3686
21.3686
21.3686
21.3686
21.3686
21.3686
21.3686
21.3686
21.3686
21.3686
21.3686
21.3686
21.3686
21.3686
21.3686
21.3686
21.3686
21.3686
21.3686
21.3686
21.3686
21.3686
21.3686
21.3686
21.3686
21.3686
21.3686
21.3686
21.3686
21.3686
21.3686
21.3686
21.3686
21.3686
21.3686
21.3686
21.3686
21.3686
21.3686
21.3686
21.3686
21.3686
21.3686
21.3686
21.3686
21.3686
21.3686
21.3686
21.3686
21.3686
21.3686
21.3686
21.3686
21.3686
21.3686
21.3686
21.3686
21.3686
21.3686
21.3686
21.3686
21.3686
21.3686
21.3686
21.3686
21.3686
21.3686
21.3686
21.3686
21.3686
21.3686
21.3686
21.3686
21.3686
21.3686
21.3686
21.3686
21.3686
21.3686
21.3686
21.3686
21.3686
16.62
16.62
16.62
16.62
16.62
16.62
16.62
16.62
16.62
16.62
16.62
16.62
16.62
16.62
16.62
16.62
16.62
16.62
16.62
16.62
16.62
16.62
16.62
16.62
16.62
16.62
16.62
16.62
16.62
16.62
16.62
16.62
16.62
16.62
16.62
16.62
16.62
16.62
16.62
16.62
16.62
16.62
16.62
16.62
16.62
16.62
16.62
16.62
16.62
16.62
16.62
16.62
16.62
16.62
16.62
16.62
16.62
16.62
16.62
16.62
16.62
16.62
16.62
16.62
16.62
16.62
16.62
16.62
16.62
16.62
16.62
16.62
16.62
16.62
16.62
16.62
16.62
16.62
16.62
16.62
16.62
16.62
16.62
16.62
16.62
16.62
16.62
16.62
16.62
16.62
16.62
16.62
16.62
16.62
16.62
16.62
16.62
16.62
16.62
16.62
11.8714
11.8714
11.8714
11.8714
11.8714
11.8714
11.8714
11.8714
11.8714
11.8714
11.8714
11.8714
11.8714
11.8714
11.8714
11.8714
11.8714
11.8714
11.8714
11.8714
11.8714
11.8714
11.8714
11.8714
11.8714
11.8714
11.8714
11.8714
11.8714
11.8714
11.8714
11.8714
11.8714
11.8714
11.8714
11.8714
11.8714
11.8714
11.8714
11.8714
11.8714
11.8714
11.8714
11.8714
11.8714
11.8714
11.8714
11.8714
11.8714
11.8714
11.8714
11.8714
11.8714
11.8714
11.8714
11.8714
11.8714
11.8714
11.8714
11.8714
11.8714
11.8714
11.8714
11.8714
11.8714
11.8714
11.8714
11.8714
11.8714
11.8714
11.8714
11.8714
11.8714
11.8714
11.8714
11.8714
11.8714
11.8714
11.8714
11.8714
11.8714
11.8714
11.8714
11.8714
11.8714
11.8714
11.8714
11.8714
11.8714
11.8714
11.8714
11.8714
11.8714
11.8714
11.8714
11.8714
11.8714
11.8714
11.8714
11.8714
7.12283
7.12283
7.12283
7.12283
7.12283
7.12283
7.12283
7.12283
7.12283
7.12283
7.12283
7.12283
7.12283
7.12284
7.12284
7.12284
7.12283
7.12283
7.12283
7.12283
7.12283
7.12283
7.12284
7.12284
7.12284
7.12284
7.12283
7.12283
7.12283
7.12283
7.12283
7.12284
7.12284
7.12284
7.12284
7.12284
7.12283
7.12283
7.12283
7.12283
7.12283
7.12284
7.12284
7.12284
7.12284
7.12284
7.12283
7.12283
7.12283
7.12283
7.12283
7.12283
7.12284
7.12284
7.12284
7.12283
7.12283
7.12283
7.12283
7.12283
7.12283
7.12283
7.12283
7.12283
7.12283
7.12283
7.12283
7.12283
7.12283
7.12283
7.12283
7.12283
7.12283
7.12283
7.12283
7.12283
7.12283
7.12283
7.12283
7.12283
7.12283
7.12283
7.12283
7.12283
7.12283
7.12283
7.12283
7.12283
7.12283
7.12283
7.12283
7.12283
7.12283
7.12283
7.12283
7.12283
7.12283
7.12283
7.12283
7.12283
2.37424
2.37424
2.37424
2.37424
2.37424
2.37424
2.37424
2.37424
2.37424
2.37424
2.37424
2.37424
2.37424
2.37424
2.37424
2.37424
2.37424
2.37424
2.37424
2.37424
2.37424
2.37424
2.37424
2.37424
2.37424
2.37424
2.37424
2.37424
2.37424
2.37424
2.37424
2.37424
2.37424
2.37424
2.37424
2.37424
2.37424
2.37424
2.37424
2.37424
2.37424
2.37424
2.37424
2.37424
2.37424
2.37424
2.37424
2.37424
2.37424
2.37424
2.37424
2.37424
2.37424
2.37424
2.37424
2.37424
2.37424
2.37424
2.37424
2.37424
2.37424
2.37424
2.37424
2.37424
2.37424
2.37424
2.37424
2.37424
2.37424
2.37424
2.37424
2.37424
2.37424
2.37424
2.37424
2.37424
2.37424
2.37424
2.37424
2.37424
2.37424
2.37424
2.37424
2.37424
2.37424
2.37424
2.37424
2.37424
2.37424
2.37424
2.37424
2.37424
2.37424
2.37424
2.37424
2.37424
2.37424
2.37424
2.37424
2.37424
)
;

boundaryField
{
    fixedWalls
    {
        type            zeroGradient;
    }
    inlet
    {
        type            fixedGradient;
        gradient        uniform 0;
    }
    outlet
    {
        type            fixedValue;
        value           uniform 0;
    }
}


// ************************************************************************* //
