/*--------------------------------*- C++ -*----------------------------------*\
| =========                 |                                                 |
| \\      /  F ield         | OpenFOAM: The Open Source CFD Toolbox           |
|  \\    /   O peration     | Version:  2106                                  |
|   \\  /    A nd           | Website:  www.openfoam.com                      |
|    \\/     M anipulation  |                                                 |
\*---------------------------------------------------------------------------*/
FoamFile
{
    version     2.0;
    format      ascii;
    arch        "LSB;label=32;scalar=64";
    class       volScalarField;
    location    "0.92";
    object      p;
}
// * * * * * * * * * * * * * * * * * * * * * * * * * * * * * * * * * * * * * //

dimensions      [0 2 -2 0 0 0 0];

internalField   nonuniform List<scalar> 
10000
(
98.3255
97.7449
97.3804
97.1139
96.9757
96.9757
97.1139
97.3804
97.7449
98.3255
89.2115
88.3639
87.8056
87.411
87.2077
87.2077
87.411
87.8056
88.3639
89.2115
81.645
80.6696
80.033
79.5895
79.3619
79.3619
79.5895
80.033
80.6696
81.645
76.4207
75.4186
74.773
74.3299
74.1028
74.1028
74.3299
74.773
75.4186
76.4207
72.5005
71.5056
70.868
70.4389
70.2191
70.2191
70.4389
70.868
71.5056
72.5005
69.3253
68.3575
67.7356
67.3273
67.1187
67.1187
67.3273
67.7356
68.3575
69.3253
66.7063
65.7863
65.1898
64.8087
64.6147
64.6147
64.8087
65.1898
65.7863
66.7063
64.5374
63.6885
63.1297
62.7812
62.6045
62.6045
62.7812
63.1297
63.6885
64.5374
62.7385
61.977
61.4685
61.1573
60.9998
60.9998
61.1573
61.4685
61.977
62.7385
61.3301
60.5686
60.1189
59.8452
59.7066
59.7066
59.8452
60.1189
60.5686
61.3301
62.4291
62.6016
62.7893
62.9158
62.9812
62.9812
62.9158
62.7893
62.6016
62.4291
62.8517
62.9463
63.0728
63.1539
63.1954
63.1954
63.1539
63.0728
62.9463
62.8517
62.8292
62.8264
62.8791
62.9073
62.9213
62.9213
62.9073
62.8791
62.8264
62.8292
62.4199
62.3271
62.3118
62.2935
62.2834
62.2834
62.2935
62.3118
62.3271
62.4199
61.8263
61.6596
61.5865
61.5307
61.5013
61.5013
61.5307
61.5865
61.6596
61.8263
61.1572
60.9348
60.8149
60.7311
60.6874
60.6874
60.7311
60.8149
60.9348
61.1572
60.4674
60.2095
60.0559
59.9538
59.9009
59.9009
59.9538
60.0559
60.2095
60.4674
59.7885
59.5189
59.3468
59.2362
59.1791
59.1791
59.2362
59.3468
59.5189
59.7885
59.1562
58.8907
58.7122
58.6001
58.542
58.542
58.6001
58.7122
58.8907
59.1562
58.6736
58.3262
58.1427
58.0299
57.9712
57.9712
58.0299
58.1427
58.3262
58.6736
57.8314
57.8171
57.8188
57.8154
57.8139
57.8139
57.8154
57.8188
57.8171
57.8314
58.2422
58.2257
58.2268
58.2218
58.2191
58.2191
58.2218
58.2268
58.2257
58.2422
58.5824
58.5475
58.5373
58.5225
58.5146
58.5146
58.5225
58.5373
58.5475
58.5824
58.636
58.5678
58.5356
58.5049
58.4885
58.4885
58.5049
58.5356
58.5678
58.636
58.4927
58.3894
58.3329
58.2862
58.2614
58.2614
58.2862
58.3329
58.3894
58.4927
58.2468
58.1131
58.0342
57.9742
57.9426
57.9426
57.9742
58.0342
58.1131
58.2468
57.9466
57.7906
57.6937
57.6243
57.5879
57.5879
57.6243
57.6937
57.7906
57.9466
57.6189
57.4527
57.3445
57.2701
57.2313
57.2313
57.2701
57.3445
57.4527
57.6189
57.2966
57.1278
57.0122
56.9355
56.8955
56.8955
56.9355
57.0122
57.1278
57.2966
57.0546
56.8217
56.6955
56.6151
56.5733
56.5733
56.6151
56.6955
56.8217
57.0546
53.1335
53.1532
53.1781
53.1941
53.2025
53.2025
53.1941
53.1781
53.1532
53.1335
53.3437
53.3673
53.3962
53.4146
53.4243
53.4243
53.4146
53.3962
53.3673
53.3437
53.5224
53.5437
53.5724
53.5899
53.5991
53.5991
53.5899
53.5724
53.5437
53.5224
53.6087
53.6197
53.6416
53.6537
53.66
53.66
53.6537
53.6416
53.6197
53.6087
53.6235
53.6201
53.6317
53.6363
53.6387
53.6387
53.6363
53.6317
53.6201
53.6235
53.5901
53.572
53.5721
53.5691
53.5674
53.5674
53.5691
53.5721
53.572
53.5901
53.5222
53.4914
53.4809
53.4712
53.4658
53.4658
53.4712
53.4809
53.4914
53.5222
53.4296
53.3908
53.3719
53.3572
53.3492
53.3492
53.3572
53.3719
53.3908
53.4296
53.3303
53.2856
53.2586
53.2393
53.2288
53.2288
53.2393
53.2586
53.2856
53.3303
53.2694
53.1809
53.14
53.1132
53.099
53.099
53.1132
53.14
53.1809
53.2694
49.9285
49.9286
49.9307
49.9308
49.9309
49.9309
49.9308
49.9307
49.9286
49.9285
50.0272
50.0309
50.0361
50.0384
50.0396
50.0396
50.0384
50.0361
50.0309
50.0272
50.1279
50.1331
50.14
50.1431
50.1446
50.1446
50.1431
50.14
50.1331
50.1279
50.1965
50.1996
50.2055
50.2075
50.2084
50.2084
50.2075
50.2055
50.1996
50.1965
50.2349
50.2338
50.2368
50.2365
50.2362
50.2362
50.2365
50.2368
50.2338
50.2349
50.2502
50.2437
50.2429
50.2399
50.2381
50.2381
50.2399
50.2429
50.2437
50.2502
50.2471
50.2354
50.2307
50.2251
50.2219
50.2219
50.2251
50.2307
50.2354
50.2471
50.2298
50.2145
50.2064
50.1987
50.1944
50.1944
50.1987
50.2064
50.2145
50.2298
50.2078
50.1891
50.1766
50.1666
50.161
50.161
50.1666
50.1766
50.1891
50.2078
50.2027
50.1609
50.1403
50.126
50.1184
50.1184
50.126
50.1403
50.1609
50.2027
46.6266
46.6296
46.6334
46.6355
46.6367
46.6367
46.6355
46.6334
46.6296
46.6266
46.6678
46.6726
46.6779
46.6812
46.6829
46.6829
46.6812
46.6779
46.6726
46.6678
46.7097
46.7157
46.7223
46.7263
46.7284
46.7284
46.7263
46.7223
46.7157
46.7097
46.7414
46.7472
46.754
46.758
46.7601
46.7601
46.758
46.754
46.7472
46.7414
46.763
46.7676
46.7736
46.777
46.7787
46.7787
46.777
46.7736
46.7676
46.763
46.7758
46.7785
46.7833
46.7856
46.7867
46.7867
46.7856
46.7833
46.7785
46.7758
46.7808
46.7815
46.7847
46.7858
46.7863
46.7863
46.7858
46.7847
46.7815
46.7808
46.7792
46.7784
46.7799
46.78
46.7799
46.7799
46.78
46.7799
46.7784
46.7792
46.7752
46.7726
46.7718
46.7703
46.7695
46.7695
46.7703
46.7718
46.7726
46.7752
46.7796
46.765
46.7592
46.755
46.7528
46.7528
46.755
46.7592
46.765
46.7796
43.45
43.4504
43.451
43.4512
43.4512
43.4512
43.4512
43.451
43.4504
43.45
43.4673
43.4687
43.47
43.4707
43.4711
43.4711
43.4707
43.47
43.4686
43.4673
43.4871
43.4892
43.4913
43.4924
43.493
43.493
43.4924
43.4913
43.4892
43.4871
43.5042
43.5066
43.5091
43.5104
43.511
43.511
43.5104
43.5091
43.5066
43.5042
43.5181
43.5204
43.5229
43.5241
43.5247
43.5247
43.5241
43.5229
43.5204
43.5181
43.5289
43.5308
43.5331
43.5341
43.5345
43.5345
43.5341
43.5331
43.5308
43.5289
43.5368
43.5383
43.5401
43.5408
43.5411
43.5411
43.5408
43.5401
43.5383
43.5368
43.5422
43.5432
43.5446
43.5449
43.545
43.545
43.5449
43.5446
43.5432
43.5422
43.5468
43.5471
43.5475
43.5471
43.5469
43.5469
43.5471
43.5475
43.5471
43.5468
43.5549
43.5499
43.548
43.5465
43.5456
43.5456
43.5465
43.548
43.5499
43.5549
40.2376
40.2382
40.2388
40.2392
40.2394
40.2394
40.2392
40.2388
40.2382
40.2376
40.2443
40.2452
40.2462
40.2468
40.2471
40.2471
40.2468
40.2462
40.2452
40.2443
40.2519
40.2532
40.2545
40.2554
40.2558
40.2558
40.2554
40.2545
40.2532
40.2519
40.2589
40.2604
40.262
40.263
40.2635
40.2635
40.263
40.262
40.2604
40.2589
40.265
40.2666
40.2683
40.2693
40.2698
40.2698
40.2693
40.2683
40.2666
40.265
40.2701
40.2717
40.2734
40.2744
40.2748
40.2748
40.2744
40.2734
40.2717
40.2701
40.2742
40.2757
40.2773
40.2781
40.2785
40.2785
40.2781
40.2773
40.2757
40.2742
40.2772
40.2786
40.28
40.2807
40.281
40.281
40.2807
40.28
40.2786
40.2772
40.2799
40.281
40.282
40.2824
40.2825
40.2825
40.2824
40.282
40.281
40.2799
40.2842
40.2829
40.2828
40.2825
40.2824
40.2824
40.2825
40.2828
40.2829
40.2842
37.0323
37.0324
37.0325
37.0325
37.0326
37.0326
37.0325
37.0325
37.0324
37.0323
37.0348
37.0351
37.0353
37.0355
37.0355
37.0355
37.0355
37.0353
37.0351
37.0348
37.038
37.0385
37.0389
37.0391
37.0393
37.0393
37.0391
37.0389
37.0385
37.038
37.0413
37.0419
37.0425
37.0428
37.043
37.043
37.0428
37.0425
37.0419
37.0413
37.0444
37.0452
37.0459
37.0463
37.0465
37.0465
37.0463
37.0459
37.0452
37.0444
37.0474
37.0483
37.049
37.0494
37.0497
37.0497
37.0494
37.049
37.0483
37.0474
37.0502
37.0511
37.0518
37.0522
37.0525
37.0525
37.0522
37.0518
37.0511
37.0502
37.0526
37.0535
37.0543
37.0547
37.0549
37.0549
37.0547
37.0543
37.0535
37.0526
37.055
37.0558
37.0565
37.0568
37.0569
37.0569
37.0568
37.0565
37.0558
37.055
37.0581
37.058
37.0582
37.0582
37.0582
37.0582
37.0582
37.0582
37.058
37.0581
33.8163
33.8164
33.8165
33.8166
33.8166
33.8166
33.8166
33.8165
33.8164
33.8163
33.8171
33.8173
33.8174
33.8175
33.8176
33.8176
33.8175
33.8174
33.8173
33.8171
33.8182
33.8184
33.8187
33.8188
33.8189
33.8189
33.8188
33.8187
33.8184
33.8182
33.8194
33.8197
33.82
33.8202
33.8203
33.8203
33.8202
33.82
33.8197
33.8194
33.8207
33.8211
33.8214
33.8217
33.8218
33.8218
33.8217
33.8214
33.8211
33.8207
33.8219
33.8224
33.8228
33.823
33.8232
33.8232
33.823
33.8228
33.8224
33.8219
33.8231
33.8236
33.8241
33.8243
33.8244
33.8244
33.8243
33.8241
33.8236
33.8231
33.8242
33.8247
33.8252
33.8255
33.8256
33.8256
33.8255
33.8252
33.8247
33.8242
33.8253
33.8258
33.8262
33.8264
33.8265
33.8265
33.8264
33.8262
33.8258
33.8253
33.8267
33.8268
33.827
33.8271
33.8272
33.8272
33.8271
33.827
33.8268
33.8267
30.5992
30.5992
30.5992
30.5992
30.5992
30.5992
30.5992
30.5992
30.5992
30.5992
30.5994
30.5995
30.5995
30.5995
30.5995
30.5995
30.5995
30.5995
30.5995
30.5994
30.5998
30.5999
30.5999
30.6
30.6
30.6
30.6
30.5999
30.5999
30.5998
30.6003
30.6004
30.6005
30.6006
30.6006
30.6006
30.6006
30.6005
30.6004
30.6003
30.6009
30.6011
30.6012
30.6013
30.6013
30.6013
30.6013
30.6012
30.6011
30.6009
30.6015
30.6017
30.6019
30.602
30.6021
30.6021
30.602
30.6019
30.6017
30.6015
30.6022
30.6024
30.6026
30.6027
30.6028
30.6028
30.6027
30.6026
30.6024
30.6022
30.6028
30.6031
30.6033
30.6034
30.6035
30.6035
30.6034
30.6033
30.6031
30.6028
30.6035
30.6038
30.604
30.6041
30.6041
30.6041
30.6041
30.604
30.6038
30.6035
30.6043
30.6044
30.6046
30.6046
30.6047
30.6047
30.6046
30.6046
30.6044
30.6043
27.3794
27.3794
27.3794
27.3794
27.3794
27.3794
27.3794
27.3794
27.3794
27.3794
27.3794
27.3794
27.3794
27.3795
27.3795
27.3795
27.3795
27.3794
27.3794
27.3794
27.3795
27.3795
27.3795
27.3796
27.3796
27.3796
27.3796
27.3795
27.3795
27.3795
27.3796
27.3797
27.3797
27.3798
27.3798
27.3798
27.3798
27.3797
27.3797
27.3796
27.3798
27.3799
27.38
27.38
27.38
27.38
27.38
27.38
27.3799
27.3798
27.3801
27.3802
27.3803
27.3803
27.3803
27.3803
27.3803
27.3803
27.3802
27.3801
27.3803
27.3805
27.3806
27.3806
27.3806
27.3806
27.3806
27.3806
27.3805
27.3803
27.3806
27.3807
27.3808
27.3809
27.3809
27.3809
27.3809
27.3808
27.3807
27.3806
27.3809
27.381
27.3811
27.3812
27.3812
27.3812
27.3812
27.3811
27.381
27.3809
27.3812
27.3813
27.3814
27.3814
27.3815
27.3815
27.3814
27.3814
27.3813
27.3812
24.159
24.159
24.159
24.159
24.159
24.159
24.159
24.159
24.159
24.159
24.159
24.159
24.159
24.159
24.159
24.159
24.159
24.159
24.159
24.159
24.159
24.159
24.159
24.159
24.159
24.159
24.159
24.159
24.159
24.159
24.159
24.1591
24.1591
24.1591
24.1591
24.1591
24.1591
24.1591
24.1591
24.159
24.1591
24.1591
24.1592
24.1592
24.1592
24.1592
24.1592
24.1592
24.1591
24.1591
24.1592
24.1593
24.1593
24.1593
24.1593
24.1593
24.1593
24.1593
24.1593
24.1592
24.1593
24.1594
24.1594
24.1595
24.1595
24.1595
24.1595
24.1594
24.1594
24.1593
24.1595
24.1595
24.1596
24.1596
24.1596
24.1596
24.1596
24.1596
24.1595
24.1595
24.1596
24.1597
24.1597
24.1598
24.1598
24.1598
24.1598
24.1597
24.1597
24.1596
24.1598
24.1599
24.1599
24.1599
24.1599
24.1599
24.1599
24.1599
24.1599
24.1598
20.938
20.938
20.938
20.938
20.938
20.938
20.938
20.938
20.938
20.938
20.938
20.938
20.938
20.938
20.938
20.938
20.938
20.938
20.938
20.938
20.938
20.938
20.938
20.938
20.938
20.938
20.938
20.938
20.938
20.938
20.938
20.938
20.938
20.938
20.938
20.938
20.938
20.938
20.938
20.938
20.938
20.938
20.938
20.938
20.938
20.938
20.938
20.938
20.938
20.938
20.938
20.9381
20.9381
20.9381
20.9381
20.9381
20.9381
20.9381
20.9381
20.938
20.9381
20.9381
20.9381
20.9381
20.9381
20.9381
20.9381
20.9381
20.9381
20.9381
20.9381
20.9382
20.9382
20.9382
20.9382
20.9382
20.9382
20.9382
20.9382
20.9381
20.9382
20.9382
20.9382
20.9383
20.9383
20.9383
20.9383
20.9382
20.9382
20.9382
20.9383
20.9383
20.9383
20.9383
20.9383
20.9383
20.9383
20.9383
20.9383
20.9383
17.7169
17.7169
17.7169
17.7169
17.7169
17.7169
17.7169
17.7169
17.7169
17.7169
17.7169
17.7169
17.7169
17.7169
17.7169
17.7169
17.7169
17.7169
17.7169
17.7169
17.7169
17.7169
17.7169
17.7169
17.7169
17.7169
17.7169
17.7169
17.7169
17.7169
17.7169
17.7169
17.7169
17.7169
17.7169
17.7169
17.7169
17.7169
17.7169
17.7169
17.7169
17.7169
17.7169
17.7169
17.7169
17.7169
17.7169
17.7169
17.7169
17.7169
17.7169
17.7169
17.7169
17.7169
17.7169
17.7169
17.7169
17.7169
17.7169
17.7169
17.7169
17.7169
17.7169
17.7169
17.7169
17.7169
17.7169
17.7169
17.7169
17.7169
17.7169
17.717
17.717
17.717
17.717
17.717
17.717
17.717
17.717
17.7169
17.717
17.717
17.717
17.717
17.717
17.717
17.717
17.717
17.717
17.717
17.717
17.717
17.717
17.717
17.717
17.717
17.717
17.717
17.717
17.717
14.4957
14.4957
14.4957
14.4957
14.4957
14.4957
14.4957
14.4957
14.4957
14.4957
14.4957
14.4957
14.4957
14.4957
14.4957
14.4957
14.4957
14.4957
14.4957
14.4957
14.4957
14.4957
14.4957
14.4957
14.4957
14.4957
14.4957
14.4957
14.4957
14.4957
14.4957
14.4957
14.4957
14.4957
14.4957
14.4957
14.4957
14.4957
14.4957
14.4957
14.4957
14.4957
14.4957
14.4957
14.4957
14.4957
14.4957
14.4957
14.4957
14.4957
14.4957
14.4957
14.4957
14.4957
14.4957
14.4957
14.4957
14.4957
14.4957
14.4957
14.4957
14.4957
14.4957
14.4957
14.4957
14.4957
14.4957
14.4957
14.4957
14.4957
14.4957
14.4957
14.4957
14.4957
14.4957
14.4957
14.4957
14.4957
14.4957
14.4957
14.4957
14.4957
14.4957
14.4957
14.4957
14.4957
14.4957
14.4957
14.4957
14.4957
14.4957
14.4957
14.4957
14.4957
14.4957
14.4957
14.4957
14.4957
14.4957
14.4957
11.2744
11.2744
11.2744
11.2744
11.2744
11.2744
11.2744
11.2744
11.2744
11.2744
11.2744
11.2744
11.2744
11.2744
11.2744
11.2744
11.2744
11.2744
11.2744
11.2744
11.2744
11.2744
11.2744
11.2744
11.2744
11.2744
11.2744
11.2744
11.2744
11.2744
11.2744
11.2744
11.2744
11.2744
11.2744
11.2744
11.2744
11.2744
11.2744
11.2744
11.2744
11.2744
11.2744
11.2744
11.2744
11.2744
11.2744
11.2744
11.2744
11.2744
11.2744
11.2744
11.2744
11.2744
11.2744
11.2744
11.2744
11.2744
11.2744
11.2744
11.2744
11.2744
11.2744
11.2744
11.2744
11.2744
11.2744
11.2744
11.2744
11.2744
11.2744
11.2744
11.2744
11.2744
11.2744
11.2744
11.2744
11.2744
11.2744
11.2744
11.2744
11.2744
11.2744
11.2744
11.2744
11.2744
11.2744
11.2744
11.2744
11.2744
11.2744
11.2744
11.2744
11.2744
11.2744
11.2744
11.2744
11.2744
11.2744
11.2744
8.05318
8.05317
8.05317
8.05317
8.05317
8.05317
8.05317
8.05317
8.05318
8.05318
8.05317
8.05317
8.05317
8.05317
8.05317
8.05317
8.05317
8.05317
8.05317
8.05317
8.05317
8.05317
8.05317
8.05317
8.05317
8.05317
8.05317
8.05317
8.05317
8.05317
8.05317
8.05317
8.05317
8.05317
8.05317
8.05317
8.05317
8.05317
8.05317
8.05317
8.05317
8.05317
8.05317
8.05317
8.05317
8.05317
8.05317
8.05317
8.05317
8.05317
8.05317
8.05317
8.05317
8.05317
8.05317
8.05317
8.05317
8.05317
8.05317
8.05317
8.05317
8.05317
8.05317
8.05317
8.05317
8.05317
8.05317
8.05317
8.05317
8.05317
8.05317
8.05317
8.05317
8.05317
8.05317
8.05317
8.05317
8.05317
8.05317
8.05317
8.05317
8.05317
8.05317
8.05317
8.05317
8.05317
8.05317
8.05317
8.05317
8.05317
8.05317
8.05317
8.05317
8.05317
8.05317
8.05317
8.05317
8.05317
8.05317
8.05317
4.83191
4.83191
4.83191
4.83191
4.83191
4.83191
4.83191
4.83191
4.83191
4.83191
4.83191
4.83191
4.83191
4.83191
4.83191
4.83191
4.83191
4.83191
4.83191
4.83191
4.83191
4.83191
4.83191
4.83191
4.83191
4.83191
4.83191
4.83191
4.83191
4.83191
4.83191
4.83191
4.83191
4.83191
4.83191
4.83191
4.83191
4.83191
4.83191
4.83191
4.83191
4.83191
4.83191
4.83191
4.83191
4.83191
4.83191
4.83191
4.83191
4.83191
4.83191
4.83191
4.8319
4.8319
4.8319
4.8319
4.8319
4.83191
4.83191
4.83191
4.83191
4.83191
4.8319
4.8319
4.8319
4.8319
4.8319
4.8319
4.83191
4.83191
4.83191
4.83191
4.83191
4.83191
4.83191
4.83191
4.83191
4.83191
4.83191
4.83191
4.83191
4.83191
4.83191
4.83191
4.83191
4.83191
4.83191
4.83191
4.83191
4.83191
4.83191
4.83191
4.83191
4.83191
4.83191
4.83191
4.83191
4.83191
4.83191
4.83191
1.61064
1.61064
1.61064
1.61064
1.61064
1.61064
1.61064
1.61064
1.61064
1.61064
1.61064
1.61064
1.61064
1.61064
1.61064
1.61064
1.61064
1.61064
1.61064
1.61064
1.61064
1.61064
1.61064
1.61064
1.61064
1.61064
1.61064
1.61064
1.61064
1.61064
1.61064
1.61064
1.61064
1.61064
1.61064
1.61064
1.61064
1.61064
1.61064
1.61064
1.61064
1.61064
1.61064
1.61064
1.61064
1.61064
1.61064
1.61064
1.61064
1.61064
1.61064
1.61064
1.61064
1.61064
1.61064
1.61064
1.61064
1.61064
1.61064
1.61064
1.61064
1.61064
1.61064
1.61064
1.61064
1.61064
1.61064
1.61064
1.61064
1.61064
1.61064
1.61064
1.61063
1.61063
1.61063
1.61063
1.61063
1.61063
1.61064
1.61064
1.61063
1.61063
1.61063
1.61063
1.61063
1.61063
1.61063
1.61063
1.61063
1.61063
1.61063
1.61063
1.61063
1.61063
1.61063
1.61063
1.61063
1.61063
1.61063
1.61063
98.3255
97.7449
97.3804
97.1139
96.9757
96.9757
97.1139
97.3804
97.7449
98.3255
89.2115
88.3639
87.8056
87.411
87.2077
87.2077
87.411
87.8056
88.3639
89.2115
81.645
80.6696
80.033
79.5895
79.3619
79.3619
79.5895
80.033
80.6696
81.645
76.4207
75.4186
74.773
74.3299
74.1028
74.1028
74.3299
74.773
75.4186
76.4207
72.5005
71.5056
70.868
70.4389
70.2191
70.2191
70.4389
70.868
71.5056
72.5005
69.3253
68.3575
67.7356
67.3273
67.1187
67.1187
67.3273
67.7356
68.3575
69.3253
66.7063
65.7863
65.1898
64.8087
64.6147
64.6147
64.8087
65.1898
65.7863
66.7063
64.5374
63.6885
63.1297
62.7812
62.6045
62.6045
62.7812
63.1297
63.6885
64.5374
62.7385
61.977
61.4685
61.1573
60.9998
60.9998
61.1573
61.4685
61.977
62.7385
61.3301
60.5686
60.1189
59.8452
59.7066
59.7066
59.8452
60.1189
60.5686
61.3301
62.4291
62.6016
62.7893
62.9158
62.9812
62.9812
62.9158
62.7893
62.6016
62.4291
62.8517
62.9463
63.0728
63.1539
63.1954
63.1954
63.1539
63.0728
62.9463
62.8517
62.8292
62.8264
62.8791
62.9073
62.9213
62.9213
62.9073
62.8791
62.8264
62.8292
62.4199
62.3271
62.3118
62.2935
62.2834
62.2834
62.2935
62.3118
62.3271
62.4199
61.8263
61.6596
61.5865
61.5307
61.5013
61.5013
61.5307
61.5865
61.6596
61.8263
61.1572
60.9348
60.8149
60.7311
60.6874
60.6874
60.7311
60.8149
60.9348
61.1572
60.4674
60.2095
60.0559
59.9537
59.9009
59.9009
59.9537
60.0559
60.2095
60.4674
59.7885
59.5189
59.3468
59.2362
59.1791
59.1791
59.2362
59.3468
59.5189
59.7885
59.1562
58.8907
58.7122
58.6001
58.542
58.542
58.6001
58.7122
58.8907
59.1562
58.6736
58.3262
58.1427
58.0299
57.9712
57.9712
58.0299
58.1427
58.3262
58.6736
57.8314
57.8171
57.8188
57.8154
57.8139
57.8139
57.8154
57.8188
57.8171
57.8314
58.2422
58.2257
58.2268
58.2218
58.2191
58.2191
58.2218
58.2268
58.2257
58.2422
58.5824
58.5475
58.5373
58.5225
58.5146
58.5146
58.5225
58.5373
58.5475
58.5824
58.636
58.5678
58.5356
58.5049
58.4885
58.4885
58.5049
58.5356
58.5678
58.636
58.4927
58.3894
58.3329
58.2862
58.2614
58.2614
58.2862
58.3329
58.3894
58.4927
58.2468
58.1131
58.0342
57.9742
57.9426
57.9426
57.9742
58.0342
58.1131
58.2468
57.9466
57.7906
57.6937
57.6243
57.5879
57.5879
57.6243
57.6937
57.7906
57.9466
57.6189
57.4527
57.3445
57.2701
57.2313
57.2313
57.2701
57.3445
57.4527
57.6189
57.2966
57.1278
57.0122
56.9355
56.8955
56.8955
56.9355
57.0122
57.1278
57.2966
57.0546
56.8217
56.6955
56.6151
56.5733
56.5733
56.6151
56.6955
56.8217
57.0546
53.1335
53.1532
53.1781
53.1941
53.2025
53.2025
53.1941
53.1781
53.1532
53.1335
53.3437
53.3673
53.3962
53.4146
53.4243
53.4243
53.4146
53.3962
53.3673
53.3437
53.5224
53.5437
53.5724
53.5899
53.5991
53.5991
53.5899
53.5724
53.5437
53.5224
53.6087
53.6197
53.6416
53.6537
53.66
53.66
53.6537
53.6416
53.6197
53.6087
53.6235
53.6201
53.6317
53.6363
53.6387
53.6387
53.6363
53.6317
53.6201
53.6235
53.5901
53.572
53.5721
53.5691
53.5674
53.5674
53.5691
53.5721
53.572
53.5901
53.5222
53.4914
53.4809
53.4712
53.4658
53.4658
53.4712
53.4809
53.4914
53.5222
53.4296
53.3908
53.3719
53.3572
53.3492
53.3492
53.3572
53.3719
53.3908
53.4296
53.3303
53.2856
53.2586
53.2393
53.2288
53.2288
53.2393
53.2586
53.2856
53.3303
53.2694
53.1809
53.14
53.1132
53.099
53.099
53.1132
53.14
53.1809
53.2694
49.9285
49.9286
49.9307
49.9308
49.9309
49.9309
49.9308
49.9307
49.9286
49.9285
50.0272
50.0309
50.0361
50.0384
50.0396
50.0396
50.0384
50.0361
50.0309
50.0272
50.1279
50.1331
50.14
50.1431
50.1446
50.1446
50.1431
50.14
50.1331
50.1279
50.1965
50.1996
50.2055
50.2075
50.2084
50.2084
50.2075
50.2055
50.1996
50.1965
50.2349
50.2338
50.2368
50.2365
50.2362
50.2362
50.2365
50.2368
50.2338
50.2349
50.2502
50.2437
50.2429
50.2399
50.2381
50.2381
50.2399
50.2429
50.2437
50.2502
50.2471
50.2354
50.2307
50.2251
50.2219
50.2219
50.2251
50.2307
50.2354
50.2471
50.2298
50.2145
50.2064
50.1987
50.1944
50.1944
50.1987
50.2064
50.2145
50.2298
50.2078
50.1891
50.1766
50.1666
50.161
50.161
50.1666
50.1766
50.1891
50.2078
50.2027
50.1609
50.1403
50.126
50.1184
50.1184
50.126
50.1403
50.1609
50.2027
46.6266
46.6296
46.6334
46.6355
46.6367
46.6367
46.6355
46.6334
46.6296
46.6266
46.6678
46.6726
46.6779
46.6812
46.6829
46.6829
46.6812
46.6779
46.6726
46.6678
46.7097
46.7157
46.7223
46.7263
46.7284
46.7284
46.7263
46.7223
46.7157
46.7097
46.7414
46.7472
46.754
46.758
46.7601
46.7601
46.758
46.754
46.7472
46.7414
46.763
46.7676
46.7736
46.777
46.7787
46.7787
46.777
46.7736
46.7676
46.763
46.7758
46.7785
46.7833
46.7856
46.7867
46.7867
46.7856
46.7833
46.7785
46.7758
46.7808
46.7815
46.7847
46.7858
46.7863
46.7863
46.7858
46.7847
46.7815
46.7808
46.7792
46.7784
46.7799
46.78
46.7799
46.7799
46.78
46.7799
46.7784
46.7792
46.7752
46.7726
46.7718
46.7703
46.7695
46.7695
46.7703
46.7718
46.7726
46.7752
46.7796
46.765
46.7592
46.755
46.7528
46.7528
46.755
46.7592
46.765
46.7796
43.45
43.4504
43.451
43.4512
43.4512
43.4512
43.4512
43.451
43.4504
43.45
43.4673
43.4686
43.47
43.4707
43.4711
43.4711
43.4707
43.47
43.4686
43.4673
43.4871
43.4892
43.4913
43.4924
43.493
43.493
43.4924
43.4913
43.4892
43.4871
43.5042
43.5066
43.5091
43.5104
43.511
43.511
43.5104
43.5091
43.5066
43.5042
43.5181
43.5204
43.5229
43.5241
43.5247
43.5247
43.5241
43.5229
43.5204
43.5181
43.5289
43.5308
43.5331
43.5341
43.5345
43.5345
43.5341
43.5331
43.5308
43.5289
43.5368
43.5383
43.5401
43.5408
43.5411
43.5411
43.5408
43.5401
43.5383
43.5368
43.5422
43.5432
43.5446
43.5449
43.545
43.545
43.5449
43.5446
43.5432
43.5422
43.5468
43.5471
43.5475
43.5471
43.5469
43.5469
43.5471
43.5475
43.5471
43.5468
43.5549
43.5499
43.548
43.5465
43.5456
43.5456
43.5465
43.548
43.5499
43.5549
40.2376
40.2382
40.2388
40.2392
40.2394
40.2394
40.2392
40.2388
40.2382
40.2376
40.2443
40.2452
40.2462
40.2468
40.2471
40.2471
40.2468
40.2462
40.2452
40.2443
40.2519
40.2532
40.2545
40.2554
40.2558
40.2558
40.2554
40.2545
40.2532
40.2519
40.2589
40.2604
40.262
40.263
40.2635
40.2635
40.263
40.262
40.2604
40.2589
40.265
40.2666
40.2683
40.2693
40.2698
40.2698
40.2693
40.2683
40.2666
40.265
40.2701
40.2717
40.2734
40.2744
40.2748
40.2748
40.2744
40.2734
40.2717
40.2701
40.2742
40.2757
40.2773
40.2781
40.2785
40.2785
40.2781
40.2773
40.2757
40.2742
40.2772
40.2786
40.28
40.2807
40.281
40.281
40.2807
40.28
40.2786
40.2772
40.2799
40.281
40.282
40.2824
40.2825
40.2825
40.2824
40.282
40.281
40.2799
40.2842
40.2829
40.2828
40.2825
40.2824
40.2824
40.2825
40.2828
40.2829
40.2842
37.0323
37.0324
37.0325
37.0325
37.0326
37.0326
37.0325
37.0325
37.0324
37.0323
37.0348
37.0351
37.0353
37.0355
37.0355
37.0355
37.0355
37.0353
37.0351
37.0348
37.038
37.0385
37.0389
37.0391
37.0393
37.0393
37.0391
37.0389
37.0385
37.038
37.0413
37.0419
37.0425
37.0428
37.043
37.043
37.0428
37.0425
37.0419
37.0413
37.0444
37.0452
37.0459
37.0463
37.0465
37.0465
37.0463
37.0459
37.0452
37.0444
37.0474
37.0483
37.049
37.0494
37.0497
37.0497
37.0494
37.049
37.0483
37.0474
37.0502
37.0511
37.0518
37.0522
37.0525
37.0525
37.0522
37.0518
37.0511
37.0502
37.0526
37.0535
37.0543
37.0547
37.0549
37.0549
37.0547
37.0543
37.0535
37.0526
37.055
37.0558
37.0565
37.0568
37.0569
37.0569
37.0568
37.0565
37.0558
37.055
37.0581
37.058
37.0582
37.0582
37.0582
37.0582
37.0582
37.0582
37.058
37.0581
33.8163
33.8164
33.8165
33.8166
33.8166
33.8166
33.8166
33.8165
33.8164
33.8163
33.8171
33.8173
33.8174
33.8175
33.8176
33.8176
33.8175
33.8174
33.8173
33.8171
33.8182
33.8184
33.8187
33.8188
33.8189
33.8189
33.8188
33.8187
33.8184
33.8182
33.8194
33.8197
33.82
33.8202
33.8203
33.8203
33.8202
33.82
33.8197
33.8194
33.8207
33.8211
33.8214
33.8217
33.8218
33.8218
33.8217
33.8214
33.8211
33.8207
33.8219
33.8224
33.8228
33.823
33.8232
33.8232
33.823
33.8228
33.8224
33.8219
33.8231
33.8236
33.8241
33.8243
33.8244
33.8244
33.8243
33.8241
33.8236
33.8231
33.8242
33.8247
33.8252
33.8255
33.8256
33.8256
33.8255
33.8252
33.8247
33.8242
33.8253
33.8258
33.8262
33.8264
33.8265
33.8265
33.8264
33.8262
33.8258
33.8253
33.8267
33.8268
33.827
33.8271
33.8272
33.8272
33.8271
33.827
33.8268
33.8267
30.5992
30.5992
30.5992
30.5992
30.5992
30.5992
30.5992
30.5992
30.5992
30.5992
30.5994
30.5995
30.5995
30.5995
30.5995
30.5995
30.5995
30.5995
30.5995
30.5994
30.5998
30.5999
30.5999
30.6
30.6
30.6
30.6
30.5999
30.5999
30.5998
30.6003
30.6004
30.6005
30.6006
30.6006
30.6006
30.6006
30.6005
30.6004
30.6003
30.6009
30.6011
30.6012
30.6013
30.6013
30.6013
30.6013
30.6012
30.6011
30.6009
30.6015
30.6017
30.6019
30.602
30.6021
30.6021
30.602
30.6019
30.6017
30.6015
30.6022
30.6024
30.6026
30.6027
30.6028
30.6028
30.6027
30.6026
30.6024
30.6022
30.6028
30.6031
30.6033
30.6034
30.6035
30.6035
30.6034
30.6033
30.6031
30.6028
30.6035
30.6038
30.604
30.6041
30.6041
30.6041
30.6041
30.604
30.6038
30.6035
30.6043
30.6044
30.6046
30.6046
30.6047
30.6047
30.6046
30.6046
30.6044
30.6043
27.3794
27.3794
27.3794
27.3794
27.3794
27.3794
27.3794
27.3794
27.3794
27.3794
27.3794
27.3794
27.3794
27.3795
27.3795
27.3795
27.3795
27.3794
27.3794
27.3794
27.3795
27.3795
27.3795
27.3796
27.3796
27.3796
27.3796
27.3795
27.3795
27.3795
27.3796
27.3797
27.3797
27.3798
27.3798
27.3798
27.3798
27.3797
27.3797
27.3796
27.3798
27.3799
27.38
27.38
27.38
27.38
27.38
27.38
27.3799
27.3798
27.3801
27.3802
27.3803
27.3803
27.3803
27.3803
27.3803
27.3803
27.3802
27.3801
27.3803
27.3805
27.3806
27.3806
27.3806
27.3806
27.3806
27.3806
27.3805
27.3803
27.3806
27.3807
27.3808
27.3809
27.3809
27.3809
27.3809
27.3808
27.3807
27.3806
27.3809
27.381
27.3811
27.3812
27.3812
27.3812
27.3812
27.3811
27.381
27.3809
27.3812
27.3813
27.3814
27.3814
27.3815
27.3815
27.3814
27.3814
27.3813
27.3812
24.159
24.159
24.159
24.159
24.159
24.159
24.159
24.159
24.159
24.159
24.159
24.159
24.159
24.159
24.159
24.159
24.159
24.159
24.159
24.159
24.159
24.159
24.159
24.159
24.159
24.159
24.159
24.159
24.159
24.159
24.159
24.1591
24.1591
24.1591
24.1591
24.1591
24.1591
24.1591
24.1591
24.159
24.1591
24.1591
24.1592
24.1592
24.1592
24.1592
24.1592
24.1592
24.1591
24.1591
24.1592
24.1593
24.1593
24.1593
24.1593
24.1593
24.1593
24.1593
24.1593
24.1592
24.1593
24.1594
24.1594
24.1595
24.1595
24.1595
24.1595
24.1594
24.1594
24.1593
24.1595
24.1595
24.1596
24.1596
24.1596
24.1596
24.1596
24.1596
24.1595
24.1595
24.1596
24.1597
24.1597
24.1598
24.1598
24.1598
24.1598
24.1597
24.1597
24.1596
24.1598
24.1599
24.1599
24.1599
24.1599
24.1599
24.1599
24.1599
24.1599
24.1598
20.938
20.938
20.938
20.938
20.938
20.938
20.938
20.938
20.938
20.938
20.938
20.938
20.938
20.938
20.938
20.938
20.938
20.938
20.938
20.938
20.938
20.938
20.938
20.938
20.938
20.938
20.938
20.938
20.938
20.938
20.938
20.938
20.938
20.938
20.938
20.938
20.938
20.938
20.938
20.938
20.938
20.938
20.938
20.938
20.938
20.938
20.938
20.938
20.938
20.938
20.938
20.9381
20.9381
20.9381
20.9381
20.9381
20.9381
20.9381
20.9381
20.938
20.9381
20.9381
20.9381
20.9381
20.9381
20.9381
20.9381
20.9381
20.9381
20.9381
20.9381
20.9382
20.9382
20.9382
20.9382
20.9382
20.9382
20.9382
20.9382
20.9381
20.9382
20.9382
20.9382
20.9383
20.9383
20.9383
20.9383
20.9382
20.9382
20.9382
20.9383
20.9383
20.9383
20.9383
20.9383
20.9383
20.9383
20.9383
20.9383
20.9383
17.7169
17.7169
17.7169
17.7169
17.7169
17.7169
17.7169
17.7169
17.7169
17.7169
17.7169
17.7169
17.7169
17.7169
17.7169
17.7169
17.7169
17.7169
17.7169
17.7169
17.7169
17.7169
17.7169
17.7169
17.7169
17.7169
17.7169
17.7169
17.7169
17.7169
17.7169
17.7169
17.7169
17.7169
17.7169
17.7169
17.7169
17.7169
17.7169
17.7169
17.7169
17.7169
17.7169
17.7169
17.7169
17.7169
17.7169
17.7169
17.7169
17.7169
17.7169
17.7169
17.7169
17.7169
17.7169
17.7169
17.7169
17.7169
17.7169
17.7169
17.7169
17.7169
17.7169
17.7169
17.7169
17.7169
17.7169
17.7169
17.7169
17.7169
17.7169
17.717
17.717
17.717
17.717
17.717
17.717
17.717
17.717
17.7169
17.717
17.717
17.717
17.717
17.717
17.717
17.717
17.717
17.717
17.717
17.717
17.717
17.717
17.717
17.717
17.717
17.717
17.717
17.717
17.717
14.4957
14.4957
14.4957
14.4957
14.4957
14.4957
14.4957
14.4957
14.4957
14.4957
14.4957
14.4957
14.4957
14.4957
14.4957
14.4957
14.4957
14.4957
14.4957
14.4957
14.4957
14.4957
14.4957
14.4957
14.4957
14.4957
14.4957
14.4957
14.4957
14.4957
14.4957
14.4957
14.4957
14.4957
14.4957
14.4957
14.4957
14.4957
14.4957
14.4957
14.4957
14.4957
14.4957
14.4957
14.4957
14.4957
14.4957
14.4957
14.4957
14.4957
14.4957
14.4957
14.4957
14.4957
14.4957
14.4957
14.4957
14.4957
14.4957
14.4957
14.4957
14.4957
14.4957
14.4957
14.4957
14.4957
14.4957
14.4957
14.4957
14.4957
14.4957
14.4957
14.4957
14.4957
14.4957
14.4957
14.4957
14.4957
14.4957
14.4957
14.4957
14.4957
14.4957
14.4957
14.4957
14.4957
14.4957
14.4957
14.4957
14.4957
14.4957
14.4957
14.4957
14.4957
14.4957
14.4957
14.4957
14.4957
14.4957
14.4957
11.2744
11.2744
11.2744
11.2744
11.2744
11.2744
11.2744
11.2744
11.2744
11.2744
11.2744
11.2744
11.2744
11.2744
11.2744
11.2744
11.2744
11.2744
11.2744
11.2744
11.2744
11.2744
11.2744
11.2744
11.2744
11.2744
11.2744
11.2744
11.2744
11.2744
11.2744
11.2744
11.2744
11.2744
11.2744
11.2744
11.2744
11.2744
11.2744
11.2744
11.2744
11.2744
11.2744
11.2744
11.2744
11.2744
11.2744
11.2744
11.2744
11.2744
11.2744
11.2744
11.2744
11.2744
11.2744
11.2744
11.2744
11.2744
11.2744
11.2744
11.2744
11.2744
11.2744
11.2744
11.2744
11.2744
11.2744
11.2744
11.2744
11.2744
11.2744
11.2744
11.2744
11.2744
11.2744
11.2744
11.2744
11.2744
11.2744
11.2744
11.2744
11.2744
11.2744
11.2744
11.2744
11.2744
11.2744
11.2744
11.2744
11.2744
11.2744
11.2744
11.2744
11.2744
11.2744
11.2744
11.2744
11.2744
11.2744
11.2744
8.05318
8.05318
8.05317
8.05317
8.05317
8.05317
8.05317
8.05317
8.05318
8.05318
8.05317
8.05317
8.05317
8.05317
8.05317
8.05317
8.05317
8.05317
8.05317
8.05317
8.05317
8.05317
8.05317
8.05317
8.05317
8.05317
8.05317
8.05317
8.05317
8.05317
8.05317
8.05317
8.05317
8.05317
8.05317
8.05317
8.05317
8.05317
8.05317
8.05317
8.05317
8.05317
8.05317
8.05317
8.05317
8.05317
8.05317
8.05317
8.05317
8.05317
8.05317
8.05317
8.05317
8.05317
8.05317
8.05317
8.05317
8.05317
8.05317
8.05317
8.05317
8.05317
8.05317
8.05317
8.05317
8.05317
8.05317
8.05317
8.05317
8.05317
8.05317
8.05317
8.05317
8.05317
8.05317
8.05317
8.05317
8.05317
8.05317
8.05317
8.05317
8.05317
8.05317
8.05317
8.05317
8.05317
8.05317
8.05317
8.05317
8.05317
8.05317
8.05317
8.05317
8.05317
8.05317
8.05317
8.05317
8.05317
8.05317
8.05317
4.83191
4.83191
4.83191
4.83191
4.83191
4.83191
4.83191
4.83191
4.83191
4.83191
4.83191
4.83191
4.83191
4.83191
4.83191
4.83191
4.83191
4.83191
4.83191
4.83191
4.83191
4.83191
4.83191
4.83191
4.83191
4.83191
4.83191
4.83191
4.83191
4.83191
4.83191
4.83191
4.83191
4.83191
4.83191
4.83191
4.83191
4.83191
4.83191
4.83191
4.83191
4.83191
4.83191
4.83191
4.83191
4.83191
4.83191
4.83191
4.83191
4.83191
4.83191
4.83191
4.83191
4.8319
4.8319
4.8319
4.8319
4.83191
4.83191
4.83191
4.83191
4.83191
4.83191
4.8319
4.8319
4.8319
4.8319
4.83191
4.83191
4.83191
4.83191
4.83191
4.83191
4.83191
4.83191
4.83191
4.83191
4.83191
4.83191
4.83191
4.83191
4.83191
4.83191
4.83191
4.83191
4.83191
4.83191
4.83191
4.83191
4.83191
4.83191
4.83191
4.83191
4.83191
4.83191
4.83191
4.83191
4.83191
4.83191
4.83191
1.61064
1.61064
1.61064
1.61064
1.61064
1.61064
1.61064
1.61064
1.61064
1.61064
1.61064
1.61064
1.61064
1.61064
1.61064
1.61064
1.61064
1.61064
1.61064
1.61064
1.61064
1.61064
1.61064
1.61064
1.61064
1.61064
1.61064
1.61064
1.61064
1.61064
1.61064
1.61064
1.61064
1.61064
1.61064
1.61064
1.61064
1.61064
1.61064
1.61064
1.61064
1.61064
1.61064
1.61064
1.61064
1.61064
1.61064
1.61064
1.61064
1.61064
1.61064
1.61064
1.61064
1.61064
1.61064
1.61064
1.61064
1.61064
1.61064
1.61064
1.61064
1.61064
1.61064
1.61064
1.61064
1.61064
1.61064
1.61064
1.61064
1.61064
1.61064
1.61064
1.61064
1.61063
1.61063
1.61063
1.61063
1.61064
1.61064
1.61064
1.61063
1.61063
1.61063
1.61063
1.61063
1.61063
1.61063
1.61063
1.61063
1.61064
1.61063
1.61063
1.61063
1.61063
1.61063
1.61063
1.61063
1.61063
1.61063
1.61063
98.3255
97.7449
97.3804
97.1139
96.9757
96.9757
97.1139
97.3804
97.7449
98.3255
89.2115
88.3639
87.8056
87.411
87.2077
87.2077
87.411
87.8056
88.3639
89.2115
81.645
80.6696
80.033
79.5895
79.3619
79.3619
79.5895
80.033
80.6696
81.645
76.4207
75.4186
74.773
74.3299
74.1028
74.1028
74.3299
74.773
75.4186
76.4207
72.5005
71.5056
70.868
70.4389
70.2191
70.2191
70.4389
70.868
71.5056
72.5005
69.3253
68.3575
67.7356
67.3273
67.1187
67.1187
67.3273
67.7356
68.3575
69.3253
66.7063
65.7863
65.1898
64.8087
64.6147
64.6147
64.8087
65.1898
65.7863
66.7063
64.5374
63.6885
63.1297
62.7812
62.6045
62.6045
62.7812
63.1297
63.6885
64.5374
62.7385
61.977
61.4685
61.1573
60.9997
60.9998
61.1573
61.4685
61.977
62.7385
61.3301
60.5686
60.1189
59.8452
59.7066
59.7066
59.8452
60.1189
60.5686
61.3301
62.4291
62.6016
62.7893
62.9158
62.9812
62.9812
62.9158
62.7893
62.6016
62.4291
62.8517
62.9463
63.0728
63.1539
63.1954
63.1954
63.1539
63.0728
62.9463
62.8517
62.8292
62.8264
62.8791
62.9073
62.9213
62.9213
62.9073
62.8791
62.8264
62.8292
62.4199
62.3271
62.3118
62.2935
62.2834
62.2834
62.2935
62.3118
62.3271
62.4199
61.8263
61.6596
61.5865
61.5307
61.5013
61.5013
61.5307
61.5865
61.6596
61.8263
61.1572
60.9348
60.8149
60.7311
60.6874
60.6874
60.7311
60.8149
60.9348
61.1572
60.4674
60.2095
60.0559
59.9537
59.9009
59.9009
59.9538
60.0559
60.2095
60.4674
59.7885
59.5189
59.3468
59.2362
59.1791
59.1791
59.2362
59.3468
59.5189
59.7885
59.1562
58.8907
58.7122
58.6001
58.542
58.542
58.6001
58.7122
58.8907
59.1562
58.6736
58.3262
58.1427
58.0299
57.9712
57.9712
58.0299
58.1427
58.3262
58.6736
57.8314
57.817
57.8188
57.8154
57.8139
57.8139
57.8154
57.8188
57.8171
57.8314
58.2422
58.2257
58.2268
58.2218
58.2191
58.2191
58.2218
58.2268
58.2257
58.2422
58.5824
58.5475
58.5373
58.5225
58.5146
58.5146
58.5225
58.5373
58.5475
58.5824
58.636
58.5678
58.5356
58.5049
58.4885
58.4885
58.5049
58.5356
58.5678
58.636
58.4927
58.3894
58.3329
58.2862
58.2614
58.2614
58.2862
58.3329
58.3894
58.4927
58.2468
58.1131
58.0342
57.9742
57.9426
57.9426
57.9742
58.0342
58.1131
58.2468
57.9466
57.7906
57.6937
57.6243
57.5879
57.5879
57.6243
57.6937
57.7906
57.9466
57.6189
57.4527
57.3445
57.2701
57.2313
57.2313
57.2701
57.3445
57.4527
57.6189
57.2966
57.1278
57.0122
56.9355
56.8955
56.8955
56.9355
57.0122
57.1278
57.2966
57.0546
56.8217
56.6955
56.6151
56.5733
56.5733
56.6151
56.6955
56.8217
57.0546
53.1335
53.1532
53.1781
53.1941
53.2025
53.2025
53.1941
53.1781
53.1532
53.1335
53.3437
53.3673
53.3962
53.4146
53.4243
53.4243
53.4146
53.3962
53.3673
53.3437
53.5224
53.5437
53.5724
53.5899
53.5991
53.5991
53.5899
53.5724
53.5437
53.5224
53.6087
53.6197
53.6416
53.6537
53.66
53.66
53.6537
53.6416
53.6197
53.6087
53.6235
53.6201
53.6317
53.6363
53.6387
53.6387
53.6363
53.6317
53.6201
53.6235
53.5901
53.572
53.5721
53.5691
53.5674
53.5674
53.5691
53.5721
53.572
53.5901
53.5222
53.4914
53.4809
53.4712
53.4658
53.4658
53.4712
53.4809
53.4914
53.5222
53.4296
53.3908
53.3719
53.3572
53.3492
53.3492
53.3572
53.3719
53.3908
53.4296
53.3303
53.2856
53.2586
53.2393
53.2288
53.2288
53.2393
53.2586
53.2856
53.3303
53.2694
53.1809
53.14
53.1132
53.099
53.099
53.1132
53.14
53.1809
53.2694
49.9285
49.9286
49.9307
49.9308
49.9309
49.9309
49.9308
49.9307
49.9286
49.9285
50.0272
50.0309
50.0361
50.0384
50.0396
50.0396
50.0384
50.0361
50.0309
50.0272
50.1279
50.1331
50.14
50.1431
50.1446
50.1446
50.1431
50.14
50.1331
50.1279
50.1965
50.1996
50.2055
50.2075
50.2084
50.2084
50.2075
50.2055
50.1996
50.1965
50.2349
50.2338
50.2368
50.2365
50.2362
50.2362
50.2365
50.2368
50.2338
50.2349
50.2502
50.2437
50.2429
50.2399
50.2381
50.2381
50.2399
50.2429
50.2437
50.2502
50.2471
50.2354
50.2307
50.2251
50.2219
50.2219
50.2251
50.2307
50.2354
50.2471
50.2298
50.2145
50.2064
50.1987
50.1944
50.1944
50.1987
50.2064
50.2145
50.2298
50.2078
50.1891
50.1766
50.1666
50.161
50.161
50.1666
50.1766
50.1891
50.2078
50.2027
50.1609
50.1403
50.126
50.1184
50.1184
50.126
50.1403
50.1609
50.2027
46.6266
46.6296
46.6334
46.6355
46.6367
46.6367
46.6355
46.6334
46.6296
46.6266
46.6678
46.6726
46.6779
46.6812
46.6829
46.6829
46.6812
46.6779
46.6726
46.6678
46.7097
46.7157
46.7223
46.7263
46.7284
46.7284
46.7263
46.7223
46.7157
46.7097
46.7414
46.7472
46.754
46.758
46.7601
46.7601
46.758
46.754
46.7472
46.7414
46.763
46.7676
46.7736
46.777
46.7787
46.7787
46.777
46.7736
46.7676
46.763
46.7758
46.7785
46.7833
46.7856
46.7867
46.7867
46.7856
46.7833
46.7785
46.7758
46.7808
46.7815
46.7847
46.7858
46.7863
46.7863
46.7858
46.7847
46.7815
46.7808
46.7792
46.7784
46.7799
46.78
46.7799
46.7799
46.78
46.7799
46.7784
46.7792
46.7752
46.7726
46.7718
46.7703
46.7695
46.7695
46.7703
46.7718
46.7726
46.7752
46.7796
46.765
46.7592
46.755
46.7528
46.7528
46.755
46.7592
46.765
46.7796
43.45
43.4504
43.451
43.4512
43.4512
43.4512
43.4512
43.451
43.4504
43.45
43.4673
43.4686
43.47
43.4707
43.4711
43.4711
43.4707
43.47
43.4686
43.4673
43.4871
43.4892
43.4913
43.4924
43.493
43.493
43.4924
43.4913
43.4892
43.4871
43.5042
43.5066
43.5091
43.5104
43.511
43.511
43.5104
43.5091
43.5066
43.5042
43.5181
43.5204
43.5229
43.5241
43.5247
43.5247
43.5241
43.5229
43.5204
43.5181
43.5289
43.5308
43.5331
43.5341
43.5345
43.5345
43.5341
43.5331
43.5308
43.5289
43.5368
43.5383
43.5401
43.5408
43.5411
43.5411
43.5408
43.5401
43.5383
43.5368
43.5422
43.5432
43.5446
43.5449
43.545
43.545
43.5449
43.5446
43.5432
43.5422
43.5468
43.5471
43.5475
43.5471
43.5469
43.5469
43.5471
43.5475
43.5471
43.5468
43.5549
43.5499
43.548
43.5465
43.5456
43.5456
43.5465
43.548
43.5499
43.5549
40.2376
40.2382
40.2388
40.2392
40.2394
40.2394
40.2392
40.2388
40.2382
40.2376
40.2443
40.2452
40.2462
40.2468
40.2471
40.2471
40.2468
40.2462
40.2452
40.2443
40.2519
40.2532
40.2545
40.2554
40.2558
40.2558
40.2554
40.2545
40.2532
40.2519
40.2589
40.2604
40.262
40.263
40.2635
40.2635
40.263
40.262
40.2604
40.2589
40.265
40.2666
40.2683
40.2693
40.2698
40.2698
40.2693
40.2683
40.2666
40.265
40.2701
40.2717
40.2734
40.2744
40.2748
40.2748
40.2744
40.2734
40.2717
40.2701
40.2742
40.2757
40.2773
40.2781
40.2785
40.2785
40.2781
40.2773
40.2757
40.2742
40.2772
40.2786
40.28
40.2807
40.281
40.281
40.2807
40.28
40.2786
40.2772
40.2799
40.281
40.282
40.2824
40.2825
40.2825
40.2824
40.282
40.281
40.2799
40.2842
40.2829
40.2828
40.2825
40.2824
40.2824
40.2825
40.2828
40.2829
40.2842
37.0323
37.0324
37.0325
37.0325
37.0326
37.0326
37.0325
37.0325
37.0324
37.0323
37.0348
37.0351
37.0353
37.0355
37.0355
37.0355
37.0355
37.0353
37.0351
37.0348
37.038
37.0385
37.0389
37.0391
37.0393
37.0393
37.0391
37.0389
37.0385
37.038
37.0413
37.0419
37.0425
37.0428
37.043
37.043
37.0428
37.0425
37.0419
37.0413
37.0444
37.0452
37.0459
37.0463
37.0465
37.0465
37.0463
37.0459
37.0452
37.0444
37.0474
37.0483
37.049
37.0494
37.0497
37.0497
37.0494
37.049
37.0483
37.0474
37.0502
37.0511
37.0518
37.0522
37.0525
37.0525
37.0522
37.0518
37.0511
37.0502
37.0526
37.0535
37.0543
37.0547
37.0549
37.0549
37.0547
37.0543
37.0535
37.0526
37.055
37.0558
37.0565
37.0568
37.0569
37.0569
37.0568
37.0565
37.0558
37.055
37.0581
37.058
37.0582
37.0582
37.0582
37.0582
37.0582
37.0582
37.058
37.0581
33.8163
33.8164
33.8165
33.8166
33.8166
33.8166
33.8166
33.8165
33.8164
33.8163
33.8171
33.8173
33.8174
33.8175
33.8176
33.8176
33.8175
33.8174
33.8173
33.8171
33.8182
33.8184
33.8187
33.8188
33.8189
33.8189
33.8188
33.8187
33.8184
33.8182
33.8194
33.8197
33.82
33.8202
33.8203
33.8203
33.8202
33.82
33.8197
33.8194
33.8207
33.8211
33.8214
33.8217
33.8218
33.8218
33.8217
33.8214
33.8211
33.8207
33.8219
33.8224
33.8228
33.823
33.8232
33.8232
33.823
33.8228
33.8224
33.8219
33.8231
33.8236
33.8241
33.8243
33.8244
33.8244
33.8243
33.8241
33.8236
33.8231
33.8242
33.8247
33.8252
33.8255
33.8256
33.8256
33.8255
33.8252
33.8247
33.8242
33.8253
33.8258
33.8262
33.8264
33.8265
33.8265
33.8264
33.8262
33.8258
33.8253
33.8267
33.8268
33.827
33.8271
33.8272
33.8272
33.8271
33.827
33.8268
33.8267
30.5992
30.5992
30.5992
30.5992
30.5992
30.5992
30.5992
30.5992
30.5992
30.5992
30.5994
30.5995
30.5995
30.5995
30.5995
30.5995
30.5995
30.5995
30.5995
30.5994
30.5998
30.5999
30.5999
30.6
30.6
30.6
30.6
30.5999
30.5999
30.5998
30.6003
30.6004
30.6005
30.6006
30.6006
30.6006
30.6006
30.6005
30.6004
30.6003
30.6009
30.6011
30.6012
30.6013
30.6013
30.6013
30.6013
30.6012
30.6011
30.6009
30.6015
30.6017
30.6019
30.602
30.6021
30.6021
30.602
30.6019
30.6017
30.6015
30.6022
30.6024
30.6026
30.6027
30.6028
30.6028
30.6027
30.6026
30.6024
30.6022
30.6028
30.6031
30.6033
30.6034
30.6035
30.6035
30.6034
30.6033
30.6031
30.6028
30.6035
30.6038
30.604
30.6041
30.6041
30.6041
30.6041
30.604
30.6038
30.6035
30.6043
30.6044
30.6046
30.6046
30.6047
30.6047
30.6046
30.6046
30.6044
30.6043
27.3794
27.3794
27.3794
27.3794
27.3794
27.3794
27.3794
27.3794
27.3794
27.3794
27.3794
27.3794
27.3794
27.3795
27.3795
27.3795
27.3795
27.3794
27.3794
27.3794
27.3795
27.3795
27.3795
27.3796
27.3796
27.3796
27.3796
27.3795
27.3795
27.3795
27.3796
27.3797
27.3797
27.3798
27.3798
27.3798
27.3798
27.3797
27.3797
27.3796
27.3798
27.3799
27.38
27.38
27.38
27.38
27.38
27.38
27.3799
27.3798
27.3801
27.3802
27.3803
27.3803
27.3803
27.3803
27.3803
27.3803
27.3802
27.3801
27.3803
27.3805
27.3806
27.3806
27.3806
27.3806
27.3806
27.3806
27.3805
27.3803
27.3806
27.3807
27.3808
27.3809
27.3809
27.3809
27.3809
27.3808
27.3807
27.3806
27.3809
27.381
27.3811
27.3812
27.3812
27.3812
27.3812
27.3811
27.381
27.3809
27.3812
27.3813
27.3814
27.3814
27.3815
27.3815
27.3814
27.3814
27.3813
27.3812
24.159
24.159
24.159
24.159
24.159
24.159
24.159
24.159
24.159
24.159
24.159
24.159
24.159
24.159
24.159
24.159
24.159
24.159
24.159
24.159
24.159
24.159
24.159
24.159
24.159
24.159
24.159
24.159
24.159
24.159
24.159
24.1591
24.1591
24.1591
24.1591
24.1591
24.1591
24.1591
24.1591
24.159
24.1591
24.1591
24.1592
24.1592
24.1592
24.1592
24.1592
24.1592
24.1591
24.1591
24.1592
24.1593
24.1593
24.1593
24.1593
24.1593
24.1593
24.1593
24.1593
24.1592
24.1593
24.1594
24.1594
24.1595
24.1595
24.1595
24.1595
24.1594
24.1594
24.1593
24.1595
24.1595
24.1596
24.1596
24.1596
24.1596
24.1596
24.1596
24.1595
24.1595
24.1596
24.1597
24.1597
24.1598
24.1598
24.1598
24.1598
24.1597
24.1597
24.1596
24.1598
24.1599
24.1599
24.1599
24.1599
24.1599
24.1599
24.1599
24.1599
24.1598
20.938
20.938
20.938
20.938
20.938
20.938
20.938
20.938
20.938
20.938
20.938
20.938
20.938
20.938
20.938
20.938
20.938
20.938
20.938
20.938
20.938
20.938
20.938
20.938
20.938
20.938
20.938
20.938
20.938
20.938
20.938
20.938
20.938
20.938
20.938
20.938
20.938
20.938
20.938
20.938
20.938
20.938
20.938
20.938
20.938
20.938
20.938
20.938
20.938
20.938
20.938
20.9381
20.9381
20.9381
20.9381
20.9381
20.9381
20.9381
20.9381
20.938
20.9381
20.9381
20.9381
20.9381
20.9381
20.9381
20.9381
20.9381
20.9381
20.9381
20.9381
20.9382
20.9382
20.9382
20.9382
20.9382
20.9382
20.9382
20.9382
20.9381
20.9382
20.9382
20.9382
20.9383
20.9383
20.9383
20.9383
20.9382
20.9382
20.9382
20.9383
20.9383
20.9383
20.9383
20.9383
20.9383
20.9383
20.9383
20.9383
20.9383
17.7169
17.7169
17.7169
17.7169
17.7169
17.7169
17.7169
17.7169
17.7169
17.7169
17.7169
17.7169
17.7169
17.7169
17.7169
17.7169
17.7169
17.7169
17.7169
17.7169
17.7169
17.7169
17.7169
17.7169
17.7169
17.7169
17.7169
17.7169
17.7169
17.7169
17.7169
17.7169
17.7169
17.7169
17.7169
17.7169
17.7169
17.7169
17.7169
17.7169
17.7169
17.7169
17.7169
17.7169
17.7169
17.7169
17.7169
17.7169
17.7169
17.7169
17.7169
17.7169
17.7169
17.7169
17.7169
17.7169
17.7169
17.7169
17.7169
17.7169
17.7169
17.7169
17.7169
17.7169
17.7169
17.7169
17.7169
17.7169
17.7169
17.7169
17.7169
17.717
17.717
17.717
17.717
17.717
17.717
17.717
17.717
17.7169
17.717
17.717
17.717
17.717
17.717
17.717
17.717
17.717
17.717
17.717
17.717
17.717
17.717
17.717
17.717
17.717
17.717
17.717
17.717
17.717
14.4957
14.4957
14.4957
14.4957
14.4957
14.4957
14.4957
14.4957
14.4957
14.4957
14.4957
14.4957
14.4957
14.4957
14.4957
14.4957
14.4957
14.4957
14.4957
14.4957
14.4957
14.4957
14.4957
14.4957
14.4957
14.4957
14.4957
14.4957
14.4957
14.4957
14.4957
14.4957
14.4957
14.4957
14.4957
14.4957
14.4957
14.4957
14.4957
14.4957
14.4957
14.4957
14.4957
14.4957
14.4957
14.4957
14.4957
14.4957
14.4957
14.4957
14.4957
14.4957
14.4957
14.4957
14.4957
14.4957
14.4957
14.4957
14.4957
14.4957
14.4957
14.4957
14.4957
14.4957
14.4957
14.4957
14.4957
14.4957
14.4957
14.4957
14.4957
14.4957
14.4957
14.4957
14.4957
14.4957
14.4957
14.4957
14.4957
14.4957
14.4957
14.4957
14.4957
14.4957
14.4957
14.4957
14.4957
14.4957
14.4957
14.4957
14.4957
14.4957
14.4957
14.4957
14.4957
14.4957
14.4957
14.4957
14.4957
14.4957
11.2744
11.2744
11.2744
11.2744
11.2744
11.2744
11.2744
11.2744
11.2744
11.2744
11.2744
11.2744
11.2744
11.2744
11.2744
11.2744
11.2744
11.2744
11.2744
11.2744
11.2744
11.2744
11.2744
11.2744
11.2744
11.2744
11.2744
11.2744
11.2744
11.2744
11.2744
11.2744
11.2744
11.2744
11.2744
11.2744
11.2744
11.2744
11.2744
11.2744
11.2744
11.2744
11.2744
11.2744
11.2744
11.2744
11.2744
11.2744
11.2744
11.2744
11.2744
11.2744
11.2744
11.2744
11.2744
11.2744
11.2744
11.2744
11.2744
11.2744
11.2744
11.2744
11.2744
11.2744
11.2744
11.2744
11.2744
11.2744
11.2744
11.2744
11.2744
11.2744
11.2744
11.2744
11.2744
11.2744
11.2744
11.2744
11.2744
11.2744
11.2744
11.2744
11.2744
11.2744
11.2744
11.2744
11.2744
11.2744
11.2744
11.2744
11.2744
11.2744
11.2744
11.2744
11.2744
11.2744
11.2744
11.2744
11.2744
11.2744
8.05318
8.05318
8.05317
8.05317
8.05317
8.05317
8.05317
8.05317
8.05318
8.05318
8.05317
8.05317
8.05317
8.05317
8.05317
8.05317
8.05317
8.05317
8.05317
8.05317
8.05317
8.05317
8.05317
8.05317
8.05317
8.05317
8.05317
8.05317
8.05317
8.05317
8.05317
8.05317
8.05317
8.05317
8.05317
8.05317
8.05317
8.05317
8.05317
8.05317
8.05317
8.05317
8.05317
8.05317
8.05317
8.05317
8.05317
8.05317
8.05317
8.05317
8.05317
8.05317
8.05317
8.05317
8.05317
8.05317
8.05317
8.05317
8.05317
8.05317
8.05317
8.05317
8.05317
8.05317
8.05317
8.05317
8.05317
8.05317
8.05317
8.05317
8.05317
8.05317
8.05317
8.05317
8.05317
8.05317
8.05317
8.05317
8.05317
8.05317
8.05317
8.05317
8.05317
8.05317
8.05317
8.05317
8.05317
8.05317
8.05317
8.05317
8.05317
8.05317
8.05317
8.05317
8.05317
8.05317
8.05317
8.05317
8.05317
8.05317
4.83191
4.83191
4.83191
4.83191
4.83191
4.83191
4.83191
4.83191
4.83191
4.83191
4.83191
4.83191
4.83191
4.83191
4.83191
4.83191
4.83191
4.83191
4.83191
4.83191
4.83191
4.83191
4.83191
4.83191
4.83191
4.83191
4.83191
4.83191
4.83191
4.83191
4.83191
4.83191
4.83191
4.83191
4.83191
4.83191
4.83191
4.83191
4.83191
4.83191
4.83191
4.83191
4.83191
4.83191
4.83191
4.83191
4.83191
4.83191
4.83191
4.83191
4.83191
4.83191
4.83191
4.8319
4.8319
4.8319
4.8319
4.83191
4.83191
4.83191
4.83191
4.83191
4.83191
4.8319
4.8319
4.8319
4.8319
4.83191
4.83191
4.83191
4.83191
4.83191
4.83191
4.83191
4.83191
4.83191
4.83191
4.83191
4.83191
4.83191
4.83191
4.83191
4.83191
4.83191
4.83191
4.83191
4.83191
4.83191
4.83191
4.83191
4.83191
4.83191
4.83191
4.83191
4.83191
4.83191
4.83191
4.83191
4.83191
4.83191
1.61064
1.61064
1.61064
1.61064
1.61064
1.61064
1.61064
1.61064
1.61064
1.61064
1.61064
1.61064
1.61064
1.61064
1.61064
1.61064
1.61064
1.61064
1.61064
1.61064
1.61064
1.61064
1.61064
1.61064
1.61064
1.61064
1.61064
1.61064
1.61064
1.61064
1.61064
1.61064
1.61064
1.61064
1.61064
1.61064
1.61064
1.61064
1.61064
1.61064
1.61064
1.61064
1.61064
1.61064
1.61064
1.61064
1.61064
1.61064
1.61064
1.61064
1.61064
1.61064
1.61064
1.61064
1.61064
1.61064
1.61064
1.61064
1.61064
1.61064
1.61064
1.61064
1.61064
1.61064
1.61064
1.61064
1.61064
1.61064
1.61064
1.61064
1.61064
1.61064
1.61064
1.61063
1.61063
1.61063
1.61063
1.61064
1.61064
1.61064
1.61064
1.61063
1.61063
1.61063
1.61063
1.61063
1.61063
1.61063
1.61063
1.61063
1.61063
1.61063
1.61063
1.61063
1.61063
1.61063
1.61063
1.61063
1.61063
1.61063
98.3255
97.7449
97.3804
97.1139
96.9757
96.9757
97.1139
97.3804
97.7449
98.3255
89.2115
88.3639
87.8056
87.411
87.2077
87.2077
87.411
87.8056
88.3639
89.2115
81.645
80.6696
80.033
79.5895
79.3619
79.3619
79.5895
80.033
80.6696
81.645
76.4207
75.4186
74.773
74.3299
74.1028
74.1028
74.3299
74.773
75.4186
76.4207
72.5005
71.5056
70.868
70.4389
70.2191
70.2191
70.4389
70.868
71.5056
72.5005
69.3253
68.3575
67.7356
67.3273
67.1187
67.1187
67.3273
67.7356
68.3575
69.3253
66.7063
65.7863
65.1898
64.8087
64.6147
64.6147
64.8087
65.1898
65.7863
66.7063
64.5374
63.6885
63.1297
62.7812
62.6045
62.6045
62.7812
63.1297
63.6885
64.5374
62.7385
61.977
61.4685
61.1573
60.9998
60.9998
61.1573
61.4685
61.977
62.7385
61.3301
60.5686
60.1189
59.8452
59.7066
59.7066
59.8452
60.1189
60.5686
61.3301
62.4291
62.6016
62.7893
62.9158
62.9812
62.9812
62.9158
62.7893
62.6016
62.4291
62.8517
62.9463
63.0728
63.1539
63.1954
63.1954
63.1539
63.0728
62.9463
62.8517
62.8292
62.8264
62.8791
62.9073
62.9213
62.9213
62.9073
62.8791
62.8264
62.8292
62.4199
62.3271
62.3118
62.2935
62.2834
62.2834
62.2935
62.3118
62.3271
62.4199
61.8263
61.6596
61.5865
61.5307
61.5013
61.5013
61.5307
61.5865
61.6596
61.8263
61.1572
60.9348
60.8149
60.7311
60.6874
60.6874
60.7311
60.8149
60.9348
61.1572
60.4674
60.2095
60.0559
59.9538
59.9009
59.9009
59.9538
60.0559
60.2095
60.4674
59.7885
59.5189
59.3468
59.2362
59.1791
59.1791
59.2362
59.3468
59.5189
59.7885
59.1562
58.8907
58.7122
58.6001
58.542
58.542
58.6001
58.7122
58.8907
59.1562
58.6736
58.3262
58.1427
58.0299
57.9712
57.9712
58.0299
58.1427
58.3262
58.6736
57.8314
57.8171
57.8188
57.8154
57.8139
57.8139
57.8154
57.8188
57.8171
57.8314
58.2422
58.2257
58.2268
58.2218
58.2191
58.2191
58.2218
58.2268
58.2257
58.2422
58.5824
58.5475
58.5373
58.5225
58.5146
58.5146
58.5225
58.5373
58.5475
58.5824
58.636
58.5678
58.5356
58.5049
58.4885
58.4885
58.5049
58.5356
58.5678
58.636
58.4927
58.3894
58.3329
58.2862
58.2614
58.2614
58.2862
58.3329
58.3894
58.4927
58.2468
58.1131
58.0342
57.9742
57.9426
57.9426
57.9742
58.0342
58.1131
58.2468
57.9466
57.7906
57.6937
57.6243
57.5879
57.5879
57.6243
57.6937
57.7906
57.9466
57.6189
57.4527
57.3445
57.2701
57.2313
57.2313
57.2701
57.3445
57.4527
57.6189
57.2966
57.1278
57.0122
56.9355
56.8955
56.8955
56.9355
57.0122
57.1278
57.2966
57.0546
56.8217
56.6955
56.6151
56.5733
56.5733
56.6151
56.6955
56.8217
57.0546
53.1335
53.1532
53.1781
53.1941
53.2025
53.2025
53.1941
53.1781
53.1532
53.1335
53.3437
53.3673
53.3962
53.4146
53.4243
53.4243
53.4146
53.3962
53.3673
53.3437
53.5224
53.5437
53.5724
53.5899
53.5991
53.5991
53.5899
53.5724
53.5437
53.5224
53.6087
53.6197
53.6416
53.6537
53.66
53.66
53.6537
53.6416
53.6197
53.6087
53.6235
53.6201
53.6317
53.6363
53.6387
53.6387
53.6363
53.6317
53.6201
53.6235
53.5901
53.572
53.5721
53.5691
53.5674
53.5674
53.5691
53.5721
53.572
53.5901
53.5222
53.4914
53.4809
53.4712
53.4658
53.4658
53.4712
53.4809
53.4914
53.5222
53.4296
53.3908
53.3719
53.3572
53.3492
53.3492
53.3572
53.3719
53.3908
53.4296
53.3303
53.2856
53.2586
53.2393
53.2288
53.2288
53.2393
53.2586
53.2856
53.3303
53.2694
53.1809
53.14
53.1132
53.099
53.099
53.1132
53.14
53.1809
53.2694
49.9285
49.9286
49.9307
49.9308
49.9309
49.9309
49.9308
49.9307
49.9286
49.9285
50.0272
50.0309
50.0361
50.0384
50.0396
50.0396
50.0384
50.0361
50.0309
50.0272
50.1279
50.1331
50.14
50.1431
50.1446
50.1446
50.1431
50.14
50.1331
50.1279
50.1965
50.1996
50.2055
50.2075
50.2084
50.2084
50.2075
50.2055
50.1996
50.1965
50.2349
50.2338
50.2368
50.2365
50.2362
50.2362
50.2365
50.2368
50.2338
50.2349
50.2502
50.2437
50.2429
50.2399
50.2381
50.2381
50.2399
50.2429
50.2437
50.2502
50.2471
50.2354
50.2307
50.2251
50.2219
50.2219
50.2251
50.2307
50.2354
50.2471
50.2298
50.2145
50.2064
50.1987
50.1944
50.1944
50.1987
50.2064
50.2145
50.2298
50.2078
50.1891
50.1766
50.1666
50.161
50.161
50.1666
50.1766
50.1891
50.2078
50.2027
50.1609
50.1403
50.126
50.1184
50.1184
50.126
50.1403
50.1609
50.2027
46.6266
46.6296
46.6334
46.6355
46.6367
46.6367
46.6355
46.6334
46.6296
46.6266
46.6678
46.6726
46.6779
46.6812
46.6829
46.6829
46.6812
46.6779
46.6726
46.6678
46.7097
46.7157
46.7223
46.7263
46.7284
46.7284
46.7263
46.7223
46.7157
46.7097
46.7414
46.7472
46.754
46.758
46.7601
46.7601
46.758
46.754
46.7472
46.7414
46.763
46.7676
46.7736
46.777
46.7787
46.7787
46.777
46.7736
46.7676
46.763
46.7758
46.7785
46.7833
46.7856
46.7867
46.7867
46.7856
46.7833
46.7785
46.7758
46.7808
46.7815
46.7847
46.7858
46.7863
46.7863
46.7858
46.7847
46.7815
46.7808
46.7792
46.7784
46.7799
46.78
46.7799
46.7799
46.78
46.7799
46.7784
46.7792
46.7752
46.7726
46.7718
46.7703
46.7695
46.7695
46.7703
46.7718
46.7726
46.7752
46.7796
46.765
46.7592
46.755
46.7528
46.7528
46.755
46.7592
46.765
46.7796
43.45
43.4504
43.451
43.4512
43.4512
43.4512
43.4512
43.451
43.4504
43.45
43.4673
43.4686
43.47
43.4707
43.4711
43.4711
43.4707
43.47
43.4687
43.4673
43.4871
43.4892
43.4913
43.4924
43.493
43.493
43.4924
43.4913
43.4892
43.4871
43.5042
43.5066
43.5091
43.5104
43.511
43.511
43.5104
43.5091
43.5066
43.5042
43.5181
43.5204
43.5229
43.5241
43.5247
43.5247
43.5241
43.5229
43.5204
43.5181
43.5289
43.5308
43.5331
43.5341
43.5345
43.5345
43.5341
43.5331
43.5308
43.5289
43.5368
43.5383
43.5401
43.5408
43.5411
43.5411
43.5408
43.5401
43.5383
43.5368
43.5422
43.5432
43.5446
43.5449
43.545
43.545
43.5449
43.5446
43.5432
43.5422
43.5468
43.5471
43.5475
43.5471
43.5469
43.5469
43.5471
43.5475
43.5471
43.5468
43.5549
43.5499
43.548
43.5465
43.5456
43.5456
43.5465
43.548
43.5499
43.5549
40.2376
40.2382
40.2388
40.2392
40.2394
40.2394
40.2392
40.2388
40.2382
40.2376
40.2443
40.2452
40.2462
40.2468
40.2471
40.2471
40.2468
40.2462
40.2452
40.2443
40.2519
40.2532
40.2545
40.2554
40.2558
40.2558
40.2554
40.2545
40.2532
40.2519
40.2589
40.2604
40.262
40.263
40.2635
40.2635
40.263
40.262
40.2604
40.2589
40.265
40.2666
40.2683
40.2693
40.2698
40.2698
40.2693
40.2683
40.2666
40.265
40.2701
40.2717
40.2734
40.2744
40.2748
40.2748
40.2744
40.2734
40.2717
40.2701
40.2742
40.2757
40.2773
40.2781
40.2785
40.2785
40.2781
40.2773
40.2757
40.2742
40.2772
40.2786
40.28
40.2807
40.281
40.281
40.2807
40.28
40.2786
40.2772
40.2799
40.281
40.282
40.2824
40.2825
40.2825
40.2824
40.282
40.281
40.2799
40.2842
40.2829
40.2828
40.2825
40.2824
40.2824
40.2825
40.2828
40.2829
40.2842
37.0323
37.0324
37.0325
37.0325
37.0326
37.0326
37.0325
37.0325
37.0324
37.0323
37.0348
37.0351
37.0353
37.0355
37.0355
37.0355
37.0355
37.0353
37.0351
37.0348
37.038
37.0385
37.0389
37.0391
37.0393
37.0393
37.0391
37.0389
37.0385
37.038
37.0413
37.0419
37.0425
37.0428
37.043
37.043
37.0428
37.0425
37.0419
37.0413
37.0444
37.0452
37.0459
37.0463
37.0465
37.0465
37.0463
37.0459
37.0452
37.0444
37.0474
37.0483
37.049
37.0494
37.0497
37.0497
37.0494
37.049
37.0483
37.0474
37.0502
37.0511
37.0518
37.0522
37.0525
37.0525
37.0522
37.0518
37.0511
37.0502
37.0526
37.0535
37.0543
37.0547
37.0549
37.0549
37.0547
37.0543
37.0535
37.0526
37.055
37.0558
37.0565
37.0568
37.0569
37.0569
37.0568
37.0565
37.0558
37.055
37.0581
37.058
37.0582
37.0582
37.0582
37.0582
37.0582
37.0582
37.058
37.0581
33.8163
33.8164
33.8165
33.8166
33.8166
33.8166
33.8166
33.8165
33.8164
33.8163
33.8171
33.8173
33.8174
33.8175
33.8176
33.8176
33.8175
33.8174
33.8173
33.8171
33.8182
33.8184
33.8187
33.8188
33.8189
33.8189
33.8188
33.8187
33.8184
33.8182
33.8194
33.8197
33.82
33.8202
33.8203
33.8203
33.8202
33.82
33.8197
33.8194
33.8207
33.8211
33.8214
33.8217
33.8218
33.8218
33.8217
33.8214
33.8211
33.8207
33.8219
33.8224
33.8228
33.823
33.8232
33.8232
33.823
33.8228
33.8224
33.8219
33.8231
33.8236
33.8241
33.8243
33.8244
33.8244
33.8243
33.8241
33.8236
33.8231
33.8242
33.8247
33.8252
33.8255
33.8256
33.8256
33.8255
33.8252
33.8247
33.8242
33.8253
33.8258
33.8262
33.8264
33.8265
33.8265
33.8264
33.8262
33.8258
33.8253
33.8267
33.8268
33.827
33.8271
33.8272
33.8272
33.8271
33.827
33.8268
33.8267
30.5992
30.5992
30.5992
30.5992
30.5992
30.5992
30.5992
30.5992
30.5992
30.5992
30.5994
30.5995
30.5995
30.5995
30.5995
30.5995
30.5995
30.5995
30.5995
30.5994
30.5998
30.5999
30.5999
30.6
30.6
30.6
30.6
30.5999
30.5999
30.5998
30.6003
30.6004
30.6005
30.6006
30.6006
30.6006
30.6006
30.6005
30.6004
30.6003
30.6009
30.6011
30.6012
30.6013
30.6013
30.6013
30.6013
30.6012
30.6011
30.6009
30.6015
30.6017
30.6019
30.602
30.6021
30.6021
30.602
30.6019
30.6017
30.6015
30.6022
30.6024
30.6026
30.6027
30.6028
30.6028
30.6027
30.6026
30.6024
30.6022
30.6028
30.6031
30.6033
30.6034
30.6035
30.6035
30.6034
30.6033
30.6031
30.6028
30.6035
30.6038
30.604
30.6041
30.6041
30.6041
30.6041
30.604
30.6038
30.6035
30.6043
30.6044
30.6046
30.6046
30.6047
30.6047
30.6046
30.6046
30.6044
30.6043
27.3794
27.3794
27.3794
27.3794
27.3794
27.3794
27.3794
27.3794
27.3794
27.3794
27.3794
27.3794
27.3794
27.3795
27.3795
27.3795
27.3795
27.3794
27.3794
27.3794
27.3795
27.3795
27.3795
27.3796
27.3796
27.3796
27.3796
27.3795
27.3795
27.3795
27.3796
27.3797
27.3797
27.3798
27.3798
27.3798
27.3798
27.3797
27.3797
27.3796
27.3798
27.3799
27.38
27.38
27.38
27.38
27.38
27.38
27.3799
27.3798
27.3801
27.3802
27.3803
27.3803
27.3803
27.3803
27.3803
27.3803
27.3802
27.3801
27.3803
27.3805
27.3806
27.3806
27.3806
27.3806
27.3806
27.3806
27.3805
27.3803
27.3806
27.3807
27.3808
27.3809
27.3809
27.3809
27.3809
27.3808
27.3807
27.3806
27.3809
27.381
27.3811
27.3812
27.3812
27.3812
27.3812
27.3811
27.381
27.3809
27.3812
27.3813
27.3814
27.3814
27.3815
27.3815
27.3814
27.3814
27.3813
27.3812
24.159
24.159
24.159
24.159
24.159
24.159
24.159
24.159
24.159
24.159
24.159
24.159
24.159
24.159
24.159
24.159
24.159
24.159
24.159
24.159
24.159
24.159
24.159
24.159
24.159
24.159
24.159
24.159
24.159
24.159
24.159
24.1591
24.1591
24.1591
24.1591
24.1591
24.1591
24.1591
24.1591
24.159
24.1591
24.1591
24.1592
24.1592
24.1592
24.1592
24.1592
24.1592
24.1591
24.1591
24.1592
24.1593
24.1593
24.1593
24.1593
24.1593
24.1593
24.1593
24.1593
24.1592
24.1593
24.1594
24.1594
24.1595
24.1595
24.1595
24.1595
24.1594
24.1594
24.1593
24.1595
24.1595
24.1596
24.1596
24.1596
24.1596
24.1596
24.1596
24.1595
24.1595
24.1596
24.1597
24.1597
24.1598
24.1598
24.1598
24.1598
24.1597
24.1597
24.1596
24.1598
24.1599
24.1599
24.1599
24.1599
24.1599
24.1599
24.1599
24.1599
24.1598
20.938
20.938
20.938
20.938
20.938
20.938
20.938
20.938
20.938
20.938
20.938
20.938
20.938
20.938
20.938
20.938
20.938
20.938
20.938
20.938
20.938
20.938
20.938
20.938
20.938
20.938
20.938
20.938
20.938
20.938
20.938
20.938
20.938
20.938
20.938
20.938
20.938
20.938
20.938
20.938
20.938
20.938
20.938
20.938
20.938
20.938
20.938
20.938
20.938
20.938
20.938
20.9381
20.9381
20.9381
20.9381
20.9381
20.9381
20.9381
20.9381
20.938
20.9381
20.9381
20.9381
20.9381
20.9381
20.9381
20.9381
20.9381
20.9381
20.9381
20.9381
20.9382
20.9382
20.9382
20.9382
20.9382
20.9382
20.9382
20.9382
20.9381
20.9382
20.9382
20.9382
20.9383
20.9383
20.9383
20.9383
20.9382
20.9382
20.9382
20.9383
20.9383
20.9383
20.9383
20.9383
20.9383
20.9383
20.9383
20.9383
20.9383
17.7169
17.7169
17.7169
17.7169
17.7169
17.7169
17.7169
17.7169
17.7169
17.7169
17.7169
17.7169
17.7169
17.7169
17.7169
17.7169
17.7169
17.7169
17.7169
17.7169
17.7169
17.7169
17.7169
17.7169
17.7169
17.7169
17.7169
17.7169
17.7169
17.7169
17.7169
17.7169
17.7169
17.7169
17.7169
17.7169
17.7169
17.7169
17.7169
17.7169
17.7169
17.7169
17.7169
17.7169
17.7169
17.7169
17.7169
17.7169
17.7169
17.7169
17.7169
17.7169
17.7169
17.7169
17.7169
17.7169
17.7169
17.7169
17.7169
17.7169
17.7169
17.7169
17.7169
17.7169
17.7169
17.7169
17.7169
17.7169
17.7169
17.7169
17.7169
17.717
17.717
17.717
17.717
17.717
17.717
17.717
17.717
17.7169
17.717
17.717
17.717
17.717
17.717
17.717
17.717
17.717
17.717
17.717
17.717
17.717
17.717
17.717
17.717
17.717
17.717
17.717
17.717
17.717
14.4957
14.4957
14.4957
14.4957
14.4957
14.4957
14.4957
14.4957
14.4957
14.4957
14.4957
14.4957
14.4957
14.4957
14.4957
14.4957
14.4957
14.4957
14.4957
14.4957
14.4957
14.4957
14.4957
14.4957
14.4957
14.4957
14.4957
14.4957
14.4957
14.4957
14.4957
14.4957
14.4957
14.4957
14.4957
14.4957
14.4957
14.4957
14.4957
14.4957
14.4957
14.4957
14.4957
14.4957
14.4957
14.4957
14.4957
14.4957
14.4957
14.4957
14.4957
14.4957
14.4957
14.4957
14.4957
14.4957
14.4957
14.4957
14.4957
14.4957
14.4957
14.4957
14.4957
14.4957
14.4957
14.4957
14.4957
14.4957
14.4957
14.4957
14.4957
14.4957
14.4957
14.4957
14.4957
14.4957
14.4957
14.4957
14.4957
14.4957
14.4957
14.4957
14.4957
14.4957
14.4957
14.4957
14.4957
14.4957
14.4957
14.4957
14.4957
14.4957
14.4957
14.4957
14.4957
14.4957
14.4957
14.4957
14.4957
14.4957
11.2744
11.2744
11.2744
11.2744
11.2744
11.2744
11.2744
11.2744
11.2744
11.2744
11.2744
11.2744
11.2744
11.2744
11.2744
11.2744
11.2744
11.2744
11.2744
11.2744
11.2744
11.2744
11.2744
11.2744
11.2744
11.2744
11.2744
11.2744
11.2744
11.2744
11.2744
11.2744
11.2744
11.2744
11.2744
11.2744
11.2744
11.2744
11.2744
11.2744
11.2744
11.2744
11.2744
11.2744
11.2744
11.2744
11.2744
11.2744
11.2744
11.2744
11.2744
11.2744
11.2744
11.2744
11.2744
11.2744
11.2744
11.2744
11.2744
11.2744
11.2744
11.2744
11.2744
11.2744
11.2744
11.2744
11.2744
11.2744
11.2744
11.2744
11.2744
11.2744
11.2744
11.2744
11.2744
11.2744
11.2744
11.2744
11.2744
11.2744
11.2744
11.2744
11.2744
11.2744
11.2744
11.2744
11.2744
11.2744
11.2744
11.2744
11.2744
11.2744
11.2744
11.2744
11.2744
11.2744
11.2744
11.2744
11.2744
11.2744
8.05318
8.05318
8.05317
8.05317
8.05317
8.05317
8.05317
8.05317
8.05318
8.05318
8.05317
8.05317
8.05317
8.05317
8.05317
8.05317
8.05317
8.05317
8.05317
8.05317
8.05317
8.05317
8.05317
8.05317
8.05317
8.05317
8.05317
8.05317
8.05317
8.05317
8.05317
8.05317
8.05317
8.05317
8.05317
8.05317
8.05317
8.05317
8.05317
8.05317
8.05317
8.05317
8.05317
8.05317
8.05317
8.05317
8.05317
8.05317
8.05317
8.05317
8.05317
8.05317
8.05317
8.05317
8.05317
8.05317
8.05317
8.05317
8.05317
8.05317
8.05317
8.05317
8.05317
8.05317
8.05317
8.05317
8.05317
8.05317
8.05317
8.05317
8.05317
8.05317
8.05317
8.05317
8.05317
8.05317
8.05317
8.05317
8.05317
8.05317
8.05317
8.05317
8.05317
8.05317
8.05317
8.05317
8.05317
8.05317
8.05317
8.05317
8.05317
8.05317
8.05317
8.05317
8.05317
8.05317
8.05317
8.05317
8.05317
8.05317
4.83191
4.83191
4.83191
4.83191
4.83191
4.83191
4.83191
4.83191
4.83191
4.83191
4.83191
4.83191
4.83191
4.83191
4.83191
4.83191
4.83191
4.83191
4.83191
4.83191
4.83191
4.83191
4.83191
4.83191
4.83191
4.83191
4.83191
4.83191
4.83191
4.83191
4.83191
4.83191
4.83191
4.83191
4.83191
4.83191
4.83191
4.83191
4.83191
4.83191
4.83191
4.83191
4.83191
4.83191
4.83191
4.83191
4.83191
4.83191
4.83191
4.83191
4.83191
4.83191
4.83191
4.8319
4.8319
4.8319
4.8319
4.83191
4.83191
4.83191
4.83191
4.83191
4.8319
4.8319
4.8319
4.8319
4.8319
4.83191
4.83191
4.83191
4.83191
4.83191
4.83191
4.83191
4.83191
4.83191
4.83191
4.83191
4.83191
4.83191
4.83191
4.83191
4.83191
4.83191
4.83191
4.83191
4.83191
4.83191
4.83191
4.83191
4.83191
4.83191
4.83191
4.83191
4.83191
4.83191
4.83191
4.83191
4.83191
4.83191
1.61064
1.61064
1.61064
1.61064
1.61064
1.61064
1.61064
1.61064
1.61064
1.61064
1.61064
1.61064
1.61064
1.61064
1.61064
1.61064
1.61064
1.61064
1.61064
1.61064
1.61064
1.61064
1.61064
1.61064
1.61064
1.61064
1.61064
1.61064
1.61064
1.61064
1.61064
1.61064
1.61064
1.61064
1.61064
1.61064
1.61064
1.61064
1.61064
1.61064
1.61064
1.61064
1.61064
1.61064
1.61064
1.61064
1.61064
1.61064
1.61064
1.61064
1.61064
1.61064
1.61064
1.61064
1.61064
1.61064
1.61064
1.61064
1.61064
1.61064
1.61064
1.61064
1.61064
1.61064
1.61064
1.61064
1.61064
1.61064
1.61064
1.61064
1.61064
1.61064
1.61063
1.61063
1.61063
1.61063
1.61063
1.61063
1.61064
1.61064
1.61063
1.61063
1.61063
1.61063
1.61063
1.61063
1.61063
1.61063
1.61063
1.61063
1.61063
1.61063
1.61063
1.61063
1.61063
1.61063
1.61063
1.61063
1.61063
1.61063
60.3206
59.635
59.2003
58.9235
58.7861
58.7861
58.9235
59.2003
59.635
60.3206
59.635
59.0491
58.6071
58.312
58.1656
58.1656
58.312
58.6071
59.0491
59.635
59.2003
58.6071
58.1459
57.8383
57.6865
57.6865
57.8383
58.1459
58.6071
59.2003
58.9235
58.312
57.8383
57.5248
57.3705
57.3705
57.5248
57.8383
58.312
58.9235
58.7861
58.1656
57.6865
57.3705
57.2151
57.2151
57.3705
57.6865
58.1656
58.7861
58.7861
58.1656
57.6865
57.3705
57.2151
57.2151
57.3705
57.6865
58.1656
58.7861
58.9235
58.312
57.8383
57.5248
57.3705
57.3705
57.5248
57.8383
58.312
58.9235
59.2003
58.6071
58.1459
57.8383
57.6865
57.6865
57.8383
58.1459
58.6071
59.2003
59.635
59.0491
58.6071
58.312
58.1656
58.1656
58.312
58.6071
59.0491
59.635
60.3206
59.635
59.2003
58.9235
58.7861
58.7861
58.9235
59.2003
59.635
60.3206
58.1557
57.8793
57.7144
57.6058
57.5506
57.5506
57.6058
57.7144
57.8793
58.1557
57.8793
57.66
57.4734
57.3432
57.2781
57.2781
57.3432
57.4734
57.66
57.8793
57.7144
57.4734
57.2635
57.1195
57.0483
57.0483
57.1195
57.2635
57.4734
57.7144
57.6058
57.3432
57.1195
56.9682
56.8937
56.8937
56.9682
57.1195
57.3432
57.6058
57.5506
57.2781
57.0483
56.8937
56.8177
56.8177
56.8937
57.0483
57.2781
57.5506
57.5506
57.2781
57.0483
56.8937
56.8177
56.8177
56.8937
57.0483
57.2781
57.5506
57.6058
57.3432
57.1195
56.9682
56.8937
56.8937
56.9682
57.1195
57.3432
57.6058
57.7144
57.4734
57.2635
57.1195
57.0483
57.0483
57.1195
57.2635
57.4734
57.7144
57.8793
57.66
57.4734
57.3432
57.2781
57.2781
57.3432
57.4734
57.66
57.8793
58.1557
57.8793
57.7144
57.6058
57.5506
57.5506
57.6058
57.7144
57.8793
58.1557
56.6672
56.5162
56.423
56.358
56.3246
56.3246
56.358
56.423
56.5162
56.6672
56.5162
56.3961
56.2828
56.2006
56.1592
56.1592
56.2006
56.2828
56.3961
56.5162
56.423
56.2828
56.1505
56.0577
56.0117
56.0117
56.0577
56.1504
56.2828
56.423
56.358
56.2006
56.0577
55.9597
55.9113
55.9113
55.9597
56.0577
56.2006
56.358
56.3246
56.1592
56.0117
55.9113
55.8618
55.8618
55.9113
56.0117
56.1592
56.3246
56.3246
56.1592
56.0117
55.9113
55.8618
55.8618
55.9113
56.0117
56.1592
56.3246
56.358
56.2006
56.0577
55.9597
55.9113
55.9113
55.9597
56.0577
56.2006
56.358
56.423
56.2828
56.1504
56.0577
56.0117
56.0117
56.0577
56.1504
56.2828
56.423
56.5162
56.3961
56.2828
56.2006
56.1592
56.1592
56.2006
56.2828
56.3961
56.5162
56.6672
56.5162
56.423
56.358
56.3246
56.3246
56.358
56.423
56.5162
56.6672
53.0736
53.0388
53.0196
53.0038
52.9954
52.9954
53.0038
53.0196
53.0388
53.0736
53.0388
53.0134
52.9786
52.951
52.9371
52.9371
52.951
52.9786
53.0134
53.0388
53.0196
52.9786
52.9317
52.8977
52.8809
52.8809
52.8977
52.9317
52.9786
53.0196
53.0038
52.951
52.8977
52.8605
52.8422
52.8422
52.8605
52.8977
52.951
53.0038
52.9954
52.9371
52.8809
52.8422
52.8232
52.8232
52.8422
52.8809
52.9371
52.9954
52.9954
52.9371
52.8809
52.8422
52.8232
52.8232
52.8422
52.8809
52.9371
52.9954
53.0038
52.951
52.8977
52.8605
52.8422
52.8422
52.8605
52.8977
52.951
53.0038
53.0196
52.9786
52.9317
52.8977
52.8809
52.8809
52.8977
52.9317
52.9786
53.0196
53.0388
53.0134
52.9786
52.951
52.9371
52.9371
52.951
52.9786
53.0134
53.0388
53.0736
53.0388
53.0196
53.0038
52.9954
52.9954
53.0038
53.0196
53.0388
53.0736
50.1004
50.0935
50.0894
50.0845
50.0817
50.0817
50.0845
50.0894
50.0935
50.1004
50.0935
50.0902
50.0778
50.0669
50.0612
50.0612
50.0669
50.0778
50.0902
50.0935
50.0894
50.0778
50.0592
50.045
50.0379
50.0379
50.045
50.0592
50.0778
50.0894
50.0845
50.0669
50.045
50.0292
50.0215
50.0215
50.0292
50.045
50.0669
50.0845
50.0817
50.0612
50.0379
50.0215
50.0134
50.0134
50.0215
50.0379
50.0612
50.0817
50.0817
50.0612
50.0379
50.0215
50.0134
50.0134
50.0215
50.0379
50.0612
50.0817
50.0845
50.0669
50.045
50.0292
50.0215
50.0215
50.0292
50.045
50.0669
50.0845
50.0894
50.0778
50.0592
50.045
50.0379
50.0379
50.045
50.0592
50.0778
50.0894
50.0935
50.0902
50.0778
50.0669
50.0612
50.0612
50.0669
50.0778
50.0902
50.0935
50.1004
50.0935
50.0894
50.0845
50.0817
50.0817
50.0845
50.0894
50.0935
50.1004
46.7308
46.7342
46.7367
46.7373
46.7375
46.7375
46.7373
46.7367
46.7342
46.7308
46.7342
46.7378
46.7357
46.7329
46.7315
46.7315
46.7329
46.7357
46.7378
46.7342
46.7367
46.7357
46.7303
46.7259
46.7238
46.7238
46.7259
46.7303
46.7357
46.7367
46.7373
46.7329
46.7259
46.7208
46.7183
46.7183
46.7208
46.7259
46.7329
46.7373
46.7375
46.7315
46.7238
46.7183
46.7157
46.7157
46.7183
46.7238
46.7315
46.7375
46.7375
46.7315
46.7238
46.7183
46.7157
46.7157
46.7183
46.7238
46.7315
46.7375
46.7373
46.7329
46.7259
46.7208
46.7183
46.7183
46.7208
46.7259
46.7329
46.7373
46.7367
46.7357
46.7303
46.7259
46.7238
46.7238
46.7259
46.7303
46.7357
46.7367
46.7342
46.7378
46.7357
46.7329
46.7315
46.7315
46.7329
46.7357
46.7378
46.7342
46.7308
46.7342
46.7367
46.7373
46.7375
46.7375
46.7373
46.7367
46.7342
46.7308
43.5346
43.5388
43.5416
43.5429
43.5435
43.5435
43.5429
43.5416
43.5388
43.5346
43.5388
43.5432
43.544
43.5439
43.5438
43.5438
43.5439
43.544
43.5432
43.5388
43.5416
43.544
43.5435
43.5427
43.5424
43.5424
43.5427
43.5435
43.544
43.5416
43.5429
43.5439
43.5427
43.5417
43.5413
43.5413
43.5417
43.5427
43.5439
43.5429
43.5435
43.5438
43.5424
43.5413
43.5407
43.5407
43.5413
43.5424
43.5438
43.5435
43.5435
43.5438
43.5424
43.5413
43.5407
43.5407
43.5413
43.5424
43.5438
43.5435
43.5429
43.5439
43.5427
43.5417
43.5413
43.5413
43.5417
43.5427
43.5439
43.5429
43.5416
43.544
43.5435
43.5427
43.5424
43.5424
43.5427
43.5435
43.544
43.5416
43.5388
43.5432
43.544
43.5439
43.5438
43.5438
43.5439
43.544
43.5432
43.5388
43.5346
43.5388
43.5416
43.5429
43.5435
43.5435
43.5429
43.5416
43.5388
43.5346
40.2755
40.2783
40.2802
40.2812
40.2816
40.2816
40.2812
40.2802
40.2783
40.2755
40.2783
40.2809
40.2818
40.2821
40.2823
40.2823
40.2821
40.2818
40.2809
40.2783
40.2802
40.2818
40.2821
40.2822
40.2822
40.2822
40.2822
40.2821
40.2818
40.2802
40.2812
40.2821
40.2822
40.2821
40.2821
40.2821
40.2821
40.2822
40.2821
40.2812
40.2816
40.2823
40.2822
40.2821
40.2821
40.2821
40.2821
40.2822
40.2823
40.2816
40.2816
40.2823
40.2822
40.2821
40.2821
40.2821
40.2821
40.2822
40.2823
40.2816
40.2812
40.2821
40.2822
40.2821
40.2821
40.2821
40.2821
40.2822
40.2821
40.2812
40.2802
40.2818
40.2821
40.2822
40.2822
40.2822
40.2822
40.2821
40.2818
40.2802
40.2783
40.2809
40.2818
40.2821
40.2823
40.2823
40.2821
40.2818
40.2809
40.2783
40.2755
40.2783
40.2802
40.2812
40.2816
40.2816
40.2812
40.2802
40.2783
40.2755
37.0552
37.0569
37.0581
37.0587
37.0591
37.0591
37.0587
37.0581
37.0569
37.0552
37.0569
37.0586
37.0594
37.0598
37.0601
37.0601
37.0598
37.0594
37.0586
37.0569
37.0581
37.0594
37.06
37.0604
37.0606
37.0606
37.0604
37.06
37.0594
37.0581
37.0587
37.0598
37.0604
37.0607
37.0609
37.0609
37.0607
37.0604
37.0598
37.0587
37.0591
37.0601
37.0606
37.0609
37.0611
37.0611
37.0609
37.0606
37.0601
37.0591
37.0591
37.0601
37.0606
37.0609
37.0611
37.0611
37.0609
37.0606
37.0601
37.0591
37.0587
37.0598
37.0604
37.0607
37.0609
37.0609
37.0607
37.0604
37.0598
37.0587
37.0581
37.0594
37.06
37.0604
37.0606
37.0606
37.0604
37.06
37.0594
37.0581
37.0569
37.0586
37.0594
37.0598
37.0601
37.0601
37.0598
37.0594
37.0586
37.0569
37.0552
37.0569
37.0581
37.0587
37.0591
37.0591
37.0587
37.0581
37.0569
37.0552
33.8257
33.8265
33.8271
33.8274
33.8276
33.8276
33.8274
33.8271
33.8265
33.8257
33.8265
33.8273
33.8277
33.828
33.8281
33.8281
33.828
33.8277
33.8273
33.8265
33.8271
33.8277
33.8281
33.8283
33.8284
33.8284
33.8283
33.8281
33.8277
33.8271
33.8274
33.828
33.8283
33.8285
33.8286
33.8286
33.8285
33.8283
33.828
33.8274
33.8276
33.8281
33.8284
33.8286
33.8287
33.8287
33.8286
33.8284
33.8281
33.8276
33.8276
33.8281
33.8284
33.8286
33.8287
33.8287
33.8286
33.8284
33.8281
33.8276
33.8274
33.828
33.8283
33.8285
33.8286
33.8286
33.8285
33.8283
33.828
33.8274
33.8271
33.8277
33.8281
33.8283
33.8284
33.8284
33.8283
33.8281
33.8277
33.8271
33.8265
33.8273
33.8277
33.828
33.8281
33.8281
33.828
33.8277
33.8273
33.8265
33.8257
33.8265
33.8271
33.8274
33.8276
33.8276
33.8274
33.8271
33.8265
33.8257
30.6041
30.6045
30.6048
30.605
30.6051
30.6051
30.605
30.6048
30.6045
30.6041
30.6045
30.6049
30.6052
30.6054
30.6055
30.6055
30.6054
30.6052
30.6049
30.6045
30.6048
30.6052
30.6055
30.6056
30.6057
30.6057
30.6056
30.6055
30.6052
30.6048
30.605
30.6054
30.6056
30.6058
30.6059
30.6059
30.6058
30.6056
30.6054
30.605
30.6051
30.6055
30.6057
30.6059
30.606
30.606
30.6059
30.6057
30.6055
30.6051
30.6051
30.6055
30.6057
30.6059
30.606
30.606
30.6059
30.6057
30.6055
30.6051
30.605
30.6054
30.6056
30.6058
30.6059
30.6059
30.6058
30.6056
30.6054
30.605
30.6048
30.6052
30.6055
30.6056
30.6057
30.6057
30.6056
30.6055
30.6052
30.6048
30.6045
30.6049
30.6052
30.6054
30.6055
30.6055
30.6054
30.6052
30.6049
30.6045
30.6041
30.6045
30.6048
30.605
30.6051
30.6051
30.605
30.6048
30.6045
30.6041
27.3812
27.3814
27.3815
27.3816
27.3816
27.3816
27.3816
27.3815
27.3814
27.3812
27.3814
27.3816
27.3817
27.3818
27.3818
27.3818
27.3818
27.3817
27.3816
27.3814
27.3815
27.3817
27.3818
27.3819
27.3819
27.3819
27.3819
27.3818
27.3817
27.3815
27.3816
27.3818
27.3819
27.382
27.382
27.382
27.382
27.3819
27.3818
27.3816
27.3816
27.3818
27.3819
27.382
27.382
27.382
27.382
27.3819
27.3818
27.3816
27.3816
27.3818
27.3819
27.382
27.382
27.382
27.382
27.3819
27.3818
27.3816
27.3816
27.3818
27.3819
27.382
27.382
27.382
27.382
27.3819
27.3818
27.3816
27.3815
27.3817
27.3818
27.3819
27.3819
27.3819
27.3819
27.3818
27.3817
27.3815
27.3814
27.3816
27.3817
27.3818
27.3818
27.3818
27.3818
27.3817
27.3816
27.3814
27.3812
27.3814
27.3815
27.3816
27.3816
27.3816
27.3816
27.3815
27.3814
27.3812
24.1598
24.1599
24.16
24.16
24.1601
24.1601
24.16
24.16
24.1599
24.1598
24.1599
24.16
24.1601
24.1601
24.1601
24.1601
24.1601
24.1601
24.16
24.1599
24.16
24.1601
24.1601
24.1602
24.1602
24.1602
24.1602
24.1601
24.1601
24.16
24.16
24.1601
24.1602
24.1602
24.1603
24.1603
24.1602
24.1602
24.1601
24.16
24.1601
24.1601
24.1602
24.1603
24.1603
24.1603
24.1603
24.1602
24.1601
24.1601
24.1601
24.1601
24.1602
24.1603
24.1603
24.1603
24.1603
24.1602
24.1601
24.1601
24.16
24.1601
24.1602
24.1602
24.1603
24.1603
24.1602
24.1602
24.1601
24.16
24.16
24.1601
24.1601
24.1602
24.1602
24.1602
24.1602
24.1601
24.1601
24.16
24.1599
24.16
24.1601
24.1601
24.1601
24.1601
24.1601
24.1601
24.16
24.1599
24.1598
24.1599
24.16
24.16
24.1601
24.1601
24.16
24.16
24.1599
24.1598
20.9383
20.9383
20.9383
20.9384
20.9384
20.9384
20.9384
20.9383
20.9383
20.9383
20.9383
20.9384
20.9384
20.9384
20.9384
20.9384
20.9384
20.9384
20.9384
20.9383
20.9383
20.9384
20.9384
20.9384
20.9384
20.9384
20.9384
20.9384
20.9384
20.9383
20.9384
20.9384
20.9384
20.9385
20.9385
20.9385
20.9385
20.9384
20.9384
20.9384
20.9384
20.9384
20.9384
20.9385
20.9385
20.9385
20.9385
20.9384
20.9384
20.9384
20.9384
20.9384
20.9384
20.9385
20.9385
20.9385
20.9385
20.9384
20.9384
20.9384
20.9384
20.9384
20.9384
20.9385
20.9385
20.9385
20.9385
20.9384
20.9384
20.9384
20.9383
20.9384
20.9384
20.9384
20.9384
20.9384
20.9384
20.9384
20.9384
20.9383
20.9383
20.9384
20.9384
20.9384
20.9384
20.9384
20.9384
20.9384
20.9384
20.9383
20.9383
20.9383
20.9383
20.9384
20.9384
20.9384
20.9384
20.9383
20.9383
20.9383
17.717
17.717
17.717
17.7171
17.7171
17.7171
17.7171
17.717
17.717
17.717
17.717
17.717
17.7171
17.7171
17.7171
17.7171
17.7171
17.7171
17.717
17.717
17.717
17.7171
17.7171
17.7171
17.7171
17.7171
17.7171
17.7171
17.7171
17.717
17.7171
17.7171
17.7171
17.7171
17.7171
17.7171
17.7171
17.7171
17.7171
17.7171
17.7171
17.7171
17.7171
17.7171
17.7171
17.7171
17.7171
17.7171
17.7171
17.7171
17.7171
17.7171
17.7171
17.7171
17.7171
17.7171
17.7171
17.7171
17.7171
17.7171
17.7171
17.7171
17.7171
17.7171
17.7171
17.7171
17.7171
17.7171
17.7171
17.7171
17.717
17.7171
17.7171
17.7171
17.7171
17.7171
17.7171
17.7171
17.7171
17.717
17.717
17.717
17.7171
17.7171
17.7171
17.7171
17.7171
17.7171
17.717
17.717
17.717
17.717
17.717
17.7171
17.7171
17.7171
17.7171
17.717
17.717
17.717
14.4957
14.4957
14.4957
14.4957
14.4957
14.4957
14.4957
14.4957
14.4957
14.4957
14.4957
14.4957
14.4957
14.4957
14.4957
14.4957
14.4957
14.4957
14.4957
14.4957
14.4957
14.4957
14.4957
14.4957
14.4957
14.4957
14.4957
14.4957
14.4957
14.4957
14.4957
14.4957
14.4957
14.4957
14.4957
14.4957
14.4957
14.4957
14.4957
14.4957
14.4957
14.4957
14.4957
14.4957
14.4957
14.4957
14.4957
14.4957
14.4957
14.4957
14.4957
14.4957
14.4957
14.4957
14.4957
14.4957
14.4957
14.4957
14.4957
14.4957
14.4957
14.4957
14.4957
14.4957
14.4957
14.4957
14.4957
14.4957
14.4957
14.4957
14.4957
14.4957
14.4957
14.4957
14.4957
14.4957
14.4957
14.4957
14.4957
14.4957
14.4957
14.4957
14.4957
14.4957
14.4957
14.4957
14.4957
14.4957
14.4957
14.4957
14.4957
14.4957
14.4957
14.4957
14.4957
14.4957
14.4957
14.4957
14.4957
14.4957
11.2744
11.2744
11.2744
11.2744
11.2744
11.2744
11.2744
11.2744
11.2744
11.2744
11.2744
11.2744
11.2745
11.2745
11.2745
11.2745
11.2745
11.2745
11.2744
11.2744
11.2744
11.2745
11.2745
11.2745
11.2745
11.2745
11.2745
11.2745
11.2745
11.2744
11.2744
11.2745
11.2745
11.2745
11.2745
11.2745
11.2745
11.2745
11.2745
11.2744
11.2744
11.2745
11.2745
11.2745
11.2745
11.2745
11.2745
11.2745
11.2745
11.2744
11.2744
11.2745
11.2745
11.2745
11.2745
11.2745
11.2745
11.2745
11.2745
11.2744
11.2744
11.2745
11.2745
11.2745
11.2745
11.2745
11.2745
11.2745
11.2745
11.2744
11.2744
11.2745
11.2745
11.2745
11.2745
11.2745
11.2745
11.2745
11.2745
11.2744
11.2744
11.2744
11.2745
11.2745
11.2745
11.2745
11.2745
11.2745
11.2744
11.2744
11.2744
11.2744
11.2744
11.2744
11.2744
11.2744
11.2744
11.2744
11.2744
11.2744
8.05317
8.05317
8.05317
8.05317
8.05317
8.05317
8.05317
8.05317
8.05317
8.05317
8.05317
8.05317
8.05317
8.05317
8.05317
8.05317
8.05317
8.05317
8.05317
8.05317
8.05317
8.05317
8.05317
8.05317
8.05317
8.05317
8.05317
8.05317
8.05317
8.05317
8.05317
8.05317
8.05317
8.05317
8.05317
8.05318
8.05317
8.05317
8.05317
8.05317
8.05317
8.05317
8.05317
8.05317
8.05318
8.05318
8.05318
8.05317
8.05317
8.05317
8.05317
8.05317
8.05317
8.05318
8.05318
8.05318
8.05318
8.05317
8.05317
8.05317
8.05317
8.05317
8.05317
8.05317
8.05318
8.05318
8.05317
8.05317
8.05317
8.05317
8.05317
8.05317
8.05317
8.05317
8.05317
8.05317
8.05317
8.05317
8.05317
8.05317
8.05317
8.05317
8.05317
8.05317
8.05317
8.05317
8.05317
8.05317
8.05317
8.05317
8.05317
8.05317
8.05317
8.05317
8.05317
8.05317
8.05317
8.05317
8.05317
8.05317
4.83191
4.83191
4.83191
4.83191
4.83191
4.83191
4.83191
4.83191
4.83191
4.83191
4.83191
4.83191
4.83191
4.83191
4.83191
4.83191
4.83191
4.83191
4.83191
4.83191
4.83191
4.83191
4.83191
4.83191
4.83191
4.83191
4.83191
4.83191
4.83191
4.83191
4.83191
4.83191
4.83191
4.83191
4.83191
4.83191
4.83191
4.83191
4.83191
4.83191
4.83191
4.83191
4.83191
4.83191
4.83191
4.83191
4.83191
4.83191
4.83191
4.83191
4.83191
4.83191
4.83191
4.83191
4.83191
4.83191
4.83191
4.83191
4.83191
4.83191
4.83191
4.83191
4.83191
4.83191
4.83191
4.83191
4.83191
4.83191
4.83191
4.83191
4.83191
4.83191
4.83191
4.83191
4.83191
4.83191
4.83191
4.83191
4.83191
4.83191
4.83191
4.83191
4.83191
4.83191
4.83191
4.83191
4.83191
4.83191
4.83191
4.83191
4.83191
4.83191
4.83191
4.83191
4.83191
4.83191
4.83191
4.83191
4.83191
4.83191
1.61063
1.61063
1.61063
1.61063
1.61063
1.61063
1.61063
1.61063
1.61063
1.61063
1.61063
1.61063
1.61063
1.61063
1.61063
1.61063
1.61063
1.61063
1.61063
1.61063
1.61063
1.61063
1.61063
1.61063
1.61063
1.61063
1.61063
1.61063
1.61063
1.61063
1.61063
1.61063
1.61063
1.61063
1.61063
1.61063
1.61063
1.61063
1.61063
1.61063
1.61063
1.61063
1.61063
1.61063
1.61063
1.61063
1.61063
1.61063
1.61063
1.61063
1.61063
1.61063
1.61063
1.61063
1.61063
1.61063
1.61063
1.61063
1.61063
1.61063
1.61063
1.61063
1.61063
1.61063
1.61063
1.61063
1.61063
1.61063
1.61063
1.61063
1.61063
1.61063
1.61063
1.61063
1.61063
1.61063
1.61063
1.61063
1.61063
1.61063
1.61063
1.61063
1.61063
1.61063
1.61063
1.61063
1.61063
1.61063
1.61063
1.61063
1.61063
1.61063
1.61063
1.61063
1.61063
1.61063
1.61063
1.61063
1.61063
1.61063
)
;

boundaryField
{
    fixedWalls
    {
        type            zeroGradient;
    }
    inlet
    {
        type            fixedGradient;
        gradient        uniform 0;
    }
    outlet
    {
        type            fixedValue;
        value           uniform 0;
    }
}


// ************************************************************************* //
