/*--------------------------------*- C++ -*----------------------------------*\
| =========                 |                                                 |
| \\      /  F ield         | OpenFOAM: The Open Source CFD Toolbox           |
|  \\    /   O peration     | Version:  2106                                  |
|   \\  /    A nd           | Website:  www.openfoam.com                      |
|    \\/     M anipulation  |                                                 |
\*---------------------------------------------------------------------------*/
FoamFile
{
    version     2.0;
    format      ascii;
    arch        "LSB;label=32;scalar=64";
    class       volScalarField;
    location    "0.27";
    object      p;
}
// * * * * * * * * * * * * * * * * * * * * * * * * * * * * * * * * * * * * * //

dimensions      [0 2 -2 0 0 0 0];

internalField   nonuniform List<scalar> 
10000
(
111.164
110.597
110.238
109.977
109.841
109.841
109.977
110.238
110.597
111.164
102.257
101.428
100.88
100.493
100.294
100.294
100.493
100.88
101.428
102.257
94.8602
93.9065
93.2818
92.8469
92.6237
92.6237
92.8469
93.2818
93.9065
94.8602
89.7513
88.7722
88.1393
87.7053
87.4829
87.4829
87.7053
88.1393
88.7722
89.7513
85.9219
84.9517
84.3283
83.9093
83.6948
83.6948
83.9093
84.3283
84.9517
85.9219
82.8293
81.8883
81.2829
80.8862
80.6835
80.6835
80.8862
81.2829
81.8883
82.8293
80.2892
79.3982
78.8207
78.4526
78.2653
78.2653
78.4526
78.8207
79.3982
80.2892
78.1966
77.3782
76.8405
76.5063
76.337
76.337
76.5063
76.8406
77.3782
78.1966
76.4693
75.74
75.2551
74.9594
74.8098
74.8098
74.9594
75.2551
75.7401
76.4693
75.1167
74.4015
73.9787
73.7222
73.5923
73.5923
73.7222
73.9787
74.4016
75.1167
75.6537
75.8206
76.0016
76.1241
76.1875
76.1875
76.1241
76.0016
75.8206
75.6537
76.0121
76.101
76.2205
76.2977
76.3371
76.3371
76.2977
76.2205
76.101
76.0121
75.9282
75.9208
75.9669
75.9917
76.0039
76.0039
75.9917
75.9669
75.9208
75.9282
75.4805
75.385
75.3645
75.3437
75.3325
75.3325
75.3437
75.3645
75.385
75.4805
74.8657
74.6987
74.6221
74.5653
74.5354
74.5354
74.5653
74.6221
74.6988
74.8657
74.1866
73.9665
73.8451
73.7616
73.7181
73.7181
73.7616
73.8451
73.9665
74.1866
73.495
73.2415
73.0883
72.9878
72.9358
72.9358
72.9878
73.0883
73.2415
73.495
72.82
72.5561
72.3863
72.2783
72.2227
72.2227
72.2783
72.3863
72.5561
72.8201
72.1913
71.9339
71.7606
71.6527
71.5969
71.5969
71.6527
71.7606
71.9339
72.1913
71.6962
71.3767
71.2047
71.099
71.044
71.044
71.099
71.2047
71.3767
71.6962
70.6106
70.5939
70.5923
70.5871
70.5846
70.5846
70.5871
70.5923
70.5939
70.6106
70.9653
70.9446
70.9409
70.9331
70.929
70.929
70.9331
70.9409
70.9446
70.9653
71.2472
71.2073
71.1911
71.173
71.1634
71.1634
71.173
71.1911
71.2073
71.2472
71.2602
71.1873
71.1489
71.115
71.097
71.097
71.115
71.1489
71.1873
71.2602
71.0901
70.9829
70.9206
70.8711
70.8449
70.8449
70.8711
70.9206
70.9829
71.0901
70.826
70.6894
70.6053
70.543
70.5103
70.5103
70.543
70.6053
70.6894
70.826
70.5141
70.356
70.2545
70.1832
70.146
70.146
70.1832
70.2545
70.356
70.5141
70.1797
70.0115
69.8993
69.8235
69.784
69.784
69.8235
69.8993
70.0115
70.1797
69.8505
69.6809
69.5634
69.4864
69.4463
69.4463
69.4864
69.5634
69.6809
69.8505
69.5864
69.3706
69.2486
69.1708
69.1304
69.1304
69.1708
69.2486
69.3706
69.5864
65.2696
65.2877
65.3106
65.3256
65.3335
65.3335
65.3256
65.3107
65.2877
65.2696
65.4421
65.4625
65.4881
65.5046
65.5133
65.5133
65.5046
65.4881
65.4625
65.4421
65.5794
65.5964
65.6205
65.6355
65.6433
65.6433
65.6355
65.6205
65.5964
65.5794
65.6324
65.6385
65.6552
65.6645
65.6693
65.6693
65.6645
65.6552
65.6385
65.6324
65.6206
65.6123
65.6183
65.6201
65.621
65.621
65.6201
65.6183
65.6123
65.6206
65.5652
65.5422
65.5368
65.531
65.5278
65.5278
65.531
65.5368
65.5422
65.5652
65.4789
65.4432
65.4272
65.4148
65.4082
65.4082
65.4148
65.4272
65.4432
65.479
65.371
65.3269
65.3026
65.2853
65.276
65.276
65.2853
65.3026
65.3269
65.371
65.2555
65.2063
65.1751
65.1538
65.1425
65.1425
65.1539
65.1751
65.2063
65.2555
65.1677
65.0869
65.0463
65.0199
65.006
65.006
65.0199
65.0463
65.0869
65.1677
61.3558
61.3548
61.3555
61.355
61.3548
61.3548
61.355
61.3555
61.3548
61.3558
61.4326
61.4342
61.4373
61.4383
61.4389
61.4389
61.4383
61.4373
61.4342
61.4326
61.509
61.5112
61.5151
61.5165
61.5171
61.5171
61.5165
61.5151
61.5112
61.509
61.5569
61.5565
61.5589
61.5588
61.5587
61.5587
61.5588
61.5589
61.5565
61.5569
61.578
61.5731
61.5722
61.5697
61.5683
61.5683
61.5697
61.5722
61.5731
61.578
61.5783
61.5679
61.563
61.5578
61.5549
61.5549
61.5578
61.563
61.5679
61.5783
61.5623
61.5466
61.5375
61.5297
61.5254
61.5254
61.5297
61.5375
61.5466
61.5623
61.534
61.5143
61.5017
61.4918
61.4864
61.4864
61.4918
61.5017
61.5143
61.534
61.5004
61.4776
61.4615
61.4496
61.4432
61.4432
61.4496
61.4615
61.4776
61.5004
61.4769
61.4386
61.4173
61.4028
61.3951
61.3951
61.4028
61.4173
61.4386
61.4769
57.3099
57.3124
57.3155
57.3174
57.3184
57.3184
57.3174
57.3155
57.3124
57.3099
57.3397
57.3434
57.3476
57.3502
57.3516
57.3516
57.3502
57.3476
57.3434
57.3397
57.3684
57.3727
57.3776
57.3807
57.3823
57.3823
57.3807
57.3776
57.3727
57.3684
57.3881
57.3918
57.3965
57.3993
57.4008
57.4008
57.3993
57.3965
57.3918
57.3881
57.3989
57.401
57.4046
57.4066
57.4077
57.4077
57.4066
57.4046
57.401
57.3989
57.4018
57.4018
57.4039
57.4047
57.4051
57.4051
57.4047
57.4039
57.4018
57.4018
57.3977
57.3955
57.3958
57.3954
57.3951
57.3951
57.3954
57.3958
57.3955
57.3977
57.3878
57.3837
57.3823
57.3808
57.3799
57.3799
57.3808
57.3823
57.3837
57.3878
57.3751
57.3692
57.3658
57.363
57.3614
57.3614
57.363
57.3658
57.3692
57.3751
57.3669
57.3532
57.3464
57.3417
57.3392
57.3392
57.3417
57.3464
57.3532
57.3669
53.3882
53.3883
53.3885
53.3885
53.3885
53.3885
53.3885
53.3885
53.3883
53.3882
53.4002
53.4008
53.4016
53.4019
53.4021
53.4021
53.4019
53.4016
53.4008
53.4002
53.4136
53.4147
53.4159
53.4165
53.4168
53.4168
53.4165
53.4159
53.4147
53.4136
53.4246
53.4257
53.427
53.4276
53.428
53.428
53.4276
53.427
53.4257
53.4246
53.4327
53.4335
53.4347
53.4351
53.4353
53.4353
53.4351
53.4347
53.4336
53.4327
53.4381
53.4384
53.4391
53.4392
53.4392
53.4392
53.4392
53.4391
53.4384
53.4381
53.4409
53.4405
53.4407
53.4404
53.4402
53.4402
53.4404
53.4407
53.4405
53.4409
53.4415
53.4405
53.44
53.4393
53.4389
53.4389
53.4393
53.44
53.4405
53.4415
53.4411
53.4393
53.4381
53.4368
53.4362
53.4362
53.4368
53.4381
53.4393
53.4411
53.4423
53.4372
53.4345
53.4326
53.4315
53.4315
53.4326
53.4345
53.4372
53.4423
49.4304
49.4309
49.4314
49.4317
49.4319
49.4319
49.4317
49.4314
49.4309
49.4304
49.4348
49.4355
49.4362
49.4367
49.4369
49.4369
49.4367
49.4362
49.4355
49.4348
49.4396
49.4405
49.4414
49.442
49.4423
49.4423
49.442
49.4414
49.4405
49.4396
49.4436
49.4446
49.4456
49.4462
49.4465
49.4465
49.4462
49.4456
49.4446
49.4436
49.4468
49.4477
49.4486
49.4492
49.4495
49.4495
49.4492
49.4486
49.4477
49.4468
49.449
49.4497
49.4505
49.451
49.4512
49.4512
49.451
49.4505
49.4497
49.449
49.4502
49.4506
49.4512
49.4515
49.4517
49.4517
49.4515
49.4512
49.4506
49.4502
49.4504
49.4505
49.4509
49.451
49.4511
49.4511
49.451
49.4509
49.4505
49.4504
49.4501
49.4499
49.4499
49.4498
49.4497
49.4497
49.4498
49.4499
49.4499
49.4501
49.4505
49.4488
49.4481
49.4475
49.4472
49.4472
49.4475
49.4481
49.4488
49.4505
45.4844
45.4845
45.4845
45.4845
45.4846
45.4846
45.4845
45.4845
45.4845
45.4844
45.4861
45.4863
45.4864
45.4865
45.4865
45.4865
45.4865
45.4864
45.4863
45.4861
45.4882
45.4885
45.4887
45.4889
45.4889
45.4889
45.4889
45.4887
45.4885
45.4882
45.4903
45.4906
45.4909
45.4911
45.4912
45.4912
45.4911
45.4909
45.4906
45.4903
45.4921
45.4925
45.4928
45.493
45.4931
45.4931
45.493
45.4928
45.4925
45.4921
45.4937
45.4941
45.4944
45.4946
45.4947
45.4947
45.4946
45.4944
45.4941
45.4937
45.495
45.4953
45.4956
45.4958
45.4958
45.4958
45.4958
45.4956
45.4953
45.495
45.4961
45.4963
45.4965
45.4966
45.4967
45.4967
45.4966
45.4965
45.4963
45.4961
45.497
45.4971
45.4972
45.4972
45.4972
45.4972
45.4972
45.4972
45.4971
45.497
45.4981
45.4977
45.4975
45.4974
45.4973
45.4973
45.4974
45.4975
45.4977
45.4981
41.5301
41.5302
41.5303
41.5303
41.5304
41.5304
41.5303
41.5303
41.5302
41.5301
41.5307
41.5308
41.5309
41.531
41.531
41.531
41.531
41.5309
41.5308
41.5307
41.5314
41.5316
41.5317
41.5318
41.5319
41.5319
41.5318
41.5317
41.5316
41.5314
41.5321
41.5323
41.5325
41.5326
41.5327
41.5327
41.5326
41.5325
41.5323
41.5321
41.5328
41.533
41.5332
41.5334
41.5334
41.5334
41.5334
41.5332
41.533
41.5328
41.5334
41.5336
41.5338
41.534
41.534
41.534
41.534
41.5338
41.5336
41.5334
41.5339
41.5341
41.5343
41.5344
41.5345
41.5345
41.5344
41.5343
41.5341
41.5339
41.5343
41.5345
41.5346
41.5347
41.5348
41.5348
41.5347
41.5346
41.5345
41.5343
41.5346
41.5347
41.5349
41.5349
41.5349
41.5349
41.5349
41.5349
41.5347
41.5346
41.535
41.5349
41.5349
41.5349
41.5349
41.5349
41.5349
41.5349
41.5349
41.535
37.5768
37.5768
37.5768
37.5768
37.5768
37.5768
37.5768
37.5768
37.5768
37.5768
37.577
37.577
37.577
37.577
37.577
37.577
37.577
37.577
37.577
37.577
37.5773
37.5773
37.5774
37.5774
37.5774
37.5774
37.5774
37.5774
37.5773
37.5773
37.5776
37.5777
37.5778
37.5778
37.5778
37.5778
37.5778
37.5778
37.5777
37.5776
37.578
37.5781
37.5782
37.5782
37.5782
37.5782
37.5782
37.5782
37.5781
37.578
37.5784
37.5785
37.5786
37.5786
37.5786
37.5786
37.5786
37.5786
37.5785
37.5784
37.5787
37.5788
37.5789
37.579
37.579
37.579
37.579
37.5789
37.5788
37.5787
37.579
37.5792
37.5793
37.5793
37.5793
37.5793
37.5793
37.5793
37.5792
37.579
37.5794
37.5795
37.5796
37.5796
37.5796
37.5796
37.5796
37.5796
37.5795
37.5794
37.5797
37.5798
37.5798
37.5798
37.5798
37.5798
37.5798
37.5798
37.5798
37.5797
33.6216
33.6216
33.6216
33.6217
33.6217
33.6217
33.6217
33.6216
33.6216
33.6216
33.6217
33.6217
33.6217
33.6217
33.6217
33.6217
33.6217
33.6217
33.6217
33.6217
33.6218
33.6218
33.6218
33.6219
33.6219
33.6219
33.6219
33.6218
33.6218
33.6218
33.6219
33.6219
33.622
33.622
33.622
33.622
33.622
33.622
33.6219
33.6219
33.622
33.6221
33.6221
33.6221
33.6222
33.6222
33.6221
33.6221
33.6221
33.622
33.6222
33.6222
33.6223
33.6223
33.6223
33.6223
33.6223
33.6223
33.6222
33.6222
33.6223
33.6224
33.6224
33.6224
33.6225
33.6225
33.6224
33.6224
33.6224
33.6223
33.6224
33.6225
33.6225
33.6226
33.6226
33.6226
33.6226
33.6225
33.6225
33.6224
33.6225
33.6226
33.6226
33.6227
33.6227
33.6227
33.6227
33.6226
33.6226
33.6225
33.6227
33.6227
33.6227
33.6227
33.6227
33.6227
33.6227
33.6227
33.6227
33.6227
29.6665
29.6665
29.6665
29.6665
29.6665
29.6665
29.6665
29.6665
29.6665
29.6665
29.6665
29.6666
29.6666
29.6666
29.6666
29.6666
29.6666
29.6666
29.6666
29.6665
29.6666
29.6666
29.6666
29.6666
29.6666
29.6666
29.6666
29.6666
29.6666
29.6666
29.6666
29.6667
29.6667
29.6667
29.6667
29.6667
29.6667
29.6667
29.6667
29.6666
29.6667
29.6667
29.6667
29.6668
29.6668
29.6668
29.6668
29.6667
29.6667
29.6667
29.6668
29.6668
29.6668
29.6668
29.6669
29.6669
29.6668
29.6668
29.6668
29.6668
29.6669
29.6669
29.6669
29.6669
29.6669
29.6669
29.6669
29.6669
29.6669
29.6669
29.667
29.667
29.667
29.667
29.667
29.667
29.667
29.667
29.667
29.667
29.667
29.6671
29.6671
29.6671
29.6671
29.6671
29.6671
29.6671
29.6671
29.667
29.6671
29.6672
29.6672
29.6672
29.6672
29.6672
29.6672
29.6672
29.6672
29.6671
25.7111
25.7111
25.7111
25.7111
25.7111
25.7111
25.7111
25.7111
25.7111
25.7111
25.7111
25.7111
25.7111
25.7111
25.7111
25.7111
25.7111
25.7111
25.7111
25.7111
25.7111
25.7111
25.7111
25.7111
25.7111
25.7111
25.7111
25.7111
25.7111
25.7111
25.7111
25.7111
25.7111
25.7111
25.7111
25.7111
25.7111
25.7111
25.7111
25.7111
25.7111
25.7111
25.7111
25.7111
25.7111
25.7111
25.7111
25.7111
25.7111
25.7111
25.7111
25.7112
25.7112
25.7112
25.7112
25.7112
25.7112
25.7112
25.7112
25.7111
25.7112
25.7112
25.7112
25.7112
25.7112
25.7112
25.7112
25.7112
25.7112
25.7112
25.7112
25.7112
25.7112
25.7112
25.7112
25.7112
25.7112
25.7112
25.7112
25.7112
25.7112
25.7113
25.7113
25.7113
25.7113
25.7113
25.7113
25.7113
25.7113
25.7112
25.7113
25.7113
25.7113
25.7113
25.7113
25.7113
25.7113
25.7113
25.7113
25.7113
21.7556
21.7556
21.7556
21.7556
21.7556
21.7556
21.7556
21.7556
21.7556
21.7556
21.7556
21.7556
21.7556
21.7556
21.7556
21.7556
21.7556
21.7556
21.7556
21.7556
21.7556
21.7556
21.7556
21.7556
21.7556
21.7556
21.7556
21.7556
21.7556
21.7556
21.7556
21.7556
21.7556
21.7556
21.7556
21.7556
21.7556
21.7556
21.7556
21.7556
21.7556
21.7556
21.7556
21.7556
21.7556
21.7556
21.7556
21.7556
21.7556
21.7556
21.7556
21.7556
21.7556
21.7556
21.7556
21.7556
21.7556
21.7556
21.7556
21.7556
21.7556
21.7556
21.7557
21.7557
21.7557
21.7557
21.7557
21.7557
21.7556
21.7556
21.7557
21.7557
21.7557
21.7557
21.7557
21.7557
21.7557
21.7557
21.7557
21.7557
21.7557
21.7557
21.7557
21.7557
21.7557
21.7557
21.7557
21.7557
21.7557
21.7557
21.7557
21.7557
21.7557
21.7557
21.7557
21.7557
21.7557
21.7557
21.7557
21.7557
17.8
17.8
17.8
17.8
17.8
17.8
17.8
17.8
17.8
17.8
17.8
17.8
17.8
17.8
17.8
17.8
17.8
17.8
17.8
17.8
17.8
17.8
17.8
17.8
17.8
17.8
17.8
17.8
17.8
17.8
17.8
17.8
17.8
17.8
17.8
17.8
17.8
17.8
17.8
17.8
17.8
17.8
17.8
17.8
17.8
17.8
17.8
17.8
17.8
17.8
17.8
17.8
17.8
17.8
17.8
17.8
17.8
17.8
17.8
17.8
17.8
17.8001
17.8001
17.8001
17.8001
17.8001
17.8001
17.8001
17.8001
17.8
17.8001
17.8001
17.8001
17.8001
17.8001
17.8001
17.8001
17.8001
17.8001
17.8001
17.8001
17.8001
17.8001
17.8001
17.8001
17.8001
17.8001
17.8001
17.8001
17.8001
17.8001
17.8001
17.8001
17.8001
17.8001
17.8001
17.8001
17.8001
17.8001
17.8001
13.8445
13.8445
13.8445
13.8445
13.8445
13.8445
13.8445
13.8445
13.8445
13.8445
13.8445
13.8445
13.8445
13.8445
13.8445
13.8445
13.8445
13.8445
13.8445
13.8445
13.8445
13.8445
13.8445
13.8445
13.8445
13.8445
13.8445
13.8445
13.8445
13.8445
13.8445
13.8445
13.8445
13.8445
13.8445
13.8445
13.8445
13.8445
13.8445
13.8445
13.8445
13.8445
13.8445
13.8445
13.8445
13.8445
13.8445
13.8445
13.8445
13.8445
13.8445
13.8445
13.8445
13.8445
13.8445
13.8445
13.8445
13.8445
13.8445
13.8445
13.8445
13.8445
13.8445
13.8445
13.8445
13.8445
13.8445
13.8445
13.8445
13.8445
13.8445
13.8445
13.8445
13.8445
13.8445
13.8445
13.8445
13.8445
13.8445
13.8445
13.8445
13.8445
13.8445
13.8445
13.8445
13.8445
13.8445
13.8445
13.8445
13.8445
13.8445
13.8445
13.8445
13.8445
13.8445
13.8445
13.8445
13.8445
13.8445
13.8445
9.88891
9.88891
9.88891
9.88891
9.88891
9.88891
9.88891
9.88891
9.88891
9.88891
9.88891
9.88891
9.88891
9.88891
9.88891
9.88891
9.88891
9.88891
9.88891
9.88891
9.88891
9.88891
9.88891
9.88891
9.88891
9.88891
9.88891
9.88891
9.88891
9.88891
9.88891
9.88891
9.88891
9.88891
9.88891
9.88891
9.88891
9.88891
9.88891
9.88891
9.88891
9.88891
9.88891
9.88891
9.88891
9.88891
9.88891
9.88891
9.88891
9.88891
9.88891
9.88891
9.88891
9.88891
9.88891
9.88891
9.88891
9.88891
9.88891
9.88891
9.88891
9.88891
9.88891
9.88891
9.88891
9.88891
9.88891
9.88891
9.88891
9.88891
9.88891
9.88891
9.88891
9.88891
9.88891
9.88891
9.88891
9.88891
9.88891
9.88891
9.88891
9.88891
9.88891
9.88891
9.88891
9.88891
9.88891
9.88891
9.88891
9.88891
9.88891
9.88891
9.88891
9.88891
9.88891
9.88891
9.88891
9.88891
9.88891
9.88891
5.93333
5.93333
5.93333
5.93333
5.93333
5.93333
5.93333
5.93333
5.93333
5.93333
5.93332
5.93332
5.93332
5.93332
5.93332
5.93332
5.93332
5.93332
5.93332
5.93332
5.93332
5.93332
5.93332
5.93332
5.93332
5.93332
5.93332
5.93332
5.93332
5.93332
5.93332
5.93332
5.93332
5.93332
5.93332
5.93332
5.93332
5.93332
5.93332
5.93332
5.93333
5.93333
5.93333
5.93333
5.93333
5.93333
5.93333
5.93333
5.93333
5.93333
5.93333
5.93333
5.93333
5.93333
5.93333
5.93333
5.93333
5.93333
5.93333
5.93333
5.93333
5.93333
5.93333
5.93334
5.93334
5.93334
5.93334
5.93333
5.93333
5.93333
5.93334
5.93334
5.93334
5.93334
5.93334
5.93334
5.93334
5.93334
5.93334
5.93333
5.93334
5.93334
5.93334
5.93334
5.93334
5.93334
5.93334
5.93334
5.93334
5.93334
5.93334
5.93334
5.93334
5.93334
5.93334
5.93334
5.93334
5.93334
5.93334
5.93334
1.97777
1.97777
1.97777
1.97777
1.97777
1.97777
1.97777
1.97777
1.97777
1.97777
1.97776
1.97776
1.97776
1.97776
1.97776
1.97776
1.97776
1.97776
1.97776
1.97776
1.97776
1.97776
1.97776
1.97776
1.97776
1.97776
1.97776
1.97776
1.97776
1.97776
1.97776
1.97776
1.97776
1.97776
1.97776
1.97776
1.97776
1.97776
1.97776
1.97776
1.97777
1.97777
1.97777
1.97777
1.97777
1.97777
1.97777
1.97777
1.97777
1.97777
1.97776
1.97776
1.97776
1.97776
1.97776
1.97776
1.97776
1.97776
1.97776
1.97776
1.97776
1.97776
1.97776
1.97776
1.97776
1.97776
1.97776
1.97776
1.97776
1.97776
1.97776
1.97776
1.97776
1.97776
1.97776
1.97776
1.97776
1.97776
1.97776
1.97776
1.97776
1.97776
1.97776
1.97776
1.97776
1.97776
1.97776
1.97776
1.97776
1.97776
1.97776
1.97776
1.97776
1.97776
1.97776
1.97776
1.97776
1.97776
1.97776
1.97776
111.164
110.597
110.238
109.977
109.841
109.841
109.977
110.238
110.597
111.164
102.257
101.428
100.881
100.493
100.294
100.294
100.493
100.881
101.428
102.257
94.8602
93.9066
93.2819
92.8469
92.6237
92.6237
92.8469
93.2819
93.9066
94.8602
89.7513
88.7722
88.1393
87.7053
87.4829
87.4829
87.7053
88.1393
88.7722
89.7514
85.9219
84.9517
84.3283
83.9093
83.6948
83.6948
83.9093
84.3283
84.9517
85.922
82.8293
81.8883
81.2829
80.8862
80.6835
80.6835
80.8862
81.2829
81.8883
82.8293
80.2892
79.3982
78.8207
78.4526
78.2653
78.2653
78.4526
78.8207
79.3982
80.2893
78.1966
77.3782
76.8406
76.5064
76.3371
76.3371
76.5064
76.8406
77.3782
78.1966
76.4693
75.7401
75.2551
74.9594
74.8099
74.8099
74.9594
75.2551
75.7401
76.4693
75.1167
74.4016
73.9787
73.7222
73.5923
73.5923
73.7222
73.9788
74.4016
75.1168
75.6537
75.8206
76.0016
76.1241
76.1875
76.1875
76.1241
76.0016
75.8206
75.6537
76.0121
76.101
76.2205
76.2977
76.3371
76.3371
76.2977
76.2206
76.101
76.0121
75.9282
75.9208
75.9669
75.9917
76.0039
76.0039
75.9917
75.9669
75.9208
75.9283
75.4805
75.3851
75.3645
75.3438
75.3325
75.3325
75.3438
75.3645
75.3851
75.4806
74.8657
74.6988
74.6222
74.5653
74.5354
74.5354
74.5653
74.6222
74.6988
74.8657
74.1866
73.9665
73.8451
73.7616
73.7181
73.7181
73.7616
73.8451
73.9665
74.1867
73.495
73.2415
73.0883
72.9878
72.9358
72.9358
72.9878
73.0883
73.2415
73.495
72.8201
72.5561
72.3863
72.2783
72.2227
72.2227
72.2783
72.3863
72.5561
72.8201
72.1913
71.9339
71.7606
71.6527
71.5969
71.5969
71.6527
71.7606
71.9339
72.1914
71.6962
71.3767
71.2047
71.099
71.044
71.044
71.099
71.2047
71.3768
71.6962
70.6106
70.5939
70.5923
70.5871
70.5846
70.5846
70.5871
70.5923
70.5939
70.6106
70.9653
70.9446
70.9409
70.9331
70.929
70.929
70.9331
70.9409
70.9446
70.9653
71.2472
71.2073
71.1911
71.173
71.1634
71.1634
71.173
71.1911
71.2073
71.2472
71.2602
71.1873
71.1489
71.115
71.097
71.097
71.115
71.1489
71.1873
71.2602
71.0901
70.9829
70.9206
70.8711
70.8449
70.8449
70.8711
70.9206
70.9829
71.0901
70.826
70.6894
70.6053
70.543
70.5103
70.5103
70.5431
70.6053
70.6894
70.826
70.5141
70.356
70.2545
70.1833
70.146
70.146
70.1833
70.2545
70.356
70.5141
70.1797
70.0115
69.8993
69.8235
69.7841
69.7841
69.8235
69.8993
70.0115
70.1797
69.8505
69.6809
69.5634
69.4864
69.4463
69.4463
69.4864
69.5634
69.6809
69.8505
69.5864
69.3706
69.2487
69.1708
69.1304
69.1304
69.1708
69.2487
69.3707
69.5864
65.2696
65.2877
65.3107
65.3256
65.3335
65.3335
65.3256
65.3107
65.2877
65.2696
65.4421
65.4625
65.4882
65.5046
65.5133
65.5133
65.5046
65.4882
65.4625
65.4421
65.5795
65.5964
65.6205
65.6355
65.6433
65.6433
65.6355
65.6205
65.5964
65.5795
65.6324
65.6385
65.6552
65.6645
65.6693
65.6693
65.6645
65.6552
65.6385
65.6324
65.6206
65.6123
65.6183
65.6201
65.621
65.621
65.6201
65.6183
65.6123
65.6206
65.5652
65.5422
65.5368
65.531
65.5279
65.5279
65.531
65.5368
65.5422
65.5652
65.479
65.4432
65.4272
65.4148
65.4082
65.4082
65.4148
65.4272
65.4432
65.479
65.371
65.3269
65.3026
65.2853
65.276
65.276
65.2853
65.3026
65.3269
65.371
65.2555
65.2063
65.1751
65.1539
65.1425
65.1425
65.1539
65.1751
65.2063
65.2555
65.1677
65.0869
65.0463
65.0199
65.006
65.006
65.0199
65.0463
65.0869
65.1677
61.3558
61.3548
61.3555
61.355
61.3548
61.3548
61.355
61.3555
61.3548
61.3558
61.4326
61.4342
61.4373
61.4383
61.4389
61.4389
61.4383
61.4373
61.4342
61.4326
61.509
61.5112
61.5151
61.5165
61.5171
61.5171
61.5165
61.5151
61.5112
61.509
61.5569
61.5565
61.5589
61.5588
61.5587
61.5587
61.5588
61.5589
61.5565
61.5569
61.578
61.5731
61.5722
61.5697
61.5683
61.5683
61.5697
61.5722
61.5731
61.578
61.5783
61.5679
61.563
61.5578
61.5549
61.5549
61.5578
61.563
61.5679
61.5783
61.5623
61.5466
61.5375
61.5297
61.5254
61.5254
61.5297
61.5376
61.5466
61.5623
61.534
61.5143
61.5017
61.4918
61.4864
61.4864
61.4918
61.5017
61.5143
61.534
61.5004
61.4776
61.4615
61.4496
61.4432
61.4432
61.4496
61.4615
61.4776
61.5004
61.4769
61.4386
61.4173
61.4028
61.3951
61.3951
61.4028
61.4173
61.4386
61.4769
57.3099
57.3124
57.3155
57.3174
57.3184
57.3184
57.3174
57.3155
57.3124
57.3099
57.3397
57.3434
57.3476
57.3502
57.3516
57.3516
57.3502
57.3476
57.3434
57.3397
57.3684
57.3727
57.3776
57.3807
57.3823
57.3823
57.3807
57.3776
57.3727
57.3684
57.3881
57.3918
57.3965
57.3993
57.4008
57.4008
57.3993
57.3965
57.3918
57.3881
57.3989
57.401
57.4046
57.4067
57.4077
57.4077
57.4067
57.4047
57.401
57.3989
57.4018
57.4018
57.4039
57.4047
57.4051
57.4051
57.4047
57.4039
57.4018
57.4018
57.3977
57.3955
57.3958
57.3954
57.3951
57.3951
57.3954
57.3958
57.3955
57.3977
57.3878
57.3837
57.3823
57.3808
57.3799
57.3799
57.3808
57.3823
57.3837
57.3878
57.3751
57.3692
57.3658
57.363
57.3614
57.3614
57.363
57.3658
57.3692
57.3751
57.3669
57.3532
57.3464
57.3417
57.3392
57.3392
57.3417
57.3464
57.3532
57.3669
53.3882
53.3883
53.3885
53.3885
53.3885
53.3885
53.3885
53.3885
53.3883
53.3882
53.4002
53.4008
53.4016
53.4019
53.4021
53.4021
53.4019
53.4016
53.4008
53.4002
53.4136
53.4147
53.4159
53.4165
53.4168
53.4168
53.4165
53.4159
53.4147
53.4136
53.4246
53.4257
53.427
53.4276
53.428
53.428
53.4276
53.427
53.4257
53.4246
53.4327
53.4336
53.4347
53.4351
53.4353
53.4353
53.4351
53.4347
53.4336
53.4327
53.4381
53.4384
53.4391
53.4392
53.4392
53.4392
53.4392
53.4391
53.4384
53.4381
53.4409
53.4405
53.4407
53.4404
53.4402
53.4402
53.4404
53.4407
53.4405
53.4409
53.4415
53.4405
53.44
53.4393
53.4389
53.4389
53.4393
53.44
53.4405
53.4415
53.4411
53.4393
53.4381
53.4369
53.4362
53.4362
53.4369
53.4381
53.4393
53.4411
53.4423
53.4372
53.4346
53.4326
53.4315
53.4315
53.4326
53.4346
53.4372
53.4423
49.4304
49.4309
49.4314
49.4317
49.4319
49.4319
49.4317
49.4314
49.4309
49.4304
49.4348
49.4355
49.4362
49.4367
49.4369
49.4369
49.4367
49.4362
49.4355
49.4349
49.4396
49.4405
49.4414
49.442
49.4423
49.4423
49.442
49.4414
49.4405
49.4396
49.4436
49.4446
49.4456
49.4462
49.4465
49.4465
49.4462
49.4456
49.4446
49.4436
49.4468
49.4477
49.4486
49.4492
49.4495
49.4495
49.4492
49.4486
49.4477
49.4468
49.449
49.4497
49.4505
49.451
49.4512
49.4512
49.451
49.4505
49.4497
49.449
49.4502
49.4506
49.4512
49.4515
49.4517
49.4517
49.4515
49.4512
49.4506
49.4502
49.4504
49.4505
49.4509
49.451
49.4511
49.4511
49.451
49.4509
49.4505
49.4504
49.4501
49.4499
49.4499
49.4498
49.4497
49.4497
49.4498
49.4499
49.4499
49.4501
49.4505
49.4488
49.4481
49.4475
49.4472
49.4472
49.4475
49.4481
49.4488
49.4505
45.4844
45.4845
45.4845
45.4846
45.4846
45.4846
45.4846
45.4845
45.4845
45.4844
45.4861
45.4863
45.4864
45.4865
45.4865
45.4865
45.4865
45.4864
45.4863
45.4861
45.4882
45.4885
45.4887
45.4889
45.4889
45.4889
45.4889
45.4887
45.4885
45.4882
45.4903
45.4906
45.4909
45.4911
45.4912
45.4912
45.4911
45.4909
45.4906
45.4903
45.4921
45.4925
45.4928
45.493
45.4931
45.4931
45.493
45.4928
45.4925
45.4921
45.4937
45.4941
45.4944
45.4946
45.4947
45.4947
45.4946
45.4944
45.4941
45.4937
45.495
45.4953
45.4956
45.4958
45.4958
45.4958
45.4958
45.4956
45.4953
45.495
45.4961
45.4963
45.4965
45.4966
45.4967
45.4967
45.4966
45.4965
45.4963
45.4961
45.497
45.4971
45.4972
45.4972
45.4972
45.4972
45.4972
45.4972
45.4971
45.497
45.4981
45.4977
45.4975
45.4974
45.4973
45.4973
45.4974
45.4975
45.4977
45.4981
41.5301
41.5302
41.5303
41.5303
41.5304
41.5304
41.5303
41.5303
41.5302
41.5301
41.5307
41.5308
41.5309
41.531
41.531
41.531
41.531
41.5309
41.5308
41.5307
41.5314
41.5316
41.5317
41.5318
41.5319
41.5319
41.5318
41.5317
41.5316
41.5314
41.5321
41.5323
41.5325
41.5326
41.5327
41.5327
41.5326
41.5325
41.5323
41.5321
41.5328
41.533
41.5332
41.5334
41.5334
41.5334
41.5334
41.5332
41.533
41.5328
41.5334
41.5336
41.5338
41.534
41.534
41.534
41.534
41.5338
41.5336
41.5334
41.5339
41.5341
41.5343
41.5344
41.5345
41.5345
41.5344
41.5343
41.5341
41.5339
41.5343
41.5345
41.5346
41.5347
41.5348
41.5348
41.5347
41.5346
41.5345
41.5343
41.5346
41.5347
41.5349
41.5349
41.5349
41.5349
41.5349
41.5349
41.5347
41.5346
41.535
41.5349
41.5349
41.5349
41.5349
41.5349
41.5349
41.5349
41.5349
41.535
37.5768
37.5768
37.5768
37.5768
37.5768
37.5768
37.5768
37.5768
37.5768
37.5768
37.577
37.577
37.577
37.577
37.577
37.577
37.577
37.577
37.577
37.577
37.5773
37.5773
37.5774
37.5774
37.5774
37.5774
37.5774
37.5774
37.5773
37.5773
37.5776
37.5777
37.5778
37.5778
37.5778
37.5778
37.5778
37.5778
37.5777
37.5776
37.578
37.5781
37.5782
37.5782
37.5782
37.5782
37.5782
37.5782
37.5781
37.578
37.5784
37.5785
37.5786
37.5786
37.5786
37.5786
37.5786
37.5786
37.5785
37.5784
37.5787
37.5788
37.5789
37.579
37.579
37.579
37.579
37.5789
37.5788
37.5787
37.579
37.5792
37.5793
37.5793
37.5793
37.5793
37.5793
37.5793
37.5792
37.579
37.5794
37.5795
37.5796
37.5796
37.5796
37.5796
37.5796
37.5796
37.5795
37.5794
37.5797
37.5798
37.5798
37.5798
37.5798
37.5798
37.5798
37.5798
37.5798
37.5797
33.6216
33.6216
33.6216
33.6217
33.6217
33.6217
33.6217
33.6216
33.6216
33.6216
33.6217
33.6217
33.6217
33.6217
33.6217
33.6217
33.6217
33.6217
33.6217
33.6217
33.6218
33.6218
33.6218
33.6219
33.6219
33.6219
33.6219
33.6218
33.6218
33.6218
33.6219
33.6219
33.622
33.622
33.622
33.622
33.622
33.622
33.6219
33.6219
33.622
33.6221
33.6221
33.6221
33.6222
33.6222
33.6221
33.6221
33.6221
33.622
33.6222
33.6222
33.6223
33.6223
33.6223
33.6223
33.6223
33.6223
33.6222
33.6222
33.6223
33.6224
33.6224
33.6224
33.6225
33.6225
33.6224
33.6224
33.6224
33.6223
33.6224
33.6225
33.6225
33.6226
33.6226
33.6226
33.6226
33.6225
33.6225
33.6224
33.6225
33.6226
33.6226
33.6227
33.6227
33.6227
33.6227
33.6226
33.6226
33.6225
33.6227
33.6227
33.6227
33.6227
33.6227
33.6227
33.6227
33.6227
33.6227
33.6227
29.6665
29.6665
29.6665
29.6665
29.6665
29.6665
29.6665
29.6665
29.6665
29.6665
29.6665
29.6666
29.6666
29.6666
29.6666
29.6666
29.6666
29.6666
29.6666
29.6665
29.6666
29.6666
29.6666
29.6666
29.6666
29.6666
29.6666
29.6666
29.6666
29.6666
29.6666
29.6667
29.6667
29.6667
29.6667
29.6667
29.6667
29.6667
29.6667
29.6666
29.6667
29.6667
29.6667
29.6668
29.6668
29.6668
29.6668
29.6667
29.6667
29.6667
29.6668
29.6668
29.6668
29.6668
29.6669
29.6669
29.6668
29.6668
29.6668
29.6668
29.6669
29.6669
29.6669
29.6669
29.6669
29.6669
29.6669
29.6669
29.6669
29.6669
29.667
29.667
29.667
29.667
29.667
29.667
29.667
29.667
29.667
29.667
29.667
29.6671
29.6671
29.6671
29.6671
29.6671
29.6671
29.6671
29.6671
29.667
29.6671
29.6672
29.6672
29.6672
29.6672
29.6672
29.6672
29.6672
29.6672
29.6671
25.7111
25.7111
25.7111
25.7111
25.7111
25.7111
25.7111
25.7111
25.7111
25.7111
25.7111
25.7111
25.7111
25.7111
25.7111
25.7111
25.7111
25.7111
25.7111
25.7111
25.7111
25.7111
25.7111
25.7111
25.7111
25.7111
25.7111
25.7111
25.7111
25.7111
25.7111
25.7111
25.7111
25.7111
25.7111
25.7111
25.7111
25.7111
25.7111
25.7111
25.7111
25.7111
25.7111
25.7111
25.7111
25.7111
25.7111
25.7111
25.7111
25.7111
25.7111
25.7112
25.7112
25.7112
25.7112
25.7112
25.7112
25.7112
25.7112
25.7111
25.7112
25.7112
25.7112
25.7112
25.7112
25.7112
25.7112
25.7112
25.7112
25.7112
25.7112
25.7112
25.7112
25.7112
25.7112
25.7112
25.7112
25.7112
25.7112
25.7112
25.7112
25.7113
25.7113
25.7113
25.7113
25.7113
25.7113
25.7113
25.7113
25.7112
25.7113
25.7113
25.7113
25.7113
25.7113
25.7113
25.7113
25.7113
25.7113
25.7113
21.7556
21.7556
21.7556
21.7556
21.7556
21.7556
21.7556
21.7556
21.7556
21.7556
21.7556
21.7556
21.7556
21.7556
21.7556
21.7556
21.7556
21.7556
21.7556
21.7556
21.7556
21.7556
21.7556
21.7556
21.7556
21.7556
21.7556
21.7556
21.7556
21.7556
21.7556
21.7556
21.7556
21.7556
21.7556
21.7556
21.7556
21.7556
21.7556
21.7556
21.7556
21.7556
21.7556
21.7556
21.7556
21.7556
21.7556
21.7556
21.7556
21.7556
21.7556
21.7556
21.7556
21.7556
21.7556
21.7556
21.7556
21.7556
21.7556
21.7556
21.7556
21.7556
21.7557
21.7557
21.7557
21.7557
21.7557
21.7557
21.7556
21.7556
21.7557
21.7557
21.7557
21.7557
21.7557
21.7557
21.7557
21.7557
21.7557
21.7557
21.7557
21.7557
21.7557
21.7557
21.7557
21.7557
21.7557
21.7557
21.7557
21.7557
21.7557
21.7557
21.7557
21.7557
21.7557
21.7557
21.7557
21.7557
21.7557
21.7557
17.8
17.8
17.8
17.8
17.8
17.8
17.8
17.8
17.8
17.8
17.8
17.8
17.8
17.8
17.8
17.8
17.8
17.8
17.8
17.8
17.8
17.8
17.8
17.8
17.8
17.8
17.8
17.8
17.8
17.8
17.8
17.8
17.8
17.8
17.8
17.8
17.8
17.8
17.8
17.8
17.8
17.8
17.8
17.8
17.8
17.8
17.8
17.8
17.8
17.8
17.8
17.8
17.8
17.8
17.8
17.8
17.8
17.8
17.8
17.8
17.8
17.8001
17.8001
17.8001
17.8001
17.8001
17.8001
17.8001
17.8001
17.8
17.8001
17.8001
17.8001
17.8001
17.8001
17.8001
17.8001
17.8001
17.8001
17.8001
17.8001
17.8001
17.8001
17.8001
17.8001
17.8001
17.8001
17.8001
17.8001
17.8001
17.8001
17.8001
17.8001
17.8001
17.8001
17.8001
17.8001
17.8001
17.8001
17.8001
13.8445
13.8445
13.8445
13.8445
13.8445
13.8445
13.8445
13.8445
13.8445
13.8445
13.8445
13.8445
13.8445
13.8445
13.8445
13.8445
13.8445
13.8445
13.8445
13.8445
13.8445
13.8445
13.8445
13.8445
13.8445
13.8445
13.8445
13.8445
13.8445
13.8445
13.8445
13.8445
13.8445
13.8445
13.8445
13.8445
13.8445
13.8445
13.8445
13.8445
13.8445
13.8445
13.8445
13.8445
13.8445
13.8445
13.8445
13.8445
13.8445
13.8445
13.8445
13.8445
13.8445
13.8445
13.8445
13.8445
13.8445
13.8445
13.8445
13.8445
13.8445
13.8445
13.8445
13.8445
13.8445
13.8445
13.8445
13.8445
13.8445
13.8445
13.8445
13.8445
13.8445
13.8445
13.8445
13.8445
13.8445
13.8445
13.8445
13.8445
13.8445
13.8445
13.8445
13.8445
13.8445
13.8445
13.8445
13.8445
13.8445
13.8445
13.8445
13.8445
13.8445
13.8445
13.8445
13.8445
13.8445
13.8445
13.8445
13.8445
9.88891
9.88891
9.88891
9.88891
9.88891
9.88891
9.88891
9.88891
9.88891
9.88891
9.88891
9.88891
9.88891
9.88891
9.88891
9.88891
9.88891
9.88891
9.88891
9.88891
9.88891
9.88891
9.88891
9.88891
9.88891
9.88891
9.88891
9.88891
9.88891
9.88891
9.88891
9.88891
9.88891
9.88891
9.88891
9.88891
9.88891
9.88891
9.88891
9.88891
9.88891
9.88891
9.88891
9.88891
9.88891
9.88891
9.88891
9.88891
9.88891
9.88891
9.88891
9.88891
9.88891
9.88891
9.88891
9.88891
9.88891
9.88891
9.88891
9.88891
9.88891
9.88891
9.88891
9.88891
9.88891
9.88891
9.88891
9.88891
9.88891
9.88891
9.88891
9.88891
9.88891
9.88891
9.88891
9.88891
9.88891
9.88891
9.88891
9.88891
9.88891
9.88891
9.88891
9.88891
9.88891
9.88891
9.88891
9.88891
9.88891
9.88891
9.88891
9.88891
9.88891
9.88891
9.88891
9.88891
9.88891
9.88891
9.88891
9.88891
5.93333
5.93333
5.93333
5.93333
5.93333
5.93333
5.93333
5.93333
5.93333
5.93333
5.93332
5.93332
5.93332
5.93332
5.93332
5.93332
5.93332
5.93332
5.93332
5.93332
5.93332
5.93332
5.93332
5.93332
5.93332
5.93332
5.93332
5.93332
5.93332
5.93332
5.93332
5.93332
5.93332
5.93332
5.93332
5.93332
5.93332
5.93332
5.93332
5.93332
5.93333
5.93333
5.93333
5.93333
5.93333
5.93333
5.93333
5.93333
5.93333
5.93333
5.93333
5.93333
5.93333
5.93333
5.93333
5.93333
5.93333
5.93333
5.93333
5.93333
5.93333
5.93333
5.93333
5.93333
5.93333
5.93333
5.93333
5.93333
5.93333
5.93333
5.93333
5.93334
5.93334
5.93334
5.93334
5.93334
5.93334
5.93334
5.93333
5.93333
5.93334
5.93334
5.93334
5.93334
5.93334
5.93334
5.93334
5.93334
5.93333
5.93333
5.93334
5.93334
5.93334
5.93334
5.93334
5.93334
5.93334
5.93334
5.93334
5.93333
1.97777
1.97777
1.97777
1.97777
1.97777
1.97777
1.97777
1.97777
1.97777
1.97777
1.97776
1.97776
1.97776
1.97776
1.97776
1.97776
1.97776
1.97776
1.97776
1.97776
1.97776
1.97776
1.97776
1.97776
1.97776
1.97776
1.97776
1.97776
1.97776
1.97776
1.97776
1.97776
1.97776
1.97776
1.97776
1.97776
1.97776
1.97776
1.97776
1.97776
1.97777
1.97777
1.97777
1.97777
1.97777
1.97777
1.97777
1.97777
1.97777
1.97776
1.97776
1.97776
1.97776
1.97776
1.97776
1.97776
1.97776
1.97776
1.97776
1.97776
1.97776
1.97776
1.97776
1.97776
1.97776
1.97776
1.97776
1.97776
1.97776
1.97776
1.97776
1.97776
1.97776
1.97776
1.97776
1.97776
1.97776
1.97776
1.97776
1.97776
1.97776
1.97776
1.97776
1.97776
1.97776
1.97776
1.97776
1.97776
1.97776
1.97776
1.97776
1.97776
1.97776
1.97776
1.97776
1.97775
1.97776
1.97776
1.97776
1.97776
111.164
110.597
110.238
109.977
109.841
109.841
109.977
110.238
110.597
111.164
102.257
101.428
100.881
100.493
100.294
100.294
100.493
100.881
101.428
102.257
94.8602
93.9066
93.2819
92.8469
92.6237
92.6237
92.8469
93.2819
93.9066
94.8602
89.7514
88.7722
88.1393
87.7053
87.4829
87.4829
87.7053
88.1393
88.7722
89.7513
85.922
84.9517
84.3283
83.9093
83.6948
83.6948
83.9093
84.3283
84.9517
85.9219
82.8293
81.8883
81.2829
80.8862
80.6835
80.6835
80.8862
81.2829
81.8883
82.8293
80.2893
79.3982
78.8207
78.4526
78.2653
78.2653
78.4526
78.8207
79.3982
80.2892
78.1966
77.3782
76.8406
76.5064
76.3371
76.3371
76.5064
76.8406
77.3782
78.1966
76.4693
75.7401
75.2551
74.9594
74.8099
74.8099
74.9594
75.2551
75.7401
76.4693
75.1168
74.4016
73.9788
73.7222
73.5923
73.5923
73.7222
73.9787
74.4016
75.1167
75.6537
75.8206
76.0016
76.1241
76.1875
76.1875
76.1241
76.0016
75.8206
75.6537
76.0121
76.101
76.2206
76.2977
76.3371
76.3371
76.2977
76.2205
76.101
76.0121
75.9283
75.9208
75.9669
75.9917
76.0039
76.0039
75.9917
75.9669
75.9208
75.9282
75.4806
75.3851
75.3645
75.3438
75.3325
75.3325
75.3438
75.3645
75.3851
75.4805
74.8657
74.6988
74.6222
74.5653
74.5354
74.5354
74.5653
74.6222
74.6988
74.8657
74.1867
73.9665
73.8451
73.7616
73.7181
73.7181
73.7616
73.8451
73.9665
74.1866
73.495
73.2415
73.0883
72.9878
72.9358
72.9358
72.9878
73.0883
73.2415
73.495
72.8201
72.5561
72.3863
72.2783
72.2227
72.2227
72.2783
72.3863
72.5561
72.8201
72.1914
71.9339
71.7606
71.6527
71.5969
71.5969
71.6527
71.7606
71.9339
72.1913
71.6962
71.3768
71.2047
71.099
71.044
71.044
71.099
71.2047
71.3767
71.6962
70.6106
70.5939
70.5923
70.5871
70.5846
70.5846
70.5871
70.5923
70.5939
70.6106
70.9653
70.9446
70.9409
70.9331
70.929
70.929
70.9331
70.9409
70.9446
70.9653
71.2472
71.2073
71.1911
71.173
71.1634
71.1634
71.173
71.1911
71.2073
71.2472
71.2602
71.1873
71.1489
71.115
71.097
71.097
71.115
71.1489
71.1873
71.2602
71.0901
70.9829
70.9206
70.8711
70.8449
70.8449
70.8711
70.9206
70.9829
71.0901
70.826
70.6894
70.6053
70.5431
70.5103
70.5103
70.543
70.6053
70.6894
70.826
70.5141
70.356
70.2545
70.1833
70.146
70.146
70.1833
70.2545
70.356
70.5141
70.1797
70.0115
69.8993
69.8235
69.7841
69.7841
69.8235
69.8993
70.0115
70.1797
69.8505
69.6809
69.5634
69.4864
69.4463
69.4463
69.4864
69.5634
69.6809
69.8505
69.5864
69.3707
69.2487
69.1708
69.1304
69.1304
69.1708
69.2487
69.3706
69.5864
65.2696
65.2877
65.3107
65.3256
65.3335
65.3335
65.3256
65.3107
65.2877
65.2696
65.4421
65.4625
65.4882
65.5046
65.5133
65.5133
65.5046
65.4882
65.4625
65.4421
65.5795
65.5964
65.6205
65.6355
65.6433
65.6433
65.6355
65.6205
65.5964
65.5795
65.6324
65.6385
65.6552
65.6645
65.6693
65.6693
65.6645
65.6552
65.6385
65.6324
65.6206
65.6123
65.6183
65.6201
65.621
65.621
65.6201
65.6183
65.6123
65.6206
65.5652
65.5422
65.5368
65.531
65.5279
65.5279
65.531
65.5368
65.5422
65.5652
65.479
65.4432
65.4272
65.4148
65.4082
65.4082
65.4148
65.4272
65.4432
65.479
65.371
65.3269
65.3026
65.2853
65.276
65.276
65.2853
65.3026
65.3269
65.371
65.2555
65.2063
65.1751
65.1539
65.1425
65.1425
65.1539
65.1751
65.2063
65.2555
65.1677
65.0869
65.0463
65.0199
65.006
65.006
65.0199
65.0463
65.0869
65.1677
61.3558
61.3548
61.3555
61.355
61.3548
61.3548
61.355
61.3555
61.3548
61.3558
61.4326
61.4342
61.4373
61.4383
61.4389
61.4389
61.4383
61.4373
61.4342
61.4326
61.509
61.5112
61.5151
61.5165
61.5171
61.5171
61.5165
61.5151
61.5112
61.509
61.5569
61.5565
61.5589
61.5588
61.5587
61.5587
61.5588
61.5589
61.5565
61.5569
61.578
61.5731
61.5722
61.5697
61.5683
61.5683
61.5697
61.5722
61.5731
61.578
61.5783
61.5679
61.563
61.5578
61.5549
61.5549
61.5578
61.563
61.5679
61.5783
61.5623
61.5466
61.5376
61.5297
61.5254
61.5254
61.5297
61.5375
61.5466
61.5623
61.534
61.5143
61.5017
61.4918
61.4864
61.4864
61.4918
61.5017
61.5143
61.534
61.5004
61.4776
61.4615
61.4496
61.4432
61.4432
61.4496
61.4615
61.4776
61.5004
61.4769
61.4386
61.4173
61.4028
61.3951
61.3951
61.4028
61.4173
61.4386
61.4769
57.3099
57.3124
57.3155
57.3174
57.3184
57.3184
57.3174
57.3155
57.3124
57.3099
57.3397
57.3434
57.3476
57.3502
57.3516
57.3516
57.3502
57.3476
57.3434
57.3397
57.3684
57.3727
57.3776
57.3807
57.3823
57.3823
57.3807
57.3776
57.3727
57.3684
57.3881
57.3918
57.3965
57.3993
57.4008
57.4008
57.3993
57.3965
57.3918
57.3881
57.3989
57.401
57.4047
57.4067
57.4077
57.4077
57.4067
57.4046
57.401
57.3989
57.4018
57.4018
57.4039
57.4047
57.4051
57.4051
57.4047
57.4039
57.4018
57.4018
57.3977
57.3955
57.3958
57.3954
57.3951
57.3951
57.3954
57.3958
57.3955
57.3977
57.3878
57.3837
57.3823
57.3808
57.3799
57.3799
57.3808
57.3823
57.3837
57.3878
57.3751
57.3692
57.3658
57.363
57.3615
57.3614
57.363
57.3658
57.3692
57.3751
57.3669
57.3532
57.3464
57.3417
57.3392
57.3392
57.3417
57.3464
57.3532
57.3669
53.3882
53.3883
53.3885
53.3885
53.3885
53.3885
53.3885
53.3885
53.3883
53.3882
53.4002
53.4008
53.4016
53.4019
53.4021
53.4021
53.4019
53.4016
53.4008
53.4002
53.4136
53.4147
53.4159
53.4165
53.4168
53.4168
53.4165
53.4159
53.4147
53.4136
53.4246
53.4257
53.427
53.4276
53.428
53.428
53.4276
53.427
53.4257
53.4246
53.4327
53.4336
53.4347
53.4351
53.4353
53.4353
53.4351
53.4347
53.4336
53.4327
53.4381
53.4384
53.4391
53.4392
53.4392
53.4392
53.4392
53.4391
53.4384
53.4381
53.4409
53.4405
53.4407
53.4404
53.4402
53.4402
53.4404
53.4407
53.4405
53.4409
53.4415
53.4405
53.44
53.4393
53.4389
53.4389
53.4393
53.44
53.4405
53.4415
53.4411
53.4393
53.4381
53.4369
53.4362
53.4362
53.4369
53.4381
53.4393
53.4411
53.4423
53.4372
53.4346
53.4326
53.4315
53.4315
53.4326
53.4346
53.4372
53.4423
49.4304
49.4309
49.4314
49.4317
49.4319
49.4319
49.4317
49.4314
49.4309
49.4304
49.4349
49.4355
49.4362
49.4367
49.4369
49.4369
49.4367
49.4362
49.4355
49.4348
49.4396
49.4405
49.4414
49.442
49.4423
49.4423
49.442
49.4414
49.4405
49.4396
49.4436
49.4446
49.4456
49.4462
49.4465
49.4465
49.4462
49.4456
49.4446
49.4436
49.4468
49.4477
49.4486
49.4492
49.4495
49.4495
49.4492
49.4486
49.4477
49.4468
49.449
49.4497
49.4505
49.451
49.4512
49.4512
49.451
49.4505
49.4497
49.449
49.4502
49.4506
49.4512
49.4515
49.4517
49.4517
49.4515
49.4512
49.4506
49.4502
49.4504
49.4505
49.4509
49.451
49.4511
49.4511
49.451
49.4509
49.4505
49.4504
49.4501
49.4499
49.4499
49.4498
49.4497
49.4497
49.4498
49.4499
49.4499
49.4501
49.4505
49.4488
49.4481
49.4475
49.4472
49.4472
49.4475
49.4481
49.4488
49.4505
45.4844
45.4845
45.4845
45.4846
45.4846
45.4846
45.4846
45.4845
45.4845
45.4844
45.4861
45.4863
45.4864
45.4865
45.4865
45.4865
45.4865
45.4864
45.4863
45.4861
45.4882
45.4885
45.4887
45.4889
45.4889
45.4889
45.4889
45.4887
45.4885
45.4882
45.4903
45.4906
45.4909
45.4911
45.4912
45.4912
45.4911
45.4909
45.4906
45.4903
45.4921
45.4925
45.4928
45.493
45.4931
45.4931
45.493
45.4928
45.4925
45.4921
45.4937
45.4941
45.4944
45.4946
45.4947
45.4947
45.4946
45.4944
45.4941
45.4937
45.495
45.4953
45.4956
45.4958
45.4958
45.4958
45.4958
45.4956
45.4953
45.495
45.4961
45.4963
45.4965
45.4966
45.4967
45.4967
45.4966
45.4965
45.4963
45.4961
45.497
45.4971
45.4972
45.4972
45.4972
45.4972
45.4972
45.4972
45.4971
45.497
45.4981
45.4977
45.4975
45.4974
45.4973
45.4973
45.4974
45.4975
45.4977
45.4981
41.5301
41.5302
41.5303
41.5303
41.5304
41.5304
41.5303
41.5303
41.5302
41.5301
41.5307
41.5308
41.5309
41.531
41.531
41.531
41.531
41.5309
41.5308
41.5307
41.5314
41.5316
41.5317
41.5318
41.5319
41.5319
41.5318
41.5317
41.5316
41.5314
41.5321
41.5323
41.5325
41.5326
41.5327
41.5327
41.5326
41.5325
41.5323
41.5321
41.5328
41.533
41.5332
41.5334
41.5334
41.5334
41.5334
41.5332
41.533
41.5328
41.5334
41.5336
41.5338
41.534
41.534
41.534
41.534
41.5338
41.5336
41.5334
41.5339
41.5341
41.5343
41.5344
41.5345
41.5345
41.5344
41.5343
41.5341
41.5339
41.5343
41.5345
41.5346
41.5347
41.5348
41.5348
41.5347
41.5346
41.5345
41.5343
41.5346
41.5347
41.5349
41.5349
41.5349
41.5349
41.5349
41.5349
41.5347
41.5346
41.535
41.5349
41.5349
41.5349
41.5349
41.5349
41.5349
41.5349
41.5349
41.535
37.5768
37.5768
37.5768
37.5768
37.5768
37.5768
37.5768
37.5768
37.5768
37.5768
37.577
37.577
37.577
37.577
37.577
37.577
37.577
37.577
37.577
37.577
37.5773
37.5773
37.5774
37.5774
37.5774
37.5774
37.5774
37.5774
37.5773
37.5773
37.5776
37.5777
37.5778
37.5778
37.5778
37.5778
37.5778
37.5778
37.5777
37.5776
37.578
37.5781
37.5782
37.5782
37.5782
37.5782
37.5782
37.5782
37.5781
37.578
37.5784
37.5785
37.5786
37.5786
37.5786
37.5786
37.5786
37.5786
37.5785
37.5784
37.5787
37.5788
37.5789
37.579
37.579
37.579
37.579
37.5789
37.5788
37.5787
37.579
37.5792
37.5793
37.5793
37.5793
37.5793
37.5793
37.5793
37.5792
37.579
37.5794
37.5795
37.5796
37.5796
37.5796
37.5796
37.5796
37.5796
37.5795
37.5794
37.5797
37.5798
37.5798
37.5798
37.5798
37.5798
37.5798
37.5798
37.5798
37.5797
33.6216
33.6216
33.6216
33.6217
33.6217
33.6217
33.6217
33.6216
33.6216
33.6216
33.6217
33.6217
33.6217
33.6217
33.6217
33.6217
33.6217
33.6217
33.6217
33.6217
33.6218
33.6218
33.6218
33.6219
33.6219
33.6219
33.6219
33.6218
33.6218
33.6218
33.6219
33.6219
33.622
33.622
33.622
33.622
33.622
33.622
33.6219
33.6219
33.622
33.6221
33.6221
33.6221
33.6222
33.6222
33.6221
33.6221
33.6221
33.622
33.6222
33.6222
33.6223
33.6223
33.6223
33.6223
33.6223
33.6223
33.6222
33.6222
33.6223
33.6224
33.6224
33.6224
33.6225
33.6225
33.6224
33.6224
33.6224
33.6223
33.6224
33.6225
33.6225
33.6226
33.6226
33.6226
33.6226
33.6225
33.6225
33.6224
33.6225
33.6226
33.6226
33.6227
33.6227
33.6227
33.6227
33.6226
33.6226
33.6225
33.6227
33.6227
33.6227
33.6227
33.6227
33.6227
33.6227
33.6227
33.6227
33.6227
29.6665
29.6665
29.6665
29.6665
29.6665
29.6665
29.6665
29.6665
29.6665
29.6665
29.6665
29.6666
29.6666
29.6666
29.6666
29.6666
29.6666
29.6666
29.6666
29.6665
29.6666
29.6666
29.6666
29.6666
29.6666
29.6666
29.6666
29.6666
29.6666
29.6666
29.6666
29.6667
29.6667
29.6667
29.6667
29.6667
29.6667
29.6667
29.6667
29.6666
29.6667
29.6667
29.6667
29.6668
29.6668
29.6668
29.6668
29.6667
29.6667
29.6667
29.6668
29.6668
29.6668
29.6668
29.6669
29.6669
29.6668
29.6668
29.6668
29.6668
29.6669
29.6669
29.6669
29.6669
29.6669
29.6669
29.6669
29.6669
29.6669
29.6669
29.667
29.667
29.667
29.667
29.667
29.667
29.667
29.667
29.667
29.667
29.667
29.6671
29.6671
29.6671
29.6671
29.6671
29.6671
29.6671
29.6671
29.667
29.6671
29.6672
29.6672
29.6672
29.6672
29.6672
29.6672
29.6672
29.6672
29.6671
25.7111
25.7111
25.7111
25.7111
25.7111
25.7111
25.7111
25.7111
25.7111
25.7111
25.7111
25.7111
25.7111
25.7111
25.7111
25.7111
25.7111
25.7111
25.7111
25.7111
25.7111
25.7111
25.7111
25.7111
25.7111
25.7111
25.7111
25.7111
25.7111
25.7111
25.7111
25.7111
25.7111
25.7111
25.7111
25.7111
25.7111
25.7111
25.7111
25.7111
25.7111
25.7111
25.7111
25.7111
25.7111
25.7111
25.7111
25.7111
25.7111
25.7111
25.7111
25.7112
25.7112
25.7112
25.7112
25.7112
25.7112
25.7112
25.7112
25.7111
25.7112
25.7112
25.7112
25.7112
25.7112
25.7112
25.7112
25.7112
25.7112
25.7112
25.7112
25.7112
25.7112
25.7112
25.7112
25.7112
25.7112
25.7112
25.7112
25.7112
25.7112
25.7113
25.7113
25.7113
25.7113
25.7113
25.7113
25.7113
25.7113
25.7112
25.7113
25.7113
25.7113
25.7113
25.7113
25.7113
25.7113
25.7113
25.7113
25.7113
21.7556
21.7556
21.7556
21.7556
21.7556
21.7556
21.7556
21.7556
21.7556
21.7556
21.7556
21.7556
21.7556
21.7556
21.7556
21.7556
21.7556
21.7556
21.7556
21.7556
21.7556
21.7556
21.7556
21.7556
21.7556
21.7556
21.7556
21.7556
21.7556
21.7556
21.7556
21.7556
21.7556
21.7556
21.7556
21.7556
21.7556
21.7556
21.7556
21.7556
21.7556
21.7556
21.7556
21.7556
21.7556
21.7556
21.7556
21.7556
21.7556
21.7556
21.7556
21.7556
21.7556
21.7556
21.7556
21.7556
21.7556
21.7556
21.7556
21.7556
21.7556
21.7556
21.7557
21.7557
21.7557
21.7557
21.7557
21.7557
21.7556
21.7556
21.7557
21.7557
21.7557
21.7557
21.7557
21.7557
21.7557
21.7557
21.7557
21.7557
21.7557
21.7557
21.7557
21.7557
21.7557
21.7557
21.7557
21.7557
21.7557
21.7557
21.7557
21.7557
21.7557
21.7557
21.7557
21.7557
21.7557
21.7557
21.7557
21.7557
17.8
17.8
17.8
17.8
17.8
17.8
17.8
17.8
17.8
17.8
17.8
17.8
17.8
17.8
17.8
17.8
17.8
17.8
17.8
17.8
17.8
17.8
17.8
17.8
17.8
17.8
17.8
17.8
17.8
17.8
17.8
17.8
17.8
17.8
17.8
17.8
17.8
17.8
17.8
17.8
17.8
17.8
17.8
17.8
17.8
17.8
17.8
17.8
17.8
17.8
17.8
17.8
17.8
17.8
17.8
17.8
17.8
17.8
17.8
17.8
17.8
17.8001
17.8001
17.8001
17.8001
17.8001
17.8001
17.8001
17.8001
17.8
17.8001
17.8001
17.8001
17.8001
17.8001
17.8001
17.8001
17.8001
17.8001
17.8001
17.8001
17.8001
17.8001
17.8001
17.8001
17.8001
17.8001
17.8001
17.8001
17.8001
17.8001
17.8001
17.8001
17.8001
17.8001
17.8001
17.8001
17.8001
17.8001
17.8001
13.8445
13.8445
13.8445
13.8445
13.8445
13.8445
13.8445
13.8445
13.8445
13.8445
13.8445
13.8445
13.8445
13.8445
13.8445
13.8445
13.8445
13.8445
13.8445
13.8445
13.8445
13.8445
13.8445
13.8445
13.8445
13.8445
13.8445
13.8445
13.8445
13.8445
13.8445
13.8445
13.8445
13.8445
13.8445
13.8445
13.8445
13.8445
13.8445
13.8445
13.8445
13.8445
13.8445
13.8445
13.8445
13.8445
13.8445
13.8445
13.8445
13.8445
13.8445
13.8445
13.8445
13.8445
13.8445
13.8445
13.8445
13.8445
13.8445
13.8445
13.8445
13.8445
13.8445
13.8445
13.8445
13.8445
13.8445
13.8445
13.8445
13.8445
13.8445
13.8445
13.8445
13.8445
13.8445
13.8445
13.8445
13.8445
13.8445
13.8445
13.8445
13.8445
13.8445
13.8445
13.8445
13.8445
13.8445
13.8445
13.8445
13.8445
13.8445
13.8445
13.8445
13.8445
13.8445
13.8445
13.8445
13.8445
13.8445
13.8445
9.88891
9.88891
9.88891
9.88891
9.88891
9.88891
9.88891
9.88891
9.88891
9.88891
9.88891
9.88891
9.88891
9.88891
9.88891
9.88891
9.88891
9.88891
9.88891
9.88891
9.88891
9.88891
9.88891
9.88891
9.88891
9.88891
9.88891
9.88891
9.88891
9.88891
9.88891
9.88891
9.88891
9.88891
9.88891
9.88891
9.88891
9.88891
9.88891
9.88891
9.88891
9.88891
9.88891
9.88891
9.88891
9.88891
9.88891
9.88891
9.88891
9.88891
9.88891
9.88891
9.88891
9.88891
9.88891
9.88891
9.88891
9.88891
9.88891
9.88891
9.88891
9.88891
9.88891
9.88891
9.88891
9.88891
9.88891
9.88891
9.88891
9.88891
9.88891
9.88891
9.88891
9.88891
9.88891
9.88891
9.88891
9.88891
9.88891
9.88891
9.88891
9.88891
9.88891
9.88891
9.88891
9.88891
9.88891
9.88891
9.88891
9.88891
9.88891
9.88891
9.88891
9.88891
9.88891
9.88891
9.88891
9.88891
9.88891
9.88891
5.93333
5.93333
5.93333
5.93333
5.93333
5.93333
5.93333
5.93333
5.93333
5.93333
5.93332
5.93332
5.93332
5.93332
5.93332
5.93332
5.93332
5.93332
5.93332
5.93332
5.93332
5.93332
5.93332
5.93332
5.93332
5.93332
5.93332
5.93332
5.93332
5.93332
5.93332
5.93332
5.93332
5.93332
5.93332
5.93332
5.93332
5.93332
5.93332
5.93332
5.93333
5.93333
5.93333
5.93333
5.93333
5.93333
5.93333
5.93333
5.93333
5.93333
5.93333
5.93333
5.93333
5.93333
5.93333
5.93333
5.93333
5.93333
5.93333
5.93333
5.93333
5.93333
5.93333
5.93333
5.93333
5.93333
5.93333
5.93333
5.93333
5.93333
5.93333
5.93333
5.93333
5.93334
5.93334
5.93334
5.93334
5.93334
5.93334
5.93333
5.93333
5.93333
5.93334
5.93334
5.93334
5.93334
5.93334
5.93334
5.93334
5.93334
5.93333
5.93334
5.93334
5.93334
5.93334
5.93334
5.93334
5.93334
5.93334
5.93334
1.97777
1.97777
1.97777
1.97777
1.97777
1.97777
1.97777
1.97777
1.97777
1.97777
1.97776
1.97776
1.97776
1.97776
1.97776
1.97776
1.97776
1.97776
1.97776
1.97776
1.97776
1.97776
1.97776
1.97776
1.97776
1.97776
1.97776
1.97776
1.97776
1.97776
1.97776
1.97776
1.97776
1.97776
1.97776
1.97776
1.97776
1.97776
1.97776
1.97776
1.97776
1.97777
1.97777
1.97777
1.97777
1.97777
1.97777
1.97777
1.97777
1.97777
1.97776
1.97776
1.97776
1.97776
1.97776
1.97776
1.97776
1.97776
1.97776
1.97776
1.97776
1.97776
1.97776
1.97776
1.97776
1.97776
1.97776
1.97776
1.97776
1.97776
1.97776
1.97776
1.97776
1.97776
1.97776
1.97776
1.97776
1.97776
1.97776
1.97776
1.97776
1.97776
1.97776
1.97776
1.97776
1.97776
1.97776
1.97776
1.97776
1.97776
1.97776
1.97776
1.97776
1.97775
1.97775
1.97776
1.97776
1.97776
1.97776
1.97776
111.164
110.597
110.238
109.977
109.841
109.841
109.977
110.238
110.597
111.164
102.257
101.428
100.88
100.493
100.294
100.294
100.493
100.88
101.428
102.257
94.8602
93.9065
93.2818
92.8469
92.6237
92.6237
92.8469
93.2818
93.9065
94.8602
89.7513
88.7722
88.1393
87.7053
87.4829
87.4829
87.7053
88.1393
88.7722
89.7513
85.9219
84.9517
84.3283
83.9093
83.6948
83.6948
83.9093
84.3283
84.9517
85.9219
82.8293
81.8883
81.2829
80.8862
80.6835
80.6835
80.8862
81.2829
81.8883
82.8293
80.2892
79.3982
78.8207
78.4526
78.2653
78.2653
78.4526
78.8207
79.3982
80.2892
78.1966
77.3782
76.8406
76.5063
76.337
76.337
76.5063
76.8405
77.3782
78.1966
76.4693
75.7401
75.2551
74.9594
74.8098
74.8098
74.9594
75.2551
75.74
76.4693
75.1167
74.4016
73.9787
73.7222
73.5923
73.5923
73.7222
73.9787
74.4015
75.1167
75.6537
75.8206
76.0016
76.1241
76.1875
76.1875
76.1241
76.0016
75.8206
75.6537
76.0121
76.101
76.2205
76.2977
76.3371
76.3371
76.2977
76.2205
76.101
76.0121
75.9282
75.9208
75.9669
75.9917
76.0039
76.0039
75.9917
75.9669
75.9208
75.9282
75.4805
75.3851
75.3645
75.3437
75.3325
75.3325
75.3437
75.3645
75.385
75.4805
74.8657
74.6988
74.6221
74.5653
74.5354
74.5354
74.5653
74.6221
74.6987
74.8657
74.1866
73.9665
73.8451
73.7616
73.7181
73.7181
73.7616
73.8451
73.9665
74.1866
73.495
73.2415
73.0883
72.9878
72.9358
72.9358
72.9878
73.0883
73.2415
73.495
72.8201
72.5561
72.3863
72.2783
72.2227
72.2227
72.2783
72.3863
72.5561
72.82
72.1913
71.9339
71.7606
71.6527
71.5969
71.5969
71.6527
71.7606
71.9339
72.1913
71.6962
71.3767
71.2047
71.099
71.044
71.044
71.099
71.2047
71.3767
71.6962
70.6106
70.5939
70.5923
70.5871
70.5846
70.5846
70.5871
70.5923
70.5939
70.6106
70.9653
70.9446
70.9409
70.9331
70.929
70.929
70.9331
70.9409
70.9446
70.9653
71.2472
71.2073
71.1911
71.173
71.1634
71.1634
71.173
71.1911
71.2073
71.2472
71.2602
71.1873
71.1489
71.115
71.097
71.097
71.115
71.1489
71.1873
71.2602
71.0901
70.9829
70.9206
70.8711
70.8449
70.8449
70.8711
70.9206
70.9829
71.0901
70.826
70.6894
70.6053
70.543
70.5103
70.5103
70.543
70.6053
70.6894
70.826
70.5141
70.356
70.2545
70.1832
70.146
70.146
70.1832
70.2545
70.356
70.5141
70.1797
70.0115
69.8993
69.8235
69.784
69.784
69.8235
69.8993
70.0115
70.1797
69.8505
69.6809
69.5634
69.4864
69.4463
69.4463
69.4864
69.5634
69.6809
69.8505
69.5864
69.3706
69.2487
69.1708
69.1304
69.1304
69.1708
69.2486
69.3706
69.5864
65.2696
65.2877
65.3107
65.3256
65.3335
65.3335
65.3256
65.3106
65.2877
65.2696
65.4421
65.4625
65.4881
65.5046
65.5133
65.5133
65.5046
65.4881
65.4625
65.4421
65.5795
65.5964
65.6205
65.6355
65.6433
65.6433
65.6355
65.6205
65.5964
65.5794
65.6324
65.6385
65.6552
65.6645
65.6693
65.6693
65.6645
65.6552
65.6385
65.6324
65.6206
65.6123
65.6183
65.6201
65.621
65.621
65.6201
65.6183
65.6123
65.6206
65.5652
65.5422
65.5368
65.531
65.5278
65.5278
65.531
65.5368
65.5422
65.5652
65.479
65.4432
65.4272
65.4148
65.4082
65.4082
65.4148
65.4272
65.4432
65.4789
65.371
65.3269
65.3026
65.2853
65.276
65.276
65.2853
65.3026
65.3269
65.371
65.2555
65.2063
65.1751
65.1539
65.1425
65.1425
65.1538
65.1751
65.2063
65.2555
65.1677
65.0869
65.0463
65.0199
65.006
65.006
65.0199
65.0463
65.0869
65.1677
61.3558
61.3548
61.3555
61.355
61.3548
61.3548
61.355
61.3555
61.3548
61.3558
61.4326
61.4342
61.4373
61.4383
61.4389
61.4389
61.4383
61.4373
61.4342
61.4326
61.509
61.5112
61.5151
61.5165
61.5171
61.5171
61.5165
61.5151
61.5112
61.509
61.5569
61.5565
61.5589
61.5588
61.5587
61.5587
61.5588
61.5589
61.5565
61.5569
61.578
61.5731
61.5722
61.5697
61.5683
61.5683
61.5697
61.5722
61.5731
61.578
61.5783
61.5679
61.563
61.5578
61.5549
61.5549
61.5578
61.563
61.5679
61.5783
61.5623
61.5466
61.5375
61.5297
61.5254
61.5254
61.5297
61.5375
61.5466
61.5623
61.534
61.5143
61.5017
61.4918
61.4864
61.4864
61.4918
61.5017
61.5143
61.534
61.5004
61.4776
61.4615
61.4496
61.4432
61.4432
61.4496
61.4615
61.4776
61.5004
61.4769
61.4386
61.4173
61.4028
61.3951
61.3951
61.4028
61.4173
61.4386
61.4769
57.3099
57.3124
57.3155
57.3174
57.3184
57.3184
57.3174
57.3155
57.3124
57.3099
57.3397
57.3434
57.3476
57.3502
57.3516
57.3516
57.3502
57.3476
57.3434
57.3397
57.3684
57.3727
57.3776
57.3807
57.3823
57.3823
57.3807
57.3776
57.3727
57.3684
57.3881
57.3918
57.3965
57.3993
57.4008
57.4008
57.3993
57.3965
57.3918
57.3881
57.3989
57.401
57.4046
57.4066
57.4077
57.4077
57.4066
57.4046
57.401
57.3989
57.4018
57.4018
57.4039
57.4047
57.4051
57.4051
57.4047
57.4039
57.4018
57.4018
57.3977
57.3955
57.3958
57.3954
57.3951
57.3951
57.3954
57.3958
57.3955
57.3977
57.3878
57.3837
57.3823
57.3808
57.3799
57.3799
57.3808
57.3823
57.3837
57.3878
57.3751
57.3692
57.3658
57.363
57.3614
57.3614
57.363
57.3658
57.3692
57.3751
57.3669
57.3532
57.3464
57.3417
57.3392
57.3392
57.3417
57.3464
57.3532
57.3669
53.3882
53.3883
53.3885
53.3885
53.3885
53.3885
53.3885
53.3885
53.3883
53.3882
53.4002
53.4008
53.4016
53.4019
53.4021
53.4021
53.4019
53.4016
53.4008
53.4002
53.4136
53.4147
53.4159
53.4165
53.4168
53.4168
53.4165
53.4159
53.4147
53.4136
53.4246
53.4257
53.427
53.4276
53.428
53.428
53.4276
53.427
53.4257
53.4246
53.4327
53.4336
53.4347
53.4351
53.4353
53.4353
53.4351
53.4347
53.4335
53.4327
53.4381
53.4384
53.4391
53.4392
53.4392
53.4392
53.4392
53.4391
53.4384
53.4381
53.4409
53.4405
53.4407
53.4404
53.4402
53.4402
53.4404
53.4407
53.4405
53.4409
53.4415
53.4405
53.44
53.4393
53.4389
53.4389
53.4393
53.44
53.4405
53.4415
53.4411
53.4393
53.4381
53.4368
53.4362
53.4362
53.4368
53.4381
53.4393
53.4411
53.4423
53.4372
53.4345
53.4326
53.4315
53.4315
53.4326
53.4345
53.4372
53.4423
49.4304
49.4309
49.4314
49.4317
49.4319
49.4319
49.4317
49.4314
49.4309
49.4304
49.4348
49.4355
49.4362
49.4367
49.4369
49.4369
49.4367
49.4362
49.4355
49.4348
49.4396
49.4405
49.4414
49.442
49.4423
49.4423
49.442
49.4414
49.4405
49.4396
49.4436
49.4446
49.4456
49.4462
49.4465
49.4465
49.4462
49.4456
49.4446
49.4436
49.4468
49.4477
49.4486
49.4492
49.4495
49.4495
49.4492
49.4486
49.4477
49.4468
49.449
49.4497
49.4505
49.451
49.4512
49.4512
49.451
49.4505
49.4497
49.449
49.4502
49.4506
49.4512
49.4515
49.4517
49.4517
49.4515
49.4512
49.4506
49.4502
49.4504
49.4505
49.4509
49.451
49.4511
49.4511
49.451
49.4509
49.4505
49.4504
49.4501
49.4499
49.4499
49.4498
49.4497
49.4497
49.4498
49.4499
49.4499
49.4501
49.4505
49.4488
49.4481
49.4475
49.4472
49.4472
49.4475
49.4481
49.4488
49.4505
45.4844
45.4845
45.4845
45.4845
45.4846
45.4846
45.4845
45.4845
45.4845
45.4844
45.4861
45.4863
45.4864
45.4865
45.4865
45.4865
45.4865
45.4864
45.4863
45.4861
45.4882
45.4885
45.4887
45.4889
45.4889
45.4889
45.4889
45.4887
45.4885
45.4882
45.4903
45.4906
45.4909
45.4911
45.4912
45.4912
45.4911
45.4909
45.4906
45.4903
45.4921
45.4925
45.4928
45.493
45.4931
45.4931
45.493
45.4928
45.4925
45.4921
45.4937
45.4941
45.4944
45.4946
45.4947
45.4947
45.4946
45.4944
45.4941
45.4937
45.495
45.4953
45.4956
45.4958
45.4958
45.4958
45.4958
45.4956
45.4953
45.495
45.4961
45.4963
45.4965
45.4966
45.4967
45.4967
45.4966
45.4965
45.4963
45.4961
45.497
45.4971
45.4972
45.4972
45.4972
45.4972
45.4972
45.4972
45.4971
45.497
45.4981
45.4977
45.4975
45.4974
45.4973
45.4973
45.4974
45.4975
45.4977
45.4981
41.5301
41.5302
41.5303
41.5303
41.5304
41.5304
41.5303
41.5303
41.5302
41.5301
41.5307
41.5308
41.5309
41.531
41.531
41.531
41.531
41.5309
41.5308
41.5307
41.5314
41.5316
41.5317
41.5318
41.5319
41.5319
41.5318
41.5317
41.5316
41.5314
41.5321
41.5323
41.5325
41.5326
41.5327
41.5327
41.5326
41.5325
41.5323
41.5321
41.5328
41.533
41.5332
41.5334
41.5334
41.5334
41.5334
41.5332
41.533
41.5328
41.5334
41.5336
41.5338
41.534
41.534
41.534
41.534
41.5338
41.5336
41.5334
41.5339
41.5341
41.5343
41.5344
41.5345
41.5345
41.5344
41.5343
41.5341
41.5339
41.5343
41.5345
41.5346
41.5347
41.5348
41.5348
41.5347
41.5346
41.5345
41.5343
41.5346
41.5347
41.5349
41.5349
41.5349
41.5349
41.5349
41.5349
41.5347
41.5346
41.535
41.5349
41.5349
41.5349
41.5349
41.5349
41.5349
41.5349
41.5349
41.535
37.5768
37.5768
37.5768
37.5768
37.5768
37.5768
37.5768
37.5768
37.5768
37.5768
37.577
37.577
37.577
37.577
37.577
37.577
37.577
37.577
37.577
37.577
37.5773
37.5773
37.5774
37.5774
37.5774
37.5774
37.5774
37.5774
37.5773
37.5773
37.5776
37.5777
37.5778
37.5778
37.5778
37.5778
37.5778
37.5778
37.5777
37.5776
37.578
37.5781
37.5782
37.5782
37.5782
37.5782
37.5782
37.5782
37.5781
37.578
37.5784
37.5785
37.5786
37.5786
37.5786
37.5786
37.5786
37.5786
37.5785
37.5784
37.5787
37.5788
37.5789
37.579
37.579
37.579
37.579
37.5789
37.5788
37.5787
37.579
37.5792
37.5793
37.5793
37.5793
37.5793
37.5793
37.5793
37.5792
37.579
37.5794
37.5795
37.5796
37.5796
37.5796
37.5796
37.5796
37.5796
37.5795
37.5794
37.5797
37.5798
37.5798
37.5798
37.5798
37.5798
37.5798
37.5798
37.5798
37.5797
33.6216
33.6216
33.6216
33.6217
33.6217
33.6217
33.6217
33.6216
33.6216
33.6216
33.6217
33.6217
33.6217
33.6217
33.6217
33.6217
33.6217
33.6217
33.6217
33.6217
33.6218
33.6218
33.6218
33.6219
33.6219
33.6219
33.6219
33.6218
33.6218
33.6218
33.6219
33.6219
33.622
33.622
33.622
33.622
33.622
33.622
33.6219
33.6219
33.622
33.6221
33.6221
33.6221
33.6222
33.6222
33.6221
33.6221
33.6221
33.622
33.6222
33.6222
33.6223
33.6223
33.6223
33.6223
33.6223
33.6223
33.6222
33.6222
33.6223
33.6224
33.6224
33.6224
33.6225
33.6225
33.6224
33.6224
33.6224
33.6223
33.6224
33.6225
33.6225
33.6226
33.6226
33.6226
33.6226
33.6225
33.6225
33.6224
33.6225
33.6226
33.6226
33.6227
33.6227
33.6227
33.6227
33.6226
33.6226
33.6225
33.6227
33.6227
33.6227
33.6227
33.6227
33.6227
33.6227
33.6227
33.6227
33.6227
29.6665
29.6665
29.6665
29.6665
29.6665
29.6665
29.6665
29.6665
29.6665
29.6665
29.6665
29.6666
29.6666
29.6666
29.6666
29.6666
29.6666
29.6666
29.6666
29.6665
29.6666
29.6666
29.6666
29.6666
29.6666
29.6666
29.6666
29.6666
29.6666
29.6666
29.6666
29.6667
29.6667
29.6667
29.6667
29.6667
29.6667
29.6667
29.6667
29.6666
29.6667
29.6667
29.6667
29.6668
29.6668
29.6668
29.6668
29.6667
29.6667
29.6667
29.6668
29.6668
29.6668
29.6668
29.6669
29.6669
29.6668
29.6668
29.6668
29.6668
29.6669
29.6669
29.6669
29.6669
29.6669
29.6669
29.6669
29.6669
29.6669
29.6669
29.667
29.667
29.667
29.667
29.667
29.667
29.667
29.667
29.667
29.667
29.667
29.6671
29.6671
29.6671
29.6671
29.6671
29.6671
29.6671
29.6671
29.667
29.6671
29.6672
29.6672
29.6672
29.6672
29.6672
29.6672
29.6672
29.6672
29.6671
25.7111
25.7111
25.7111
25.7111
25.7111
25.7111
25.7111
25.7111
25.7111
25.7111
25.7111
25.7111
25.7111
25.7111
25.7111
25.7111
25.7111
25.7111
25.7111
25.7111
25.7111
25.7111
25.7111
25.7111
25.7111
25.7111
25.7111
25.7111
25.7111
25.7111
25.7111
25.7111
25.7111
25.7111
25.7111
25.7111
25.7111
25.7111
25.7111
25.7111
25.7111
25.7111
25.7111
25.7111
25.7111
25.7111
25.7111
25.7111
25.7111
25.7111
25.7111
25.7112
25.7112
25.7112
25.7112
25.7112
25.7112
25.7112
25.7112
25.7111
25.7112
25.7112
25.7112
25.7112
25.7112
25.7112
25.7112
25.7112
25.7112
25.7112
25.7112
25.7112
25.7112
25.7112
25.7112
25.7112
25.7112
25.7112
25.7112
25.7112
25.7112
25.7113
25.7113
25.7113
25.7113
25.7113
25.7113
25.7113
25.7113
25.7112
25.7113
25.7113
25.7113
25.7113
25.7113
25.7113
25.7113
25.7113
25.7113
25.7113
21.7556
21.7556
21.7556
21.7556
21.7556
21.7556
21.7556
21.7556
21.7556
21.7556
21.7556
21.7556
21.7556
21.7556
21.7556
21.7556
21.7556
21.7556
21.7556
21.7556
21.7556
21.7556
21.7556
21.7556
21.7556
21.7556
21.7556
21.7556
21.7556
21.7556
21.7556
21.7556
21.7556
21.7556
21.7556
21.7556
21.7556
21.7556
21.7556
21.7556
21.7556
21.7556
21.7556
21.7556
21.7556
21.7556
21.7556
21.7556
21.7556
21.7556
21.7556
21.7556
21.7556
21.7556
21.7556
21.7556
21.7556
21.7556
21.7556
21.7556
21.7556
21.7556
21.7557
21.7557
21.7557
21.7557
21.7557
21.7557
21.7556
21.7556
21.7557
21.7557
21.7557
21.7557
21.7557
21.7557
21.7557
21.7557
21.7557
21.7557
21.7557
21.7557
21.7557
21.7557
21.7557
21.7557
21.7557
21.7557
21.7557
21.7557
21.7557
21.7557
21.7557
21.7557
21.7557
21.7557
21.7557
21.7557
21.7557
21.7557
17.8
17.8
17.8
17.8
17.8
17.8
17.8
17.8
17.8
17.8
17.8
17.8
17.8
17.8
17.8
17.8
17.8
17.8
17.8
17.8
17.8
17.8
17.8
17.8
17.8
17.8
17.8
17.8
17.8
17.8
17.8
17.8
17.8
17.8
17.8
17.8
17.8
17.8
17.8
17.8
17.8
17.8
17.8
17.8
17.8
17.8
17.8
17.8
17.8
17.8
17.8
17.8
17.8
17.8
17.8
17.8
17.8
17.8
17.8
17.8
17.8
17.8001
17.8001
17.8001
17.8001
17.8001
17.8001
17.8001
17.8001
17.8
17.8001
17.8001
17.8001
17.8001
17.8001
17.8001
17.8001
17.8001
17.8001
17.8001
17.8001
17.8001
17.8001
17.8001
17.8001
17.8001
17.8001
17.8001
17.8001
17.8001
17.8001
17.8001
17.8001
17.8001
17.8001
17.8001
17.8001
17.8001
17.8001
17.8001
13.8445
13.8445
13.8445
13.8445
13.8445
13.8445
13.8445
13.8445
13.8445
13.8445
13.8445
13.8445
13.8445
13.8445
13.8445
13.8445
13.8445
13.8445
13.8445
13.8445
13.8445
13.8445
13.8445
13.8445
13.8445
13.8445
13.8445
13.8445
13.8445
13.8445
13.8445
13.8445
13.8445
13.8445
13.8445
13.8445
13.8445
13.8445
13.8445
13.8445
13.8445
13.8445
13.8445
13.8445
13.8445
13.8445
13.8445
13.8445
13.8445
13.8445
13.8445
13.8445
13.8445
13.8445
13.8445
13.8445
13.8445
13.8445
13.8445
13.8445
13.8445
13.8445
13.8445
13.8445
13.8445
13.8445
13.8445
13.8445
13.8445
13.8445
13.8445
13.8445
13.8445
13.8445
13.8445
13.8445
13.8445
13.8445
13.8445
13.8445
13.8445
13.8445
13.8445
13.8445
13.8445
13.8445
13.8445
13.8445
13.8445
13.8445
13.8445
13.8445
13.8445
13.8445
13.8445
13.8445
13.8445
13.8445
13.8445
13.8445
9.88891
9.88891
9.88891
9.88891
9.88891
9.88891
9.88891
9.88891
9.88891
9.88891
9.88891
9.88891
9.88891
9.88891
9.88891
9.88891
9.88891
9.88891
9.88891
9.88891
9.88891
9.88891
9.88891
9.88891
9.88891
9.88891
9.88891
9.88891
9.88891
9.88891
9.88891
9.88891
9.88891
9.88891
9.88891
9.88891
9.88891
9.88891
9.88891
9.88891
9.88891
9.88891
9.88891
9.88891
9.88891
9.88891
9.88891
9.88891
9.88891
9.88891
9.88891
9.88891
9.88891
9.88891
9.88891
9.88891
9.88891
9.88891
9.88891
9.88891
9.88891
9.88891
9.88891
9.88891
9.88891
9.88891
9.88891
9.88891
9.88891
9.88891
9.88891
9.88891
9.88891
9.88891
9.88891
9.88891
9.88891
9.88891
9.88891
9.88891
9.88891
9.88891
9.88891
9.88891
9.88891
9.88891
9.88891
9.88891
9.88891
9.88891
9.88891
9.88891
9.88891
9.88891
9.88891
9.88891
9.88891
9.88891
9.88891
9.88891
5.93333
5.93333
5.93333
5.93333
5.93333
5.93333
5.93333
5.93333
5.93333
5.93333
5.93332
5.93332
5.93332
5.93332
5.93332
5.93332
5.93332
5.93332
5.93332
5.93332
5.93332
5.93332
5.93332
5.93332
5.93332
5.93332
5.93332
5.93332
5.93332
5.93332
5.93332
5.93332
5.93332
5.93332
5.93332
5.93332
5.93332
5.93332
5.93332
5.93332
5.93333
5.93333
5.93333
5.93333
5.93333
5.93333
5.93333
5.93333
5.93333
5.93333
5.93333
5.93333
5.93333
5.93333
5.93333
5.93333
5.93333
5.93333
5.93333
5.93333
5.93333
5.93333
5.93333
5.93334
5.93334
5.93334
5.93334
5.93333
5.93333
5.93333
5.93333
5.93334
5.93334
5.93334
5.93334
5.93334
5.93334
5.93334
5.93334
5.93334
5.93334
5.93334
5.93334
5.93334
5.93334
5.93334
5.93334
5.93334
5.93334
5.93334
5.93334
5.93334
5.93334
5.93334
5.93334
5.93334
5.93334
5.93334
5.93334
5.93334
1.97777
1.97777
1.97777
1.97777
1.97777
1.97777
1.97777
1.97777
1.97777
1.97777
1.97776
1.97776
1.97776
1.97776
1.97776
1.97776
1.97776
1.97776
1.97776
1.97776
1.97776
1.97776
1.97776
1.97776
1.97776
1.97776
1.97776
1.97776
1.97776
1.97776
1.97776
1.97776
1.97776
1.97776
1.97776
1.97776
1.97776
1.97776
1.97776
1.97776
1.97777
1.97777
1.97777
1.97777
1.97777
1.97777
1.97777
1.97777
1.97777
1.97777
1.97776
1.97776
1.97776
1.97776
1.97776
1.97776
1.97776
1.97776
1.97776
1.97776
1.97776
1.97776
1.97776
1.97776
1.97776
1.97776
1.97776
1.97776
1.97776
1.97776
1.97776
1.97776
1.97776
1.97776
1.97776
1.97776
1.97776
1.97776
1.97776
1.97776
1.97776
1.97776
1.97776
1.97776
1.97776
1.97776
1.97776
1.97776
1.97776
1.97776
1.97776
1.97776
1.97776
1.97776
1.97776
1.97776
1.97776
1.97776
1.97776
1.97776
74.1823
73.5327
73.1216
72.8606
72.7313
72.7313
72.8606
73.1216
73.5328
74.1824
73.5327
72.9769
72.5616
72.2857
72.1491
72.1491
72.2857
72.5616
72.9769
73.5328
73.1216
72.5616
72.1303
71.844
71.7029
71.7029
71.844
72.1303
72.5616
73.1216
72.8606
72.2857
71.844
71.5529
71.4098
71.4098
71.5529
71.844
72.2857
72.8607
72.7313
72.1491
71.7029
71.4098
71.2659
71.2659
71.4098
71.7029
72.1491
72.7314
72.7313
72.1491
71.7029
71.4098
71.2659
71.2659
71.4098
71.7029
72.1491
72.7314
72.8607
72.2857
71.844
71.5529
71.4098
71.4098
71.5529
71.844
72.2858
72.8607
73.1216
72.5616
72.1303
71.844
71.7029
71.7029
71.844
72.1304
72.5616
73.1216
73.5328
72.9769
72.5616
72.2857
72.1491
72.1491
72.2858
72.5616
72.9769
73.5328
74.1824
73.5328
73.1216
72.8607
72.7314
72.7314
72.8607
73.1216
73.5328
74.1824
71.2321
70.9611
70.7974
70.6901
70.6357
70.6357
70.6902
70.7974
70.9611
71.2321
70.9611
70.738
70.5555
70.4294
70.3663
70.3663
70.4294
70.5555
70.738
70.9611
70.7974
70.5555
70.3521
70.2135
70.1448
70.1448
70.2135
70.3521
70.5555
70.7974
70.6901
70.4294
70.2135
70.068
69.9962
69.9962
70.068
70.2135
70.4295
70.6902
70.6357
70.3663
70.1448
69.9962
69.9229
69.9229
69.9962
70.1448
70.3663
70.6357
70.6357
70.3663
70.1448
69.9962
69.9229
69.9229
69.9962
70.1448
70.3663
70.6357
70.6902
70.4294
70.2135
70.068
69.9962
69.9962
70.068
70.2135
70.4295
70.6902
70.7974
70.5555
70.3521
70.2135
70.1448
70.1448
70.2135
70.3521
70.5555
70.7974
70.9611
70.738
70.5555
70.4295
70.3663
70.3663
70.4295
70.5555
70.7381
70.9611
71.2321
70.9611
70.7974
70.6902
70.6357
70.6357
70.6902
70.7974
70.9611
71.2321
69.2455
69.0883
68.9889
68.9207
68.8856
68.8856
68.9207
68.9889
69.0883
69.2455
69.0883
68.9552
68.839
68.7564
68.7146
68.7146
68.7564
68.839
68.9552
69.0883
68.9889
68.839
68.7059
68.6135
68.5674
68.5674
68.6135
68.7059
68.839
68.9889
68.9207
68.7564
68.6135
68.5158
68.4674
68.4674
68.5158
68.6135
68.7564
68.9207
68.8856
68.7146
68.5674
68.4674
68.4177
68.4177
68.4674
68.5674
68.7146
68.8856
68.8856
68.7146
68.5674
68.4674
68.4177
68.4177
68.4674
68.5674
68.7146
68.8856
68.9207
68.7564
68.6135
68.5158
68.4674
68.4674
68.5159
68.6135
68.7564
68.9207
68.9889
68.839
68.7059
68.6135
68.5674
68.5674
68.6135
68.7059
68.839
68.9889
69.0883
68.9552
68.839
68.7564
68.7146
68.7146
68.7564
68.839
68.9552
69.0883
69.2455
69.0883
68.9889
68.9207
68.8856
68.8856
68.9207
68.9889
69.0883
69.2456
65.0018
64.9557
64.9278
64.907
64.896
64.896
64.907
64.9278
64.9558
65.0018
64.9557
64.9149
64.8736
64.8428
64.8272
64.8272
64.8428
64.8736
64.9149
64.9558
64.9278
64.8736
64.8216
64.7847
64.7663
64.7663
64.7847
64.8216
64.8736
64.9278
64.907
64.8428
64.7847
64.7446
64.7246
64.7246
64.7446
64.7847
64.8428
64.907
64.896
64.8272
64.7663
64.7246
64.7039
64.7039
64.7246
64.7663
64.8272
64.896
64.896
64.8272
64.7663
64.7246
64.7039
64.7039
64.7246
64.7663
64.8272
64.896
64.907
64.8428
64.7847
64.7446
64.7246
64.7246
64.7446
64.7847
64.8428
64.907
64.9278
64.8736
64.8216
64.7847
64.7663
64.7663
64.7847
64.8216
64.8736
64.9278
64.9558
64.9149
64.8736
64.8428
64.8272
64.8272
64.8428
64.8736
64.9149
64.9558
65.0018
64.9558
64.9278
64.907
64.896
64.896
64.907
64.9278
64.9558
65.0018
61.3943
61.3782
61.3673
61.3584
61.3537
61.3537
61.3584
61.3673
61.3782
61.3943
61.3782
61.3636
61.3462
61.3325
61.3254
61.3254
61.3325
61.3462
61.3636
61.3782
61.3673
61.3462
61.3233
61.3066
61.2982
61.2982
61.3066
61.3233
61.3462
61.3673
61.3584
61.3325
61.3066
61.2883
61.2791
61.2791
61.2883
61.3066
61.3325
61.3584
61.3537
61.3254
61.2982
61.2791
61.2696
61.2696
61.2791
61.2982
61.3254
61.3537
61.3537
61.3254
61.2982
61.2791
61.2696
61.2696
61.2791
61.2982
61.3254
61.3537
61.3584
61.3325
61.3066
61.2883
61.2791
61.2791
61.2883
61.3066
61.3325
61.3584
61.3673
61.3462
61.3233
61.3066
61.2982
61.2982
61.3066
61.3233
61.3462
61.3673
61.3782
61.3636
61.3462
61.3325
61.3254
61.3254
61.3325
61.3462
61.3636
61.3782
61.3943
61.3782
61.3673
61.3584
61.3537
61.3537
61.3584
61.3673
61.3782
61.3943
57.3284
57.325
57.3229
57.3206
57.3194
57.3194
57.3206
57.3229
57.325
57.3284
57.325
57.3211
57.3151
57.3102
57.3077
57.3077
57.3102
57.3151
57.3211
57.325
57.3229
57.3151
57.3064
57.2999
57.2967
57.2967
57.2999
57.3064
57.3151
57.3229
57.3206
57.3102
57.2999
57.2926
57.289
57.289
57.2926
57.2999
57.3102
57.3206
57.3194
57.3077
57.2967
57.289
57.2851
57.2851
57.289
57.2967
57.3077
57.3194
57.3194
57.3077
57.2967
57.289
57.2851
57.2851
57.289
57.2967
57.3077
57.3194
57.3206
57.3102
57.2999
57.2926
57.289
57.289
57.2926
57.2999
57.3102
57.3206
57.3229
57.3151
57.3064
57.2999
57.2967
57.2967
57.2999
57.3064
57.3151
57.3229
57.325
57.3211
57.3151
57.3102
57.3077
57.3077
57.3102
57.3151
57.3211
57.325
57.3284
57.325
57.3229
57.3206
57.3194
57.3194
57.3206
57.3229
57.325
57.3284
53.4271
53.4274
53.4274
53.427
53.4267
53.4267
53.427
53.4274
53.4274
53.4271
53.4274
53.4274
53.4259
53.4245
53.4237
53.4237
53.4245
53.4259
53.4274
53.4274
53.4274
53.4259
53.4233
53.4213
53.4203
53.4203
53.4213
53.4234
53.4259
53.4274
53.427
53.4245
53.4213
53.419
53.4178
53.4178
53.419
53.4213
53.4245
53.427
53.4267
53.4237
53.4203
53.4178
53.4165
53.4165
53.4178
53.4203
53.4237
53.4267
53.4267
53.4237
53.4203
53.4178
53.4165
53.4165
53.4178
53.4203
53.4237
53.4267
53.427
53.4245
53.4213
53.419
53.4178
53.4178
53.419
53.4213
53.4245
53.427
53.4274
53.4259
53.4234
53.4213
53.4203
53.4203
53.4213
53.4234
53.4259
53.4274
53.4274
53.4274
53.4259
53.4245
53.4237
53.4237
53.4245
53.4259
53.4274
53.4274
53.4271
53.4274
53.4274
53.427
53.4267
53.4267
53.427
53.4274
53.4274
53.4272
49.4438
49.4443
49.4446
49.4447
49.4447
49.4447
49.4447
49.4446
49.4443
49.4438
49.4443
49.4445
49.4441
49.4436
49.4434
49.4434
49.4436
49.4441
49.4445
49.4443
49.4446
49.4441
49.4431
49.4424
49.442
49.442
49.4424
49.4431
49.4441
49.4446
49.4447
49.4436
49.4424
49.4415
49.441
49.441
49.4415
49.4424
49.4436
49.4447
49.4447
49.4434
49.442
49.441
49.4405
49.4405
49.441
49.442
49.4434
49.4447
49.4447
49.4434
49.442
49.441
49.4405
49.4405
49.441
49.442
49.4434
49.4447
49.4447
49.4436
49.4424
49.4415
49.441
49.441
49.4415
49.4424
49.4436
49.4447
49.4446
49.4441
49.4431
49.4424
49.442
49.442
49.4424
49.4431
49.4441
49.4446
49.4443
49.4445
49.4441
49.4436
49.4434
49.4434
49.4436
49.4441
49.4445
49.4443
49.4438
49.4443
49.4446
49.4447
49.4447
49.4447
49.4447
49.4446
49.4443
49.4438
45.496
45.4965
45.4969
45.4971
45.4972
45.4972
45.4971
45.4969
45.4965
45.496
45.4965
45.4971
45.4972
45.4972
45.4972
45.4972
45.4972
45.4972
45.4971
45.4965
45.4969
45.4972
45.4971
45.497
45.497
45.497
45.497
45.4971
45.4972
45.4969
45.4971
45.4972
45.497
45.4969
45.4969
45.4969
45.4969
45.497
45.4972
45.4971
45.4972
45.4972
45.497
45.4969
45.4968
45.4968
45.4969
45.497
45.4972
45.4972
45.4972
45.4972
45.497
45.4969
45.4968
45.4968
45.4969
45.497
45.4972
45.4972
45.4971
45.4972
45.497
45.4969
45.4969
45.4969
45.4969
45.497
45.4972
45.4971
45.4969
45.4972
45.4971
45.497
45.497
45.497
45.497
45.4971
45.4972
45.4969
45.4965
45.4971
45.4972
45.4972
45.4972
45.4972
45.4972
45.4972
45.4971
45.4965
45.496
45.4965
45.4969
45.4971
45.4972
45.4972
45.4971
45.4969
45.4965
45.496
41.5341
41.5344
41.5346
41.5347
41.5347
41.5347
41.5347
41.5346
41.5344
41.5341
41.5344
41.5346
41.5347
41.5347
41.5347
41.5347
41.5347
41.5347
41.5346
41.5344
41.5346
41.5347
41.5347
41.5347
41.5347
41.5347
41.5347
41.5347
41.5347
41.5346
41.5347
41.5347
41.5347
41.5346
41.5346
41.5346
41.5346
41.5347
41.5347
41.5347
41.5347
41.5347
41.5347
41.5346
41.5346
41.5346
41.5346
41.5347
41.5347
41.5347
41.5347
41.5347
41.5347
41.5346
41.5346
41.5346
41.5346
41.5347
41.5347
41.5347
41.5347
41.5347
41.5347
41.5346
41.5346
41.5346
41.5346
41.5347
41.5347
41.5347
41.5346
41.5347
41.5347
41.5347
41.5347
41.5347
41.5347
41.5347
41.5347
41.5346
41.5344
41.5346
41.5347
41.5347
41.5347
41.5347
41.5347
41.5347
41.5346
41.5344
41.5341
41.5344
41.5346
41.5347
41.5347
41.5347
41.5347
41.5346
41.5344
41.5341
37.5795
37.5797
37.5798
37.5799
37.5799
37.5799
37.5799
37.5798
37.5797
37.5795
37.5797
37.5799
37.58
37.58
37.5801
37.5801
37.58
37.58
37.5799
37.5797
37.5798
37.58
37.5801
37.5801
37.5801
37.5801
37.5801
37.5801
37.58
37.5798
37.5799
37.58
37.5801
37.5802
37.5802
37.5802
37.5802
37.5801
37.58
37.5799
37.5799
37.5801
37.5801
37.5802
37.5802
37.5802
37.5802
37.5801
37.5801
37.5799
37.5799
37.5801
37.5801
37.5802
37.5802
37.5802
37.5802
37.5801
37.5801
37.5799
37.5799
37.58
37.5801
37.5802
37.5802
37.5802
37.5802
37.5801
37.58
37.5799
37.5798
37.58
37.5801
37.5801
37.5801
37.5801
37.5801
37.5801
37.58
37.5798
37.5797
37.5799
37.58
37.58
37.5801
37.5801
37.58
37.58
37.5799
37.5797
37.5795
37.5797
37.5798
37.5799
37.5799
37.5799
37.5799
37.5798
37.5797
37.5795
33.6226
33.6227
33.6227
33.6228
33.6228
33.6228
33.6228
33.6227
33.6227
33.6226
33.6227
33.6228
33.6228
33.6228
33.6228
33.6228
33.6228
33.6228
33.6228
33.6227
33.6227
33.6228
33.6228
33.6229
33.6229
33.6229
33.6229
33.6228
33.6228
33.6227
33.6228
33.6228
33.6229
33.6229
33.6229
33.6229
33.6229
33.6229
33.6228
33.6228
33.6228
33.6228
33.6229
33.6229
33.6229
33.6229
33.6229
33.6229
33.6228
33.6228
33.6228
33.6228
33.6229
33.6229
33.6229
33.6229
33.6229
33.6229
33.6228
33.6228
33.6228
33.6228
33.6229
33.6229
33.6229
33.6229
33.6229
33.6229
33.6228
33.6228
33.6227
33.6228
33.6228
33.6229
33.6229
33.6229
33.6229
33.6228
33.6228
33.6227
33.6227
33.6228
33.6228
33.6228
33.6228
33.6228
33.6228
33.6228
33.6228
33.6227
33.6226
33.6227
33.6227
33.6228
33.6228
33.6228
33.6228
33.6227
33.6227
33.6226
29.6671
29.6672
29.6672
29.6672
29.6672
29.6672
29.6672
29.6672
29.6672
29.6671
29.6672
29.6672
29.6673
29.6673
29.6673
29.6673
29.6673
29.6673
29.6672
29.6672
29.6672
29.6673
29.6673
29.6673
29.6673
29.6673
29.6673
29.6673
29.6673
29.6672
29.6672
29.6673
29.6673
29.6673
29.6673
29.6673
29.6673
29.6673
29.6673
29.6672
29.6672
29.6673
29.6673
29.6673
29.6673
29.6673
29.6673
29.6673
29.6673
29.6672
29.6672
29.6673
29.6673
29.6673
29.6673
29.6673
29.6673
29.6673
29.6673
29.6672
29.6672
29.6673
29.6673
29.6673
29.6673
29.6673
29.6673
29.6673
29.6673
29.6672
29.6672
29.6673
29.6673
29.6673
29.6673
29.6673
29.6673
29.6673
29.6673
29.6672
29.6672
29.6672
29.6673
29.6673
29.6673
29.6673
29.6673
29.6673
29.6672
29.6672
29.6671
29.6672
29.6672
29.6672
29.6672
29.6672
29.6672
29.6672
29.6672
29.6671
25.7113
25.7113
25.7113
25.7113
25.7113
25.7113
25.7113
25.7113
25.7113
25.7113
25.7113
25.7113
25.7113
25.7113
25.7113
25.7113
25.7113
25.7113
25.7113
25.7113
25.7113
25.7113
25.7113
25.7113
25.7113
25.7113
25.7113
25.7113
25.7113
25.7113
25.7113
25.7113
25.7113
25.7114
25.7114
25.7114
25.7114
25.7113
25.7113
25.7113
25.7113
25.7113
25.7113
25.7114
25.7114
25.7114
25.7114
25.7113
25.7113
25.7113
25.7113
25.7113
25.7113
25.7114
25.7114
25.7114
25.7114
25.7113
25.7113
25.7113
25.7113
25.7113
25.7113
25.7114
25.7114
25.7114
25.7114
25.7113
25.7113
25.7113
25.7113
25.7113
25.7113
25.7113
25.7113
25.7113
25.7113
25.7113
25.7113
25.7113
25.7113
25.7113
25.7113
25.7113
25.7113
25.7113
25.7113
25.7113
25.7113
25.7113
25.7113
25.7113
25.7113
25.7113
25.7113
25.7113
25.7113
25.7113
25.7113
25.7113
21.7557
21.7557
21.7557
21.7557
21.7557
21.7557
21.7557
21.7557
21.7557
21.7557
21.7557
21.7557
21.7557
21.7557
21.7557
21.7557
21.7557
21.7557
21.7557
21.7557
21.7557
21.7557
21.7557
21.7557
21.7558
21.7558
21.7557
21.7557
21.7557
21.7557
21.7557
21.7557
21.7557
21.7558
21.7558
21.7558
21.7558
21.7557
21.7557
21.7557
21.7557
21.7557
21.7558
21.7558
21.7558
21.7558
21.7558
21.7558
21.7557
21.7557
21.7557
21.7557
21.7558
21.7558
21.7558
21.7558
21.7558
21.7558
21.7557
21.7557
21.7557
21.7557
21.7557
21.7558
21.7558
21.7558
21.7558
21.7557
21.7557
21.7557
21.7557
21.7557
21.7557
21.7557
21.7558
21.7558
21.7557
21.7557
21.7557
21.7557
21.7557
21.7557
21.7557
21.7557
21.7557
21.7557
21.7557
21.7557
21.7557
21.7557
21.7557
21.7557
21.7557
21.7557
21.7557
21.7557
21.7557
21.7557
21.7557
21.7557
17.8001
17.8001
17.8001
17.8001
17.8001
17.8001
17.8001
17.8001
17.8001
17.8001
17.8001
17.8001
17.8001
17.8001
17.8001
17.8001
17.8001
17.8001
17.8001
17.8001
17.8001
17.8001
17.8001
17.8001
17.8001
17.8001
17.8001
17.8001
17.8001
17.8001
17.8001
17.8001
17.8001
17.8001
17.8001
17.8001
17.8001
17.8001
17.8001
17.8001
17.8001
17.8001
17.8001
17.8001
17.8001
17.8001
17.8001
17.8001
17.8001
17.8001
17.8001
17.8001
17.8001
17.8001
17.8001
17.8001
17.8001
17.8001
17.8001
17.8001
17.8001
17.8001
17.8001
17.8001
17.8001
17.8001
17.8001
17.8001
17.8001
17.8001
17.8001
17.8001
17.8001
17.8001
17.8001
17.8001
17.8001
17.8001
17.8001
17.8001
17.8001
17.8001
17.8001
17.8001
17.8001
17.8001
17.8001
17.8001
17.8001
17.8001
17.8001
17.8001
17.8001
17.8001
17.8001
17.8001
17.8001
17.8001
17.8001
17.8001
13.8445
13.8445
13.8445
13.8445
13.8445
13.8445
13.8445
13.8445
13.8445
13.8445
13.8445
13.8445
13.8445
13.8445
13.8445
13.8445
13.8445
13.8445
13.8445
13.8445
13.8445
13.8445
13.8445
13.8445
13.8445
13.8445
13.8445
13.8445
13.8445
13.8445
13.8445
13.8445
13.8445
13.8445
13.8445
13.8445
13.8445
13.8445
13.8445
13.8445
13.8445
13.8445
13.8445
13.8445
13.8445
13.8445
13.8445
13.8445
13.8445
13.8445
13.8445
13.8445
13.8445
13.8445
13.8445
13.8445
13.8445
13.8445
13.8445
13.8445
13.8445
13.8445
13.8445
13.8445
13.8445
13.8445
13.8445
13.8445
13.8445
13.8445
13.8445
13.8445
13.8445
13.8445
13.8445
13.8445
13.8445
13.8445
13.8445
13.8445
13.8445
13.8445
13.8445
13.8445
13.8445
13.8445
13.8445
13.8445
13.8445
13.8445
13.8445
13.8445
13.8445
13.8445
13.8445
13.8445
13.8445
13.8445
13.8445
13.8445
9.88891
9.88891
9.88891
9.88891
9.88891
9.88891
9.88891
9.88891
9.88891
9.88891
9.88891
9.88891
9.88891
9.88891
9.88891
9.88891
9.88891
9.88891
9.88891
9.88891
9.88891
9.88891
9.88891
9.88891
9.88891
9.88891
9.88891
9.88891
9.88891
9.88891
9.88891
9.88891
9.88891
9.88891
9.88891
9.88891
9.88891
9.88891
9.88891
9.88891
9.88891
9.88891
9.88891
9.88891
9.88891
9.88891
9.88891
9.88891
9.88891
9.88891
9.88891
9.88891
9.88891
9.88891
9.88891
9.88891
9.88891
9.88891
9.88891
9.88891
9.88891
9.88891
9.88891
9.88891
9.88891
9.88891
9.88891
9.88891
9.88891
9.88891
9.88891
9.88891
9.88891
9.88891
9.88891
9.88891
9.88891
9.88891
9.88891
9.88891
9.88891
9.88891
9.88891
9.88891
9.88891
9.88891
9.88891
9.88891
9.88891
9.88891
9.88891
9.88891
9.88891
9.88891
9.88891
9.88891
9.88891
9.88891
9.88891
9.88891
5.93334
5.93334
5.93334
5.93334
5.93334
5.93334
5.93334
5.93334
5.93334
5.93334
5.93334
5.93334
5.93334
5.93334
5.93334
5.93334
5.93334
5.93334
5.93334
5.93334
5.93334
5.93334
5.93334
5.93334
5.93334
5.93334
5.93334
5.93334
5.93334
5.93334
5.93334
5.93334
5.93334
5.93334
5.93334
5.93334
5.93334
5.93334
5.93334
5.93334
5.93334
5.93334
5.93334
5.93334
5.93334
5.93334
5.93334
5.93334
5.93334
5.93334
5.93334
5.93334
5.93334
5.93334
5.93334
5.93334
5.93334
5.93334
5.93334
5.93334
5.93334
5.93334
5.93334
5.93334
5.93334
5.93334
5.93334
5.93334
5.93334
5.93334
5.93334
5.93334
5.93334
5.93334
5.93334
5.93334
5.93334
5.93333
5.93333
5.93333
5.93334
5.93334
5.93334
5.93334
5.93334
5.93334
5.93333
5.93333
5.93333
5.93333
5.93334
5.93334
5.93334
5.93334
5.93334
5.93334
5.93334
5.93333
5.93333
5.93333
1.97775
1.97775
1.97775
1.97775
1.97775
1.97775
1.97775
1.97775
1.97775
1.97775
1.97775
1.97775
1.97775
1.97775
1.97775
1.97775
1.97775
1.97775
1.97775
1.97775
1.97775
1.97775
1.97775
1.97775
1.97775
1.97775
1.97775
1.97775
1.97775
1.97775
1.97775
1.97775
1.97775
1.97775
1.97775
1.97775
1.97775
1.97775
1.97775
1.97775
1.97775
1.97775
1.97775
1.97775
1.97775
1.97775
1.97775
1.97775
1.97775
1.97775
1.97775
1.97775
1.97775
1.97775
1.97775
1.97775
1.97775
1.97775
1.97775
1.97775
1.97775
1.97775
1.97775
1.97775
1.97775
1.97775
1.97775
1.97775
1.97775
1.97775
1.97775
1.97775
1.97775
1.97775
1.97775
1.97775
1.97775
1.97775
1.97775
1.97775
1.97775
1.97775
1.97775
1.97775
1.97775
1.97775
1.97775
1.97775
1.97775
1.97775
1.97775
1.97775
1.97775
1.97775
1.97775
1.97775
1.97775
1.97775
1.97775
1.97775
)
;

boundaryField
{
    fixedWalls
    {
        type            zeroGradient;
    }
    inlet
    {
        type            fixedGradient;
        gradient        uniform 0;
    }
    outlet
    {
        type            fixedValue;
        value           uniform 0;
    }
}


// ************************************************************************* //
